0 Slope Brick Curved  2 x  1 with  9 Blue Lines Pattern
0 Name: 11477pz0.dat
0 Author: Gerald Lasser [GeraldLasser]
0 !LDRAW_ORG Unofficial_Part
0 !LICENSE Redistributable under CCAL version 2.0 : see CAreadme.txt

0 BFC CERTIFY CCW

0 !KEYWORDS 11477pb056, Set 41620, Brickheadz, Stormtrooper

1 16 0 0 0 1 0 0 0 1 0 0 0 1 s\11477s01.dat

4 16 -3.4 -15.6524 12.616 3.4 -15.6524 12.616 3.4 -15.76464 15 -3.4 -15.76464 15
4 1 -3.4 -15.8235 16.25 -3.4 -15.76464 15 3.4 -15.76464 15 3.4 -15.8235 16.25
4 16 -3.4 -15.8235 16.25 3.4 -15.8235 16.25 10 -16.00006 20 -10 -16.00006 20
4 16 -3.4 -15.76464 15 -3.4 -15.8235 16.25 -10 -16.00006 20 -10 -15.6524 12.616
3 16 -3.4 -15.76464 15 -10 -15.6524 12.616 -3.4 -15.6524 12.616
4 16 3.4 -15.76464 15 3.4 -15.6524 12.616 10 -15.6524 12.616 10 -16.00006 20
3 16 10 -16.00006 20 3.4 -15.8235 16.25 3.4 -15.76464 15
4 16 3.4 -14.91293 7.5 -3.4 -14.91293 7.5 -3.4 -14.60362 5.36 3.4 -14.60362 5.36
4 1 -3.4 -15.09361 8.75 -3.4 -14.91293 7.5 3.4 -14.91293 7.5 3.4 -15.09361 8.75
4 16 -3.4 -15.45496 11.25 -3.4 -15.09361 8.75 3.4 -15.09361 8.75 3.4 -15.45496 11.25
4 1 -3.4 -15.63563 12.5 -3.4 -15.45496 11.25 3.4 -15.45496 11.25 3.4 -15.63563 12.5
4 16 -3.4 -15.6524 12.616 -3.4 -15.63563 12.5 3.4 -15.63563 12.5 3.4 -15.6524 12.616
3 16 -3.4 -15.6524 12.616 -10 -15.6524 12.616 -3.4 -15.63563 12.5
3 16 -10 -15.6524 12.616 -3.4 -15.45496 11.25 -3.4 -15.63563 12.5
4 16 -3.4 -15.09361 8.75 -3.4 -15.45496 11.25 -10 -15.6524 12.616 -10 -14.60362 5.36
3 16 -3.4 -15.09361 8.75 -10 -14.60362 5.36 -3.4 -14.91293 7.5
3 16 -3.4 -14.91293 7.5 -10 -14.60362 5.36 -3.4 -14.60362 5.36
3 16 3.4 -14.91293 7.5 3.4 -14.60362 5.36 10 -14.60362 5.36
4 16 3.4 -15.09361 8.75 3.4 -14.91293 7.5 10 -14.60362 5.36 10 -15.6524 12.616
3 16 10 -15.6524 12.616 3.4 -15.45496 11.25 3.4 -15.09361 8.75
3 16 10 -15.6524 12.616 3.4 -15.63563 12.5 3.4 -15.45496 11.25
3 16 10 -15.6524 12.616 3.4 -15.6524 12.616 3.4 -15.63563 12.5
4 16 -3.4 -12.88268 -1.648 3.4 -12.88268 -1.648 3.4 -13.28738 0 -3.4 -13.28738 0
4 1 -3.4 -13.59434 1.25 -3.4 -13.28738 0 3.4 -13.28738 0 3.4 -13.59434 1.25
4 16 -3.4 -14.20825 3.75 -3.4 -13.59434 1.25 3.4 -13.59434 1.25 3.4 -14.20825 3.75
4 1 -3.4 -14.51521 5 -3.4 -14.20825 3.75 3.4 -14.20825 3.75 3.4 -14.51521 5
4 16 -3.4 -14.60362 5.36 -3.4 -14.51521 5 3.4 -14.51521 5 3.4 -14.60362 5.36
3 16 -3.4 -14.60362 5.36 -10 -14.60362 5.36 -3.4 -14.51521 5
4 16 -3.4 -14.20825 3.75 -3.4 -14.51521 5 -10 -14.60362 5.36 -10 -12.88268 -1.648
3 16 -3.4 -14.20825 3.75 -10 -12.88268 -1.648 -3.4 -13.59434 1.25
3 16 -3.4 -13.59434 1.25 -10 -12.88268 -1.648 -3.4 -13.28738 0
3 16 -3.4 -13.28738 0 -10 -12.88268 -1.648 -3.4 -12.88268 -1.648
3 16 3.4 -13.28738 0 3.4 -12.88268 -1.648 10 -12.88268 -1.648
3 16 3.4 -13.59434 1.25 3.4 -13.28738 0 10 -12.88268 -1.648
4 16 3.4 -14.20825 3.75 3.4 -13.59434 1.25 10 -12.88268 -1.648 10 -14.60362 5.36
3 16 10 -14.60362 5.36 3.4 -14.51521 5 3.4 -14.20825 3.75
3 16 10 -14.60362 5.36 3.4 -14.60362 5.36 3.4 -14.51521 5
4 16 3.4 -10.50989 -8.284 3.4 -10.79022 -7.5 -3.4 -10.79022 -7.5 -3.4 -10.50989 -8.284
4 1 -3.4 -11.23717 -6.25 -3.4 -10.79022 -7.5 3.4 -10.79022 -7.5 3.4 -11.23717 -6.25
4 16 -3.4 -12.13108 -3.75 -3.4 -11.23717 -6.25 3.4 -11.23717 -6.25 3.4 -12.13108 -3.75
4 1 -3.4 -12.57804 -2.5 -3.4 -12.13108 -3.75 3.4 -12.13108 -3.75 3.4 -12.57804 -2.5
4 16 -3.4 -12.88268 -1.648 -3.4 -12.57804 -2.5 3.4 -12.57804 -2.5 3.4 -12.88268 -1.648
3 16 -3.4 -12.88268 -1.648 -10 -12.88268 -1.648 -3.4 -12.57804 -2.5
4 16 -3.4 -12.13108 -3.75 -3.4 -12.57804 -2.5 -10 -12.88268 -1.648 -10 -10.50989 -8.284
3 16 -3.4 -12.13108 -3.75 -10 -10.50989 -8.284 -3.4 -11.23717 -6.25
3 16 -3.4 -11.23717 -6.25 -10 -10.50989 -8.284 -3.4 -10.79022 -7.5
3 16 -3.4 -10.79022 -7.5 -10 -10.50989 -8.284 -3.4 -10.50989 -8.284
3 16 3.4 -10.79022 -7.5 3.4 -10.50989 -8.284 10 -10.50989 -8.284
3 16 10 -10.50989 -8.284 3.4 -11.23717 -6.25 3.4 -10.79022 -7.5
3 16 10 -10.50989 -8.284 3.4 -12.13108 -3.75 3.4 -11.23717 -6.25
3 16 10 -12.88268 -1.648 3.4 -12.13108 -3.75 10 -10.50989 -8.284
3 16 10 -12.88268 -1.648 3.4 -12.57804 -2.5 3.4 -12.13108 -3.75
3 16 10 -12.88268 -1.648 3.4 -12.88268 -1.648 3.4 -12.57804 -2.5
4 1 -3.4 -7.53157 -14.436 3.4 -7.53157 -14.436 3.4 -7.86368 -13.75 -3.4 -7.86368 -13.75
4 16 -3.4 -9.07398 -11.25 -3.4 -7.86368 -13.75 3.4 -7.86368 -13.75 3.4 -9.07398 -11.25
4 1 -3.4 -9.67913 -10 -3.4 -9.07398 -11.25 3.4 -9.07398 -11.25 3.4 -9.67913 -10
4 16 3.4 -10.50989 -8.284 -3.4 -10.50989 -8.284 -3.4 -9.67913 -10 3.4 -9.67913 -10
3 16 -3.4 -10.50989 -8.284 -10 -10.50989 -8.284 -3.4 -9.67913 -10
4 16 -3.4 -9.07398 -11.25 -3.4 -9.67913 -10 -10 -10.50989 -8.284 -10 -7.53157 -14.436
3 16 -3.4 -9.07398 -11.25 -10 -7.53157 -14.436 -3.4 -7.86368 -13.75
3 16 -3.4 -7.86368 -13.75 -10 -7.53157 -14.436 -3.4 -7.53157 -14.436
3 16 3.4 -7.86368 -13.75 3.4 -7.53157 -14.436 10 -7.53157 -14.436
4 16 3.4 -9.07398 -11.25 3.4 -7.86368 -13.75 10 -7.53157 -14.436 10 -10.50989 -8.284
3 16 10 -10.50989 -8.284 3.4 -9.67913 -10 3.4 -9.07398 -11.25
4 1 -3.4 -7.53157 -14.436 -3.4 -7.17358 -15 3.4 -7.17358 -15 3.4 -7.53157 -14.436
4 16 -3.4 -7.17358 -15 -3.4 -7.53157 -14.436 -10 -7.53157 -14.436 -10 -3.9999 -20
4 16 3.4 -7.17358 -15 -3.4 -7.17358 -15 -10 -3.9999 -20 10 -3.9999 -20
4 16 3.4 -7.17358 -15 10 -3.9999 -20 10 -7.53157 -14.436 3.4 -7.53157 -14.436
3 16 3.4 -10.50989 -8.284 3.4 -9.67913 -10 10 -10.50989 -8.284

5 24 10 -3.9999 -20 -10 -3.9999 -20 10 -7.53157461 -14.436 10 24.972 -60
5 24 10 -7.53157461 -14.436 -10 -7.53157461 -14.436 10 -10.50988593 -8.284 10 -3.9999 -20
5 24 10 -10.50988593 -8.284 -10 -10.50988593 -8.284 10 -12.88268454 -1.648 10 -7.53157461 -14.436
5 24 10 -12.88268454 -1.648 -10 -12.88268454 -1.648 10 -14.6036154 5.36 10 -10.50988593 -8.284
5 24 10 -14.6036154 5.36 -10 -14.6036154 5.36 10 -15.65239818 12.616 10 -12.88268454 -1.648
5 24 10 -15.65239818 12.616 -10 -15.65239818 12.616 10 -16.00006098 20 10 -14.6036154 5.36
5 24 10 -16.00006098 20 -10 -16.00006098 20 10 -15.65239818 27.384 10 -15.65239818 12.616
