0 FILE 18983pb01.dat
0 Minifigure, Utensil Tool Saw with Reddish Brown Handle Pattern 
0 Name:  18983pb01.dat
0 Author:  
0 BFC CERTIFY CCW
3 16 2.042 9.334 -14.360 1.995 8.746 -18.187 -1.995 8.746 -18.187
3 16 -1.995 8.746 -18.187 -2.042 9.334 -14.360 2.042 9.334 -14.360
3 16 1.995 8.746 -18.187 2.042 9.334 -14.360 2.000 6.050 -17.800
3 16 2.000 6.050 -17.800 1.976 6.203 -19.818 1.995 8.746 -18.187
3 16 -1.995 8.746 -18.187 -1.976 6.203 -19.818 -2.000 6.050 -17.800
3 16 -2.000 6.050 -17.800 -2.042 9.334 -14.360 -1.995 8.746 -18.187
3 16 1.995 8.746 -18.187 1.976 6.203 -19.818 -1.976 6.203 -19.818
3 16 -1.976 6.203 -19.818 -1.995 8.746 -18.187 1.995 8.746 -18.187
3 16 -1.940 8.025 -22.751 -1.976 6.203 -19.818 1.976 6.203 -19.818
3 16 1.976 6.203 -19.818 1.940 8.025 -22.751 -1.940 8.025 -22.751
3 16 -1.940 8.025 -22.751 1.940 8.025 -22.751 1.932 8.065 -23.342
3 16 1.932 8.065 -23.342 -1.932 8.065 -23.342 -1.940 8.025 -22.751
3 16 -1.932 8.065 -23.342 1.932 8.065 -23.342 1.924 7.790 -23.997
3 16 1.924 7.790 -23.997 -1.924 7.790 -23.997 -1.932 8.065 -23.342
3 16 -1.924 7.790 -23.997 1.924 7.790 -23.997 1.904 5.540 -25.648
3 16 1.904 5.540 -25.648 -1.904 5.540 -25.648 -1.924 7.790 -23.997
3 16 -1.940 8.025 -22.751 -1.932 8.065 -23.342 -1.924 7.790 -23.997
3 16 1.932 8.065 -23.342 1.940 8.025 -22.751 1.924 7.790 -23.997
3 16 1.976 6.203 -19.818 1.904 5.540 -25.648 1.924 7.790 -23.997
3 16 1.924 7.790 -23.997 1.940 8.025 -22.751 1.976 6.203 -19.818
3 16 -1.976 6.203 -19.818 -1.940 8.025 -22.751 -1.924 7.790 -23.997
3 16 -1.924 7.790 -23.997 -1.904 5.540 -25.648 -1.976 6.203 -19.818
3 16 -1.904 5.540 -25.648 1.904 5.540 -25.648 1.868 7.362 -28.581
3 16 1.868 7.362 -28.581 -1.868 7.362 -28.581 -1.904 5.540 -25.648
3 16 -1.868 7.362 -28.581 1.868 7.362 -28.581 1.861 7.402 -29.172
3 16 1.861 7.402 -29.172 -1.861 7.402 -29.172 -1.868 7.362 -28.581
3 16 -1.861 7.402 -29.172 1.861 7.402 -29.172 1.853 7.127 -29.827
3 16 1.853 7.127 -29.827 -1.853 7.127 -29.827 -1.861 7.402 -29.172
3 16 -1.853 7.127 -29.827 1.853 7.127 -29.827 1.833 4.877 -31.478
3 16 1.833 4.877 -31.478 -1.833 4.877 -31.478 -1.853 7.127 -29.827
3 16 1.861 7.402 -29.172 1.868 7.362 -28.581 1.853 7.127 -29.827
3 16 1.904 5.540 -25.648 1.833 4.877 -31.478 1.853 7.127 -29.827
3 16 1.853 7.127 -29.827 1.868 7.362 -28.581 1.904 5.540 -25.648
3 16 -1.868 7.362 -28.581 -1.861 7.402 -29.172 -1.853 7.127 -29.827
3 16 -1.904 5.540 -25.648 -1.868 7.362 -28.581 -1.853 7.127 -29.827
3 16 -1.853 7.127 -29.827 -1.833 4.877 -31.478 -1.904 5.540 -25.648
3 16 -1.833 4.877 -31.478 1.833 4.877 -31.478 1.797 6.699 -34.411
3 16 1.797 6.699 -34.411 -1.797 6.699 -34.411 -1.833 4.877 -31.478
3 16 -1.797 6.699 -34.411 1.797 6.699 -34.411 1.790 6.739 -35.002
3 16 1.790 6.739 -35.002 -1.790 6.739 -35.002 -1.797 6.699 -34.411
3 16 -1.790 6.739 -35.002 1.790 6.739 -35.002 1.782 6.464 -35.657
3 16 1.782 6.464 -35.657 -1.782 6.464 -35.657 -1.790 6.739 -35.002
3 16 -1.782 6.464 -35.657 1.782 6.464 -35.657 1.762 4.214 -37.308
3 16 1.762 4.214 -37.308 -1.762 4.214 -37.308 -1.782 6.464 -35.657
3 16 1.790 6.739 -35.002 1.797 6.699 -34.411 1.782 6.464 -35.657
3 16 1.833 4.877 -31.478 1.762 4.214 -37.308 1.782 6.464 -35.657
3 16 1.782 6.464 -35.657 1.797 6.699 -34.411 1.833 4.877 -31.478
3 16 -1.797 6.699 -34.411 -1.790 6.739 -35.002 -1.782 6.464 -35.657
3 16 -1.833 4.877 -31.478 -1.797 6.699 -34.411 -1.782 6.464 -35.657
3 16 -1.782 6.464 -35.657 -1.762 4.214 -37.308 -1.833 4.877 -31.478
3 16 -1.762 4.214 -37.308 1.762 4.214 -37.308 1.726 6.036 -40.241
3 16 1.726 6.036 -40.241 -1.726 6.036 -40.241 -1.762 4.214 -37.308
3 16 -1.726 6.036 -40.241 1.726 6.036 -40.241 1.719 6.076 -40.832
3 16 1.719 6.076 -40.832 -1.719 6.076 -40.832 -1.726 6.036 -40.241
3 16 -1.719 6.076 -40.832 1.719 6.076 -40.832 1.711 5.801 -41.487
3 16 1.711 5.801 -41.487 -1.711 5.801 -41.487 -1.719 6.076 -40.832
3 16 -1.711 5.801 -41.487 1.711 5.801 -41.487 1.691 3.551 -43.138
3 16 1.691 3.551 -43.138 -1.691 3.551 -43.138 -1.711 5.801 -41.487
3 16 1.719 6.076 -40.832 1.726 6.036 -40.241 1.711 5.801 -41.487
3 16 1.762 4.214 -37.308 1.691 3.551 -43.138 1.711 5.801 -41.487
3 16 1.711 5.801 -41.487 1.726 6.036 -40.241 1.762 4.214 -37.308
3 16 -1.726 6.036 -40.241 -1.719 6.076 -40.832 -1.711 5.801 -41.487
3 16 -1.762 4.214 -37.308 -1.726 6.036 -40.241 -1.711 5.801 -41.487
3 16 -1.711 5.801 -41.487 -1.691 3.551 -43.138 -1.762 4.214 -37.308
3 16 -1.691 3.551 -43.138 1.691 3.551 -43.138 1.655 5.373 -46.071
3 16 1.655 5.373 -46.071 -1.655 5.373 -46.071 -1.691 3.551 -43.138
3 16 -1.655 5.373 -46.071 1.655 5.373 -46.071 1.648 5.413 -46.662
3 16 1.648 5.413 -46.662 -1.648 5.413 -46.662 -1.655 5.373 -46.071
3 16 -1.648 5.413 -46.662 1.648 5.413 -46.662 1.640 5.138 -47.317
3 16 1.640 5.138 -47.317 -1.640 5.138 -47.317 -1.648 5.413 -46.662
3 16 -1.640 5.138 -47.317 1.640 5.138 -47.317 1.619 2.888 -48.968
3 16 1.619 2.888 -48.968 -1.619 2.888 -48.968 -1.640 5.138 -47.317
3 16 1.648 5.413 -46.662 1.655 5.373 -46.071 1.640 5.138 -47.317
3 16 1.691 3.551 -43.138 1.619 2.888 -48.968 1.640 5.138 -47.317
3 16 1.640 5.138 -47.317 1.655 5.373 -46.071 1.691 3.551 -43.138
3 16 -1.655 5.373 -46.071 -1.648 5.413 -46.662 -1.640 5.138 -47.317
3 16 -1.691 3.551 -43.138 -1.655 5.373 -46.071 -1.640 5.138 -47.317
3 16 -1.640 5.138 -47.317 -1.619 2.888 -48.968 -1.691 3.551 -43.138
3 16 -1.619 2.888 -48.968 1.619 2.888 -48.968 1.584 4.710 -51.901
3 16 1.584 4.710 -51.901 -1.584 4.710 -51.901 -1.619 2.888 -48.968
3 16 -1.584 4.710 -51.901 1.584 4.710 -51.901 1.576 4.750 -52.492
3 16 1.576 4.750 -52.492 -1.576 4.750 -52.492 -1.584 4.710 -51.901
3 16 -1.576 4.750 -52.492 1.576 4.750 -52.492 1.568 4.475 -53.147
3 16 1.568 4.475 -53.147 -1.568 4.475 -53.147 -1.576 4.750 -52.492
3 16 -1.568 4.475 -53.147 1.568 4.475 -53.147 1.548 2.225 -54.798
3 16 1.548 2.225 -54.798 -1.548 2.225 -54.798 -1.568 4.475 -53.147
3 16 1.576 4.750 -52.492 1.584 4.710 -51.901 1.568 4.475 -53.147
3 16 1.619 2.888 -48.968 1.548 2.225 -54.798 1.568 4.475 -53.147
3 16 1.568 4.475 -53.147 1.584 4.710 -51.901 1.619 2.888 -48.968
3 16 -1.584 4.710 -51.901 -1.576 4.750 -52.492 -1.568 4.475 -53.147
3 16 -1.619 2.888 -48.968 -1.584 4.710 -51.901 -1.568 4.475 -53.147
3 16 -1.568 4.475 -53.147 -1.548 2.225 -54.798 -1.619 2.888 -48.968
3 16 -1.548 2.225 -54.798 1.548 2.225 -54.798 1.512 4.047 -57.731
3 16 1.512 4.047 -57.731 -1.512 4.047 -57.731 -1.548 2.225 -54.798
3 16 -1.512 4.047 -57.731 1.512 4.047 -57.731 1.505 4.087 -58.322
3 16 1.505 4.087 -58.322 -1.505 4.087 -58.322 -1.512 4.047 -57.731
3 16 -1.505 4.087 -58.322 1.505 4.087 -58.322 1.500 3.914 -58.735
3 16 1.500 3.914 -58.735 -1.500 3.914 -58.735 -1.505 4.087 -58.322
3 16 1.516 -8.836 -57.445 1.532 -9.173 -56.157 -1.532 -9.173 -56.157
3 16 -1.532 -9.173 -56.157 -1.516 -8.836 -57.445 1.516 -8.836 -57.445
3 16 1.504 -7.989 -58.372 1.516 -8.836 -57.445 -1.516 -8.836 -57.445
3 16 -1.516 -8.836 -57.445 -1.504 -7.989 -58.372 1.504 -7.989 -58.372
3 16 -1.504 -7.989 -58.372 -1.500 -6.891 -58.735 1.500 -6.891 -58.735
3 16 1.500 -6.891 -58.735 1.504 -7.989 -58.372 -1.504 -7.989 -58.372
3 16 -1.500 -6.891 -58.735 -1.500 3.914 -58.735 1.500 3.914 -58.735
3 16 1.500 3.914 -58.735 1.500 -6.891 -58.735 -1.500 -6.891 -58.735
3 16 -2.000 -9.250 -17.800 -1.532 -9.173 -56.157 1.532 -9.173 -56.157
3 16 1.532 -9.173 -56.157 2.000 -9.250 -17.800 -2.000 -9.250 -17.800
3 16 -1.516 -8.836 -57.445 -1.532 -9.173 -56.157 -1.500 -6.891 -58.735
3 16 -1.500 -6.891 -58.735 -1.504 -7.989 -58.372 -1.516 -8.836 -57.445
3 16 1.516 -8.836 -57.445 1.504 -7.989 -58.372 1.500 -6.891 -58.735
3 16 1.500 -6.891 -58.735 1.532 -9.173 -56.157 1.516 -8.836 -57.445
3 16 1.512 4.047 -57.731 1.548 2.225 -54.798 1.500 3.914 -58.735
3 16 1.500 3.914 -58.735 1.505 4.087 -58.322 1.512 4.047 -57.731
3 16 1.500 3.914 -58.735 1.548 2.225 -54.798 1.532 -9.173 -56.157
3 16 1.532 -9.173 -56.157 1.500 -6.891 -58.735 1.500 3.914 -58.735
3 16 2.000 6.050 -17.800 2.000 -9.250 -17.800 1.904 5.540 -25.648
3 16 1.904 5.540 -25.648 1.976 6.203 -19.818 2.000 6.050 -17.800
3 16 1.833 4.877 -31.478 1.904 5.540 -25.648 2.000 -9.250 -17.800
3 16 1.833 4.877 -31.478 2.000 -9.250 -17.800 1.762 4.214 -37.308
3 16 1.762 4.214 -37.308 2.000 -9.250 -17.800 1.691 3.551 -43.138
3 16 1.691 3.551 -43.138 2.000 -9.250 -17.800 1.532 -9.173 -56.157
3 16 1.691 3.551 -43.138 1.532 -9.173 -56.157 1.619 2.888 -48.968
3 16 1.619 2.888 -48.968 1.532 -9.173 -56.157 1.548 2.225 -54.798
3 16 -1.512 4.047 -57.731 -1.505 4.087 -58.322 -1.500 3.914 -58.735
3 16 -1.500 3.914 -58.735 -1.548 2.225 -54.798 -1.512 4.047 -57.731
3 16 -1.500 3.914 -58.735 -1.500 -6.891 -58.735 -1.532 -9.173 -56.157
3 16 -1.532 -9.173 -56.157 -1.548 2.225 -54.798 -1.500 3.914 -58.735
3 16 -2.000 6.050 -17.800 -1.976 6.203 -19.818 -1.904 5.540 -25.648
3 16 -1.904 5.540 -25.648 -2.000 -9.250 -17.800 -2.000 6.050 -17.800
3 16 -1.904 5.540 -25.648 -1.833 4.877 -31.478 -2.000 -9.250 -17.800
3 16 -2.000 -9.250 -17.800 -1.833 4.877 -31.478 -1.762 4.214 -37.308
3 16 -2.000 -9.250 -17.800 -1.762 4.214 -37.308 -1.691 3.551 -43.138
3 16 -2.000 -9.250 -17.800 -1.691 3.551 -43.138 -1.532 -9.173 -56.157
3 16 -1.532 -9.173 -56.157 -1.691 3.551 -43.138 -1.619 2.888 -48.968
3 16 -1.532 -9.173 -56.157 -1.619 2.888 -48.968 -1.548 2.225 -54.798
2 24 -2.000 6.050 -17.800 -2.042 9.334 -14.360
2 24 2.042 9.334 -14.360 2.000 6.050 -17.800
2 24 2.000 6.050 -17.800 2.000 -9.250 -17.800
2 24 -2.000 -9.250 -17.800 -2.000 6.050 -17.800
2 24 -2.042 9.334 -14.360 2.042 9.334 -14.360
2 24 -2.000 -9.250 -17.800 2.000 -9.250 -17.800
2 24 1.995 8.746 -18.187 -1.995 8.746 -18.187
2 24 2.042 9.334 -14.360 1.995 8.746 -18.187
2 24 -1.995 8.746 -18.187 -2.042 9.334 -14.360
2 24 -1.976 6.203 -19.818 -1.995 8.746 -18.187
2 24 1.976 6.203 -19.818 1.995 8.746 -18.187
2 24 -1.976 6.203 -19.818 1.976 6.203 -19.818
2 24 -1.940 8.025 -22.751 -1.976 6.203 -19.818
2 24 -1.932 8.065 -23.342 -1.940 8.025 -22.751
2 24 -1.924 7.790 -23.997 -1.932 8.065 -23.342
2 24 -1.924 7.790 -23.997 -1.904 5.540 -25.648
2 24 1.940 8.025 -22.751 1.976 6.203 -19.818
2 24 1.932 8.065 -23.342 1.940 8.025 -22.751
2 24 1.924 7.790 -23.997 1.932 8.065 -23.342
2 24 1.924 7.790 -23.997 1.904 5.540 -25.648
2 24 -1.904 5.540 -25.648 1.904 5.540 -25.648
2 24 -1.868 7.362 -28.581 -1.861 7.402 -29.172
2 24 -1.861 7.402 -29.172 -1.853 7.127 -29.827
2 24 -1.853 7.127 -29.827 -1.833 4.877 -31.478
2 24 -1.904 5.540 -25.648 -1.868 7.362 -28.581
2 24 1.868 7.362 -28.581 1.861 7.402 -29.172
2 24 1.861 7.402 -29.172 1.853 7.127 -29.827
2 24 1.853 7.127 -29.827 1.833 4.877 -31.478
2 24 1.904 5.540 -25.648 1.868 7.362 -28.581
2 24 -1.833 4.877 -31.478 1.833 4.877 -31.478
2 24 -1.790 6.739 -35.002 -1.797 6.699 -34.411
2 24 -1.782 6.464 -35.657 -1.790 6.739 -35.002
2 24 -1.797 6.699 -34.411 -1.833 4.877 -31.478
2 24 -1.762 4.214 -37.308 -1.782 6.464 -35.657
2 24 1.790 6.739 -35.002 1.797 6.699 -34.411
2 24 1.782 6.464 -35.657 1.790 6.739 -35.002
2 24 1.797 6.699 -34.411 1.833 4.877 -31.478
2 24 1.762 4.214 -37.308 1.782 6.464 -35.657
2 24 -1.762 4.214 -37.308 1.762 4.214 -37.308
2 24 -1.719 6.076 -40.832 -1.726 6.036 -40.241
2 24 -1.711 5.801 -41.487 -1.719 6.076 -40.832
2 24 -1.711 5.801 -41.487 -1.691 3.551 -43.138
2 24 -1.726 6.036 -40.241 -1.762 4.214 -37.308
2 24 1.719 6.076 -40.832 1.726 6.036 -40.241
2 24 1.711 5.801 -41.487 1.719 6.076 -40.832
2 24 1.711 5.801 -41.487 1.691 3.551 -43.138
2 24 1.726 6.036 -40.241 1.762 4.214 -37.308
2 24 -1.691 3.551 -43.138 1.691 3.551 -43.138
2 24 -1.655 5.373 -46.071 -1.648 5.413 -46.662
2 24 -1.648 5.413 -46.662 -1.640 5.138 -47.317
2 24 -1.655 5.373 -46.071 -1.691 3.551 -43.138
2 24 -1.640 5.138 -47.317 -1.619 2.888 -48.968
2 24 1.655 5.373 -46.071 1.648 5.413 -46.662
2 24 1.648 5.413 -46.662 1.640 5.138 -47.317
2 24 1.655 5.373 -46.071 1.691 3.551 -43.138
2 24 1.640 5.138 -47.317 1.619 2.888 -48.968
2 24 -1.619 2.888 -48.968 1.619 2.888 -48.968
2 24 -1.576 4.750 -52.492 -1.584 4.710 -51.901
2 24 -1.576 4.750 -52.492 -1.568 4.475 -53.147
2 24 -1.568 4.475 -53.147 -1.548 2.225 -54.798
2 24 -1.619 2.888 -48.968 -1.584 4.710 -51.901
2 24 1.576 4.750 -52.492 1.584 4.710 -51.901
2 24 1.576 4.750 -52.492 1.568 4.475 -53.147
2 24 1.568 4.475 -53.147 1.548 2.225 -54.798
2 24 1.619 2.888 -48.968 1.584 4.710 -51.901
2 24 -1.548 2.225 -54.798 1.548 2.225 -54.798
2 24 -1.505 4.087 -58.322 -1.512 4.047 -57.731
2 24 -1.500 3.914 -58.735 -1.505 4.087 -58.322
2 24 -1.512 4.047 -57.731 -1.548 2.225 -54.798
2 24 1.505 4.087 -58.322 1.512 4.047 -57.731
2 24 1.500 3.914 -58.735 1.505 4.087 -58.322
2 24 1.512 4.047 -57.731 1.548 2.225 -54.798
2 24 -1.500 -6.891 -58.735 -1.500 3.914 -58.735
2 24 1.500 3.914 -58.735 1.500 -6.891 -58.735
2 24 -1.516 -8.836 -57.445 -1.532 -9.173 -56.157
2 24 -1.516 -8.836 -57.445 -1.504 -7.989 -58.372
2 24 -1.504 -7.989 -58.372 -1.500 -6.891 -58.735
2 24 1.500 -6.891 -58.735 1.504 -7.989 -58.372
2 24 1.516 -8.836 -57.445 1.504 -7.989 -58.372
2 24 1.532 -9.173 -56.157 1.516 -8.836 -57.445
2 24 2.000 -9.250 -17.800 1.532 -9.173 -56.157
2 24 -2.000 -9.250 -17.800 -1.532 -9.173 -56.157
3 70 4.000 6.550 -7.200 4.000 10.245 -13.393 4.000 10.250 0.000
3 70 4.000 10.250 0.000 4.000 6.550 0.000 4.000 6.550 -7.200
3 70 4.000 10.245 -13.393 4.000 6.550 -7.200 4.000 2.750 -10.400
3 70 4.000 2.750 -10.400 4.000 6.050 -17.800 4.000 10.245 -13.393
3 70 4.000 6.050 -17.800 4.000 2.750 -10.400 4.000 -6.750 -10.400
3 70 4.000 -6.750 -10.400 4.000 -9.250 -17.800 4.000 6.050 -17.800
3 70 4.000 -9.250 -17.800 4.000 -6.750 -10.400 4.000 -10.250 2.000
3 70 4.000 -10.250 2.000 4.000 -10.250 -16.800 4.000 -9.250 -17.800
3 70 4.000 -6.750 2.000 4.000 -10.250 2.000 4.000 -6.750 -10.400
3 70 -4.000 10.250 0.000 -4.000 10.245 -13.393 -4.000 6.550 -7.200
3 70 -4.000 6.550 -7.200 -4.000 6.550 0.000 -4.000 10.250 0.000
3 70 -4.000 10.245 -13.393 -4.000 6.050 -17.800 -4.000 2.750 -10.400
3 70 -4.000 2.750 -10.400 -4.000 6.550 -7.200 -4.000 10.245 -13.393
3 70 -4.000 6.050 -17.800 -4.000 -9.250 -17.800 -4.000 -6.750 -10.400
3 70 -4.000 -6.750 -10.400 -4.000 2.750 -10.400 -4.000 6.050 -17.800
3 70 -4.000 -9.250 -17.800 -4.000 -10.250 -16.800 -4.000 -10.250 2.000
3 70 -4.000 -10.250 2.000 -4.000 -6.750 -10.400 -4.000 -9.250 -17.800
3 70 -4.000 -10.250 2.000 -4.000 -6.750 2.000 -4.000 -6.750 -10.400
2 24 4.000 10.245 -13.393 4.000 6.061 -17.811
2 24 -4.000 10.245 -13.393 4.000 10.245 -13.393
2 24 4.000 6.061 -17.811 -4.000 6.061 -17.811
2 24 -4.000 2.750 -10.400 4.000 2.750 -10.400
1 70 0.0000 -10.2500 2.0000 4.0000 0.0000 0.0000 0.0000 3.5000 0.0000 0.0000 0.0000 4.0000 2-4cylc.dat
1 70 0.0000 -6.7500 2.0000 4.0000 0.0000 0.0000 0.0000 -1.0000 0.0000 0.0000 0.0000 4.0000 2-4chrd.dat
1 70 0.0000 -3.2500 0.0000 4.0000 0.0000 0.0000 0.0000 -3.5000 0.0000 0.0000 0.0000 4.0000 4-4cylc.dat
1 70 0.0000 3.5500 0.0000 -3.5862 0.0000 0.0000 0.0000 1.0000 0.0000 0.0000 0.0000 -3.5862 4-4edge.dat
1 70 0.0000 2.7000 0.0000 -3.5862 0.0000 0.0000 0.0000 7.3657 0.0000 0.0000 0.0000 -3.5862 t01o1154.dat
1 70 0.0000 2.7000 0.0000 -3.5862 0.0000 0.0000 0.0000 -7.3657 0.0000 0.0000 0.0000 -3.5862 t01o1154.dat
1 70 0.0000 1.8500 0.0000 -3.5862 0.0000 0.0000 0.0000 1.0000 0.0000 0.0000 0.0000 -3.5862 4-4edge.dat
1 70 0.0000 1.0000 0.0000 -3.5862 0.0000 0.0000 0.0000 7.3657 0.0000 0.0000 0.0000 -3.5862 t01o1154.dat
1 70 0.0000 1.0000 0.0000 -3.5862 0.0000 0.0000 0.0000 -7.3657 0.0000 0.0000 0.0000 -3.5862 t01o1154.dat
1 70 0.0000 0.1500 0.0000 -3.5862 0.0000 0.0000 0.0000 1.0000 0.0000 0.0000 0.0000 -3.5862 4-4edge.dat
1 70 0.0000 -0.7000 0.0000 -3.5862 0.0000 0.0000 0.0000 7.3657 0.0000 0.0000 0.0000 -3.5862 t01o1154.dat
1 70 0.0000 -0.7000 0.0000 -3.5862 0.0000 0.0000 0.0000 -7.3657 0.0000 0.0000 0.0000 -3.5862 t01o1154.dat
1 70 0.0000 -1.5500 0.0000 -3.5862 0.0000 0.0000 0.0000 1.0000 0.0000 0.0000 0.0000 -3.5862 4-4edge.dat
1 70 0.0000 -2.4000 0.0000 -3.5862 0.0000 0.0000 0.0000 7.3657 0.0000 0.0000 0.0000 -3.5862 t01o1154.dat
1 70 0.0000 -2.4000 0.0000 -3.5862 0.0000 0.0000 0.0000 -7.3657 0.0000 0.0000 0.0000 -3.5862 t01o1154.dat
1 70 0.0000 -3.2500 0.0000 -3.5862 0.0000 0.0000 0.0000 1.0000 0.0000 0.0000 0.0000 -3.5862 4-4edge.dat
1 70 0.0000 3.5500 0.0000 4.0000 0.0000 0.0000 0.0000 3.0000 0.0000 0.0000 0.0000 4.0000 4-4cyli.dat
1 70 0.0000 3.5500 0.0000 4.0000 0.0000 0.0000 0.0000 1.0000 0.0000 0.0000 0.0000 4.0000 4-4disc.dat
1 70 0.0000 3.5500 0.0000 4.0000 0.0000 0.0000 0.0000 1.0000 0.0000 0.0000 0.0000 4.0000 4-4edge.dat
1 70 0.0000 6.5500 0.0000 4.0000 0.0000 0.0000 0.0000 1.0000 0.0000 0.0000 0.0000 -4.0000 2-4edge.DAT
1 70 0.0000 6.5500 0.0000 4.0000 0.0000 0.0000 0.0000 3.7000 0.0000 0.0000 0.0000 4.0000 2-4cyli.dat
1 70 0.0000 10.2500 0.0000 4.0000 0.0000 0.0000 0.0000 -1.0000 0.0000 0.0000 0.0000 4.0000 2-4chrd.dat
1 70 0.0000 10.2500 0.0000 4.0000 0.0000 0.0000 0.0000 -1.0000 0.0000 0.0000 0.0000 4.0000 2-4edge.DAT
0 BFC INVERTNEXT
1 70 0.0000 -2.0000 -4.2000 -4.0000 0.0000 0.0000 0.0000 0.0000 -4.7500 0.0000 -6.2000 0.0000 box2-7.dat
0 BFC INVERTNEXT
1 70 0.0000 4.6500 -5.2000 -4.0000 0.0000 0.0000 0.0000 0.0000 1.9000 0.0000 -3.6000 1.6000 box2-7.dat
1 70 0.0000 8.1500 -8.9000 -4.0000 0.0000 0.0000 0.0000 0.0000 2.1000 0.0000 -6.7000 2.2000 box2-7.dat
1 70 0.0000 -10.2500 -7.4000 0.0000 0.0000 4.0000 0.0000 1.0000 0.0000 -9.4000 0.0000 0.0000 rect2p.dat
1 70 -4.0000 -9.2500 -16.8000 0.0000 8.0000 0.0000 0.0000 0.0000 -1.0000 -1.0000 0.0000 0.0000 1-4cylo.dat
1 70 -4.0000 -9.2500 -16.8000 0.0000 1.0000 0.0000 0.0000 0.0000 -1.0000 -1.0000 0.0000 0.0000 1-4chrd.dat
1 70 4.0000 -9.2500 -16.8000 0.0000 -1.0000 0.0000 0.0000 0.0000 -1.0000 -1.0000 0.0000 0.0000 1-4chrd.dat
1 70 0.0000 -1.6000 -17.8000 0.0000 0.0000 4.0000 7.6500 0.0000 0.0000 0.0000 1.0000 0.0000 rect2p.dat
