0 HUB CAB Ø24 W/STUD (Needs Work)
0 Name: 19215.dat
0 Author: <AuthorRealName> [<AuthorLDrawName>]
0 !LDRAW_ORG Unofficial_Part
0 !LICENSE Redistributable under CCAL version 2.0 : see CAreadme.txt

0 BFC CERTIFY CCW

0 !HISTORY 2016-03-18 {LEGO Digital Designer} Original part shape
0 !HISTORY 2016-03-18 [<AuthorLDrawName>] File preparation for LDraw Parts Tracker

0 // Needs Work: Clean necessary

0 // Outside
3 16 7.98 24.561 -11.25 0 25.825 -11.25 7.98 24.561 -15 
3 16 7.98 24.561 -15 0 25.825 -11.25 0 25.825 -15 
3 16 0 25.825 -11.25 -2.854 25.667 -11.25 0 25.825 -15 
3 16 0 25.825 -15 -2.854 25.667 -11.25 -2.854 25.667 -15 
3 16 -5.021 25.332 -13.263 -5.021 25.332 -15 2.634 13.526 -14.5 
3 16 2.634 13.526 -14.5 -5.021 25.332 -15 2.634 13.526 -15 
3 16 -2.854 25.667 -11.25 4.603 14.166 -11.25 -2.854 25.667 -15 
3 16 -2.854 25.667 -15 4.603 14.166 -11.25 4.603 14.166 -15 
3 16 5.82 12.491 -15 2.634 13.526 -15 4.603 14.166 -15 
3 16 0 10.5 -15 2.634 13.526 -15 5.25 9.093 -15 
3 16 5.25 9.093 -15 2.634 13.526 -15 5.82 12.491 -15 
3 16 0 10.5 -15 -5.25 9.093 -15 2.634 13.526 -15 
3 16 2.634 13.526 -15 -5.25 9.093 -15 -10.081 9.395 -15 
3 16 4.603 14.166 -15 2.634 13.526 -15 -2.854 25.667 -15 
3 16 -2.854 25.667 -15 2.634 13.526 -15 -5.021 25.332 -15 
3 16 0 30 -15 9.271 28.532 -15 0 25.825 -15 
3 16 0 25.825 -15 9.271 28.532 -15 7.98 24.561 -15 
3 16 0 25.825 -15 -2.854 25.667 -15 0 30 -15 
3 16 -9.271 28.532 -15 0 30 -15 -5.021 25.332 -15 
3 16 -5.021 25.332 -15 0 30 -15 -2.854 25.667 -15 
3 16 -9.271 28.532 -15 -5.021 25.332 -15 -10.828 23.445 -15 
3 16 -9.271 28.532 -11.25 0 30 -11.25 -9.271 28.532 -15 
3 16 -9.271 28.532 -15 0 30 -11.25 0 30 -15 
3 16 0 30 -11.25 9.271 28.532 -11.25 0 30 -15 
3 16 0 30 -15 9.271 28.532 -11.25 9.271 28.532 -15 
3 16 -10.828 23.445 -15 -5.021 25.332 -15 -10.828 23.445 -13.263 
3 16 -10.828 23.445 -13.263 -5.021 25.332 -15 -5.021 25.332 -13.263 
3 16 -10.081 9.395 -14.5 -10.828 23.445 -13.263 2.634 13.526 -14.5 
3 16 2.634 13.526 -14.5 -10.828 23.445 -13.263 -5.021 25.332 -13.263 
3 16 9.271 28.532 -11.25 0 30 -11.25 7.98 24.561 -11.25 
3 16 7.98 24.561 -11.25 0 30 -11.25 0 25.825 -11.25 
3 16 -9.271 28.532 -11.25 -2.854 25.667 -11.25 0 30 -11.25 
3 16 0 30 -11.25 -2.854 25.667 -11.25 0 25.825 -11.25 
3 16 -2.854 25.667 -11.25 -12.778 22.442 -11.25 -6.83 6.83 -11.25 
3 16 0 10 -11.25 4.603 14.166 -11.25 -2.854 25.667 -11.25 
3 16 6.83 6.83 -11.25 4.603 14.166 -11.25 0 10 -11.25 
3 16 -2.854 25.667 -11.25 -6.83 6.83 -11.25 0 10 -11.25 
3 16 15.18 20.893 -15 15.18 20.893 -11.25 7.98 24.561 -15 
3 16 7.98 24.561 -15 15.18 20.893 -11.25 7.98 24.561 -11.25 
3 16 17.395 19.087 -15 17.395 19.087 -11.25 15.18 20.893 -15 
3 16 15.18 20.893 -15 17.395 19.087 -11.25 15.18 20.893 -11.25 
3 16 18.952 17.543 -13.263 5.82 12.491 -14.5 18.952 17.543 -15 
3 16 18.952 17.543 -15 5.82 12.491 -14.5 5.82 12.491 -15 
3 16 4.603 14.166 -15 4.603 14.166 -11.25 17.395 19.087 -15 
3 16 17.395 19.087 -15 4.603 14.166 -11.25 17.395 19.087 -11.25 
3 16 4.603 14.166 -15 17.395 19.087 -15 5.82 12.491 -15 
3 16 5.82 12.491 -15 17.395 19.087 -15 18.952 17.543 -15 
3 16 7.98 24.561 -15 9.271 28.532 -15 15.18 20.893 -15 
3 16 15.18 20.893 -15 9.271 28.532 -15 17.634 24.271 -15 
3 16 15.18 20.893 -15 17.634 24.271 -15 17.395 19.087 -15 
3 16 17.395 19.087 -15 17.634 24.271 -15 18.952 17.543 -15 
3 16 18.952 17.543 -15 17.634 24.271 -15 24.271 17.634 -15 
3 16 17.634 24.271 -15 17.634 24.271 -11.25 24.271 17.634 -15 
3 16 24.271 17.634 -15 17.634 24.271 -11.25 24.271 17.634 -11.25 
3 16 9.271 28.532 -15 9.271 28.532 -11.25 17.634 24.271 -15 
3 16 17.634 24.271 -15 9.271 28.532 -11.25 17.634 24.271 -11.25 
3 16 13.678 1.675 -15 5.82 12.491 -15 13.678 1.675 -14.5 
3 16 13.678 1.675 -14.5 5.82 12.491 -15 5.82 12.491 -14.5 
3 16 15.18 20.893 -11.25 17.634 24.271 -11.25 7.98 24.561 -11.25 
3 16 7.98 24.561 -11.25 17.634 24.271 -11.25 9.271 28.532 -11.25 
3 16 24.271 17.634 -11.25 17.634 24.271 -11.25 17.395 19.087 -11.25 
3 16 17.395 19.087 -11.25 17.634 24.271 -11.25 15.18 20.893 -11.25 
3 16 24.271 17.634 -11.25 17.395 19.087 -11.25 23.529 10.646 -11.25 
3 16 17.395 19.087 -11.25 4.603 14.166 -11.25 6.83 6.83 -11.25 
3 16 7.98 -24.561 -11.25 15.18 -20.893 -11.25 7.98 -24.561 -15 
3 16 7.98 -24.561 -15 15.18 -20.893 -11.25 15.18 -20.893 -15 
3 16 15.18 -20.893 -11.25 17.395 -19.087 -11.25 15.18 -20.893 -15 
3 16 15.18 -20.893 -15 17.395 -19.087 -11.25 17.395 -19.087 -15 
3 16 18.952 -17.543 -13.263 18.952 -17.543 -15 5.82 -12.491 -14.5 
3 16 5.82 -12.491 -14.5 18.952 -17.543 -15 5.82 -12.491 -15 
3 16 17.395 -19.087 -11.25 4.603 -14.166 -11.25 17.395 -19.087 -15 
3 16 17.395 -19.087 -15 4.603 -14.166 -11.25 4.603 -14.166 -15 
3 16 2.634 -13.526 -15 5.82 -12.491 -15 4.603 -14.166 -15 
3 16 0 -10.5 -15 5.25 -9.093 -15 2.634 -13.526 -15 
3 16 2.634 -13.526 -15 5.25 -9.093 -15 5.82 -12.491 -15 
3 16 5.82 -12.491 -15 5.25 -9.093 -15 9.749 -7.083 -14.958 
3 16 5.25 -9.093 -15 9.093 -5.25 -15 9.749 -7.083 -14.958 
3 16 13.678 -1.675 -15 9.749 -7.083 -14.958 10.5 0 -15 
3 16 9.749 -7.083 -14.958 9.093 -5.25 -15 10.5 0 -15 
3 16 4.603 -14.166 -15 5.82 -12.491 -15 17.395 -19.087 -15 
3 16 17.395 -19.087 -15 5.82 -12.491 -15 18.952 -17.543 -15 
3 16 17.634 -24.271 -15 9.271 -28.532 -15 15.18 -20.893 -15 
3 16 15.18 -20.893 -15 9.271 -28.532 -15 7.98 -24.561 -15 
3 16 15.18 -20.893 -15 17.395 -19.087 -15 17.634 -24.271 -15 
3 16 24.271 -17.634 -15 17.634 -24.271 -15 18.952 -17.543 -15 
3 16 18.952 -17.543 -15 17.634 -24.271 -15 17.395 -19.087 -15 
3 16 24.271 -17.634 -15 18.952 -17.543 -15 22.541 -12.603 -15 
3 16 24.271 -17.634 -11.25 17.634 -24.271 -11.25 24.271 -17.634 -15 
3 16 24.271 -17.634 -15 17.634 -24.271 -11.25 17.634 -24.271 -15 
3 16 17.634 -24.271 -11.25 9.271 -28.532 -11.25 17.634 -24.271 -15 
3 16 17.634 -24.271 -15 9.271 -28.532 -11.25 9.271 -28.532 -15 
3 16 22.541 -12.603 -15 18.952 -17.543 -15 22.541 -12.603 -13.263 
3 16 22.541 -12.603 -13.263 18.952 -17.543 -15 18.952 -17.543 -13.263 
3 16 13.678 -1.675 -14.5 22.541 -12.603 -13.263 5.82 -12.491 -14.5 
3 16 5.82 -12.491 -14.5 22.541 -12.603 -13.263 18.952 -17.543 -13.263 
3 16 9.271 -28.532 -11.25 17.634 -24.271 -11.25 7.98 -24.561 -11.25 
3 16 7.98 -24.561 -11.25 17.634 -24.271 -11.25 15.18 -20.893 -11.25 
3 16 24.271 -17.634 -11.25 17.395 -19.087 -11.25 17.634 -24.271 -11.25 
3 16 17.634 -24.271 -11.25 17.395 -19.087 -11.25 15.18 -20.893 -11.25 
3 16 17.395 -19.087 -11.25 23.529 -10.646 -11.25 6.83 -6.83 -11.25 
3 16 0 -10 -11.25 4.603 -14.166 -11.25 6.83 -6.83 -11.25 
3 16 6.83 -6.83 -11.25 4.603 -14.166 -11.25 17.395 -19.087 -11.25 
3 16 0 -25.825 -15 0 -25.825 -11.25 7.98 -24.561 -15 
3 16 7.98 -24.561 -15 0 -25.825 -11.25 7.98 -24.561 -11.25 
3 16 -2.854 -25.667 -15 -2.854 -25.667 -11.25 0 -25.825 -15 
3 16 0 -25.825 -15 -2.854 -25.667 -11.25 0 -25.825 -11.25 
3 16 -5.021 -25.332 -13.263 2.634 -13.526 -14.5 -5.021 -25.332 -15 
3 16 -5.021 -25.332 -15 2.634 -13.526 -14.5 2.634 -13.526 -15 
3 16 4.603 -14.166 -15 4.603 -14.166 -11.25 -2.854 -25.667 -15 
3 16 -2.854 -25.667 -15 4.603 -14.166 -11.25 -2.854 -25.667 -11.25 
3 16 4.603 -14.166 -15 -2.854 -25.667 -15 2.634 -13.526 -15 
3 16 2.634 -13.526 -15 -2.854 -25.667 -15 -5.021 -25.332 -15 
3 16 7.98 -24.561 -15 9.271 -28.532 -15 0 -25.825 -15 
3 16 0 -25.825 -15 9.271 -28.532 -15 0 -30 -15 
3 16 0 -25.825 -15 0 -30 -15 -2.854 -25.667 -15 
3 16 -2.854 -25.667 -15 0 -30 -15 -5.021 -25.332 -15 
3 16 -5.021 -25.332 -15 0 -30 -15 -9.271 -28.532 -15 
3 16 0 -30 -15 0 -30 -11.25 -9.271 -28.532 -15 
3 16 -9.271 -28.532 -15 0 -30 -11.25 -9.271 -28.532 -11.25 
3 16 9.271 -28.532 -15 9.271 -28.532 -11.25 0 -30 -15 
3 16 0 -30 -15 9.271 -28.532 -11.25 0 -30 -11.25 
3 16 -10.081 -9.395 -15 -3.724 -11.461 -14.958 -10.081 -9.395 -14.5 
3 16 -10.081 -9.395 -14.5 -3.724 -11.461 -14.958 2.634 -13.526 -14.5 
3 16 -3.724 -11.461 -14.958 2.634 -13.526 -15 2.634 -13.526 -14.5 
3 16 0 -25.825 -11.25 0 -30 -11.25 7.98 -24.561 -11.25 
3 16 7.98 -24.561 -11.25 0 -30 -11.25 9.271 -28.532 -11.25 
3 16 -9.271 -28.532 -11.25 0 -30 -11.25 -2.854 -25.667 -11.25 
3 16 -2.854 -25.667 -11.25 0 -30 -11.25 0 -25.825 -11.25 
3 16 -9.271 -28.532 -11.25 -2.854 -25.667 -11.25 -12.778 -22.442 -11.25 
3 16 -2.854 -25.667 -11.25 4.603 -14.166 -11.25 0 -10 -11.25 
3 16 -20.893 15.18 -11.25 -24.561 7.98 -11.25 -20.893 15.18 -15 
3 16 -20.893 15.18 -15 -24.561 7.98 -11.25 -24.561 7.98 -15 
3 16 -24.561 7.98 -11.25 -25.293 5.217 -11.25 -24.561 7.98 -15 
3 16 -24.561 7.98 -15 -25.293 5.217 -11.25 -25.293 5.217 -15 
3 16 -25.644 3.053 -13.263 -25.644 3.053 -15 -12.05 6.685 -14.5 
3 16 -12.05 6.685 -14.5 -25.644 3.053 -15 -12.05 6.685 -15 
3 16 -25.293 5.217 -11.25 -12.05 8.755 -11.25 -25.293 5.217 -15 
3 16 -25.293 5.217 -15 -12.05 8.755 -11.25 -12.05 8.755 -15 
3 16 -10.081 9.395 -15 -12.05 6.685 -15 -12.05 8.755 -15 
3 16 -5.25 9.093 -15 -9.093 5.25 -15 -10.081 9.395 -15 
3 16 -10.081 9.395 -15 -9.093 5.25 -15 -12.05 6.685 -15 
3 16 -9.093 5.25 -15 -10.5 0 -15 -12.05 6.685 -15 
3 16 -12.05 6.685 -15 -10.5 0 -15 -12.05 -6.685 -15 
3 16 -10.5 0 -15 -9.093 -5.25 -15 -12.05 -6.685 -15 
3 16 -12.05 8.755 -15 -12.05 6.685 -15 -25.293 5.217 -15 
3 16 -25.293 5.217 -15 -12.05 6.685 -15 -25.644 3.053 -15 
3 16 -28.532 9.271 -15 -24.271 17.634 -15 -24.561 7.98 -15 
3 16 -24.561 7.98 -15 -24.271 17.634 -15 -20.893 15.18 -15 
3 16 -24.561 7.98 -15 -25.293 5.217 -15 -28.532 9.271 -15 
3 16 -30 0 -15 -28.532 9.271 -15 -25.644 3.053 -15 
3 16 -25.644 3.053 -15 -28.532 9.271 -15 -25.293 5.217 -15 
3 16 -30 0 -15 -25.644 3.053 -15 -25.644 -3.053 -15 
3 16 -30 0 -11.25 -28.532 9.271 -11.25 -30 0 -15 
3 16 -30 0 -15 -28.532 9.271 -11.25 -28.532 9.271 -15 
3 16 -28.532 9.271 -11.25 -24.271 17.634 -11.25 -28.532 9.271 -15 
3 16 -28.532 9.271 -15 -24.271 17.634 -11.25 -24.271 17.634 -15 
3 16 -25.644 -3.053 -15 -25.644 3.053 -15 -25.644 -3.053 -13.263 
3 16 -25.644 -3.053 -13.263 -25.644 3.053 -15 -25.644 3.053 -13.263 
3 16 -12.05 -6.685 -14.5 -25.644 -3.053 -13.263 -12.05 6.685 -14.5 
3 16 -12.05 6.685 -14.5 -25.644 -3.053 -13.263 -25.644 3.053 -13.263 
3 16 -24.271 17.634 -11.25 -28.532 9.271 -11.25 -20.893 15.18 -11.25 
3 16 -20.893 15.18 -11.25 -28.532 9.271 -11.25 -24.561 7.98 -11.25 
3 16 -30 0 -11.25 -25.293 5.217 -11.25 -28.532 9.271 -11.25 
3 16 -28.532 9.271 -11.25 -25.293 5.217 -11.25 -24.561 7.98 -11.25 
3 16 -25.293 5.217 -11.25 -25.293 -5.217 -11.25 -10 0 -11.25 
3 16 -12.05 8.755 -11.25 -25.293 5.217 -11.25 -10 0 -11.25 
3 16 -10 0 -11.25 -6.83 6.83 -11.25 -12.05 8.755 -11.25 
3 16 -15.18 20.893 -15 -15.18 20.893 -11.25 -20.893 15.18 -15 
3 16 -20.893 15.18 -15 -15.18 20.893 -11.25 -20.893 15.18 -11.25 
3 16 -12.778 22.442 -15 -12.778 22.442 -11.25 -15.18 20.893 -15 
3 16 -15.18 20.893 -15 -12.778 22.442 -11.25 -15.18 20.893 -11.25 
3 16 -10.828 23.445 -13.263 -10.081 9.395 -14.5 -10.828 23.445 -15 
3 16 -10.828 23.445 -15 -10.081 9.395 -14.5 -10.081 9.395 -15 
3 16 -12.05 8.755 -15 -12.05 8.755 -11.25 -12.778 22.442 -15 
3 16 -12.778 22.442 -15 -12.05 8.755 -11.25 -12.778 22.442 -11.25 
3 16 -12.05 8.755 -15 -12.778 22.442 -15 -10.081 9.395 -15 
3 16 -10.081 9.395 -15 -12.778 22.442 -15 -10.828 23.445 -15 
3 16 -20.893 15.18 -15 -24.271 17.634 -15 -15.18 20.893 -15 
3 16 -15.18 20.893 -15 -24.271 17.634 -15 -17.634 24.271 -15 
3 16 -15.18 20.893 -15 -17.634 24.271 -15 -12.778 22.442 -15 
3 16 -12.778 22.442 -15 -17.634 24.271 -15 -10.828 23.445 -15 
3 16 -10.828 23.445 -15 -17.634 24.271 -15 -9.271 28.532 -15 
3 16 -17.634 24.271 -15 -17.634 24.271 -11.25 -9.271 28.532 -15 
3 16 -9.271 28.532 -15 -17.634 24.271 -11.25 -9.271 28.532 -11.25 
3 16 -24.271 17.634 -15 -24.271 17.634 -11.25 -17.634 24.271 -15 
3 16 -17.634 24.271 -15 -24.271 17.634 -11.25 -17.634 24.271 -11.25 
3 16 -10.081 9.395 -15 -10.081 9.395 -14.5 2.634 13.526 -15 
3 16 2.634 13.526 -15 -10.081 9.395 -14.5 2.634 13.526 -14.5 
3 16 -15.18 20.893 -11.25 -17.634 24.271 -11.25 -20.893 15.18 -11.25 
3 16 -20.893 15.18 -11.25 -17.634 24.271 -11.25 -24.271 17.634 -11.25 
3 16 -9.271 28.532 -11.25 -17.634 24.271 -11.25 -12.778 22.442 -11.25 
3 16 -12.778 22.442 -11.25 -17.634 24.271 -11.25 -15.18 20.893 -11.25 
3 16 -9.271 28.532 -11.25 -12.778 22.442 -11.25 -2.854 25.667 -11.25 
3 16 -12.778 22.442 -11.25 -12.05 8.755 -11.25 -6.83 6.83 -11.25 
3 16 25.825 0 -11.25 24.561 7.98 -11.25 25.825 0 -15 
3 16 25.825 0 -15 24.561 7.98 -11.25 24.561 7.98 -15 
3 16 24.561 7.98 -11.25 23.529 10.646 -11.25 24.561 7.98 -15 
3 16 24.561 7.98 -15 23.529 10.646 -11.25 23.529 10.646 -15 
3 16 22.541 12.603 -13.263 22.541 12.603 -15 13.678 1.675 -14.5 
3 16 13.678 1.675 -14.5 22.541 12.603 -15 13.678 1.675 -15 
3 16 23.529 10.646 -11.25 14.895 0 -11.25 23.529 10.646 -15 
3 16 23.529 10.646 -15 14.895 0 -11.25 14.895 0 -15 
3 16 10.5 0 -15 13.678 1.675 -15 13.678 -1.675 -15 
3 16 13.678 -1.675 -15 13.678 1.675 -15 14.895 0 -15 
3 16 10.5 0 -15 9.093 5.25 -15 13.678 1.675 -15 
3 16 13.678 1.675 -15 9.093 5.25 -15 5.82 12.491 -15 
3 16 5.82 12.491 -15 9.093 5.25 -15 5.25 9.093 -15 
3 16 14.895 0 -15 13.678 1.675 -15 23.529 10.646 -15 
3 16 23.529 10.646 -15 13.678 1.675 -15 22.541 12.603 -15 
3 16 28.532 9.271 -15 30 0 -15 24.561 7.98 -15 
3 16 24.561 7.98 -15 30 0 -15 25.825 0 -15 
3 16 24.561 7.98 -15 23.529 10.646 -15 28.532 9.271 -15 
3 16 24.271 17.634 -15 28.532 9.271 -15 22.541 12.603 -15 
3 16 22.541 12.603 -15 28.532 9.271 -15 23.529 10.646 -15 
3 16 24.271 17.634 -15 22.541 12.603 -15 18.952 17.543 -15 
3 16 24.271 17.634 -11.25 28.532 9.271 -11.25 24.271 17.634 -15 
3 16 24.271 17.634 -15 28.532 9.271 -11.25 28.532 9.271 -15 
3 16 28.532 9.271 -11.25 30 0 -11.25 28.532 9.271 -15 
3 16 28.532 9.271 -15 30 0 -11.25 30 0 -15 
3 16 18.952 17.543 -15 22.541 12.603 -15 18.952 17.543 -13.263 
3 16 18.952 17.543 -13.263 22.541 12.603 -15 22.541 12.603 -13.263 
3 16 22.541 12.603 -13.263 13.678 1.675 -14.5 18.952 17.543 -13.263 
3 16 18.952 17.543 -13.263 13.678 1.675 -14.5 5.82 12.491 -14.5 
3 16 30 0 -11.25 28.532 9.271 -11.25 25.825 0 -11.25 
3 16 25.825 0 -11.25 28.532 9.271 -11.25 24.561 7.98 -11.25 
3 16 24.271 17.634 -11.25 23.529 10.646 -11.25 28.532 9.271 -11.25 
3 16 28.532 9.271 -11.25 23.529 10.646 -11.25 24.561 7.98 -11.25 
3 16 23.529 10.646 -11.25 17.395 19.087 -11.25 6.83 6.83 -11.25 
3 16 14.895 0 -11.25 23.529 10.646 -11.25 6.83 6.83 -11.25 
3 16 6.83 6.83 -11.25 10 0 -11.25 14.895 0 -11.25 
3 16 24.561 -7.98 -15 24.561 -7.98 -11.25 25.825 0 -15 
3 16 25.825 0 -15 24.561 -7.98 -11.25 25.825 0 -11.25 
3 16 23.529 -10.646 -15 23.529 -10.646 -11.25 24.561 -7.98 -15 
3 16 24.561 -7.98 -15 23.529 -10.646 -11.25 24.561 -7.98 -11.25 
3 16 22.541 -12.603 -13.263 13.678 -1.675 -14.5 22.541 -12.603 -15 
3 16 22.541 -12.603 -15 13.678 -1.675 -14.5 13.678 -1.675 -15 
3 16 14.895 0 -15 14.895 0 -11.25 23.529 -10.646 -15 
3 16 23.529 -10.646 -15 14.895 0 -11.25 23.529 -10.646 -11.25 
3 16 14.895 0 -15 23.529 -10.646 -15 13.678 -1.675 -15 
3 16 13.678 -1.675 -15 23.529 -10.646 -15 22.541 -12.603 -15 
3 16 25.825 0 -15 30 0 -15 24.561 -7.98 -15 
3 16 24.561 -7.98 -15 30 0 -15 28.532 -9.271 -15 
3 16 24.561 -7.98 -15 28.532 -9.271 -15 23.529 -10.646 -15 
3 16 23.529 -10.646 -15 28.532 -9.271 -15 22.541 -12.603 -15 
3 16 22.541 -12.603 -15 28.532 -9.271 -15 24.271 -17.634 -15 
3 16 28.532 -9.271 -15 28.532 -9.271 -11.25 24.271 -17.634 -15 
3 16 24.271 -17.634 -15 28.532 -9.271 -11.25 24.271 -17.634 -11.25 
3 16 30 0 -15 30 0 -11.25 28.532 -9.271 -15 
3 16 28.532 -9.271 -15 30 0 -11.25 28.532 -9.271 -11.25 
3 16 13.678 -1.675 -15 13.678 -1.675 -14.5 9.749 -7.083 -14.958 
3 16 13.678 -1.675 -14.5 5.82 -12.491 -14.5 9.749 -7.083 -14.958 
3 16 5.82 -12.491 -14.5 5.82 -12.491 -15 9.749 -7.083 -14.958 
3 16 24.561 -7.98 -11.25 28.532 -9.271 -11.25 25.825 0 -11.25 
3 16 25.825 0 -11.25 28.532 -9.271 -11.25 30 0 -11.25 
3 16 24.271 -17.634 -11.25 28.532 -9.271 -11.25 23.529 -10.646 -11.25 
3 16 23.529 -10.646 -11.25 28.532 -9.271 -11.25 24.561 -7.98 -11.25 
3 16 14.895 0 -11.25 10 0 -11.25 6.83 -6.83 -11.25 
3 16 24.271 -17.634 -11.25 23.529 -10.646 -11.25 17.395 -19.087 -11.25 
3 16 6.83 -6.83 -11.25 23.529 -10.646 -11.25 14.895 0 -11.25 
3 16 -20.893 -15.18 -11.25 -15.18 -20.893 -11.25 -20.893 -15.18 -15 
3 16 -20.893 -15.18 -15 -15.18 -20.893 -11.25 -15.18 -20.893 -15 
3 16 -15.18 -20.893 -11.25 -12.778 -22.442 -11.25 -15.18 -20.893 -15 
3 16 -15.18 -20.893 -15 -12.778 -22.442 -11.25 -12.778 -22.442 -15 
3 16 -10.828 -23.445 -13.263 -10.828 -23.445 -15 -10.081 -9.395 -14.5 
3 16 -10.081 -9.395 -14.5 -10.828 -23.445 -15 -10.081 -9.395 -15 
3 16 -12.778 -22.442 -11.25 -12.05 -8.755 -11.25 -12.778 -22.442 -15 
3 16 -12.778 -22.442 -15 -12.05 -8.755 -11.25 -12.05 -8.755 -15 
3 16 -9.093 -5.25 -15 -10.081 -9.395 -15 -12.05 -6.685 -15 
3 16 -12.05 -6.685 -15 -10.081 -9.395 -15 -12.05 -8.755 -15 
3 16 -10.081 -9.395 -15 -9.093 -5.25 -15 -3.724 -11.461 -14.958 
3 16 -9.093 -5.25 -15 -5.25 -9.093 -15 -3.724 -11.461 -14.958 
3 16 2.634 -13.526 -15 -3.724 -11.461 -14.958 0 -10.5 -15 
3 16 -3.724 -11.461 -14.958 -5.25 -9.093 -15 0 -10.5 -15 
3 16 -12.05 -8.755 -15 -10.081 -9.395 -15 -12.778 -22.442 -15 
3 16 -12.778 -22.442 -15 -10.081 -9.395 -15 -10.828 -23.445 -15 
3 16 -17.634 -24.271 -15 -24.271 -17.634 -15 -15.18 -20.893 -15 
3 16 -15.18 -20.893 -15 -24.271 -17.634 -15 -20.893 -15.18 -15 
3 16 -15.18 -20.893 -15 -12.778 -22.442 -15 -17.634 -24.271 -15 
3 16 -9.271 -28.532 -15 -17.634 -24.271 -15 -10.828 -23.445 -15 
3 16 -10.828 -23.445 -15 -17.634 -24.271 -15 -12.778 -22.442 -15 
3 16 -9.271 -28.532 -15 -10.828 -23.445 -15 -5.021 -25.332 -15 
3 16 -9.271 -28.532 -11.25 -17.634 -24.271 -11.25 -9.271 -28.532 -15 
3 16 -9.271 -28.532 -15 -17.634 -24.271 -11.25 -17.634 -24.271 -15 
3 16 -17.634 -24.271 -11.25 -24.271 -17.634 -11.25 -17.634 -24.271 -15 
3 16 -17.634 -24.271 -15 -24.271 -17.634 -11.25 -24.271 -17.634 -15 
3 16 -5.021 -25.332 -15 -10.828 -23.445 -15 -5.021 -25.332 -13.263 
3 16 -5.021 -25.332 -13.263 -10.828 -23.445 -15 -10.828 -23.445 -13.263 
3 16 -10.828 -23.445 -13.263 -10.081 -9.395 -14.5 -5.021 -25.332 -13.263 
3 16 -5.021 -25.332 -13.263 -10.081 -9.395 -14.5 2.634 -13.526 -14.5 
3 16 -24.271 -17.634 -11.25 -17.634 -24.271 -11.25 -20.893 -15.18 -11.25 
3 16 -20.893 -15.18 -11.25 -17.634 -24.271 -11.25 -15.18 -20.893 -11.25 
3 16 -9.271 -28.532 -11.25 -12.778 -22.442 -11.25 -17.634 -24.271 -11.25 
3 16 -17.634 -24.271 -11.25 -12.778 -22.442 -11.25 -15.18 -20.893 -11.25 
3 16 -12.778 -22.442 -11.25 -2.854 -25.667 -11.25 0 -10 -11.25 
3 16 -12.778 -22.442 -11.25 0 -10 -11.25 -6.83 -6.83 -11.25 
3 16 -6.83 -6.83 -11.25 -12.05 -8.755 -11.25 -12.778 -22.442 -11.25 
3 16 -24.561 -7.98 -15 -24.561 -7.98 -11.25 -20.893 -15.18 -15 
3 16 -20.893 -15.18 -15 -24.561 -7.98 -11.25 -20.893 -15.18 -11.25 
3 16 -25.293 -5.217 -15 -25.293 -5.217 -11.25 -24.561 -7.98 -15 
3 16 -24.561 -7.98 -15 -25.293 -5.217 -11.25 -24.561 -7.98 -11.25 
3 16 -25.644 -3.053 -13.263 -12.05 -6.685 -14.5 -25.644 -3.053 -15 
3 16 -25.644 -3.053 -15 -12.05 -6.685 -14.5 -12.05 -6.685 -15 
3 16 -12.05 -8.755 -15 -12.05 -8.755 -11.25 -25.293 -5.217 -15 
3 16 -25.293 -5.217 -15 -12.05 -8.755 -11.25 -25.293 -5.217 -11.25 
3 16 -12.05 -8.755 -15 -25.293 -5.217 -15 -12.05 -6.685 -15 
3 16 -12.05 -6.685 -15 -25.293 -5.217 -15 -25.644 -3.053 -15 
3 16 -20.893 -15.18 -15 -24.271 -17.634 -15 -24.561 -7.98 -15 
3 16 -24.561 -7.98 -15 -24.271 -17.634 -15 -28.532 -9.271 -15 
3 16 -24.561 -7.98 -15 -28.532 -9.271 -15 -25.293 -5.217 -15 
3 16 -25.293 -5.217 -15 -28.532 -9.271 -15 -25.644 -3.053 -15 
3 16 -25.644 -3.053 -15 -28.532 -9.271 -15 -30 0 -15 
3 16 -28.532 -9.271 -15 -28.532 -9.271 -11.25 -30 0 -15 
3 16 -30 0 -15 -28.532 -9.271 -11.25 -30 0 -11.25 
3 16 -24.271 -17.634 -15 -24.271 -17.634 -11.25 -28.532 -9.271 -15 
3 16 -28.532 -9.271 -15 -24.271 -17.634 -11.25 -28.532 -9.271 -11.25 
3 16 -12.05 -6.685 -15 -12.05 -6.685 -14.5 -12.05 6.685 -15 
3 16 -12.05 6.685 -15 -12.05 -6.685 -14.5 -12.05 6.685 -14.5 
3 16 -24.561 -7.98 -11.25 -28.532 -9.271 -11.25 -20.893 -15.18 -11.25 
3 16 -20.893 -15.18 -11.25 -28.532 -9.271 -11.25 -24.271 -17.634 -11.25 
3 16 -30 0 -11.25 -28.532 -9.271 -11.25 -25.293 -5.217 -11.25 
3 16 -25.293 -5.217 -11.25 -28.532 -9.271 -11.25 -24.561 -7.98 -11.25 
3 16 -12.05 -8.755 -11.25 -6.83 -6.83 -11.25 -10 0 -11.25 
3 16 -30 0 -11.25 -25.293 -5.217 -11.25 -25.293 5.217 -11.25 
3 16 -10 0 -11.25 -25.293 -5.217 -11.25 -12.05 -8.755 -11.25 
3 16 9.093 5.25 -15 10.5 0 -15 8.444 4.875 -12.25 
3 16 8.444 4.875 -12.25 10.5 0 -15 9.75 0 -12.25 
3 16 5.25 9.093 -15 9.093 5.25 -15 4.875 8.444 -12.25 
3 16 4.875 8.444 -12.25 9.093 5.25 -15 8.444 4.875 -12.25 
3 16 0 10.5 -15 5.25 9.093 -15 0 9.75 -12.25 
3 16 0 9.75 -12.25 5.25 9.093 -15 4.875 8.444 -12.25 
3 16 -5.25 9.093 -15 0 10.5 -15 -4.875 8.444 -12.25 
3 16 -4.875 8.444 -12.25 0 10.5 -15 0 9.75 -12.25 
3 16 -9.093 5.25 -15 -5.25 9.093 -15 -8.444 4.875 -12.25 
3 16 -8.444 4.875 -12.25 -5.25 9.093 -15 -4.875 8.444 -12.25 
3 16 -10.5 0 -15 -9.093 5.25 -15 -9.75 0 -12.25 
3 16 -9.75 0 -12.25 -9.093 5.25 -15 -8.444 4.875 -12.25 
3 16 -9.093 -5.25 -15 -10.5 0 -15 -8.444 -4.875 -12.25 
3 16 -8.444 -4.875 -12.25 -10.5 0 -15 -9.75 0 -12.25 
3 16 -5.25 -9.093 -15 -9.093 -5.25 -15 -4.875 -8.444 -12.25 
3 16 -4.875 -8.444 -12.25 -9.093 -5.25 -15 -8.444 -4.875 -12.25 
3 16 0 -10.5 -15 -5.25 -9.093 -15 0 -9.75 -12.25 
3 16 0 -9.75 -12.25 -5.25 -9.093 -15 -4.875 -8.444 -12.25 
3 16 5.25 -9.093 -15 0 -10.5 -15 4.875 -8.444 -12.25 
3 16 4.875 -8.444 -12.25 0 -10.5 -15 0 -9.75 -12.25 
3 16 9.093 -5.25 -15 5.25 -9.093 -15 8.444 -4.875 -12.25 
3 16 8.444 -4.875 -12.25 5.25 -9.093 -15 4.875 -8.444 -12.25 
3 16 10.5 0 -15 9.093 -5.25 -15 9.75 0 -12.25 
3 16 9.75 0 -12.25 9.093 -5.25 -15 8.444 -4.875 -12.25 
3 16 9.75 0 -12.25 8.444 -4.875 -12.25 0 0 -12.25 
3 16 8.444 4.875 -12.25 9.75 0 -12.25 0 0 -12.25 
3 16 4.875 8.444 -12.25 8.444 4.875 -12.25 0 0 -12.25 
3 16 4.875 8.444 -12.25 0 0 -12.25 0 9.75 -12.25 
3 16 -4.875 8.444 -12.25 0 9.75 -12.25 0 0 -12.25 
3 16 -4.875 8.444 -12.25 0 0 -12.25 -8.444 4.875 -12.25 
3 16 -9.75 0 -12.25 -8.444 4.875 -12.25 0 0 -12.25 
3 16 -8.444 -4.875 -12.25 -9.75 0 -12.25 0 0 -12.25 
3 16 -4.875 -8.444 -12.25 -8.444 -4.875 -12.25 0 0 -12.25 
3 16 -4.875 -8.444 -12.25 0 0 -12.25 0 -9.75 -12.25 
3 16 4.875 -8.444 -12.25 0 -9.75 -12.25 0 0 -12.25 
3 16 4.875 -8.444 -12.25 0 0 -12.25 8.444 -4.875 -12.25 
3 16 3.107 -7.5 -16 7.5 -3.107 -16 3.107 -7.5 -12.25 
3 16 3.107 -7.5 -12.25 7.5 -3.107 -16 7.5 -3.107 -12.25 
3 16 7.5 3.107 -12.25 7.5 -3.107 -12.25 7.5 3.107 -16 
3 16 7.5 3.107 -16 7.5 -3.107 -12.25 7.5 -3.107 -16 
3 16 7.5 3.107 -16 7.5 -3.107 -16 3.107 7.5 -16 
3 16 -3.107 7.5 -16 3.107 7.5 -16 3.107 -7.5 -16 
3 16 3.107 -7.5 -16 3.107 7.5 -16 7.5 -3.107 -16 
3 16 -7.5 -3.107 -16 -7.5 3.107 -16 -3.107 -7.5 -16 
3 16 -3.107 7.5 -16 -3.107 -7.5 -16 -7.5 3.107 -16 
3 16 -3.107 -7.5 -16 -3.107 7.5 -16 3.107 -7.5 -16 
3 16 3.107 7.5 -12.25 7.5 3.107 -12.25 3.107 7.5 -16 
3 16 3.107 7.5 -16 7.5 3.107 -12.25 7.5 3.107 -16 
3 16 -3.107 -7.5 -16 3.107 -7.5 -16 -3.107 -7.5 -12.25 
3 16 -3.107 -7.5 -12.25 3.107 -7.5 -16 3.107 -7.5 -12.25 
3 16 -7.5 -3.107 -16 -3.107 -7.5 -16 -7.5 -3.107 -12.25 
3 16 -7.5 -3.107 -12.25 -3.107 -7.5 -16 -3.107 -7.5 -12.25 
3 16 -7.5 3.107 -16 -7.5 -3.107 -16 -7.5 3.107 -12.25 
3 16 -7.5 3.107 -12.25 -7.5 -3.107 -16 -7.5 -3.107 -12.25 
3 16 -3.107 7.5 -16 -7.5 3.107 -16 -3.107 7.5 -12.25 
3 16 -3.107 7.5 -12.25 -7.5 3.107 -16 -7.5 3.107 -12.25 
3 16 3.107 7.5 -16 -3.107 7.5 -16 3.107 7.5 -12.25 
3 16 3.107 7.5 -12.25 -3.107 7.5 -16 -3.107 7.5 -12.25 
3 16 27.688 -7.839 -15 26.93 -7.947 -15 27.539 -7.587 -15.707 
3 16 27.539 -7.587 -15.707 26.93 -7.947 -15 27.003 -7.663 -15.707 
3 16 26.93 -7.947 -15 26.318 -7.487 -15 27.003 -7.663 -15.707 
3 16 27.003 -7.663 -15.707 26.318 -7.487 -15 26.57 -7.338 -15.707 
3 16 26.318 -7.487 -15 26.211 -6.73 -15 26.57 -7.338 -15.707 
3 16 26.57 -7.338 -15.707 26.211 -6.73 -15 26.494 -6.803 -15.707 
3 16 26.211 -6.73 -15 26.67 -6.118 -15 26.494 -6.803 -15.707 
3 16 26.494 -6.803 -15.707 26.67 -6.118 -15 26.819 -6.37 -15.707 
3 16 26.67 -6.118 -15 27.428 -6.01 -15 26.819 -6.37 -15.707 
3 16 26.819 -6.37 -15.707 27.428 -6.01 -15 27.355 -6.294 -15.707 
3 16 27.428 -6.01 -15 28.04 -6.469 -15 27.355 -6.294 -15.707 
3 16 27.355 -6.294 -15.707 28.04 -6.469 -15 27.788 -6.618 -15.707 
3 16 28.04 -6.469 -15 28.148 -7.227 -15 27.788 -6.618 -15.707 
3 16 27.788 -6.618 -15.707 28.148 -7.227 -15 27.864 -7.154 -15.707 
3 16 28.148 -7.227 -15 27.688 -7.839 -15 27.864 -7.154 -15.707 
3 16 27.864 -7.154 -15.707 27.688 -7.839 -15 27.539 -7.587 -15.707 
3 16 27.539 -7.587 -15.707 27.003 -7.663 -15.707 27.179 -6.978 -16 
3 16 27.003 -7.663 -15.707 26.57 -7.338 -15.707 27.179 -6.978 -16 
3 16 26.57 -7.338 -15.707 26.494 -6.803 -15.707 27.179 -6.978 -16 
3 16 26.494 -6.803 -15.707 26.819 -6.37 -15.707 27.179 -6.978 -16 
3 16 26.819 -6.37 -15.707 27.355 -6.294 -15.707 27.179 -6.978 -16 
3 16 27.355 -6.294 -15.707 27.788 -6.618 -15.707 27.179 -6.978 -16 
3 16 27.788 -6.618 -15.707 27.864 -7.154 -15.707 27.179 -6.978 -16 
3 16 27.864 -7.154 -15.707 27.539 -7.587 -15.707 27.179 -6.978 -16 
3 16 24.869 -14.479 -15 24.108 -14.395 -15 24.787 -14.197 -15.707 
3 16 24.787 -14.197 -15.707 24.108 -14.395 -15 24.249 -14.138 -15.707 
3 16 24.108 -14.395 -15 23.629 -13.797 -15 24.249 -14.138 -15.707 
3 16 24.249 -14.138 -15.707 23.629 -13.797 -15 23.911 -13.716 -15.707 
3 16 23.629 -13.797 -15 23.713 -13.037 -15 23.911 -13.716 -15.707 
3 16 23.911 -13.716 -15.707 23.713 -13.037 -15 23.97 -13.178 -15.707 
3 16 23.713 -13.037 -15 24.311 -12.558 -15 23.97 -13.178 -15.707 
3 16 23.97 -13.178 -15.707 24.311 -12.558 -15 24.392 -12.839 -15.707 
3 16 24.311 -12.558 -15 25.072 -12.642 -15 24.392 -12.839 -15.707 
3 16 24.392 -12.839 -15.707 25.072 -12.642 -15 24.93 -12.899 -15.707 
3 16 25.072 -12.642 -15 25.55 -13.239 -15 24.93 -12.899 -15.707 
3 16 24.93 -12.899 -15.707 25.55 -13.239 -15 25.269 -13.321 -15.707 
3 16 25.55 -13.239 -15 25.466 -14 -15 25.269 -13.321 -15.707 
3 16 25.269 -13.321 -15.707 25.466 -14 -15 25.209 -13.859 -15.707 
3 16 25.466 -14 -15 24.869 -14.479 -15 25.209 -13.859 -15.707 
3 16 25.209 -13.859 -15.707 24.869 -14.479 -15 24.787 -14.197 -15.707 
3 16 24.787 -14.197 -15.707 24.249 -14.138 -15.707 24.59 -13.518 -16 
3 16 24.249 -14.138 -15.707 23.911 -13.716 -15.707 24.59 -13.518 -16 
3 16 23.911 -13.716 -15.707 23.97 -13.178 -15.707 24.59 -13.518 -16 
3 16 23.97 -13.178 -15.707 24.392 -12.839 -15.707 24.59 -13.518 -16 
3 16 24.392 -12.839 -15.707 24.93 -12.899 -15.707 24.59 -13.518 -16 
3 16 24.93 -12.899 -15.707 25.269 -13.321 -15.707 24.59 -13.518 -16 
3 16 25.269 -13.321 -15.707 25.209 -13.859 -15.707 24.59 -13.518 -16 
3 16 25.209 -13.859 -15.707 24.787 -14.197 -15.707 24.59 -13.518 -16 
3 16 20.487 -20.208 -15 19.771 -19.938 -15 20.478 -19.916 -15.707 
3 16 20.478 -19.916 -15.707 19.771 -19.938 -15 19.971 -19.724 -15.707 
3 16 19.771 -19.938 -15 19.456 -19.24 -15 19.971 -19.724 -15.707 
3 16 19.971 -19.724 -15.707 19.456 -19.24 -15 19.749 -19.231 -15.707 
3 16 19.456 -19.24 -15 19.726 -18.524 -15 19.749 -19.231 -15.707 
3 16 19.749 -19.231 -15.707 19.726 -18.524 -15 19.94 -18.725 -15.707 
3 16 19.726 -18.524 -15 20.424 -18.209 -15 19.94 -18.725 -15.707 
3 16 19.94 -18.725 -15.707 20.424 -18.209 -15 20.433 -18.502 -15.707 
3 16 20.424 -18.209 -15 21.14 -18.48 -15 20.433 -18.502 -15.707 
3 16 20.433 -18.502 -15.707 21.14 -18.48 -15 20.939 -18.693 -15.707 
3 16 21.14 -18.48 -15 21.455 -19.177 -15 20.939 -18.693 -15.707 
3 16 20.939 -18.693 -15.707 21.455 -19.177 -15 21.162 -19.187 -15.707 
3 16 21.455 -19.177 -15 21.184 -19.893 -15 21.162 -19.187 -15.707 
3 16 21.162 -19.187 -15.707 21.184 -19.893 -15 20.971 -19.693 -15.707 
3 16 21.184 -19.893 -15 20.487 -20.208 -15 20.971 -19.693 -15.707 
3 16 20.971 -19.693 -15.707 20.487 -20.208 -15 20.478 -19.916 -15.707 
3 16 20.478 -19.916 -15.707 19.971 -19.724 -15.707 20.455 -19.209 -16 
3 16 19.971 -19.724 -15.707 19.749 -19.231 -15.707 20.455 -19.209 -16 
3 16 19.749 -19.231 -15.707 19.94 -18.725 -15.707 20.455 -19.209 -16 
3 16 19.94 -18.725 -15.707 20.433 -18.502 -15.707 20.455 -19.209 -16 
3 16 20.433 -18.502 -15.707 20.939 -18.693 -15.707 20.455 -19.209 -16 
3 16 20.939 -18.693 -15.707 21.162 -19.187 -15.707 20.455 -19.209 -16 
3 16 21.162 -19.187 -15.707 20.971 -19.693 -15.707 20.455 -19.209 -16 
3 16 20.971 -19.693 -15.707 20.478 -19.916 -15.707 20.455 -19.209 -16 
3 16 14.818 -24.668 -15 14.191 -24.228 -15 14.881 -24.383 -15.707 
3 16 14.881 -24.383 -15.707 14.191 -24.228 -15 14.439 -24.071 -15.707 
3 16 14.191 -24.228 -15 14.06 -23.474 -15 14.439 -24.071 -15.707 
3 16 14.439 -24.071 -15.707 14.06 -23.474 -15 14.346 -23.538 -15.707 
3 16 14.06 -23.474 -15 14.5 -22.848 -15 14.346 -23.538 -15.707 
3 16 14.346 -23.538 -15.707 14.5 -22.848 -15 14.657 -23.095 -15.707 
3 16 14.5 -22.848 -15 15.254 -22.717 -15 14.657 -23.095 -15.707 
3 16 14.657 -23.095 -15.707 15.254 -22.717 -15 15.19 -23.002 -15.707 
3 16 15.254 -22.717 -15 15.88 -23.157 -15 15.19 -23.002 -15.707 
3 16 15.19 -23.002 -15.707 15.88 -23.157 -15 15.633 -23.314 -15.707 
3 16 15.88 -23.157 -15 16.012 -23.911 -15 15.633 -23.314 -15.707 
3 16 15.633 -23.314 -15.707 16.012 -23.911 -15 15.726 -23.847 -15.707 
3 16 16.012 -23.911 -15 15.572 -24.537 -15 15.726 -23.847 -15.707 
3 16 15.726 -23.847 -15.707 15.572 -24.537 -15 15.415 -24.289 -15.707 
3 16 15.572 -24.537 -15 14.818 -24.668 -15 15.415 -24.289 -15.707 
3 16 15.415 -24.289 -15.707 14.818 -24.668 -15 14.881 -24.383 -15.707 
3 16 14.881 -24.383 -15.707 14.439 -24.071 -15.707 15.036 -23.692 -16 
3 16 14.439 -24.071 -15.707 14.346 -23.538 -15.707 15.036 -23.692 -16 
3 16 14.346 -23.538 -15.707 14.657 -23.095 -15.707 15.036 -23.692 -16 
3 16 14.657 -23.095 -15.707 15.19 -23.002 -15.707 15.036 -23.692 -16 
3 16 15.19 -23.002 -15.707 15.633 -23.314 -15.707 15.036 -23.692 -16 
3 16 15.633 -23.314 -15.707 15.726 -23.847 -15.707 15.036 -23.692 -16 
3 16 15.726 -23.847 -15.707 15.415 -24.289 -15.707 15.036 -23.692 -16 
3 16 15.415 -24.289 -15.707 14.881 -24.383 -15.707 15.036 -23.692 -16 
3 16 8.217 -27.578 -15 7.72 -26.996 -15 8.35 -27.317 -15.707 
3 16 8.35 -27.317 -15.707 7.72 -26.996 -15 7.999 -26.906 -15.707 
3 16 7.72 -26.996 -15 7.78 -26.233 -15 7.999 -26.906 -15.707 
3 16 7.999 -26.906 -15.707 7.78 -26.233 -15 8.041 -26.366 -15.707 
3 16 7.78 -26.233 -15 8.362 -25.736 -15 8.041 -26.366 -15.707 
3 16 8.041 -26.366 -15.707 8.362 -25.736 -15 8.453 -26.015 -15.707 
3 16 8.362 -25.736 -15 9.125 -25.796 -15 8.453 -26.015 -15.707 
3 16 8.453 -26.015 -15.707 9.125 -25.796 -15 8.992 -26.057 -15.707 
3 16 9.125 -25.796 -15 9.622 -26.378 -15 8.992 -26.057 -15.707 
3 16 8.992 -26.057 -15.707 9.622 -26.378 -15 9.344 -26.469 -15.707 
3 16 9.622 -26.378 -15 9.562 -27.141 -15 9.344 -26.469 -15.707 
3 16 9.344 -26.469 -15.707 9.562 -27.141 -15 9.301 -27.008 -15.707 
3 16 9.562 -27.141 -15 8.98 -27.638 -15 9.301 -27.008 -15.707 
3 16 9.301 -27.008 -15.707 8.98 -27.638 -15 8.89 -27.36 -15.707 
3 16 8.98 -27.638 -15 8.217 -27.578 -15 8.89 -27.36 -15.707 
3 16 8.89 -27.36 -15.707 8.217 -27.578 -15 8.35 -27.317 -15.707 
3 16 8.35 -27.317 -15.707 7.999 -26.906 -15.707 8.671 -26.687 -16 
3 16 7.999 -26.906 -15.707 8.041 -26.366 -15.707 8.671 -26.687 -16 
3 16 8.041 -26.366 -15.707 8.453 -26.015 -15.707 8.671 -26.687 -16 
3 16 8.453 -26.015 -15.707 8.992 -26.057 -15.707 8.671 -26.687 -16 
3 16 8.992 -26.057 -15.707 9.344 -26.469 -15.707 8.671 -26.687 -16 
3 16 9.344 -26.469 -15.707 9.301 -27.008 -15.707 8.671 -26.687 -16 
3 16 9.301 -27.008 -15.707 8.89 -27.36 -15.707 8.671 -26.687 -16 
3 16 8.89 -27.36 -15.707 8.35 -27.317 -15.707 8.671 -26.687 -16 
3 16 1.101 -28.755 -15 0.764 -28.068 -15 1.294 -28.536 -15.707 
3 16 1.294 -28.536 -15.707 0.764 -28.068 -15 1.056 -28.05 -15.707 
3 16 0.764 -28.068 -15 1.012 -27.344 -15 1.056 -28.05 -15.707 
3 16 1.056 -28.05 -15.707 1.012 -27.344 -15 1.232 -27.538 -15.707 
3 16 1.012 -27.344 -15 1.699 -27.007 -15 1.232 -27.538 -15.707 
3 16 1.232 -27.538 -15.707 1.699 -27.007 -15 1.718 -27.3 -15.707 
3 16 1.699 -27.007 -15 2.423 -27.255 -15 1.718 -27.3 -15.707 
3 16 1.718 -27.3 -15.707 2.423 -27.255 -15 2.23 -27.475 -15.707 
3 16 2.423 -27.255 -15 2.76 -27.943 -15 2.23 -27.475 -15.707 
3 16 2.23 -27.475 -15.707 2.76 -27.943 -15 2.468 -27.961 -15.707 
3 16 2.76 -27.943 -15 2.512 -28.667 -15 2.468 -27.961 -15.707 
3 16 2.468 -27.961 -15.707 2.512 -28.667 -15 2.292 -28.473 -15.707 
3 16 2.512 -28.667 -15 1.825 -29.003 -15 2.292 -28.473 -15.707 
3 16 2.292 -28.473 -15.707 1.825 -29.003 -15 1.806 -28.711 -15.707 
3 16 1.825 -29.003 -15 1.101 -28.755 -15 1.806 -28.711 -15.707 
3 16 1.806 -28.711 -15.707 1.101 -28.755 -15 1.294 -28.536 -15.707 
3 16 1.294 -28.536 -15.707 1.056 -28.05 -15.707 1.762 -28.005 -16 
3 16 1.056 -28.05 -15.707 1.232 -27.538 -15.707 1.762 -28.005 -16 
3 16 1.232 -27.538 -15.707 1.718 -27.3 -15.707 1.762 -28.005 -16 
3 16 1.718 -27.3 -15.707 2.23 -27.475 -15.707 1.762 -28.005 -16 
3 16 2.23 -27.475 -15.707 2.468 -27.961 -15.707 1.762 -28.005 -16 
3 16 2.468 -27.961 -15.707 2.292 -28.473 -15.707 1.762 -28.005 -16 
3 16 2.292 -28.473 -15.707 1.806 -28.711 -15.707 1.762 -28.005 -16 
3 16 1.806 -28.711 -15.707 1.294 -28.536 -15.707 1.762 -28.005 -16 
3 16 -6.085 -28.126 -15 -6.24 -27.376 -15 -5.843 -27.961 -15.707 
3 16 -5.843 -27.961 -15.707 -6.24 -27.376 -15 -5.953 -27.431 -15.707 
3 16 -6.24 -27.376 -15 -5.82 -26.737 -15 -5.953 -27.431 -15.707 
3 16 -5.953 -27.431 -15.707 -5.82 -26.737 -15 -5.656 -26.979 -15.707 
3 16 -5.82 -26.737 -15 -5.071 -26.581 -15 -5.656 -26.979 -15.707 
3 16 -5.656 -26.979 -15.707 -5.071 -26.581 -15 -5.126 -26.869 -15.707 
3 16 -5.071 -26.581 -15 -4.431 -27.002 -15 -5.126 -26.869 -15.707 
3 16 -5.126 -26.869 -15.707 -4.431 -27.002 -15 -4.673 -27.166 -15.707 
3 16 -4.431 -27.002 -15 -4.276 -27.751 -15 -4.673 -27.166 -15.707 
3 16 -4.673 -27.166 -15.707 -4.276 -27.751 -15 -4.563 -27.696 -15.707 
3 16 -4.276 -27.751 -15 -4.696 -28.391 -15 -4.563 -27.696 -15.707 
3 16 -4.563 -27.696 -15.707 -4.696 -28.391 -15 -4.861 -28.149 -15.707 
3 16 -4.696 -28.391 -15 -5.445 -28.546 -15 -4.861 -28.149 -15.707 
3 16 -4.861 -28.149 -15.707 -5.445 -28.546 -15 -5.391 -28.258 -15.707 
3 16 -5.445 -28.546 -15 -6.085 -28.126 -15 -5.391 -28.258 -15.707 
3 16 -5.391 -28.258 -15.707 -6.085 -28.126 -15 -5.843 -27.961 -15.707 
3 16 -5.843 -27.961 -15.707 -5.953 -27.431 -15.707 -5.258 -27.564 -16 
3 16 -5.953 -27.431 -15.707 -5.656 -26.979 -15.707 -5.258 -27.564 -16 
3 16 -5.656 -26.979 -15.707 -5.126 -26.869 -15.707 -5.258 -27.564 -16 
3 16 -5.126 -26.869 -15.707 -4.673 -27.166 -15.707 -5.258 -27.564 -16 
3 16 -4.673 -27.166 -15.707 -4.563 -27.696 -15.707 -5.258 -27.564 -16 
3 16 -4.563 -27.696 -15.707 -4.861 -28.149 -15.707 -5.258 -27.564 -16 
3 16 -4.861 -28.149 -15.707 -5.391 -28.258 -15.707 -5.258 -27.564 -16 
3 16 -5.391 -28.258 -15.707 -5.843 -27.961 -15.707 -5.258 -27.564 -16 
3 16 -12.889 -25.729 -15 -12.852 -24.964 -15 -12.613 -25.63 -15.707 
3 16 -12.613 -25.63 -15.707 -12.852 -24.964 -15 -12.587 -25.089 -15.707 
3 16 -12.852 -24.964 -15 -12.286 -24.449 -15 -12.587 -25.089 -15.707 
3 16 -12.587 -25.089 -15.707 -12.286 -24.449 -15 -12.187 -24.725 -15.707 
3 16 -12.286 -24.449 -15 -11.522 -24.485 -15 -12.187 -24.725 -15.707 
3 16 -12.187 -24.725 -15.707 -11.522 -24.485 -15 -11.647 -24.75 -15.707 
3 16 -11.522 -24.485 -15 -11.007 -25.051 -15 -11.647 -24.75 -15.707 
3 16 -11.647 -24.75 -15.707 -11.007 -25.051 -15 -11.282 -25.151 -15.707 
3 16 -11.007 -25.051 -15 -11.043 -25.816 -15 -11.282 -25.151 -15.707 
3 16 -11.282 -25.151 -15.707 -11.043 -25.816 -15 -11.308 -25.691 -15.707 
3 16 -11.043 -25.816 -15 -11.609 -26.331 -15 -11.308 -25.691 -15.707 
3 16 -11.308 -25.691 -15.707 -11.609 -26.331 -15 -11.708 -26.055 -15.707 
3 16 -11.609 -26.331 -15 -12.373 -26.295 -15 -11.708 -26.055 -15.707 
3 16 -11.708 -26.055 -15.707 -12.373 -26.295 -15 -12.249 -26.03 -15.707 
3 16 -12.373 -26.295 -15 -12.889 -25.729 -15 -12.249 -26.03 -15.707 
3 16 -12.249 -26.03 -15.707 -12.889 -25.729 -15 -12.613 -25.63 -15.707 
3 16 -12.613 -25.63 -15.707 -12.587 -25.089 -15.707 -11.948 -25.39 -16 
3 16 -12.587 -25.089 -15.707 -12.187 -24.725 -15.707 -11.948 -25.39 -16 
3 16 -12.187 -24.725 -15.707 -11.647 -24.75 -15.707 -11.948 -25.39 -16 
3 16 -11.647 -24.75 -15.707 -11.282 -25.151 -15.707 -11.948 -25.39 -16 
3 16 -11.282 -25.151 -15.707 -11.308 -25.691 -15.707 -11.948 -25.39 -16 
3 16 -11.308 -25.691 -15.707 -11.708 -26.055 -15.707 -11.948 -25.39 -16 
3 16 -11.708 -26.055 -15.707 -12.249 -26.03 -15.707 -11.948 -25.39 -16 
3 16 -12.249 -26.03 -15.707 -12.613 -25.63 -15.707 -11.948 -25.39 -16 
3 16 -18.882 -21.715 -15 -18.657 -20.984 -15 -18.591 -21.688 -15.707 
3 16 -18.591 -21.688 -15.707 -18.657 -20.984 -15 -18.431 -21.17 -15.707 
3 16 -18.657 -20.984 -15 -17.981 -20.626 -15 -18.431 -21.17 -15.707 
3 16 -18.431 -21.17 -15.707 -17.981 -20.626 -15 -17.953 -20.917 -15.707 
3 16 -17.981 -20.626 -15 -17.249 -20.851 -15 -17.953 -20.917 -15.707 
3 16 -17.953 -20.917 -15.707 -17.249 -20.851 -15 -17.436 -21.076 -15.707 
3 16 -17.249 -20.851 -15 -16.891 -21.527 -15 -17.436 -21.076 -15.707 
3 16 -17.436 -21.076 -15.707 -16.891 -21.527 -15 -17.183 -21.555 -15.707 
3 16 -16.891 -21.527 -15 -17.116 -22.259 -15 -17.183 -21.555 -15.707 
3 16 -17.183 -21.555 -15.707 -17.116 -22.259 -15 -17.342 -22.072 -15.707 
3 16 -17.116 -22.259 -15 -17.792 -22.617 -15 -17.342 -22.072 -15.707 
3 16 -17.342 -22.072 -15.707 -17.792 -22.617 -15 -17.82 -22.325 -15.707 
3 16 -17.792 -22.617 -15 -18.524 -22.392 -15 -17.82 -22.325 -15.707 
3 16 -17.82 -22.325 -15.707 -18.524 -22.392 -15 -18.337 -22.166 -15.707 
3 16 -18.524 -22.392 -15 -18.882 -21.715 -15 -18.337 -22.166 -15.707 
3 16 -18.337 -22.166 -15.707 -18.882 -21.715 -15 -18.591 -21.688 -15.707 
3 16 -18.591 -21.688 -15.707 -18.431 -21.17 -15.707 -17.887 -21.621 -16 
3 16 -18.431 -21.17 -15.707 -17.953 -20.917 -15.707 -17.887 -21.621 -16 
3 16 -17.953 -20.917 -15.707 -17.436 -21.076 -15.707 -17.887 -21.621 -16 
3 16 -17.436 -21.076 -15.707 -17.183 -21.555 -15.707 -17.887 -21.621 -16 
3 16 -17.183 -21.555 -15.707 -17.342 -22.072 -15.707 -17.887 -21.621 -16 
3 16 -17.342 -22.072 -15.707 -17.82 -22.325 -15.707 -17.887 -21.621 -16 
3 16 -17.82 -22.325 -15.707 -18.337 -22.166 -15.707 -17.887 -21.621 -16 
3 16 -18.337 -22.166 -15.707 -18.591 -21.688 -15.707 -17.887 -21.621 -16 
3 16 -23.689 -16.337 -15 -23.289 -15.685 -15 -23.4 -16.383 -15.707 
3 16 -23.4 -16.383 -15.707 -23.289 -15.685 -15 -23.117 -15.922 -15.707 
3 16 -23.289 -15.685 -15 -22.545 -15.506 -15 -23.117 -15.922 -15.707 
3 16 -23.117 -15.922 -15.707 -22.545 -15.506 -15 -22.591 -15.795 -15.707 
3 16 -22.545 -15.506 -15 -21.893 -15.906 -15 -22.591 -15.795 -15.707 
3 16 -22.591 -15.795 -15.707 -21.893 -15.906 -15 -22.13 -16.078 -15.707 
3 16 -21.893 -15.906 -15 -21.714 -16.65 -15 -22.13 -16.078 -15.707 
3 16 -22.13 -16.078 -15.707 -21.714 -16.65 -15 -22.003 -16.604 -15.707 
3 16 -21.714 -16.65 -15 -22.114 -17.303 -15 -22.003 -16.604 -15.707 
3 16 -22.003 -16.604 -15.707 -22.114 -17.303 -15 -22.286 -17.066 -15.707 
3 16 -22.114 -17.303 -15 -22.858 -17.481 -15 -22.286 -17.066 -15.707 
3 16 -22.286 -17.066 -15.707 -22.858 -17.481 -15 -22.812 -17.192 -15.707 
3 16 -22.858 -17.481 -15 -23.511 -17.081 -15 -22.812 -17.192 -15.707 
3 16 -22.812 -17.192 -15.707 -23.511 -17.081 -15 -23.274 -16.909 -15.707 
3 16 -23.511 -17.081 -15 -23.689 -16.337 -15 -23.274 -16.909 -15.707 
3 16 -23.274 -16.909 -15.707 -23.689 -16.337 -15 -23.4 -16.383 -15.707 
3 16 -23.4 -16.383 -15.707 -23.117 -15.922 -15.707 -22.702 -16.494 -16 
3 16 -23.117 -15.922 -15.707 -22.591 -15.795 -15.707 -22.702 -16.494 -16 
3 16 -22.591 -15.795 -15.707 -22.13 -16.078 -15.707 -22.702 -16.494 -16 
3 16 -22.13 -16.078 -15.707 -22.003 -16.604 -15.707 -22.702 -16.494 -16 
3 16 -22.003 -16.604 -15.707 -22.286 -17.066 -15.707 -22.702 -16.494 -16 
3 16 -22.286 -17.066 -15.707 -22.812 -17.192 -15.707 -22.702 -16.494 -16 
3 16 -22.812 -17.192 -15.707 -23.274 -16.909 -15.707 -22.702 -16.494 -16 
3 16 -23.274 -16.909 -15.707 -23.4 -16.383 -15.707 -22.702 -16.494 -16 
3 16 -27.008 -9.933 -15 -26.458 -9.4 -15 -26.739 -10.049 -15.707 
3 16 -26.739 -10.049 -15.707 -26.458 -9.4 -15 -26.35 -9.672 -15.707 
3 16 -26.458 -9.4 -15 -25.693 -9.412 -15 -26.35 -9.672 -15.707 
3 16 -26.35 -9.672 -15.707 -25.693 -9.412 -15 -25.809 -9.681 -15.707 
3 16 -25.693 -9.412 -15 -25.16 -9.962 -15 -25.809 -9.681 -15.707 
3 16 -25.809 -9.681 -15.707 -25.16 -9.962 -15 -25.433 -10.07 -15.707 
3 16 -25.16 -9.962 -15 -25.172 -10.727 -15 -25.433 -10.07 -15.707 
3 16 -25.433 -10.07 -15.707 -25.172 -10.727 -15 -25.441 -10.611 -15.707 
3 16 -25.172 -10.727 -15 -25.722 -11.26 -15 -25.441 -10.611 -15.707 
3 16 -25.441 -10.611 -15.707 -25.722 -11.26 -15 -25.83 -10.987 -15.707 
3 16 -25.722 -11.26 -15 -26.487 -11.248 -15 -25.83 -10.987 -15.707 
3 16 -25.83 -10.987 -15.707 -26.487 -11.248 -15 -26.371 -10.979 -15.707 
3 16 -26.487 -11.248 -15 -27.02 -10.698 -15 -26.371 -10.979 -15.707 
3 16 -26.371 -10.979 -15.707 -27.02 -10.698 -15 -26.748 -10.59 -15.707 
3 16 -27.02 -10.698 -15 -27.008 -9.933 -15 -26.748 -10.59 -15.707 
3 16 -26.748 -10.59 -15.707 -27.008 -9.933 -15 -26.739 -10.049 -15.707 
3 16 -26.739 -10.049 -15.707 -26.35 -9.672 -15.707 -26.09 -10.33 -16 
3 16 -26.35 -9.672 -15.707 -25.809 -9.681 -15.707 -26.09 -10.33 -16 
3 16 -25.809 -9.681 -15.707 -25.433 -10.07 -15.707 -26.09 -10.33 -16 
3 16 -25.433 -10.07 -15.707 -25.441 -10.611 -15.707 -26.09 -10.33 -16 
3 16 -25.441 -10.611 -15.707 -25.83 -10.987 -15.707 -26.09 -10.33 -16 
3 16 -25.83 -10.987 -15.707 -26.371 -10.979 -15.707 -26.09 -10.33 -16 
3 16 -26.371 -10.979 -15.707 -26.748 -10.59 -15.707 -26.09 -10.33 -16 
3 16 -26.748 -10.59 -15.707 -26.739 -10.049 -15.707 -26.09 -10.33 -16 
3 16 -28.63 -2.904 -15 -27.965 -2.525 -15 -28.398 -3.084 -15.707 
3 16 -28.398 -3.084 -15.707 -27.965 -2.525 -15 -27.928 -2.815 -15.707 
3 16 -27.965 -2.525 -15 -27.227 -2.727 -15 -27.928 -2.815 -15.707 
3 16 -27.928 -2.815 -15.707 -27.227 -2.727 -15 -27.406 -2.958 -15.707 
3 16 -27.227 -2.727 -15 -26.847 -3.392 -15 -27.406 -2.958 -15.707 
3 16 -27.406 -2.958 -15.707 -26.847 -3.392 -15 -27.138 -3.428 -15.707 
3 16 -26.847 -3.392 -15 -27.049 -4.13 -15 -27.138 -3.428 -15.707 
3 16 -27.138 -3.428 -15.707 -27.049 -4.13 -15 -27.281 -3.95 -15.707 
3 16 -27.049 -4.13 -15 -27.714 -4.509 -15 -27.281 -3.95 -15.707 
3 16 -27.281 -3.95 -15.707 -27.714 -4.509 -15 -27.751 -4.218 -15.707 
3 16 -27.714 -4.509 -15 -28.452 -4.307 -15 -27.751 -4.218 -15.707 
3 16 -27.751 -4.218 -15.707 -28.452 -4.307 -15 -28.273 -4.076 -15.707 
3 16 -28.452 -4.307 -15 -28.832 -3.642 -15 -28.273 -4.076 -15.707 
3 16 -28.273 -4.076 -15.707 -28.832 -3.642 -15 -28.541 -3.606 -15.707 
3 16 -28.832 -3.642 -15 -28.63 -2.904 -15 -28.541 -3.606 -15.707 
3 16 -28.541 -3.606 -15.707 -28.63 -2.904 -15 -28.398 -3.084 -15.707 
3 16 -28.398 -3.084 -15.707 -27.928 -2.815 -15.707 -27.839 -3.517 -16 
3 16 -27.928 -2.815 -15.707 -27.406 -2.958 -15.707 -27.839 -3.517 -16 
3 16 -27.406 -2.958 -15.707 -27.138 -3.428 -15.707 -27.839 -3.517 -16 
3 16 -27.138 -3.428 -15.707 -27.281 -3.95 -15.707 -27.839 -3.517 -16 
3 16 -27.281 -3.95 -15.707 -27.751 -4.218 -15.707 -27.839 -3.517 -16 
3 16 -27.751 -4.218 -15.707 -28.273 -4.076 -15.707 -27.839 -3.517 -16 
3 16 -28.273 -4.076 -15.707 -28.541 -3.606 -15.707 -27.839 -3.517 -16 
3 16 -28.541 -3.606 -15.707 -28.398 -3.084 -15.707 -27.839 -3.517 -16 
3 16 -28.452 4.307 -15 -27.714 4.509 -15 -28.273 4.076 -15.707 
3 16 -28.273 4.076 -15.707 -27.714 4.509 -15 -27.751 4.218 -15.707 
3 16 -27.714 4.509 -15 -27.049 4.13 -15 -27.751 4.218 -15.707 
3 16 -27.751 4.218 -15.707 -27.049 4.13 -15 -27.281 3.95 -15.707 
3 16 -27.049 4.13 -15 -26.847 3.392 -15 -27.281 3.95 -15.707 
3 16 -27.281 3.95 -15.707 -26.847 3.392 -15 -27.138 3.428 -15.707 
3 16 -26.847 3.392 -15 -27.227 2.727 -15 -27.138 3.428 -15.707 
3 16 -27.138 3.428 -15.707 -27.227 2.727 -15 -27.406 2.958 -15.707 
3 16 -27.227 2.727 -15 -27.965 2.525 -15 -27.406 2.958 -15.707 
3 16 -27.406 2.958 -15.707 -27.965 2.525 -15 -27.928 2.815 -15.707 
3 16 -27.965 2.525 -15 -28.63 2.904 -15 -27.928 2.815 -15.707 
3 16 -27.928 2.815 -15.707 -28.63 2.904 -15 -28.398 3.084 -15.707 
3 16 -28.63 2.904 -15 -28.832 3.642 -15 -28.398 3.084 -15.707 
3 16 -28.398 3.084 -15.707 -28.832 3.642 -15 -28.541 3.606 -15.707 
3 16 -28.832 3.642 -15 -28.452 4.307 -15 -28.541 3.606 -15.707 
3 16 -28.541 3.606 -15.707 -28.452 4.307 -15 -28.273 4.076 -15.707 
3 16 -28.273 4.076 -15.707 -27.751 4.218 -15.707 -27.839 3.517 -16 
3 16 -27.751 4.218 -15.707 -27.281 3.95 -15.707 -27.839 3.517 -16 
3 16 -27.281 3.95 -15.707 -27.138 3.428 -15.707 -27.839 3.517 -16 
3 16 -27.138 3.428 -15.707 -27.406 2.958 -15.707 -27.839 3.517 -16 
3 16 -27.406 2.958 -15.707 -27.928 2.815 -15.707 -27.839 3.517 -16 
3 16 -27.928 2.815 -15.707 -28.398 3.084 -15.707 -27.839 3.517 -16 
3 16 -28.398 3.084 -15.707 -28.541 3.606 -15.707 -27.839 3.517 -16 
3 16 -28.541 3.606 -15.707 -28.273 4.076 -15.707 -27.839 3.517 -16 
3 16 -26.487 11.248 -15 -25.722 11.26 -15 -26.371 10.979 -15.707 
3 16 -26.371 10.979 -15.707 -25.722 11.26 -15 -25.83 10.987 -15.707 
3 16 -25.722 11.26 -15 -25.172 10.727 -15 -25.83 10.987 -15.707 
3 16 -25.83 10.987 -15.707 -25.172 10.727 -15 -25.441 10.611 -15.707 
3 16 -25.172 10.727 -15 -25.16 9.962 -15 -25.441 10.611 -15.707 
3 16 -25.441 10.611 -15.707 -25.16 9.962 -15 -25.433 10.07 -15.707 
3 16 -25.16 9.962 -15 -25.693 9.412 -15 -25.433 10.07 -15.707 
3 16 -25.433 10.07 -15.707 -25.693 9.412 -15 -25.809 9.681 -15.707 
3 16 -25.693 9.412 -15 -26.458 9.4 -15 -25.809 9.681 -15.707 
3 16 -25.809 9.681 -15.707 -26.458 9.4 -15 -26.35 9.672 -15.707 
3 16 -26.458 9.4 -15 -27.008 9.933 -15 -26.35 9.672 -15.707 
3 16 -26.35 9.672 -15.707 -27.008 9.933 -15 -26.739 10.049 -15.707 
3 16 -27.008 9.933 -15 -27.02 10.698 -15 -26.739 10.049 -15.707 
3 16 -26.739 10.049 -15.707 -27.02 10.698 -15 -26.748 10.59 -15.707 
3 16 -27.02 10.698 -15 -26.487 11.248 -15 -26.748 10.59 -15.707 
3 16 -26.748 10.59 -15.707 -26.487 11.248 -15 -26.371 10.979 -15.707 
3 16 -26.371 10.979 -15.707 -25.83 10.987 -15.707 -26.09 10.33 -16 
3 16 -25.83 10.987 -15.707 -25.441 10.611 -15.707 -26.09 10.33 -16 
3 16 -25.441 10.611 -15.707 -25.433 10.07 -15.707 -26.09 10.33 -16 
3 16 -25.433 10.07 -15.707 -25.809 9.681 -15.707 -26.09 10.33 -16 
3 16 -25.809 9.681 -15.707 -26.35 9.672 -15.707 -26.09 10.33 -16 
3 16 -26.35 9.672 -15.707 -26.739 10.049 -15.707 -26.09 10.33 -16 
3 16 -26.739 10.049 -15.707 -26.748 10.59 -15.707 -26.09 10.33 -16 
3 16 -26.748 10.59 -15.707 -26.371 10.979 -15.707 -26.09 10.33 -16 
3 16 -22.858 17.481 -15 -22.114 17.303 -15 -22.812 17.192 -15.707 
3 16 -22.812 17.192 -15.707 -22.114 17.303 -15 -22.286 17.066 -15.707 
3 16 -22.114 17.303 -15 -21.714 16.65 -15 -22.286 17.066 -15.707 
3 16 -22.286 17.066 -15.707 -21.714 16.65 -15 -22.003 16.604 -15.707 
3 16 -21.714 16.65 -15 -21.893 15.906 -15 -22.003 16.604 -15.707 
3 16 -22.003 16.604 -15.707 -21.893 15.906 -15 -22.13 16.078 -15.707 
3 16 -21.893 15.906 -15 -22.545 15.506 -15 -22.13 16.078 -15.707 
3 16 -22.13 16.078 -15.707 -22.545 15.506 -15 -22.591 15.795 -15.707 
3 16 -22.545 15.506 -15 -23.289 15.685 -15 -22.591 15.795 -15.707 
3 16 -22.591 15.795 -15.707 -23.289 15.685 -15 -23.117 15.922 -15.707 
3 16 -23.289 15.685 -15 -23.689 16.337 -15 -23.117 15.922 -15.707 
3 16 -23.117 15.922 -15.707 -23.689 16.337 -15 -23.4 16.383 -15.707 
3 16 -23.689 16.337 -15 -23.511 17.081 -15 -23.4 16.383 -15.707 
3 16 -23.4 16.383 -15.707 -23.511 17.081 -15 -23.274 16.909 -15.707 
3 16 -23.511 17.081 -15 -22.858 17.481 -15 -23.274 16.909 -15.707 
3 16 -23.274 16.909 -15.707 -22.858 17.481 -15 -22.812 17.192 -15.707 
3 16 -22.812 17.192 -15.707 -22.286 17.066 -15.707 -22.702 16.494 -16 
3 16 -22.286 17.066 -15.707 -22.003 16.604 -15.707 -22.702 16.494 -16 
3 16 -22.003 16.604 -15.707 -22.13 16.078 -15.707 -22.702 16.494 -16 
3 16 -22.13 16.078 -15.707 -22.591 15.795 -15.707 -22.702 16.494 -16 
3 16 -22.591 15.795 -15.707 -23.117 15.922 -15.707 -22.702 16.494 -16 
3 16 -23.117 15.922 -15.707 -23.4 16.383 -15.707 -22.702 16.494 -16 
3 16 -23.4 16.383 -15.707 -23.274 16.909 -15.707 -22.702 16.494 -16 
3 16 -23.274 16.909 -15.707 -22.812 17.192 -15.707 -22.702 16.494 -16 
3 16 -17.792 22.617 -15 -17.116 22.259 -15 -17.82 22.325 -15.707 
3 16 -17.82 22.325 -15.707 -17.116 22.259 -15 -17.342 22.072 -15.707 
3 16 -17.116 22.259 -15 -16.891 21.527 -15 -17.342 22.072 -15.707 
3 16 -17.342 22.072 -15.707 -16.891 21.527 -15 -17.183 21.555 -15.707 
3 16 -16.891 21.527 -15 -17.249 20.851 -15 -17.183 21.555 -15.707 
3 16 -17.183 21.555 -15.707 -17.249 20.851 -15 -17.436 21.076 -15.707 
3 16 -17.249 20.851 -15 -17.981 20.626 -15 -17.436 21.076 -15.707 
3 16 -17.436 21.076 -15.707 -17.981 20.626 -15 -17.953 20.917 -15.707 
3 16 -17.981 20.626 -15 -18.657 20.984 -15 -17.953 20.917 -15.707 
3 16 -17.953 20.917 -15.707 -18.657 20.984 -15 -18.431 21.17 -15.707 
3 16 -18.657 20.984 -15 -18.882 21.715 -15 -18.431 21.17 -15.707 
3 16 -18.431 21.17 -15.707 -18.882 21.715 -15 -18.591 21.688 -15.707 
3 16 -18.882 21.715 -15 -18.524 22.392 -15 -18.591 21.688 -15.707 
3 16 -18.591 21.688 -15.707 -18.524 22.392 -15 -18.337 22.166 -15.707 
3 16 -18.524 22.392 -15 -17.792 22.617 -15 -18.337 22.166 -15.707 
3 16 -18.337 22.166 -15.707 -17.792 22.617 -15 -17.82 22.325 -15.707 
3 16 -17.82 22.325 -15.707 -17.342 22.072 -15.707 -17.887 21.621 -16 
3 16 -17.342 22.072 -15.707 -17.183 21.555 -15.707 -17.887 21.621 -16 
3 16 -17.183 21.555 -15.707 -17.436 21.076 -15.707 -17.887 21.621 -16 
3 16 -17.436 21.076 -15.707 -17.953 20.917 -15.707 -17.887 21.621 -16 
3 16 -17.953 20.917 -15.707 -18.431 21.17 -15.707 -17.887 21.621 -16 
3 16 -18.431 21.17 -15.707 -18.591 21.688 -15.707 -17.887 21.621 -16 
3 16 -18.591 21.688 -15.707 -18.337 22.166 -15.707 -17.887 21.621 -16 
3 16 -18.337 22.166 -15.707 -17.82 22.325 -15.707 -17.887 21.621 -16 
3 16 -11.609 26.331 -15 -11.043 25.816 -15 -11.708 26.055 -15.707 
3 16 -11.708 26.055 -15.707 -11.043 25.816 -15 -11.308 25.691 -15.707 
3 16 -11.043 25.816 -15 -11.007 25.051 -15 -11.308 25.691 -15.707 
3 16 -11.308 25.691 -15.707 -11.007 25.051 -15 -11.282 25.151 -15.707 
3 16 -11.007 25.051 -15 -11.522 24.485 -15 -11.282 25.151 -15.707 
3 16 -11.282 25.151 -15.707 -11.522 24.485 -15 -11.647 24.75 -15.707 
3 16 -11.522 24.485 -15 -12.286 24.449 -15 -11.647 24.75 -15.707 
3 16 -11.647 24.75 -15.707 -12.286 24.449 -15 -12.187 24.725 -15.707 
3 16 -12.286 24.449 -15 -12.852 24.964 -15 -12.187 24.725 -15.707 
3 16 -12.187 24.725 -15.707 -12.852 24.964 -15 -12.587 25.089 -15.707 
3 16 -12.852 24.964 -15 -12.889 25.729 -15 -12.587 25.089 -15.707 
3 16 -12.587 25.089 -15.707 -12.889 25.729 -15 -12.613 25.63 -15.707 
3 16 -12.889 25.729 -15 -12.373 26.295 -15 -12.613 25.63 -15.707 
3 16 -12.613 25.63 -15.707 -12.373 26.295 -15 -12.249 26.03 -15.707 
3 16 -12.373 26.295 -15 -11.609 26.331 -15 -12.249 26.03 -15.707 
3 16 -12.249 26.03 -15.707 -11.609 26.331 -15 -11.708 26.055 -15.707 
3 16 -11.708 26.055 -15.707 -11.308 25.691 -15.707 -11.948 25.39 -16 
3 16 -11.308 25.691 -15.707 -11.282 25.151 -15.707 -11.948 25.39 -16 
3 16 -11.282 25.151 -15.707 -11.647 24.75 -15.707 -11.948 25.39 -16 
3 16 -11.647 24.75 -15.707 -12.187 24.725 -15.707 -11.948 25.39 -16 
3 16 -12.187 24.725 -15.707 -12.587 25.089 -15.707 -11.948 25.39 -16 
3 16 -12.587 25.089 -15.707 -12.613 25.63 -15.707 -11.948 25.39 -16 
3 16 -12.613 25.63 -15.707 -12.249 26.03 -15.707 -11.948 25.39 -16 
3 16 -12.249 26.03 -15.707 -11.708 26.055 -15.707 -11.948 25.39 -16 
3 16 -4.696 28.391 -15 -4.276 27.751 -15 -4.861 28.149 -15.707 
3 16 -4.861 28.149 -15.707 -4.276 27.751 -15 -4.563 27.696 -15.707 
3 16 -4.276 27.751 -15 -4.431 27.002 -15 -4.563 27.696 -15.707 
3 16 -4.563 27.696 -15.707 -4.431 27.002 -15 -4.673 27.166 -15.707 
3 16 -4.431 27.002 -15 -5.071 26.581 -15 -4.673 27.166 -15.707 
3 16 -4.673 27.166 -15.707 -5.071 26.581 -15 -5.126 26.869 -15.707 
3 16 -5.071 26.581 -15 -5.82 26.737 -15 -5.126 26.869 -15.707 
3 16 -5.126 26.869 -15.707 -5.82 26.737 -15 -5.656 26.979 -15.707 
3 16 -5.82 26.737 -15 -6.24 27.376 -15 -5.656 26.979 -15.707 
3 16 -5.656 26.979 -15.707 -6.24 27.376 -15 -5.953 27.431 -15.707 
3 16 -6.24 27.376 -15 -6.085 28.126 -15 -5.953 27.431 -15.707 
3 16 -5.953 27.431 -15.707 -6.085 28.126 -15 -5.843 27.961 -15.707 
3 16 -6.085 28.126 -15 -5.445 28.546 -15 -5.843 27.961 -15.707 
3 16 -5.843 27.961 -15.707 -5.445 28.546 -15 -5.391 28.258 -15.707 
3 16 -5.445 28.546 -15 -4.696 28.391 -15 -5.391 28.258 -15.707 
3 16 -5.391 28.258 -15.707 -4.696 28.391 -15 -4.861 28.149 -15.707 
3 16 -4.861 28.149 -15.707 -4.563 27.696 -15.707 -5.258 27.564 -16 
3 16 -4.563 27.696 -15.707 -4.673 27.166 -15.707 -5.258 27.564 -16 
3 16 -4.673 27.166 -15.707 -5.126 26.869 -15.707 -5.258 27.564 -16 
3 16 -5.126 26.869 -15.707 -5.656 26.979 -15.707 -5.258 27.564 -16 
3 16 -5.656 26.979 -15.707 -5.953 27.431 -15.707 -5.258 27.564 -16 
3 16 -5.953 27.431 -15.707 -5.843 27.961 -15.707 -5.258 27.564 -16 
3 16 -5.843 27.961 -15.707 -5.391 28.258 -15.707 -5.258 27.564 -16 
3 16 -5.391 28.258 -15.707 -4.861 28.149 -15.707 -5.258 27.564 -16 
3 16 2.512 28.667 -15 2.76 27.943 -15 2.292 28.473 -15.707 
3 16 2.292 28.473 -15.707 2.76 27.943 -15 2.468 27.961 -15.707 
3 16 2.76 27.943 -15 2.423 27.255 -15 2.468 27.961 -15.707 
3 16 2.468 27.961 -15.707 2.423 27.255 -15 2.23 27.475 -15.707 
3 16 2.423 27.255 -15 1.699 27.007 -15 2.23 27.475 -15.707 
3 16 2.23 27.475 -15.707 1.699 27.007 -15 1.718 27.3 -15.707 
3 16 1.699 27.007 -15 1.012 27.344 -15 1.718 27.3 -15.707 
3 16 1.718 27.3 -15.707 1.012 27.344 -15 1.232 27.538 -15.707 
3 16 1.012 27.344 -15 0.764 28.068 -15 1.232 27.538 -15.707 
3 16 1.232 27.538 -15.707 0.764 28.068 -15 1.056 28.05 -15.707 
3 16 0.764 28.068 -15 1.101 28.755 -15 1.056 28.05 -15.707 
3 16 1.056 28.05 -15.707 1.101 28.755 -15 1.294 28.536 -15.707 
3 16 1.101 28.755 -15 1.825 29.003 -15 1.294 28.536 -15.707 
3 16 1.294 28.536 -15.707 1.825 29.003 -15 1.806 28.711 -15.707 
3 16 1.825 29.003 -15 2.512 28.667 -15 1.806 28.711 -15.707 
3 16 1.806 28.711 -15.707 2.512 28.667 -15 2.292 28.473 -15.707 
3 16 2.292 28.473 -15.707 2.468 27.961 -15.707 1.762 28.005 -16 
3 16 2.468 27.961 -15.707 2.23 27.475 -15.707 1.762 28.005 -16 
3 16 2.23 27.475 -15.707 1.718 27.3 -15.707 1.762 28.005 -16 
3 16 1.718 27.3 -15.707 1.232 27.538 -15.707 1.762 28.005 -16 
3 16 1.232 27.538 -15.707 1.056 28.05 -15.707 1.762 28.005 -16 
3 16 1.056 28.05 -15.707 1.294 28.536 -15.707 1.762 28.005 -16 
3 16 1.294 28.536 -15.707 1.806 28.711 -15.707 1.762 28.005 -16 
3 16 1.806 28.711 -15.707 2.292 28.473 -15.707 1.762 28.005 -16 
3 16 9.562 27.141 -15 9.622 26.378 -15 9.301 27.008 -15.707 
3 16 9.301 27.008 -15.707 9.622 26.378 -15 9.344 26.469 -15.707 
3 16 9.622 26.378 -15 9.125 25.796 -15 9.344 26.469 -15.707 
3 16 9.344 26.469 -15.707 9.125 25.796 -15 8.992 26.057 -15.707 
3 16 9.125 25.796 -15 8.362 25.736 -15 8.992 26.057 -15.707 
3 16 8.992 26.057 -15.707 8.362 25.736 -15 8.453 26.015 -15.707 
3 16 8.362 25.736 -15 7.78 26.233 -15 8.453 26.015 -15.707 
3 16 8.453 26.015 -15.707 7.78 26.233 -15 8.041 26.366 -15.707 
3 16 7.78 26.233 -15 7.72 26.996 -15 8.041 26.366 -15.707 
3 16 8.041 26.366 -15.707 7.72 26.996 -15 7.999 26.906 -15.707 
3 16 7.72 26.996 -15 8.217 27.578 -15 7.999 26.906 -15.707 
3 16 7.999 26.906 -15.707 8.217 27.578 -15 8.35 27.317 -15.707 
3 16 8.217 27.578 -15 8.98 27.638 -15 8.35 27.317 -15.707 
3 16 8.35 27.317 -15.707 8.98 27.638 -15 8.89 27.36 -15.707 
3 16 8.98 27.638 -15 9.562 27.141 -15 8.89 27.36 -15.707 
3 16 8.89 27.36 -15.707 9.562 27.141 -15 9.301 27.008 -15.707 
3 16 9.301 27.008 -15.707 9.344 26.469 -15.707 8.671 26.687 -16 
3 16 9.344 26.469 -15.707 8.992 26.057 -15.707 8.671 26.687 -16 
3 16 8.992 26.057 -15.707 8.453 26.015 -15.707 8.671 26.687 -16 
3 16 8.453 26.015 -15.707 8.041 26.366 -15.707 8.671 26.687 -16 
3 16 8.041 26.366 -15.707 7.999 26.906 -15.707 8.671 26.687 -16 
3 16 7.999 26.906 -15.707 8.35 27.317 -15.707 8.671 26.687 -16 
3 16 8.35 27.317 -15.707 8.89 27.36 -15.707 8.671 26.687 -16 
3 16 8.89 27.36 -15.707 9.301 27.008 -15.707 8.671 26.687 -16 
3 16 16.012 23.911 -15 15.88 23.157 -15 15.726 23.847 -15.707 
3 16 15.726 23.847 -15.707 15.88 23.157 -15 15.633 23.314 -15.707 
3 16 15.88 23.157 -15 15.254 22.717 -15 15.633 23.314 -15.707 
3 16 15.633 23.314 -15.707 15.254 22.717 -15 15.19 23.002 -15.707 
3 16 15.254 22.717 -15 14.5 22.848 -15 15.19 23.002 -15.707 
3 16 15.19 23.002 -15.707 14.5 22.848 -15 14.657 23.095 -15.707 
3 16 14.5 22.848 -15 14.06 23.474 -15 14.657 23.095 -15.707 
3 16 14.657 23.095 -15.707 14.06 23.474 -15 14.346 23.538 -15.707 
3 16 14.06 23.474 -15 14.191 24.228 -15 14.346 23.538 -15.707 
3 16 14.346 23.538 -15.707 14.191 24.228 -15 14.439 24.071 -15.707 
3 16 14.191 24.228 -15 14.818 24.668 -15 14.439 24.071 -15.707 
3 16 14.439 24.071 -15.707 14.818 24.668 -15 14.881 24.383 -15.707 
3 16 14.818 24.668 -15 15.572 24.537 -15 14.881 24.383 -15.707 
3 16 14.881 24.383 -15.707 15.572 24.537 -15 15.415 24.289 -15.707 
3 16 15.572 24.537 -15 16.012 23.911 -15 15.415 24.289 -15.707 
3 16 15.415 24.289 -15.707 16.012 23.911 -15 15.726 23.847 -15.707 
3 16 15.726 23.847 -15.707 15.633 23.314 -15.707 15.036 23.692 -16 
3 16 15.633 23.314 -15.707 15.19 23.002 -15.707 15.036 23.692 -16 
3 16 15.19 23.002 -15.707 14.657 23.095 -15.707 15.036 23.692 -16 
3 16 14.657 23.095 -15.707 14.346 23.538 -15.707 15.036 23.692 -16 
3 16 14.346 23.538 -15.707 14.439 24.071 -15.707 15.036 23.692 -16 
3 16 14.439 24.071 -15.707 14.881 24.383 -15.707 15.036 23.692 -16 
3 16 14.881 24.383 -15.707 15.415 24.289 -15.707 15.036 23.692 -16 
3 16 15.415 24.289 -15.707 15.726 23.847 -15.707 15.036 23.692 -16 
3 16 21.455 19.177 -15 21.14 18.48 -15 21.162 19.187 -15.707 
3 16 21.162 19.187 -15.707 21.14 18.48 -15 20.939 18.693 -15.707 
3 16 21.14 18.48 -15 20.424 18.209 -15 20.939 18.693 -15.707 
3 16 20.939 18.693 -15.707 20.424 18.209 -15 20.433 18.502 -15.707 
3 16 20.424 18.209 -15 19.726 18.524 -15 20.433 18.502 -15.707 
3 16 20.433 18.502 -15.707 19.726 18.524 -15 19.94 18.725 -15.707 
3 16 19.726 18.524 -15 19.456 19.24 -15 19.94 18.725 -15.707 
3 16 19.94 18.725 -15.707 19.456 19.24 -15 19.749 19.231 -15.707 
3 16 19.456 19.24 -15 19.771 19.938 -15 19.749 19.231 -15.707 
3 16 19.749 19.231 -15.707 19.771 19.938 -15 19.971 19.724 -15.707 
3 16 19.771 19.938 -15 20.487 20.208 -15 19.971 19.724 -15.707 
3 16 19.971 19.724 -15.707 20.487 20.208 -15 20.478 19.916 -15.707 
3 16 20.487 20.208 -15 21.184 19.893 -15 20.478 19.916 -15.707 
3 16 20.478 19.916 -15.707 21.184 19.893 -15 20.971 19.693 -15.707 
3 16 21.184 19.893 -15 21.455 19.177 -15 20.971 19.693 -15.707 
3 16 20.971 19.693 -15.707 21.455 19.177 -15 21.162 19.187 -15.707 
3 16 21.162 19.187 -15.707 20.939 18.693 -15.707 20.455 19.209 -16 
3 16 20.939 18.693 -15.707 20.433 18.502 -15.707 20.455 19.209 -16 
3 16 20.433 18.502 -15.707 19.94 18.725 -15.707 20.455 19.209 -16 
3 16 19.94 18.725 -15.707 19.749 19.231 -15.707 20.455 19.209 -16 
3 16 19.749 19.231 -15.707 19.971 19.724 -15.707 20.455 19.209 -16 
3 16 19.971 19.724 -15.707 20.478 19.916 -15.707 20.455 19.209 -16 
3 16 20.478 19.916 -15.707 20.971 19.693 -15.707 20.455 19.209 -16 
3 16 20.971 19.693 -15.707 21.162 19.187 -15.707 20.455 19.209 -16 
3 16 25.55 13.239 -15 25.072 12.642 -15 25.269 13.321 -15.707 
3 16 25.269 13.321 -15.707 25.072 12.642 -15 24.93 12.899 -15.707 
3 16 25.072 12.642 -15 24.311 12.558 -15 24.93 12.899 -15.707 
3 16 24.93 12.899 -15.707 24.311 12.558 -15 24.392 12.839 -15.707 
3 16 24.311 12.558 -15 23.713 13.037 -15 24.392 12.839 -15.707 
3 16 24.392 12.839 -15.707 23.713 13.037 -15 23.97 13.178 -15.707 
3 16 23.713 13.037 -15 23.629 13.797 -15 23.97 13.178 -15.707 
3 16 23.97 13.178 -15.707 23.629 13.797 -15 23.911 13.716 -15.707 
3 16 23.629 13.797 -15 24.108 14.395 -15 23.911 13.716 -15.707 
3 16 23.911 13.716 -15.707 24.108 14.395 -15 24.249 14.138 -15.707 
3 16 24.108 14.395 -15 24.869 14.479 -15 24.249 14.138 -15.707 
3 16 24.249 14.138 -15.707 24.869 14.479 -15 24.787 14.197 -15.707 
3 16 24.869 14.479 -15 25.466 14 -15 24.787 14.197 -15.707 
3 16 24.787 14.197 -15.707 25.466 14 -15 25.209 13.859 -15.707 
3 16 25.466 14 -15 25.55 13.239 -15 25.209 13.859 -15.707 
3 16 25.209 13.859 -15.707 25.55 13.239 -15 25.269 13.321 -15.707 
3 16 25.269 13.321 -15.707 24.93 12.899 -15.707 24.59 13.518 -16 
3 16 24.93 12.899 -15.707 24.392 12.839 -15.707 24.59 13.518 -16 
3 16 24.392 12.839 -15.707 23.97 13.178 -15.707 24.59 13.518 -16 
3 16 23.97 13.178 -15.707 23.911 13.716 -15.707 24.59 13.518 -16 
3 16 23.911 13.716 -15.707 24.249 14.138 -15.707 24.59 13.518 -16 
3 16 24.249 14.138 -15.707 24.787 14.197 -15.707 24.59 13.518 -16 
3 16 24.787 14.197 -15.707 25.209 13.859 -15.707 24.59 13.518 -16 
3 16 25.209 13.859 -15.707 25.269 13.321 -15.707 24.59 13.518 -16 
3 16 28.04 6.469 -15 27.428 6.01 -15 27.788 6.618 -15.707 
3 16 27.788 6.618 -15.707 27.428 6.01 -15 27.355 6.294 -15.707 
3 16 27.428 6.01 -15 26.67 6.118 -15 27.355 6.294 -15.707 
3 16 27.355 6.294 -15.707 26.67 6.118 -15 26.819 6.37 -15.707 
3 16 26.67 6.118 -15 26.211 6.73 -15 26.819 6.37 -15.707 
3 16 26.819 6.37 -15.707 26.211 6.73 -15 26.494 6.803 -15.707 
3 16 26.211 6.73 -15 26.318 7.487 -15 26.494 6.803 -15.707 
3 16 26.494 6.803 -15.707 26.318 7.487 -15 26.57 7.338 -15.707 
3 16 26.318 7.487 -15 26.93 7.947 -15 26.57 7.338 -15.707 
3 16 26.57 7.338 -15.707 26.93 7.947 -15 27.003 7.663 -15.707 
3 16 26.93 7.947 -15 27.688 7.839 -15 27.003 7.663 -15.707 
3 16 27.003 7.663 -15.707 27.688 7.839 -15 27.539 7.587 -15.707 
3 16 27.688 7.839 -15 28.148 7.227 -15 27.539 7.587 -15.707 
3 16 27.539 7.587 -15.707 28.148 7.227 -15 27.864 7.154 -15.707 
3 16 28.148 7.227 -15 28.04 6.469 -15 27.864 7.154 -15.707 
3 16 27.864 7.154 -15.707 28.04 6.469 -15 27.788 6.618 -15.707 
3 16 27.788 6.618 -15.707 27.355 6.294 -15.707 27.179 6.978 -16 
3 16 27.355 6.294 -15.707 26.819 6.37 -15.707 27.179 6.978 -16 
3 16 26.819 6.37 -15.707 26.494 6.803 -15.707 27.179 6.978 -16 
3 16 26.494 6.803 -15.707 26.57 7.338 -15.707 27.179 6.978 -16 
3 16 26.57 7.338 -15.707 27.003 7.663 -15.707 27.179 6.978 -16 
3 16 27.003 7.663 -15.707 27.539 7.587 -15.707 27.179 6.978 -16 
3 16 27.539 7.587 -15.707 27.864 7.154 -15.707 27.179 6.978 -16 
3 16 27.864 7.154 -15.707 27.788 6.618 -15.707 27.179 6.978 -16 
3 16 28.768 -0.707 -15 28.061 -1 -15 28.561 -0.5 -15.707 
3 16 28.561 -0.5 -15.707 28.061 -1 -15 28.061 -0.707 -15.707 
3 16 28.061 -1 -15 27.354 -0.707 -15 28.061 -0.707 -15.707 
3 16 28.061 -0.707 -15.707 27.354 -0.707 -15 27.561 -0.5 -15.707 
3 16 27.354 -0.707 -15 27.061 0 -15 27.561 -0.5 -15.707 
3 16 27.561 -0.5 -15.707 27.061 0 -15 27.354 0 -15.707 
3 16 27.061 0 -15 27.354 0.707 -15 27.354 0 -15.707 
3 16 27.354 0 -15.707 27.354 0.707 -15 27.561 0.5 -15.707 
3 16 27.354 0.707 -15 28.061 1 -15 27.561 0.5 -15.707 
3 16 27.561 0.5 -15.707 28.061 1 -15 28.061 0.707 -15.707 
3 16 28.061 1 -15 28.768 0.707 -15 28.061 0.707 -15.707 
3 16 28.061 0.707 -15.707 28.768 0.707 -15 28.561 0.5 -15.707 
3 16 28.768 0.707 -15 29.061 0 -15 28.561 0.5 -15.707 
3 16 28.561 0.5 -15.707 29.061 0 -15 28.768 0 -15.707 
3 16 29.061 0 -15 28.768 -0.707 -15 28.768 0 -15.707 
3 16 28.768 0 -15.707 28.768 -0.707 -15 28.561 -0.5 -15.707 
3 16 28.561 -0.5 -15.707 28.061 -0.707 -15.707 28.061 0 -16 
3 16 28.061 -0.707 -15.707 27.561 -0.5 -15.707 28.061 0 -16 
3 16 27.561 -0.5 -15.707 27.354 0 -15.707 28.061 0 -16 
3 16 27.354 0 -15.707 27.561 0.5 -15.707 28.061 0 -16 
3 16 27.561 0.5 -15.707 28.061 0.707 -15.707 28.061 0 -16 
3 16 28.061 0.707 -15.707 28.561 0.5 -15.707 28.061 0 -16 
3 16 28.561 0.5 -15.707 28.768 0 -15.707 28.061 0 -16 
3 16 28.768 0 -15.707 28.561 -0.5 -15.707 28.061 0 -16 
3 16 8.66 5 -11.25 5 8.66 -11.25 8.66 5 -5.25 
3 16 8.66 5 -5.25 5 8.66 -11.25 5 8.66 -5.25 
3 16 5 8.66 -11.25 0 10 -11.25 5 8.66 -5.25 
3 16 5 8.66 -5.25 0 10 -11.25 0 10 -5.25 
3 16 0 10 -11.25 -5 8.66 -11.25 0 10 -5.25 
3 16 0 10 -5.25 -5 8.66 -11.25 -5 8.66 -5.25 
3 16 -5 8.66 -11.25 -8.66 5 -11.25 -5 8.66 -5.25 
3 16 -5 8.66 -5.25 -8.66 5 -11.25 -8.66 5 -5.25 
3 16 -8.66 5 -11.25 -10 0 -11.25 -8.66 5 -5.25 
3 16 -8.66 5 -5.25 -10 0 -11.25 -10 0 -5.25 
3 16 -10 0 -11.25 -8.66 -5 -11.25 -10 0 -5.25 
3 16 -10 0 -5.25 -8.66 -5 -11.25 -8.66 -5 -5.25 
3 16 -8.66 -5 -11.25 -5 -8.66 -11.25 -8.66 -5 -5.25 
3 16 -8.66 -5 -5.25 -5 -8.66 -11.25 -5 -8.66 -5.25 
3 16 -5 -8.66 -11.25 0 -10 -11.25 -5 -8.66 -5.25 
3 16 -5 -8.66 -5.25 0 -10 -11.25 0 -10 -5.25 
3 16 0 -10 -11.25 5 -8.66 -11.25 0 -10 -5.25 
3 16 0 -10 -5.25 5 -8.66 -11.25 5 -8.66 -5.25 
3 16 5 -8.66 -11.25 8.66 -5 -11.25 5 -8.66 -5.25 
3 16 5 -8.66 -5.25 8.66 -5 -11.25 8.66 -5 -5.25 
3 16 8.66 -5 -11.25 10 0 -11.25 8.66 -5 -5.25 
3 16 8.66 -5 -5.25 10 0 -11.25 10 0 -5.25 
3 16 10 0 -11.25 8.66 5 -11.25 10 0 -5.25 
3 16 10 0 -5.25 8.66 5 -11.25 8.66 5 -5.25 
3 16 8.66 5 -5.25 5 8.66 -5.25 5.556 5.556 -5.25 
3 16 -5.556 5.556 -5.25 0 8.25 -5.25 -5 8.66 -5.25 
3 16 -5 8.66 -5.25 0 8.25 -5.25 0 10 -5.25 
3 16 0 10 -5.25 0 8.25 -5.25 5 8.66 -5.25 
3 16 5 8.66 -5.25 0 8.25 -5.25 5.556 5.556 -5.25 
3 16 -5 8.66 -5.25 -8.66 5 -5.25 -5.556 5.556 -5.25 
3 16 -5.556 -5.556 -5.25 -8.25 0 -5.25 -8.66 -5 -5.25 
3 16 -8.66 -5 -5.25 -8.25 0 -5.25 -10 0 -5.25 
3 16 -10 0 -5.25 -8.25 0 -5.25 -8.66 5 -5.25 
3 16 -8.66 5 -5.25 -8.25 0 -5.25 -5.556 5.556 -5.25 
3 16 -8.66 -5 -5.25 -5 -8.66 -5.25 -5.556 -5.556 -5.25 
3 16 5.556 -5.556 -5.25 0 -8.25 -5.25 5 -8.66 -5.25 
3 16 5 -8.66 -5.25 0 -8.25 -5.25 0 -10 -5.25 
3 16 0 -10 -5.25 0 -8.25 -5.25 -5 -8.66 -5.25 
3 16 -5 -8.66 -5.25 0 -8.25 -5.25 -5.556 -5.556 -5.25 
3 16 5 -8.66 -5.25 8.66 -5 -5.25 5.556 -5.556 -5.25 
3 16 5.556 5.556 -5.25 8.25 0 -5.25 8.66 5 -5.25 
3 16 8.66 5 -5.25 8.25 0 -5.25 10 0 -5.25 
3 16 10 0 -5.25 8.25 0 -5.25 8.66 -5 -5.25 
3 16 8.66 -5 -5.25 8.25 0 -5.25 5.556 -5.556 -5.25 
3 16 8.25 0 -5.25 8.25 0 0 7.145 -4.125 -5.25 
3 16 8.25 0 0 7.145 -4.125 0 7.145 -4.125 -5.25 
3 16 7.145 4.125 -5.25 7.145 4.125 0 8.25 0 -5.25 
3 16 7.145 4.125 0 8.25 0 0 8.25 0 -5.25 
3 16 4.125 7.145 -5.25 4.125 7.145 0 7.145 4.125 -5.25 
3 16 4.125 7.145 0 7.145 4.125 0 7.145 4.125 -5.25 
3 16 0 8.25 -5.25 0 8.25 0 4.125 7.145 -5.25 
3 16 0 8.25 0 4.125 7.145 0 4.125 7.145 -5.25 
3 16 -4.125 7.145 -5.25 -4.125 7.145 0 0 8.25 -5.25 
3 16 -4.125 7.145 0 0 8.25 0 0 8.25 -5.25 
3 16 -7.145 4.125 -5.25 -7.145 4.125 0 -4.125 7.145 -5.25 
3 16 -7.145 4.125 0 -4.125 7.145 0 -4.125 7.145 -5.25 
3 16 -8.25 0 -5.25 -8.25 0 0 -7.145 4.125 -5.25 
3 16 -8.25 0 0 -7.145 4.125 0 -7.145 4.125 -5.25 
3 16 -7.145 -4.125 -5.25 -7.145 -4.125 0 -8.25 0 -5.25 
3 16 -7.145 -4.125 0 -8.25 0 0 -8.25 0 -5.25 
3 16 -4.125 -7.145 -5.25 -4.125 -7.145 0 -7.145 -4.125 -5.25 
3 16 -4.125 -7.145 0 -7.145 -4.125 0 -7.145 -4.125 -5.25 
3 16 0 -8.25 -5.25 0 -8.25 0 -4.125 -7.145 -5.25 
3 16 0 -8.25 0 -4.125 -7.145 0 -4.125 -7.145 -5.25 
3 16 4.125 -7.145 -5.25 4.125 -7.145 0 0 -8.25 -5.25 
3 16 4.125 -7.145 0 0 -8.25 0 0 -8.25 -5.25 
3 16 7.145 -4.125 -5.25 7.145 -4.125 0 4.125 -7.145 -5.25 
3 16 7.145 -4.125 0 4.125 -7.145 0 4.125 -7.145 -5.25 
2 24 7.98 24.561 -11.25 0 25.825 -11.25 
2 24 0 25.825 -15 7.98 24.561 -15 
2 24 0 25.825 -11.25 -2.854 25.667 -11.25 
2 24 -2.854 25.667 -11.25 -2.854 25.667 -15 
2 24 -2.854 25.667 -15 0 25.825 -15 
2 24 -5.021 25.332 -13.263 -5.021 25.332 -15 
2 24 2.634 13.526 -14.5 -5.021 25.332 -13.263 
2 24 -5.021 25.332 -15 2.634 13.526 -15 
2 24 2.634 13.526 -15 2.634 13.526 -14.5 
2 24 -2.854 25.667 -11.25 4.603 14.166 -11.25 
2 24 4.603 14.166 -11.25 4.603 14.166 -15 
2 24 4.603 14.166 -15 -2.854 25.667 -15 
2 24 5.25 9.093 -15 0 10.5 -15 
2 24 0 10.5 -15 -5.25 9.093 -15 
2 24 -10.081 9.395 -15 2.634 13.526 -15 
2 24 0 30 -15 9.271 28.532 -15 
2 24 -9.271 28.532 -15 0 30 -15 
2 24 -5.021 25.332 -15 -10.828 23.445 -15 
2 24 -9.271 28.532 -11.25 0 30 -11.25 
2 24 0 30 -11.25 9.271 28.532 -11.25 
2 24 -10.828 23.445 -13.263 -10.828 23.445 -15 
2 24 -5.021 25.332 -13.263 -10.828 23.445 -13.263 
2 24 -10.081 9.395 -14.5 -10.828 23.445 -13.263 
2 24 2.634 13.526 -14.5 -10.081 9.395 -14.5 
2 24 0 10 -11.25 6.83 6.83 -11.25 
2 24 -6.83 6.83 -11.25 0 10 -11.25 
2 24 7.98 24.561 -15 15.18 20.893 -15 
2 24 15.18 20.893 -11.25 7.98 24.561 -11.25 
2 24 17.395 19.087 -15 17.395 19.087 -11.25 
2 24 15.18 20.893 -15 17.395 19.087 -15 
2 24 17.395 19.087 -11.25 15.18 20.893 -11.25 
2 24 18.952 17.543 -13.263 5.82 12.491 -14.5 
2 24 18.952 17.543 -15 18.952 17.543 -13.263 
2 24 5.82 12.491 -14.5 5.82 12.491 -15 
2 24 5.82 12.491 -15 18.952 17.543 -15 
2 24 17.395 19.087 -15 4.603 14.166 -15 
2 24 4.603 14.166 -11.25 17.395 19.087 -11.25 
2 24 9.271 28.532 -15 17.634 24.271 -15 
2 24 17.634 24.271 -15 24.271 17.634 -15 
2 24 17.634 24.271 -11.25 24.271 17.634 -11.25 
2 24 9.271 28.532 -11.25 17.634 24.271 -11.25 
2 24 13.678 1.675 -15 5.82 12.491 -15 
2 24 13.678 1.675 -14.5 13.678 1.675 -15 
2 24 5.82 12.491 -14.5 13.678 1.675 -14.5 
2 24 7.98 -24.561 -11.25 15.18 -20.893 -11.25 
2 24 15.18 -20.893 -15 7.98 -24.561 -15 
2 24 15.18 -20.893 -11.25 17.395 -19.087 -11.25 
2 24 17.395 -19.087 -11.25 17.395 -19.087 -15 
2 24 17.395 -19.087 -15 15.18 -20.893 -15 
2 24 18.952 -17.543 -13.263 18.952 -17.543 -15 
2 24 5.82 -12.491 -14.5 18.952 -17.543 -13.263 
2 24 18.952 -17.543 -15 5.82 -12.491 -15 
2 24 5.82 -12.491 -15 5.82 -12.491 -14.5 
2 24 17.395 -19.087 -11.25 4.603 -14.166 -11.25 
2 24 4.603 -14.166 -11.25 4.603 -14.166 -15 
2 24 4.603 -14.166 -15 17.395 -19.087 -15 
2 24 0 -10.5 -15 5.25 -9.093 -15 
2 24 9.749 -7.083 -14.958 5.82 -12.491 -15 
2 24 5.25 -9.093 -15 9.093 -5.25 -15 
2 24 13.678 -1.675 -15 9.749 -7.083 -14.958 
2 24 9.093 -5.25 -15 10.5 0 -15 
2 24 17.634 -24.271 -15 9.271 -28.532 -15 
2 24 24.271 -17.634 -15 17.634 -24.271 -15 
2 24 18.952 -17.543 -15 22.541 -12.603 -15 
2 24 24.271 -17.634 -11.25 17.634 -24.271 -11.25 
2 24 17.634 -24.271 -11.25 9.271 -28.532 -11.25 
2 24 22.541 -12.603 -13.263 22.541 -12.603 -15 
2 24 18.952 -17.543 -13.263 22.541 -12.603 -13.263 
2 24 13.678 -1.675 -14.5 22.541 -12.603 -13.263 
2 24 5.82 -12.491 -14.5 13.678 -1.675 -14.5 
2 24 6.83 -6.83 -11.25 0 -10 -11.25 
2 24 7.98 -24.561 -15 0 -25.825 -15 
2 24 0 -25.825 -11.25 7.98 -24.561 -11.25 
2 24 -2.854 -25.667 -15 -2.854 -25.667 -11.25 
2 24 0 -25.825 -15 -2.854 -25.667 -15 
2 24 -2.854 -25.667 -11.25 0 -25.825 -11.25 
2 24 -5.021 -25.332 -13.263 2.634 -13.526 -14.5 
2 24 -5.021 -25.332 -15 -5.021 -25.332 -13.263 
2 24 2.634 -13.526 -14.5 2.634 -13.526 -15 
2 24 2.634 -13.526 -15 -5.021 -25.332 -15 
2 24 -2.854 -25.667 -15 4.603 -14.166 -15 
2 24 4.603 -14.166 -11.25 -2.854 -25.667 -11.25 
2 24 9.271 -28.532 -15 0 -30 -15 
2 24 0 -30 -15 -9.271 -28.532 -15 
2 24 0 -30 -11.25 -9.271 -28.532 -11.25 
2 24 9.271 -28.532 -11.25 0 -30 -11.25 
2 24 -10.081 -9.395 -15 -3.724 -11.461 -14.958 
2 24 -10.081 -9.395 -14.5 -10.081 -9.395 -15 
2 24 2.634 -13.526 -14.5 -10.081 -9.395 -14.5 
2 24 -3.724 -11.461 -14.958 2.634 -13.526 -15 
2 24 -20.893 15.18 -11.25 -24.561 7.98 -11.25 
2 24 -24.561 7.98 -15 -20.893 15.18 -15 
2 24 -24.561 7.98 -11.25 -25.293 5.217 -11.25 
2 24 -25.293 5.217 -11.25 -25.293 5.217 -15 
2 24 -25.293 5.217 -15 -24.561 7.98 -15 
2 24 -25.644 3.053 -13.263 -25.644 3.053 -15 
2 24 -12.05 6.685 -14.5 -25.644 3.053 -13.263 
2 24 -25.644 3.053 -15 -12.05 6.685 -15 
2 24 -12.05 6.685 -15 -12.05 6.685 -14.5 
2 24 -25.293 5.217 -11.25 -12.05 8.755 -11.25 
2 24 -12.05 8.755 -11.25 -12.05 8.755 -15 
2 24 -12.05 8.755 -15 -25.293 5.217 -15 
2 24 -5.25 9.093 -15 -9.093 5.25 -15 
2 24 -9.093 5.25 -15 -10.5 0 -15 
2 24 -12.05 -6.685 -15 -12.05 6.685 -15 
2 24 -10.5 0 -15 -9.093 -5.25 -15 
2 24 -28.532 9.271 -15 -24.271 17.634 -15 
2 24 -30 0 -15 -28.532 9.271 -15 
2 24 -25.644 3.053 -15 -25.644 -3.053 -15 
2 24 -30 0 -11.25 -28.532 9.271 -11.25 
2 24 -28.532 9.271 -11.25 -24.271 17.634 -11.25 
2 24 -25.644 -3.053 -13.263 -25.644 -3.053 -15 
2 24 -25.644 3.053 -13.263 -25.644 -3.053 -13.263 
2 24 -12.05 -6.685 -14.5 -25.644 -3.053 -13.263 
2 24 -12.05 6.685 -14.5 -12.05 -6.685 -14.5 
2 24 -10 0 -11.25 -6.83 6.83 -11.25 
2 24 -20.893 15.18 -15 -15.18 20.893 -15 
2 24 -15.18 20.893 -11.25 -20.893 15.18 -11.25 
2 24 -12.778 22.442 -15 -12.778 22.442 -11.25 
2 24 -15.18 20.893 -15 -12.778 22.442 -15 
2 24 -12.778 22.442 -11.25 -15.18 20.893 -11.25 
2 24 -10.081 9.395 -14.5 -10.081 9.395 -15 
2 24 -10.081 9.395 -15 -10.828 23.445 -15 
2 24 -12.778 22.442 -15 -12.05 8.755 -15 
2 24 -12.05 8.755 -11.25 -12.778 22.442 -11.25 
2 24 -24.271 17.634 -15 -17.634 24.271 -15 
2 24 -17.634 24.271 -15 -9.271 28.532 -15 
2 24 -17.634 24.271 -11.25 -9.271 28.532 -11.25 
2 24 -24.271 17.634 -11.25 -17.634 24.271 -11.25 
2 24 25.825 0 -11.25 24.561 7.98 -11.25 
2 24 24.561 7.98 -15 25.825 0 -15 
2 24 24.561 7.98 -11.25 23.529 10.646 -11.25 
2 24 23.529 10.646 -11.25 23.529 10.646 -15 
2 24 23.529 10.646 -15 24.561 7.98 -15 
2 24 22.541 12.603 -13.263 22.541 12.603 -15 
2 24 13.678 1.675 -14.5 22.541 12.603 -13.263 
2 24 22.541 12.603 -15 13.678 1.675 -15 
2 24 23.529 10.646 -11.25 14.895 0 -11.25 
2 24 14.895 0 -11.25 14.895 0 -15 
2 24 14.895 0 -15 23.529 10.646 -15 
2 24 10.5 0 -15 9.093 5.25 -15 
2 24 9.093 5.25 -15 5.25 9.093 -15 
2 24 28.532 9.271 -15 30 0 -15 
2 24 24.271 17.634 -15 28.532 9.271 -15 
2 24 22.541 12.603 -15 18.952 17.543 -15 
2 24 24.271 17.634 -11.25 28.532 9.271 -11.25 
2 24 28.532 9.271 -11.25 30 0 -11.25 
2 24 22.541 12.603 -13.263 18.952 17.543 -13.263 
2 24 6.83 6.83 -11.25 10 0 -11.25 
2 24 25.825 0 -15 24.561 -7.98 -15 
2 24 24.561 -7.98 -11.25 25.825 0 -11.25 
2 24 23.529 -10.646 -15 23.529 -10.646 -11.25 
2 24 24.561 -7.98 -15 23.529 -10.646 -15 
2 24 23.529 -10.646 -11.25 24.561 -7.98 -11.25 
2 24 13.678 -1.675 -14.5 13.678 -1.675 -15 
2 24 13.678 -1.675 -15 22.541 -12.603 -15 
2 24 23.529 -10.646 -15 14.895 0 -15 
2 24 14.895 0 -11.25 23.529 -10.646 -11.25 
2 24 30 0 -15 28.532 -9.271 -15 
2 24 28.532 -9.271 -15 24.271 -17.634 -15 
2 24 28.532 -9.271 -11.25 24.271 -17.634 -11.25 
2 24 30 0 -11.25 28.532 -9.271 -11.25 
2 24 10 0 -11.25 6.83 -6.83 -11.25 
2 24 -20.893 -15.18 -11.25 -15.18 -20.893 -11.25 
2 24 -15.18 -20.893 -15 -20.893 -15.18 -15 
2 24 -15.18 -20.893 -11.25 -12.778 -22.442 -11.25 
2 24 -12.778 -22.442 -11.25 -12.778 -22.442 -15 
2 24 -12.778 -22.442 -15 -15.18 -20.893 -15 
2 24 -10.828 -23.445 -13.263 -10.828 -23.445 -15 
2 24 -10.081 -9.395 -14.5 -10.828 -23.445 -13.263 
2 24 -10.828 -23.445 -15 -10.081 -9.395 -15 
2 24 -12.778 -22.442 -11.25 -12.05 -8.755 -11.25 
2 24 -12.05 -8.755 -11.25 -12.05 -8.755 -15 
2 24 -12.05 -8.755 -15 -12.778 -22.442 -15 
2 24 -9.093 -5.25 -15 -5.25 -9.093 -15 
2 24 -5.25 -9.093 -15 0 -10.5 -15 
2 24 -17.634 -24.271 -15 -24.271 -17.634 -15 
2 24 -9.271 -28.532 -15 -17.634 -24.271 -15 
2 24 -10.828 -23.445 -15 -5.021 -25.332 -15 
2 24 -9.271 -28.532 -11.25 -17.634 -24.271 -11.25 
2 24 -17.634 -24.271 -11.25 -24.271 -17.634 -11.25 
2 24 -10.828 -23.445 -13.263 -5.021 -25.332 -13.263 
2 24 0 -10 -11.25 -6.83 -6.83 -11.25 
2 24 -20.893 -15.18 -15 -24.561 -7.98 -15 
2 24 -24.561 -7.98 -11.25 -20.893 -15.18 -11.25 
2 24 -25.293 -5.217 -15 -25.293 -5.217 -11.25 
2 24 -24.561 -7.98 -15 -25.293 -5.217 -15 
2 24 -25.293 -5.217 -11.25 -24.561 -7.98 -11.25 
2 24 -12.05 -6.685 -14.5 -12.05 -6.685 -15 
2 24 -12.05 -6.685 -15 -25.644 -3.053 -15 
2 24 -25.293 -5.217 -15 -12.05 -8.755 -15 
2 24 -12.05 -8.755 -11.25 -25.293 -5.217 -11.25 
2 24 -24.271 -17.634 -15 -28.532 -9.271 -15 
2 24 -28.532 -9.271 -15 -30 0 -15 
2 24 -28.532 -9.271 -11.25 -30 0 -11.25 
2 24 -24.271 -17.634 -11.25 -28.532 -9.271 -11.25 
2 24 -6.83 -6.83 -11.25 -10 0 -11.25 
2 24 9.75 0 -12.25 8.444 4.875 -12.25 
2 24 8.444 4.875 -12.25 4.875 8.444 -12.25 
2 24 4.875 8.444 -12.25 0 9.75 -12.25 
2 24 0 9.75 -12.25 -4.875 8.444 -12.25 
2 24 -4.875 8.444 -12.25 -8.444 4.875 -12.25 
2 24 -8.444 4.875 -12.25 -9.75 0 -12.25 
2 24 -9.75 0 -12.25 -8.444 -4.875 -12.25 
2 24 -8.444 -4.875 -12.25 -4.875 -8.444 -12.25 
2 24 -4.875 -8.444 -12.25 0 -9.75 -12.25 
2 24 0 -9.75 -12.25 4.875 -8.444 -12.25 
2 24 4.875 -8.444 -12.25 8.444 -4.875 -12.25 
2 24 8.444 -4.875 -12.25 9.75 0 -12.25 
2 24 3.107 -7.5 -16 7.5 -3.107 -16 
2 24 3.107 -7.5 -12.25 3.107 -7.5 -16 
2 24 7.5 -3.107 -16 7.5 -3.107 -12.25 
2 24 7.5 -3.107 -12.25 3.107 -7.5 -12.25 
2 24 7.5 3.107 -12.25 7.5 -3.107 -12.25 
2 24 7.5 3.107 -16 7.5 3.107 -12.25 
2 24 7.5 -3.107 -16 7.5 3.107 -16 
2 24 3.107 7.5 -16 7.5 3.107 -16 
2 24 -3.107 7.5 -16 3.107 7.5 -16 
2 24 -7.5 -3.107 -16 -7.5 3.107 -16 
2 24 -3.107 -7.5 -16 -7.5 -3.107 -16 
2 24 -7.5 3.107 -16 -3.107 7.5 -16 
2 24 3.107 -7.5 -16 -3.107 -7.5 -16 
2 24 3.107 7.5 -12.25 7.5 3.107 -12.25 
2 24 3.107 7.5 -16 3.107 7.5 -12.25 
2 24 -3.107 -7.5 -12.25 -3.107 -7.5 -16 
2 24 3.107 -7.5 -12.25 -3.107 -7.5 -12.25 
2 24 -7.5 -3.107 -12.25 -7.5 -3.107 -16 
2 24 -3.107 -7.5 -12.25 -7.5 -3.107 -12.25 
2 24 -7.5 3.107 -12.25 -7.5 3.107 -16 
2 24 -7.5 -3.107 -12.25 -7.5 3.107 -12.25 
2 24 -3.107 7.5 -12.25 -3.107 7.5 -16 
2 24 -7.5 3.107 -12.25 -3.107 7.5 -12.25 
2 24 -3.107 7.5 -12.25 3.107 7.5 -12.25 
2 24 27.688 -7.839 -15 26.93 -7.947 -15 
2 24 26.93 -7.947 -15 26.318 -7.487 -15 
2 24 26.318 -7.487 -15 26.211 -6.73 -15 
2 24 26.211 -6.73 -15 26.67 -6.118 -15 
2 24 26.67 -6.118 -15 27.428 -6.01 -15 
2 24 27.428 -6.01 -15 28.04 -6.469 -15 
2 24 28.04 -6.469 -15 28.148 -7.227 -15 
2 24 28.148 -7.227 -15 27.688 -7.839 -15 
2 24 24.869 -14.479 -15 24.108 -14.395 -15 
2 24 24.108 -14.395 -15 23.629 -13.797 -15 
2 24 23.629 -13.797 -15 23.713 -13.037 -15 
2 24 23.713 -13.037 -15 24.311 -12.558 -15 
2 24 24.311 -12.558 -15 25.072 -12.642 -15 
2 24 25.072 -12.642 -15 25.55 -13.239 -15 
2 24 25.55 -13.239 -15 25.466 -14 -15 
2 24 25.466 -14 -15 24.869 -14.479 -15 
2 24 20.487 -20.208 -15 19.771 -19.938 -15 
2 24 19.771 -19.938 -15 19.456 -19.24 -15 
2 24 19.456 -19.24 -15 19.726 -18.524 -15 
2 24 19.726 -18.524 -15 20.424 -18.209 -15 
2 24 20.424 -18.209 -15 21.14 -18.48 -15 
2 24 21.14 -18.48 -15 21.455 -19.177 -15 
2 24 21.455 -19.177 -15 21.184 -19.893 -15 
2 24 21.184 -19.893 -15 20.487 -20.208 -15 
2 24 14.818 -24.668 -15 14.191 -24.228 -15 
2 24 14.191 -24.228 -15 14.06 -23.474 -15 
2 24 14.06 -23.474 -15 14.5 -22.848 -15 
2 24 14.5 -22.848 -15 15.254 -22.717 -15 
2 24 15.254 -22.717 -15 15.88 -23.157 -15 
2 24 15.88 -23.157 -15 16.012 -23.911 -15 
2 24 16.012 -23.911 -15 15.572 -24.537 -15 
2 24 15.572 -24.537 -15 14.818 -24.668 -15 
2 24 8.217 -27.578 -15 7.72 -26.996 -15 
2 24 7.72 -26.996 -15 7.78 -26.233 -15 
2 24 7.78 -26.233 -15 8.362 -25.736 -15 
2 24 8.362 -25.736 -15 9.125 -25.796 -15 
2 24 9.125 -25.796 -15 9.622 -26.378 -15 
2 24 9.622 -26.378 -15 9.562 -27.141 -15 
2 24 9.562 -27.141 -15 8.98 -27.638 -15 
2 24 8.98 -27.638 -15 8.217 -27.578 -15 
2 24 1.101 -28.755 -15 0.764 -28.068 -15 
2 24 0.764 -28.068 -15 1.012 -27.344 -15 
2 24 1.012 -27.344 -15 1.699 -27.007 -15 
2 24 1.699 -27.007 -15 2.423 -27.255 -15 
2 24 2.423 -27.255 -15 2.76 -27.943 -15 
2 24 2.76 -27.943 -15 2.512 -28.667 -15 
2 24 2.512 -28.667 -15 1.825 -29.003 -15 
2 24 1.825 -29.003 -15 1.101 -28.755 -15 
2 24 -6.085 -28.126 -15 -6.24 -27.376 -15 
2 24 -6.24 -27.376 -15 -5.82 -26.737 -15 
2 24 -5.82 -26.737 -15 -5.071 -26.581 -15 
2 24 -5.071 -26.581 -15 -4.431 -27.002 -15 
2 24 -4.431 -27.002 -15 -4.276 -27.751 -15 
2 24 -4.276 -27.751 -15 -4.696 -28.391 -15 
2 24 -4.696 -28.391 -15 -5.445 -28.546 -15 
2 24 -5.445 -28.546 -15 -6.085 -28.126 -15 
2 24 -12.889 -25.729 -15 -12.852 -24.964 -15 
2 24 -12.852 -24.964 -15 -12.286 -24.449 -15 
2 24 -12.286 -24.449 -15 -11.522 -24.485 -15 
2 24 -11.522 -24.485 -15 -11.007 -25.051 -15 
2 24 -11.007 -25.051 -15 -11.043 -25.816 -15 
2 24 -11.043 -25.816 -15 -11.609 -26.331 -15 
2 24 -11.609 -26.331 -15 -12.373 -26.295 -15 
2 24 -12.373 -26.295 -15 -12.889 -25.729 -15 
2 24 -18.882 -21.715 -15 -18.657 -20.984 -15 
2 24 -18.657 -20.984 -15 -17.981 -20.626 -15 
2 24 -17.981 -20.626 -15 -17.249 -20.851 -15 
2 24 -17.249 -20.851 -15 -16.891 -21.527 -15 
2 24 -16.891 -21.527 -15 -17.116 -22.259 -15 
2 24 -17.116 -22.259 -15 -17.792 -22.617 -15 
2 24 -17.792 -22.617 -15 -18.524 -22.392 -15 
2 24 -18.524 -22.392 -15 -18.882 -21.715 -15 
2 24 -23.689 -16.337 -15 -23.289 -15.685 -15 
2 24 -23.289 -15.685 -15 -22.545 -15.506 -15 
2 24 -22.545 -15.506 -15 -21.893 -15.906 -15 
2 24 -21.893 -15.906 -15 -21.714 -16.65 -15 
2 24 -21.714 -16.65 -15 -22.114 -17.303 -15 
2 24 -22.114 -17.303 -15 -22.858 -17.481 -15 
2 24 -22.858 -17.481 -15 -23.511 -17.081 -15 
2 24 -23.511 -17.081 -15 -23.689 -16.337 -15 
2 24 -27.008 -9.933 -15 -26.458 -9.4 -15 
2 24 -26.458 -9.4 -15 -25.693 -9.412 -15 
2 24 -25.693 -9.412 -15 -25.16 -9.962 -15 
2 24 -25.16 -9.962 -15 -25.172 -10.727 -15 
2 24 -25.172 -10.727 -15 -25.722 -11.26 -15 
2 24 -25.722 -11.26 -15 -26.487 -11.248 -15 
2 24 -26.487 -11.248 -15 -27.02 -10.698 -15 
2 24 -27.02 -10.698 -15 -27.008 -9.933 -15 
2 24 -28.63 -2.904 -15 -27.965 -2.525 -15 
2 24 -27.965 -2.525 -15 -27.227 -2.727 -15 
2 24 -27.227 -2.727 -15 -26.847 -3.392 -15 
2 24 -26.847 -3.392 -15 -27.049 -4.13 -15 
2 24 -27.049 -4.13 -15 -27.714 -4.509 -15 
2 24 -27.714 -4.509 -15 -28.452 -4.307 -15 
2 24 -28.452 -4.307 -15 -28.832 -3.642 -15 
2 24 -28.832 -3.642 -15 -28.63 -2.904 -15 
2 24 -28.452 4.307 -15 -27.714 4.509 -15 
2 24 -27.714 4.509 -15 -27.049 4.13 -15 
2 24 -27.049 4.13 -15 -26.847 3.392 -15 
2 24 -26.847 3.392 -15 -27.227 2.727 -15 
2 24 -27.227 2.727 -15 -27.965 2.525 -15 
2 24 -27.965 2.525 -15 -28.63 2.904 -15 
2 24 -28.63 2.904 -15 -28.832 3.642 -15 
2 24 -28.832 3.642 -15 -28.452 4.307 -15 
2 24 -26.487 11.248 -15 -25.722 11.26 -15 
2 24 -25.722 11.26 -15 -25.172 10.727 -15 
2 24 -25.172 10.727 -15 -25.16 9.962 -15 
2 24 -25.16 9.962 -15 -25.693 9.412 -15 
2 24 -25.693 9.412 -15 -26.458 9.4 -15 
2 24 -26.458 9.4 -15 -27.008 9.933 -15 
2 24 -27.008 9.933 -15 -27.02 10.698 -15 
2 24 -27.02 10.698 -15 -26.487 11.248 -15 
2 24 -22.858 17.481 -15 -22.114 17.303 -15 
2 24 -22.114 17.303 -15 -21.714 16.65 -15 
2 24 -21.714 16.65 -15 -21.893 15.906 -15 
2 24 -21.893 15.906 -15 -22.545 15.506 -15 
2 24 -22.545 15.506 -15 -23.289 15.685 -15 
2 24 -23.289 15.685 -15 -23.689 16.337 -15 
2 24 -23.689 16.337 -15 -23.511 17.081 -15 
2 24 -23.511 17.081 -15 -22.858 17.481 -15 
2 24 -17.792 22.617 -15 -17.116 22.259 -15 
2 24 -17.116 22.259 -15 -16.891 21.527 -15 
2 24 -16.891 21.527 -15 -17.249 20.851 -15 
2 24 -17.249 20.851 -15 -17.981 20.626 -15 
2 24 -17.981 20.626 -15 -18.657 20.984 -15 
2 24 -18.657 20.984 -15 -18.882 21.715 -15 
2 24 -18.882 21.715 -15 -18.524 22.392 -15 
2 24 -18.524 22.392 -15 -17.792 22.617 -15 
2 24 -11.609 26.331 -15 -11.043 25.816 -15 
2 24 -11.043 25.816 -15 -11.007 25.051 -15 
2 24 -11.007 25.051 -15 -11.522 24.485 -15 
2 24 -11.522 24.485 -15 -12.286 24.449 -15 
2 24 -12.286 24.449 -15 -12.852 24.964 -15 
2 24 -12.852 24.964 -15 -12.889 25.729 -15 
2 24 -12.889 25.729 -15 -12.373 26.295 -15 
2 24 -12.373 26.295 -15 -11.609 26.331 -15 
2 24 -4.696 28.391 -15 -4.276 27.751 -15 
2 24 -4.276 27.751 -15 -4.431 27.002 -15 
2 24 -4.431 27.002 -15 -5.071 26.581 -15 
2 24 -5.071 26.581 -15 -5.82 26.737 -15 
2 24 -5.82 26.737 -15 -6.24 27.376 -15 
2 24 -6.24 27.376 -15 -6.085 28.126 -15 
2 24 -6.085 28.126 -15 -5.445 28.546 -15 
2 24 -5.445 28.546 -15 -4.696 28.391 -15 
2 24 2.512 28.667 -15 2.76 27.943 -15 
2 24 2.76 27.943 -15 2.423 27.255 -15 
2 24 2.423 27.255 -15 1.699 27.007 -15 
2 24 1.699 27.007 -15 1.012 27.344 -15 
2 24 1.012 27.344 -15 0.764 28.068 -15 
2 24 0.764 28.068 -15 1.101 28.755 -15 
2 24 1.101 28.755 -15 1.825 29.003 -15 
2 24 1.825 29.003 -15 2.512 28.667 -15 
2 24 9.562 27.141 -15 9.622 26.378 -15 
2 24 9.622 26.378 -15 9.125 25.796 -15 
2 24 9.125 25.796 -15 8.362 25.736 -15 
2 24 8.362 25.736 -15 7.78 26.233 -15 
2 24 7.78 26.233 -15 7.72 26.996 -15 
2 24 7.72 26.996 -15 8.217 27.578 -15 
2 24 8.217 27.578 -15 8.98 27.638 -15 
2 24 8.98 27.638 -15 9.562 27.141 -15 
2 24 16.012 23.911 -15 15.88 23.157 -15 
2 24 15.88 23.157 -15 15.254 22.717 -15 
2 24 15.254 22.717 -15 14.5 22.848 -15 
2 24 14.5 22.848 -15 14.06 23.474 -15 
2 24 14.06 23.474 -15 14.191 24.228 -15 
2 24 14.191 24.228 -15 14.818 24.668 -15 
2 24 14.818 24.668 -15 15.572 24.537 -15 
2 24 15.572 24.537 -15 16.012 23.911 -15 
2 24 21.455 19.177 -15 21.14 18.48 -15 
2 24 21.14 18.48 -15 20.424 18.209 -15 
2 24 20.424 18.209 -15 19.726 18.524 -15 
2 24 19.726 18.524 -15 19.456 19.24 -15 
2 24 19.456 19.24 -15 19.771 19.938 -15 
2 24 19.771 19.938 -15 20.487 20.208 -15 
2 24 20.487 20.208 -15 21.184 19.893 -15 
2 24 21.184 19.893 -15 21.455 19.177 -15 
2 24 25.55 13.239 -15 25.072 12.642 -15 
2 24 25.072 12.642 -15 24.311 12.558 -15 
2 24 24.311 12.558 -15 23.713 13.037 -15 
2 24 23.713 13.037 -15 23.629 13.797 -15 
2 24 23.629 13.797 -15 24.108 14.395 -15 
2 24 24.108 14.395 -15 24.869 14.479 -15 
2 24 24.869 14.479 -15 25.466 14 -15 
2 24 25.466 14 -15 25.55 13.239 -15 
2 24 28.04 6.469 -15 27.428 6.01 -15 
2 24 27.428 6.01 -15 26.67 6.118 -15 
2 24 26.67 6.118 -15 26.211 6.73 -15 
2 24 26.211 6.73 -15 26.318 7.487 -15 
2 24 26.318 7.487 -15 26.93 7.947 -15 
2 24 26.93 7.947 -15 27.688 7.839 -15 
2 24 27.688 7.839 -15 28.148 7.227 -15 
2 24 28.148 7.227 -15 28.04 6.469 -15 
2 24 28.768 -0.707 -15 28.061 -1 -15 
2 24 28.061 -1 -15 27.354 -0.707 -15 
2 24 27.354 -0.707 -15 27.061 0 -15 
2 24 27.061 0 -15 27.354 0.707 -15 
2 24 27.354 0.707 -15 28.061 1 -15 
2 24 28.061 1 -15 28.768 0.707 -15 
2 24 28.768 0.707 -15 29.061 0 -15 
2 24 29.061 0 -15 28.768 -0.707 -15 
2 24 8.66 5 -11.25 5 8.66 -11.25 
2 24 5 8.66 -5.25 8.66 5 -5.25 
2 24 5 8.66 -11.25 0 10 -11.25 
2 24 0 10 -5.25 5 8.66 -5.25 
2 24 0 10 -11.25 -5 8.66 -11.25 
2 24 -5 8.66 -5.25 0 10 -5.25 
2 24 -5 8.66 -11.25 -8.66 5 -11.25 
2 24 -8.66 5 -5.25 -5 8.66 -5.25 
2 24 -8.66 5 -11.25 -10 0 -11.25 
2 24 -10 0 -5.25 -8.66 5 -5.25 
2 24 -10 0 -11.25 -8.66 -5 -11.25 
2 24 -8.66 -5 -5.25 -10 0 -5.25 
2 24 -8.66 -5 -11.25 -5 -8.66 -11.25 
2 24 -5 -8.66 -5.25 -8.66 -5 -5.25 
2 24 -5 -8.66 -11.25 0 -10 -11.25 
2 24 0 -10 -5.25 -5 -8.66 -5.25 
2 24 0 -10 -11.25 5 -8.66 -11.25 
2 24 5 -8.66 -5.25 0 -10 -5.25 
2 24 5 -8.66 -11.25 8.66 -5 -11.25 
2 24 8.66 -5 -5.25 5 -8.66 -5.25 
2 24 8.66 -5 -11.25 10 0 -11.25 
2 24 10 0 -5.25 8.66 -5 -5.25 
2 24 10 0 -11.25 8.66 5 -11.25 
2 24 8.66 5 -5.25 10 0 -5.25 
2 24 -5.556 5.556 -5.25 0 8.25 -5.25 
2 24 0 8.25 -5.25 5.556 5.556 -5.25 
2 24 -5.556 -5.556 -5.25 -8.25 0 -5.25 
2 24 -8.25 0 -5.25 -5.556 5.556 -5.25 
2 24 5.556 -5.556 -5.25 0 -8.25 -5.25 
2 24 0 -8.25 -5.25 -5.556 -5.556 -5.25 
2 24 5.556 5.556 -5.25 8.25 0 -5.25 
2 24 8.25 0 -5.25 5.556 -5.556 -5.25 
2 24 7.145 -4.125 -5.25 8.25 0 -5.25 
2 24 8.25 0 0 7.145 -4.125 0 
2 24 8.25 0 -5.25 7.145 4.125 -5.25 
2 24 7.145 4.125 0 8.25 0 0 
2 24 7.145 4.125 -5.25 4.125 7.145 -5.25 
2 24 4.125 7.145 0 7.145 4.125 0 
2 24 4.125 7.145 -5.25 0 8.25 -5.25 
2 24 0 8.25 0 4.125 7.145 0 
2 24 0 8.25 -5.25 -4.125 7.145 -5.25 
2 24 -4.125 7.145 0 0 8.25 0 
2 24 -4.125 7.145 -5.25 -7.145 4.125 -5.25 
2 24 -7.145 4.125 0 -4.125 7.145 0 
2 24 -7.145 4.125 -5.25 -8.25 0 -5.25 
2 24 -8.25 0 0 -7.145 4.125 0 
2 24 -8.25 0 -5.25 -7.145 -4.125 -5.25 
2 24 -7.145 -4.125 0 -8.25 0 0 
2 24 -7.145 -4.125 -5.25 -4.125 -7.145 -5.25 
2 24 -4.125 -7.145 0 -7.145 -4.125 0 
2 24 -4.125 -7.145 -5.25 0 -8.25 -5.25 
2 24 0 -8.25 0 -4.125 -7.145 0 
2 24 0 -8.25 -5.25 4.125 -7.145 -5.25 
2 24 4.125 -7.145 0 0 -8.25 0 
2 24 4.125 -7.145 -5.25 7.145 -4.125 -5.25 
2 24 7.145 -4.125 0 4.125 -7.145 0 

0 // Stud4
3 16 0 6.25 -11.25 0 6.25 0 -3.125 5.413 -11.25 
3 16 0 6.25 0 -3.125 5.413 0 -3.125 5.413 -11.25 
3 16 -3.125 5.413 -11.25 -3.125 5.413 0 -5.413 3.125 -11.25 
3 16 -3.125 5.413 0 -5.413 3.125 0 -5.413 3.125 -11.25 
3 16 -5.413 3.125 -11.25 -5.413 3.125 0 -6.25 0 -11.25 
3 16 -5.413 3.125 0 -6.25 0 0 -6.25 0 -11.25 
3 16 -6.25 0 -11.25 -6.25 0 0 -5.413 -3.125 -11.25 
3 16 -6.25 0 0 -5.413 -3.125 0 -5.413 -3.125 -11.25 
3 16 -5.413 -3.125 -11.25 -5.413 -3.125 0 -3.125 -5.413 -11.25 
3 16 -5.413 -3.125 0 -3.125 -5.413 0 -3.125 -5.413 -11.25 
3 16 -3.125 -5.413 -11.25 -3.125 -5.413 0 0 -6.25 -11.25 
3 16 -3.125 -5.413 0 0 -6.25 0 0 -6.25 -11.25 
3 16 0 -6.25 -11.25 0 -6.25 0 3.125 -5.413 -11.25 
3 16 0 -6.25 0 3.125 -5.413 0 3.125 -5.413 -11.25 
3 16 3.125 -5.413 -11.25 3.125 -5.413 0 5.413 -3.125 -11.25 
3 16 3.125 -5.413 0 5.413 -3.125 0 5.413 -3.125 -11.25 
3 16 6.25 0 0 6.25 0 -11.25 5.413 -3.125 0 
3 16 6.25 0 -11.25 5.413 -3.125 -11.25 5.413 -3.125 0 
3 16 6.25 0 -11.25 6.25 0 0 5.413 3.125 -11.25 
3 16 6.25 0 0 5.413 3.125 0 5.413 3.125 -11.25 
3 16 5.413 3.125 -11.25 5.413 3.125 0 3.125 5.413 -11.25 
3 16 5.413 3.125 0 3.125 5.413 0 3.125 5.413 -11.25 
3 16 3.125 5.413 -11.25 3.125 5.413 0 0 6.25 -11.25 
3 16 3.125 5.413 0 0 6.25 0 0 6.25 -11.25 
3 16 5.413 -3.125 0 7.145 -4.125 0 6.25 0 0 
3 16 8.25 0 0 6.25 0 0 7.145 -4.125 0 
3 16 6.25 0 0 8.25 0 0 5.413 3.125 0 
3 16 7.145 4.125 0 5.413 3.125 0 8.25 0 0 
3 16 5.413 3.125 0 7.145 4.125 0 3.125 5.413 0 
3 16 4.125 7.145 0 3.125 5.413 0 7.145 4.125 0 
3 16 3.125 5.413 0 4.125 7.145 0 0 6.25 0 
3 16 0 8.25 0 0 6.25 0 4.125 7.145 0 
3 16 0 6.25 0 0 8.25 0 -3.125 5.413 0 
3 16 -4.125 7.145 0 -3.125 5.413 0 0 8.25 0 
3 16 -3.125 5.413 0 -4.125 7.145 0 -5.413 3.125 0 
3 16 -7.145 4.125 0 -5.413 3.125 0 -4.125 7.145 0 
3 16 -5.413 3.125 0 -7.145 4.125 0 -6.25 0 0 
3 16 -8.25 0 0 -6.25 0 0 -7.145 4.125 0 
3 16 -6.25 0 0 -8.25 0 0 -5.413 -3.125 0 
3 16 -7.145 -4.125 0 -5.413 -3.125 0 -8.25 0 0 
3 16 -5.413 -3.125 0 -7.145 -4.125 0 -3.125 -5.413 0 
3 16 -4.125 -7.145 0 -3.125 -5.413 0 -7.145 -4.125 0 
3 16 -3.125 -5.413 0 -4.125 -7.145 0 0 -6.25 0 
3 16 0 -8.25 0 0 -6.25 0 -4.125 -7.145 0 
3 16 0 -6.25 0 0 -8.25 0 3.125 -5.413 0 
3 16 4.125 -7.145 0 3.125 -5.413 0 0 -8.25 0 
3 16 3.125 -5.413 0 4.125 -7.145 0 5.413 -3.125 0 
3 16 7.145 -4.125 0 5.413 -3.125 0 4.125 -7.145 0 
3 16 3.125 5.413 -11.25 0 0 -11.25 5.413 3.125 -11.25 
3 16 -5.413 -3.125 -11.25 -3.125 -5.413 -11.25 0 0 -11.25 
3 16 0 0 -11.25 -3.125 -5.413 -11.25 0 -6.25 -11.25 
3 16 0 0 -11.25 0 -6.25 -11.25 3.125 -5.413 -11.25 
3 16 0 0 -11.25 3.125 -5.413 -11.25 5.413 -3.125 -11.25 
3 16 0 0 -11.25 5.413 -3.125 -11.25 6.25 0 -11.25 
3 16 0 0 -11.25 6.25 0 -11.25 5.413 3.125 -11.25 
3 16 0 6.25 -11.25 0 0 -11.25 3.125 5.413 -11.25 
3 16 -3.125 5.413 -11.25 0 0 -11.25 0 6.25 -11.25 
3 16 -5.413 3.125 -11.25 0 0 -11.25 -3.125 5.413 -11.25 
3 16 -6.25 0 -11.25 0 0 -11.25 -5.413 3.125 -11.25 
3 16 -5.413 -3.125 -11.25 0 0 -11.25 -6.25 0 -11.25 
2 24 -3.125 5.413 -11.25 0 6.25 -11.25 
2 24 0 6.25 0 -3.125 5.413 0 
2 24 -5.413 3.125 -11.25 -3.125 5.413 -11.25 
2 24 -3.125 5.413 0 -5.413 3.125 0 
2 24 -6.25 0 -11.25 -5.413 3.125 -11.25 
2 24 -5.413 3.125 0 -6.25 0 0 
2 24 -5.413 -3.125 -11.25 -6.25 0 -11.25 
2 24 -6.25 0 0 -5.413 -3.125 0 
2 24 -3.125 -5.413 -11.25 -5.413 -3.125 -11.25 
2 24 -5.413 -3.125 0 -3.125 -5.413 0 
2 24 0 -6.25 -11.25 -3.125 -5.413 -11.25 
2 24 -3.125 -5.413 0 0 -6.25 0 
2 24 3.125 -5.413 -11.25 0 -6.25 -11.25 
2 24 0 -6.25 0 3.125 -5.413 0 
2 24 5.413 -3.125 -11.25 3.125 -5.413 -11.25 
2 24 3.125 -5.413 0 5.413 -3.125 0 
2 24 5.413 -3.125 0 6.25 0 0 
2 24 6.25 0 -11.25 5.413 -3.125 -11.25 
2 24 5.413 3.125 -11.25 6.25 0 -11.25 
2 24 6.25 0 0 5.413 3.125 0 
2 24 3.125 5.413 -11.25 5.413 3.125 -11.25 
2 24 5.413 3.125 0 3.125 5.413 0 
2 24 0 6.25 -11.25 3.125 5.413 -11.25 
2 24 3.125 5.413 0 0 6.25 0 
2 24 7.145 -4.125 0 8.25 0 0 
2 24 8.25 0 0 7.145 4.125 0 
2 24 7.145 4.125 0 4.125 7.145 0 
2 24 4.125 7.145 0 0 8.25 0 
2 24 0 8.25 0 -4.125 7.145 0 
2 24 -4.125 7.145 0 -7.145 4.125 0 
2 24 -7.145 4.125 0 -8.25 0 0 
2 24 -8.25 0 0 -7.145 -4.125 0 
2 24 -7.145 -4.125 0 -4.125 -7.145 0 
2 24 -4.125 -7.145 0 0 -8.25 0 
2 24 0 -8.25 0 4.125 -7.145 0 
2 24 4.125 -7.145 0 7.145 -4.125 0 

0 // Stud
3 16 0 4 -20.45 0 4 -16.025 -2 3.464 -20.45 
3 16 0 4 -16.025 -2 3.464 -16.025 -2 3.464 -20.45 
3 16 -2 3.464 -20.45 -2 3.464 -16.025 -3.464 2 -20.45 
3 16 -2 3.464 -16.025 -3.464 2 -16.025 -3.464 2 -20.45 
3 16 -3.464 2 -20.45 -3.464 2 -16.025 -4 0 -20.45 
3 16 -3.464 2 -16.025 -4 0 -16.025 -4 0 -20.45 
3 16 -4 0 -20.45 -4 0 -16.025 -3.464 -2 -20.45 
3 16 -4 0 -16.025 -3.464 -2 -16.025 -3.464 -2 -20.45 
3 16 -3.464 -2 -20.45 -3.464 -2 -16.025 -2 -3.464 -20.45 
3 16 -3.464 -2 -16.025 -2 -3.464 -16.025 -2 -3.464 -20.45 
3 16 -2 -3.464 -20.45 -2 -3.464 -16.025 0 -4 -20.45 
3 16 -2 -3.464 -16.025 0 -4 -16.025 0 -4 -20.45 
3 16 0 -4 -20.45 0 -4 -16.025 2 -3.464 -20.45 
3 16 0 -4 -16.025 2 -3.464 -16.025 2 -3.464 -20.45 
3 16 2 -3.464 -20.45 2 -3.464 -16.025 3.464 -2 -20.45 
3 16 2 -3.464 -16.025 3.464 -2 -16.025 3.464 -2 -20.45 
3 16 4 0 -16.025 4 0 -20.45 3.464 -2 -16.025 
3 16 4 0 -20.45 3.464 -2 -20.45 3.464 -2 -16.025 
3 16 4 0 -20.45 4 0 -16.025 3.464 2 -20.45 
3 16 4 0 -16.025 3.464 2 -16.025 3.464 2 -20.45 
3 16 3.464 2 -20.45 3.464 2 -16.025 2 3.464 -20.45 
3 16 3.464 2 -16.025 2 3.464 -16.025 2 3.464 -20.45 
3 16 2 3.464 -20.45 2 3.464 -16.025 0 4 -20.45 
3 16 2 3.464 -16.025 0 4 -16.025 0 4 -20.45 
3 16 4 0 -20.45 6.125 0 -20.45 3.464 -2 -20.45 
3 16 5.304 -3.062 -20.45 3.464 -2 -20.45 6.125 0 -20.45 
3 16 3.464 2 -20.45 5.304 3.063 -20.45 4 0 -20.45 
3 16 6.125 0 -20.45 4 0 -20.45 5.304 3.063 -20.45 
3 16 2 3.464 -20.45 3.062 5.304 -20.45 3.464 2 -20.45 
3 16 5.304 3.063 -20.45 3.464 2 -20.45 3.062 5.304 -20.45 
3 16 0 4 -20.45 0 6.125 -20.45 2 3.464 -20.45 
3 16 3.062 5.304 -20.45 2 3.464 -20.45 0 6.125 -20.45 
3 16 -2 3.464 -20.45 -3.062 5.304 -20.45 0 4 -20.45 
3 16 0 6.125 -20.45 0 4 -20.45 -3.062 5.304 -20.45 
3 16 -3.464 2 -20.45 -5.304 3.062 -20.45 -2 3.464 -20.45 
3 16 -3.062 5.304 -20.45 -2 3.464 -20.45 -5.304 3.062 -20.45 
3 16 -4 0 -20.45 -6.125 0 -20.45 -3.464 2 -20.45 
3 16 -5.304 3.062 -20.45 -3.464 2 -20.45 -6.125 0 -20.45 
3 16 -3.464 -2 -20.45 -5.304 -3.062 -20.45 -4 0 -20.45 
3 16 -6.125 0 -20.45 -4 0 -20.45 -5.304 -3.062 -20.45 
3 16 -2 -3.464 -20.45 -3.062 -5.304 -20.45 -3.464 -2 -20.45 
3 16 -5.304 -3.062 -20.45 -3.464 -2 -20.45 -3.062 -5.304 -20.45 
3 16 0 -4 -20.45 0 -6.125 -20.45 -2 -3.464 -20.45 
3 16 -3.062 -5.304 -20.45 -2 -3.464 -20.45 0 -6.125 -20.45 
3 16 2 -3.464 -20.45 3.062 -5.304 -20.45 0 -4 -20.45 
3 16 0 -6.125 -20.45 0 -4 -20.45 3.062 -5.304 -20.45 
3 16 3.464 -2 -20.45 5.304 -3.062 -20.45 2 -3.464 -20.45 
3 16 3.062 -5.304 -20.45 2 -3.464 -20.45 5.304 -3.062 -20.45 
3 16 6.125 0 -20.45 6.125 0 -16.025 5.304 -3.062 -20.45 
3 16 6.125 0 -16.025 5.304 -3.062 -16.025 5.304 -3.062 -20.45 
3 16 5.304 3.063 -20.45 5.304 3.063 -16.025 6.125 0 -20.45 
3 16 5.304 3.063 -16.025 6.125 0 -16.025 6.125 0 -20.45 
3 16 3.062 5.304 -20.45 3.062 5.304 -16.025 5.304 3.063 -20.45 
3 16 3.062 5.304 -16.025 5.304 3.063 -16.025 5.304 3.063 -20.45 
3 16 0 6.125 -20.45 0 6.125 -16.025 3.062 5.304 -20.45 
3 16 0 6.125 -16.025 3.062 5.304 -16.025 3.062 5.304 -20.45 
3 16 -3.062 5.304 -20.45 -3.062 5.304 -16.025 0 6.125 -20.45 
3 16 -3.062 5.304 -16.025 0 6.125 -16.025 0 6.125 -20.45 
3 16 -5.304 3.062 -20.45 -5.304 3.062 -16.025 -3.062 5.304 -20.45 
3 16 -5.304 3.062 -16.025 -3.062 5.304 -16.025 -3.062 5.304 -20.45 
3 16 -6.125 0 -20.45 -6.125 0 -16.025 -5.304 3.062 -20.45 
3 16 -6.125 0 -16.025 -5.304 3.062 -16.025 -5.304 3.062 -20.45 
3 16 -5.304 -3.062 -20.45 -5.304 -3.062 -16.025 -6.125 0 -20.45 
3 16 -5.304 -3.062 -16.025 -6.125 0 -16.025 -6.125 0 -20.45 
3 16 -3.062 -5.304 -20.45 -3.062 -5.304 -16.025 -5.304 -3.062 -20.45 
3 16 -3.062 -5.304 -16.025 -5.304 -3.062 -16.025 -5.304 -3.062 -20.45 
3 16 0 -6.125 -20.45 0 -6.125 -16.025 -3.062 -5.304 -20.45 
3 16 0 -6.125 -16.025 -3.062 -5.304 -16.025 -3.062 -5.304 -20.45 
3 16 3.062 -5.304 -20.45 3.062 -5.304 -16.025 0 -6.125 -20.45 
3 16 3.062 -5.304 -16.025 0 -6.125 -16.025 0 -6.125 -20.45 
3 16 5.304 -3.062 -20.45 5.304 -3.062 -16.025 3.062 -5.304 -20.45 
3 16 5.304 -3.062 -16.025 3.062 -5.304 -16.025 3.062 -5.304 -20.45 
2 24 -2 3.464 -20.45 0 4 -20.45 
2 24 0 4 -16.025 -2 3.464 -16.025 
2 24 -3.464 2 -20.45 -2 3.464 -20.45 
2 24 -2 3.464 -16.025 -3.464 2 -16.025 
2 24 -4 0 -20.45 -3.464 2 -20.45 
2 24 -3.464 2 -16.025 -4 0 -16.025 
2 24 -3.464 -2 -20.45 -4 0 -20.45 
2 24 -4 0 -16.025 -3.464 -2 -16.025 
2 24 -2 -3.464 -20.45 -3.464 -2 -20.45 
2 24 -3.464 -2 -16.025 -2 -3.464 -16.025 
2 24 0 -4 -20.45 -2 -3.464 -20.45 
2 24 -2 -3.464 -16.025 0 -4 -16.025 
2 24 2 -3.464 -20.45 0 -4 -20.45 
2 24 0 -4 -16.025 2 -3.464 -16.025 
2 24 3.464 -2 -20.45 2 -3.464 -20.45 
2 24 2 -3.464 -16.025 3.464 -2 -16.025 
2 24 3.464 -2 -16.025 4 0 -16.025 
2 24 4 0 -20.45 3.464 -2 -20.45 
2 24 3.464 2 -20.45 4 0 -20.45 
2 24 4 0 -16.025 3.464 2 -16.025 
2 24 2 3.464 -20.45 3.464 2 -20.45 
2 24 3.464 2 -16.025 2 3.464 -16.025 
2 24 0 4 -20.45 2 3.464 -20.45 
2 24 2 3.464 -16.025 0 4 -16.025 
2 24 6.125 0 -20.45 5.304 -3.062 -20.45 
2 24 5.304 3.063 -20.45 6.125 0 -20.45 
2 24 3.062 5.304 -20.45 5.304 3.063 -20.45 
2 24 0 6.125 -20.45 3.062 5.304 -20.45 
2 24 -3.062 5.304 -20.45 0 6.125 -20.45 
2 24 -5.304 3.062 -20.45 -3.062 5.304 -20.45 
2 24 -6.125 0 -20.45 -5.304 3.062 -20.45 
2 24 -5.304 -3.062 -20.45 -6.125 0 -20.45 
2 24 -3.062 -5.304 -20.45 -5.304 -3.062 -20.45 
2 24 0 -6.125 -20.45 -3.062 -5.304 -20.45 
2 24 3.062 -5.304 -20.45 0 -6.125 -20.45 
2 24 5.304 -3.062 -20.45 3.062 -5.304 -20.45 
2 24 6.125 0 -16.025 5.304 -3.062 -16.025 
2 24 5.304 3.063 -16.025 6.125 0 -16.025 
2 24 3.062 5.304 -16.025 5.304 3.063 -16.025 
2 24 0 6.125 -16.025 3.062 5.304 -16.025 
2 24 -3.062 5.304 -16.025 0 6.125 -16.025 
2 24 -5.304 3.062 -16.025 -3.062 5.304 -16.025 
2 24 -6.125 0 -16.025 -5.304 3.062 -16.025 
2 24 -5.304 -3.062 -16.025 -6.125 0 -16.025 
2 24 -3.062 -5.304 -16.025 -5.304 -3.062 -16.025 
2 24 0 -6.125 -16.025 -3.062 -5.304 -16.025 
2 24 3.062 -5.304 -16.025 0 -6.125 -16.025 
2 24 5.304 -3.062 -16.025 3.062 -5.304 -16.025 

