0 MINI HAT NO. 9 (Needs Work)
0 Name: 20607.dat
0 Author: <AuthorRealName> [<AuthorLDrawName>]
0 !LDRAW_ORG Unofficial_Part
0 !LICENSE Redistributable under CCAL version 2.0 : see CAreadme.txt

0 BFC CERTIFY CCW

0 !HISTORY 2016-03-18 {LEGO Digital Designer} Original part shape
0 !HISTORY 2016-03-18 [<AuthorLDrawName>] File preparation for LDraw Parts Tracker

0 // Needs Work: Clean necessary

0 // Outside
3 16 -8.125 0 0 -8.125 -6.25 0 -7.036 0 4.062 
3 16 -8.125 -6.25 0 -7.036 -6.25 4.062 -7.036 0 4.062 
3 16 -7.036 0 -4.062 -7.036 -6.25 -4.062 -8.125 0 0 
3 16 -7.036 -6.25 -4.062 -8.125 -6.25 0 -8.125 0 0 
3 16 -4.062 0 -7.036 -4.062 -6.25 -7.036 -7.036 0 -4.062 
3 16 -4.062 -6.25 -7.036 -7.036 -6.25 -4.062 -7.036 0 -4.062 
3 16 0 0 -8.125 0 -6.25 -8.125 -4.062 0 -7.036 
3 16 0 -6.25 -8.125 -4.062 -6.25 -7.036 -4.062 0 -7.036 
3 16 4.062 0 -7.036 4.062 -6.25 -7.036 0 0 -8.125 
3 16 4.062 -6.25 -7.036 0 -6.25 -8.125 0 0 -8.125 
3 16 7.036 0 -4.062 7.036 -6.25 -4.062 4.062 0 -7.036 
3 16 7.036 -6.25 -4.062 4.062 -6.25 -7.036 4.062 0 -7.036 
3 16 8.125 0 0 8.125 -6.25 0 7.036 0 -4.062 
3 16 8.125 -6.25 0 7.036 -6.25 -4.062 7.036 0 -4.062 
3 16 7.036 0 4.062 7.036 -6.25 4.062 8.125 0 0 
3 16 7.036 -6.25 4.062 8.125 -6.25 0 8.125 0 0 
3 16 4.062 0 7.036 4.062 -6.25 7.036 7.036 0 4.062 
3 16 4.062 -6.25 7.036 7.036 -6.25 4.062 7.036 0 4.062 
3 16 0 0 8.125 0 -6.25 8.125 4.062 0 7.036 
3 16 0 -6.25 8.125 4.062 -6.25 7.036 4.062 0 7.036 
3 16 -4.062 0 7.036 -4.062 -6.25 7.036 0 0 8.125 
3 16 -4.062 -6.25 7.036 0 -6.25 8.125 0 0 8.125 
3 16 -7.036 0 4.062 -7.036 -6.25 4.062 -4.062 0 7.036 
3 16 -7.036 -6.25 4.062 -4.062 -6.25 7.036 -4.062 0 7.036 
2 24 -7.036 0 4.062 -8.125 0 0 
2 24 -8.125 -6.25 0 -7.036 -6.25 4.062 
2 24 -8.125 0 0 -7.036 0 -4.062 
2 24 -7.036 -6.25 -4.062 -8.125 -6.25 0 
2 24 -7.036 0 -4.062 -4.062 0 -7.036 
2 24 -4.062 -6.25 -7.036 -7.036 -6.25 -4.062 
2 24 -4.062 0 -7.036 0 0 -8.125 
2 24 0 -6.25 -8.125 -4.062 -6.25 -7.036 
2 24 0 0 -8.125 4.062 0 -7.036 
2 24 4.062 -6.25 -7.036 0 -6.25 -8.125 
2 24 4.062 0 -7.036 7.036 0 -4.062 
2 24 7.036 -6.25 -4.062 4.062 -6.25 -7.036 
2 24 7.036 0 -4.062 8.125 0 0 
2 24 8.125 -6.25 0 7.036 -6.25 -4.062 
2 24 8.125 0 0 7.036 0 4.062 
2 24 7.036 -6.25 4.062 8.125 -6.25 0 
2 24 7.036 0 4.062 4.062 0 7.036 
2 24 4.062 -6.25 7.036 7.036 -6.25 4.062 
2 24 4.062 0 7.036 0 0 8.125 
2 24 0 -6.25 8.125 4.062 -6.25 7.036 
2 24 0 0 8.125 -4.062 0 7.036 
2 24 -4.062 -6.25 7.036 0 -6.25 8.125 
2 24 -4.062 0 7.036 -7.036 0 4.062 
2 24 -7.036 -6.25 4.062 -4.062 -6.25 7.036 

0 // Stud4
3 16 3.187 -6.25 -5.521 3.187 0 -5.521 0 -6.25 -6.375 
3 16 3.187 0 -5.521 0 0 -6.375 0 -6.25 -6.375 
3 16 5.521 -6.25 -3.187 5.521 0 -3.187 3.187 -6.25 -5.521 
3 16 5.521 0 -3.187 3.187 0 -5.521 3.187 -6.25 -5.521 
3 16 6.375 -6.25 0 6.375 0 0 5.521 -6.25 -3.187 
3 16 6.375 0 0 5.521 0 -3.187 5.521 -6.25 -3.187 
3 16 5.521 -6.25 3.187 5.521 0 3.187 6.375 -6.25 0 
3 16 5.521 0 3.187 6.375 0 0 6.375 -6.25 0 
3 16 3.187 -6.25 5.521 3.187 0 5.521 5.521 -6.25 3.187 
3 16 3.187 0 5.521 5.521 0 3.187 5.521 -6.25 3.187 
3 16 0 -6.25 6.375 0 0 6.375 3.187 -6.25 5.521 
3 16 0 0 6.375 3.187 0 5.521 3.187 -6.25 5.521 
3 16 -3.187 -6.25 5.521 -3.187 0 5.521 0 -6.25 6.375 
3 16 -3.187 0 5.521 0 0 6.375 0 -6.25 6.375 
3 16 -5.521 -6.25 3.187 -5.521 0 3.187 -3.187 -6.25 5.521 
3 16 -5.521 0 3.187 -3.187 0 5.521 -3.187 -6.25 5.521 
3 16 -5.521 0 3.187 -5.521 -6.25 3.187 -6.375 0 0 
3 16 -5.521 -6.25 3.187 -6.375 -6.25 0 -6.375 0 0 
3 16 -5.521 -6.25 -3.187 -5.521 0 -3.187 -6.375 -6.25 0 
3 16 -5.521 0 -3.187 -6.375 0 0 -6.375 -6.25 0 
3 16 -3.187 -6.25 -5.521 -3.187 0 -5.521 -5.521 -6.25 -3.187 
3 16 -3.187 0 -5.521 -5.521 0 -3.187 -5.521 -6.25 -3.187 
3 16 0 -6.25 -6.375 0 0 -6.375 -3.187 -6.25 -5.521 
3 16 0 0 -6.375 -3.187 0 -5.521 -3.187 -6.25 -5.521 
3 16 -6.375 0 0 -8.125 0 0 -5.521 0 3.187 
3 16 -8.125 0 0 -7.036 0 4.062 -5.521 0 3.187 
3 16 -5.521 0 -3.187 -7.036 0 -4.062 -6.375 0 0 
3 16 -7.036 0 -4.062 -8.125 0 0 -6.375 0 0 
3 16 -3.187 0 -5.521 -4.062 0 -7.036 -5.521 0 -3.187 
3 16 -4.062 0 -7.036 -7.036 0 -4.062 -5.521 0 -3.187 
3 16 0 0 -6.375 0 0 -8.125 -3.187 0 -5.521 
3 16 0 0 -8.125 -4.062 0 -7.036 -3.187 0 -5.521 
3 16 3.187 0 -5.521 4.062 0 -7.036 0 0 -6.375 
3 16 4.062 0 -7.036 0 0 -8.125 0 0 -6.375 
3 16 5.521 0 -3.187 7.036 0 -4.062 3.187 0 -5.521 
3 16 7.036 0 -4.062 4.062 0 -7.036 3.187 0 -5.521 
3 16 6.375 0 0 8.125 0 0 5.521 0 -3.187 
3 16 8.125 0 0 7.036 0 -4.062 5.521 0 -3.187 
3 16 5.521 0 3.187 7.036 0 4.062 6.375 0 0 
3 16 7.036 0 4.062 8.125 0 0 6.375 0 0 
3 16 3.187 0 5.521 4.062 0 7.036 5.521 0 3.187 
3 16 4.062 0 7.036 7.036 0 4.062 5.521 0 3.187 
3 16 0 0 6.375 0 0 8.125 3.187 0 5.521 
3 16 0 0 8.125 4.062 0 7.036 3.187 0 5.521 
3 16 -3.187 0 5.521 -4.062 0 7.036 0 0 6.375 
3 16 -4.062 0 7.036 0 0 8.125 0 0 6.375 
3 16 -5.521 0 3.187 -7.036 0 4.062 -3.187 0 5.521 
3 16 -7.036 0 4.062 -4.062 0 7.036 -3.187 0 5.521 
3 16 5.521 -6.25 -3.187 3.187 -6.25 -5.521 0 -6.25 0 
3 16 -3.187 -6.25 5.521 0 -6.25 0 -5.521 -6.25 3.187 
3 16 0 -6.25 0 -6.375 -6.25 0 -5.521 -6.25 3.187 
3 16 0 -6.25 0 -5.521 -6.25 -3.187 -6.375 -6.25 0 
3 16 0 -6.25 0 -3.187 -6.25 -5.521 -5.521 -6.25 -3.187 
3 16 0 -6.25 0 0 -6.25 -6.375 -3.187 -6.25 -5.521 
3 16 0 -6.25 0 3.187 -6.25 -5.521 0 -6.25 -6.375 
3 16 6.375 -6.25 0 5.521 -6.25 -3.187 0 -6.25 0 
3 16 5.521 -6.25 3.187 6.375 -6.25 0 0 -6.25 0 
3 16 3.187 -6.25 5.521 5.521 -6.25 3.187 0 -6.25 0 
3 16 0 -6.25 6.375 3.187 -6.25 5.521 0 -6.25 0 
3 16 -3.187 -6.25 5.521 0 -6.25 6.375 0 -6.25 0 
2 24 0 -6.25 -6.375 3.187 -6.25 -5.521 
2 24 3.187 0 -5.521 0 0 -6.375 
2 24 3.187 -6.25 -5.521 5.521 -6.25 -3.187 
2 24 5.521 0 -3.187 3.187 0 -5.521 
2 24 5.521 -6.25 -3.187 6.375 -6.25 0 
2 24 6.375 0 0 5.521 0 -3.187 
2 24 6.375 -6.25 0 5.521 -6.25 3.187 
2 24 5.521 0 3.187 6.375 0 0 
2 24 5.521 -6.25 3.187 3.187 -6.25 5.521 
2 24 3.187 0 5.521 5.521 0 3.187 
2 24 3.187 -6.25 5.521 0 -6.25 6.375 
2 24 0 0 6.375 3.187 0 5.521 
2 24 0 -6.25 6.375 -3.187 -6.25 5.521 
2 24 -3.187 0 5.521 0 0 6.375 
2 24 -3.187 -6.25 5.521 -5.521 -6.25 3.187 
2 24 -5.521 0 3.187 -3.187 0 5.521 
2 24 -6.375 0 0 -5.521 0 3.187 
2 24 -5.521 -6.25 3.187 -6.375 -6.25 0 
2 24 -6.375 -6.25 0 -5.521 -6.25 -3.187 
2 24 -5.521 0 -3.187 -6.375 0 0 
2 24 -5.521 -6.25 -3.187 -3.187 -6.25 -5.521 
2 24 -3.187 0 -5.521 -5.521 0 -3.187 
2 24 -3.187 -6.25 -5.521 0 -6.25 -6.375 
2 24 0 0 -6.375 -3.187 0 -5.521 
2 24 -8.125 0 0 -7.036 0 4.062 
2 24 -7.036 0 -4.062 -8.125 0 0 
2 24 -4.062 0 -7.036 -7.036 0 -4.062 
2 24 0 0 -8.125 -4.062 0 -7.036 
2 24 4.062 0 -7.036 0 0 -8.125 
2 24 7.036 0 -4.062 4.062 0 -7.036 
2 24 8.125 0 0 7.036 0 -4.062 
2 24 7.036 0 4.062 8.125 0 0 
2 24 4.062 0 7.036 7.036 0 4.062 
2 24 0 0 8.125 4.062 0 7.036 
2 24 -4.062 0 7.036 0 0 8.125 
2 24 -7.036 0 4.062 -4.062 0 7.036 

0 // Outside
3 16 -15.886 -4.713 -1.24 -14.034 -1.812 0.36 -15.972 -4.074 -2.006 
3 16 -14.034 -1.812 0.36 -14.109 -0.968 -0.19 -15.972 -4.074 -2.006 
3 16 -17.11 -6.973 3.243 -13.785 -3.727 4.004 -15.886 -4.713 -1.24 
3 16 -13.785 -3.727 4.004 -14.034 -1.812 0.36 -15.886 -4.713 -1.24 
3 16 -6.072 -8.609 1.2 -6.951 -8.177 4.5 -6.67 -9.803 0.832 
3 16 -6.951 -8.177 4.5 -7.849 -11.107 3.918 -6.67 -9.803 0.832 
3 16 -7.849 -11.107 3.918 -6.951 -8.177 4.5 -8.655 -10.845 4.604 
3 16 -6.951 -8.177 4.5 -7.645 -7.931 5.027 -8.655 -10.845 4.604 
3 16 -17.11 -6.973 3.243 -16.516 -7.195 3.963 -13.785 -3.727 4.004 
3 16 -16.516 -7.195 3.963 -13.595 -4.24 4.306 -13.785 -3.727 4.004 
3 16 -17.339 -7.186 9.196 -14.607 -4.322 8.214 -17.634 -7.301 8.536 
3 16 -14.607 -4.322 8.214 -14.61 -4.325 7.51 -17.634 -7.301 8.536 
3 16 -17.634 -7.301 8.536 -14.61 -4.325 7.51 -16.516 -7.195 3.963 
3 16 -14.61 -4.325 7.51 -13.595 -4.24 4.306 -16.516 -7.195 3.963 
3 16 -9.68 -9.894 10.271 -8.286 -6.317 9.497 -10.023 -9.353 10.783 
3 16 -8.286 -6.317 9.497 -8.798 -5.769 10.178 -10.023 -9.353 10.783 
3 16 -8.286 -6.317 9.497 -9.68 -9.894 10.271 -7.645 -7.931 5.027 
3 16 -9.68 -9.894 10.271 -8.655 -10.845 4.604 -7.645 -7.931 5.027 
3 16 -10.858 -7.084 13.646 -9.439 -3.693 12.387 -11.043 -6.054 14.108 
3 16 -9.439 -3.693 12.387 -9.749 -2.893 12.893 -11.043 -6.054 14.108 
3 16 -9.439 -3.693 12.387 -10.858 -7.084 13.646 -8.798 -5.769 10.178 
3 16 -10.858 -7.084 13.646 -10.023 -9.353 10.783 -8.798 -5.769 10.178 
3 16 -18.279 -3.803 12.368 -15.303 -3.029 9.268 -17.339 -7.186 9.196 
3 16 -15.303 -3.029 9.268 -14.607 -4.322 8.214 -17.339 -7.186 9.196 
3 16 -17.929 -3.271 12.612 -15.346 -2.677 9.58 -18.279 -3.803 12.368 
3 16 -15.346 -2.677 9.58 -15.303 -3.029 9.268 -18.279 -3.803 12.368 
3 16 -17.276 1.036 9.821 -16.857 1.077 9.349 -15.931 -1.364 8.666 
3 16 -16.857 1.077 9.349 -15.814 -0.913 8.399 -15.931 -1.364 8.666 
3 16 -17.879 -1.633 12.581 -17.657 0.083 11.468 -15.58 -2.243 9.339 
3 16 -17.657 0.083 11.468 -17.276 1.036 9.821 -15.58 -2.243 9.339 
3 16 -15.58 -2.243 9.339 -17.276 1.036 9.821 -15.931 -1.364 8.666 
3 16 -15.58 -2.243 9.339 -15.346 -2.677 9.58 -17.879 -1.633 12.581 
3 16 -15.346 -2.677 9.58 -17.929 -3.271 12.612 -17.879 -1.633 12.581 
3 16 -11.043 -6.054 14.108 -9.749 -2.893 12.893 -10.836 -3.724 14.712 
3 16 -9.749 -2.893 12.893 -10.061 -1.186 14.109 -10.836 -3.724 14.712 
3 16 -15.22 -1.851 5.579 -15.814 -0.913 8.399 -16.667 1.719 7.679 
3 16 -15.814 -0.913 8.399 -16.857 1.077 9.349 -16.667 1.719 7.679 
3 16 -16.857 1.077 9.349 -17.057 1.967 9.86 -16.667 1.719 7.679 
3 16 -13.711 3.155 10.81 -14.927 2.602 7.724 -15.273 2.733 10.368 
3 16 -15.273 2.733 10.368 -14.927 2.602 7.724 -17.057 1.967 9.86 
3 16 -17.057 1.967 9.86 -14.927 2.602 7.724 -16.667 1.719 7.679 
3 16 -15.97 0.239 5.525 -16.667 1.719 7.679 -14.898 0.78 5.169 
3 16 -16.667 1.719 7.679 -14.927 2.602 7.724 -14.898 0.78 5.169 
3 16 -15.97 0.239 5.525 -14.898 0.78 5.169 -15.47 -1.072 5.019 
3 16 -14.898 0.78 5.169 -14.683 -0.903 4.564 -15.47 -1.072 5.019 
3 16 -15.47 -1.072 5.019 -14.683 -0.903 4.564 -15.22 -1.851 5.579 
3 16 -14.683 -0.903 4.564 -14.313 -2.194 5.537 -15.22 -1.851 5.579 
3 16 -15.814 -0.913 8.399 -15.22 -1.851 5.579 -14.514 -1.34 8.035 
3 16 -15.22 -1.851 5.579 -14.313 -2.194 5.537 -14.514 -1.34 8.035 
3 16 -15.814 -0.913 8.399 -14.514 -1.34 8.035 -15.931 -1.364 8.666 
3 16 -14.514 -1.34 8.035 -14.288 -1.702 8.309 -15.931 -1.364 8.666 
3 16 -15.931 -1.364 8.666 -14.288 -1.702 8.309 -15.58 -2.243 9.339 
3 16 -15.346 -2.677 9.58 -15.58 -2.243 9.339 -13.907 -2.578 8.844 
3 16 -15.58 -2.243 9.339 -14.288 -1.702 8.309 -13.907 -2.578 8.844 
3 16 -15.303 -3.029 9.268 -13.86 -2.769 8.836 -14.607 -4.322 8.214 
3 16 -13.86 -2.769 8.836 -13.43 -3.943 7.835 -14.607 -4.322 8.214 
3 16 -15.346 -2.677 9.58 -13.907 -2.578 8.844 -15.303 -3.029 9.268 
3 16 -13.907 -2.578 8.844 -13.86 -2.769 8.836 -15.303 -3.029 9.268 
3 16 -16.857 1.077 9.349 -17.276 1.036 9.821 -17.057 1.967 9.86 
3 16 -17.276 1.036 9.821 -17.495 2.071 10.543 -17.057 1.967 9.86 
3 16 -17.276 1.036 9.821 -17.657 0.083 11.468 -17.495 2.071 10.543 
3 16 -17.657 0.083 11.468 -18.144 0.979 12.597 -17.495 2.071 10.543 
3 16 -17.657 0.083 11.468 -17.879 -1.633 12.581 -18.144 0.979 12.597 
3 16 -17.879 -1.633 12.581 -18.607 -1.316 14.098 -18.144 0.979 12.597 
3 16 -17.879 -1.633 12.581 -17.929 -3.271 12.612 -18.607 -1.316 14.098 
3 16 -17.929 -3.271 12.612 -18.767 -3.682 14.059 -18.607 -1.316 14.098 
3 16 -17.929 -3.271 12.612 -18.279 -3.803 12.368 -18.767 -3.682 14.059 
3 16 -18.279 -3.803 12.368 -19.31 -4.307 13.767 -18.767 -3.682 14.059 
3 16 -19.31 -4.307 13.767 -18.279 -3.803 12.368 -18.427 -8.445 9.667 
3 16 -18.279 -3.803 12.368 -17.339 -7.186 9.196 -18.427 -8.445 9.667 
3 16 -17.339 -7.186 9.196 -17.634 -7.301 8.536 -18.427 -8.445 9.667 
3 16 -17.634 -7.301 8.536 -18.774 -8.687 9.024 -18.427 -8.445 9.667 
3 16 -18.774 -8.687 9.024 -17.634 -7.301 8.536 -17.427 -8.731 3.853 
3 16 -17.634 -7.301 8.536 -16.516 -7.195 3.963 -17.427 -8.731 3.853 
3 16 -16.516 -7.195 3.963 -17.11 -6.973 3.243 -17.427 -8.731 3.853 
3 16 -17.11 -6.973 3.243 -18.06 -8.753 2.948 -17.427 -8.731 3.853 
3 16 -18.06 -8.753 2.948 -17.11 -6.973 3.243 -16.364 -6.052 -2.013 
3 16 -17.11 -6.973 3.243 -15.886 -4.713 -1.24 -16.364 -6.052 -2.013 
3 16 -15.972 -4.074 -2.006 -16.51 -5.46 -2.873 -15.886 -4.713 -1.24 
3 16 -16.51 -5.46 -2.873 -16.364 -6.052 -2.013 -15.886 -4.713 -1.24 
3 16 -15.47 -1.072 5.019 -15.22 -1.851 5.579 -15.97 0.239 5.525 
3 16 -15.22 -1.851 5.579 -16.667 1.719 7.679 -15.97 0.239 5.525 
3 16 -13.535 -2.839 16.599 -12.153 -3.284 15.809 -10.86 1.503 15.049 
3 16 -12.153 -3.284 15.809 -10.061 -1.186 14.109 -10.86 1.503 15.049 
3 16 -10.061 -1.186 14.109 -12.153 -3.284 15.809 -10.836 -3.724 14.712 
3 16 -12.939 -6.571 15.309 -11.043 -6.054 14.108 -12.153 -3.284 15.809 
3 16 -11.043 -6.054 14.108 -10.836 -3.724 14.712 -12.153 -3.284 15.809 
3 16 -10.858 -7.084 13.646 -11.043 -6.054 14.108 -12.973 -7.453 15.085 
3 16 -11.043 -6.054 14.108 -12.939 -6.571 15.309 -12.973 -7.453 15.085 
3 16 -12.973 -7.453 15.085 -12.259 -10.988 11.066 -10.858 -7.084 13.646 
3 16 -12.259 -10.988 11.066 -10.023 -9.353 10.783 -10.858 -7.084 13.646 
3 16 -11.98 -11.574 10.734 -9.68 -9.894 10.271 -12.259 -10.988 11.066 
3 16 -9.68 -9.894 10.271 -10.023 -9.353 10.783 -12.259 -10.988 11.066 
3 16 -8.655 -10.845 4.604 -9.68 -9.894 10.271 -10.772 -12.226 4.316 
3 16 -9.68 -9.894 10.271 -11.98 -11.574 10.734 -10.772 -12.226 4.316 
3 16 -7.849 -11.107 3.918 -8.655 -10.845 4.604 -10.22 -12.563 3.4 
3 16 -8.655 -10.845 4.604 -10.772 -12.226 4.316 -10.22 -12.563 3.4 
3 16 -7.609 -10.27 -3.758 -8.377 -10.211 -2.754 -9.922 -11.247 -4.48 
3 16 -8.377 -10.211 -2.754 -10.704 -11.083 -3.464 -9.922 -11.247 -4.48 
3 16 -12.522 -13.727 2.907 -10.704 -11.083 -3.464 -10.22 -12.563 3.4 
3 16 -10.704 -11.083 -3.464 -8.377 -10.211 -2.754 -10.22 -12.563 3.4 
3 16 -10.22 -12.563 3.4 -10.772 -12.226 4.316 -12.522 -13.727 2.907 
3 16 -10.772 -12.226 4.316 -12.9 -13.226 3.987 -12.522 -13.727 2.907 
3 16 -10.772 -12.226 4.316 -11.98 -11.574 10.734 -12.9 -13.226 3.987 
3 16 -11.98 -11.574 10.734 -14.27 -13 10.753 -12.9 -13.226 3.987 
3 16 -14.27 -13 10.753 -11.98 -11.574 10.734 -14.515 -12.264 11.129 
3 16 -11.98 -11.574 10.734 -12.259 -10.988 11.066 -14.515 -12.264 11.129 
3 16 -15.173 -7.709 16.051 -14.515 -12.264 11.129 -12.973 -7.453 15.085 
3 16 -14.515 -12.264 11.129 -12.259 -10.988 11.066 -12.973 -7.453 15.085 
3 16 -12.939 -6.571 15.309 -14.935 -6.928 16.054 -12.973 -7.453 15.085 
3 16 -14.935 -6.928 16.054 -15.173 -7.709 16.051 -12.973 -7.453 15.085 
3 16 -12.153 -3.284 15.809 -13.535 -2.839 16.599 -12.939 -6.571 15.309 
3 16 -13.535 -2.839 16.599 -14.935 -6.928 16.054 -12.939 -6.571 15.309 
3 16 -5.13 -5.751 -8.724 -4.774 -7.582 -5.59 -7.642 -8.595 -6.921 
3 16 -8.377 -10.211 -2.754 -7.609 -10.27 -3.758 -5.46 -8.571 -1.544 
3 16 -7.609 -10.27 -3.758 -4.836 -8.579 -2.585 -5.46 -8.571 -1.544 
3 16 -4.836 -8.579 -2.585 -7.609 -10.27 -3.758 -4.774 -7.582 -5.59 
3 16 -7.609 -10.27 -3.758 -7.642 -8.595 -6.921 -4.774 -7.582 -5.59 
3 16 -9.922 -11.247 -4.48 -7.642 -8.595 -6.921 -7.609 -10.27 -3.758 
3 16 -12.459 -0.367 -6.721 -14.681 -3.252 -4.989 -14.109 -0.968 -0.19 
3 16 -14.681 -3.252 -4.989 -15.972 -4.074 -2.006 -14.109 -0.968 -0.19 
3 16 -14.681 -3.252 -4.989 -16.51 -5.46 -2.873 -15.972 -4.074 -2.006 
3 16 -11.703 4.997 -11.226 -8.908 4.307 -13.622 -12.59 2.388 -10.681 
3 16 -8.908 4.307 -13.622 -8.015 0.098 -14.004 -12.59 2.388 -10.681 
3 16 -3.685 6.5 -15.305 -2.894 2.014 -15.639 -8.908 4.307 -13.622 
3 16 -2.894 2.014 -15.639 -8.015 0.098 -14.004 -8.908 4.307 -13.622 
3 16 0 0.953 -14.042 -2.894 2.014 -15.639 0 8.085 -14.63 
3 16 -2.894 2.014 -15.639 -3.685 6.5 -15.305 0 8.085 -14.63 
3 16 0 0.953 -14.042 -6.168 -1.756 -11.646 -2.894 2.014 -15.639 
3 16 -6.168 -1.756 -11.646 -8.015 0.098 -14.004 -2.894 2.014 -15.639 
3 16 -12.59 2.388 -10.681 -8.015 0.098 -14.004 -12.021 0.767 -8.114 
3 16 -8.015 0.098 -14.004 -6.168 -1.756 -11.646 -12.021 0.767 -8.114 
3 16 -13.867 5.48 -6.064 -13.156 8.56 -5.396 -11.703 4.997 -11.226 
3 16 -11.703 4.997 -11.226 -12.59 2.388 -10.681 -13.867 5.48 -6.064 
3 16 -13.726 4.442 -5.397 -13.867 5.48 -6.064 -12.021 0.767 -8.114 
3 16 -13.867 5.48 -6.064 -12.59 2.388 -10.681 -12.021 0.767 -8.114 
3 16 -10.11 6.685 -8.614 -11.703 4.997 -11.226 -11.468 8.191 -6.298 
3 16 -11.703 4.997 -11.226 -13.156 8.56 -5.396 -11.468 8.191 -6.298 
3 16 -10.11 6.685 -8.614 -7.435 6.078 -10.921 -11.703 4.997 -11.226 
3 16 -7.435 6.078 -10.921 -8.908 4.307 -13.622 -11.703 4.997 -11.226 
3 16 -3.685 6.5 -15.305 -8.908 4.307 -13.622 -4.162 7.358 -12.521 
3 16 -8.908 4.307 -13.622 -7.435 6.078 -10.921 -4.162 7.358 -12.521 
3 16 -4.162 7.358 -12.521 0 8.874 -13.129 -3.685 6.5 -15.305 
3 16 0 8.874 -13.129 0 8.085 -14.63 -3.685 6.5 -15.305 
3 16 -12.368 11.515 -4.334 -11.961 8.954 -5.379 -13.332 11.435 -4.221 
3 16 -11.961 8.954 -5.379 -13.156 8.56 -5.396 -13.332 11.435 -4.221 
3 16 -13.332 11.435 -4.221 -13.156 8.56 -5.396 -14.922 10.755 -3.297 
3 16 -19.35 4.79 -0.532 -19.553 6.942 -0.012 -14.348 6.538 -4.27 
3 16 -19.553 6.942 -0.012 -16.693 8.518 -2.147 -14.348 6.538 -4.27 
3 16 -16.693 8.518 -2.147 -14.922 10.755 -3.297 -14.348 6.538 -4.27 
3 16 -14.348 6.538 -4.27 -14.922 10.755 -3.297 -13.156 8.56 -5.396 
3 16 -13.332 11.435 -4.221 -14.922 10.755 -3.297 -13.509 12.635 -0.605 
3 16 -14.922 10.755 -3.297 -14.494 12.296 0.103 -13.509 12.635 -0.605 
3 16 -13.509 12.635 -0.605 -14.494 12.296 0.103 -13.59 14.634 1.261 
3 16 -14.494 12.296 0.103 -14.386 14.349 1.546 -13.59 14.634 1.261 
3 16 -14.855 15.596 2.607 -13.769 15.671 2.123 -14.386 14.349 1.546 
3 16 -13.769 15.671 2.123 -13.59 14.634 1.261 -14.386 14.349 1.546 
3 16 -13.509 12.635 -0.605 -12.991 12.643 -0.678 -13.332 11.435 -4.221 
3 16 -12.991 12.643 -0.678 -12.368 11.515 -4.334 -13.332 11.435 -4.221 
3 16 -13.59 14.634 1.261 -12.963 14.228 0.987 -13.509 12.635 -0.605 
3 16 -12.963 14.228 0.987 -12.991 12.643 -0.678 -13.509 12.635 -0.605 
3 16 -8.798 -3.446 -8.484 -11.158 -6.335 -6.597 -12.459 -0.367 -6.721 
3 16 -11.158 -6.335 -6.597 -14.681 -3.252 -4.989 -12.459 -0.367 -6.721 
3 16 -16.51 -5.46 -2.873 -14.681 -3.252 -4.989 -13.448 -9.028 -4.065 
3 16 -14.681 -3.252 -4.989 -11.158 -6.335 -6.597 -13.448 -9.028 -4.065 
3 16 -16.51 -5.46 -2.873 -13.448 -9.028 -4.065 -16.364 -6.052 -2.013 
3 16 -13.448 -9.028 -4.065 -13.572 -9.053 -2.975 -16.364 -6.052 -2.013 
3 16 -16.364 -6.052 -2.013 -13.572 -9.053 -2.975 -18.06 -8.753 2.948 
3 16 -13.572 -9.053 -2.975 -15.316 -11.774 2.938 -18.06 -8.753 2.948 
3 16 -18.06 -8.753 2.948 -15.316 -11.774 2.938 -17.427 -8.731 3.853 
3 16 -15.316 -11.774 2.938 -15.218 -11.438 3.859 -17.427 -8.731 3.853 
3 16 -15.218 -11.438 3.859 -16.772 -11.23 10.061 -17.427 -8.731 3.853 
3 16 -16.772 -11.23 10.061 -18.774 -8.687 9.024 -17.427 -8.731 3.853 
3 16 -18.774 -8.687 9.024 -16.772 -11.23 10.061 -18.427 -8.445 9.667 
3 16 -16.772 -11.23 10.061 -16.506 -10.654 10.637 -18.427 -8.445 9.667 
3 16 -19.31 -4.307 13.767 -18.427 -8.445 9.667 -17.436 -6.268 15.334 
3 16 -18.427 -8.445 9.667 -16.506 -10.654 10.637 -17.436 -6.268 15.334 
3 16 -19.31 -4.307 13.767 -17.436 -6.268 15.334 -18.767 -3.682 14.059 
3 16 -17.436 -6.268 15.334 -16.78 -5.468 15.306 -18.767 -3.682 14.059 
3 16 -18.607 -1.316 14.098 -18.767 -3.682 14.059 -15.965 -2.075 15.787 
3 16 -18.767 -3.682 14.059 -16.78 -5.468 15.306 -15.965 -2.075 15.787 
3 16 -18.607 -1.316 14.098 -15.965 -2.075 15.787 -18.144 0.979 12.597 
3 16 -15.965 -2.075 15.787 -14.246 1.45 14.081 -18.144 0.979 12.597 
3 16 -17.495 2.071 10.543 -18.144 0.979 12.597 -15.12 2.921 11.087 
3 16 -18.144 0.979 12.597 -14.246 1.45 14.081 -15.12 2.921 11.087 
3 16 -17.057 1.967 9.86 -17.495 2.071 10.543 -15.273 2.733 10.368 
3 16 -17.495 2.071 10.543 -15.12 2.921 11.087 -15.273 2.733 10.368 
3 16 -15.273 2.733 10.368 -15.12 2.921 11.087 -13.711 3.155 10.81 
3 16 -15.12 2.921 11.087 -13.056 3.222 11.679 -13.711 3.155 10.81 
3 16 -15.12 2.921 11.087 -14.246 1.45 14.081 -13.056 3.222 11.679 
3 16 -14.246 1.45 14.081 -10.86 1.503 15.049 -13.056 3.222 11.679 
3 16 -15.965 -2.075 15.787 -13.535 -2.839 16.599 -14.246 1.45 14.081 
3 16 -13.535 -2.839 16.599 -10.86 1.503 15.049 -14.246 1.45 14.081 
3 16 -15.965 -2.075 15.787 -16.78 -5.468 15.306 -13.535 -2.839 16.599 
3 16 -16.78 -5.468 15.306 -14.935 -6.928 16.054 -13.535 -2.839 16.599 
3 16 -16.78 -5.468 15.306 -17.436 -6.268 15.334 -14.935 -6.928 16.054 
3 16 -17.436 -6.268 15.334 -15.173 -7.709 16.051 -14.935 -6.928 16.054 
3 16 -17.436 -6.268 15.334 -16.506 -10.654 10.637 -15.173 -7.709 16.051 
3 16 -16.506 -10.654 10.637 -14.515 -12.264 11.129 -15.173 -7.709 16.051 
3 16 -16.506 -10.654 10.637 -16.772 -11.23 10.061 -14.515 -12.264 11.129 
3 16 -16.772 -11.23 10.061 -14.27 -13 10.753 -14.515 -12.264 11.129 
3 16 -12.9 -13.226 3.987 -14.27 -13 10.753 -15.218 -11.438 3.859 
3 16 -14.27 -13 10.753 -16.772 -11.23 10.061 -15.218 -11.438 3.859 
3 16 -15.218 -11.438 3.859 -15.316 -11.774 2.938 -12.9 -13.226 3.987 
3 16 -15.316 -11.774 2.938 -12.522 -13.727 2.907 -12.9 -13.226 3.987 
3 16 -15.316 -11.774 2.938 -13.572 -9.053 -2.975 -12.522 -13.727 2.907 
3 16 -13.572 -9.053 -2.975 -10.704 -11.083 -3.464 -12.522 -13.727 2.907 
3 16 -13.572 -9.053 -2.975 -13.448 -9.028 -4.065 -10.704 -11.083 -3.464 
3 16 -13.448 -9.028 -4.065 -9.922 -11.247 -4.48 -10.704 -11.083 -3.464 
3 16 -13.448 -9.028 -4.065 -11.158 -6.335 -6.597 -9.922 -11.247 -4.48 
3 16 -11.158 -6.335 -6.597 -7.642 -8.595 -6.921 -9.922 -11.247 -4.48 
3 16 -5.13 -5.751 -8.724 -7.642 -8.595 -6.921 -8.798 -3.446 -8.484 
3 16 -7.642 -8.595 -6.921 -11.158 -6.335 -6.597 -8.798 -3.446 -8.484 
3 16 0 -5.049 -10.026 -5.13 -5.751 -8.724 0 -2.297 -12.069 
3 16 0 -2.297 -12.069 -5.13 -5.751 -8.724 -6.168 -1.756 -11.646 
3 16 -6.168 -1.756 -11.646 -5.13 -5.751 -8.724 -8.798 -3.446 -8.484 
3 16 0 0.953 -14.042 0 -2.297 -12.069 -6.168 -1.756 -11.646 
3 16 0 -5.049 -10.026 0 -7.194 -7.555 -5.13 -5.751 -8.724 
3 16 0 -7.194 -7.555 -4.774 -7.582 -5.59 -5.13 -5.751 -8.724 
3 16 -4.836 -8.579 -2.585 -4.774 -7.582 -5.59 0 -8.725 -4.276 
3 16 -4.774 -7.582 -5.59 0 -7.194 -7.555 0 -8.725 -4.276 
3 16 -3.482 -9.259 2.452 -4.836 -8.579 -2.585 0 -9.604 2.625 
3 16 -4.836 -8.579 -2.585 0 -8.725 -4.276 0 -9.604 2.625 
3 16 -6.072 -8.609 1.2 -3.482 -9.259 2.452 -6.951 -8.177 4.5 
3 16 -3.482 -9.259 2.452 -4.466 -7.89 8.137 -6.951 -8.177 4.5 
3 16 0 -9.604 2.625 0 -8.202 8.631 -3.482 -9.259 2.452 
3 16 0 -8.202 8.631 -4.466 -7.89 8.137 -3.482 -9.259 2.452 
3 16 -10.061 -1.186 14.109 -9.749 -2.893 12.893 -5.13 -1.105 15.347 
3 16 -9.749 -2.893 12.893 -4.552 -5.08 12.466 -5.13 -1.105 15.347 
3 16 -9.749 -2.893 12.893 -9.439 -3.693 12.387 -4.552 -5.08 12.466 
3 16 -9.439 -3.693 12.387 -8.798 -5.769 10.178 -4.552 -5.08 12.466 
3 16 -8.798 -5.769 10.178 -8.286 -6.317 9.497 -4.552 -5.08 12.466 
3 16 -4.552 -5.08 12.466 -8.286 -6.317 9.497 -4.466 -7.89 8.137 
3 16 -6.951 -8.177 4.5 -4.466 -7.89 8.137 -7.645 -7.931 5.027 
3 16 -4.466 -7.89 8.137 -8.286 -6.317 9.497 -7.645 -7.931 5.027 
3 16 0 -5.259 13.152 -4.552 -5.08 12.466 0 -8.202 8.631 
3 16 -4.552 -5.08 12.466 -4.466 -7.89 8.137 0 -8.202 8.631 
3 16 0 -5.259 13.152 0 -1.3 15.891 -4.552 -5.08 12.466 
3 16 0 -1.3 15.891 -5.13 -1.105 15.347 -4.552 -5.08 12.466 
3 16 -5.58 6.019 17.071 0 5.712 17.752 -4.743 12.555 16.417 
3 16 0 5.712 17.752 0 12.394 17.013 -4.743 12.555 16.417 
3 16 -4.743 12.555 16.417 -9.451 12.261 14.598 -5.58 6.019 17.071 
3 16 -9.451 12.261 14.598 -10.204 6.513 15.647 -5.58 6.019 17.071 
3 16 -10.204 6.513 15.647 -10.86 1.503 15.049 -5.58 6.019 17.071 
3 16 -5.58 6.019 17.071 -10.86 1.503 15.049 -5.13 -1.105 15.347 
3 16 -5.13 -1.105 15.347 -10.86 1.503 15.049 -10.061 -1.186 14.109 
3 16 -5.58 6.019 17.071 -5.13 -1.105 15.347 0 5.712 17.752 
3 16 -5.13 -1.105 15.347 0 -1.3 15.891 0 5.712 17.752 
3 16 -14.607 -4.322 8.214 -13.43 -3.943 7.835 -14.61 -4.325 7.51 
3 16 -13.43 -3.943 7.835 -13.523 -3.934 7.334 -14.61 -4.325 7.51 
3 16 -4.335 17.625 14.323 -8.513 17.359 12.195 -4.743 12.555 16.417 
3 16 -8.513 17.359 12.195 -9.451 12.261 14.598 -4.743 12.555 16.417 
3 16 0 17.882 14.848 -4.335 17.625 14.323 0 12.394 17.013 
3 16 -4.335 17.625 14.323 -4.743 12.555 16.417 0 12.394 17.013 
3 16 -14.855 15.596 2.607 -14.386 14.349 1.546 -16.443 9.284 1.86 
3 16 -14.386 14.349 1.546 -14.494 12.296 0.103 -16.443 9.284 1.86 
3 16 -16.443 9.284 1.86 -14.494 12.296 0.103 -16.693 8.518 -2.147 
3 16 -16.693 8.518 -2.147 -14.494 12.296 0.103 -14.922 10.755 -3.297 
3 16 -16.693 8.518 -2.147 -19.553 6.942 -0.012 -16.443 9.284 1.86 
3 16 -19.553 6.942 -0.012 -19.182 7.554 2.852 -16.443 9.284 1.86 
3 16 -19.553 6.942 -0.012 -22.664 5.999 2.891 -19.182 7.554 2.852 
3 16 -22.664 5.999 2.891 -23.403 6.041 4.347 -19.182 7.554 2.852 
3 16 -23.403 6.041 4.347 -21.673 10.194 4.82 -19.182 7.554 2.852 
3 16 -21.673 10.194 4.82 -18.625 13.647 4.07 -19.182 7.554 2.852 
3 16 -19.182 7.554 2.852 -18.625 13.647 4.07 -16.443 9.284 1.86 
3 16 -18.625 13.647 4.07 -14.855 15.596 2.607 -16.443 9.284 1.86 
3 16 -19.553 6.942 -0.012 -19.35 4.79 -0.532 -22.664 5.999 2.891 
3 16 -19.35 4.79 -0.532 -22.65 3.997 2.691 -22.664 5.999 2.891 
3 16 -23.285 5.853 7.27 -23.403 6.041 4.347 -23.237 4.368 7.076 
3 16 -22.65 3.997 2.691 -23.237 4.368 7.076 -22.664 5.999 2.891 
3 16 -22.664 5.999 2.891 -23.237 4.368 7.076 -23.403 6.041 4.347 
3 16 -21.54 10.17 7.028 -21.673 10.194 4.82 -23.285 5.853 7.27 
3 16 -21.673 10.194 4.82 -23.403 6.041 4.347 -23.285 5.853 7.27 
3 16 -14.686 9.871 7.998 -21.54 10.17 7.028 -15.01 4.843 8.221 
3 16 -21.54 10.17 7.028 -23.285 5.853 7.27 -15.01 4.843 8.221 
3 16 -23.237 4.368 7.076 -15.218 3.157 7.777 -23.285 5.853 7.27 
3 16 -15.218 3.157 7.777 -15.01 4.843 8.221 -23.285 5.853 7.27 
3 16 -22.65 3.997 2.691 -15.593 3.087 2.956 -23.237 4.368 7.076 
3 16 -15.593 3.087 2.956 -15.218 3.157 7.777 -23.237 4.368 7.076 
3 16 -22.65 3.997 2.691 -19.35 4.79 -0.532 -15.593 3.087 2.956 
3 16 -19.35 4.79 -0.532 -15.187 4.273 -0.266 -15.593 3.087 2.956 
3 16 -18.625 13.647 4.07 -18.292 14.225 6.048 -14.855 15.596 2.607 
3 16 -18.292 14.225 6.048 -14.035 15.85 5.444 -14.855 15.596 2.607 
3 16 -21.54 10.17 7.028 -18.292 14.225 6.048 -21.673 10.194 4.82 
3 16 -18.292 14.225 6.048 -18.625 13.647 4.07 -21.673 10.194 4.82 
3 16 -13.2 15.122 6.435 -18.292 14.225 6.048 -14.686 9.871 7.998 
3 16 -18.292 14.225 6.048 -21.54 10.17 7.028 -14.686 9.871 7.998 
3 16 -12.191 15.951 8.828 -13.2 15.122 6.435 -12.39 11.138 11.012 
3 16 -13.2 15.122 6.435 -14.686 9.871 7.998 -12.39 11.138 11.012 
3 16 -8.513 17.359 12.195 -12.191 15.951 8.828 -9.451 12.261 14.598 
3 16 -12.191 15.951 8.828 -12.39 11.138 11.012 -9.451 12.261 14.598 
3 16 -9.451 12.261 14.598 -12.39 11.138 11.012 -10.204 6.513 15.647 
3 16 -12.39 11.138 11.012 -12.504 6.292 12.267 -10.204 6.513 15.647 
3 16 -10.204 6.513 15.647 -12.504 6.292 12.267 -10.86 1.503 15.049 
3 16 -12.504 6.292 12.267 -13.056 3.222 11.679 -10.86 1.503 15.049 
3 16 -15.01 4.843 8.221 -12.504 6.292 12.267 -14.686 9.871 7.998 
3 16 -12.504 6.292 12.267 -12.39 11.138 11.012 -14.686 9.871 7.998 
3 16 -15.01 4.843 8.221 -13.711 3.155 10.81 -12.504 6.292 12.267 
3 16 -12.504 6.292 12.267 -13.711 3.155 10.81 -13.056 3.222 11.679 
3 16 -14.927 2.602 7.724 -13.711 3.155 10.81 -15.218 3.157 7.777 
3 16 -15.218 3.157 7.777 -13.711 3.155 10.81 -15.01 4.843 8.221 
3 16 -14.554 -0.028 1.814 -14.683 -0.903 4.564 -15.593 3.087 2.956 
3 16 -14.683 -0.903 4.564 -14.898 0.78 5.169 -15.593 3.087 2.956 
3 16 -15.218 3.157 7.777 -15.593 3.087 2.956 -14.927 2.602 7.724 
3 16 -14.927 2.602 7.724 -15.593 3.087 2.956 -14.898 0.78 5.169 
3 16 -15.593 3.087 2.956 -15.187 4.273 -0.266 -14.554 -0.028 1.814 
3 16 -13.726 4.442 -5.397 -14.109 -0.968 -0.19 -15.187 4.273 -0.266 
3 16 -13.726 4.442 -5.397 -15.187 4.273 -0.266 -14.348 6.538 -4.27 
3 16 -11.961 8.954 -5.379 -11.468 8.191 -6.298 -13.156 8.56 -5.396 
3 16 -13.867 5.48 -6.064 -14.348 6.538 -4.27 -13.156 8.56 -5.396 
3 16 -13.726 4.442 -5.397 -14.348 6.538 -4.27 -13.867 5.48 -6.064 
3 16 -14.034 -1.812 0.36 -14.554 -0.028 1.814 -14.109 -0.968 -0.19 
3 16 -15.187 4.273 -0.266 -14.109 -0.968 -0.19 -14.554 -0.028 1.814 
3 16 -12.021 0.767 -8.114 -12.459 -0.367 -6.721 -13.726 4.442 -5.397 
3 16 -14.109 -0.968 -0.19 -13.726 4.442 -5.397 -12.459 -0.367 -6.721 
3 16 -14.034 -1.812 0.36 -13.785 -3.727 4.004 -14.554 -0.028 1.814 
3 16 -14.554 -0.028 1.814 -13.785 -3.727 4.004 -14.683 -0.903 4.564 
3 16 -13.785 -3.727 4.004 -14.313 -2.194 5.537 -14.683 -0.903 4.564 
3 16 -14.514 -1.34 8.035 -14.313 -2.194 5.537 -14.288 -1.702 8.309 
3 16 -13.595 -4.24 4.306 -13.523 -3.934 7.334 -13.785 -3.727 4.004 
3 16 -13.523 -3.934 7.334 -14.313 -2.194 5.537 -13.785 -3.727 4.004 
3 16 -14.313 -2.194 5.537 -13.523 -3.934 7.334 -14.288 -1.702 8.309 
3 16 -13.43 -3.943 7.835 -14.288 -1.702 8.309 -13.523 -3.934 7.334 
3 16 -13.43 -3.943 7.835 -13.907 -2.578 8.844 -14.288 -1.702 8.309 
3 16 -13.43 -3.943 7.835 -13.86 -2.769 8.836 -13.907 -2.578 8.844 
3 16 -14.61 -4.325 7.51 -13.523 -3.934 7.334 -13.595 -4.24 4.306 
3 16 -15.187 4.273 -0.266 -19.35 4.79 -0.532 -14.348 6.538 -4.27 
3 16 -13.769 15.671 2.123 -14.855 15.596 2.607 -12.916 16.096 5.042 
3 16 -14.855 15.596 2.607 -14.035 15.85 5.444 -12.916 16.096 5.042 
3 16 -12.916 16.096 5.042 -12.077 15.95 5.063 -13.769 15.671 2.123 
3 16 -12.963 14.228 0.987 -13.59 14.634 1.261 -12.077 15.95 5.063 
3 16 -12.077 15.95 5.063 -13.59 14.634 1.261 -13.769 15.671 2.123 
3 16 -10.768 16.184 7.366 -11.296 16.339 7.58 -7.612 17.476 10.661 
3 16 -11.296 16.339 7.58 -7.943 17.671 11.295 -7.612 17.476 10.661 
3 16 -8.513 17.359 12.195 -7.943 17.671 11.295 -12.191 15.951 8.828 
3 16 -7.943 17.671 11.295 -11.296 16.339 7.58 -12.191 15.951 8.828 
3 16 -10.768 16.184 7.366 -11.848 15.785 5.65 -11.296 16.339 7.58 
3 16 -11.848 15.785 5.65 -12.371 15.742 5.855 -11.296 16.339 7.58 
3 16 -12.191 15.951 8.828 -11.296 16.339 7.58 -13.2 15.122 6.435 
3 16 -11.296 16.339 7.58 -12.371 15.742 5.855 -13.2 15.122 6.435 
3 16 -11.848 15.785 5.65 -12.077 15.95 5.063 -12.371 15.742 5.855 
3 16 -12.077 15.95 5.063 -12.916 16.096 5.042 -12.371 15.742 5.855 
3 16 -13.2 15.122 6.435 -12.371 15.742 5.855 -14.035 15.85 5.444 
3 16 -12.371 15.742 5.855 -12.916 16.096 5.042 -14.035 15.85 5.444 
3 16 -14.035 15.85 5.444 -18.292 14.225 6.048 -13.2 15.122 6.435 
3 16 0 18.014 13 -3.522 17.962 12.508 0 18.236 13.932 
3 16 -3.522 17.962 12.508 -3.94 18.141 13.362 0 18.236 13.932 
3 16 -3.94 18.141 13.362 -3.522 17.962 12.508 -7.943 17.671 11.295 
3 16 -3.522 17.962 12.508 -7.612 17.476 10.661 -7.943 17.671 11.295 
3 16 -8.513 17.359 12.195 -4.335 17.625 14.323 -7.943 17.671 11.295 
3 16 -4.335 17.625 14.323 -3.94 18.141 13.362 -7.943 17.671 11.295 
3 16 -4.335 17.625 14.323 0 17.882 14.848 -3.94 18.141 13.362 
3 16 0 17.882 14.848 0 18.236 13.932 -3.94 18.141 13.362 
3 16 -11.468 8.191 -6.298 -9.792 2.27 -7.323 -10.11 6.685 -8.614 
3 16 -9.792 2.27 -7.323 -7.743 2.27 -9.283 -10.11 6.685 -8.614 
3 16 -7.435 6.078 -10.921 -5.347 2.27 -11.002 -4.162 7.358 -12.521 
3 16 -5.347 2.27 -11.002 -2.202 2.27 -11.877 -4.162 7.358 -12.521 
3 16 -4.162 7.358 -12.521 -2.202 2.27 -11.877 0 8.874 -13.129 
3 16 -2.202 2.27 -11.877 0 2.271 -12.233 0 8.874 -13.129 
3 16 -12.963 14.228 0.987 -12.198 2.273 0.928 -12.991 12.643 -0.678 
3 16 -12.198 2.273 0.928 -12.12 2.272 -1.126 -12.991 12.643 -0.678 
3 16 -12.368 11.515 -4.334 -11.343 2.271 -4.55 -11.961 8.954 -5.379 
3 16 -11.961 8.954 -5.379 -11.343 2.271 -4.55 -11.468 8.191 -6.298 
3 16 -11.468 8.191 -6.298 -11.343 2.271 -4.55 -9.792 2.27 -7.323 
3 16 0 18.014 13 0 2.274 12.233 -3.522 17.962 12.508 
3 16 0 2.274 12.233 -3.307 2.274 11.743 -3.522 17.962 12.508 
3 16 -3.522 17.962 12.508 -3.307 2.274 11.743 -7.612 17.476 10.661 
3 16 -3.307 2.274 11.743 -7.108 2.274 9.956 -7.612 17.476 10.661 
3 16 -7.612 17.476 10.661 -7.108 2.274 9.956 -10.768 16.184 7.366 
3 16 -7.108 2.274 9.956 -9.668 2.274 7.444 -10.768 16.184 7.366 
3 16 -10.11 6.685 -8.614 -7.743 2.27 -9.283 -7.435 6.078 -10.921 
3 16 -7.743 2.27 -9.283 -5.347 2.27 -11.002 -7.435 6.078 -10.921 
3 16 -6.67 -9.803 0.832 -5.717 -8.693 -0.328 -6.072 -8.609 1.2 
3 16 -8.377 -10.211 -2.754 -6.67 -9.803 0.832 -10.22 -12.563 3.4 
3 16 -10.22 -12.563 3.4 -6.67 -9.803 0.832 -7.849 -11.107 3.918 
3 16 -6.67 -9.803 0.832 -8.377 -10.211 -2.754 -5.717 -8.693 -0.328 
3 16 -5.717 -8.693 -0.328 -8.377 -10.211 -2.754 -5.46 -8.571 -1.544 
3 16 -3.482 -9.259 2.452 -5.717 -8.693 -0.328 -4.836 -8.579 -2.585 
3 16 -4.836 -8.579 -2.585 -5.717 -8.693 -0.328 -5.46 -8.571 -1.544 
3 16 -3.482 -9.259 2.452 -6.072 -8.609 1.2 -5.717 -8.693 -0.328 
3 16 -12.077 15.95 5.063 -11.456 2.274 4.213 -12.963 14.228 0.987 
3 16 -11.456 2.274 4.213 -12.198 2.273 0.928 -12.963 14.228 0.987 
3 16 -12.991 12.643 -0.678 -12.12 2.272 -1.126 -12.368 11.515 -4.334 
3 16 -12.12 2.272 -1.126 -11.343 2.271 -4.55 -12.368 11.515 -4.334 
3 16 -10.768 16.184 7.366 -9.668 2.274 7.444 -11.848 15.785 5.65 
3 16 -12.077 15.95 5.063 -11.848 15.785 5.65 -11.456 2.274 4.213 
3 16 -9.668 2.274 7.444 -11.456 2.274 4.213 -11.848 15.785 5.65 
3 16 -9.998 -0.25 0 -9.395 -0.25 3.419 -8.125 -6.25 0 
3 16 -9.395 -0.25 3.419 -7.036 -6.25 4.062 -8.125 -6.25 0 
3 16 -9.395 -0.25 3.419 -7.659 -0.25 6.426 -7.036 -6.25 4.062 
3 16 -7.659 -0.25 6.426 -5.97 -0.25 8.019 -7.036 -6.25 4.062 
3 16 -5.97 -0.25 8.019 -4.062 -6.25 7.036 -7.036 -6.25 4.062 
3 16 -5.97 -0.25 8.019 -3.414 -0.25 9.379 -4.062 -6.25 7.036 
3 16 -3.414 -0.25 9.379 0 -0.25 9.981 -4.062 -6.25 7.036 
3 16 0 -0.25 9.981 0 -6.25 8.125 -4.062 -6.25 7.036 
3 16 -2.867 -0.25 -9.578 -4.062 -6.25 -7.036 0 -6.25 -8.125 
3 16 -2.867 -0.25 -9.578 -4.999 -0.25 -8.658 -4.062 -6.25 -7.036 
3 16 -4.999 -0.25 -8.658 -7.659 -0.25 -6.426 -4.062 -6.25 -7.036 
3 16 -7.659 -0.25 -6.426 -7.036 -6.25 -4.062 -4.062 -6.25 -7.036 
3 16 -7.659 -0.25 -6.426 -8.934 -0.25 -4.487 -7.036 -6.25 -4.062 
3 16 -8.934 -0.25 -4.487 -9.728 -0.25 -2.306 -7.036 -6.25 -4.062 
3 16 -9.728 -0.25 -2.306 -8.125 -6.25 0 -7.036 -6.25 -4.062 
3 16 -9.728 -0.25 -2.306 -9.998 -0.25 0 -8.125 -6.25 0 
3 16 -4.999 -0.25 -8.658 -7.743 2.27 -9.283 -7.659 -0.25 -6.426 
3 16 -7.743 2.27 -9.283 -9.792 2.27 -7.323 -7.659 -0.25 -6.426 
3 16 -2.867 -0.25 -9.578 -5.347 2.27 -11.002 -4.999 -0.25 -8.658 
3 16 -5.347 2.27 -11.002 -7.743 2.27 -9.283 -4.999 -0.25 -8.658 
3 16 0 -0.25 -9.981 -2.202 2.27 -11.877 -2.867 -0.25 -9.578 
3 16 -2.202 2.27 -11.877 -5.347 2.27 -11.002 -2.867 -0.25 -9.578 
3 16 -2.202 2.27 -11.877 0 -0.25 -9.981 0 2.271 -12.233 
3 16 -3.414 -0.25 9.379 -3.307 2.274 11.743 0 -0.25 9.981 
3 16 -3.307 2.274 11.743 0 2.274 12.233 0 -0.25 9.981 
3 16 -5.97 -0.25 8.019 -7.108 2.274 9.956 -3.414 -0.25 9.379 
3 16 -7.108 2.274 9.956 -3.307 2.274 11.743 -3.414 -0.25 9.379 
3 16 -5.97 -0.25 8.019 -7.659 -0.25 6.426 -7.108 2.274 9.956 
3 16 -7.659 -0.25 6.426 -9.668 2.274 7.444 -7.108 2.274 9.956 
3 16 -7.659 -0.25 6.426 -9.395 -0.25 3.419 -9.668 2.274 7.444 
3 16 -9.395 -0.25 3.419 -11.456 2.274 4.213 -9.668 2.274 7.444 
3 16 -9.998 -0.25 0 -12.198 2.273 0.928 -9.395 -0.25 3.419 
3 16 -12.198 2.273 0.928 -11.456 2.274 4.213 -9.395 -0.25 3.419 
3 16 -9.728 -0.25 -2.306 -12.12 2.272 -1.126 -9.998 -0.25 0 
3 16 -12.12 2.272 -1.126 -12.198 2.273 0.928 -9.998 -0.25 0 
3 16 -8.934 -0.25 -4.487 -11.343 2.271 -4.55 -9.728 -0.25 -2.306 
3 16 -11.343 2.271 -4.55 -12.12 2.272 -1.126 -9.728 -0.25 -2.306 
3 16 -11.343 2.271 -4.55 -8.934 -0.25 -4.487 -9.792 2.27 -7.323 
3 16 -8.934 -0.25 -4.487 -7.659 -0.25 -6.426 -9.792 2.27 -7.323 
3 16 -6.168 -1.756 -11.646 -8.798 -3.446 -8.484 -12.021 0.767 -8.114 
3 16 -8.798 -3.446 -8.484 -12.459 -0.367 -6.721 -12.021 0.767 -8.114 
3 16 0 -6.25 -8.125 0 -0.25 -9.981 -2.867 -0.25 -9.578 
3 16 15.886 -4.713 -1.24 15.972 -4.074 -2.006 14.034 -1.812 0.36 
3 16 14.034 -1.812 0.36 15.972 -4.074 -2.006 14.109 -0.968 -0.19 
3 16 17.11 -6.973 3.243 15.886 -4.713 -1.24 13.785 -3.727 4.004 
3 16 13.785 -3.727 4.004 15.886 -4.713 -1.24 14.034 -1.812 0.36 
3 16 6.072 -8.609 1.2 6.67 -9.803 0.832 6.951 -8.177 4.5 
3 16 6.951 -8.177 4.5 6.67 -9.803 0.832 7.849 -11.107 3.918 
3 16 7.849 -11.107 3.918 8.655 -10.845 4.604 6.951 -8.177 4.5 
3 16 6.951 -8.177 4.5 8.655 -10.845 4.604 7.645 -7.931 5.027 
3 16 17.11 -6.973 3.243 13.785 -3.727 4.004 16.516 -7.195 3.963 
3 16 16.516 -7.195 3.963 13.785 -3.727 4.004 13.595 -4.24 4.306 
3 16 17.339 -7.186 9.196 17.634 -7.301 8.536 14.607 -4.322 8.214 
3 16 14.607 -4.322 8.214 17.634 -7.301 8.536 14.61 -4.325 7.51 
3 16 17.634 -7.301 8.536 16.516 -7.195 3.963 14.61 -4.325 7.51 
3 16 14.61 -4.325 7.51 16.516 -7.195 3.963 13.595 -4.24 4.306 
3 16 9.68 -9.894 10.271 10.023 -9.353 10.783 8.286 -6.317 9.497 
3 16 8.286 -6.317 9.497 10.023 -9.353 10.783 8.798 -5.769 10.178 
3 16 8.286 -6.317 9.497 7.645 -7.931 5.027 9.68 -9.894 10.271 
3 16 9.68 -9.894 10.271 7.645 -7.931 5.027 8.655 -10.845 4.604 
3 16 10.858 -7.084 13.646 11.043 -6.054 14.108 9.439 -3.693 12.387 
3 16 9.439 -3.693 12.387 11.043 -6.054 14.108 9.749 -2.893 12.893 
3 16 9.439 -3.693 12.387 8.798 -5.769 10.178 10.858 -7.084 13.646 
3 16 10.858 -7.084 13.646 8.798 -5.769 10.178 10.023 -9.353 10.783 
3 16 18.279 -3.803 12.368 17.339 -7.186 9.196 15.303 -3.029 9.268 
3 16 15.303 -3.029 9.268 17.339 -7.186 9.196 14.607 -4.322 8.214 
3 16 17.929 -3.271 12.612 18.279 -3.803 12.368 15.346 -2.677 9.58 
3 16 15.346 -2.677 9.58 18.279 -3.803 12.368 15.303 -3.029 9.268 
3 16 17.276 1.036 9.821 15.931 -1.364 8.666 16.857 1.077 9.349 
3 16 16.857 1.077 9.349 15.931 -1.364 8.666 15.814 -0.913 8.399 
3 16 17.879 -1.633 12.581 15.58 -2.243 9.339 17.657 0.083 11.468 
3 16 17.657 0.083 11.468 15.58 -2.243 9.339 17.276 1.036 9.821 
3 16 15.58 -2.243 9.339 15.931 -1.364 8.666 17.276 1.036 9.821 
3 16 15.58 -2.243 9.339 17.879 -1.633 12.581 15.346 -2.677 9.58 
3 16 15.346 -2.677 9.58 17.879 -1.633 12.581 17.929 -3.271 12.612 
3 16 11.043 -6.054 14.108 10.836 -3.724 14.712 9.749 -2.893 12.893 
3 16 9.749 -2.893 12.893 10.836 -3.724 14.712 10.061 -1.186 14.109 
3 16 15.22 -1.851 5.579 16.667 1.719 7.679 15.814 -0.913 8.399 
3 16 15.814 -0.913 8.399 16.667 1.719 7.679 16.857 1.077 9.349 
3 16 16.857 1.077 9.349 16.667 1.719 7.679 17.057 1.967 9.86 
3 16 13.711 3.155 10.81 15.273 2.733 10.368 14.927 2.602 7.724 
3 16 15.273 2.733 10.368 17.057 1.967 9.86 14.927 2.602 7.724 
3 16 17.057 1.967 9.86 16.667 1.719 7.679 14.927 2.602 7.724 
3 16 15.97 0.239 5.525 14.898 0.78 5.169 16.667 1.719 7.679 
3 16 16.667 1.719 7.679 14.898 0.78 5.169 14.927 2.602 7.724 
3 16 15.97 0.239 5.525 15.47 -1.072 5.019 14.898 0.78 5.169 
3 16 14.898 0.78 5.169 15.47 -1.072 5.019 14.683 -0.903 4.564 
3 16 15.47 -1.072 5.019 15.22 -1.851 5.579 14.683 -0.903 4.564 
3 16 14.683 -0.903 4.564 15.22 -1.851 5.579 14.313 -2.194 5.537 
3 16 15.814 -0.913 8.399 14.514 -1.34 8.035 15.22 -1.851 5.579 
3 16 15.22 -1.851 5.579 14.514 -1.34 8.035 14.313 -2.194 5.537 
3 16 15.814 -0.913 8.399 15.931 -1.364 8.666 14.514 -1.34 8.035 
3 16 14.514 -1.34 8.035 15.931 -1.364 8.666 14.288 -1.702 8.309 
3 16 15.931 -1.364 8.666 15.58 -2.243 9.339 14.288 -1.702 8.309 
3 16 15.346 -2.677 9.58 13.907 -2.578 8.844 15.58 -2.243 9.339 
3 16 15.58 -2.243 9.339 13.907 -2.578 8.844 14.288 -1.702 8.309 
3 16 15.303 -3.029 9.268 14.607 -4.322 8.214 13.86 -2.769 8.836 
3 16 13.86 -2.769 8.836 14.607 -4.322 8.214 13.43 -3.943 7.835 
3 16 15.346 -2.677 9.58 15.303 -3.029 9.268 13.907 -2.578 8.844 
3 16 13.907 -2.578 8.844 15.303 -3.029 9.268 13.86 -2.769 8.836 
3 16 16.857 1.077 9.349 17.057 1.967 9.86 17.276 1.036 9.821 
3 16 17.276 1.036 9.821 17.057 1.967 9.86 17.495 2.071 10.543 
3 16 17.276 1.036 9.821 17.495 2.071 10.543 17.657 0.083 11.468 
3 16 17.657 0.083 11.468 17.495 2.071 10.543 18.144 0.979 12.597 
3 16 17.657 0.083 11.468 18.144 0.979 12.597 17.879 -1.633 12.581 
3 16 17.879 -1.633 12.581 18.144 0.979 12.597 18.607 -1.316 14.098 
3 16 17.879 -1.633 12.581 18.607 -1.316 14.098 17.929 -3.271 12.612 
3 16 17.929 -3.271 12.612 18.607 -1.316 14.098 18.767 -3.682 14.059 
3 16 17.929 -3.271 12.612 18.767 -3.682 14.059 18.279 -3.803 12.368 
3 16 18.279 -3.803 12.368 18.767 -3.682 14.059 19.31 -4.307 13.767 
3 16 19.31 -4.307 13.767 18.427 -8.445 9.667 18.279 -3.803 12.368 
3 16 18.279 -3.803 12.368 18.427 -8.445 9.667 17.339 -7.186 9.196 
3 16 17.339 -7.186 9.196 18.427 -8.445 9.667 17.634 -7.301 8.536 
3 16 17.634 -7.301 8.536 18.427 -8.445 9.667 18.774 -8.687 9.024 
3 16 18.774 -8.687 9.024 17.427 -8.731 3.853 17.634 -7.301 8.536 
3 16 17.634 -7.301 8.536 17.427 -8.731 3.853 16.516 -7.195 3.963 
3 16 16.516 -7.195 3.963 17.427 -8.731 3.853 17.11 -6.973 3.243 
3 16 17.11 -6.973 3.243 17.427 -8.731 3.853 18.06 -8.753 2.948 
3 16 18.06 -8.753 2.948 16.364 -6.052 -2.013 17.11 -6.973 3.243 
3 16 17.11 -6.973 3.243 16.364 -6.052 -2.013 15.886 -4.713 -1.24 
3 16 15.972 -4.074 -2.006 15.886 -4.713 -1.24 16.51 -5.46 -2.873 
3 16 16.51 -5.46 -2.873 15.886 -4.713 -1.24 16.364 -6.052 -2.013 
3 16 15.47 -1.072 5.019 15.97 0.239 5.525 15.22 -1.851 5.579 
3 16 15.22 -1.851 5.579 15.97 0.239 5.525 16.667 1.719 7.679 
3 16 13.535 -2.839 16.599 10.86 1.503 15.049 12.153 -3.284 15.809 
3 16 12.153 -3.284 15.809 10.86 1.503 15.049 10.061 -1.186 14.109 
3 16 10.061 -1.186 14.109 10.836 -3.724 14.712 12.153 -3.284 15.809 
3 16 12.939 -6.571 15.309 12.153 -3.284 15.809 11.043 -6.054 14.108 
3 16 11.043 -6.054 14.108 12.153 -3.284 15.809 10.836 -3.724 14.712 
3 16 10.858 -7.084 13.646 12.973 -7.453 15.085 11.043 -6.054 14.108 
3 16 11.043 -6.054 14.108 12.973 -7.453 15.085 12.939 -6.571 15.309 
3 16 12.973 -7.453 15.085 10.858 -7.084 13.646 12.259 -10.988 11.066 
3 16 12.259 -10.988 11.066 10.858 -7.084 13.646 10.023 -9.353 10.783 
3 16 11.98 -11.574 10.734 12.259 -10.988 11.066 9.68 -9.894 10.271 
3 16 9.68 -9.894 10.271 12.259 -10.988 11.066 10.023 -9.353 10.783 
3 16 8.655 -10.845 4.604 10.772 -12.226 4.316 9.68 -9.894 10.271 
3 16 9.68 -9.894 10.271 10.772 -12.226 4.316 11.98 -11.574 10.734 
3 16 7.849 -11.107 3.918 10.22 -12.563 3.4 8.655 -10.845 4.604 
3 16 8.655 -10.845 4.604 10.22 -12.563 3.4 10.772 -12.226 4.316 
3 16 7.609 -10.27 -3.758 9.922 -11.247 -4.48 8.377 -10.211 -2.754 
3 16 8.377 -10.211 -2.754 9.922 -11.247 -4.48 10.704 -11.083 -3.464 
3 16 12.522 -13.727 2.907 10.22 -12.563 3.4 10.704 -11.083 -3.464 
3 16 10.704 -11.083 -3.464 10.22 -12.563 3.4 8.377 -10.211 -2.754 
3 16 10.22 -12.563 3.4 12.522 -13.727 2.907 10.772 -12.226 4.316 
3 16 10.772 -12.226 4.316 12.522 -13.727 2.907 12.9 -13.226 3.987 
3 16 10.772 -12.226 4.316 12.9 -13.226 3.987 11.98 -11.574 10.734 
3 16 11.98 -11.574 10.734 12.9 -13.226 3.987 14.27 -13 10.753 
3 16 14.27 -13 10.753 14.515 -12.264 11.129 11.98 -11.574 10.734 
3 16 11.98 -11.574 10.734 14.515 -12.264 11.129 12.259 -10.988 11.066 
3 16 15.173 -7.709 16.051 12.973 -7.453 15.085 14.515 -12.264 11.129 
3 16 14.515 -12.264 11.129 12.973 -7.453 15.085 12.259 -10.988 11.066 
3 16 12.939 -6.571 15.309 12.973 -7.453 15.085 14.935 -6.928 16.054 
3 16 14.935 -6.928 16.054 12.973 -7.453 15.085 15.173 -7.709 16.051 
3 16 12.153 -3.284 15.809 12.939 -6.571 15.309 13.535 -2.839 16.599 
3 16 13.535 -2.839 16.599 12.939 -6.571 15.309 14.935 -6.928 16.054 
3 16 5.13 -5.751 -8.724 7.642 -8.595 -6.921 4.774 -7.582 -5.59 
3 16 8.377 -10.211 -2.754 5.46 -8.571 -1.544 7.609 -10.27 -3.758 
3 16 7.609 -10.27 -3.758 5.46 -8.571 -1.544 4.836 -8.579 -2.585 
3 16 4.836 -8.579 -2.585 4.774 -7.582 -5.59 7.609 -10.27 -3.758 
3 16 7.609 -10.27 -3.758 4.774 -7.582 -5.59 7.642 -8.595 -6.921 
3 16 9.922 -11.247 -4.48 7.609 -10.27 -3.758 7.642 -8.595 -6.921 
3 16 12.459 -0.367 -6.721 14.109 -0.968 -0.19 14.681 -3.252 -4.989 
3 16 14.681 -3.252 -4.989 14.109 -0.968 -0.19 15.972 -4.074 -2.006 
3 16 14.681 -3.252 -4.989 15.972 -4.074 -2.006 16.51 -5.46 -2.873 
3 16 11.703 4.997 -11.226 12.59 2.388 -10.681 8.908 4.307 -13.622 
3 16 8.908 4.307 -13.622 12.59 2.388 -10.681 8.015 0.098 -14.004 
3 16 3.685 6.5 -15.305 8.908 4.307 -13.622 2.894 2.014 -15.639 
3 16 2.894 2.014 -15.639 8.908 4.307 -13.622 8.015 0.098 -14.004 
3 16 0 0.953 -14.042 0 8.085 -14.63 2.894 2.014 -15.639 
3 16 2.894 2.014 -15.639 0 8.085 -14.63 3.685 6.5 -15.305 
3 16 0 0.953 -14.042 2.894 2.014 -15.639 6.168 -1.756 -11.646 
3 16 6.168 -1.756 -11.646 2.894 2.014 -15.639 8.015 0.098 -14.004 
3 16 12.59 2.388 -10.681 12.021 0.767 -8.114 8.015 0.098 -14.004 
3 16 8.015 0.098 -14.004 12.021 0.767 -8.114 6.168 -1.756 -11.646 
3 16 13.867 5.48 -6.064 11.703 4.997 -11.226 13.156 8.56 -5.396 
3 16 11.703 4.997 -11.226 13.867 5.48 -6.064 12.59 2.388 -10.681 
3 16 13.726 4.442 -5.397 12.021 0.767 -8.114 13.867 5.48 -6.064 
3 16 13.867 5.48 -6.064 12.021 0.767 -8.114 12.59 2.388 -10.681 
3 16 10.11 6.685 -8.614 11.468 8.191 -6.298 11.703 4.997 -11.226 
3 16 11.703 4.997 -11.226 11.468 8.191 -6.298 13.156 8.56 -5.396 
3 16 10.11 6.685 -8.614 11.703 4.997 -11.226 7.435 6.078 -10.921 
3 16 7.435 6.078 -10.921 11.703 4.997 -11.226 8.908 4.307 -13.622 
3 16 3.685 6.5 -15.305 4.162 7.358 -12.521 8.908 4.307 -13.622 
3 16 8.908 4.307 -13.622 4.162 7.358 -12.521 7.435 6.078 -10.921 
3 16 4.162 7.358 -12.521 3.685 6.5 -15.305 0 8.874 -13.129 
3 16 0 8.874 -13.129 3.685 6.5 -15.305 0 8.085 -14.63 
3 16 12.368 11.515 -4.334 13.332 11.435 -4.221 11.961 8.954 -5.379 
3 16 11.961 8.954 -5.379 13.332 11.435 -4.221 13.156 8.56 -5.396 
3 16 13.332 11.435 -4.221 14.922 10.755 -3.297 13.156 8.56 -5.396 
3 16 19.35 4.79 -0.532 14.348 6.538 -4.27 19.553 6.942 -0.012 
3 16 19.553 6.942 -0.012 14.348 6.538 -4.27 16.693 8.518 -2.147 
3 16 16.693 8.518 -2.147 14.348 6.538 -4.27 14.922 10.755 -3.297 
3 16 14.348 6.538 -4.27 13.156 8.56 -5.396 14.922 10.755 -3.297 
3 16 13.332 11.435 -4.221 13.509 12.635 -0.605 14.922 10.755 -3.297 
3 16 14.922 10.755 -3.297 13.509 12.635 -0.605 14.494 12.296 0.103 
3 16 13.509 12.635 -0.605 13.59 14.634 1.261 14.494 12.296 0.103 
3 16 14.494 12.296 0.103 13.59 14.634 1.261 14.386 14.349 1.546 
3 16 14.855 15.596 2.607 14.386 14.349 1.546 13.769 15.671 2.123 
3 16 13.769 15.671 2.123 14.386 14.349 1.546 13.59 14.634 1.261 
3 16 13.509 12.635 -0.605 13.332 11.435 -4.221 12.991 12.643 -0.678 
3 16 12.991 12.643 -0.678 13.332 11.435 -4.221 12.368 11.515 -4.334 
3 16 13.59 14.634 1.261 13.509 12.635 -0.605 12.963 14.228 0.987 
3 16 12.963 14.228 0.987 13.509 12.635 -0.605 12.991 12.643 -0.678 
3 16 8.798 -3.446 -8.484 12.459 -0.367 -6.721 11.158 -6.335 -6.597 
3 16 11.158 -6.335 -6.597 12.459 -0.367 -6.721 14.681 -3.252 -4.989 
3 16 16.51 -5.46 -2.873 13.448 -9.028 -4.065 14.681 -3.252 -4.989 
3 16 14.681 -3.252 -4.989 13.448 -9.028 -4.065 11.158 -6.335 -6.597 
3 16 16.51 -5.46 -2.873 16.364 -6.052 -2.013 13.448 -9.028 -4.065 
3 16 13.448 -9.028 -4.065 16.364 -6.052 -2.013 13.572 -9.053 -2.975 
3 16 16.364 -6.052 -2.013 18.06 -8.753 2.948 13.572 -9.053 -2.975 
3 16 13.572 -9.053 -2.975 18.06 -8.753 2.948 15.316 -11.774 2.938 
3 16 18.06 -8.753 2.948 17.427 -8.731 3.853 15.316 -11.774 2.938 
3 16 15.316 -11.774 2.938 17.427 -8.731 3.853 15.218 -11.438 3.859 
3 16 15.218 -11.438 3.859 17.427 -8.731 3.853 16.772 -11.23 10.061 
3 16 16.772 -11.23 10.061 17.427 -8.731 3.853 18.774 -8.687 9.024 
3 16 18.774 -8.687 9.024 18.427 -8.445 9.667 16.772 -11.23 10.061 
3 16 16.772 -11.23 10.061 18.427 -8.445 9.667 16.506 -10.654 10.637 
3 16 19.31 -4.307 13.767 17.436 -6.268 15.334 18.427 -8.445 9.667 
3 16 18.427 -8.445 9.667 17.436 -6.268 15.334 16.506 -10.654 10.637 
3 16 19.31 -4.307 13.767 18.767 -3.682 14.059 17.436 -6.268 15.334 
3 16 17.436 -6.268 15.334 18.767 -3.682 14.059 16.78 -5.468 15.306 
3 16 18.607 -1.316 14.098 15.965 -2.075 15.787 18.767 -3.682 14.059 
3 16 18.767 -3.682 14.059 15.965 -2.075 15.787 16.78 -5.468 15.306 
3 16 18.607 -1.316 14.098 18.144 0.979 12.597 15.965 -2.075 15.787 
3 16 15.965 -2.075 15.787 18.144 0.979 12.597 14.246 1.45 14.081 
3 16 17.495 2.071 10.543 15.12 2.921 11.087 18.144 0.979 12.597 
3 16 18.144 0.979 12.597 15.12 2.921 11.087 14.246 1.45 14.081 
3 16 17.057 1.967 9.86 15.273 2.733 10.368 17.495 2.071 10.543 
3 16 17.495 2.071 10.543 15.273 2.733 10.368 15.12 2.921 11.087 
3 16 15.273 2.733 10.368 13.711 3.155 10.81 15.12 2.921 11.087 
3 16 15.12 2.921 11.087 13.711 3.155 10.81 13.056 3.222 11.679 
3 16 15.12 2.921 11.087 13.056 3.222 11.679 14.246 1.45 14.081 
3 16 14.246 1.45 14.081 13.056 3.222 11.679 10.86 1.503 15.049 
3 16 15.965 -2.075 15.787 14.246 1.45 14.081 13.535 -2.839 16.599 
3 16 13.535 -2.839 16.599 14.246 1.45 14.081 10.86 1.503 15.049 
3 16 15.965 -2.075 15.787 13.535 -2.839 16.599 16.78 -5.468 15.306 
3 16 16.78 -5.468 15.306 13.535 -2.839 16.599 14.935 -6.928 16.054 
3 16 16.78 -5.468 15.306 14.935 -6.928 16.054 17.436 -6.268 15.334 
3 16 17.436 -6.268 15.334 14.935 -6.928 16.054 15.173 -7.709 16.051 
3 16 17.436 -6.268 15.334 15.173 -7.709 16.051 16.506 -10.654 10.637 
3 16 16.506 -10.654 10.637 15.173 -7.709 16.051 14.515 -12.264 11.129 
3 16 16.506 -10.654 10.637 14.515 -12.264 11.129 16.772 -11.23 10.061 
3 16 16.772 -11.23 10.061 14.515 -12.264 11.129 14.27 -13 10.753 
3 16 12.9 -13.226 3.987 15.218 -11.438 3.859 14.27 -13 10.753 
3 16 14.27 -13 10.753 15.218 -11.438 3.859 16.772 -11.23 10.061 
3 16 15.218 -11.438 3.859 12.9 -13.226 3.987 15.316 -11.774 2.938 
3 16 15.316 -11.774 2.938 12.9 -13.226 3.987 12.522 -13.727 2.907 
3 16 15.316 -11.774 2.938 12.522 -13.727 2.907 13.572 -9.053 -2.975 
3 16 13.572 -9.053 -2.975 12.522 -13.727 2.907 10.704 -11.083 -3.464 
3 16 13.572 -9.053 -2.975 10.704 -11.083 -3.464 13.448 -9.028 -4.065 
3 16 13.448 -9.028 -4.065 10.704 -11.083 -3.464 9.922 -11.247 -4.48 
3 16 13.448 -9.028 -4.065 9.922 -11.247 -4.48 11.158 -6.335 -6.597 
3 16 11.158 -6.335 -6.597 9.922 -11.247 -4.48 7.642 -8.595 -6.921 
3 16 5.13 -5.751 -8.724 8.798 -3.446 -8.484 7.642 -8.595 -6.921 
3 16 7.642 -8.595 -6.921 8.798 -3.446 -8.484 11.158 -6.335 -6.597 
3 16 0 -5.049 -10.026 0 -2.297 -12.069 5.13 -5.751 -8.724 
3 16 0 -2.297 -12.069 6.168 -1.756 -11.646 5.13 -5.751 -8.724 
3 16 6.168 -1.756 -11.646 8.798 -3.446 -8.484 5.13 -5.751 -8.724 
3 16 0 0.953 -14.042 6.168 -1.756 -11.646 0 -2.297 -12.069 
3 16 0 -5.049 -10.026 5.13 -5.751 -8.724 0 -7.194 -7.555 
3 16 0 -7.194 -7.555 5.13 -5.751 -8.724 4.774 -7.582 -5.59 
3 16 4.836 -8.579 -2.585 0 -8.725 -4.276 4.774 -7.582 -5.59 
3 16 4.774 -7.582 -5.59 0 -8.725 -4.276 0 -7.194 -7.555 
3 16 3.482 -9.259 2.452 0 -9.604 2.625 4.836 -8.579 -2.585 
3 16 4.836 -8.579 -2.585 0 -9.604 2.625 0 -8.725 -4.276 
3 16 6.072 -8.609 1.2 6.951 -8.177 4.5 3.482 -9.259 2.452 
3 16 3.482 -9.259 2.452 6.951 -8.177 4.5 4.466 -7.89 8.137 
3 16 0 -9.604 2.625 3.482 -9.259 2.452 0 -8.202 8.631 
3 16 0 -8.202 8.631 3.482 -9.259 2.452 4.466 -7.89 8.137 
3 16 10.061 -1.186 14.109 5.13 -1.105 15.347 9.749 -2.893 12.893 
3 16 9.749 -2.893 12.893 5.13 -1.105 15.347 4.552 -5.08 12.466 
3 16 9.749 -2.893 12.893 4.552 -5.08 12.466 9.439 -3.693 12.387 
3 16 9.439 -3.693 12.387 4.552 -5.08 12.466 8.798 -5.769 10.178 
3 16 8.798 -5.769 10.178 4.552 -5.08 12.466 8.286 -6.317 9.497 
3 16 4.552 -5.08 12.466 4.466 -7.89 8.137 8.286 -6.317 9.497 
3 16 6.951 -8.177 4.5 7.645 -7.931 5.027 4.466 -7.89 8.137 
3 16 4.466 -7.89 8.137 7.645 -7.931 5.027 8.286 -6.317 9.497 
3 16 0 -5.259 13.152 0 -8.202 8.631 4.552 -5.08 12.466 
3 16 4.552 -5.08 12.466 0 -8.202 8.631 4.466 -7.89 8.137 
3 16 0 -5.259 13.152 4.552 -5.08 12.466 0 -1.3 15.891 
3 16 0 -1.3 15.891 4.552 -5.08 12.466 5.13 -1.105 15.347 
3 16 5.58 6.019 17.071 4.743 12.555 16.417 0 5.712 17.752 
3 16 0 5.712 17.752 4.743 12.555 16.417 0 12.394 17.013 
3 16 4.743 12.555 16.417 5.58 6.019 17.071 9.451 12.261 14.598 
3 16 9.451 12.261 14.598 5.58 6.019 17.071 10.204 6.513 15.647 
3 16 10.204 6.513 15.647 5.58 6.019 17.071 10.86 1.503 15.049 
3 16 5.58 6.019 17.071 5.13 -1.105 15.347 10.86 1.503 15.049 
3 16 5.13 -1.105 15.347 10.061 -1.186 14.109 10.86 1.503 15.049 
3 16 5.58 6.019 17.071 0 5.712 17.752 5.13 -1.105 15.347 
3 16 5.13 -1.105 15.347 0 5.712 17.752 0 -1.3 15.891 
3 16 14.607 -4.322 8.214 14.61 -4.325 7.51 13.43 -3.943 7.835 
3 16 13.43 -3.943 7.835 14.61 -4.325 7.51 13.523 -3.934 7.334 
3 16 4.335 17.625 14.323 4.743 12.555 16.417 8.513 17.359 12.195 
3 16 8.513 17.359 12.195 4.743 12.555 16.417 9.451 12.261 14.598 
3 16 0 17.882 14.848 0 12.394 17.013 4.335 17.625 14.323 
3 16 4.335 17.625 14.323 0 12.394 17.013 4.743 12.555 16.417 
3 16 14.855 15.596 2.607 16.443 9.284 1.86 14.386 14.349 1.546 
3 16 14.386 14.349 1.546 16.443 9.284 1.86 14.494 12.296 0.103 
3 16 16.443 9.284 1.86 16.693 8.518 -2.147 14.494 12.296 0.103 
3 16 16.693 8.518 -2.147 14.922 10.755 -3.297 14.494 12.296 0.103 
3 16 16.693 8.518 -2.147 16.443 9.284 1.86 19.553 6.942 -0.012 
3 16 19.553 6.942 -0.012 16.443 9.284 1.86 19.182 7.554 2.852 
3 16 19.553 6.942 -0.012 19.182 7.554 2.852 22.664 5.999 2.891 
3 16 22.664 5.999 2.891 19.182 7.554 2.852 23.403 6.041 4.347 
3 16 23.403 6.041 4.347 19.182 7.554 2.852 21.673 10.194 4.82 
3 16 21.673 10.194 4.82 19.182 7.554 2.852 18.625 13.647 4.07 
3 16 19.182 7.554 2.852 16.443 9.284 1.86 18.625 13.647 4.07 
3 16 18.625 13.647 4.07 16.443 9.284 1.86 14.855 15.596 2.607 
3 16 19.553 6.942 -0.012 22.664 5.999 2.891 19.35 4.79 -0.532 
3 16 19.35 4.79 -0.532 22.664 5.999 2.891 22.65 3.997 2.691 
3 16 23.285 5.853 7.27 23.237 4.368 7.076 23.403 6.041 4.347 
3 16 22.65 3.997 2.691 22.664 5.999 2.891 23.237 4.368 7.076 
3 16 22.664 5.999 2.891 23.403 6.041 4.347 23.237 4.368 7.076 
3 16 21.54 10.17 7.028 23.285 5.853 7.27 21.673 10.194 4.82 
3 16 21.673 10.194 4.82 23.285 5.853 7.27 23.403 6.041 4.347 
3 16 14.686 9.871 7.998 15.01 4.843 8.221 21.54 10.17 7.028 
3 16 21.54 10.17 7.028 15.01 4.843 8.221 23.285 5.853 7.27 
3 16 23.237 4.368 7.076 23.285 5.853 7.27 15.218 3.157 7.777 
3 16 15.218 3.157 7.777 23.285 5.853 7.27 15.01 4.843 8.221 
3 16 22.65 3.997 2.691 23.237 4.368 7.076 15.593 3.087 2.956 
3 16 15.593 3.087 2.956 23.237 4.368 7.076 15.218 3.157 7.777 
3 16 22.65 3.997 2.691 15.593 3.087 2.956 19.35 4.79 -0.532 
3 16 19.35 4.79 -0.532 15.593 3.087 2.956 15.187 4.273 -0.266 
3 16 18.625 13.647 4.07 14.855 15.596 2.607 18.292 14.225 6.048 
3 16 18.292 14.225 6.048 14.855 15.596 2.607 14.035 15.85 5.444 
3 16 21.54 10.17 7.028 21.673 10.194 4.82 18.292 14.225 6.048 
3 16 18.292 14.225 6.048 21.673 10.194 4.82 18.625 13.647 4.07 
3 16 13.2 15.122 6.435 14.686 9.871 7.998 18.292 14.225 6.048 
3 16 18.292 14.225 6.048 14.686 9.871 7.998 21.54 10.17 7.028 
3 16 12.191 15.951 8.828 12.39 11.138 11.012 13.2 15.122 6.435 
3 16 13.2 15.122 6.435 12.39 11.138 11.012 14.686 9.871 7.998 
3 16 8.513 17.359 12.195 9.451 12.261 14.598 12.191 15.951 8.828 
3 16 12.191 15.951 8.828 9.451 12.261 14.598 12.39 11.138 11.012 
3 16 9.451 12.261 14.598 10.204 6.513 15.647 12.39 11.138 11.012 
3 16 12.39 11.138 11.012 10.204 6.513 15.647 12.504 6.292 12.267 
3 16 10.204 6.513 15.647 10.86 1.503 15.049 12.504 6.292 12.267 
3 16 12.504 6.292 12.267 10.86 1.503 15.049 13.056 3.222 11.679 
3 16 15.01 4.843 8.221 14.686 9.871 7.998 12.504 6.292 12.267 
3 16 12.504 6.292 12.267 14.686 9.871 7.998 12.39 11.138 11.012 
3 16 15.01 4.843 8.221 12.504 6.292 12.267 13.711 3.155 10.81 
3 16 12.504 6.292 12.267 13.056 3.222 11.679 13.711 3.155 10.81 
3 16 14.927 2.602 7.724 15.218 3.157 7.777 13.711 3.155 10.81 
3 16 15.218 3.157 7.777 15.01 4.843 8.221 13.711 3.155 10.81 
3 16 14.554 -0.028 1.814 15.593 3.087 2.956 14.683 -0.903 4.564 
3 16 14.683 -0.903 4.564 15.593 3.087 2.956 14.898 0.78 5.169 
3 16 15.218 3.157 7.777 14.927 2.602 7.724 15.593 3.087 2.956 
3 16 14.927 2.602 7.724 14.898 0.78 5.169 15.593 3.087 2.956 
3 16 15.593 3.087 2.956 14.554 -0.028 1.814 15.187 4.273 -0.266 
3 16 13.726 4.442 -5.397 15.187 4.273 -0.266 14.109 -0.968 -0.19 
3 16 13.726 4.442 -5.397 14.348 6.538 -4.27 15.187 4.273 -0.266 
3 16 11.961 8.954 -5.379 13.156 8.56 -5.396 11.468 8.191 -6.298 
3 16 13.867 5.48 -6.064 13.156 8.56 -5.396 14.348 6.538 -4.27 
3 16 13.726 4.442 -5.397 13.867 5.48 -6.064 14.348 6.538 -4.27 
3 16 14.034 -1.812 0.36 14.109 -0.968 -0.19 14.554 -0.028 1.814 
3 16 15.187 4.273 -0.266 14.554 -0.028 1.814 14.109 -0.968 -0.19 
3 16 12.021 0.767 -8.114 13.726 4.442 -5.397 12.459 -0.367 -6.721 
3 16 14.109 -0.968 -0.19 12.459 -0.367 -6.721 13.726 4.442 -5.397 
3 16 14.034 -1.812 0.36 14.554 -0.028 1.814 13.785 -3.727 4.004 
3 16 14.554 -0.028 1.814 14.683 -0.903 4.564 13.785 -3.727 4.004 
3 16 13.785 -3.727 4.004 14.683 -0.903 4.564 14.313 -2.194 5.537 
3 16 14.514 -1.34 8.035 14.288 -1.702 8.309 14.313 -2.194 5.537 
3 16 13.595 -4.24 4.306 13.785 -3.727 4.004 13.523 -3.934 7.334 
3 16 13.523 -3.934 7.334 13.785 -3.727 4.004 14.313 -2.194 5.537 
3 16 14.313 -2.194 5.537 14.288 -1.702 8.309 13.523 -3.934 7.334 
3 16 13.43 -3.943 7.835 13.523 -3.934 7.334 14.288 -1.702 8.309 
3 16 13.43 -3.943 7.835 14.288 -1.702 8.309 13.907 -2.578 8.844 
3 16 13.43 -3.943 7.835 13.907 -2.578 8.844 13.86 -2.769 8.836 
3 16 14.61 -4.325 7.51 13.595 -4.24 4.306 13.523 -3.934 7.334 
3 16 15.187 4.273 -0.266 14.348 6.538 -4.27 19.35 4.79 -0.532 
3 16 13.769 15.671 2.123 12.916 16.096 5.042 14.855 15.596 2.607 
3 16 14.855 15.596 2.607 12.916 16.096 5.042 14.035 15.85 5.444 
3 16 12.916 16.096 5.042 13.769 15.671 2.123 12.077 15.95 5.063 
3 16 12.963 14.228 0.987 12.077 15.95 5.063 13.59 14.634 1.261 
3 16 12.077 15.95 5.063 13.769 15.671 2.123 13.59 14.634 1.261 
3 16 10.768 16.184 7.366 7.612 17.476 10.661 11.296 16.339 7.58 
3 16 11.296 16.339 7.58 7.612 17.476 10.661 7.943 17.671 11.295 
3 16 8.513 17.359 12.195 12.191 15.951 8.828 7.943 17.671 11.295 
3 16 7.943 17.671 11.295 12.191 15.951 8.828 11.296 16.339 7.58 
3 16 10.768 16.184 7.366 11.296 16.339 7.58 11.848 15.785 5.65 
3 16 11.848 15.785 5.65 11.296 16.339 7.58 12.371 15.742 5.855 
3 16 12.191 15.951 8.828 13.2 15.122 6.435 11.296 16.339 7.58 
3 16 11.296 16.339 7.58 13.2 15.122 6.435 12.371 15.742 5.855 
3 16 11.848 15.785 5.65 12.371 15.742 5.855 12.077 15.95 5.063 
3 16 12.077 15.95 5.063 12.371 15.742 5.855 12.916 16.096 5.042 
3 16 13.2 15.122 6.435 14.035 15.85 5.444 12.371 15.742 5.855 
3 16 12.371 15.742 5.855 14.035 15.85 5.444 12.916 16.096 5.042 
3 16 14.035 15.85 5.444 13.2 15.122 6.435 18.292 14.225 6.048 
3 16 0 18.014 13 0 18.236 13.932 3.522 17.962 12.508 
3 16 3.522 17.962 12.508 0 18.236 13.932 3.94 18.141 13.362 
3 16 3.94 18.141 13.362 7.943 17.671 11.295 3.522 17.962 12.508 
3 16 3.522 17.962 12.508 7.943 17.671 11.295 7.612 17.476 10.661 
3 16 8.513 17.359 12.195 7.943 17.671 11.295 4.335 17.625 14.323 
3 16 4.335 17.625 14.323 7.943 17.671 11.295 3.94 18.141 13.362 
3 16 4.335 17.625 14.323 3.94 18.141 13.362 0 17.882 14.848 
3 16 0 17.882 14.848 3.94 18.141 13.362 0 18.236 13.932 
3 16 11.468 8.191 -6.298 10.11 6.685 -8.614 9.792 2.27 -7.323 
3 16 9.792 2.27 -7.323 10.11 6.685 -8.614 7.743 2.27 -9.283 
3 16 7.435 6.078 -10.921 4.162 7.358 -12.521 5.347 2.27 -11.002 
3 16 5.347 2.27 -11.002 4.162 7.358 -12.521 2.202 2.27 -11.877 
3 16 4.162 7.358 -12.521 0 8.874 -13.129 2.202 2.27 -11.877 
3 16 2.202 2.27 -11.877 0 8.874 -13.129 0 2.271 -12.233 
3 16 12.963 14.228 0.987 12.991 12.643 -0.678 12.198 2.273 0.928 
3 16 12.198 2.273 0.928 12.991 12.643 -0.678 12.12 2.272 -1.126 
3 16 12.368 11.515 -4.334 11.961 8.954 -5.379 11.343 2.271 -4.55 
3 16 11.961 8.954 -5.379 11.468 8.191 -6.298 11.343 2.271 -4.55 
3 16 11.468 8.191 -6.298 9.792 2.27 -7.323 11.343 2.271 -4.55 
3 16 0 18.014 13 3.522 17.962 12.508 0 2.274 12.233 
3 16 0 2.274 12.233 3.522 17.962 12.508 3.307 2.274 11.743 
3 16 3.522 17.962 12.508 7.612 17.476 10.661 3.307 2.274 11.743 
3 16 3.307 2.274 11.743 7.612 17.476 10.661 7.108 2.274 9.956 
3 16 7.612 17.476 10.661 10.768 16.184 7.366 7.108 2.274 9.956 
3 16 7.108 2.274 9.956 10.768 16.184 7.366 9.668 2.274 7.444 
3 16 10.11 6.685 -8.614 7.435 6.078 -10.921 7.743 2.27 -9.283 
3 16 7.743 2.27 -9.283 7.435 6.078 -10.921 5.347 2.27 -11.002 
3 16 6.67 -9.803 0.832 6.072 -8.609 1.2 5.717 -8.693 -0.328 
3 16 8.377 -10.211 -2.754 10.22 -12.563 3.4 6.67 -9.803 0.832 
3 16 10.22 -12.563 3.4 7.849 -11.107 3.918 6.67 -9.803 0.832 
3 16 6.67 -9.803 0.832 5.717 -8.693 -0.328 8.377 -10.211 -2.754 
3 16 5.717 -8.693 -0.328 5.46 -8.571 -1.544 8.377 -10.211 -2.754 
3 16 3.482 -9.259 2.452 4.836 -8.579 -2.585 5.717 -8.693 -0.328 
3 16 4.836 -8.579 -2.585 5.46 -8.571 -1.544 5.717 -8.693 -0.328 
3 16 3.482 -9.259 2.452 5.717 -8.693 -0.328 6.072 -8.609 1.2 
3 16 12.077 15.95 5.063 12.963 14.228 0.987 11.456 2.274 4.213 
3 16 11.456 2.274 4.213 12.963 14.228 0.987 12.198 2.273 0.928 
3 16 12.991 12.643 -0.678 12.368 11.515 -4.334 12.12 2.272 -1.126 
3 16 12.12 2.272 -1.126 12.368 11.515 -4.334 11.343 2.271 -4.55 
3 16 10.768 16.184 7.366 11.848 15.785 5.65 9.668 2.274 7.444 
3 16 12.077 15.95 5.063 11.456 2.274 4.213 11.848 15.785 5.65 
3 16 9.668 2.274 7.444 11.848 15.785 5.65 11.456 2.274 4.213 
3 16 9.998 -0.25 0 8.125 -6.25 0 9.395 -0.25 3.419 
3 16 9.395 -0.25 3.419 8.125 -6.25 0 7.036 -6.25 4.062 
3 16 9.395 -0.25 3.419 7.036 -6.25 4.062 7.659 -0.25 6.426 
3 16 7.659 -0.25 6.426 7.036 -6.25 4.062 5.97 -0.25 8.019 
3 16 5.97 -0.25 8.019 7.036 -6.25 4.062 4.062 -6.25 7.036 
3 16 5.97 -0.25 8.019 4.062 -6.25 7.036 3.414 -0.25 9.379 
3 16 3.414 -0.25 9.379 4.062 -6.25 7.036 0 -0.25 9.981 
3 16 0 -0.25 9.981 4.062 -6.25 7.036 0 -6.25 8.125 
3 16 2.867 -0.25 -9.578 0 -6.25 -8.125 4.062 -6.25 -7.036 
3 16 2.867 -0.25 -9.578 4.062 -6.25 -7.036 4.999 -0.25 -8.658 
3 16 4.999 -0.25 -8.658 4.062 -6.25 -7.036 7.659 -0.25 -6.426 
3 16 7.659 -0.25 -6.426 4.062 -6.25 -7.036 7.036 -6.25 -4.062 
3 16 7.659 -0.25 -6.426 7.036 -6.25 -4.062 8.934 -0.25 -4.487 
3 16 8.934 -0.25 -4.487 7.036 -6.25 -4.062 9.728 -0.25 -2.306 
3 16 9.728 -0.25 -2.306 7.036 -6.25 -4.062 8.125 -6.25 0 
3 16 9.728 -0.25 -2.306 8.125 -6.25 0 9.998 -0.25 0 
3 16 4.999 -0.25 -8.658 7.659 -0.25 -6.426 7.743 2.27 -9.283 
3 16 7.743 2.27 -9.283 7.659 -0.25 -6.426 9.792 2.27 -7.323 
3 16 2.867 -0.25 -9.578 4.999 -0.25 -8.658 5.347 2.27 -11.002 
3 16 5.347 2.27 -11.002 4.999 -0.25 -8.658 7.743 2.27 -9.283 
3 16 0 -0.25 -9.981 2.867 -0.25 -9.578 2.202 2.27 -11.877 
3 16 2.202 2.27 -11.877 2.867 -0.25 -9.578 5.347 2.27 -11.002 
3 16 2.202 2.27 -11.877 0 2.271 -12.233 0 -0.25 -9.981 
3 16 3.414 -0.25 9.379 0 -0.25 9.981 3.307 2.274 11.743 
3 16 3.307 2.274 11.743 0 -0.25 9.981 0 2.274 12.233 
3 16 5.97 -0.25 8.019 3.414 -0.25 9.379 7.108 2.274 9.956 
3 16 7.108 2.274 9.956 3.414 -0.25 9.379 3.307 2.274 11.743 
3 16 5.97 -0.25 8.019 7.108 2.274 9.956 7.659 -0.25 6.426 
3 16 7.659 -0.25 6.426 7.108 2.274 9.956 9.668 2.274 7.444 
3 16 7.659 -0.25 6.426 9.668 2.274 7.444 9.395 -0.25 3.419 
3 16 9.395 -0.25 3.419 9.668 2.274 7.444 11.456 2.274 4.213 
3 16 9.998 -0.25 0 9.395 -0.25 3.419 12.198 2.273 0.928 
3 16 12.198 2.273 0.928 9.395 -0.25 3.419 11.456 2.274 4.213 
3 16 9.728 -0.25 -2.306 9.998 -0.25 0 12.12 2.272 -1.126 
3 16 12.12 2.272 -1.126 9.998 -0.25 0 12.198 2.273 0.928 
3 16 8.934 -0.25 -4.487 9.728 -0.25 -2.306 11.343 2.271 -4.55 
3 16 11.343 2.271 -4.55 9.728 -0.25 -2.306 12.12 2.272 -1.126 
3 16 11.343 2.271 -4.55 9.792 2.27 -7.323 8.934 -0.25 -4.487 
3 16 8.934 -0.25 -4.487 9.792 2.27 -7.323 7.659 -0.25 -6.426 
3 16 6.168 -1.756 -11.646 12.021 0.767 -8.114 8.798 -3.446 -8.484 
3 16 8.798 -3.446 -8.484 12.021 0.767 -8.114 12.459 -0.367 -6.721 
3 16 0 -6.25 -8.125 2.867 -0.25 -9.578 0 -0.25 -9.981 
2 24 -15.886 -4.713 -1.24 -14.034 -1.812 0.36 
2 24 -14.034 -1.812 0.36 -14.109 -0.968 -0.19 
2 24 -14.109 -0.968 -0.19 -15.972 -4.074 -2.006 
2 24 -17.11 -6.973 3.243 -13.785 -3.727 4.004 
2 24 -13.785 -3.727 4.004 -14.034 -1.812 0.36 
2 24 -6.072 -8.609 1.2 -6.951 -8.177 4.5 
2 24 -6.951 -8.177 4.5 -7.849 -11.107 3.918 
2 24 -7.849 -11.107 3.918 -6.67 -9.803 0.832 
2 24 -8.655 -10.845 4.604 -7.849 -11.107 3.918 
2 24 -6.951 -8.177 4.5 -7.645 -7.931 5.027 
2 24 -7.645 -7.931 5.027 -8.655 -10.845 4.604 
2 24 -16.516 -7.195 3.963 -13.595 -4.24 4.306 
2 24 -13.595 -4.24 4.306 -13.785 -3.727 4.004 
2 24 -17.339 -7.186 9.196 -14.607 -4.322 8.214 
2 24 -14.607 -4.322 8.214 -14.61 -4.325 7.51 
2 24 -14.61 -4.325 7.51 -17.634 -7.301 8.536 
2 24 -14.61 -4.325 7.51 -13.595 -4.24 4.306 
2 24 -9.68 -9.894 10.271 -8.286 -6.317 9.497 
2 24 -10.023 -9.353 10.783 -9.68 -9.894 10.271 
2 24 -8.286 -6.317 9.497 -8.798 -5.769 10.178 
2 24 -8.798 -5.769 10.178 -10.023 -9.353 10.783 
2 24 -7.645 -7.931 5.027 -8.286 -6.317 9.497 
2 24 -9.68 -9.894 10.271 -8.655 -10.845 4.604 
2 24 -10.858 -7.084 13.646 -9.439 -3.693 12.387 
2 24 -11.043 -6.054 14.108 -10.858 -7.084 13.646 
2 24 -9.439 -3.693 12.387 -9.749 -2.893 12.893 
2 24 -9.749 -2.893 12.893 -11.043 -6.054 14.108 
2 24 -8.798 -5.769 10.178 -9.439 -3.693 12.387 
2 24 -10.858 -7.084 13.646 -10.023 -9.353 10.783 
2 24 -18.279 -3.803 12.368 -15.303 -3.029 9.268 
2 24 -15.303 -3.029 9.268 -14.607 -4.322 8.214 
2 24 -17.929 -3.271 12.612 -15.346 -2.677 9.58 
2 24 -15.346 -2.677 9.58 -15.303 -3.029 9.268 
2 24 -15.931 -1.364 8.666 -17.276 1.036 9.821 
2 24 -16.857 1.077 9.349 -15.814 -0.913 8.399 
2 24 -15.814 -0.913 8.399 -15.931 -1.364 8.666 
2 24 -15.931 -1.364 8.666 -15.58 -2.243 9.339 
2 24 -15.58 -2.243 9.339 -15.346 -2.677 9.58 
2 24 -10.836 -3.724 14.712 -11.043 -6.054 14.108 
2 24 -9.749 -2.893 12.893 -10.061 -1.186 14.109 
2 24 -10.061 -1.186 14.109 -10.836 -3.724 14.712 
2 24 -15.22 -1.851 5.579 -15.814 -0.913 8.399 
2 24 -16.857 1.077 9.349 -17.057 1.967 9.86 
2 24 -17.057 1.967 9.86 -16.667 1.719 7.679 
2 24 -13.711 3.155 10.81 -14.927 2.602 7.724 
2 24 -15.273 2.733 10.368 -13.711 3.155 10.81 
2 24 -17.057 1.967 9.86 -15.273 2.733 10.368 
2 24 -15.97 0.239 5.525 -16.667 1.719 7.679 
2 24 -14.927 2.602 7.724 -14.898 0.78 5.169 
2 24 -15.47 -1.072 5.019 -15.97 0.239 5.525 
2 24 -14.898 0.78 5.169 -14.683 -0.903 4.564 
2 24 -15.22 -1.851 5.579 -15.47 -1.072 5.019 
2 24 -14.683 -0.903 4.564 -14.313 -2.194 5.537 
2 24 -14.514 -1.34 8.035 -15.814 -0.913 8.399 
2 24 -14.313 -2.194 5.537 -14.514 -1.34 8.035 
2 24 -14.514 -1.34 8.035 -14.288 -1.702 8.309 
2 24 -14.288 -1.702 8.309 -15.931 -1.364 8.666 
2 24 -13.907 -2.578 8.844 -15.346 -2.677 9.58 
2 24 -14.288 -1.702 8.309 -13.907 -2.578 8.844 
2 24 -15.303 -3.029 9.268 -13.86 -2.769 8.836 
2 24 -13.86 -2.769 8.836 -13.43 -3.943 7.835 
2 24 -13.43 -3.943 7.835 -14.607 -4.322 8.214 
2 24 -13.907 -2.578 8.844 -13.86 -2.769 8.836 
2 24 -17.276 1.036 9.821 -17.495 2.071 10.543 
2 24 -17.495 2.071 10.543 -17.057 1.967 9.86 
2 24 -18.144 0.979 12.597 -17.495 2.071 10.543 
2 24 -18.607 -1.316 14.098 -18.144 0.979 12.597 
2 24 -17.929 -3.271 12.612 -18.767 -3.682 14.059 
2 24 -18.767 -3.682 14.059 -18.607 -1.316 14.098 
2 24 -18.279 -3.803 12.368 -19.31 -4.307 13.767 
2 24 -19.31 -4.307 13.767 -18.767 -3.682 14.059 
2 24 -18.427 -8.445 9.667 -19.31 -4.307 13.767 
2 24 -17.339 -7.186 9.196 -18.427 -8.445 9.667 
2 24 -17.634 -7.301 8.536 -18.774 -8.687 9.024 
2 24 -18.774 -8.687 9.024 -18.427 -8.445 9.667 
2 24 -17.427 -8.731 3.853 -18.774 -8.687 9.024 
2 24 -16.516 -7.195 3.963 -17.427 -8.731 3.853 
2 24 -17.11 -6.973 3.243 -18.06 -8.753 2.948 
2 24 -18.06 -8.753 2.948 -17.427 -8.731 3.853 
2 24 -16.364 -6.052 -2.013 -18.06 -8.753 2.948 
2 24 -15.886 -4.713 -1.24 -16.364 -6.052 -2.013 
2 24 -15.972 -4.074 -2.006 -16.51 -5.46 -2.873 
2 24 -16.51 -5.46 -2.873 -16.364 -6.052 -2.013 
2 24 -10.86 1.503 15.049 -13.535 -2.839 16.599 
2 24 -10.061 -1.186 14.109 -10.86 1.503 15.049 
2 24 -12.939 -6.571 15.309 -11.043 -6.054 14.108 
2 24 -12.973 -7.453 15.085 -10.858 -7.084 13.646 
2 24 -12.259 -10.988 11.066 -10.023 -9.353 10.783 
2 24 -11.98 -11.574 10.734 -9.68 -9.894 10.271 
2 24 -10.772 -12.226 4.316 -8.655 -10.845 4.604 
2 24 -10.22 -12.563 3.4 -7.849 -11.107 3.918 
2 24 -9.922 -11.247 -4.48 -7.609 -10.27 -3.758 
2 24 -8.377 -10.211 -2.754 -10.704 -11.083 -3.464 
2 24 -10.704 -11.083 -3.464 -9.922 -11.247 -4.48 
2 24 -12.522 -13.727 2.907 -10.704 -11.083 -3.464 
2 24 -10.22 -12.563 3.4 -12.522 -13.727 2.907 
2 24 -10.772 -12.226 4.316 -12.9 -13.226 3.987 
2 24 -12.9 -13.226 3.987 -12.522 -13.727 2.907 
2 24 -11.98 -11.574 10.734 -14.27 -13 10.753 
2 24 -14.27 -13 10.753 -12.9 -13.226 3.987 
2 24 -14.515 -12.264 11.129 -14.27 -13 10.753 
2 24 -12.259 -10.988 11.066 -14.515 -12.264 11.129 
2 24 -15.173 -7.709 16.051 -14.515 -12.264 11.129 
2 24 -12.973 -7.453 15.085 -15.173 -7.709 16.051 
2 24 -12.939 -6.571 15.309 -14.935 -6.928 16.054 
2 24 -14.935 -6.928 16.054 -15.173 -7.709 16.051 
2 24 -13.535 -2.839 16.599 -14.935 -6.928 16.054 
2 24 -5.13 -5.751 -8.724 -4.774 -7.582 -5.59 
2 24 -7.642 -8.595 -6.921 -5.13 -5.751 -8.724 
2 24 -5.46 -8.571 -1.544 -8.377 -10.211 -2.754 
2 24 -7.609 -10.27 -3.758 -4.836 -8.579 -2.585 
2 24 -4.836 -8.579 -2.585 -5.46 -8.571 -1.544 
2 24 -4.774 -7.582 -5.59 -4.836 -8.579 -2.585 
2 24 -9.922 -11.247 -4.48 -7.642 -8.595 -6.921 
2 24 -12.459 -0.367 -6.721 -14.681 -3.252 -4.989 
2 24 -14.109 -0.968 -0.19 -12.459 -0.367 -6.721 
2 24 -14.681 -3.252 -4.989 -16.51 -5.46 -2.873 
2 24 -11.703 4.997 -11.226 -8.908 4.307 -13.622 
2 24 -12.59 2.388 -10.681 -11.703 4.997 -11.226 
2 24 -8.908 4.307 -13.622 -8.015 0.098 -14.004 
2 24 -8.015 0.098 -14.004 -12.59 2.388 -10.681 
2 24 -3.685 6.5 -15.305 -2.894 2.014 -15.639 
2 24 -8.908 4.307 -13.622 -3.685 6.5 -15.305 
2 24 -2.894 2.014 -15.639 -8.015 0.098 -14.004 
2 24 0 0.953 -14.042 -2.894 2.014 -15.639 
2 24 0 8.085 -14.63 0 0.953 -14.042 
2 24 -3.685 6.5 -15.305 0 8.085 -14.63 
2 24 0 0.953 -14.042 -6.168 -1.756 -11.646 
2 24 -6.168 -1.756 -11.646 -8.015 0.098 -14.004 
2 24 -12.021 0.767 -8.114 -12.59 2.388 -10.681 
2 24 -6.168 -1.756 -11.646 -12.021 0.767 -8.114 
2 24 -13.156 8.56 -5.396 -11.703 4.997 -11.226 
2 24 -12.59 2.388 -10.681 -13.867 5.48 -6.064 
2 24 -12.021 0.767 -8.114 -13.726 4.442 -5.397 
2 24 -11.468 8.191 -6.298 -10.11 6.685 -8.614 
2 24 -10.11 6.685 -8.614 -7.435 6.078 -10.921 
2 24 -7.435 6.078 -10.921 -4.162 7.358 -12.521 
2 24 -4.162 7.358 -12.521 0 8.874 -13.129 
2 24 0 8.874 -13.129 0 8.085 -14.63 
2 24 -12.368 11.515 -4.334 -11.961 8.954 -5.379 
2 24 -13.332 11.435 -4.221 -12.368 11.515 -4.334 
2 24 -11.961 8.954 -5.379 -13.156 8.56 -5.396 
2 24 -13.156 8.56 -5.396 -13.332 11.435 -4.221 
2 24 -14.922 10.755 -3.297 -13.332 11.435 -4.221 
2 24 -14.348 6.538 -4.27 -19.35 4.79 -0.532 
2 24 -19.553 6.942 -0.012 -16.693 8.518 -2.147 
2 24 -16.693 8.518 -2.147 -14.922 10.755 -3.297 
2 24 -13.156 8.56 -5.396 -14.348 6.538 -4.27 
2 24 -13.509 12.635 -0.605 -13.332 11.435 -4.221 
2 24 -14.922 10.755 -3.297 -14.494 12.296 0.103 
2 24 -13.59 14.634 1.261 -13.509 12.635 -0.605 
2 24 -14.494 12.296 0.103 -14.386 14.349 1.546 
2 24 -14.855 15.596 2.607 -13.769 15.671 2.123 
2 24 -14.386 14.349 1.546 -14.855 15.596 2.607 
2 24 -13.769 15.671 2.123 -13.59 14.634 1.261 
2 24 -12.991 12.643 -0.678 -12.368 11.515 -4.334 
2 24 -12.963 14.228 0.987 -12.991 12.643 -0.678 
2 24 -12.459 -0.367 -6.721 -8.798 -3.446 -8.484 
2 24 -13.448 -9.028 -4.065 -16.51 -5.46 -2.873 
2 24 -13.572 -9.053 -2.975 -16.364 -6.052 -2.013 
2 24 -15.316 -11.774 2.938 -18.06 -8.753 2.948 
2 24 -15.218 -11.438 3.859 -17.427 -8.731 3.853 
2 24 -16.772 -11.23 10.061 -18.774 -8.687 9.024 
2 24 -16.506 -10.654 10.637 -18.427 -8.445 9.667 
2 24 -17.436 -6.268 15.334 -19.31 -4.307 13.767 
2 24 -16.78 -5.468 15.306 -18.767 -3.682 14.059 
2 24 -15.12 2.921 11.087 -17.495 2.071 10.543 
2 24 -15.12 2.921 11.087 -13.056 3.222 11.679 
2 24 -13.056 3.222 11.679 -13.711 3.155 10.81 
2 24 -10.86 1.503 15.049 -13.056 3.222 11.679 
2 24 -16.78 -5.468 15.306 -14.935 -6.928 16.054 
2 24 -17.436 -6.268 15.334 -15.173 -7.709 16.051 
2 24 -16.506 -10.654 10.637 -14.515 -12.264 11.129 
2 24 -16.772 -11.23 10.061 -14.27 -13 10.753 
2 24 -15.218 -11.438 3.859 -12.9 -13.226 3.987 
2 24 -15.316 -11.774 2.938 -12.522 -13.727 2.907 
2 24 -13.572 -9.053 -2.975 -10.704 -11.083 -3.464 
2 24 -13.448 -9.028 -4.065 -9.922 -11.247 -4.48 
2 24 -8.798 -3.446 -8.484 -5.13 -5.751 -8.724 
2 24 -9.451 12.261 14.598 -10.204 6.513 15.647 
2 24 -10.204 6.513 15.647 -10.86 1.503 15.049 
2 24 -13.43 -3.943 7.835 -13.523 -3.934 7.334 
2 24 -13.523 -3.934 7.334 -14.61 -4.325 7.51 
2 24 -4.335 17.625 14.323 -8.513 17.359 12.195 
2 24 -8.513 17.359 12.195 -9.451 12.261 14.598 
2 24 0 17.882 14.848 -4.335 17.625 14.323 
2 24 -16.443 9.284 1.86 -14.855 15.596 2.607 
2 24 -19.182 7.554 2.852 -16.443 9.284 1.86 
2 24 -19.553 6.942 -0.012 -22.664 5.999 2.891 
2 24 -22.664 5.999 2.891 -23.403 6.041 4.347 
2 24 -23.403 6.041 4.347 -19.182 7.554 2.852 
2 24 -23.403 6.041 4.347 -21.673 10.194 4.82 
2 24 -21.673 10.194 4.82 -18.625 13.647 4.07 
2 24 -18.625 13.647 4.07 -14.855 15.596 2.607 
2 24 -19.35 4.79 -0.532 -22.65 3.997 2.691 
2 24 -23.237 4.368 7.076 -23.285 5.853 7.27 
2 24 -22.65 3.997 2.691 -23.237 4.368 7.076 
2 24 -23.285 5.853 7.27 -21.54 10.17 7.028 
2 24 -15.01 4.843 8.221 -14.686 9.871 7.998 
2 24 -23.237 4.368 7.076 -15.218 3.157 7.777 
2 24 -15.218 3.157 7.777 -15.01 4.843 8.221 
2 24 -15.593 3.087 2.956 -15.218 3.157 7.777 
2 24 -15.187 4.273 -0.266 -15.593 3.087 2.956 
2 24 -18.292 14.225 6.048 -14.035 15.85 5.444 
2 24 -21.54 10.17 7.028 -18.292 14.225 6.048 
2 24 -14.686 9.871 7.998 -13.2 15.122 6.435 
2 24 -12.191 15.951 8.828 -13.2 15.122 6.435 
2 24 -8.513 17.359 12.195 -12.191 15.951 8.828 
2 24 -15.187 4.273 -0.266 -14.348 6.538 -4.27 
2 24 -14.348 6.538 -4.27 -13.726 4.442 -5.397 
2 24 -11.961 8.954 -5.379 -11.468 8.191 -6.298 
2 24 -13.867 5.48 -6.064 -14.348 6.538 -4.27 
2 24 -13.595 -4.24 4.306 -13.523 -3.934 7.334 
2 24 -12.916 16.096 5.042 -13.769 15.671 2.123 
2 24 -12.077 15.95 5.063 -12.963 14.228 0.987 
2 24 -7.612 17.476 10.661 -10.768 16.184 7.366 
2 24 -11.296 16.339 7.58 -7.943 17.671 11.295 
2 24 -10.768 16.184 7.366 -11.848 15.785 5.65 
2 24 -11.848 15.785 5.65 -12.371 15.742 5.855 
2 24 -12.371 15.742 5.855 -11.296 16.339 7.58 
2 24 -12.371 15.742 5.855 -13.2 15.122 6.435 
2 24 -11.848 15.785 5.65 -12.077 15.95 5.063 
2 24 -12.916 16.096 5.042 -12.371 15.742 5.855 
2 24 -14.035 15.85 5.444 -13.2 15.122 6.435 
2 24 0 18.014 13 -3.522 17.962 12.508 
2 24 -3.94 18.141 13.362 0 18.236 13.932 
2 24 -7.943 17.671 11.295 -3.94 18.141 13.362 
2 24 -3.522 17.962 12.508 -7.612 17.476 10.661 
2 24 -6.67 -9.803 0.832 -5.717 -8.693 -0.328 
2 24 -5.717 -8.693 -0.328 -6.072 -8.609 1.2 
2 24 -5.46 -8.571 -1.544 -5.717 -8.693 -0.328 
2 24 -7.036 -6.25 4.062 -8.125 -6.25 0 
2 24 -4.062 -6.25 7.036 -7.036 -6.25 4.062 
2 24 0 -6.25 8.125 -4.062 -6.25 7.036 
2 24 -4.062 -6.25 -7.036 0 -6.25 -8.125 
2 24 -7.036 -6.25 -4.062 -4.062 -6.25 -7.036 
2 24 -8.125 -6.25 0 -7.036 -6.25 -4.062 
2 24 14.034 -1.812 0.36 15.886 -4.713 -1.24 
2 24 15.972 -4.074 -2.006 14.109 -0.968 -0.19 
2 24 14.109 -0.968 -0.19 14.034 -1.812 0.36 
2 24 13.785 -3.727 4.004 17.11 -6.973 3.243 
2 24 14.034 -1.812 0.36 13.785 -3.727 4.004 
2 24 6.951 -8.177 4.5 6.072 -8.609 1.2 
2 24 6.67 -9.803 0.832 7.849 -11.107 3.918 
2 24 7.849 -11.107 3.918 6.951 -8.177 4.5 
2 24 7.849 -11.107 3.918 8.655 -10.845 4.604 
2 24 8.655 -10.845 4.604 7.645 -7.931 5.027 
2 24 7.645 -7.931 5.027 6.951 -8.177 4.5 
2 24 13.785 -3.727 4.004 13.595 -4.24 4.306 
2 24 13.595 -4.24 4.306 16.516 -7.195 3.963 
2 24 14.607 -4.322 8.214 17.339 -7.186 9.196 
2 24 17.634 -7.301 8.536 14.61 -4.325 7.51 
2 24 14.61 -4.325 7.51 14.607 -4.322 8.214 
2 24 13.595 -4.24 4.306 14.61 -4.325 7.51 
2 24 9.68 -9.894 10.271 10.023 -9.353 10.783 
2 24 8.286 -6.317 9.497 9.68 -9.894 10.271 
2 24 10.023 -9.353 10.783 8.798 -5.769 10.178 
2 24 8.798 -5.769 10.178 8.286 -6.317 9.497 
2 24 8.286 -6.317 9.497 7.645 -7.931 5.027 
2 24 8.655 -10.845 4.604 9.68 -9.894 10.271 
2 24 10.858 -7.084 13.646 11.043 -6.054 14.108 
2 24 9.439 -3.693 12.387 10.858 -7.084 13.646 
2 24 11.043 -6.054 14.108 9.749 -2.893 12.893 
2 24 9.749 -2.893 12.893 9.439 -3.693 12.387 
2 24 9.439 -3.693 12.387 8.798 -5.769 10.178 
2 24 10.023 -9.353 10.783 10.858 -7.084 13.646 
2 24 15.303 -3.029 9.268 18.279 -3.803 12.368 
2 24 14.607 -4.322 8.214 15.303 -3.029 9.268 
2 24 15.346 -2.677 9.58 17.929 -3.271 12.612 
2 24 15.303 -3.029 9.268 15.346 -2.677 9.58 
2 24 17.276 1.036 9.821 15.931 -1.364 8.666 
2 24 15.931 -1.364 8.666 15.814 -0.913 8.399 
2 24 15.814 -0.913 8.399 16.857 1.077 9.349 
2 24 15.58 -2.243 9.339 15.931 -1.364 8.666 
2 24 15.346 -2.677 9.58 15.58 -2.243 9.339 
2 24 11.043 -6.054 14.108 10.836 -3.724 14.712 
2 24 10.836 -3.724 14.712 10.061 -1.186 14.109 
2 24 10.061 -1.186 14.109 9.749 -2.893 12.893 
2 24 15.814 -0.913 8.399 15.22 -1.851 5.579 
2 24 16.667 1.719 7.679 17.057 1.967 9.86 
2 24 17.057 1.967 9.86 16.857 1.077 9.349 
2 24 13.711 3.155 10.81 15.273 2.733 10.368 
2 24 14.927 2.602 7.724 13.711 3.155 10.81 
2 24 15.273 2.733 10.368 17.057 1.967 9.86 
2 24 16.667 1.719 7.679 15.97 0.239 5.525 
2 24 14.898 0.78 5.169 14.927 2.602 7.724 
2 24 15.97 0.239 5.525 15.47 -1.072 5.019 
2 24 14.683 -0.903 4.564 14.898 0.78 5.169 
2 24 15.47 -1.072 5.019 15.22 -1.851 5.579 
2 24 14.313 -2.194 5.537 14.683 -0.903 4.564 
2 24 15.814 -0.913 8.399 14.514 -1.34 8.035 
2 24 14.514 -1.34 8.035 14.313 -2.194 5.537 
2 24 15.931 -1.364 8.666 14.288 -1.702 8.309 
2 24 14.288 -1.702 8.309 14.514 -1.34 8.035 
2 24 15.346 -2.677 9.58 13.907 -2.578 8.844 
2 24 13.907 -2.578 8.844 14.288 -1.702 8.309 
2 24 13.86 -2.769 8.836 15.303 -3.029 9.268 
2 24 14.607 -4.322 8.214 13.43 -3.943 7.835 
2 24 13.43 -3.943 7.835 13.86 -2.769 8.836 
2 24 13.86 -2.769 8.836 13.907 -2.578 8.844 
2 24 17.057 1.967 9.86 17.495 2.071 10.543 
2 24 17.495 2.071 10.543 17.276 1.036 9.821 
2 24 17.495 2.071 10.543 18.144 0.979 12.597 
2 24 18.144 0.979 12.597 18.607 -1.316 14.098 
2 24 18.607 -1.316 14.098 18.767 -3.682 14.059 
2 24 18.767 -3.682 14.059 17.929 -3.271 12.612 
2 24 18.767 -3.682 14.059 19.31 -4.307 13.767 
2 24 19.31 -4.307 13.767 18.279 -3.803 12.368 
2 24 19.31 -4.307 13.767 18.427 -8.445 9.667 
2 24 18.427 -8.445 9.667 17.339 -7.186 9.196 
2 24 18.427 -8.445 9.667 18.774 -8.687 9.024 
2 24 18.774 -8.687 9.024 17.634 -7.301 8.536 
2 24 18.774 -8.687 9.024 17.427 -8.731 3.853 
2 24 17.427 -8.731 3.853 16.516 -7.195 3.963 
2 24 17.427 -8.731 3.853 18.06 -8.753 2.948 
2 24 18.06 -8.753 2.948 17.11 -6.973 3.243 
2 24 18.06 -8.753 2.948 16.364 -6.052 -2.013 
2 24 16.364 -6.052 -2.013 15.886 -4.713 -1.24 
2 24 16.51 -5.46 -2.873 15.972 -4.074 -2.006 
2 24 16.364 -6.052 -2.013 16.51 -5.46 -2.873 
2 24 13.535 -2.839 16.599 10.86 1.503 15.049 
2 24 10.86 1.503 15.049 10.061 -1.186 14.109 
2 24 11.043 -6.054 14.108 12.939 -6.571 15.309 
2 24 10.858 -7.084 13.646 12.973 -7.453 15.085 
2 24 10.023 -9.353 10.783 12.259 -10.988 11.066 
2 24 9.68 -9.894 10.271 11.98 -11.574 10.734 
2 24 8.655 -10.845 4.604 10.772 -12.226 4.316 
2 24 7.849 -11.107 3.918 10.22 -12.563 3.4 
2 24 7.609 -10.27 -3.758 9.922 -11.247 -4.48 
2 24 9.922 -11.247 -4.48 10.704 -11.083 -3.464 
2 24 10.704 -11.083 -3.464 8.377 -10.211 -2.754 
2 24 12.522 -13.727 2.907 10.22 -12.563 3.4 
2 24 10.704 -11.083 -3.464 12.522 -13.727 2.907 
2 24 12.522 -13.727 2.907 12.9 -13.226 3.987 
2 24 12.9 -13.226 3.987 10.772 -12.226 4.316 
2 24 12.9 -13.226 3.987 14.27 -13 10.753 
2 24 14.27 -13 10.753 11.98 -11.574 10.734 
2 24 14.27 -13 10.753 14.515 -12.264 11.129 
2 24 14.515 -12.264 11.129 12.259 -10.988 11.066 
2 24 15.173 -7.709 16.051 12.973 -7.453 15.085 
2 24 14.515 -12.264 11.129 15.173 -7.709 16.051 
2 24 14.935 -6.928 16.054 12.939 -6.571 15.309 
2 24 15.173 -7.709 16.051 14.935 -6.928 16.054 
2 24 14.935 -6.928 16.054 13.535 -2.839 16.599 
2 24 5.13 -5.751 -8.724 7.642 -8.595 -6.921 
2 24 4.774 -7.582 -5.59 5.13 -5.751 -8.724 
2 24 8.377 -10.211 -2.754 5.46 -8.571 -1.544 
2 24 5.46 -8.571 -1.544 4.836 -8.579 -2.585 
2 24 4.836 -8.579 -2.585 7.609 -10.27 -3.758 
2 24 4.836 -8.579 -2.585 4.774 -7.582 -5.59 
2 24 7.642 -8.595 -6.921 9.922 -11.247 -4.48 
2 24 12.459 -0.367 -6.721 14.109 -0.968 -0.19 
2 24 14.681 -3.252 -4.989 12.459 -0.367 -6.721 
2 24 16.51 -5.46 -2.873 14.681 -3.252 -4.989 
2 24 11.703 4.997 -11.226 12.59 2.388 -10.681 
2 24 8.908 4.307 -13.622 11.703 4.997 -11.226 
2 24 12.59 2.388 -10.681 8.015 0.098 -14.004 
2 24 8.015 0.098 -14.004 8.908 4.307 -13.622 
2 24 3.685 6.5 -15.305 8.908 4.307 -13.622 
2 24 2.894 2.014 -15.639 3.685 6.5 -15.305 
2 24 8.015 0.098 -14.004 2.894 2.014 -15.639 
2 24 2.894 2.014 -15.639 0 0.953 -14.042 
2 24 0 8.085 -14.63 3.685 6.5 -15.305 
2 24 6.168 -1.756 -11.646 0 0.953 -14.042 
2 24 8.015 0.098 -14.004 6.168 -1.756 -11.646 
2 24 12.59 2.388 -10.681 12.021 0.767 -8.114 
2 24 12.021 0.767 -8.114 6.168 -1.756 -11.646 
2 24 11.703 4.997 -11.226 13.156 8.56 -5.396 
2 24 13.867 5.48 -6.064 12.59 2.388 -10.681 
2 24 13.726 4.442 -5.397 12.021 0.767 -8.114 
2 24 10.11 6.685 -8.614 11.468 8.191 -6.298 
2 24 7.435 6.078 -10.921 10.11 6.685 -8.614 
2 24 4.162 7.358 -12.521 7.435 6.078 -10.921 
2 24 0 8.874 -13.129 4.162 7.358 -12.521 
2 24 12.368 11.515 -4.334 13.332 11.435 -4.221 
2 24 11.961 8.954 -5.379 12.368 11.515 -4.334 
2 24 13.332 11.435 -4.221 13.156 8.56 -5.396 
2 24 13.156 8.56 -5.396 11.961 8.954 -5.379 
2 24 13.332 11.435 -4.221 14.922 10.755 -3.297 
2 24 19.35 4.79 -0.532 14.348 6.538 -4.27 
2 24 16.693 8.518 -2.147 19.553 6.942 -0.012 
2 24 14.922 10.755 -3.297 16.693 8.518 -2.147 
2 24 14.348 6.538 -4.27 13.156 8.56 -5.396 
2 24 13.332 11.435 -4.221 13.509 12.635 -0.605 
2 24 14.494 12.296 0.103 14.922 10.755 -3.297 
2 24 13.509 12.635 -0.605 13.59 14.634 1.261 
2 24 14.386 14.349 1.546 14.494 12.296 0.103 
2 24 14.855 15.596 2.607 14.386 14.349 1.546 
2 24 13.769 15.671 2.123 14.855 15.596 2.607 
2 24 13.59 14.634 1.261 13.769 15.671 2.123 
2 24 12.368 11.515 -4.334 12.991 12.643 -0.678 
2 24 12.991 12.643 -0.678 12.963 14.228 0.987 
2 24 8.798 -3.446 -8.484 12.459 -0.367 -6.721 
2 24 16.51 -5.46 -2.873 13.448 -9.028 -4.065 
2 24 16.364 -6.052 -2.013 13.572 -9.053 -2.975 
2 24 18.06 -8.753 2.948 15.316 -11.774 2.938 
2 24 17.427 -8.731 3.853 15.218 -11.438 3.859 
2 24 18.774 -8.687 9.024 16.772 -11.23 10.061 
2 24 18.427 -8.445 9.667 16.506 -10.654 10.637 
2 24 19.31 -4.307 13.767 17.436 -6.268 15.334 
2 24 18.767 -3.682 14.059 16.78 -5.468 15.306 
2 24 17.495 2.071 10.543 15.12 2.921 11.087 
2 24 13.711 3.155 10.81 13.056 3.222 11.679 
2 24 13.056 3.222 11.679 15.12 2.921 11.087 
2 24 13.056 3.222 11.679 10.86 1.503 15.049 
2 24 14.935 -6.928 16.054 16.78 -5.468 15.306 
2 24 15.173 -7.709 16.051 17.436 -6.268 15.334 
2 24 14.515 -12.264 11.129 16.506 -10.654 10.637 
2 24 14.27 -13 10.753 16.772 -11.23 10.061 
2 24 12.9 -13.226 3.987 15.218 -11.438 3.859 
2 24 12.522 -13.727 2.907 15.316 -11.774 2.938 
2 24 10.704 -11.083 -3.464 13.572 -9.053 -2.975 
2 24 9.922 -11.247 -4.48 13.448 -9.028 -4.065 
2 24 5.13 -5.751 -8.724 8.798 -3.446 -8.484 
2 24 10.204 6.513 15.647 9.451 12.261 14.598 
2 24 10.86 1.503 15.049 10.204 6.513 15.647 
2 24 14.61 -4.325 7.51 13.523 -3.934 7.334 
2 24 13.523 -3.934 7.334 13.43 -3.943 7.835 
2 24 8.513 17.359 12.195 4.335 17.625 14.323 
2 24 9.451 12.261 14.598 8.513 17.359 12.195 
2 24 4.335 17.625 14.323 0 17.882 14.848 
2 24 14.855 15.596 2.607 16.443 9.284 1.86 
2 24 16.443 9.284 1.86 19.182 7.554 2.852 
2 24 22.664 5.999 2.891 19.553 6.942 -0.012 
2 24 19.182 7.554 2.852 23.403 6.041 4.347 
2 24 23.403 6.041 4.347 22.664 5.999 2.891 
2 24 21.673 10.194 4.82 23.403 6.041 4.347 
2 24 18.625 13.647 4.07 21.673 10.194 4.82 
2 24 14.855 15.596 2.607 18.625 13.647 4.07 
2 24 22.65 3.997 2.691 19.35 4.79 -0.532 
2 24 23.285 5.853 7.27 23.237 4.368 7.076 
2 24 23.237 4.368 7.076 22.65 3.997 2.691 
2 24 21.54 10.17 7.028 23.285 5.853 7.27 
2 24 14.686 9.871 7.998 15.01 4.843 8.221 
2 24 15.218 3.157 7.777 23.237 4.368 7.076 
2 24 15.01 4.843 8.221 15.218 3.157 7.777 
2 24 15.218 3.157 7.777 15.593 3.087 2.956 
2 24 15.593 3.087 2.956 15.187 4.273 -0.266 
2 24 14.035 15.85 5.444 18.292 14.225 6.048 
2 24 18.292 14.225 6.048 21.54 10.17 7.028 
2 24 13.2 15.122 6.435 14.686 9.871 7.998 
2 24 13.2 15.122 6.435 12.191 15.951 8.828 
2 24 12.191 15.951 8.828 8.513 17.359 12.195 
2 24 13.726 4.442 -5.397 14.348 6.538 -4.27 
2 24 14.348 6.538 -4.27 15.187 4.273 -0.266 
2 24 11.468 8.191 -6.298 11.961 8.954 -5.379 
2 24 14.348 6.538 -4.27 13.867 5.48 -6.064 
2 24 13.523 -3.934 7.334 13.595 -4.24 4.306 
2 24 13.769 15.671 2.123 12.916 16.096 5.042 
2 24 12.963 14.228 0.987 12.077 15.95 5.063 
2 24 10.768 16.184 7.366 7.612 17.476 10.661 
2 24 7.943 17.671 11.295 11.296 16.339 7.58 
2 24 11.848 15.785 5.65 10.768 16.184 7.366 
2 24 11.296 16.339 7.58 12.371 15.742 5.855 
2 24 12.371 15.742 5.855 11.848 15.785 5.65 
2 24 13.2 15.122 6.435 12.371 15.742 5.855 
2 24 12.077 15.95 5.063 11.848 15.785 5.65 
2 24 12.371 15.742 5.855 12.916 16.096 5.042 
2 24 13.2 15.122 6.435 14.035 15.85 5.444 
2 24 3.522 17.962 12.508 0 18.014 13 
2 24 0 18.236 13.932 3.94 18.141 13.362 
2 24 3.94 18.141 13.362 7.943 17.671 11.295 
2 24 7.612 17.476 10.661 3.522 17.962 12.508 
2 24 6.072 -8.609 1.2 5.717 -8.693 -0.328 
2 24 5.717 -8.693 -0.328 6.67 -9.803 0.832 
2 24 5.717 -8.693 -0.328 5.46 -8.571 -1.544 
2 24 8.125 -6.25 0 7.036 -6.25 4.062 
2 24 7.036 -6.25 4.062 4.062 -6.25 7.036 
2 24 4.062 -6.25 7.036 0 -6.25 8.125 
2 24 0 -6.25 -8.125 4.062 -6.25 -7.036 
2 24 4.062 -6.25 -7.036 7.036 -6.25 -4.062 
2 24 7.036 -6.25 -4.062 8.125 -6.25 0 

