0 Wedge  4 x  4 Pointed
0 Name: 22391.dat
0 Author: Gerald Lasser [GeraldLasser]
0 !LDRAW_ORG Unofficial_Part
0 !LICENSE Redistributable under CCAL version 2.0 : see CAreadme.txt

0 BFC CERTIFY CCW

0 // Base
4 16 40 24 10 36 24 6 24 24 6 20 24 10
4 16 40 24 -10 36 24 -10 36 24 6 40 24 10
4 16 32.25 24 -14 36 24 -10 40 24 -10 35.7692 24 -16.3461
4 16 24 24 -14 24 24 -10 36 24 -10 32.25 24 -14
3 16 24 24 6 24 24 -10 20 24 10
3 16 24 24 -10 24 24 -14 20 24 10
4 16 24 24 -14 24 24 -23.563034 20 24 -30 20 24 10
4 16 24 24 -23.563034 28.8171 24 -26.7745 20 24 -34 20 24 -30
4 16 15.767094 24 -42.228763498 16.30017823 24 -39.55005729 20 24 -34 28.8171 24 -26.7745
4 16 14.2499 24 -44.4998 15.7671 24 -42.2288 28.8171 24 -26.7745 10.9846 24 -53.523
4 16 10.9846 24 -53.523 8.21538 24 -51.67692 11.9788 24 -46.0172 14.2499 24 -44.4998
3 16 10.3278 23.6 -48.5 8 23.6 -50 7.7017 23.6 -48.5
4 16 10.3278 23.6 -48.5 8.333 23.6 -51.5 7.7016 23.6 -51.5 8 23.6 -50
1 16 30 24 -8 1 0 0 0 -1 0 0 0 2 rect3.dat
2 24 20 24 -30 20 24 10
2 24 40 24 10 20 24 10
0 // Backstud Holder
1 16 36 22 -2 0 1 0 0 0 2 8 0 0 rect.dat
1 16 24 16 -2 0 -1 0 0 0 8 8 0 0 rect.dat
4 16 36 24 -10 24 24 -10 24 8 -10 36 20 -10
4 16 24 24 6 36 24 6 36 20 6 24 8 6
1 16 31 19.5 -8 0 -1 0 0 0 -4.5 -2 0 0 rect3.dat
4 16 31 24 -6 29 24 -6 29 13 -6 31 15 -6
1 16 29 18.5 -8 0 1 0 0 0 -5.5 -2 0 0 rect3.dat
1 16 30 14 -2 6 0 0 6 -1 0 0 0 -8 rect2p.dat
2 24 36 24 6 24 24 6
2 24 24 24 -10 29 24 -10
2 24 31 24 -10 36 24 -10
2 24 31 15 -6 29 13 -6
1 16 40 22 0 0 -1 0 2 0 0 0 0 10 rect3.dat
0 // Backface
2 24 20 8 10 20 24 10
4 16 40 20 10 40 24 10 20 24 10 20 8 10
3 16 20 8 10 20 0 10 40 20 10
0 // Stud Holder Middle Back
2 24 35.7692 24 -16.3461 32.25 24 -14
2 24 24 24 -14 32.25 24 -14
2 24 24 24 -23.56303 24 24 -14
2 24 24 24 -23.56303 28.8171 24 -26.7745
4 16 35.7692 20 -16.3462 33 20 -14.5 32.25 24 -14 35.7692 24 -16.3461
3 16 33 20 -14.5 32.25 18.98697 -14 32.25 24 -14
4 16 32.25 24 -14 32.25 18.98697 -14 24 11 -14 24 24 -14
4 16 24 24 -14 24 11 -14 24 17.39654 -23.56303 24 24 -23.56303
3 16 26.04788 20 -24.92832 24 24 -23.56303 24 17.39654 -23.56303
4 16 28.8171 20 -26.7745 28.8171 24 -26.7745 24 24 -23.56303 26.04788 20 -24.92832
2 24 24 17.39654 -23.56303 24 24 -23.563034
2 24 24 24 -14 24 11 -14
2 24 32.25 18.98697 -14 32.25 24 -14
2 24 33 20 -14.5 32.25 18.98697 -14
2 24 32.25 18.98697 -14 24 11 -14
2 24 24 11 -14 24 17.39654 -23.56303
2 24 24 17.39654 -23.56303 26.04788 20 -24.92832
2 24 33 20 -14.5 26.04788 20 -24.92832
4 16 26.04788 20 -24.92832 33 20 -14.5 35.7692 20 -16.3462 28.8171 20 -26.7745
4 16 24 17.39654 -23.56303 32.25 18.98697 -14 33 20 -14.5 26.04788 20 -24.92832
3 16 32.25 18.98697 -14 24 17.39654 -23.56303 24 11 -14
2 24 26.04788 20 -24.92832 28.8171 20 -26.7745
2 24 28.8171 20 -26.7745 35.7692 20 -16.3462
2 24 35.7692 20 -16.3462 33 20 -14.5
1 16 37.8846 22 -13.17305 2.1154 0 0 0 0 -2 3.17305 1 0 rect.dat
0 // Stud Holder Middle Front
1 16 18.15009 22 -36.77503 0 0 -1.84991 2 0 0 0 -1 -2.77503 rect3.dat
0 BFC INVERTNEXT
1 16 9.3 24 -39.55 2.67878 0 6.46716 0 -4 0 -6.46716 0 2.67878 3-16cylo.dat
1 16 9.0147 21.8 -48.5 0 0 -1.31311 1.8 0 0 0 -1 0 rect2a.dat
3 16 7.701725 18.157874 -48.5 10.32781 20 -48.5 7.7017 23.6 -48.5
2 24 7.701725 18.157874 -48.5 10.32781 20 -48.5
1 16 19.9009 22 -40.1488 0 -1 8.91624 -2 0 0 0 0 13.37427 rect3.dat
1 16 9.6 22 -52.6 -1.38462 0.447214 0 0 0 -2 0.92308 0.894427 0 rect.dat
1 16 8.0173 21.8 -51.5 0 0 0.31569 -1.8 0 0 0 1 0 rect.dat
1 16 9.3 20 -39.55 2.67878 0 6.46716 0 -1 0 -6.46716 0 2.67878 3-16chrd.dat
4 16 11.97877 20 -46.01718 11.97878 24 -46.01716 10.3278 23.6 -48.5 10.32781 20 -48.5
4 16 8.33299 23.6 -51.5 10.3278 23.6 -48.5 11.97878 24 -46.01716 8.21538 24 -51.67692
4 16 8.333 20 -51.5 8.33299 23.6 -51.5 8.21538 24 -51.67692 8.21538 20 -51.67692
2 24 16.30018 20 -39.55006 11.97877 20 -46.01718
0 // Studs Support Front
1 16 2.1923 22 -66.7115 2.19231 -1 0 0 0 -2 3.28846 0 0 rect.dat
1 16 3.00038 22 -62.50022 -1.38462 -0.447214 0 0 0 2 0.92308 -0.894427 0 rect2p.dat
4 16 1.616156 20 -61.577404 1.61576 24 -61.57714 1.5 23.6 -61.751648 1.5 20 -61.751648
4 16 0 23.6 -64 1.5 23.6 -61.751648 1.61576 24 -61.57714 0 24 -64
2 24 0 24 -64 1.61576 24 -61.57714
2 24 1.5 23.6 -61.751648 0 23.6 -64
2 24 1.616156 20 -61.577404 1.5 20 -61.751648
1 16 1.5 21.8 -59.726674 0 -1 0 0 0 -1.8 2.024974 0 0 rect.dat
2 24 1.616156 24 -61.577404 1.616156 20 -61.577404
4 16 0 24 -64 1.616156 24 -61.577404 4.38461 24 -63.42304 0 24 -70
4 16 0 23.6 -64 0 23.6 -56 1.5 23.6 -57.7017 1.5 23.6 -61.751648
3 16 8.2154 20 -51.6769 7.7016 20 -51.5 8.333 20 -51.5
4 16 7.3912 20 -53.0616 7.7016 20 -51.5 8.2154 20 -51.6769 10.9846 20 -53.523
4 16 5.6568 20 -55.6568 7.3912 20 -53.0616 10.9846 20 -53.523 4.3846 20 -63.4231
4 16 1.5 20 -61.751648 1.5 20 -57.7017 3.0616 20 -57.3912 1.61576 20 -61.57714
4 16 4.3846 20 -63.4231 1.61576 20 -61.57714 3.0616 20 -57.3912 5.6568 20 -55.6568
2 24 10.9846 20 -53.523 4.3846 20 -63.4231
2 24 1.5 20 -57.7017 3.0616 20 -57.3912
2 24 7.3912 20 -53.0616 7.7016 20 -51.5
2 24 11.97877 20 -46.01718 11.97878 24 -46.01716
2 24 11.97878 24 -46.01716 8.21538 24 -51.67692
2 24 10.3278 23.6 -48.5 10.32781 20 -48.5
2 24 10.32781 20 -48.5 11.97877 20 -46.01718
2 24 8.33299 23.6 -51.5 10.3278 23.6 -48.5
2 24 7.7017 23.6 -48.5 7.39104 23.6 -46.93853
2 24 7.39119 23.6 -53.0616 7.70169 23.6 -51.5
2 24 1.5 23.6 -57.7017 3.06147 23.6 -57.39104
0 // Interior Studs Cover Back
4 16 20 8 6 20 8 10 20 24 10 20 16 -10
4 16 20 6 6 20 8 6 20 16 -10 20 6 -10
1 16 19 5 -2 1 0 0 1 -1 0 0 0 8 rect.dat
1 16 18 6 0 0 0 -2 0 2 0 1 0 0 box2-5.dat
1 16 10 4 -8 1 0 0 0 4 0 0 0 2 box4-1.dat
4 16 18 4 1 20 6 1 20 8 1 16 8 1
3 16 18 4 1 16 8 1 16 4 1
3 16 16 8 -1 18 4 -1 16 4 -1
4 16 16 8 -1 20 8 -1 20 6 -1 18 4 -1
2 24 18 4 -1 20 6 -1
2 24 18 4 1 20 6 1
2 24 16 4 -1 18 4 -1
2 24 16 4 1 18 4 1
2 24 20 8 -1 20 6 -1
2 24 20 6 1 20 8 1
4 16 20 24 -30 20 16 -14 20 16 -10 20 24 10
4 16 20 16 -26 20 8 -14 20 16 -14 20 24 -30
3 16 20 24 -30 20 16 -30 20 16 -26
3 16 20 24 -30 16.36364 16 -30 20 16 -30
3 16 20 16 -30 16.36364 16 -30 20 16 -26
3 16 16.36364 16 -30 0 4 -30 20 16 -26
4 16 0 4 -30 14.545455 4 -14 20 8 -14 20 16 -26
2 24 14.545455 4 -14 0 4 -30
2 24 0 4 -30 16.36364 16 -30
2 24 16.36364 16 -30 20 16 -26
2 24 20 16 -26 20 8 -14
2 24 20 16 -30 16.36364 16 -30
2 24 20 16 -30 20 16 -26
2 24 20 16 -30 20 24 -30
2 24 14.545455 4 -14 20 8 -14
1 16 18 16 -20 0 0 -2 0 -1 0 1 0 0 rect.dat
4 16 16 8.4 -19 20 11.33333 -19 20 16 -19 16 16 -19
4 16 16 16 -19 16 16 -21 16 9.73333 -21 16 8.4 -19
4 16 16 16 -21 20 16 -21 20 12.66667 -21 16 9.73333 -21
2 24 20 16 -21 20 12.66667 -21
2 24 16 9.73333 -21 16 16 -21
2 24 16 16 -19 16 8.4 -19
2 24 20 16 -19 20 11.33333 -19
2 24 16 9.733333 -21 16 8.4 -19
2 24 16 9.733333 -21 20 12.666667 -21
2 24 20 11.33333 -19 16 8.4 -19
1 16 10 16 -28 1 0 0 0 -1 0 0 0 2 rect.dat
4 16 11 16 -26 11 9.4 -26 11 12.066667 -30 11 16 -30
4 16 9 7.933333 -26 11 9.4 -26 11 16 -26 9 16 -26
4 16 9 7.933333 -26 9 16 -26 9 16 -30 9 10.6 -30
2 24 9 9.4 -28.2 9 10.6 -30
2 24 11 12.066667 -30 11 10.6 -27.8
2 24 11 9.4 -26 9 7.933333 -26
2 24 9 9.4 -28.2 9 7.933333 -26
2 24 11 10.6 -27.8 11 9.4 -26
2 24 11 12.066667 -30 11 16 -30
2 24 11 16 -26 11 9.4 -26
2 24 9 7.933333 -26 9 16 -26
2 24 9 16 -30 9 10.6 -30
4 16 1 4 -28.9 1 4.73333 -30 1 16 -30 1 4 -26
3 16 1 16 -30 1 16 -26 1 4 -26
2 24 1 4.733333 -30 1 4 -28.9
2 24 1 4 -28.9 1 4 -26
2 24 1 4.733333 -30 1 16 -30
2 24 1 4 -26 1 16 -26
4 16 2.2962 12.487087 -44.4566 2.2962 17.660927 -55.5434 0 16.266667 -56 0 10.666667 -44
4 16 2.2962 12.487087 -44.4566 4.2426 14.456607 -45.7574 4.2426 18.416367 -54.2426 2.2962 17.660927 -55.5434
4 16 5.5434 18.418607 -52.2962 4.2426 18.416367 -54.2426 4.2426 14.456607 -45.7574 5.5434 16.275487 -47.7038
3 16 5.5434 16.275487 -47.7038 6 17.666667 -50 5.5434 18.418607 -52.2962
4 16 3.0616 12.16056 -42.6088 0 9.733333 -42 0 6 -34 20 20 -34
4 16 3.0616 12.16056 -42.6088 20 20 -34 16.30018 20 -39.55006 5.6568 14.786587 -44.3432
4 16 11.97877 20 -46.01718 7.3912 17.21176 -46.9384 5.6568 14.786587 -44.3432 16.30018 20 -39.55006
4 16 10.32781 20 -48.5 7.701725 18.157874 -48.5 7.3912 17.21176 -46.9384 11.97877 20 -46.01718
2 24 0 6 -34 20 20 -34
0 // Stud4
4 16 0 20 -56 0 16.266667 -56 2.2962 17.660927 -55.5434 2.2962 20 -55.5434
4 16 2.2962 20 -55.5434 2.2962 17.660927 -55.5434 4.2426 18.416367 -54.2426 4.2426 20 -54.2426
4 16 4.2426 20 -54.2426 4.2426 18.416367 -54.2426 5.5434 18.418607 -52.2962 5.5434 20 -52.2962
4 16 5.5434 20 -52.2962 5.5434 18.418607 -52.2962 6 17.666667 -50 6 20 -50
4 16 5.5434 20 -47.7038 6 20 -50 6 17.666667 -50 5.5434 16.275487 -47.7038
4 16 4.2426 20 -45.7574 5.5434 20 -47.7038 5.5434 16.275487 -47.7038 4.2426 14.456607 -45.7574
4 16 2.2962 20 -44.4566 4.2426 20 -45.7574 4.2426 14.456607 -45.7574 2.2962 12.487087 -44.4566
4 16 0 20 -44 2.2962 20 -44.4566 2.2962 12.487087 -44.4566 0 10.666667 -44
2 24 2.2962 17.660927 -55.5434 0 16.266667 -56
2 24 4.2426 18.416367 -54.2426 2.2962 17.660927 -55.5434
2 24 5.5434 18.418607 -52.2962 4.2426 18.416367 -54.2426
2 24 5.5434 18.418607 -52.2962 6 17.666667 -50
2 24 5.5434 16.275487 -47.7038 6 17.666667 -50
2 24 5.5434 16.275487 -47.7038 4.2426 14.456607 -45.7574
2 24 4.2426 14.456607 -45.7574 2.2962 12.487087 -44.4566
2 24 0 10.666667 -44 2.2962 12.487087 -44.4566
5 24 7.7017 23.6 -48.5 7.701725 18.157874 -48.5 7.39104 23.6 -46.93853 7.3912 20 -53.0616
5 24 7.39104 23.6 -46.93853 7.3912 17.21176 -46.9384 5.6568 23.6 -44.3432 7.7017 23.6 -48.5
5 24 5.6568 23.6 -44.3432 5.6568 14.786587 -44.3432 3.0616 23.6 -42.6088 7.39104 23.6 -46.93853
5 24 3.0616 23.6 -42.6088 3.0616 12.16056 -42.6088 0 23.6 -42 5.6568 23.6 -44.3432
5 24 0 23.6 -42 0 10 -42 -3.0616 20 -42.6088 3.0616 23.6 -42.6088
1 16 0 23.6 -50 3.061467 0 7.391036 0 -3.6 0 -7.3910362 0 3.061467 1-8cylo.dat
4 16 1.5 23.6 -57.7017 3.06147 23.6 -57.39104 3.061467 20 -57.391036 1.5 20 -57.7017
4 16 7.390965 20 -53.061438 7.390965 23.6 -53.061438 7.7016 23.6 -51.5 7.7016 20 -51.5
4 16 7.701725 18.157874 -48.5 7.7017 23.6 -48.5 7.39104 23.6 -46.93853 7.3912 17.21176 -46.9384
4 16 7.3912 17.21176 -46.9384 7.39104 23.6 -46.93853 5.6568 23.6 -44.3432 5.6568 14.786587 -44.3432
4 16 5.6568 14.786587 -44.3432 5.6568 23.6 -44.3432 3.0616 23.6 -42.6088 3.0616 12.16056 -42.6088
4 16 3.0616 12.16056 -42.6088 3.0616 23.6 -42.6088 0 23.6 -42 0 9.733333 -42
2 24 7.3912 17.21176 -46.9384 7.701725 18.157874 -48.5
2 24 5.6568 14.786587 -44.3432 7.3912 17.21176 -46.9384
2 24 5.6568 14.786587 -44.3432 3.0616 12.16056 -42.6088
2 24 0 9.733333 -42 3.0616 12.16056 -42.6088
2 24 7.701725 18.157874 -48.5 7.7017 23.6 -48.5
5 24 6 20 -50 6 17.666667 -50 5.5434 20 -47.7038 5.5434 20 -52.2962
5 24 5.5434 20 -47.7038 5.5434 16.275487 -47.7038 4.2426 20 -45.7574 6 20 -50
5 24 4.2426 20 -45.7574 4.2426 14.456607 -45.7574 2.2962 20 -44.4566 5.5434 20 -47.7038
5 24 2.2962 20 -44.4566 2.2962 12.487087 -44.4566 0 20 -44 4.2426 20 -45.7574
5 24 0 20 -44 0 10.666667 -44 -2.2962 20 -44.4566 2.2962 20 -44.4566
5 24 0 20 -56 0 16.266667 -56 2.2962 20 -55.5434 -2.2962 20 -55.5434
5 24 2.2962 20 -55.5434 2.2962 17.660927 -55.5434 4.2426 20 -54.2426 0 20 -56
5 24 4.2426 20 -54.2426 4.2426 18.416367 -54.2426 5.5434 20 -52.2962 2.2962 20 -55.5434
5 24 5.5434 20 -52.2962 5.5434 18.418607 -52.2962 6 20 -50 4.2426 20 -54.2426
4 16 5.5434 23.6 -47.7038 7.39104 23.6 -46.93853 7.7017 23.6 -48.5 6 23.6 -50
4 16 6 23.6 -50 7.7017 23.6 -48.5 8 23.6 -50 7.7016 23.6 -51.5
4 16 6 23.6 -50 7.7016 23.6 -51.5 7.390969821 23.6 -53.061438947 5.5434 23.6 -52.2962
4 16 0 23.6 -56 2.2962 23.6 -55.5434 3.06147 23.6 -57.39104 1.5 23.6 -57.7017
1 16 0 23.6 -50 0.765367 0 1.847759 0 -1 0 -1.847759 0 0.765367 1-8ring3.dat
0 // Top Surface
3 16 0 20 -70 4.3846 20 -63.4231 0 0 -30
3 16 0 0 -30 4.3846 20 -63.4231 10.9846 20 -53.523
3 16 0 0 -30 10.9846 20 -53.523 6.6667 0 -23.3333
3 16 6.6667 0 -23.3333 10.9846 20 -53.523 28.8171 20 -26.7745
3 16 6.6667 0 -23.3333 28.8171 20 -26.7745 13.3333 0 -16.6667
3 16 35.7692 20 -16.3462 13.3333 0 -16.6667 28.8171 20 -26.7745
3 16 13.3333 0 -16.6667 35.7692 20 -16.3462 40 20 -10
3 16 13.3333 0 -16.6667 40 20 -10 20 0 -10
1 16 30 10 0 10 0 0 10 1 0 0 0 10 rect2p.dat
2 24 0 0 -30 20 0 -10
2 24 20 0 -10 20 0 10
0 // Base
4 16 -40 24 10 -20 24 10 -24 24 6 -36 24 6
4 16 -40 24 -10 -40 24 10 -36 24 6 -36 24 -10
4 16 -32.25 24 -14 -35.7692 24 -16.3461 -40 24 -10 -36 24 -10
4 16 -24 24 -14 -32.25 24 -14 -36 24 -10 -24 24 -10
3 16 -24 24 -10 -24 24 6 -20 24 10
3 16 -24 24 -14 -24 24 -10 -20 24 10
4 16 -24 24 -14 -20 24 10 -20 24 -30 -24 24 -23.563034
4 16 -24 24 -23.563034 -20 24 -30 -20 24 -34 -28.8171 24 -26.7745
4 16 -15.767094 24 -42.228763498 -28.8171 24 -26.7745 -20 24 -34 -16.30017823 24 -39.55005729
4 16 -14.2499 24 -44.4998 -10.9846 24 -53.523 -28.8171 24 -26.7745 -15.7671 24 -42.2288
4 16 -10.9846 24 -53.523 -14.2499 24 -44.4998 -11.9788 24 -46.0172 -8.21538 24 -51.67692
3 16 -8 23.6 -50 -10.3278 23.6 -48.5 -7.7017 23.6 -48.5
4 16 -10.3278 23.6 -48.5 -8 23.6 -50 -7.7016 23.6 -51.5 -8.333 23.6 -51.5
1 16 -30 24 -8 -1 0 0 0 -1 0 0 0 2 rect3.dat
2 24 -20 24 -30 -20 24 10
2 24 -40 24 10 -20 24 10
0 // Backstud Holder
1 16 -36 22 -2 0 -1 0 0 0 2 8 0 0 rect.dat
1 16 -24 16 -2 0 1 0 0 0 8 8 0 0 rect.dat
4 16 -36 24 -10 -36 20 -10 -24 8 -10 -24 24 -10
4 16 -24 24 6 -24 8 6 -36 20 6 -36 24 6
1 16 -31 19.5 -8 0 1 0 0 0 -4.5 -2 0 0 rect3.dat
4 16 -31 24 -6 -31 15 -6 -29 13 -6 -29 24 -6
1 16 -29 18.5 -8 0 -1 0 0 0 -5.5 -2 0 0 rect3.dat
1 16 -30 14 -2 -6 0 0 6 -1 0 0 0 -8 rect2p.dat
2 24 -36 24 6 -24 24 6
2 24 -24 24 -10 -29 24 -10
2 24 -31 24 -10 -36 24 -10
2 24 -31 15 -6 -29 13 -6
1 16 -40 22 0 0 1 0 2 0 0 0 0 10 rect3.dat
0 // Backface
4 16 -20 24 10 -40 24 10 -40 20 10 -20 8 10
3 16 -20 0 10 -20 8 10 -40 20 10
2 24 -20 8 10 -20 24 10
0 // Stud Holder Middle Back
2 24 -35.7692 24 -16.3461 -32.25 24 -14
2 24 -24 24 -14 -32.25 24 -14
2 24 -24 24 -23.56303 -24 24 -14
2 24 -24 24 -23.56303 -28.8171 24 -26.7745
4 16 -35.7692 20 -16.3462 -35.7692 24 -16.3461 -32.25 24 -14 -33 20 -14.5
3 16 -32.25 18.98697 -14 -33 20 -14.5 -32.25 24 -14
4 16 -32.25 24 -14 -24 24 -14 -24 11 -14 -32.25 18.98697 -14
4 16 -24 24 -14 -24 24 -23.56303 -24 17.39654 -23.56303 -24 11 -14
3 16 -24 24 -23.56303 -26.04788 20 -24.92832 -24 17.39654 -23.56303
4 16 -28.8171 20 -26.7745 -26.04788 20 -24.92832 -24 24 -23.56303 -28.8171 24 -26.7745
2 24 -24 17.39654 -23.56303 -24 24 -23.563034
2 24 -24 24 -14 -24 11 -14
2 24 -32.25 18.98697 -14 -32.25 24 -14
2 24 -33 20 -14.5 -32.25 18.98697 -14
2 24 -32.25 18.98697 -14 -24 11 -14
2 24 -24 11 -14 -24 17.39654 -23.56303
2 24 -24 17.39654 -23.56303 -26.04788 20 -24.92832
2 24 -33 20 -14.5 -26.04788 20 -24.92832
4 16 -26.04788 20 -24.92832 -28.8171 20 -26.7745 -35.7692 20 -16.3462 -33 20 -14.5
4 16 -24 17.39654 -23.56303 -26.04788 20 -24.92832 -33 20 -14.5 -32.25 18.98697 -14
3 16 -24 17.39654 -23.56303 -32.25 18.98697 -14 -24 11 -14
2 24 -26.04788 20 -24.92832 -28.8171 20 -26.7745
2 24 -28.8171 20 -26.7745 -35.7692 20 -16.3462
2 24 -35.7692 20 -16.3462 -33 20 -14.5
1 16 -37.8846 22 -13.17305 -2.1154 0 0 0 0 -2 3.17305 1 0 rect.dat
0 // Stud Holder Middle Front
1 16 -18.15009 22 -36.77503 0 0 1.84991 2 0 0 0 -1 -2.77503 rect3.dat
0 BFC INVERTNEXT
1 16 -9.3 24 -39.55 -2.67878 0 -6.46716 0 -4 0 -6.46716 0 2.67878 3-16cylo.dat
1 16 -9.0147 21.8 -48.5 0 0 1.31311 1.8 0 0 0 -1 0 rect2a.dat
3 16 -10.32781 20 -48.5 -7.701725 18.157874 -48.5 -7.7017 23.6 -48.5
2 24 -7.701725 18.157874 -48.5 -10.32781 20 -48.5
1 16 -19.9009 22 -40.1488 0 1 -8.91624 -2 0 0 0 0 13.37427 rect3.dat
1 16 -9.6 22 -52.6 1.38462 -0.447214 0 0 0 -2 0.92308 0.894427 0 rect.dat
1 16 -8.0173 21.8 -51.5 0 0 -0.31569 -1.8 0 0 0 1 0 rect.dat
1 16 -9.3 20 -39.55 -2.67878 0 -6.46716 0 -1 0 -6.46716 0 2.67878 3-16chrd.dat
4 16 -11.97877 20 -46.01718 -10.32781 20 -48.5 -10.3278 23.6 -48.5 -11.97878 24 -46.01716
4 16 -8.33299 23.6 -51.5 -8.21538 24 -51.67692 -11.97878 24 -46.01716 -10.3278 23.6 -48.5
4 16 -8.333 20 -51.5 -8.21538 20 -51.67692 -8.21538 24 -51.67692 -8.33299 23.6 -51.5
2 24 -16.30018 20 -39.55006 -11.97877 20 -46.01718
0 // Studs Support Front
1 16 -2.1923 22 -66.7115 -2.19231 1 0 0 0 -2 3.28846 0 0 rect.dat
1 16 -3.00038 22 -62.50022 1.38462 0.447214 0 0 0 2 0.92308 -0.894427 0 rect2p.dat
4 16 -1.616156 20 -61.577404 -1.5 20 -61.751648 -1.5 23.6 -61.751648 -1.61576 24 -61.57714
4 16 0 23.6 -64 0 24 -64 -1.61576 24 -61.57714 -1.5 23.6 -61.751648
2 24 0 24 -64 -1.61576 24 -61.57714
2 24 -1.5 23.6 -61.751648 0 23.6 -64
2 24 -1.616156 20 -61.577404 -1.5 20 -61.751648
1 16 -1.5 21.8 -59.726674 0 1 0 0 0 -1.8 2.024974 0 0 rect.dat
2 24 -1.616156 24 -61.577404 -1.616156 20 -61.577404
4 16 0 24 -64 0 24 -70 -4.38461 24 -63.42304 -1.616156 24 -61.577404
4 16 0 23.6 -64 -1.5 23.6 -61.751648 -1.5 23.6 -57.7017 0 23.6 -56
3 16 -7.7016 20 -51.5 -8.2154 20 -51.6769 -8.333 20 -51.5
4 16 -7.3912 20 -53.0616 -10.9846 20 -53.523 -8.2154 20 -51.6769 -7.7016 20 -51.5
4 16 -5.6568 20 -55.6568 -4.3846 20 -63.4231 -10.9846 20 -53.523 -7.3912 20 -53.0616
4 16 -1.5 20 -61.751648 -1.61576 20 -61.57714 -3.0616 20 -57.3912 -1.5 20 -57.7017
4 16 -4.3846 20 -63.4231 -5.6568 20 -55.6568 -3.0616 20 -57.3912 -1.61576 20 -61.57714
2 24 -10.9846 20 -53.523 -4.3846 20 -63.4231
2 24 -1.5 20 -57.7017 -3.0616 20 -57.3912
2 24 -7.3912 20 -53.0616 -7.7016 20 -51.5
2 24 -11.97877 20 -46.01718 -11.97878 24 -46.01716
2 24 -11.97878 24 -46.01716 -8.21538 24 -51.67692
2 24 -10.3278 23.6 -48.5 -10.32781 20 -48.5
2 24 -10.32781 20 -48.5 -11.97877 20 -46.01718
2 24 -8.33299 23.6 -51.5 -10.3278 23.6 -48.5
2 24 -7.7017 23.6 -48.5 -7.39104 23.6 -46.93853
2 24 -7.39119 23.6 -53.0616 -7.70169 23.6 -51.5
2 24 -1.5 23.6 -57.7017 -3.06147 23.6 -57.39104
0 // Interior Studs Cover Back
4 16 -20 8 6 -20 16 -10 -20 24 10 -20 8 10
4 16 -20 6 6 -20 6 -10 -20 16 -10 -20 8 6
1 16 -19 5 -2 -1 0 0 1 -1 0 0 0 8 rect.dat
1 16 -18 6 0 0 0 2 0 2 0 1 0 0 box2-5.dat
1 16 -10 4 -8 -1 0 0 0 4 0 0 0 2 box4-1.dat
4 16 -18 4 1 -16 8 1 -20 8 1 -20 6 1
3 16 -16 8 1 -18 4 1 -16 4 1
3 16 -18 4 -1 -16 8 -1 -16 4 -1
4 16 -16 8 -1 -18 4 -1 -20 6 -1 -20 8 -1
2 24 -18 4 -1 -20 6 -1
2 24 -18 4 1 -20 6 1
2 24 -16 4 -1 -18 4 -1
2 24 -16 4 1 -18 4 1
2 24 -20 8 -1 -20 6 -1
2 24 -20 6 1 -20 8 1
4 16 -20 24 -30 -20 24 10 -20 16 -10 -20 16 -14
4 16 -20 16 -26 -20 24 -30 -20 16 -14 -20 8 -14
3 16 -20 16 -30 -20 24 -30 -20 16 -26
3 16 -16.36364 16 -30 -20 24 -30 -20 16 -30
3 16 -16.36364 16 -30 -20 16 -30 -20 16 -26
3 16 0 4 -30 -16.36364 16 -30 -20 16 -26
4 16 0 4 -30 -20 16 -26 -20 8 -14 -14.545455 4 -14
2 24 -14.545455 4 -14 0 4 -30
2 24 0 4 -30 -16.36364 16 -30
2 24 -16.36364 16 -30 -20 16 -26
2 24 -20 16 -26 -20 8 -14
2 24 -20 16 -30 -16.36364 16 -30
2 24 -20 16 -30 -20 16 -26
2 24 -20 16 -30 -20 24 -30
2 24 -14.545455 4 -14 -20 8 -14
1 16 -18 16 -20 0 0 2 0 -1 0 1 0 0 rect.dat
4 16 -16 8.4 -19 -16 16 -19 -20 16 -19 -20 11.33333 -19
4 16 -16 16 -19 -16 8.4 -19 -16 9.73333 -21 -16 16 -21
4 16 -16 16 -21 -16 9.73333 -21 -20 12.66667 -21 -20 16 -21
2 24 -20 16 -21 -20 12.66667 -21
2 24 -16 9.73333 -21 -16 16 -21
2 24 -16 16 -19 -16 8.4 -19
2 24 -20 16 -19 -20 11.33333 -19
2 24 -16 9.733333 -21 -16 8.4 -19
2 24 -16 9.733333 -21 -20 12.666667 -21
2 24 -20 11.33333 -19 -16 8.4 -19
1 16 -10 16 -28 -1 0 0 0 -1 0 0 0 2 rect.dat
4 16 -11 16 -26 -11 16 -30 -11 12.066667 -30 -11 9.4 -26
4 16 -9 7.933333 -26 -9 16 -26 -11 16 -26 -11 9.4 -26
4 16 -9 7.933333 -26 -9 10.6 -30 -9 16 -30 -9 16 -26
2 24 -9 9.4 -28.2 -9 10.6 -30
2 24 -11 12.066667 -30 -11 10.6 -27.8
2 24 -11 9.4 -26 -9 7.933333 -26
2 24 -9 9.4 -28.2 -9 7.933333 -26
2 24 -11 10.6 -27.8 -11 9.4 -26
2 24 -11 12.066667 -30 -11 16 -30
2 24 -11 16 -26 -11 9.4 -26
2 24 -9 7.933333 -26 -9 16 -26
2 24 -9 16 -30 -9 10.6 -30
4 16 -1 4 -28.9 -1 4 -26 -1 16 -30 -1 4.73333 -30
3 16 -1 16 -26 -1 16 -30 -1 4 -26
2 24 -1 4.733333 -30 -1 4 -28.9
2 24 -1 4 -28.9 -1 4 -26
2 24 -1 4.733333 -30 -1 16 -30
2 24 -1 4 -26 -1 16 -26
4 16 -2.2962 12.487087 -44.4566 0 10.666667 -44 0 16.266667 -56 -2.2962 17.660927 -55.5434
4 16 -2.2962 12.487087 -44.4566 -2.2962 17.660927 -55.5434 -4.2426 18.416367 -54.2426 -4.2426 14.456607 -45.7574
4 16 -5.5434 18.418607 -52.2962 -5.5434 16.275487 -47.7038 -4.2426 14.456607 -45.7574 -4.2426 18.416367 -54.2426
3 16 -6 17.666667 -50 -5.5434 16.275487 -47.7038 -5.5434 18.418607 -52.2962
4 16 -3.0616 12.16056 -42.6088 -20 20 -34 0 6 -34 0 9.733333 -42
4 16 -3.0616 12.16056 -42.6088 -5.6568 14.786587 -44.3432 -16.30018 20 -39.55006 -20 20 -34
4 16 -11.97877 20 -46.01718 -16.30018 20 -39.55006 -5.6568 14.786587 -44.3432 -7.3912 17.21176 -46.9384
4 16 -10.32781 20 -48.5 -11.97877 20 -46.01718 -7.3912 17.21176 -46.9384 -7.701725 18.157874 -48.5
2 24 0 6 -34 -20 20 -34
0 // Stud4
4 16 0 20 -56 -2.2962 20 -55.5434 -2.2962 17.660927 -55.5434 0 16.266667 -56
4 16 -2.2962 20 -55.5434 -4.2426 20 -54.2426 -4.2426 18.416367 -54.2426 -2.2962 17.660927 -55.5434
4 16 -4.2426 20 -54.2426 -5.5434 20 -52.2962 -5.5434 18.418607 -52.2962 -4.2426 18.416367 -54.2426
4 16 -5.5434 20 -52.2962 -6 20 -50 -6 17.666667 -50 -5.5434 18.418607 -52.2962
4 16 -5.5434 20 -47.7038 -5.5434 16.275487 -47.7038 -6 17.666667 -50 -6 20 -50
4 16 -4.2426 20 -45.7574 -4.2426 14.456607 -45.7574 -5.5434 16.275487 -47.7038 -5.5434 20 -47.7038
4 16 -2.2962 20 -44.4566 -2.2962 12.487087 -44.4566 -4.2426 14.456607 -45.7574 -4.2426 20 -45.7574
4 16 0 20 -44 0 10.666667 -44 -2.2962 12.487087 -44.4566 -2.2962 20 -44.4566
2 24 -2.2962 17.660927 -55.5434 0 16.266667 -56
2 24 -4.2426 18.416367 -54.2426 -2.2962 17.660927 -55.5434
2 24 -5.5434 18.418607 -52.2962 -4.2426 18.416367 -54.2426
2 24 -5.5434 18.418607 -52.2962 -6 17.666667 -50
2 24 -5.5434 16.275487 -47.7038 -6 17.666667 -50
2 24 -5.5434 16.275487 -47.7038 -4.2426 14.456607 -45.7574
2 24 -4.2426 14.456607 -45.7574 -2.2962 12.487087 -44.4566
2 24 0 10.666667 -44 -2.2962 12.487087 -44.4566
5 24 -7.7017 23.6 -48.5 -7.701725 18.157874 -48.5 -7.39104 23.6 -46.93853 -7.3912 20 -53.0616
5 24 -7.39104 23.6 -46.93853 -7.3912 17.21176 -46.9384 -5.6568 23.6 -44.3432 -7.7017 23.6 -48.5
5 24 -5.6568 23.6 -44.3432 -5.6568 14.786587 -44.3432 -3.0616 23.6 -42.6088 -7.39104 23.6 -46.93853
5 24 -3.0616 23.6 -42.6088 -3.0616 12.16056 -42.6088 0 23.6 -42 -5.6568 23.6 -44.3432
5 24 0 23.6 -42 0 10 -42 3.0616 20 -42.6088 -3.0616 23.6 -42.6088
1 16 0 23.6 -50 -3.061467 0 -7.391036 0 -3.6 0 -7.3910362 0 3.061467 1-8cylo.dat
4 16 -1.5 23.6 -57.7017 -1.5 20 -57.7017 -3.061467 20 -57.391036 -3.06147 23.6 -57.39104
4 16 -7.390965 20 -53.061438 -7.7016 20 -51.5 -7.7016 23.6 -51.5 -7.390965 23.6 -53.061438
4 16 -7.701725 18.157874 -48.5 -7.3912 17.21176 -46.9384 -7.39104 23.6 -46.93853 -7.7017 23.6 -48.5
4 16 -7.3912 17.21176 -46.9384 -5.6568 14.786587 -44.3432 -5.6568 23.6 -44.3432 -7.39104 23.6 -46.93853
4 16 -5.6568 14.786587 -44.3432 -3.0616 12.16056 -42.6088 -3.0616 23.6 -42.6088 -5.6568 23.6 -44.3432
4 16 -3.0616 12.16056 -42.6088 0 9.733333 -42 0 23.6 -42 -3.0616 23.6 -42.6088
2 24 -7.3912 17.21176 -46.9384 -7.701725 18.157874 -48.5
2 24 -5.6568 14.786587 -44.3432 -7.3912 17.21176 -46.9384
2 24 -5.6568 14.786587 -44.3432 -3.0616 12.16056 -42.6088
2 24 0 9.733333 -42 -3.0616 12.16056 -42.6088
2 24 -7.701725 18.157874 -48.5 -7.7017 23.6 -48.5
5 24 -6 20 -50 -6 17.666667 -50 -5.5434 20 -47.7038 -5.5434 20 -52.2962
5 24 -5.5434 20 -47.7038 -5.5434 16.275487 -47.7038 -4.2426 20 -45.7574 -6 20 -50
5 24 -4.2426 20 -45.7574 -4.2426 14.456607 -45.7574 -2.2962 20 -44.4566 -5.5434 20 -47.7038
5 24 -2.2962 20 -44.4566 -2.2962 12.487087 -44.4566 0 20 -44 -4.2426 20 -45.7574
5 24 -2.2962 20 -55.5434 -2.2962 17.660927 -55.5434 -4.2426 20 -54.2426 0 20 -56
5 24 -4.2426 20 -54.2426 -4.2426 18.416367 -54.2426 -5.5434 20 -52.2962 -2.2962 20 -55.5434
5 24 -5.5434 20 -52.2962 -5.5434 18.418607 -52.2962 -6 20 -50 -4.2426 20 -54.2426
4 16 -5.5434 23.6 -47.7038 -6 23.6 -50 -7.7017 23.6 -48.5 -7.39104 23.6 -46.93853
4 16 -6 23.6 -50 -7.7016 23.6 -51.5 -8 23.6 -50 -7.7017 23.6 -48.5
4 16 -6 23.6 -50 -5.5434 23.6 -52.2962 -7.390969821 23.6 -53.061438947 -7.7016 23.6 -51.5
4 16 0 23.6 -56 -1.5 23.6 -57.7017 -3.06147 23.6 -57.39104 -2.2962 23.6 -55.5434
1 16 0 23.6 -50 -0.765367 0 -1.847759 0 -1 0 -1.847759 0 0.765367 1-8ring3.dat
0 // Top Surface
3 16 -4.3846 20 -63.4231 0 20 -70 0 0 -30
3 16 -4.3846 20 -63.4231 0 0 -30 -10.9846 20 -53.523
3 16 -10.9846 20 -53.523 0 0 -30 -6.6667 0 -23.3333
3 16 -10.9846 20 -53.523 -6.6667 0 -23.3333 -28.8171 20 -26.7745
3 16 -28.8171 20 -26.7745 -6.6667 0 -23.3333 -13.3333 0 -16.6667
3 16 -13.3333 0 -16.6667 -35.7692 20 -16.3462 -28.8171 20 -26.7745
3 16 -35.7692 20 -16.3462 -13.3333 0 -16.6667 -40 20 -10
3 16 -40 20 -10 -13.3333 0 -16.6667 -20 0 -10
1 16 -30 10 0 -10 0 0 10 1 0 0 0 10 rect2p.dat
2 24 0 0 -30 -20 0 -10
2 24 -20 0 -10 -20 0 10
0 // Center
1 16 0 7 8 20 0 0 0 1 0 0 0 -2 box2-7.dat
1 16 0 4 10 20 0 0 0 0 -4 0 -1 0 rect2p.dat
4 16 20 0 10 -20 0 10 -20 0 -10 20 0 -10
3 16 0 0 -30 20 0 -10 -20 0 -10
4 16 -18 4 6 -20 6 6 20 6 6 18 4 6
1 16 0 4 -2 -18 0 0 0 -1 0 0 0 8 rect2p.dat
1 16 0 4 -20 -4 0 0 0 1 0 0 0 4 4-4edge.dat
1 16 0 4 0 -1 0 0 0 -1 0 0 0 1 stud3a.dat
1 16 0 4 -8 -1 0 0 0 4 0 0 0 2 box4-1.dat
4 16 20 6 -10 -20 6 -10 -18 4 -10 18 4 -10
1 16 0 11 -10 -20 0 0 0 0 5 0 -1 0 rect3.dat
1 16 0 12 -12 20 0 0 0 4 0 0 0 -2 box2-7.dat
4 16 20 8 -14 14.545455 4 -14 -14.545455 4 -14 -20 8 -14
3 16 0 4 -30 -14.545455 4 -14 14.545455 4 -14
2 24 14.545455 4 -14 -14.545455 4 -14
1 16 0 4 0 -4 0 0 0 1 0 0 0 4 4-4edge.dat
1 16 0 4 -20 -1 0 0 0 -3 0 0 0 1 stud3a.dat
1 16 0 16 -28 -1 0 0 0 -1 0 0 0 2 rect.dat
4 16 1 4 -26 1 16 -26 -1 16 -26 -1 4 -26
2 24 -1 4 -26 1 4 -26
3 16 -16.36364 16 -30 0 4 -30 16.36364 16 -30
4 16 16.36364 16 -30 20 24 -30 -20 24 -30 -16.36364 16 -30
1 16 0 24 -32 20 0 0 0 -1 0 0 0 2 rect2p.dat
3 16 20 20 -34 0 6 -34 -20 20 -34
1 16 0 22 -34 0 0 20 -2 0 0 0 1 0 rect2p.dat
1 16 0 23.6 -50 -6 0 0 0 -1 0 0 0 6 4-4edge.dat
1 16 0 23.6 -50 -7.39104 0 3.06147 0 -1 0 3.06147 0 7.39103 3-8edge.dat
0 BFC INVERTNEXT
1 16 0 23.6 -50 -6 0 0 0 -3.6 0 0 0 6 4-4cyli.dat
1 16 0 23.6 -50 -1.847759 0 0.765367 0 -1 0 0.765367 0 1.847759 3-8ring3.dat
2 24 0 23.6 -64 0 24 -64
2 24 0 20 -70 0 24 -70
2 24 0 20 -70 0 0 -30
2 24 0 6 -34 0 9.733333 -42
2 24 0 10.666667 -44 0 16.266667 -56
1 16 10 0 0 0 0 -1 0 1 0 -1 0 0 stud.dat
1 16 -10 0 0 0 0 -1 0 1 0 -1 0 0 stud.dat