0 POWER FUNCTION 2.0 MM OUTPUT GEAR (Needs Work)
0 Name: 22412.dat
0 Author: <AuthorRealName> [<AuthorLDrawName>]
0 !LDRAW_ORG Unofficial_Part
0 !LICENSE Redistributable under CCAL version 2.0 : see CAreadme.txt

0 BFC CERTIFY CCW

0 !HISTORY 2016-10-05 {LEGO Digital Designer} Original part shape
0 !HISTORY 2016-10-05 [<AuthorLDrawName>] File preparation for LDraw Parts Tracker

0 // Needs Work: Clean necessary

0 // Outside
3 16 12.175 -38.049 14.373 12.175 -34.848 17.574 -9.925 -38.049 14.374 
3 16 -9.925 -38.049 14.374 12.175 -34.848 17.574 -9.925 -34.847 17.576 
3 16 12.175 -34.848 17.574 12.175 -30.475 18.746 -9.925 -34.847 17.576 
3 16 -9.925 -34.847 17.576 12.175 -30.475 18.746 -9.925 -30.473 18.748 
3 16 12.175 -30.475 18.746 12.175 -26.102 17.574 -9.925 -30.473 18.748 
3 16 -9.925 -30.473 18.748 12.175 -26.102 17.574 -9.925 -26.099 17.576 
3 16 12.175 -26.102 17.574 12.175 -22.901 14.373 -9.925 -26.099 17.576 
3 16 -9.925 -26.099 17.576 12.175 -22.901 14.373 -9.925 -22.897 14.374 
3 16 12.175 -22.901 14.373 12.175 -21.729 10 -9.925 -22.897 14.374 
3 16 -9.925 -22.897 14.374 12.175 -21.729 10 -9.925 -21.725 10 
3 16 12.175 -21.729 10 12.175 -22.901 5.627 -9.925 -21.725 10 
3 16 -9.925 -21.725 10 12.175 -22.901 5.627 -9.925 -22.897 5.626 
3 16 12.175 -22.901 5.627 12.175 -26.102 2.426 -9.925 -22.897 5.626 
3 16 -9.925 -22.897 5.626 12.175 -26.102 2.426 -9.925 -26.099 2.424 
3 16 12.175 -26.102 2.426 12.175 -30.475 1.254 -9.925 -26.099 2.424 
3 16 -9.925 -26.099 2.424 12.175 -30.475 1.254 -9.925 -30.473 1.252 
3 16 12.175 -30.475 1.254 12.175 -34.848 2.426 -9.925 -30.473 1.252 
3 16 -9.925 -30.473 1.252 12.175 -34.848 2.426 -9.925 -34.847 2.424 
3 16 12.175 -34.848 2.426 12.175 -38.049 5.627 -9.925 -34.847 2.424 
3 16 -9.925 -34.847 2.424 12.175 -38.049 5.627 -9.925 -38.049 5.626 
3 16 12.175 -38.049 5.627 12.175 -39.221 10 -9.925 -38.049 5.626 
3 16 -9.925 -38.049 5.626 12.175 -39.221 10 -9.925 -39.221 10 
3 16 12.175 -39.221 10 12.175 -38.049 14.373 -9.925 -39.221 10 
3 16 -9.925 -39.221 10 12.175 -38.049 14.373 -9.925 -38.049 14.374 
3 16 -9.925 -26.099 2.424 -9.925 -30.473 1.252 -9.925 -28.221 3.875 
3 16 -9.925 -28.221 3.875 -9.925 -30.473 1.252 -9.925 -30.471 3.475 
3 16 -9.925 -32.721 3.875 -9.925 -34.847 2.424 -9.925 -36.596 7.75 
3 16 -9.925 -36.596 7.75 -9.925 -34.847 2.424 -9.925 -38.049 5.626 
3 16 -9.925 -30.471 3.475 -9.925 -30.473 1.252 -9.925 -32.721 3.875 
3 16 -9.925 -32.721 3.875 -9.925 -30.473 1.252 -9.925 -34.847 2.424 
3 16 -9.925 -38.049 5.626 -9.925 -39.221 10 -9.925 -36.596 7.75 
3 16 -9.925 -36.596 7.75 -9.925 -39.221 10 -9.925 -36.996 10 
3 16 -9.925 -38.049 14.374 -9.925 -36.596 12.25 -9.925 -39.221 10 
3 16 -9.925 -39.221 10 -9.925 -36.596 12.25 -9.925 -36.996 10 
3 16 -9.925 -32.721 12.25 -9.925 -36.596 12.25 -9.925 -32.721 16.125 
3 16 -9.925 -32.721 16.125 -9.925 -36.596 12.25 -9.925 -34.847 17.576 
3 16 -9.925 -34.847 17.576 -9.925 -36.596 12.25 -9.925 -38.049 14.374 
3 16 -9.925 -30.471 16.525 -9.925 -32.721 16.125 -9.925 -30.473 18.748 
3 16 -9.925 -30.473 18.748 -9.925 -32.721 16.125 -9.925 -34.847 17.576 
3 16 -9.925 -24.346 12.25 -9.925 -28.221 12.25 -9.925 -28.221 16.125 
3 16 10.075 -28.221 16.125 -9.925 -28.221 16.125 10.075 -28.221 12.25 
3 16 10.075 -28.221 12.25 -9.925 -28.221 16.125 -9.925 -28.221 12.25 
3 16 -9.925 -22.897 14.374 -9.925 -24.346 12.25 -9.925 -26.099 17.576 
3 16 -9.925 -26.099 17.576 -9.925 -24.346 12.25 -9.925 -28.221 16.125 
3 16 -9.925 -30.471 16.525 -9.925 -30.473 18.748 -9.925 -28.221 16.125 
3 16 -9.925 -28.221 16.125 -9.925 -30.473 18.748 -9.925 -26.099 17.576 
3 16 10.075 -30.471 16.525 -9.925 -30.471 16.525 10.075 -28.221 16.125 
3 16 10.075 -28.221 16.125 -9.925 -30.471 16.525 -9.925 -28.221 16.125 
3 16 10.075 -28.221 12.25 -9.925 -28.221 12.25 10.075 -24.346 12.25 
3 16 10.075 -24.346 12.25 -9.925 -28.221 12.25 -9.925 -24.346 12.25 
3 16 -9.925 -22.897 14.374 -9.925 -21.725 10 -9.925 -24.346 12.25 
3 16 -9.925 -24.346 12.25 -9.925 -21.725 10 -9.925 -23.946 10 
3 16 -9.925 -23.946 10 10.075 -23.946 10 -9.925 -24.346 12.25 
3 16 -9.925 -24.346 12.25 10.075 -23.946 10 10.075 -24.346 12.25 
3 16 -9.925 -22.897 5.626 -9.925 -24.346 7.75 -9.925 -21.725 10 
3 16 -9.925 -21.725 10 -9.925 -24.346 7.75 -9.925 -23.946 10 
3 16 -9.925 -24.346 7.75 10.075 -24.346 7.75 -9.925 -23.946 10 
3 16 -9.925 -23.946 10 10.075 -24.346 7.75 10.075 -23.946 10 
3 16 -9.925 -24.346 7.75 -9.925 -28.221 3.875 -9.925 -28.221 7.75 
3 16 -9.925 -28.221 7.75 10.075 -28.221 7.75 -9.925 -24.346 7.75 
3 16 -9.925 -24.346 7.75 10.075 -28.221 7.75 10.075 -24.346 7.75 
3 16 -9.925 -28.221 3.875 -9.925 -24.346 7.75 -9.925 -26.099 2.424 
3 16 -9.925 -26.099 2.424 -9.925 -24.346 7.75 -9.925 -22.897 5.626 
3 16 10.075 -28.221 7.75 -9.925 -28.221 7.75 10.075 -28.221 3.875 
3 16 10.075 -28.221 3.875 -9.925 -28.221 7.75 -9.925 -28.221 3.875 
3 16 10.075 -28.221 3.875 -9.925 -28.221 3.875 10.075 -30.471 3.475 
3 16 10.075 -30.471 3.475 -9.925 -28.221 3.875 -9.925 -30.471 3.475 
3 16 10.075 -30.471 3.475 -9.925 -30.471 3.475 10.075 -32.721 3.875 
3 16 10.075 -32.721 3.875 -9.925 -30.471 3.475 -9.925 -32.721 3.875 
3 16 -9.925 -36.596 7.75 -9.925 -32.721 7.75 -9.925 -32.721 3.875 
3 16 10.075 -32.721 3.875 -9.925 -32.721 3.875 10.075 -32.721 7.75 
3 16 10.075 -32.721 7.75 -9.925 -32.721 3.875 -9.925 -32.721 7.75 
3 16 10.075 -32.721 7.75 -9.925 -32.721 7.75 10.075 -36.596 7.75 
3 16 10.075 -36.596 7.75 -9.925 -32.721 7.75 -9.925 -36.596 7.75 
3 16 -9.925 -36.996 10 10.075 -36.996 10 -9.925 -36.596 7.75 
3 16 -9.925 -36.596 7.75 10.075 -36.996 10 10.075 -36.596 7.75 
3 16 -9.925 -36.596 12.25 10.075 -36.596 12.25 -9.925 -36.996 10 
3 16 -9.925 -36.996 10 10.075 -36.596 12.25 10.075 -36.996 10 
3 16 10.075 -36.596 12.25 -9.925 -36.596 12.25 10.075 -32.721 12.25 
3 16 10.075 -32.721 12.25 -9.925 -36.596 12.25 -9.925 -32.721 12.25 
3 16 10.075 -32.721 12.25 -9.925 -32.721 12.25 10.075 -32.721 16.125 
3 16 10.075 -32.721 16.125 -9.925 -32.721 12.25 -9.925 -32.721 16.125 
3 16 10.075 -32.721 16.125 -9.925 -32.721 16.125 10.075 -30.471 16.525 
3 16 10.075 -30.471 16.525 -9.925 -32.721 16.125 -9.925 -30.471 16.525 
3 16 10.075 -28.221 12.25 10.075 -32.721 12.25 10.075 -30.471 16.525 
3 16 10.075 -30.471 16.525 10.075 -32.721 12.25 10.075 -32.721 16.125 
3 16 10.075 -30.471 16.525 10.075 -28.221 16.125 10.075 -28.221 12.25 
3 16 10.075 -36.996 10 10.075 -36.596 12.25 10.075 -32.721 12.25 
3 16 10.075 -32.721 7.75 10.075 -32.721 12.25 10.075 -28.221 7.75 
3 16 10.075 -28.221 7.75 10.075 -32.721 12.25 10.075 -28.221 12.25 
3 16 10.075 -32.721 12.25 10.075 -32.721 7.75 10.075 -36.996 10 
3 16 10.075 -36.996 10 10.075 -32.721 7.75 10.075 -36.596 7.75 
3 16 10.075 -28.221 12.25 10.075 -23.946 10 10.075 -28.221 7.75 
3 16 10.075 -28.221 7.75 10.075 -23.946 10 10.075 -24.346 7.75 
3 16 10.075 -28.221 7.75 10.075 -30.471 3.475 10.075 -32.721 7.75 
3 16 10.075 -32.721 7.75 10.075 -30.471 3.475 10.075 -32.721 3.875 
3 16 10.075 -28.221 3.875 10.075 -30.471 3.475 10.075 -28.221 7.75 
3 16 10.075 -28.221 12.25 10.075 -24.346 12.25 10.075 -23.946 10 
3 16 12.175 -34.848 17.574 12.175 -38.049 14.373 12.175 -39.435 25.519 
3 16 12.175 -39.435 25.519 12.175 -38.049 14.373 12.175 -45.994 18.96 
3 16 12.175 -30.475 18.746 12.175 -34.848 17.574 12.175 -30.475 27.92 
3 16 12.175 -30.475 27.92 12.175 -34.848 17.574 12.175 -39.435 25.519 
3 16 12.175 -26.102 17.574 12.175 -30.475 18.746 12.175 -21.515 25.519 
3 16 12.175 -21.515 25.519 12.175 -30.475 18.746 12.175 -30.475 27.92 
3 16 12.175 -22.901 14.373 12.175 -26.102 17.574 12.175 -14.956 18.96 
3 16 12.175 -14.956 18.96 12.175 -26.102 17.574 12.175 -21.515 25.519 
3 16 12.175 -21.729 10 12.175 -22.901 14.373 12.175 -12.555 10 
3 16 12.175 -12.555 10 12.175 -22.901 14.373 12.175 -14.956 18.96 
3 16 12.175 -22.901 5.627 12.175 -21.729 10 12.175 -14.956 1.04 
3 16 12.175 -14.956 1.04 12.175 -21.729 10 12.175 -12.555 10 
3 16 12.175 -26.102 2.426 12.175 -22.901 5.627 12.175 -21.515 -5.519 
3 16 12.175 -21.515 -5.519 12.175 -22.901 5.627 12.175 -14.956 1.04 
3 16 12.175 -30.475 1.254 12.175 -26.102 2.426 12.175 -30.475 -7.92 
3 16 12.175 -30.475 -7.92 12.175 -26.102 2.426 12.175 -21.515 -5.519 
3 16 12.175 -34.848 2.426 12.175 -30.475 1.254 12.175 -39.435 -5.519 
3 16 12.175 -39.435 -5.519 12.175 -30.475 1.254 12.175 -30.475 -7.92 
3 16 12.175 -38.049 5.627 12.175 -34.848 2.426 12.175 -45.994 1.04 
3 16 12.175 -45.994 1.04 12.175 -34.848 2.426 12.175 -39.435 -5.519 
3 16 12.175 -39.221 10 12.175 -38.049 5.627 12.175 -48.395 10 
3 16 12.175 -48.395 10 12.175 -38.049 5.627 12.175 -45.994 1.04 
3 16 12.175 -38.049 14.373 12.175 -39.221 10 12.175 -45.994 18.96 
3 16 12.175 -45.994 18.96 12.175 -39.221 10 12.175 -48.395 10 
3 16 12.175 -39.435 25.519 12.175 -45.994 18.96 14.425 -39.435 25.519 
3 16 14.425 -39.435 25.519 12.175 -45.994 18.96 14.425 -45.994 18.96 
3 16 12.175 -30.475 27.92 12.175 -39.435 25.519 14.425 -30.475 27.92 
3 16 14.425 -30.475 27.92 12.175 -39.435 25.519 14.425 -39.435 25.519 
3 16 12.175 -21.515 25.519 12.175 -30.475 27.92 14.425 -21.515 25.519 
3 16 14.425 -21.515 25.519 12.175 -30.475 27.92 14.425 -30.475 27.92 
3 16 12.175 -14.956 18.96 12.175 -21.515 25.519 14.425 -14.956 18.96 
3 16 14.425 -14.956 18.96 12.175 -21.515 25.519 14.425 -21.515 25.519 
3 16 12.175 -12.555 10 12.175 -14.956 18.96 14.425 -12.555 10 
3 16 14.425 -12.555 10 12.175 -14.956 18.96 14.425 -14.956 18.96 
3 16 12.175 -14.956 1.04 12.175 -12.555 10 14.425 -14.956 1.04 
3 16 14.425 -14.956 1.04 12.175 -12.555 10 14.425 -12.555 10 
3 16 12.175 -21.515 -5.519 12.175 -14.956 1.04 14.425 -21.515 -5.519 
3 16 14.425 -21.515 -5.519 12.175 -14.956 1.04 14.425 -14.956 1.04 
3 16 12.175 -30.475 -7.92 12.175 -21.515 -5.519 14.425 -30.475 -7.92 
3 16 14.425 -30.475 -7.92 12.175 -21.515 -5.519 14.425 -21.515 -5.519 
3 16 12.175 -39.435 -5.519 12.175 -30.475 -7.92 14.425 -39.435 -5.519 
3 16 14.425 -39.435 -5.519 12.175 -30.475 -7.92 14.425 -30.475 -7.92 
3 16 12.175 -45.994 1.04 12.175 -39.435 -5.519 14.425 -45.994 1.04 
3 16 14.425 -45.994 1.04 12.175 -39.435 -5.519 14.425 -39.435 -5.519 
3 16 12.175 -48.395 10 12.175 -45.994 1.04 14.425 -48.395 10 
3 16 14.425 -48.395 10 12.175 -45.994 1.04 14.425 -45.994 1.04 
3 16 12.175 -45.994 18.96 12.175 -48.395 10 14.425 -45.994 18.96 
3 16 14.425 -45.994 18.96 12.175 -48.395 10 14.425 -48.395 10 
3 16 14.425 -14.956 1.04 14.425 -48.395 10 14.425 -21.515 -5.519 
3 16 14.425 -39.435 25.519 14.425 -45.994 18.96 14.425 -48.395 10 
3 16 14.425 -48.395 10 14.425 -45.994 1.04 14.425 -39.435 -5.519 
3 16 14.425 -48.395 10 14.425 -39.435 -5.519 14.425 -30.475 -7.92 
3 16 14.425 -48.395 10 14.425 -30.475 -7.92 14.425 -21.515 -5.519 
3 16 14.425 -12.555 10 14.425 -48.395 10 14.425 -14.956 1.04 
3 16 14.425 -14.956 18.96 14.425 -48.395 10 14.425 -12.555 10 
3 16 14.425 -21.515 25.519 14.425 -48.395 10 14.425 -14.956 18.96 
3 16 14.425 -30.475 27.92 14.425 -48.395 10 14.425 -21.515 25.519 
3 16 14.425 -39.435 25.519 14.425 -48.395 10 14.425 -30.475 27.92 
2 24 12.175 -38.049 14.373 12.175 -34.848 17.574 
2 24 -9.925 -34.847 17.576 -9.925 -38.049 14.374 
2 24 12.175 -34.848 17.574 12.175 -30.475 18.746 
2 24 -9.925 -30.473 18.748 -9.925 -34.847 17.576 
2 24 12.175 -30.475 18.746 12.175 -26.102 17.574 
2 24 -9.925 -26.099 17.576 -9.925 -30.473 18.748 
2 24 12.175 -26.102 17.574 12.175 -22.901 14.373 
2 24 -9.925 -22.897 14.374 -9.925 -26.099 17.576 
2 24 12.175 -22.901 14.373 12.175 -21.729 10 
2 24 -9.925 -21.725 10 -9.925 -22.897 14.374 
2 24 12.175 -21.729 10 12.175 -22.901 5.627 
2 24 -9.925 -22.897 5.626 -9.925 -21.725 10 
2 24 12.175 -22.901 5.627 12.175 -26.102 2.426 
2 24 -9.925 -26.099 2.424 -9.925 -22.897 5.626 
2 24 12.175 -26.102 2.426 12.175 -30.475 1.254 
2 24 -9.925 -30.473 1.252 -9.925 -26.099 2.424 
2 24 12.175 -30.475 1.254 12.175 -34.848 2.426 
2 24 -9.925 -34.847 2.424 -9.925 -30.473 1.252 
2 24 12.175 -34.848 2.426 12.175 -38.049 5.627 
2 24 -9.925 -38.049 5.626 -9.925 -34.847 2.424 
2 24 12.175 -38.049 5.627 12.175 -39.221 10 
2 24 -9.925 -39.221 10 -9.925 -38.049 5.626 
2 24 12.175 -39.221 10 12.175 -38.049 14.373 
2 24 -9.925 -38.049 14.374 -9.925 -39.221 10 
2 24 -9.925 -30.471 3.475 -9.925 -28.221 3.875 
2 24 -9.925 -32.721 3.875 -9.925 -30.471 3.475 
2 24 -9.925 -36.996 10 -9.925 -36.596 7.75 
2 24 -9.925 -36.596 12.25 -9.925 -36.996 10 
2 24 -9.925 -32.721 12.25 -9.925 -36.596 12.25 
2 24 -9.925 -32.721 16.125 -9.925 -32.721 12.25 
2 24 -9.925 -30.471 16.525 -9.925 -32.721 16.125 
2 24 -9.925 -24.346 12.25 -9.925 -28.221 12.25 
2 24 -9.925 -28.221 12.25 -9.925 -28.221 16.125 
2 24 10.075 -28.221 16.125 -9.925 -28.221 16.125 
2 24 10.075 -28.221 12.25 10.075 -28.221 16.125 
2 24 -9.925 -28.221 12.25 10.075 -28.221 12.25 
2 24 -9.925 -28.221 16.125 -9.925 -30.471 16.525 
2 24 10.075 -28.221 16.125 10.075 -30.471 16.525 
2 24 10.075 -24.346 12.25 10.075 -28.221 12.25 
2 24 -9.925 -24.346 12.25 10.075 -24.346 12.25 
2 24 -9.925 -23.946 10 -9.925 -24.346 12.25 
2 24 10.075 -23.946 10 10.075 -24.346 12.25 
2 24 -9.925 -24.346 7.75 -9.925 -23.946 10 
2 24 -9.925 -24.346 7.75 10.075 -24.346 7.75 
2 24 10.075 -24.346 7.75 10.075 -23.946 10 
2 24 -9.925 -28.221 3.875 -9.925 -28.221 7.75 
2 24 -9.925 -28.221 7.75 -9.925 -24.346 7.75 
2 24 -9.925 -28.221 7.75 10.075 -28.221 7.75 
2 24 10.075 -28.221 7.75 10.075 -24.346 7.75 
2 24 10.075 -28.221 3.875 10.075 -28.221 7.75 
2 24 -9.925 -28.221 3.875 10.075 -28.221 3.875 
2 24 10.075 -30.471 3.475 10.075 -28.221 3.875 
2 24 10.075 -32.721 3.875 10.075 -30.471 3.475 
2 24 -9.925 -32.721 3.875 10.075 -32.721 3.875 
2 24 -9.925 -36.596 7.75 -9.925 -32.721 7.75 
2 24 -9.925 -32.721 7.75 -9.925 -32.721 3.875 
2 24 10.075 -32.721 7.75 10.075 -32.721 3.875 
2 24 -9.925 -32.721 7.75 10.075 -32.721 7.75 
2 24 10.075 -36.596 7.75 10.075 -32.721 7.75 
2 24 -9.925 -36.596 7.75 10.075 -36.596 7.75 
2 24 10.075 -36.996 10 10.075 -36.596 7.75 
2 24 -9.925 -36.596 12.25 10.075 -36.596 12.25 
2 24 10.075 -36.596 12.25 10.075 -36.996 10 
2 24 10.075 -32.721 12.25 10.075 -36.596 12.25 
2 24 -9.925 -32.721 12.25 10.075 -32.721 12.25 
2 24 10.075 -32.721 16.125 10.075 -32.721 12.25 
2 24 -9.925 -32.721 16.125 10.075 -32.721 16.125 
2 24 10.075 -30.471 16.525 10.075 -32.721 16.125 
2 24 12.175 -45.994 18.96 12.175 -39.435 25.519 
2 24 12.175 -39.435 25.519 12.175 -30.475 27.92 
2 24 12.175 -30.475 27.92 12.175 -21.515 25.519 
2 24 12.175 -21.515 25.519 12.175 -14.956 18.96 
2 24 12.175 -14.956 18.96 12.175 -12.555 10 
2 24 12.175 -12.555 10 12.175 -14.956 1.04 
2 24 12.175 -14.956 1.04 12.175 -21.515 -5.519 
2 24 12.175 -21.515 -5.519 12.175 -30.475 -7.92 
2 24 12.175 -30.475 -7.92 12.175 -39.435 -5.519 
2 24 12.175 -39.435 -5.519 12.175 -45.994 1.04 
2 24 12.175 -45.994 1.04 12.175 -48.395 10 
2 24 12.175 -48.395 10 12.175 -45.994 18.96 
2 24 14.425 -45.994 18.96 14.425 -39.435 25.519 
2 24 14.425 -39.435 25.519 14.425 -30.475 27.92 
2 24 14.425 -30.475 27.92 14.425 -21.515 25.519 
2 24 14.425 -21.515 25.519 14.425 -14.956 18.96 
2 24 14.425 -14.956 18.96 14.425 -12.555 10 
2 24 14.425 -12.555 10 14.425 -14.956 1.04 
2 24 14.425 -14.956 1.04 14.425 -21.515 -5.519 
2 24 14.425 -21.515 -5.519 14.425 -30.475 -7.92 
2 24 14.425 -30.475 -7.92 14.425 -39.435 -5.519 
2 24 14.425 -39.435 -5.519 14.425 -45.994 1.04 
2 24 14.425 -45.994 1.04 14.425 -48.395 10 
2 24 14.425 -48.395 10 14.425 -45.994 18.96 

