0 TEAPOT (Needs Work)
0 Name: 23986.dat
0 Author: <AuthorRealName> [<AuthorLDrawName>]
0 !LDRAW_ORG Unofficial_Part
0 !LICENSE Redistributable under CCAL version 2.0 : see CAreadme.txt

0 BFC CERTIFY CCW

0 !HISTORY 2016-03-18 {LEGO Digital Designer} Original part shape
0 !HISTORY 2016-03-18 [<AuthorLDrawName>] File preparation for LDraw Parts Tracker

0 // Needs Work: Clean necessary

0 // Outside
3 16 -7.145 -5.25 -4.125 -11.736 -7.88 -2.581 -8.25 -5.25 0 
3 16 -8.25 -5.25 0 -11.736 -7.88 -2.581 -11.409 -7.25 0 
3 16 -10.456 -8.111 -6.336 -11.736 -7.88 -2.581 -7.145 -5.25 -4.125 
3 16 -6.082 -8.105 -10.943 -10.456 -8.111 -6.336 -4.125 -5.25 -7.145 
3 16 -10.456 -8.111 -6.336 -7.145 -5.25 -4.125 -4.125 -5.25 -7.145 
3 16 -0.045 -8.075 -12.762 -6.082 -8.105 -10.943 0 -5.25 -8.25 
3 16 -6.082 -8.105 -10.943 -4.125 -5.25 -7.145 0 -5.25 -8.25 
3 16 0 -5.25 -8.25 4.125 -5.25 -7.145 -0.045 -8.075 -12.762 
3 16 4.125 -5.25 -7.145 6.071 -8.13 -10.978 -0.045 -8.075 -12.762 
3 16 4.125 -5.25 -7.145 7.145 -5.25 -4.125 6.071 -8.13 -10.978 
3 16 7.145 -5.25 -4.125 10.456 -8.111 -6.336 6.071 -8.13 -10.978 
3 16 12.158 -8.05 0 10.456 -8.111 -6.336 8.25 -5.25 0 
3 16 10.456 -8.111 -6.336 7.145 -5.25 -4.125 8.25 -5.25 0 
3 16 7.544 -23.97 -4.367 4.355 -23.97 -7.563 11.421 -18.034 -6.761 
3 16 4.355 -23.97 -7.563 6.568 -18.039 -11.833 11.421 -18.034 -6.761 
3 16 4.355 -23.97 -7.563 0 -23.97 -8.734 6.568 -18.039 -11.833 
3 16 0 -23.97 -8.734 -0.025 -18.125 -13.732 6.568 -18.039 -11.833 
3 16 0 -23.97 -8.734 -4.355 -23.97 -7.563 -0.025 -18.125 -13.732 
3 16 -4.355 -23.97 -7.563 -6.613 -18.047 -11.798 -0.025 -18.125 -13.732 
3 16 -11.387 -18.063 -6.787 -6.613 -18.047 -11.798 -7.544 -23.97 -4.367 
3 16 -6.613 -18.047 -11.798 -4.355 -23.97 -7.563 -7.544 -23.97 -4.367 
3 16 -8.711 -23.97 0 -10.85 -21.527 0 -7.544 -23.97 -4.367 
3 16 -10.85 -21.527 0 -10.925 -21.015 -1.882 -7.544 -23.97 -4.367 
3 16 -10.925 -21.015 -1.882 -11.427 -20.208 -2.667 -7.544 -23.97 -4.367 
3 16 -7.544 -23.97 -4.367 -11.427 -20.208 -2.667 -11.387 -18.063 -6.787 
3 16 -13.094 -18.113 -1.875 -11.387 -18.063 -6.787 -12.369 -19.264 -1.875 
3 16 -12.369 -19.264 -1.875 -11.387 -18.063 -6.787 -11.427 -20.208 -2.667 
3 16 -7.128 -12.979 -13.136 -12.295 -12.891 -7.588 -6.082 -8.105 -10.943 
3 16 -12.295 -12.891 -7.588 -10.456 -8.111 -6.336 -6.082 -8.105 -10.943 
3 16 -0.135 -13.08 -15.358 -7.128 -12.979 -13.136 -0.045 -8.075 -12.762 
3 16 -7.128 -12.979 -13.136 -6.082 -8.105 -10.943 -0.045 -8.075 -12.762 
3 16 -0.045 -8.075 -12.762 6.071 -8.13 -10.978 -0.135 -13.08 -15.358 
3 16 6.071 -8.13 -10.978 7.093 -13.063 -13.172 -0.135 -13.08 -15.358 
3 16 6.071 -8.13 -10.978 10.456 -8.111 -6.336 7.093 -13.063 -13.172 
3 16 10.456 -8.111 -6.336 12.193 -12.322 -7.573 7.093 -13.063 -13.172 
3 16 11.421 -18.034 -6.761 6.568 -18.039 -11.833 12.193 -12.322 -7.573 
3 16 6.568 -18.039 -11.833 7.093 -13.063 -13.172 12.193 -12.322 -7.573 
3 16 6.568 -18.039 -11.833 -0.025 -18.125 -13.732 7.093 -13.063 -13.172 
3 16 -0.025 -18.125 -13.732 -0.135 -13.08 -15.358 7.093 -13.063 -13.172 
3 16 -7.128 -12.979 -13.136 -0.135 -13.08 -15.358 -6.613 -18.047 -11.798 
3 16 -0.135 -13.08 -15.358 -0.025 -18.125 -13.732 -6.613 -18.047 -11.798 
3 16 -12.295 -12.891 -7.588 -7.128 -12.979 -13.136 -11.387 -18.063 -6.787 
3 16 -7.128 -12.979 -13.136 -6.613 -18.047 -11.798 -11.387 -18.063 -6.787 
3 16 -11.387 -18.063 -6.787 -13.094 -18.113 -1.875 -12.295 -12.891 -7.588 
3 16 -13.094 -18.113 -1.875 -14.208 -12.736 -1.89 -12.295 -12.891 -7.588 
3 16 12.158 -8.05 0 12.475 -8.928 -3.06 10.456 -8.111 -6.336 
3 16 12.193 -12.322 -7.573 10.456 -8.111 -6.336 13.036 -11.127 -4.962 
3 16 12.475 -8.928 -3.06 13.036 -11.127 -4.962 10.456 -8.111 -6.336 
3 16 0 -23.97 0 -8.711 -23.97 0 -7.544 -23.97 -4.367 
3 16 0 -23.97 0 -7.544 -23.97 -4.367 -4.355 -23.97 -7.563 
3 16 0 -23.97 0 -4.355 -23.97 -7.563 0 -23.97 -8.734 
3 16 0 -23.97 0 0 -23.97 -8.734 4.355 -23.97 -7.563 
3 16 7.544 -23.97 -4.367 0 -23.97 0 4.355 -23.97 -7.563 
3 16 8.711 -23.97 0 0 -23.97 0 7.544 -23.97 -4.367 
3 16 18 -18.558 0 18.268 -18.558 -1 18 -13.349 0 
3 16 18.268 -18.558 -1 18.268 -13.349 -1 18 -13.349 0 
3 16 18.268 -18.558 -1 19 -18.558 -1.732 18.268 -13.349 -1 
3 16 19 -18.558 -1.732 19 -13.349 -1.732 18.268 -13.349 -1 
3 16 19 -18.558 -1.732 20 -18.558 -2 19 -13.349 -1.732 
3 16 20 -18.558 -2 20 -13.349 -2 19 -13.349 -1.732 
3 16 20 -18.558 -2 21 -18.558 -1.732 20 -13.349 -2 
3 16 21 -18.558 -1.732 21 -13.349 -1.732 20 -13.349 -2 
3 16 21 -18.558 -1.732 21.732 -18.558 -1 21 -13.349 -1.732 
3 16 21.732 -18.558 -1 21.732 -13.349 -1 21 -13.349 -1.732 
3 16 21.732 -18.558 -1 22 -18.558 0 21.732 -13.349 -1 
3 16 22 -18.558 0 22 -13.349 0 21.732 -13.349 -1 
3 16 13.475 -15.757 -4.485 13.036 -11.127 -4.962 14.474 -15.921 -4.265 
3 16 13.036 -11.127 -4.962 15.688 -11.183 -4.547 14.474 -15.921 -4.265 
3 16 15.889 -9.073 -2.822 15.688 -11.183 -4.547 12.475 -8.928 -3.06 
3 16 15.688 -11.183 -4.547 13.036 -11.127 -4.962 12.475 -8.928 -3.06 
3 16 16.069 -8.268 0 15.889 -9.073 -2.822 12.158 -8.05 0 
3 16 15.889 -9.073 -2.822 12.475 -8.928 -3.06 12.158 -8.05 0 
3 16 22.208 -11.429 0 21.257 -12.161 -2.696 16.069 -8.268 0 
3 16 21.257 -12.161 -2.696 15.889 -9.073 -2.822 16.069 -8.268 0 
3 16 21.257 -12.161 -2.696 19.766 -13.575 -3.968 15.889 -9.073 -2.822 
3 16 19.766 -13.575 -3.968 15.688 -11.183 -4.547 15.889 -9.073 -2.822 
3 16 14.474 -15.921 -4.265 15.688 -11.183 -4.547 16.235 -16.581 -3.687 
3 16 15.688 -11.183 -4.547 19.766 -13.575 -3.968 16.235 -16.581 -3.687 
3 16 14.753 -18.259 0 13.178 -18.276 0 16.235 -16.581 -3.687 
3 16 16.235 -16.581 -3.687 13.178 -18.276 0 14.474 -15.921 -4.265 
3 16 13.178 -18.276 0 13.475 -15.757 -4.485 14.474 -15.921 -4.265 
3 16 23.83 -17.709 0 23.357 -17.793 -1.774 22.208 -11.429 0 
3 16 23.357 -17.793 -1.774 21.257 -12.161 -2.696 22.208 -11.429 0 
3 16 23.357 -17.793 -1.774 21.993 -17.908 -3.124 21.257 -12.161 -2.696 
3 16 21.993 -17.908 -3.124 19.766 -13.575 -3.968 21.257 -12.161 -2.696 
3 16 21.993 -17.908 -3.124 18.324 -18.227 -2.928 19.766 -13.575 -3.968 
3 16 18.324 -18.227 -2.928 16.235 -16.581 -3.687 19.766 -13.575 -3.968 
3 16 14.753 -18.259 0 16.235 -16.581 -3.687 16.667 -18.545 0 
3 16 16.235 -16.581 -3.687 18.324 -18.227 -2.928 16.667 -18.545 0 
3 16 -24 -20.428 0 -22.828 -20.428 -2.828 -22.959 -22.442 0 
3 16 -22.828 -20.428 -2.828 -21.902 -22.137 -2.611 -22.959 -22.442 0 
3 16 -19.469 -21.484 -3.788 -21.902 -22.137 -2.611 -20 -20.428 -4 
3 16 -21.902 -22.137 -2.611 -22.828 -20.428 -2.828 -20 -20.428 -4 
3 16 -20.189 -22.93 -2.311 -17.646 -23.253 -2.017 -21.017 -23.474 0 
3 16 -17.646 -23.253 -2.017 -17.701 -23.737 0 -21.017 -23.474 0 
3 16 -21.902 -22.137 -2.611 -20.189 -22.93 -2.311 -22.959 -22.442 0 
3 16 -20.189 -22.93 -2.311 -21.017 -23.474 0 -22.959 -22.442 0 
3 16 -17.646 -23.253 -2.017 -20.189 -22.93 -2.311 -17.065 -22.284 -2.962 
3 16 -20.189 -22.93 -2.311 -19.469 -21.484 -3.788 -17.065 -22.284 -2.962 
3 16 -20.189 -22.93 -2.311 -21.902 -22.137 -2.611 -19.469 -21.484 -3.788 
3 16 -16.448 -20.393 -1.886 -13.925 -20.452 -1.875 -17.065 -22.284 -2.962 
3 16 -13.925 -20.452 -1.875 -14.03 -21.954 -2.84 -17.065 -22.284 -2.962 
3 16 -19.469 -21.484 -3.788 -20 -20.428 -4 -16.448 -20.393 -1.886 
3 16 -16.448 -20.393 -1.886 -17.065 -22.284 -2.962 -19.469 -21.484 -3.788 
3 16 -17.646 -23.253 -2.017 -14.139 -22.98 -2.039 -17.701 -23.737 0 
3 16 -14.139 -22.98 -2.039 -14.119 -23.417 0 -17.701 -23.737 0 
3 16 -14.119 -23.417 0 -14.139 -22.98 -2.039 -10.85 -21.527 0 
3 16 -14.139 -22.98 -2.039 -10.925 -21.015 -1.882 -10.85 -21.527 0 
3 16 -17.065 -22.284 -2.962 -14.03 -21.954 -2.84 -17.646 -23.253 -2.017 
3 16 -14.03 -21.954 -2.84 -14.139 -22.98 -2.039 -17.646 -23.253 -2.017 
3 16 -14.139 -22.98 -2.039 -14.03 -21.954 -2.84 -10.925 -21.015 -1.882 
3 16 -14.03 -21.954 -2.84 -11.427 -20.208 -2.667 -10.925 -21.015 -1.882 
3 16 -14.03 -21.954 -2.84 -13.925 -20.452 -1.875 -11.427 -20.208 -2.667 
3 16 -13.925 -20.452 -1.875 -12.369 -19.264 -1.875 -11.427 -20.208 -2.667 
3 16 -21.807 -7.827 0 -17.867 -7.217 0 -21.017 -8.278 -2.302 
3 16 -17.867 -7.217 0 -17.52 -7.558 -1.982 -21.017 -8.278 -2.302 
3 16 -21.807 -7.827 0 -21.017 -8.278 -2.302 -24 -10.565 0 
3 16 -21.017 -8.278 -2.302 -22.828 -10.565 -2.828 -24 -10.565 0 
3 16 -20 -10.565 -4 -22.828 -10.565 -2.828 -19.556 -9.01 -3.49 
3 16 -22.828 -10.565 -2.828 -21.017 -8.278 -2.302 -19.556 -9.01 -3.49 
3 16 -21.017 -8.278 -2.302 -17.52 -7.558 -1.982 -19.556 -9.01 -3.49 
3 16 -17.52 -7.558 -1.982 -16.77 -8.468 -3.083 -19.556 -9.01 -3.49 
3 16 -15.575 -10.604 -1.875 -15.563 -9.507 -3.097 -13.853 -11.266 -1.875 
3 16 -15.563 -9.507 -3.097 -13.133 -10.087 -3.119 -13.853 -11.266 -1.875 
3 16 -15.127 -6.586 -2.358 -17.52 -7.558 -1.982 -15.164 -5.586 0 
3 16 -17.52 -7.558 -1.982 -17.867 -7.217 0 -15.164 -5.586 0 
3 16 -16.77 -8.468 -3.083 -17.52 -7.558 -1.982 -15.127 -6.586 -2.358 
3 16 -12.975 -6.126 0 -11.409 -7.25 0 -13.371 -7.03 -2.612 
3 16 -11.409 -7.25 0 -11.736 -7.88 -2.581 -13.371 -7.03 -2.612 
3 16 -11.736 -7.88 -2.581 -13.133 -10.087 -3.119 -13.371 -7.03 -2.612 
3 16 -13.133 -10.087 -3.119 -15.563 -9.507 -3.097 -13.371 -7.03 -2.612 
3 16 -13.371 -7.03 -2.612 -15.127 -6.586 -2.358 -12.975 -6.126 0 
3 16 -15.127 -6.586 -2.358 -15.164 -5.586 0 -12.975 -6.126 0 
3 16 -13.371 -7.03 -2.612 -15.563 -9.507 -3.097 -15.127 -6.586 -2.358 
3 16 -15.563 -9.507 -3.097 -16.77 -8.468 -3.083 -15.127 -6.586 -2.358 
3 16 -15.575 -10.604 -1.875 -16.434 -10.57 -1.875 -15.563 -9.507 -3.097 
3 16 -16.434 -10.57 -1.875 -20 -10.565 -4 -15.563 -9.507 -3.097 
3 16 -15.563 -9.507 -3.097 -20 -10.565 -4 -16.77 -8.468 -3.083 
3 16 -20 -10.565 -4 -19.556 -9.01 -3.49 -16.77 -8.468 -3.083 
3 16 -11.736 -7.88 -2.581 -10.456 -8.111 -6.336 -13.133 -10.087 -3.119 
3 16 -10.456 -8.111 -6.336 -12.295 -12.891 -7.588 -13.133 -10.087 -3.119 
3 16 -13.853 -11.266 -1.875 -13.133 -10.087 -3.119 -14.208 -12.736 -1.89 
3 16 -12.295 -12.891 -7.588 -14.208 -12.736 -1.89 -13.133 -10.087 -3.119 
3 16 -12.369 -19.264 -1.875 -13.925 -20.452 -1.875 -13.094 -18.113 -1.875 
3 16 -15.575 -10.604 -1.875 -14.208 -12.736 -1.89 -13.925 -20.452 -1.875 
3 16 -13.925 -20.452 -1.875 -14.208 -12.736 -1.89 -13.094 -18.113 -1.875 
3 16 -15.575 -10.604 -1.875 -13.853 -11.266 -1.875 -14.208 -12.736 -1.89 
3 16 -16.448 -20.393 -1.886 -15.575 -10.604 -1.875 -13.925 -20.452 -1.875 
3 16 -15.575 -10.604 -1.875 -16.448 -20.393 -1.886 -16.434 -10.57 -1.875 
3 16 -20 -10.565 -4 -16.434 -10.57 -1.875 -20 -20.428 -4 
3 16 -16.434 -10.57 -1.875 -16.448 -20.393 -1.886 -20 -20.428 -4 
3 16 -22.828 -10.565 -2.828 -20 -10.565 -4 -22.828 -20.428 -2.828 
3 16 -20 -10.565 -4 -20 -20.428 -4 -22.828 -20.428 -2.828 
3 16 -24 -10.565 0 -22.828 -10.565 -2.828 -24 -20.428 0 
3 16 -22.828 -10.565 -2.828 -22.828 -20.428 -2.828 -24 -20.428 0 
3 16 21.732 -18.558 -1 23.357 -17.793 -1.774 22 -18.558 0 
3 16 23.357 -17.793 -1.774 23.83 -17.709 0 22 -18.558 0 
3 16 21 -18.558 -1.732 21.993 -17.908 -3.124 21.732 -18.558 -1 
3 16 21.993 -17.908 -3.124 23.357 -17.793 -1.774 21.732 -18.558 -1 
3 16 19 -18.558 -1.732 18.324 -18.227 -2.928 20 -18.558 -2 
3 16 21 -18.558 -1.732 20 -18.558 -2 21.993 -17.908 -3.124 
3 16 18.324 -18.227 -2.928 21.993 -17.908 -3.124 20 -18.558 -2 
3 16 19 -18.558 -1.732 18.268 -18.558 -1 18.324 -18.227 -2.928 
3 16 18.268 -18.558 -1 16.667 -18.545 0 18.324 -18.227 -2.928 
3 16 16.667 -18.545 0 18.268 -18.558 -1 18 -18.558 0 
3 16 8.711 -23.97 0 7.544 -23.97 -4.367 13.178 -18.276 0 
3 16 7.544 -23.97 -4.367 11.421 -18.034 -6.761 13.178 -18.276 0 
3 16 13.036 -11.127 -4.962 13.475 -15.757 -4.485 12.193 -12.322 -7.573 
3 16 13.475 -15.757 -4.485 11.421 -18.034 -6.761 12.193 -12.322 -7.573 
3 16 18 -13.349 0 18.268 -13.349 -1 20 -13.349 0 
3 16 11.421 -18.034 -6.761 13.475 -15.757 -4.485 13.178 -18.276 0 
3 16 21 -13.349 -1.732 20 -13.349 0 20 -13.349 -2 
3 16 20 -13.349 0 19 -13.349 -1.732 20 -13.349 -2 
3 16 20 -13.349 0 18.268 -13.349 -1 19 -13.349 -1.732 
3 16 21.732 -13.349 -1 22 -13.349 0 20 -13.349 0 
3 16 21 -13.349 -1.732 21.732 -13.349 -1 20 -13.349 0 
3 16 -7.145 -5.25 4.125 -8.25 -5.25 0 -11.736 -7.88 2.581 
3 16 -8.25 -5.25 0 -11.409 -7.25 0 -11.736 -7.88 2.581 
3 16 -10.456 -8.111 6.336 -7.145 -5.25 4.125 -11.736 -7.88 2.581 
3 16 -6.082 -8.105 10.943 -4.125 -5.25 7.145 -10.456 -8.111 6.336 
3 16 -10.456 -8.111 6.336 -4.125 -5.25 7.145 -7.145 -5.25 4.125 
3 16 -0.045 -8.075 12.762 0 -5.25 8.25 -6.082 -8.105 10.943 
3 16 -6.082 -8.105 10.943 0 -5.25 8.25 -4.125 -5.25 7.145 
3 16 0 -5.25 8.25 -0.045 -8.075 12.762 4.125 -5.25 7.145 
3 16 4.125 -5.25 7.145 -0.045 -8.075 12.762 6.071 -8.13 10.978 
3 16 4.125 -5.25 7.145 6.071 -8.13 10.978 7.145 -5.25 4.125 
3 16 7.145 -5.25 4.125 6.071 -8.13 10.978 10.456 -8.111 6.336 
3 16 12.158 -8.05 0 8.25 -5.25 0 10.456 -8.111 6.336 
3 16 10.456 -8.111 6.336 8.25 -5.25 0 7.145 -5.25 4.125 
3 16 7.544 -23.97 4.367 11.421 -18.034 6.761 4.355 -23.97 7.563 
3 16 4.355 -23.97 7.563 11.421 -18.034 6.761 6.568 -18.039 11.833 
3 16 4.355 -23.97 7.563 6.568 -18.039 11.833 0 -23.97 8.734 
3 16 0 -23.97 8.734 6.568 -18.039 11.833 -0.025 -18.125 13.732 
3 16 0 -23.97 8.734 -0.025 -18.125 13.732 -4.355 -23.97 7.563 
3 16 -4.355 -23.97 7.563 -0.025 -18.125 13.732 -6.613 -18.047 11.798 
3 16 -11.387 -18.063 6.787 -7.544 -23.97 4.367 -6.613 -18.047 11.798 
3 16 -6.613 -18.047 11.798 -7.544 -23.97 4.367 -4.355 -23.97 7.563 
3 16 -8.711 -23.97 0 -7.544 -23.97 4.367 -10.85 -21.527 0 
3 16 -10.85 -21.527 0 -7.544 -23.97 4.367 -10.925 -21.015 1.882 
3 16 -10.925 -21.015 1.882 -7.544 -23.97 4.367 -11.427 -20.208 2.667 
3 16 -7.544 -23.97 4.367 -11.387 -18.063 6.787 -11.427 -20.208 2.667 
3 16 -13.094 -18.113 1.875 -12.369 -19.264 1.875 -11.387 -18.063 6.787 
3 16 -12.369 -19.264 1.875 -11.427 -20.208 2.667 -11.387 -18.063 6.787 
3 16 -7.128 -12.979 13.136 -6.082 -8.105 10.943 -12.295 -12.891 7.588 
3 16 -12.295 -12.891 7.588 -6.082 -8.105 10.943 -10.456 -8.111 6.336 
3 16 -0.135 -13.08 15.358 -0.045 -8.075 12.762 -7.128 -12.979 13.136 
3 16 -7.128 -12.979 13.136 -0.045 -8.075 12.762 -6.082 -8.105 10.943 
3 16 -0.045 -8.075 12.762 -0.135 -13.08 15.358 6.071 -8.13 10.978 
3 16 6.071 -8.13 10.978 -0.135 -13.08 15.358 7.093 -13.063 13.172 
3 16 6.071 -8.13 10.978 7.093 -13.063 13.172 10.456 -8.111 6.336 
3 16 10.456 -8.111 6.336 7.093 -13.063 13.172 12.193 -12.322 7.573 
3 16 11.421 -18.034 6.761 12.193 -12.322 7.573 6.568 -18.039 11.833 
3 16 6.568 -18.039 11.833 12.193 -12.322 7.573 7.093 -13.063 13.172 
3 16 6.568 -18.039 11.833 7.093 -13.063 13.172 -0.025 -18.125 13.732 
3 16 -0.025 -18.125 13.732 7.093 -13.063 13.172 -0.135 -13.08 15.358 
3 16 -7.128 -12.979 13.136 -6.613 -18.047 11.798 -0.135 -13.08 15.358 
3 16 -0.135 -13.08 15.358 -6.613 -18.047 11.798 -0.025 -18.125 13.732 
3 16 -12.295 -12.891 7.588 -11.387 -18.063 6.787 -7.128 -12.979 13.136 
3 16 -7.128 -12.979 13.136 -11.387 -18.063 6.787 -6.613 -18.047 11.798 
3 16 -11.387 -18.063 6.787 -12.295 -12.891 7.588 -13.094 -18.113 1.875 
3 16 -13.094 -18.113 1.875 -12.295 -12.891 7.588 -14.208 -12.736 1.89 
3 16 12.158 -8.05 0 10.456 -8.111 6.336 12.475 -8.928 3.06 
3 16 12.193 -12.322 7.573 13.036 -11.127 4.962 10.456 -8.111 6.336 
3 16 12.475 -8.928 3.06 10.456 -8.111 6.336 13.036 -11.127 4.962 
3 16 0 -23.97 0 -7.544 -23.97 4.367 -8.711 -23.97 0 
3 16 0 -23.97 0 -4.355 -23.97 7.563 -7.544 -23.97 4.367 
3 16 0 -23.97 0 0 -23.97 8.734 -4.355 -23.97 7.563 
3 16 0 -23.97 0 4.355 -23.97 7.563 0 -23.97 8.734 
3 16 7.544 -23.97 4.367 4.355 -23.97 7.563 0 -23.97 0 
3 16 8.711 -23.97 0 7.544 -23.97 4.367 0 -23.97 0 
3 16 18 -18.558 0 18 -13.349 0 18.268 -18.558 1 
3 16 18.268 -18.558 1 18 -13.349 0 18.268 -13.349 1 
3 16 18.268 -18.558 1 18.268 -13.349 1 19 -18.558 1.732 
3 16 19 -18.558 1.732 18.268 -13.349 1 19 -13.349 1.732 
3 16 19 -18.558 1.732 19 -13.349 1.732 20 -18.558 2 
3 16 20 -18.558 2 19 -13.349 1.732 20 -13.349 2 
3 16 20 -18.558 2 20 -13.349 2 21 -18.558 1.732 
3 16 21 -18.558 1.732 20 -13.349 2 21 -13.349 1.732 
3 16 21 -18.558 1.732 21 -13.349 1.732 21.732 -18.558 1 
3 16 21.732 -18.558 1 21 -13.349 1.732 21.732 -13.349 1 
3 16 21.732 -18.558 1 21.732 -13.349 1 22 -18.558 0 
3 16 22 -18.558 0 21.732 -13.349 1 22 -13.349 0 
3 16 13.475 -15.757 4.485 14.474 -15.921 4.265 13.036 -11.127 4.962 
3 16 13.036 -11.127 4.962 14.474 -15.921 4.265 15.688 -11.183 4.547 
3 16 15.889 -9.073 2.822 12.475 -8.928 3.06 15.688 -11.183 4.547 
3 16 15.688 -11.183 4.547 12.475 -8.928 3.06 13.036 -11.127 4.962 
3 16 16.069 -8.268 0 12.158 -8.05 0 15.889 -9.073 2.822 
3 16 15.889 -9.073 2.822 12.158 -8.05 0 12.475 -8.928 3.06 
3 16 22.208 -11.429 0 16.069 -8.268 0 21.257 -12.161 2.696 
3 16 21.257 -12.161 2.696 16.069 -8.268 0 15.889 -9.073 2.822 
3 16 21.257 -12.161 2.696 15.889 -9.073 2.822 19.766 -13.575 3.968 
3 16 19.766 -13.575 3.968 15.889 -9.073 2.822 15.688 -11.183 4.547 
3 16 14.474 -15.921 4.265 16.235 -16.581 3.687 15.688 -11.183 4.547 
3 16 15.688 -11.183 4.547 16.235 -16.581 3.687 19.766 -13.575 3.968 
3 16 14.753 -18.259 0 16.235 -16.581 3.687 13.178 -18.276 0 
3 16 16.235 -16.581 3.687 14.474 -15.921 4.265 13.178 -18.276 0 
3 16 13.178 -18.276 0 14.474 -15.921 4.265 13.475 -15.757 4.485 
3 16 23.83 -17.709 0 22.208 -11.429 0 23.357 -17.793 1.774 
3 16 23.357 -17.793 1.774 22.208 -11.429 0 21.257 -12.161 2.696 
3 16 23.357 -17.793 1.774 21.257 -12.161 2.696 21.993 -17.908 3.124 
3 16 21.993 -17.908 3.124 21.257 -12.161 2.696 19.766 -13.575 3.968 
3 16 21.993 -17.908 3.124 19.766 -13.575 3.968 18.324 -18.227 2.928 
3 16 18.324 -18.227 2.928 19.766 -13.575 3.968 16.235 -16.581 3.687 
3 16 14.753 -18.259 0 16.667 -18.545 0 16.235 -16.581 3.687 
3 16 16.235 -16.581 3.687 16.667 -18.545 0 18.324 -18.227 2.928 
3 16 -24 -20.428 0 -22.959 -22.442 0 -22.828 -20.428 2.828 
3 16 -22.828 -20.428 2.828 -22.959 -22.442 0 -21.902 -22.137 2.611 
3 16 -19.469 -21.484 3.788 -20 -20.428 4 -21.902 -22.137 2.611 
3 16 -21.902 -22.137 2.611 -20 -20.428 4 -22.828 -20.428 2.828 
3 16 -20.189 -22.93 2.311 -21.017 -23.474 0 -17.646 -23.253 2.017 
3 16 -17.646 -23.253 2.017 -21.017 -23.474 0 -17.701 -23.737 0 
3 16 -21.902 -22.137 2.611 -22.959 -22.442 0 -20.189 -22.93 2.311 
3 16 -20.189 -22.93 2.311 -22.959 -22.442 0 -21.017 -23.474 0 
3 16 -17.646 -23.253 2.017 -17.065 -22.284 2.962 -20.189 -22.93 2.311 
3 16 -20.189 -22.93 2.311 -17.065 -22.284 2.962 -19.469 -21.484 3.788 
3 16 -20.189 -22.93 2.311 -19.469 -21.484 3.788 -21.902 -22.137 2.611 
3 16 -16.448 -20.393 1.886 -17.065 -22.284 2.962 -13.925 -20.452 1.875 
3 16 -13.925 -20.452 1.875 -17.065 -22.284 2.962 -14.03 -21.954 2.84 
3 16 -19.469 -21.484 3.788 -16.448 -20.393 1.886 -20 -20.428 4 
3 16 -16.448 -20.393 1.886 -19.469 -21.484 3.788 -17.065 -22.284 2.962 
3 16 -17.646 -23.253 2.017 -17.701 -23.737 0 -14.139 -22.98 2.039 
3 16 -14.139 -22.98 2.039 -17.701 -23.737 0 -14.119 -23.417 0 
3 16 -14.119 -23.417 0 -10.85 -21.527 0 -14.139 -22.98 2.039 
3 16 -14.139 -22.98 2.039 -10.85 -21.527 0 -10.925 -21.015 1.882 
3 16 -17.065 -22.284 2.962 -17.646 -23.253 2.017 -14.03 -21.954 2.84 
3 16 -14.03 -21.954 2.84 -17.646 -23.253 2.017 -14.139 -22.98 2.039 
3 16 -14.139 -22.98 2.039 -10.925 -21.015 1.882 -14.03 -21.954 2.84 
3 16 -14.03 -21.954 2.84 -10.925 -21.015 1.882 -11.427 -20.208 2.667 
3 16 -14.03 -21.954 2.84 -11.427 -20.208 2.667 -13.925 -20.452 1.875 
3 16 -13.925 -20.452 1.875 -11.427 -20.208 2.667 -12.369 -19.264 1.875 
3 16 -21.807 -7.827 0 -21.017 -8.278 2.302 -17.867 -7.217 0 
3 16 -17.867 -7.217 0 -21.017 -8.278 2.302 -17.52 -7.558 1.982 
3 16 -21.807 -7.827 0 -24 -10.565 0 -21.017 -8.278 2.302 
3 16 -21.017 -8.278 2.302 -24 -10.565 0 -22.828 -10.565 2.828 
3 16 -20 -10.565 4 -19.556 -9.01 3.49 -22.828 -10.565 2.828 
3 16 -22.828 -10.565 2.828 -19.556 -9.01 3.49 -21.017 -8.278 2.302 
3 16 -21.017 -8.278 2.302 -19.556 -9.01 3.49 -17.52 -7.558 1.982 
3 16 -17.52 -7.558 1.982 -19.556 -9.01 3.49 -16.77 -8.468 3.083 
3 16 -15.575 -10.604 1.875 -13.853 -11.266 1.875 -15.563 -9.507 3.097 
3 16 -15.563 -9.507 3.097 -13.853 -11.266 1.875 -13.133 -10.087 3.119 
3 16 -15.127 -6.586 2.358 -15.164 -5.586 0 -17.52 -7.558 1.982 
3 16 -17.52 -7.558 1.982 -15.164 -5.586 0 -17.867 -7.217 0 
3 16 -16.77 -8.468 3.083 -15.127 -6.586 2.358 -17.52 -7.558 1.982 
3 16 -12.975 -6.126 0 -13.371 -7.03 2.612 -11.409 -7.25 0 
3 16 -11.409 -7.25 0 -13.371 -7.03 2.612 -11.736 -7.88 2.581 
3 16 -11.736 -7.88 2.581 -13.371 -7.03 2.612 -13.133 -10.087 3.119 
3 16 -13.133 -10.087 3.119 -13.371 -7.03 2.612 -15.563 -9.507 3.097 
3 16 -13.371 -7.03 2.612 -12.975 -6.126 0 -15.127 -6.586 2.358 
3 16 -15.127 -6.586 2.358 -12.975 -6.126 0 -15.164 -5.586 0 
3 16 -13.371 -7.03 2.612 -15.127 -6.586 2.358 -15.563 -9.507 3.097 
3 16 -15.563 -9.507 3.097 -15.127 -6.586 2.358 -16.77 -8.468 3.083 
3 16 -15.575 -10.604 1.875 -15.563 -9.507 3.097 -16.434 -10.57 1.875 
3 16 -16.434 -10.57 1.875 -15.563 -9.507 3.097 -20 -10.565 4 
3 16 -15.563 -9.507 3.097 -16.77 -8.468 3.083 -20 -10.565 4 
3 16 -20 -10.565 4 -16.77 -8.468 3.083 -19.556 -9.01 3.49 
3 16 -11.736 -7.88 2.581 -13.133 -10.087 3.119 -10.456 -8.111 6.336 
3 16 -10.456 -8.111 6.336 -13.133 -10.087 3.119 -12.295 -12.891 7.588 
3 16 -13.853 -11.266 1.875 -14.208 -12.736 1.89 -13.133 -10.087 3.119 
3 16 -12.295 -12.891 7.588 -13.133 -10.087 3.119 -14.208 -12.736 1.89 
3 16 -12.369 -19.264 1.875 -13.094 -18.113 1.875 -13.925 -20.452 1.875 
3 16 -15.575 -10.604 1.875 -13.925 -20.452 1.875 -14.208 -12.736 1.89 
3 16 -13.925 -20.452 1.875 -13.094 -18.113 1.875 -14.208 -12.736 1.89 
3 16 -15.575 -10.604 1.875 -14.208 -12.736 1.89 -13.853 -11.266 1.875 
3 16 -16.448 -20.393 1.886 -13.925 -20.452 1.875 -15.575 -10.604 1.875 
3 16 -15.575 -10.604 1.875 -16.434 -10.57 1.875 -16.448 -20.393 1.886 
3 16 -20 -10.565 4 -20 -20.428 4 -16.434 -10.57 1.875 
3 16 -16.434 -10.57 1.875 -20 -20.428 4 -16.448 -20.393 1.886 
3 16 -22.828 -10.565 2.828 -22.828 -20.428 2.828 -20 -10.565 4 
3 16 -20 -10.565 4 -22.828 -20.428 2.828 -20 -20.428 4 
3 16 -24 -10.565 0 -24 -20.428 0 -22.828 -10.565 2.828 
3 16 -22.828 -10.565 2.828 -24 -20.428 0 -22.828 -20.428 2.828 
3 16 21.732 -18.558 1 22 -18.558 0 23.357 -17.793 1.774 
3 16 23.357 -17.793 1.774 22 -18.558 0 23.83 -17.709 0 
3 16 21 -18.558 1.732 21.732 -18.558 1 21.993 -17.908 3.124 
3 16 21.993 -17.908 3.124 21.732 -18.558 1 23.357 -17.793 1.774 
3 16 19 -18.558 1.732 20 -18.558 2 18.324 -18.227 2.928 
3 16 21 -18.558 1.732 21.993 -17.908 3.124 20 -18.558 2 
3 16 18.324 -18.227 2.928 20 -18.558 2 21.993 -17.908 3.124 
3 16 19 -18.558 1.732 18.324 -18.227 2.928 18.268 -18.558 1 
3 16 18.268 -18.558 1 18.324 -18.227 2.928 16.667 -18.545 0 
3 16 16.667 -18.545 0 18 -18.558 0 18.268 -18.558 1 
3 16 8.711 -23.97 0 13.178 -18.276 0 7.544 -23.97 4.367 
3 16 7.544 -23.97 4.367 13.178 -18.276 0 11.421 -18.034 6.761 
3 16 13.036 -11.127 4.962 12.193 -12.322 7.573 13.475 -15.757 4.485 
3 16 13.475 -15.757 4.485 12.193 -12.322 7.573 11.421 -18.034 6.761 
3 16 18 -13.349 0 20 -13.349 0 18.268 -13.349 1 
3 16 11.421 -18.034 6.761 13.178 -18.276 0 13.475 -15.757 4.485 
3 16 21 -13.349 1.732 20 -13.349 2 20 -13.349 0 
3 16 20 -13.349 0 20 -13.349 2 19 -13.349 1.732 
3 16 20 -13.349 0 19 -13.349 1.732 18.268 -13.349 1 
3 16 21.732 -13.349 1 20 -13.349 0 22 -13.349 0 
3 16 21 -13.349 1.732 20 -13.349 0 21.732 -13.349 1 
3 16 8.25 -5.25 0 8.25 0 0 7.145 -5.25 4.125 
3 16 8.25 0 0 7.145 0 4.125 7.145 -5.25 4.125 
3 16 7.145 -5.25 -4.125 7.145 0 -4.125 8.25 -5.25 0 
3 16 7.145 0 -4.125 8.25 0 0 8.25 -5.25 0 
3 16 4.125 -5.25 -7.145 4.125 0 -7.145 7.145 -5.25 -4.125 
3 16 4.125 0 -7.145 7.145 0 -4.125 7.145 -5.25 -4.125 
3 16 0 -5.25 -8.25 0 0 -8.25 4.125 -5.25 -7.145 
3 16 0 0 -8.25 4.125 0 -7.145 4.125 -5.25 -7.145 
3 16 -4.125 -5.25 -7.145 -4.125 0 -7.145 0 -5.25 -8.25 
3 16 -4.125 0 -7.145 0 0 -8.25 0 -5.25 -8.25 
3 16 -7.145 -5.25 -4.125 -7.145 0 -4.125 -4.125 -5.25 -7.145 
3 16 -7.145 0 -4.125 -4.125 0 -7.145 -4.125 -5.25 -7.145 
3 16 -8.25 -5.25 0 -8.25 0 0 -7.145 -5.25 -4.125 
3 16 -8.25 0 0 -7.145 0 -4.125 -7.145 -5.25 -4.125 
3 16 -7.145 -5.25 4.125 -7.145 0 4.125 -8.25 -5.25 0 
3 16 -7.145 0 4.125 -8.25 0 0 -8.25 -5.25 0 
3 16 -4.125 -5.25 7.145 -4.125 0 7.145 -7.145 -5.25 4.125 
3 16 -4.125 0 7.145 -7.145 0 4.125 -7.145 -5.25 4.125 
3 16 0 -5.25 8.25 0 0 8.25 -4.125 -5.25 7.145 
3 16 0 0 8.25 -4.125 0 7.145 -4.125 -5.25 7.145 
3 16 4.125 -5.25 7.145 4.125 0 7.145 0 -5.25 8.25 
3 16 4.125 0 7.145 0 0 8.25 0 -5.25 8.25 
3 16 7.145 -5.25 4.125 7.145 0 4.125 4.125 -5.25 7.145 
3 16 7.145 0 4.125 4.125 0 7.145 4.125 -5.25 7.145 
2 24 -8.25 -5.25 0 -7.145 -5.25 -4.125 
2 24 -11.736 -7.88 -2.581 -11.409 -7.25 0 
2 24 -7.145 -5.25 -4.125 -4.125 -5.25 -7.145 
2 24 -4.125 -5.25 -7.145 0 -5.25 -8.25 
2 24 0 -5.25 -8.25 4.125 -5.25 -7.145 
2 24 4.125 -5.25 -7.145 7.145 -5.25 -4.125 
2 24 7.145 -5.25 -4.125 8.25 -5.25 0 
2 24 7.544 -23.97 -4.367 4.355 -23.97 -7.563 
2 24 4.355 -23.97 -7.563 0 -23.97 -8.734 
2 24 0 -23.97 -8.734 -4.355 -23.97 -7.563 
2 24 -4.355 -23.97 -7.563 -7.544 -23.97 -4.367 
2 24 -7.544 -23.97 -4.367 -8.711 -23.97 0 
2 24 -10.85 -21.527 0 -10.925 -21.015 -1.882 
2 24 -10.925 -21.015 -1.882 -11.427 -20.208 -2.667 
2 24 -12.369 -19.264 -1.875 -13.094 -18.113 -1.875 
2 24 -11.427 -20.208 -2.667 -12.369 -19.264 -1.875 
2 24 -13.094 -18.113 -1.875 -14.208 -12.736 -1.89 
2 24 12.158 -8.05 0 12.475 -8.928 -3.06 
2 24 12.475 -8.928 -3.06 13.036 -11.127 -4.962 
2 24 7.544 -23.97 -4.367 8.711 -23.97 0 
2 24 18 -18.558 0 18.268 -18.558 -1 
2 24 18.268 -13.349 -1 18 -13.349 0 
2 24 18.268 -18.558 -1 19 -18.558 -1.732 
2 24 19 -13.349 -1.732 18.268 -13.349 -1 
2 24 19 -18.558 -1.732 20 -18.558 -2 
2 24 20 -13.349 -2 19 -13.349 -1.732 
2 24 20 -18.558 -2 21 -18.558 -1.732 
2 24 21 -13.349 -1.732 20 -13.349 -2 
2 24 21 -18.558 -1.732 21.732 -18.558 -1 
2 24 21.732 -13.349 -1 21 -13.349 -1.732 
2 24 21.732 -18.558 -1 22 -18.558 0 
2 24 22 -13.349 0 21.732 -13.349 -1 
2 24 13.475 -15.757 -4.485 13.036 -11.127 -4.962 
2 24 13.178 -18.276 0 13.475 -15.757 -4.485 
2 24 -16.448 -20.393 -1.886 -13.925 -20.452 -1.875 
2 24 -13.925 -20.452 -1.875 -12.369 -19.264 -1.875 
2 24 -13.853 -11.266 -1.875 -15.575 -10.604 -1.875 
2 24 -13.133 -10.087 -3.119 -13.853 -11.266 -1.875 
2 24 -11.736 -7.88 -2.581 -13.133 -10.087 -3.119 
2 24 -15.575 -10.604 -1.875 -16.434 -10.57 -1.875 
2 24 -14.208 -12.736 -1.89 -13.853 -11.266 -1.875 
2 24 -16.448 -20.393 -1.886 -16.434 -10.57 -1.875 
2 24 -7.145 -5.25 4.125 -8.25 -5.25 0 
2 24 -11.409 -7.25 0 -11.736 -7.88 2.581 
2 24 -4.125 -5.25 7.145 -7.145 -5.25 4.125 
2 24 0 -5.25 8.25 -4.125 -5.25 7.145 
2 24 4.125 -5.25 7.145 0 -5.25 8.25 
2 24 7.145 -5.25 4.125 4.125 -5.25 7.145 
2 24 8.25 -5.25 0 7.145 -5.25 4.125 
2 24 4.355 -23.97 7.563 7.544 -23.97 4.367 
2 24 0 -23.97 8.734 4.355 -23.97 7.563 
2 24 -4.355 -23.97 7.563 0 -23.97 8.734 
2 24 -7.544 -23.97 4.367 -4.355 -23.97 7.563 
2 24 -8.711 -23.97 0 -7.544 -23.97 4.367 
2 24 -10.925 -21.015 1.882 -10.85 -21.527 0 
2 24 -11.427 -20.208 2.667 -10.925 -21.015 1.882 
2 24 -13.094 -18.113 1.875 -12.369 -19.264 1.875 
2 24 -12.369 -19.264 1.875 -11.427 -20.208 2.667 
2 24 -14.208 -12.736 1.89 -13.094 -18.113 1.875 
2 24 12.475 -8.928 3.06 12.158 -8.05 0 
2 24 13.036 -11.127 4.962 12.475 -8.928 3.06 
2 24 8.711 -23.97 0 7.544 -23.97 4.367 
2 24 18.268 -18.558 1 18 -18.558 0 
2 24 18 -13.349 0 18.268 -13.349 1 
2 24 19 -18.558 1.732 18.268 -18.558 1 
2 24 18.268 -13.349 1 19 -13.349 1.732 
2 24 20 -18.558 2 19 -18.558 1.732 
2 24 19 -13.349 1.732 20 -13.349 2 
2 24 21 -18.558 1.732 20 -18.558 2 
2 24 20 -13.349 2 21 -13.349 1.732 
2 24 21.732 -18.558 1 21 -18.558 1.732 
2 24 21 -13.349 1.732 21.732 -13.349 1 
2 24 22 -18.558 0 21.732 -18.558 1 
2 24 21.732 -13.349 1 22 -13.349 0 
2 24 13.036 -11.127 4.962 13.475 -15.757 4.485 
2 24 13.475 -15.757 4.485 13.178 -18.276 0 
2 24 -13.925 -20.452 1.875 -16.448 -20.393 1.886 
2 24 -12.369 -19.264 1.875 -13.925 -20.452 1.875 
2 24 -15.575 -10.604 1.875 -13.853 -11.266 1.875 
2 24 -13.853 -11.266 1.875 -13.133 -10.087 3.119 
2 24 -13.133 -10.087 3.119 -11.736 -7.88 2.581 
2 24 -16.434 -10.57 1.875 -15.575 -10.604 1.875 
2 24 -13.853 -11.266 1.875 -14.208 -12.736 1.89 
2 24 -16.434 -10.57 1.875 -16.448 -20.393 1.886 
2 24 8.25 0 0 7.145 0 4.125 
2 24 7.145 0 -4.125 8.25 0 0 
2 24 4.125 0 -7.145 7.145 0 -4.125 
2 24 0 0 -8.25 4.125 0 -7.145 
2 24 -4.125 0 -7.145 0 0 -8.25 
2 24 -7.145 0 -4.125 -4.125 0 -7.145 
2 24 -8.25 0 0 -7.145 0 -4.125 
2 24 -7.145 0 4.125 -8.25 0 0 
2 24 -4.125 0 7.145 -7.145 0 4.125 
2 24 0 0 8.25 -4.125 0 7.145 
2 24 4.125 0 7.145 0 0 8.25 
2 24 7.145 0 4.125 4.125 0 7.145 

0 // Stud4
3 16 0 -19.67 -6.137 0 0 -6.137 -3.069 -19.67 -5.315 
3 16 0 0 -6.137 -3.069 0 -5.315 -3.069 -19.67 -5.315 
3 16 -3.069 -19.67 -5.315 -3.069 0 -5.315 -5.315 -19.67 -3.069 
3 16 -3.069 0 -5.315 -5.315 0 -3.069 -5.315 -19.67 -3.069 
3 16 -5.315 -19.67 -3.069 -5.315 0 -3.069 -6.137 -19.67 0 
3 16 -5.315 0 -3.069 -6.137 0 0 -6.137 -19.67 0 
3 16 -6.137 -19.67 0 -6.137 0 0 -5.315 -19.67 3.069 
3 16 -6.137 0 0 -5.315 0 3.069 -5.315 -19.67 3.069 
3 16 -5.315 -19.67 3.069 -5.315 0 3.069 -3.069 -19.67 5.315 
3 16 -5.315 0 3.069 -3.069 0 5.315 -3.069 -19.67 5.315 
3 16 -3.069 -19.67 5.315 -3.069 0 5.315 0 -19.67 6.137 
3 16 -3.069 0 5.315 0 0 6.137 0 -19.67 6.137 
3 16 0 -19.67 6.137 0 0 6.137 3.069 -19.67 5.315 
3 16 0 0 6.137 3.069 0 5.315 3.069 -19.67 5.315 
3 16 3.069 -19.67 5.315 3.069 0 5.315 5.315 -19.67 3.069 
3 16 3.069 0 5.315 5.315 0 3.069 5.315 -19.67 3.069 
3 16 6.137 0 0 6.137 -19.67 0 5.315 0 3.069 
3 16 6.137 -19.67 0 5.315 -19.67 3.069 5.315 0 3.069 
3 16 6.137 -19.67 0 6.137 0 0 5.315 -19.67 -3.069 
3 16 6.137 0 0 5.315 0 -3.069 5.315 -19.67 -3.069 
3 16 5.315 -19.67 -3.069 5.315 0 -3.069 3.069 -19.67 -5.315 
3 16 5.315 0 -3.069 3.069 0 -5.315 3.069 -19.67 -5.315 
3 16 3.069 -19.67 -5.315 3.069 0 -5.315 0 -19.67 -6.137 
3 16 3.069 0 -5.315 0 0 -6.137 0 -19.67 -6.137 
3 16 5.315 0 3.069 7.145 0 4.125 6.137 0 0 
3 16 8.25 0 0 6.137 0 0 7.145 0 4.125 
3 16 6.137 0 0 8.25 0 0 5.315 0 -3.069 
3 16 7.145 0 -4.125 5.315 0 -3.069 8.25 0 0 
3 16 5.315 0 -3.069 7.145 0 -4.125 3.069 0 -5.315 
3 16 4.125 0 -7.145 3.069 0 -5.315 7.145 0 -4.125 
3 16 3.069 0 -5.315 4.125 0 -7.145 0 0 -6.137 
3 16 0 0 -8.25 0 0 -6.137 4.125 0 -7.145 
3 16 0 0 -6.137 0 0 -8.25 -3.069 0 -5.315 
3 16 -4.125 0 -7.145 -3.069 0 -5.315 0 0 -8.25 
3 16 -3.069 0 -5.315 -4.125 0 -7.145 -5.315 0 -3.069 
3 16 -7.145 0 -4.125 -5.315 0 -3.069 -4.125 0 -7.145 
3 16 -5.315 0 -3.069 -7.145 0 -4.125 -6.137 0 0 
3 16 -8.25 0 0 -6.137 0 0 -7.145 0 -4.125 
3 16 -6.137 0 0 -8.25 0 0 -5.315 0 3.069 
3 16 -7.145 0 4.125 -5.315 0 3.069 -8.25 0 0 
3 16 -5.315 0 3.069 -7.145 0 4.125 -3.069 0 5.315 
3 16 -4.125 0 7.145 -3.069 0 5.315 -7.145 0 4.125 
3 16 -3.069 0 5.315 -4.125 0 7.145 0 0 6.137 
3 16 0 0 8.25 0 0 6.137 -4.125 0 7.145 
3 16 0 0 6.137 0 0 8.25 3.069 0 5.315 
3 16 4.125 0 7.145 3.069 0 5.315 0 0 8.25 
3 16 3.069 0 5.315 4.125 0 7.145 5.315 0 3.069 
3 16 7.145 0 4.125 5.315 0 3.069 4.125 0 7.145 
3 16 3.069 -19.67 5.315 0 -19.67 0 0 -19.67 6.137 
3 16 0 -19.67 -6.137 -3.069 -19.67 -5.315 0 -19.67 0 
3 16 0 -19.67 0 -3.069 -19.67 -5.315 -5.315 -19.67 -3.069 
3 16 0 -19.67 0 -5.315 -19.67 -3.069 -6.137 -19.67 0 
3 16 0 -19.67 0 -6.137 -19.67 0 -5.315 -19.67 3.069 
3 16 0 -19.67 0 -5.315 -19.67 3.069 -3.069 -19.67 5.315 
3 16 0 -19.67 0 -3.069 -19.67 5.315 0 -19.67 6.137 
3 16 5.315 -19.67 3.069 0 -19.67 0 3.069 -19.67 5.315 
3 16 6.137 -19.67 0 0 -19.67 0 5.315 -19.67 3.069 
3 16 5.315 -19.67 -3.069 0 -19.67 0 6.137 -19.67 0 
3 16 3.069 -19.67 -5.315 0 -19.67 0 5.315 -19.67 -3.069 
3 16 0 -19.67 -6.137 0 -19.67 0 3.069 -19.67 -5.315 
2 24 -3.069 -19.67 -5.315 0 -19.67 -6.137 
2 24 0 0 -6.137 -3.069 0 -5.315 
2 24 -5.315 -19.67 -3.069 -3.069 -19.67 -5.315 
2 24 -3.069 0 -5.315 -5.315 0 -3.069 
2 24 -6.137 -19.67 0 -5.315 -19.67 -3.069 
2 24 -5.315 0 -3.069 -6.137 0 0 
2 24 -5.315 -19.67 3.069 -6.137 -19.67 0 
2 24 -6.137 0 0 -5.315 0 3.069 
2 24 -3.069 -19.67 5.315 -5.315 -19.67 3.069 
2 24 -5.315 0 3.069 -3.069 0 5.315 
2 24 0 -19.67 6.137 -3.069 -19.67 5.315 
2 24 -3.069 0 5.315 0 0 6.137 
2 24 3.069 -19.67 5.315 0 -19.67 6.137 
2 24 0 0 6.137 3.069 0 5.315 
2 24 5.315 -19.67 3.069 3.069 -19.67 5.315 
2 24 3.069 0 5.315 5.315 0 3.069 
2 24 5.315 0 3.069 6.137 0 0 
2 24 6.137 -19.67 0 5.315 -19.67 3.069 
2 24 5.315 -19.67 -3.069 6.137 -19.67 0 
2 24 6.137 0 0 5.315 0 -3.069 
2 24 3.069 -19.67 -5.315 5.315 -19.67 -3.069 
2 24 5.315 0 -3.069 3.069 0 -5.315 
2 24 0 -19.67 -6.137 3.069 -19.67 -5.315 
2 24 3.069 0 -5.315 0 0 -6.137 
2 24 7.145 0 4.125 8.25 0 0 
2 24 8.25 0 0 7.145 0 -4.125 
2 24 7.145 0 -4.125 4.125 0 -7.145 
2 24 4.125 0 -7.145 0 0 -8.25 
2 24 0 0 -8.25 -4.125 0 -7.145 
2 24 -4.125 0 -7.145 -7.145 0 -4.125 
2 24 -7.145 0 -4.125 -8.25 0 0 
2 24 -8.25 0 0 -7.145 0 4.125 
2 24 -7.145 0 4.125 -4.125 0 7.145 
2 24 -4.125 0 7.145 0 0 8.25 
2 24 0 0 8.25 4.125 0 7.145 
2 24 4.125 0 7.145 7.145 0 4.125 

0 // Stud
3 16 0 -28.42 -4 0 -23.995 -4 -2 -28.42 -3.464 
3 16 0 -23.995 -4 -2 -23.995 -3.464 -2 -28.42 -3.464 
3 16 -2 -28.42 -3.464 -2 -23.995 -3.464 -3.464 -28.42 -2 
3 16 -2 -23.995 -3.464 -3.464 -23.995 -2 -3.464 -28.42 -2 
3 16 -3.464 -28.42 -2 -3.464 -23.995 -2 -4 -28.42 0 
3 16 -3.464 -23.995 -2 -4 -23.995 0 -4 -28.42 0 
3 16 -4 -28.42 0 -4 -23.995 0 -3.464 -28.42 2 
3 16 -4 -23.995 0 -3.464 -23.995 2 -3.464 -28.42 2 
3 16 -3.464 -28.42 2 -3.464 -23.995 2 -2 -28.42 3.464 
3 16 -3.464 -23.995 2 -2 -23.995 3.464 -2 -28.42 3.464 
3 16 -2 -28.42 3.464 -2 -23.995 3.464 0 -28.42 4 
3 16 -2 -23.995 3.464 0 -23.995 4 0 -28.42 4 
3 16 0 -28.42 4 0 -23.995 4 2 -28.42 3.464 
3 16 0 -23.995 4 2 -23.995 3.464 2 -28.42 3.464 
3 16 2 -28.42 3.464 2 -23.995 3.464 3.464 -28.42 2 
3 16 2 -23.995 3.464 3.464 -23.995 2 3.464 -28.42 2 
3 16 4 -23.995 0 4 -28.42 0 3.464 -23.995 2 
3 16 4 -28.42 0 3.464 -28.42 2 3.464 -23.995 2 
3 16 4 -28.42 0 4 -23.995 0 3.464 -28.42 -2 
3 16 4 -23.995 0 3.464 -23.995 -2 3.464 -28.42 -2 
3 16 3.464 -28.42 -2 3.464 -23.995 -2 2 -28.42 -3.464 
3 16 3.464 -23.995 -2 2 -23.995 -3.464 2 -28.42 -3.464 
3 16 2 -28.42 -3.464 2 -23.995 -3.464 0 -28.42 -4 
3 16 2 -23.995 -3.464 0 -23.995 -4 0 -28.42 -4 
3 16 4 -28.42 0 6.125 -28.42 0 3.464 -28.42 2 
3 16 5.304 -28.42 3.062 3.464 -28.42 2 6.125 -28.42 0 
3 16 3.464 -28.42 -2 5.304 -28.42 -3.063 4 -28.42 0 
3 16 6.125 -28.42 0 4 -28.42 0 5.304 -28.42 -3.063 
3 16 2 -28.42 -3.464 3.062 -28.42 -5.304 3.464 -28.42 -2 
3 16 5.304 -28.42 -3.063 3.464 -28.42 -2 3.062 -28.42 -5.304 
3 16 0 -28.42 -4 0 -28.42 -6.125 2 -28.42 -3.464 
3 16 3.062 -28.42 -5.304 2 -28.42 -3.464 0 -28.42 -6.125 
3 16 -2 -28.42 -3.464 -3.062 -28.42 -5.304 0 -28.42 -4 
3 16 0 -28.42 -6.125 0 -28.42 -4 -3.062 -28.42 -5.304 
3 16 -3.464 -28.42 -2 -5.304 -28.42 -3.062 -2 -28.42 -3.464 
3 16 -3.062 -28.42 -5.304 -2 -28.42 -3.464 -5.304 -28.42 -3.062 
3 16 -4 -28.42 0 -6.125 -28.42 0 -3.464 -28.42 -2 
3 16 -5.304 -28.42 -3.062 -3.464 -28.42 -2 -6.125 -28.42 0 
3 16 -3.464 -28.42 2 -5.304 -28.42 3.062 -4 -28.42 0 
3 16 -6.125 -28.42 0 -4 -28.42 0 -5.304 -28.42 3.062 
3 16 -2 -28.42 3.464 -3.062 -28.42 5.304 -3.464 -28.42 2 
3 16 -5.304 -28.42 3.062 -3.464 -28.42 2 -3.062 -28.42 5.304 
3 16 0 -28.42 4 0 -28.42 6.125 -2 -28.42 3.464 
3 16 -3.062 -28.42 5.304 -2 -28.42 3.464 0 -28.42 6.125 
3 16 2 -28.42 3.464 3.062 -28.42 5.304 0 -28.42 4 
3 16 0 -28.42 6.125 0 -28.42 4 3.062 -28.42 5.304 
3 16 3.464 -28.42 2 5.304 -28.42 3.062 2 -28.42 3.464 
3 16 3.062 -28.42 5.304 2 -28.42 3.464 5.304 -28.42 3.062 
3 16 6.125 -28.42 0 6.125 -23.995 0 5.304 -28.42 3.062 
3 16 6.125 -23.995 0 5.304 -23.995 3.062 5.304 -28.42 3.062 
3 16 5.304 -28.42 -3.063 5.304 -23.995 -3.063 6.125 -28.42 0 
3 16 5.304 -23.995 -3.063 6.125 -23.995 0 6.125 -28.42 0 
3 16 3.062 -28.42 -5.304 3.062 -23.995 -5.304 5.304 -28.42 -3.063 
3 16 3.062 -23.995 -5.304 5.304 -23.995 -3.063 5.304 -28.42 -3.063 
3 16 0 -28.42 -6.125 0 -23.995 -6.125 3.062 -28.42 -5.304 
3 16 0 -23.995 -6.125 3.062 -23.995 -5.304 3.062 -28.42 -5.304 
3 16 -3.062 -28.42 -5.304 -3.062 -23.995 -5.304 0 -28.42 -6.125 
3 16 -3.062 -23.995 -5.304 0 -23.995 -6.125 0 -28.42 -6.125 
3 16 -5.304 -28.42 -3.062 -5.304 -23.995 -3.062 -3.062 -28.42 -5.304 
3 16 -5.304 -23.995 -3.062 -3.062 -23.995 -5.304 -3.062 -28.42 -5.304 
3 16 -6.125 -28.42 0 -6.125 -23.995 0 -5.304 -28.42 -3.062 
3 16 -6.125 -23.995 0 -5.304 -23.995 -3.062 -5.304 -28.42 -3.062 
3 16 -5.304 -28.42 3.062 -5.304 -23.995 3.062 -6.125 -28.42 0 
3 16 -5.304 -23.995 3.062 -6.125 -23.995 0 -6.125 -28.42 0 
3 16 -3.062 -28.42 5.304 -3.062 -23.995 5.304 -5.304 -28.42 3.062 
3 16 -3.062 -23.995 5.304 -5.304 -23.995 3.062 -5.304 -28.42 3.062 
3 16 0 -28.42 6.125 0 -23.995 6.125 -3.062 -28.42 5.304 
3 16 0 -23.995 6.125 -3.062 -23.995 5.304 -3.062 -28.42 5.304 
3 16 3.062 -28.42 5.304 3.062 -23.995 5.304 0 -28.42 6.125 
3 16 3.062 -23.995 5.304 0 -23.995 6.125 0 -28.42 6.125 
3 16 5.304 -28.42 3.062 5.304 -23.995 3.062 3.062 -28.42 5.304 
3 16 5.304 -23.995 3.062 3.062 -23.995 5.304 3.062 -28.42 5.304 
2 24 -2 -28.42 -3.464 0 -28.42 -4 
2 24 0 -23.995 -4 -2 -23.995 -3.464 
2 24 -3.464 -28.42 -2 -2 -28.42 -3.464 
2 24 -2 -23.995 -3.464 -3.464 -23.995 -2 
2 24 -4 -28.42 0 -3.464 -28.42 -2 
2 24 -3.464 -23.995 -2 -4 -23.995 0 
2 24 -3.464 -28.42 2 -4 -28.42 0 
2 24 -4 -23.995 0 -3.464 -23.995 2 
2 24 -2 -28.42 3.464 -3.464 -28.42 2 
2 24 -3.464 -23.995 2 -2 -23.995 3.464 
2 24 0 -28.42 4 -2 -28.42 3.464 
2 24 -2 -23.995 3.464 0 -23.995 4 
2 24 2 -28.42 3.464 0 -28.42 4 
2 24 0 -23.995 4 2 -23.995 3.464 
2 24 3.464 -28.42 2 2 -28.42 3.464 
2 24 2 -23.995 3.464 3.464 -23.995 2 
2 24 3.464 -23.995 2 4 -23.995 0 
2 24 4 -28.42 0 3.464 -28.42 2 
2 24 3.464 -28.42 -2 4 -28.42 0 
2 24 4 -23.995 0 3.464 -23.995 -2 
2 24 2 -28.42 -3.464 3.464 -28.42 -2 
2 24 3.464 -23.995 -2 2 -23.995 -3.464 
2 24 0 -28.42 -4 2 -28.42 -3.464 
2 24 2 -23.995 -3.464 0 -23.995 -4 
2 24 6.125 -28.42 0 5.304 -28.42 3.062 
2 24 5.304 -28.42 -3.063 6.125 -28.42 0 
2 24 3.062 -28.42 -5.304 5.304 -28.42 -3.063 
2 24 0 -28.42 -6.125 3.062 -28.42 -5.304 
2 24 -3.062 -28.42 -5.304 0 -28.42 -6.125 
2 24 -5.304 -28.42 -3.062 -3.062 -28.42 -5.304 
2 24 -6.125 -28.42 0 -5.304 -28.42 -3.062 
2 24 -5.304 -28.42 3.062 -6.125 -28.42 0 
2 24 -3.062 -28.42 5.304 -5.304 -28.42 3.062 
2 24 0 -28.42 6.125 -3.062 -28.42 5.304 
2 24 3.062 -28.42 5.304 0 -28.42 6.125 
2 24 5.304 -28.42 3.062 3.062 -28.42 5.304 
2 24 6.125 -23.995 0 5.304 -23.995 3.062 
2 24 5.304 -23.995 -3.063 6.125 -23.995 0 
2 24 3.062 -23.995 -5.304 5.304 -23.995 -3.063 
2 24 0 -23.995 -6.125 3.062 -23.995 -5.304 
2 24 -3.062 -23.995 -5.304 0 -23.995 -6.125 
2 24 -5.304 -23.995 -3.062 -3.062 -23.995 -5.304 
2 24 -6.125 -23.995 0 -5.304 -23.995 -3.062 
2 24 -5.304 -23.995 3.062 -6.125 -23.995 0 
2 24 -3.062 -23.995 5.304 -5.304 -23.995 3.062 
2 24 0 -23.995 6.125 -3.062 -23.995 5.304 
2 24 3.062 -23.995 5.304 0 -23.995 6.125 
2 24 5.304 -23.995 3.062 3.062 -23.995 5.304 

