0 ~Minifig Book Cover without Main Faces
0 Name: s\24093s01.dat
0 Author: Gerald Lasser [GeraldLasser]
0 !LDRAW_ORG Unofficial_Subpart
0 !LICENSE Redistributable under CCAL version 2.0 : see CAreadme.txt

0 BFC CERTIFY CCW

0 // Bar

1 16 0 -24 0 -2.8284 0 -2.8284 0 4 0 2.8284 0 -2.8284 3-4cylc.dat
4 16 -2 -24 3.382 -2.828 -24 2.828 0 -24 0 2 -24 3.382
3 16 0 -24 0 2.828 -24 2.828 2 -24 3.382
4 16 2.828 -24 2.828 2.828 -20 2.828 2 -20 3.382 2 -24 3.382
4 16 -2 -20 3.382 -2.828 -20 2.828 -2.828 -24 2.828 -2 -24 3.382
2 24 2 -24 3.382 2.828 -24 2.828
2 24 -2 -24 3.382 -2.828 -24 2.828
2 24 2 -24 3.382 2 -20 3.382
2 24 -2 -24 3.382 -2 -20 3.382
1 16 0 -20 0 4 0 0 0 -1 0 0 0 4 bump5000.dat
3 16 2 -20 4 2 -20 3.382 1.531 -20 3.696
3 16 2 -20 4 1.531 -20 3.696 0 -20 4
3 16 -1.531 -20 3.696 -2 -20 4 0 -20 4
3 16 -2 -20 3.382 -2 -20 4 -1.531 -20 3.696
2 24 2 -20 4 2 -20 3.382
2 24 -2 -20 4 -2 -20 3.382
1 16 0 -16 0 -2.8284 0 -2.8284 0 32 0 2.8284 0 -2.8284 3-4cylc.dat
1 16 -2.414 0 3.105 0 0 .4142 -16 0 0 0 -1 .2768 rect3.dat
1 16 2.414 0 3.105 0 0 -.4142 -16 0 0 0 -1 .2768 rect3.dat
4 16 -2 -16 3.382 -2.828 -16 2.828 0 -16 0 2 -16 3.382
3 16 2 -16 3.382 0 -16 0 2.828 -16 2.828
1 16 0 16 0 -2.8284 0 -2.8284 0 -1 0 2.8284 0 -2.8284 3-4disc.dat
3 16 0 16 0 2 16 3.382 2.828 16 2.828
4 16 0 16 0 -2.828 16 2.828 -2 16 3.382 2 16 3.382
1 16 0 20 0 4 0 0 0 1 0 0 0 4 bump5000.dat
3 16 2 20 3.382 2 20 4 1.531 20 3.696
3 16 1.531 20 3.696 2 20 4 0 20 4
3 16 -2 20 4 -1.531 20 3.696 0 20 4
3 16 -2 20 4 -2 20 3.382 -1.531 20 3.696
2 24 2 20 4 2 20 3.382
2 24 -2 20 4 -2 20 3.382
1 16 0 24 0 -2.8284 0 -2.8284 0 -4 0 2.8284 0 -2.8284 3-4cylc.dat
4 16 2 20 3.382 2.828 20 2.828 2.828 24 2.828 2 24 3.382
4 16 -2.828 24 2.828 -2.828 20 2.828 -2 20 3.382 -2 24 3.382
2 24 2 24 3.382 2.828 24 2.828
2 24 -2 24 3.382 -2.828 24 2.828
4 16 2.828 24 2.828 0 24 0 -2 24 3.382 2 24 3.382
3 16 -2.828 24 2.828 -2 24 3.382 0 24 0
2 24 2 20 3.382 2 24 3.382
2 24 -2 20 3.382 -2 24 3.382
0 // Transition
1 16 0 -24 4.191 0 0 -2 0 1 0 .809 0 0 rect2p.dat
0 BFC INVERTNEXT
1 16 0 -18 4.25 -2 0 0 0 0 -2 0 .25 0 box2-7.dat
0 BFC INVERTNEXT
1 16 0 18 4.25 2 0 0 0 0 2 0 .25 0 box2-7.dat
1 16 0 0 4.5 2 0 0 0 0 16 0 -1.118 0 box4o8a.dat
1 16 0 24 4.191 0 0 -2 0 -1 0 .809 0 0 rect2p.dat
4 16 2 -20 3.382 2 -20 4 2 -24 5 2 -24 3.382
4 16 2 24 3.382 2 24 5 2 20 4 2 20 3.382
3 16 2 20 4.5 2 20 4 2 24 5
3 16 2 16 4.5 2 20 4.5 2 24 5
4 16 2 16 4.5 2 24 5 2 -24 5 2 -16 4.5
3 16 2 -20 4.5 2 -24 5 2 -20 4
3 16 2 -20 4.5 2 -16 4.5 2 -24 5
4 16 -2 -24 5 -2 -20 4 -2 -20 3.382 -2 -24 3.382
4 16 -2 20 4 -2 24 5 -2 24 3.382 -2 20 3.382
3 16 -2 20 4 -2 20 4.5 -2 24 5
3 16 -2 20 4.5 -2 16 4.5 -2 24 5
4 16 -2 -24 5 -2 24 5 -2 16 4.5 -2 -16 4.5
3 16 -2 -24 5 -2 -20 4.5 -2 -20 4
3 16 -2 -16 4.5 -2 -20 4.5 -2 -24 5
0 // Area
1 16 0 0 5 2 0 0 0 0 24 0 29 0 box3u4a.dat
0 // Optional Lines
5 24 -2.828 -24 2.828 -2.828 -20 2.828 -2 -24 3.382 -3.696 -24 1.531
5 24 2.828 -24 2.828 2.828 -20 2.828 3.696 -24 1.531 2 -24 3.382
5 24 2.828 16 2.828 2.828 -16 2.828 2 -16 3.382 3.696 -16 1.531
5 24 -2.828 16 2.828 -2.828 -16 2.828 -2 -16 3.382 -3.696 -16 1.531
5 24 2.828 24 2.828 2.828 20 2.828 3.696 20 1.531 2 20 3.382
5 24 -2.828 24 2.828 -2.828 20 2.828 -3.696 20 1.531 -2 20 3.382
