0 ~Space Wheel Giant 1/12 Segment
0 Name: s\2573-12.dat
0 Author: John Van Zwieten [jvan]
0 !LDRAW_ORG Subpart UPDATE 2002-04
0 !LICENSE Redistributable under CCAL version 2.0 : see CAreadme.txt
0 !HISTORY 1998-10-15 [PTadmin] Official Update 1998-09
0 !HISTORY 2002-01-15 [sbliss] Fixed bad line
0 !HISTORY 2002-08-18 [PTadmin] Official Update 2002-04
0 !HISTORY 2007-08-28 [PTadmin] Header formatted for Contributor Agreement
0 !HISTORY 2008-07-01 [PTadmin] Official Update 2008-01
2 24 -9.4860 -94.7390 -9.0630 -53.7540 -90.4350 -8.6520
2 24 -53.7540 -90.4350 -8.6520 -57.7070 -89.3100 -9.0630
2 24 -57.7070 -89.3100 -9.0630 -58.8920 -88.4020 -9.4090
2 24 -58.8920 -88.4020 -9.4090 -60.0780 -85.9140 -10.2740
2 24 -60.0780 -85.9140 -10.2740 -60.0780 -83.6430 -11.0100
2 24 -3.1620 -94.2420 -13.3460 -3.1620 -85.1790 -15.1630
2 24 -3.1620 -85.1790 -15.1630 -9.4860 -85.7850 -11.2910
2 24 -9.4860 -85.7850 -11.2910 -31.6200 -84.7030 -11.1610
2 24 -31.6200 -84.7030 -11.1610 -60.0780 -83.6430 -11.0100
0 tread sector B
2 24 -3.1620 -94.7390 9.0630 -9.4860 -94.7390 9.0630
2 24 -9.4860 -94.7390 9.0630 -53.7540 -90.4350 8.6520
2 24 -53.7540 -90.4350 8.6520 -57.7070 -89.3100 9.0630
2 24 -57.7070 -89.3100 9.0630 -58.8920 -88.4020 9.4090
2 24 -58.8920 -88.4020 9.4090 -60.0780 -85.9140 10.2740
2 24 -60.0780 -85.9140 10.2740 -60.0780 -83.6430 11.0100
2 24 -3.1620 -94.7390 9.0630 -3.1620 -85.7850 11.2910
2 24 -3.1620 -85.7850 11.2910 -31.6200 -84.7030 11.1610
2 24 -31.6200 -84.7030 11.1610 -60.0780 -83.6430 11.0100
0 inside edge connect A - B
2 24 -60.0780 -83.6430 -11.0100 -60.0780 -83.6430 11.0100
0 tread inset connect B - A
2 24 -3.1620 -94.2420 -13.3460 -3.1620 -86.5850 -39.5180
2 24 -3.1620 -85.1790 -15.1630 -3.1620 -79.9440 -33.1160
2 24 -60.0780 -83.6430 -11.0100 -60.0780 -77.9330 -32.2720
0 tread sector C
2 24 3.1620 -94.7390 9.0570 53.7540 -90.4330 8.6440
2 24 3.1620 -94.7390 9.0570 3.1620 -86.3670 5.1610
2 24 3.1620 -86.3670 5.1610 9.4860 -86.3670 5.1610
2 24 9.4860 -86.3670 5.1610 30.0390 -84.2080 5.0340
2 24 30.0390 -84.2080 5.0340 47.4300 -82.0470 4.9040
0 tread sector D
2 24 3.1620 -89.9980 30.9530 9.4860 -91.3080 26.8390
2 24 9.4860 -91.3080 26.8390 53.7540 -87.1580 25.6180
2 24 3.1620 -89.9980 30.9530 3.1620 -80.4550 31.8220
2 24 3.1620 -80.4550 31.8220 9.4860 -82.0880 27.3380
2 24 9.4860 -82.0880 27.3380 30.0390 -80.0350 26.6540
2 24 30.0390 -80.0350 26.6540 47.4300 -77.9820 25.9710
2 24 9.4860 -91.3080 26.8390 9.4860 -82.0880 27.3380
0 tread inset C-D
2 24 3.1620 -94.7390 9.0570 3.1620 -93.4180 -18.1930
2 24 3.1620 -86.3670 5.1610 3.1620 -85.5880 -12.6690
0 spoke segment edge A
2 24 60.0780 -24.4340 5.2910 60.0780 -80.3320 17.3970
2 24 53.7540 -24.2310 6.1580 53.7540 -71.2750 18.1150
2 24 60.0780 -24.4340 5.2910 53.7540 -24.2310 6.1580
0 spoke segment edge B
2 24 60.0780 -24.9710 -1.2140 60.0780 -82.0960 -3.9860
2 24 53.7540 -24.9130 -2.1000 53.7540 -73.2820 -6.1800
2 24 60.0780 -24.9710 -1.2140 53.7540 -24.9130 -2.1000
0 Spoke inset A'-B
2 24 53.7540 -24.0640 -6.7840 53.7540 -24.9130 -2.1000
0 Transition Spoke to tread (C-B)
2 24 60.0780 -82.0960 -3.9860 59.8720 -84.3000 -3.0820
2 24 59.8720 -84.3000 -3.0820 59.2240 -86.4940 -2.1240
2 24 59.2240 -86.4940 -2.1240 58.2290 -88.2920 2.0650
2 24 58.2290 -88.2920 2.0650 56.9160 -89.4500 6.3910
2 24 56.9160 -89.4500 6.3910 55.3350 -90.2510 7.5350
2 24 55.3350 -90.2510 7.5350 53.7540 -90.4330 8.6440
0 Transition Spoke to tread (A-D)
2 24 60.0780 -80.3320 17.3970 59.8720 -82.3370 18.3530
2 24 59.8720 -82.3370 18.3530 59.2240 -84.3310 19.3350
2 24 59.2240 -84.3310 19.3350 58.2290 -85.5790 21.8130
2 24 58.2290 -85.5790 21.8130 56.9160 -86.3390 24.2470
2 24 56.9160 -86.3390 24.2470 55.3350 -87.0410 25.0130
2 24 55.3350 -87.0410 25.0130 53.7540 -87.1580 25.6180
0 Inset Transition (B-C)
2 24 53.7540 -73.2820 -6.1800 53.5480 -75.5080 -5.4570
2 24 53.5480 -75.5080 -5.4570 52.9000 -77.7280 -4.6800
2 24 52.9000 -77.7280 -4.6800 51.9050 -79.6570 -0.9730
2 24 51.9050 -79.6570 -0.9730 50.5920 -80.9740 2.8940
2 24 50.5920 -80.9740 2.8940 49.0110 -81.8200 3.9070
2 24 49.0110 -81.8200 3.9070 47.4300 -82.0470 4.9040
0 Inset Transition (A-D)
2 24 53.7540 -71.2750 18.1150 53.5480 -73.2590 19.0910
2 24 53.5480 -73.2590 19.0910 52.9000 -75.2310 20.0920
2 24 52.9000 -75.2310 20.0920 51.9050 -76.4450 22.4130
2 24 51.9050 -76.4450 22.4130 50.5920 -77.1780 24.6720
2 24 50.5920 -77.1780 24.6720 49.0110 -77.8720 25.4130
2 24 49.0110 -77.8720 25.4130 47.4300 -77.9820 25.9710
0 Hub Ring 1a (on spoke face)
2 24 60.0780 -19.9770 -0.9710 60.0780 -19.5460 4.2360
2 24 60.0780 -22.2330 11.4350 60.0780 -24.4340 5.2910
2 24 60.0780 -17.7860 9.1470 60.0780 -19.5460 4.2360
0 Interior Notch
2 24 50.0000 -79.3160 10.4400 50.0000 -23.5470 3.0990
2 24 54.0000 -75.4700 9.0000 54.0000 -23.5830 2.8120
2 24 50.0000 -23.5470 3.0990 54.0000 -23.5830 2.8120
2 24 54.0000 -23.5830 2.8120 54.0000 -23.7500 0.0000
2 24 54.0000 -23.7500 0.0000 54.0000 -76.0050 0.0000
2 24 50.0000 -23.7490 -0.2000 54.0000 -23.7500 0.0000
2 24 50.0000 -23.7490 -0.2000 50.0000 -79.9970 -0.6750
2 24 50.0000 -79.9970 -0.6750 50.0000 -79.3160 -10.4400
2 24 50.0000 -23.5470 -3.0990 50.0000 -21.9430 -9.0870
4 16 50.0000 -79.3160 10.4400 50.0000 -23.5470 3.0990 54.0000 -23.5830 2.8120 54.0000 -75.4700 9.0000
4 16 54.0000 -75.4700 9.0000 54.0000 -23.5830 2.8120 54.0000 -23.7500 0.0000 54.0000 -76.0050 0.0000
4 16 54.0000 -23.7500 0.0000 50.0000 -23.7490 -0.2000 50.0000 -79.9970 -0.6750 54.0000 -76.0050 0.0000
4 16 50.0000 -23.7490 -0.2000 54.0000 -23.7500 0.0000 54.0000 -23.5830 2.8120 50.0000 -23.5470 3.0990
4 16 50.0000 -23.5470 -3.0990 50.0000 -79.3160 -10.4400 50.0000 -79.9970 -0.6750 50.0000 -23.7490 -0.2000
4 16 50.0000 -79.3160 -10.4400 50.0000 -23.5470 -3.0990 50.0000 -21.9430 -9.0870 50.0000 -73.9130 -30.6080
4 16 54.0000 -75.4700 9.0000 54.0000 -76.0050 0.0000 50.0000 -79.9970 -0.6750 50.0000 -79.3160 10.4400
0 Inner Wall
2 24 50.0000 -79.3160 10.4400 50.0000 -79.3160 -10.4400
2 24 50.0000 -73.9130 -30.6080 50.0000 -79.3160 -10.4400
4 16 -60.0780 -83.6430 -11.0100 -60.0780 -83.6430 11.0100 50.0000 -79.3160 10.4400 50.0000 -79.3160 -10.4400
4 16 -60.0780 -83.6430 -11.0100 -60.0780 -77.9330 -32.2720 50.0000 -73.9130 -30.6080 50.0000 -79.3160 -10.4400
0 Fill in tread surface
0 Center ring
4 16 -3.1620 -86.5850 -39.5180 3.1620 -86.5850 -39.5180 3.1620 -94.2420 -13.3460 -3.1620 -94.2420 -13.3460
4 16 -3.1620 -94.2420 -13.3460 3.1620 -94.2420 -13.3460 3.1620 -94.7390 9.0630 -3.1620 -94.7390 9.0630
0 Tread Inset B'-A
4 16 -3.1620 -79.9440 -33.1160 -3.1620 -85.1790 -15.1630 -9.4860 -85.7850 -11.2910 -9.4860 -79.7280 -33.2020
4 16 -9.4860 -79.7280 -33.2020 -9.4860 -85.7850 -11.2910 -31.6200 -85.2440 -11.2220 -31.6200 -79.4340 -32.9030
4 16 -31.6200 -79.4340 -32.9030 -31.6200 -85.2440 -11.2220 -60.0780 -83.6430 -11.0100 -60.0780 -77.9330 -32.2720
0 Center Wall B'-A
4 16 -3.1620 -86.5850 -39.5180 -3.1620 -94.2420 -13.3460 -3.1620 -85.1790 -15.1630 -3.1620 -79.9440 -33.1160
0 Tread Wall A
4 16 -9.4860 -85.7850 -11.2910 -3.1620 -85.1790 -15.1630 -3.1620 -94.2420 -13.3460 -9.4860 -94.7390 -9.0630
4 16 -31.6200 -84.7030 -11.1610 -9.4860 -85.7850 -11.2910 -9.4860 -94.7390 -9.0630 -31.6200 -92.5760 -8.8470
4 16 -53.7540 -83.8810 -11.0310 -31.6200 -84.7030 -11.1610 -31.6200 -92.5760 -8.8470 -53.7540 -90.4350 -8.6520
4 16 -53.7540 -83.8810 -11.0310 -53.7540 -90.4350 -8.6520 -57.7070 -89.3100 -9.0630 -58.8920 -88.4020 -9.4090
4 16 -53.7540 -83.8810 -11.0310 -58.8920 -88.4020 -9.4090 -60.0780 -85.9140 -10.2740 -60.0780 -83.6430 -11.0100
0 Tread A-B
4 16 -9.4860 -94.7390 -9.0630 -3.1620 -94.2420 -13.3460 -3.1620 -94.7390 9.0630 -9.4860 -94.7390 9.0630
4 16 -9.4860 -94.7390 9.0630 -53.7540 -90.4350 8.6520 -53.7540 -90.4350 -8.6520 -9.4860 -94.7390 -9.0630
4 16 -53.7540 -90.4350 8.6520 -57.7070 -89.3100 9.0630 -57.7070 -89.3100 -9.0630 -53.7540 -90.4350 -8.6520
4 16 -57.7070 -89.3100 9.0630 -58.8920 -88.4020 9.4090 -58.8920 -88.4020 -9.4090 -57.7070 -89.3100 -9.0630
4 16 -58.8920 -88.4020 9.4090 -60.0780 -85.9140 10.2740 -60.0780 -85.9140 -10.2740 -58.8920 -88.4020 -9.4090
4 16 -60.0780 -85.9140 10.2740 -60.0780 -83.6430 11.0100 -60.0780 -83.6430 -11.0100 -60.0780 -85.9140 -10.2740
0 Tread Wall B
4 16 -9.4860 -94.7390 9.0630 -3.1620 -94.7390 9.0630 -3.1620 -85.7850 11.2910 -9.4860 -85.7850 11.2910
4 16 -31.6200 -92.5760 8.8470 -9.4860 -94.7390 9.0630 -9.4860 -85.7850 11.2910 -31.6200 -84.7030 11.1610
4 16 -53.7540 -90.4350 8.6520 -31.6200 -92.5760 8.8470 -31.6200 -84.7030 11.1610 -53.7540 -83.8810 11.0310
4 16 -58.8920 -88.4020 9.4090 -57.7070 -89.3100 9.0630 -53.7540 -90.4350 8.6520 -53.7540 -83.8810 11.0310
4 16 -60.0780 -83.6430 11.0100 -60.0780 -85.9140 10.2740 -58.8920 -88.4020 9.4090 -53.7540 -83.8810 11.0310
0 Center Wall D'-C
4 16 3.1620 -85.5880 -12.6690 3.1620 -86.3670 5.1610 3.1620 -94.7390 9.0570 3.1620 -93.4180 -18.1930
0 Tread Inset D'-C
4 16 3.1620 -85.5880 -12.6690 9.4860 -84.7600 -17.3690 9.4860 -86.3670 5.1610 3.1620 -86.3670 5.1610
4 16 9.4860 -84.7600 -17.3690 30.0390 -82.6400 -16.9340 30.0390 -84.2080 5.0340 9.4860 -86.3670 5.1610
4 16 30.0390 -82.6400 -16.9340 47.4300 -80.5200 -16.5000 47.4300 -82.0470 4.9040 30.0390 -84.2080 5.0340
4 16 47.4300 -80.5200 -16.5000 49.0110 -80.1450 -16.9280 49.0110 -81.8200 3.9070 47.4300 -82.0470 4.9040
4 16 49.0110 -80.1450 -16.9280 50.5920 -79.1740 -17.2240 50.5920 -80.9740 2.8940 49.0110 -81.8200 3.9070
4 16 50.5920 -79.1740 -17.2230 51.9050 -77.4100 -18.8120 51.9050 -79.6570 -0.9730 50.5920 -80.9740 2.8940
4 16 51.9050 -77.4100 -18.8120 52.9000 -75.1990 -20.2160 52.9000 -77.7280 -4.6800 51.9050 -79.6570 -0.9730
4 16 52.9000 -75.1990 -20.2160 53.5480 -72.9880 -20.0960 53.5480 -75.5080 -5.4570 52.9000 -77.7280 -4.6800
4 16 53.5480 -72.9880 -20.0960 53.7540 -70.7840 -19.9490 53.7540 -73.2820 -6.1800 53.5480 -75.5080 -5.4570
4 16 53.7540 -70.7840 -19.9490 53.7540 -24.0640 -6.7840 53.7540 -24.9130 -2.1000 53.7540 -73.2820 -6.1800
0 Tread Wall C
3 16 3.1620 -94.7390 9.0570 3.1620 -86.3670 5.1610 9.4860 -86.3670 5.1610
4 16 3.1620 -94.7390 9.0570 9.4860 -86.3670 5.1610 30.0390 -84.2080 5.0340 53.7540 -90.4330 8.6440
3 16 30.0390 -84.2080 5.0340 47.4300 -82.0470 4.9040 53.7540 -90.4330 8.6440
4 16 47.4300 -82.0470 4.9040 49.0110 -81.8200 3.9070 55.3350 -90.2510 7.5350 53.7540 -90.4330 8.6440
4 16 49.0110 -81.8200 3.9070 50.5920 -80.9740 2.8940 56.9160 -89.4500 6.3910 55.3350 -90.2510 7.5350
4 16 50.5920 -80.9740 2.8940 51.9050 -79.6570 -0.9730 58.2290 -88.2920 2.0650 56.9160 -89.4500 6.3910
4 16 51.9050 -79.6570 -0.9730 52.9000 -77.7280 -4.6800 59.2240 -86.4940 -2.1240 58.2290 -88.2920 2.0650
4 16 52.9000 -77.7280 -4.6800 53.5480 -75.5080 -5.4570 59.8720 -84.3000 -3.0820 59.2240 -86.4940 -2.1240
4 16 53.5480 -75.5080 -5.4570 53.7540 -73.2820 -6.1800 60.0780 -82.0960 -3.9860 59.8720 -84.3000 -3.0820
4 16 53.7540 -73.2820 -6.1800 53.7540 -24.9130 -2.1000 60.0780 -24.9710 -1.2140 60.0780 -82.0960 -3.9860
0 Tread C-D
3 16 9.4860 -91.3080 26.8390 3.1620 -89.9980 30.9530 3.1620 -94.7390 9.0570
4 16 53.7540 -87.1580 25.6180 9.4860 -91.3080 26.8390 3.1620 -94.7390 9.0570 53.7540 -90.4330 8.6440
4 16 53.7540 -90.4330 8.6440 55.3350 -90.2510 7.5350 55.3350 -87.0410 25.0130 53.7540 -87.1580 25.6180
4 16 55.3350 -90.2510 7.5350 56.9160 -89.4500 6.3910 56.9160 -86.3390 24.2470 55.3350 -87.0410 25.0130
4 16 56.9160 -89.4500 6.3910 58.2290 -88.2920 2.0650 58.2290 -85.5790 21.8130 56.9160 -86.3390 24.2470
4 16 58.2290 -88.2920 2.0650 59.2240 -86.4940 -2.1240 59.2240 -84.3310 19.3350 58.2290 -85.5790 21.8130
4 16 59.2240 -86.4940 -2.1240 59.8720 -84.3000 -3.0820 59.8720 -82.3370 18.3530 59.2240 -84.3310 19.3350
4 16 59.8720 -84.3000 -3.0820 60.0780 -82.0960 -3.9860 60.0780 -80.3320 17.3970 59.8720 -82.3370 18.3530
4 16 60.0780 -82.0960 -3.9860 60.0780 -24.9710 -1.2140 60.0780 -24.4340 5.2910 60.0780 -80.3320 17.3970
0 Tread Wall D
4 16 9.4860 -82.0880 27.3380 3.1620 -80.4550 31.8220 3.1620 -89.9980 30.9530 9.4860 -91.3080 26.8390
4 16 47.4300 -77.9820 25.9710 9.4860 -82.0880 27.3380 9.4860 -91.3080 26.8390 53.7540 -87.1580 25.6180
4 16 53.7540 -87.1580 25.6180 55.3350 -87.0410 25.0130 49.0110 -77.8720 25.4130 47.4300 -77.9820 25.9710
4 16 55.3350 -87.0410 25.0130 56.9160 -86.3390 24.2470 50.5920 -77.1780 24.6720 49.0110 -77.8720 25.4130
4 16 56.9160 -86.3390 24.2470 58.2290 -85.5790 21.8130 51.9050 -76.4450 22.4130 50.5920 -77.1780 24.6720
4 16 58.2290 -85.5790 21.8130 59.2240 -84.3310 19.3350 52.9000 -75.2310 20.0920 51.9050 -76.4450 22.4130
4 16 59.2240 -84.3310 19.3350 59.8720 -82.3370 18.3530 53.5480 -73.2590 19.0910 52.9000 -75.2310 20.0920
4 16 59.8720 -82.3370 18.3530 60.0780 -80.3320 17.3970 53.7540 -71.2750 18.1150 53.5480 -73.2590 19.0910
4 16 60.0780 -80.3320 17.3970 60.0780 -24.4340 5.2910 53.7540 -24.2310 6.1580 53.7540 -71.2750 18.1150
0 Hub Wall D'-C
4 16 53.7540 -24.9130 -2.1000 53.7540 -24.0640 -6.7840 60.0780 -23.8060 -7.6340 60.0780 -24.9710 -1.2140
0 Hub Ring
4 16 60.0780 -24.4340 5.2910 60.0780 -24.9710 -1.2140 60.0780 -19.9770 -0.9710 60.0780 -19.5460 4.2360
4 16 60.0780 -22.2330 11.4350 60.0780 -24.4340 5.2910 60.0780 -19.5460 4.2360 60.0780 -17.7860 9.1470
0 Inner Wall
4 16 -60.0780 -83.6430 -11.0100 -60.0780 -83.6430 11.0100 50.0000 -79.3160 10.4400 50.0000 -79.3160 -10.4400
4 16 -60.0780 -83.6430 -11.0100 -60.0780 -77.9330 -32.2720 50.0000 -73.9130 -30.6080 50.0000 -79.3160 -10.4400
