0 Boomerang (Needs Work)
0 Name: 25892.dat
0 Author: <AuthorRealName> [<AuthorLDrawName>]
0 !LDRAW_ORG Unofficial_Part
0 !LICENSE Redistributable under CCAL version 2.0 : see CAreadme.txt

0 BFC CERTIFY CCW

0 !HISTORY 2016-10-05 {LEGO Digital Designer} Original part shape
0 !HISTORY 2016-10-05 [<AuthorLDrawName>] File preparation for LDraw Parts Tracker

0 // Needs Work: Clean necessary

0 // Outside
3 16 0 -4 8.125 0 -2.455 8.312 -3.109 -4 7.507 
3 16 -3.109 -4 7.507 0 -2.455 8.312 -4.156 -2.409 7.198 
3 16 -8.125 0 0 -7.198 0 -4.156 -7.444 -1.129 -3.074 
3 16 -7.159 -0.804 3.235 -7.198 0 4.156 -8.125 0 0 
3 16 -4.156 0 7.198 -7.198 0 4.156 -5.428 -2.579 5.931 
3 16 -5.428 -2.579 5.931 -7.198 0 4.156 -7.159 -0.804 3.235 
3 16 -3.109 -4 7.507 -4.156 -2.409 7.198 -4.707 -4.009 6.619 
3 16 -4.707 -4.009 6.619 -4.156 -2.409 7.198 -5.428 -2.579 5.931 
3 16 -5.428 -2.579 5.931 -4.156 -2.409 7.198 -4.156 0 7.198 
3 16 -23.976 -4 -13.742 -24.217 -2.401 -13.473 -7.198 -4 -4.156 
3 16 -7.198 -4 -4.156 -24.217 -2.401 -13.473 -7.272 -2.643 -3.824 
3 16 -8.125 0 0 -7.444 -1.129 -3.074 -25.957 -0.013 -10.187 
3 16 -25.957 -0.013 -10.187 -7.444 -1.129 -3.074 -24.706 -0.965 -12.473 
3 16 -25.957 -0.013 -10.187 -27.252 -0.819 -8.243 -8.125 0 0 
3 16 -8.125 0 0 -27.252 -0.819 -8.243 -7.159 -0.804 3.235 
3 16 -26.264 -4 -14.232 -26.324 -2.717 -14.035 -23.976 -4 -13.742 
3 16 -23.976 -4 -13.742 -26.324 -2.717 -14.035 -24.217 -2.401 -13.473 
3 16 -27.775 -0.6 -11.254 -25.957 -0.013 -10.187 -26.591 -1.23 -13.046 
3 16 -26.591 -1.23 -13.046 -25.957 -0.013 -10.187 -24.706 -0.965 -12.473 
3 16 -28.743 -1.264 -9.5 -27.252 -0.819 -8.243 -27.775 -0.6 -11.254 
3 16 -27.775 -0.6 -11.254 -27.252 -0.819 -8.243 -25.957 -0.013 -10.187 
3 16 -29.377 -2.837 -8.562 -27.746 -2.427 -7.11 -28.743 -1.264 -9.5 
3 16 -28.743 -1.264 -9.5 -27.746 -2.427 -7.11 -27.252 -0.819 -8.243 
3 16 -27.746 -2.427 -7.11 -29.377 -2.837 -8.562 -27.983 -4.403 -6.857 
3 16 -27.983 -4.403 -6.857 -29.377 -2.837 -8.562 -29.523 -4.468 -8.472 
3 16 -4.707 -4.009 6.619 -5.428 -2.579 5.931 -27.983 -4.403 -6.857 
3 16 -27.983 -4.403 -6.857 -5.428 -2.579 5.931 -27.746 -2.427 -7.11 
3 16 -27.252 -0.819 -8.243 -27.746 -2.427 -7.11 -7.159 -0.804 3.235 
3 16 -7.159 -0.804 3.235 -27.746 -2.427 -7.11 -5.428 -2.579 5.931 
3 16 0 -2.455 8.312 0 0 8.312 -4.156 -2.409 7.198 
3 16 -4.156 -2.409 7.198 0 0 8.312 -4.156 0 7.198 
3 16 -2.788 -4 -8.41 -4.163 -4 -7.217 0 -4 -8.312 
3 16 -2.788 -4 -8.41 0 -4 -8.312 -2.57 -5.912 -8.346 
3 16 -2.57 -5.912 -8.346 0 -4 -8.312 0 -5.881 -8.073 
3 16 -2.57 -5.912 -8.346 0 -5.881 -8.073 -2.512 -7.301 -7.546 
3 16 -2.512 -7.301 -7.546 0 -5.881 -8.073 0 -7.301 -7.568 
3 16 -3.209 -7.986 -5.558 -2.512 -7.301 -7.546 0 -7.994 -6.25 
3 16 0 -7.994 -6.25 -2.512 -7.301 -7.546 0 -7.301 -7.568 
3 16 -29.234 -2.859 -12.228 -29.44 -4 -12.311 -29.8 -3.033 -10.619 
3 16 -29.8 -3.033 -10.619 -29.44 -4 -12.311 -29.941 -4 -10.758 
3 16 -29.44 -4 -12.311 -29.234 -2.859 -12.228 -28.229 -4 -13.591 
3 16 -28.229 -4 -13.591 -29.234 -2.859 -12.228 -28.129 -2.917 -13.446 
3 16 -26.324 -2.717 -14.035 -26.264 -4 -14.232 -28.129 -2.917 -13.446 
3 16 -28.129 -2.917 -13.446 -26.264 -4 -14.232 -28.229 -4 -13.591 
3 16 -28.745 -1.712 -11.931 -27.775 -0.6 -11.254 -27.899 -1.811 -12.941 
3 16 -27.899 -1.811 -12.941 -27.775 -0.6 -11.254 -26.591 -1.23 -13.046 
3 16 -28.745 -1.712 -11.931 -29.248 -1.831 -10.68 -27.775 -0.6 -11.254 
3 16 -27.775 -0.6 -11.254 -29.248 -1.831 -10.68 -28.743 -1.264 -9.5 
3 16 -4.163 -4 -7.217 -4.156 0 -7.198 0 -4 -8.312 
3 16 0 -4 -8.312 -4.156 0 -7.198 0 0 -8.312 
3 16 -7.444 -1.129 -3.074 -7.198 0 -4.156 -7.272 -2.643 -3.824 
3 16 -4.163 -4 -7.217 -7.198 -4 -4.156 -4.156 0 -7.198 
3 16 -4.156 0 -7.198 -7.198 -4 -4.156 -7.198 0 -4.156 
3 16 -7.198 -4 -4.156 -7.272 -2.643 -3.824 -7.198 0 -4.156 
3 16 -24.217 -2.401 -13.473 -24.706 -0.965 -12.473 -7.272 -2.643 -3.824 
3 16 -7.272 -2.643 -3.824 -24.706 -0.965 -12.473 -7.444 -1.129 -3.074 
3 16 -26.324 -2.717 -14.035 -26.591 -1.23 -13.046 -24.217 -2.401 -13.473 
3 16 -24.217 -2.401 -13.473 -26.591 -1.23 -13.046 -24.706 -0.965 -12.473 
3 16 -26.591 -1.23 -13.046 -26.324 -2.717 -14.035 -27.899 -1.811 -12.941 
3 16 -27.899 -1.811 -12.941 -26.324 -2.717 -14.035 -28.129 -2.917 -13.446 
3 16 -28.745 -1.712 -11.931 -27.899 -1.811 -12.941 -29.234 -2.859 -12.228 
3 16 -29.234 -2.859 -12.228 -27.899 -1.811 -12.941 -28.129 -2.917 -13.446 
3 16 -28.745 -1.712 -11.931 -29.234 -2.859 -12.228 -29.248 -1.831 -10.68 
3 16 -29.248 -1.831 -10.68 -29.234 -2.859 -12.228 -29.8 -3.033 -10.619 
3 16 -29.248 -1.831 -10.68 -29.8 -3.033 -10.619 -28.743 -1.264 -9.5 
3 16 -28.743 -1.264 -9.5 -29.8 -3.033 -10.619 -29.377 -2.837 -8.562 
3 16 -29.8 -3.033 -10.619 -29.941 -4 -10.758 -29.377 -2.837 -8.562 
3 16 -29.377 -2.837 -8.562 -29.941 -4 -10.758 -29.523 -4.468 -8.472 
3 16 -3.209 -7.986 -5.558 -5.159 -7.994 -6.852 -2.512 -7.301 -7.546 
3 16 -2.512 -7.301 -7.546 -5.159 -7.994 -6.852 -4.918 -7.301 -8.375 
3 16 -4.768 -4 -9.071 -2.788 -4 -8.41 -4.674 -5.927 -8.973 
3 16 -4.674 -5.927 -8.973 -2.788 -4 -8.41 -2.57 -5.912 -8.346 
3 16 -2.512 -7.301 -7.546 -4.918 -7.301 -8.375 -2.57 -5.912 -8.346 
3 16 -2.57 -5.912 -8.346 -4.918 -7.301 -8.375 -4.674 -5.927 -8.973 
3 16 -29.165 -4 -16.045 -30 -4 -13.655 -28.229 -4 -13.591 
3 16 -28.229 -4 -13.591 -30 -4 -13.655 -29.44 -4 -12.311 
3 16 -27.306 -4 -17.323 -29.165 -4 -16.045 -26.264 -4 -14.232 
3 16 -26.264 -4 -14.232 -29.165 -4 -16.045 -28.229 -4 -13.591 
3 16 -27.306 -4 -17.323 -26.264 -4 -14.232 -24.934 -4 -17.207 
3 16 -24.934 -4 -17.207 -26.264 -4 -14.232 -23.976 -4 -13.742 
3 16 -29.46 -7.301 -13.591 -30 -5.968 -13.651 -28.78 -7.301 -15.536 
3 16 -28.78 -7.301 -15.536 -30 -5.968 -13.651 -29.215 -5.951 -15.892 
3 16 -30 -5.968 -13.651 -30 -4 -13.655 -29.215 -5.951 -15.892 
3 16 -29.215 -5.951 -15.892 -30 -4 -13.655 -29.165 -4 -16.045 
3 16 -29.46 -7.301 -13.591 -28.78 -7.301 -15.536 -27.83 -7.994 -13.626 
3 16 -27.83 -7.994 -13.626 -28.78 -7.301 -15.536 -27.1 -7.994 -14.985 
3 16 -27.237 -7.301 -16.735 -27.1 -7.994 -14.985 -28.78 -7.301 -15.536 
3 16 -28.78 -7.301 -15.536 -29.215 -5.951 -15.892 -27.237 -7.301 -16.735 
3 16 -27.237 -7.301 -16.735 -29.215 -5.951 -15.892 -27.374 -5.846 -17.217 
3 16 -27.306 -4 -17.323 -27.374 -5.846 -17.217 -29.165 -4 -16.045 
3 16 -29.165 -4 -16.045 -27.374 -5.846 -17.217 -29.215 -5.951 -15.892 
3 16 -27.306 -4 -17.323 -24.934 -4 -17.207 -27.374 -5.846 -17.217 
3 16 -27.374 -5.846 -17.217 -24.934 -4 -17.207 -24.854 -5.9 -17.132 
3 16 -27.237 -7.301 -16.735 -27.374 -5.846 -17.217 -25.134 -7.301 -16.613 
3 16 -25.134 -7.301 -16.613 -27.374 -5.846 -17.217 -24.854 -5.9 -17.132 
3 16 -25.645 -7.994 -15.204 -27.1 -7.994 -14.985 -25.134 -7.301 -16.613 
3 16 -25.134 -7.301 -16.613 -27.1 -7.994 -14.985 -27.237 -7.301 -16.735 
3 16 -29.578 -6.836 -10.04 -28.412 -7.399 -9.278 -29.679 -5.838 -8.997 
3 16 -29.679 -5.838 -8.997 -28.412 -7.399 -9.278 -28.449 -6.155 -7.853 
3 16 -29.578 -6.836 -10.04 -29.565 -7.301 -11.16 -28.412 -7.399 -9.278 
3 16 -28.412 -7.399 -9.278 -29.565 -7.301 -11.16 -27.871 -7.993 -11.286 
3 16 -29.679 -5.838 -8.997 -28.449 -6.155 -7.853 -29.523 -4.468 -8.472 
3 16 -29.523 -4.468 -8.472 -28.449 -6.155 -7.853 -27.983 -4.403 -6.857 
3 16 -29.565 -7.301 -11.16 -29.46 -7.301 -13.591 -27.871 -7.993 -11.286 
3 16 -27.871 -7.993 -11.286 -29.46 -7.301 -13.591 -27.83 -7.994 -13.626 
3 16 -29.984 -5.816 -11.069 -30 -5.968 -13.651 -29.565 -7.301 -11.16 
3 16 -29.565 -7.301 -11.16 -30 -5.968 -13.651 -29.46 -7.301 -13.591 
3 16 -29.44 -4 -12.311 -30 -4 -13.655 -29.941 -4 -10.758 
3 16 -30 -5.968 -13.651 -29.984 -5.816 -11.069 -30 -4 -13.655 
3 16 -30 -4 -13.655 -29.984 -5.816 -11.069 -29.941 -4 -10.758 
3 16 -29.679 -5.838 -8.997 -29.984 -5.816 -11.069 -29.578 -6.836 -10.04 
3 16 -29.578 -6.836 -10.04 -29.984 -5.816 -11.069 -29.565 -7.301 -11.16 
3 16 -29.523 -4.468 -8.472 -29.941 -4 -10.758 -29.679 -5.838 -8.997 
3 16 -29.679 -5.838 -8.997 -29.941 -4 -10.758 -29.984 -5.816 -11.069 
3 16 -24.934 -4 -17.207 -23.976 -4 -13.742 -4.768 -4 -9.071 
3 16 -4.768 -4 -9.071 -23.976 -4 -13.742 -4.163 -4 -7.217 
3 16 -2.788 -4 -8.41 -4.768 -4 -9.071 -4.163 -4 -7.217 
3 16 -7.198 -4 -4.156 -4.163 -4 -7.217 -23.976 -4 -13.742 
3 16 -24.934 -4 -17.207 -4.768 -4 -9.071 -24.854 -5.9 -17.132 
3 16 -24.854 -5.9 -17.132 -4.768 -4 -9.071 -4.674 -5.927 -8.973 
3 16 -25.134 -7.301 -16.613 -24.854 -5.9 -17.132 -4.918 -7.301 -8.375 
3 16 -4.918 -7.301 -8.375 -24.854 -5.9 -17.132 -4.674 -5.927 -8.973 
3 16 0 -5.521 7.761 -2.827 -5.465 7.268 0 -6.875 6.849 
3 16 0 -6.875 6.849 -2.827 -5.465 7.268 -2.972 -6.913 6.194 
3 16 -3.109 -4 7.507 -2.827 -5.465 7.268 0 -4 8.125 
3 16 0 -4 8.125 -2.827 -5.465 7.268 0 -5.521 7.761 
3 16 -4.707 -4.009 6.619 -3.929 -5.388 6.766 -3.109 -4 7.507 
3 16 -3.109 -4 7.507 -3.929 -5.388 6.766 -2.827 -5.465 7.268 
3 16 -4.211 -6.755 5.612 -2.972 -6.913 6.194 -3.929 -5.388 6.766 
3 16 -3.929 -5.388 6.766 -2.972 -6.913 6.194 -2.827 -5.465 7.268 
3 16 -3.209 -7.397 5.558 0 -7.397 6.25 -2.972 -6.913 6.194 
3 16 -2.972 -6.913 6.194 0 -7.397 6.25 0 -6.875 6.849 
3 16 -2.972 -6.913 6.194 -4.211 -6.755 5.612 -3.209 -7.397 5.558 
3 16 -3.209 -7.397 5.558 -4.211 -6.755 5.612 -5.558 -7.986 3.209 
3 16 -5.558 -7.986 3.209 -28.412 -7.399 -9.278 -6.418 -7.986 0 
3 16 -6.418 -7.986 0 -28.412 -7.399 -9.278 -27.871 -7.993 -11.286 
3 16 -28.412 -7.399 -9.278 -5.558 -7.986 3.209 -4.211 -6.755 5.612 
3 16 -3.929 -5.388 6.766 -28.449 -6.155 -7.853 -4.211 -6.755 5.612 
3 16 -4.211 -6.755 5.612 -28.449 -6.155 -7.853 -28.412 -7.399 -9.278 
3 16 -28.449 -6.155 -7.853 -3.929 -5.388 6.766 -27.983 -4.403 -6.857 
3 16 -27.983 -4.403 -6.857 -3.929 -5.388 6.766 -4.707 -4.009 6.619 
3 16 -27.83 -7.994 -13.626 -5.558 -7.994 -3.209 -27.871 -7.993 -11.286 
3 16 -27.871 -7.993 -11.286 -5.558 -7.994 -3.209 -6.418 -7.986 0 
3 16 -27.83 -7.994 -13.626 -27.1 -7.994 -14.985 -5.558 -7.994 -3.209 
3 16 -3.209 -7.986 -5.558 -5.558 -7.994 -3.209 -5.159 -7.994 -6.852 
3 16 -27.1 -7.994 -14.985 -25.645 -7.994 -15.204 -5.159 -7.994 -6.852 
3 16 -5.159 -7.994 -6.852 -25.645 -7.994 -15.204 -4.918 -7.301 -8.375 
3 16 -25.645 -7.994 -15.204 -25.134 -7.301 -16.613 -4.918 -7.301 -8.375 
3 16 -5.558 -7.994 -3.209 -27.1 -7.994 -14.985 -5.159 -7.994 -6.852 
3 16 0 -4 8.125 3.109 -4 7.507 0 -2.455 8.312 
3 16 3.109 -4 7.507 4.156 -2.409 7.198 0 -2.455 8.312 
3 16 8.125 0 0 7.444 -1.129 -3.074 7.198 0 -4.156 
3 16 7.159 -0.804 3.235 8.125 0 0 7.198 0 4.156 
3 16 4.156 0 7.198 5.428 -2.579 5.931 7.198 0 4.156 
3 16 5.428 -2.579 5.931 7.159 -0.804 3.235 7.198 0 4.156 
3 16 3.109 -4 7.507 4.707 -4.009 6.619 4.156 -2.409 7.198 
3 16 4.707 -4.009 6.619 5.428 -2.579 5.931 4.156 -2.409 7.198 
3 16 5.428 -2.579 5.931 4.156 0 7.198 4.156 -2.409 7.198 
3 16 23.976 -4 -13.742 7.198 -4 -4.156 24.217 -2.401 -13.473 
3 16 7.198 -4 -4.156 7.272 -2.643 -3.824 24.217 -2.401 -13.473 
3 16 8.125 0 0 25.957 -0.013 -10.187 7.444 -1.129 -3.074 
3 16 25.957 -0.013 -10.187 24.706 -0.965 -12.473 7.444 -1.129 -3.074 
3 16 25.957 -0.013 -10.187 8.125 0 0 27.252 -0.819 -8.243 
3 16 8.125 0 0 7.159 -0.804 3.235 27.252 -0.819 -8.243 
3 16 26.264 -4 -14.232 23.976 -4 -13.742 26.324 -2.717 -14.035 
3 16 23.976 -4 -13.742 24.217 -2.401 -13.473 26.324 -2.717 -14.035 
3 16 27.775 -0.6 -11.254 26.591 -1.23 -13.046 25.957 -0.013 -10.187 
3 16 26.591 -1.23 -13.046 24.706 -0.965 -12.473 25.957 -0.013 -10.187 
3 16 28.743 -1.264 -9.5 27.775 -0.6 -11.254 27.252 -0.819 -8.243 
3 16 27.775 -0.6 -11.254 25.957 -0.013 -10.187 27.252 -0.819 -8.243 
3 16 29.377 -2.837 -8.562 28.743 -1.264 -9.5 27.746 -2.427 -7.11 
3 16 28.743 -1.264 -9.5 27.252 -0.819 -8.243 27.746 -2.427 -7.11 
3 16 27.746 -2.427 -7.11 27.983 -4.403 -6.857 29.377 -2.837 -8.562 
3 16 27.983 -4.403 -6.857 29.523 -4.468 -8.472 29.377 -2.837 -8.562 
3 16 4.707 -4.009 6.619 27.983 -4.403 -6.857 5.428 -2.579 5.931 
3 16 27.983 -4.403 -6.857 27.746 -2.427 -7.11 5.428 -2.579 5.931 
3 16 27.252 -0.819 -8.243 7.159 -0.804 3.235 27.746 -2.427 -7.11 
3 16 7.159 -0.804 3.235 5.428 -2.579 5.931 27.746 -2.427 -7.11 
3 16 0 -2.455 8.312 4.156 -2.409 7.198 0 0 8.312 
3 16 4.156 -2.409 7.198 4.156 0 7.198 0 0 8.312 
3 16 2.788 -4 -8.41 0 -4 -8.312 4.163 -4 -7.217 
3 16 2.788 -4 -8.41 2.57 -5.912 -8.346 0 -4 -8.312 
3 16 2.57 -5.912 -8.346 0 -5.881 -8.073 0 -4 -8.312 
3 16 2.57 -5.912 -8.346 2.512 -7.301 -7.546 0 -5.881 -8.073 
3 16 2.512 -7.301 -7.546 0 -7.301 -7.568 0 -5.881 -8.073 
3 16 3.209 -7.986 -5.558 0 -7.994 -6.25 2.512 -7.301 -7.546 
3 16 0 -7.994 -6.25 0 -7.301 -7.568 2.512 -7.301 -7.546 
3 16 29.234 -2.859 -12.228 29.8 -3.033 -10.619 29.44 -4 -12.311 
3 16 29.8 -3.033 -10.619 29.941 -4 -10.758 29.44 -4 -12.311 
3 16 29.44 -4 -12.311 28.229 -4 -13.591 29.234 -2.859 -12.228 
3 16 28.229 -4 -13.591 28.129 -2.917 -13.446 29.234 -2.859 -12.228 
3 16 26.324 -2.717 -14.035 28.129 -2.917 -13.446 26.264 -4 -14.232 
3 16 28.129 -2.917 -13.446 28.229 -4 -13.591 26.264 -4 -14.232 
3 16 28.745 -1.712 -11.931 27.899 -1.811 -12.941 27.775 -0.6 -11.254 
3 16 27.899 -1.811 -12.941 26.591 -1.23 -13.046 27.775 -0.6 -11.254 
3 16 28.745 -1.712 -11.931 27.775 -0.6 -11.254 29.248 -1.831 -10.68 
3 16 27.775 -0.6 -11.254 28.743 -1.264 -9.5 29.248 -1.831 -10.68 
3 16 4.163 -4 -7.217 0 -4 -8.312 4.156 0 -7.198 
3 16 0 -4 -8.312 0 0 -8.312 4.156 0 -7.198 
3 16 7.444 -1.129 -3.074 7.272 -2.643 -3.824 7.198 0 -4.156 
3 16 4.163 -4 -7.217 4.156 0 -7.198 7.198 -4 -4.156 
3 16 4.156 0 -7.198 7.198 0 -4.156 7.198 -4 -4.156 
3 16 7.198 -4 -4.156 7.198 0 -4.156 7.272 -2.643 -3.824 
3 16 24.217 -2.401 -13.473 7.272 -2.643 -3.824 24.706 -0.965 -12.473 
3 16 7.272 -2.643 -3.824 7.444 -1.129 -3.074 24.706 -0.965 -12.473 
3 16 26.324 -2.717 -14.035 24.217 -2.401 -13.473 26.591 -1.23 -13.046 
3 16 24.217 -2.401 -13.473 24.706 -0.965 -12.473 26.591 -1.23 -13.046 
3 16 26.591 -1.23 -13.046 27.899 -1.811 -12.941 26.324 -2.717 -14.035 
3 16 27.899 -1.811 -12.941 28.129 -2.917 -13.446 26.324 -2.717 -14.035 
3 16 28.745 -1.712 -11.931 29.234 -2.859 -12.228 27.899 -1.811 -12.941 
3 16 29.234 -2.859 -12.228 28.129 -2.917 -13.446 27.899 -1.811 -12.941 
3 16 28.745 -1.712 -11.931 29.248 -1.831 -10.68 29.234 -2.859 -12.228 
3 16 29.248 -1.831 -10.68 29.8 -3.033 -10.619 29.234 -2.859 -12.228 
3 16 29.248 -1.831 -10.68 28.743 -1.264 -9.5 29.8 -3.033 -10.619 
3 16 28.743 -1.264 -9.5 29.377 -2.837 -8.562 29.8 -3.033 -10.619 
3 16 29.8 -3.033 -10.619 29.377 -2.837 -8.562 29.941 -4 -10.758 
3 16 29.377 -2.837 -8.562 29.523 -4.468 -8.472 29.941 -4 -10.758 
3 16 3.209 -7.986 -5.558 2.512 -7.301 -7.546 5.159 -7.994 -6.852 
3 16 2.512 -7.301 -7.546 4.918 -7.301 -8.375 5.159 -7.994 -6.852 
3 16 4.768 -4 -9.071 4.674 -5.927 -8.973 2.788 -4 -8.41 
3 16 4.674 -5.927 -8.973 2.57 -5.912 -8.346 2.788 -4 -8.41 
3 16 2.512 -7.301 -7.546 2.57 -5.912 -8.346 4.918 -7.301 -8.375 
3 16 2.57 -5.912 -8.346 4.674 -5.927 -8.973 4.918 -7.301 -8.375 
3 16 29.165 -4 -16.045 28.229 -4 -13.591 30 -4 -13.655 
3 16 28.229 -4 -13.591 29.44 -4 -12.311 30 -4 -13.655 
3 16 27.306 -4 -17.323 26.264 -4 -14.232 29.165 -4 -16.045 
3 16 26.264 -4 -14.232 28.229 -4 -13.591 29.165 -4 -16.045 
3 16 27.306 -4 -17.323 24.934 -4 -17.207 26.264 -4 -14.232 
3 16 24.934 -4 -17.207 23.976 -4 -13.742 26.264 -4 -14.232 
3 16 29.46 -7.301 -13.591 28.78 -7.301 -15.536 30 -5.968 -13.651 
3 16 28.78 -7.301 -15.536 29.215 -5.951 -15.892 30 -5.968 -13.651 
3 16 30 -5.968 -13.651 29.215 -5.951 -15.892 30 -4 -13.655 
3 16 29.215 -5.951 -15.892 29.165 -4 -16.045 30 -4 -13.655 
3 16 29.46 -7.301 -13.591 27.83 -7.994 -13.626 28.78 -7.301 -15.536 
3 16 27.83 -7.994 -13.626 27.1 -7.994 -14.985 28.78 -7.301 -15.536 
3 16 27.237 -7.301 -16.735 28.78 -7.301 -15.536 27.1 -7.994 -14.985 
3 16 28.78 -7.301 -15.536 27.237 -7.301 -16.735 29.215 -5.951 -15.892 
3 16 27.237 -7.301 -16.735 27.374 -5.846 -17.217 29.215 -5.951 -15.892 
3 16 27.306 -4 -17.323 29.165 -4 -16.045 27.374 -5.846 -17.217 
3 16 29.165 -4 -16.045 29.215 -5.951 -15.892 27.374 -5.846 -17.217 
3 16 27.306 -4 -17.323 27.374 -5.846 -17.217 24.934 -4 -17.207 
3 16 27.374 -5.846 -17.217 24.854 -5.9 -17.132 24.934 -4 -17.207 
3 16 27.237 -7.301 -16.735 25.134 -7.301 -16.613 27.374 -5.846 -17.217 
3 16 25.134 -7.301 -16.613 24.854 -5.9 -17.132 27.374 -5.846 -17.217 
3 16 25.645 -7.994 -15.204 25.134 -7.301 -16.613 27.1 -7.994 -14.985 
3 16 25.134 -7.301 -16.613 27.237 -7.301 -16.735 27.1 -7.994 -14.985 
3 16 29.578 -6.836 -10.04 29.679 -5.838 -8.997 28.412 -7.399 -9.278 
3 16 29.679 -5.838 -8.997 28.449 -6.155 -7.853 28.412 -7.399 -9.278 
3 16 29.578 -6.836 -10.04 28.412 -7.399 -9.278 29.565 -7.301 -11.16 
3 16 28.412 -7.399 -9.278 27.871 -7.993 -11.286 29.565 -7.301 -11.16 
3 16 29.679 -5.838 -8.997 29.523 -4.468 -8.472 28.449 -6.155 -7.853 
3 16 29.523 -4.468 -8.472 27.983 -4.403 -6.857 28.449 -6.155 -7.853 
3 16 29.565 -7.301 -11.16 27.871 -7.993 -11.286 29.46 -7.301 -13.591 
3 16 27.871 -7.993 -11.286 27.83 -7.994 -13.626 29.46 -7.301 -13.591 
3 16 29.984 -5.816 -11.069 29.565 -7.301 -11.16 30 -5.968 -13.651 
3 16 29.565 -7.301 -11.16 29.46 -7.301 -13.591 30 -5.968 -13.651 
3 16 29.44 -4 -12.311 29.941 -4 -10.758 30 -4 -13.655 
3 16 30 -5.968 -13.651 30 -4 -13.655 29.984 -5.816 -11.069 
3 16 30 -4 -13.655 29.941 -4 -10.758 29.984 -5.816 -11.069 
3 16 29.679 -5.838 -8.997 29.578 -6.836 -10.04 29.984 -5.816 -11.069 
3 16 29.578 -6.836 -10.04 29.565 -7.301 -11.16 29.984 -5.816 -11.069 
3 16 29.523 -4.468 -8.472 29.679 -5.838 -8.997 29.941 -4 -10.758 
3 16 29.679 -5.838 -8.997 29.984 -5.816 -11.069 29.941 -4 -10.758 
3 16 24.934 -4 -17.207 4.768 -4 -9.071 23.976 -4 -13.742 
3 16 4.768 -4 -9.071 4.163 -4 -7.217 23.976 -4 -13.742 
3 16 2.788 -4 -8.41 4.163 -4 -7.217 4.768 -4 -9.071 
3 16 7.198 -4 -4.156 23.976 -4 -13.742 4.163 -4 -7.217 
3 16 24.934 -4 -17.207 24.854 -5.9 -17.132 4.768 -4 -9.071 
3 16 24.854 -5.9 -17.132 4.674 -5.927 -8.973 4.768 -4 -9.071 
3 16 25.134 -7.301 -16.613 4.918 -7.301 -8.375 24.854 -5.9 -17.132 
3 16 4.918 -7.301 -8.375 4.674 -5.927 -8.973 24.854 -5.9 -17.132 
3 16 0 -5.521 7.761 0 -6.875 6.849 2.827 -5.465 7.268 
3 16 0 -6.875 6.849 2.972 -6.913 6.194 2.827 -5.465 7.268 
3 16 3.109 -4 7.507 0 -4 8.125 2.827 -5.465 7.268 
3 16 0 -4 8.125 0 -5.521 7.761 2.827 -5.465 7.268 
3 16 4.707 -4.009 6.619 3.109 -4 7.507 3.929 -5.388 6.766 
3 16 3.109 -4 7.507 2.827 -5.465 7.268 3.929 -5.388 6.766 
3 16 4.211 -6.755 5.612 3.929 -5.388 6.766 2.972 -6.913 6.194 
3 16 3.929 -5.388 6.766 2.827 -5.465 7.268 2.972 -6.913 6.194 
3 16 3.209 -7.397 5.558 2.972 -6.913 6.194 0 -7.397 6.25 
3 16 2.972 -6.913 6.194 0 -6.875 6.849 0 -7.397 6.25 
3 16 2.972 -6.913 6.194 3.209 -7.397 5.558 4.211 -6.755 5.612 
3 16 3.209 -7.397 5.558 5.558 -7.986 3.209 4.211 -6.755 5.612 
3 16 5.558 -7.986 3.209 6.418 -7.986 0 28.412 -7.399 -9.278 
3 16 6.418 -7.986 0 27.871 -7.993 -11.286 28.412 -7.399 -9.278 
3 16 28.412 -7.399 -9.278 4.211 -6.755 5.612 5.558 -7.986 3.209 
3 16 3.929 -5.388 6.766 4.211 -6.755 5.612 28.449 -6.155 -7.853 
3 16 4.211 -6.755 5.612 28.412 -7.399 -9.278 28.449 -6.155 -7.853 
3 16 28.449 -6.155 -7.853 27.983 -4.403 -6.857 3.929 -5.388 6.766 
3 16 27.983 -4.403 -6.857 4.707 -4.009 6.619 3.929 -5.388 6.766 
3 16 27.83 -7.994 -13.626 27.871 -7.993 -11.286 5.558 -7.994 -3.209 
3 16 27.871 -7.993 -11.286 6.418 -7.986 0 5.558 -7.994 -3.209 
3 16 27.83 -7.994 -13.626 5.558 -7.994 -3.209 27.1 -7.994 -14.985 
3 16 3.209 -7.986 -5.558 5.159 -7.994 -6.852 5.558 -7.994 -3.209 
3 16 27.1 -7.994 -14.985 5.159 -7.994 -6.852 25.645 -7.994 -15.204 
3 16 5.159 -7.994 -6.852 4.918 -7.301 -8.375 25.645 -7.994 -15.204 
3 16 25.645 -7.994 -15.204 4.918 -7.301 -8.375 25.134 -7.301 -16.613 
3 16 5.558 -7.994 -3.209 5.159 -7.994 -6.852 27.1 -7.994 -14.985 
3 16 -3.209 -12.45 5.558 0 -12.45 6.25 -3.209 -7.397 5.558 
3 16 -3.209 -7.397 5.558 0 -12.45 6.25 0 -7.397 6.25 
3 16 -3.209 -7.397 5.558 -5.558 -7.986 3.209 -3.209 -12.45 5.558 
3 16 -3.209 -12.45 5.558 -5.558 -7.986 3.209 -5.558 -12.45 3.209 
3 16 -6.418 -12.45 0 -5.558 -12.45 3.209 -6.418 -7.986 0 
3 16 -6.418 -7.986 0 -5.558 -12.45 3.209 -5.558 -7.986 3.209 
3 16 -6.418 -7.986 0 -5.558 -7.994 -3.209 -6.418 -12.45 0 
3 16 -6.418 -12.45 0 -5.558 -7.994 -3.209 -5.558 -12.45 -3.209 
3 16 -5.558 -12.45 -3.209 -5.558 -7.994 -3.209 -3.209 -12.45 -5.558 
3 16 -3.209 -12.45 -5.558 -5.558 -7.994 -3.209 -3.209 -7.986 -5.558 
3 16 -3.209 -7.986 -5.558 0 -7.994 -6.25 -3.209 -12.45 -5.558 
3 16 -3.209 -12.45 -5.558 0 -7.994 -6.25 0 -12.45 -6.25 
3 16 -5.558 -12.45 3.209 0 -12.45 0 -3.209 -12.45 5.558 
3 16 -3.209 -12.45 5.558 0 -12.45 0 0 -12.45 6.25 
3 16 -5.558 -12.45 3.209 -6.418 -12.45 0 0 -12.45 0 
3 16 0 -12.45 0 -6.418 -12.45 0 -5.558 -12.45 -3.209 
3 16 0 -12.45 -6.25 0 -12.45 0 -3.209 -12.45 -5.558 
3 16 -3.209 -12.45 -5.558 0 -12.45 0 -5.558 -12.45 -3.209 
3 16 3.209 -12.45 5.558 3.209 -7.397 5.558 0 -12.45 6.25 
3 16 3.209 -7.397 5.558 0 -7.397 6.25 0 -12.45 6.25 
3 16 3.209 -7.397 5.558 3.209 -12.45 5.558 5.558 -7.986 3.209 
3 16 3.209 -12.45 5.558 5.558 -12.45 3.209 5.558 -7.986 3.209 
3 16 6.418 -12.45 0 6.418 -7.986 0 5.558 -12.45 3.209 
3 16 6.418 -7.986 0 5.558 -7.986 3.209 5.558 -12.45 3.209 
3 16 6.418 -7.986 0 6.418 -12.45 0 5.558 -7.994 -3.209 
3 16 6.418 -12.45 0 5.558 -12.45 -3.209 5.558 -7.994 -3.209 
3 16 5.558 -12.45 -3.209 3.209 -12.45 -5.558 5.558 -7.994 -3.209 
3 16 3.209 -12.45 -5.558 3.209 -7.986 -5.558 5.558 -7.994 -3.209 
3 16 3.209 -7.986 -5.558 3.209 -12.45 -5.558 0 -7.994 -6.25 
3 16 3.209 -12.45 -5.558 0 -12.45 -6.25 0 -7.994 -6.25 
3 16 5.558 -12.45 3.209 3.209 -12.45 5.558 0 -12.45 0 
3 16 3.209 -12.45 5.558 0 -12.45 6.25 0 -12.45 0 
3 16 5.558 -12.45 3.209 0 -12.45 0 6.418 -12.45 0 
3 16 0 -12.45 0 5.558 -12.45 -3.209 6.418 -12.45 0 
3 16 0 -12.45 -6.25 3.209 -12.45 -5.558 0 -12.45 0 
3 16 3.209 -12.45 -5.558 5.558 -12.45 -3.209 0 -12.45 0 
2 24 -3.109 -4 7.507 0 -4 8.125 
2 24 -8.125 0 0 -7.198 0 -4.156 
2 24 -7.444 -1.129 -3.074 -8.125 0 0 
2 24 -7.198 0 4.156 -8.125 0 0 
2 24 -8.125 0 0 -7.159 -0.804 3.235 
2 24 -4.156 0 7.198 -7.198 0 4.156 
2 24 -7.159 -0.804 3.235 -5.428 -2.579 5.931 
2 24 -4.707 -4.009 6.619 -3.109 -4 7.507 
2 24 -5.428 -2.579 5.931 -4.707 -4.009 6.619 
2 24 -7.198 -4 -4.156 -23.976 -4 -13.742 
2 24 -7.272 -2.643 -3.824 -7.198 -4 -4.156 
2 24 -23.976 -4 -13.742 -26.264 -4 -14.232 
2 24 0 0 8.312 -4.156 0 7.198 
2 24 -4.163 -4 -7.217 0 -4 -8.312 
2 24 0 -4 -8.312 -2.788 -4 -8.41 
2 24 0 -7.994 -6.25 -3.209 -7.986 -5.558 
2 24 -29.44 -4 -12.311 -29.941 -4 -10.758 
2 24 -28.229 -4 -13.591 -29.44 -4 -12.311 
2 24 -26.264 -4 -14.232 -28.229 -4 -13.591 
2 24 -4.156 0 -7.198 0 0 -8.312 
2 24 -7.272 -2.643 -3.824 -7.444 -1.129 -3.074 
2 24 -4.163 -4 -7.217 -7.198 -4 -4.156 
2 24 -7.198 0 -4.156 -4.156 0 -7.198 
2 24 -4.768 -4 -9.071 -2.788 -4 -8.41 
2 24 -29.165 -4 -16.045 -30 -4 -13.655 
2 24 -27.306 -4 -17.323 -29.165 -4 -16.045 
2 24 -24.934 -4 -17.207 -27.306 -4 -17.323 
2 24 -30 -4 -13.655 -29.941 -4 -10.758 
2 24 -4.768 -4 -9.071 -24.934 -4 -17.207 
2 24 -3.209 -7.397 5.558 0 -7.397 6.25 
2 24 -5.558 -7.986 3.209 -3.209 -7.397 5.558 
2 24 -6.418 -7.986 0 -5.558 -7.986 3.209 
2 24 -5.558 -7.994 -3.209 -6.418 -7.986 0 
2 24 -3.209 -7.986 -5.558 -5.558 -7.994 -3.209 
2 24 0 -4 8.125 3.109 -4 7.507 
2 24 8.125 0 0 7.444 -1.129 -3.074 
2 24 7.198 0 -4.156 8.125 0 0 
2 24 7.159 -0.804 3.235 8.125 0 0 
2 24 8.125 0 0 7.198 0 4.156 
2 24 7.198 0 4.156 4.156 0 7.198 
2 24 5.428 -2.579 5.931 7.159 -0.804 3.235 
2 24 3.109 -4 7.507 4.707 -4.009 6.619 
2 24 4.707 -4.009 6.619 5.428 -2.579 5.931 
2 24 23.976 -4 -13.742 7.198 -4 -4.156 
2 24 7.198 -4 -4.156 7.272 -2.643 -3.824 
2 24 26.264 -4 -14.232 23.976 -4 -13.742 
2 24 4.156 0 7.198 0 0 8.312 
2 24 2.788 -4 -8.41 0 -4 -8.312 
2 24 0 -4 -8.312 4.163 -4 -7.217 
2 24 3.209 -7.986 -5.558 0 -7.994 -6.25 
2 24 29.941 -4 -10.758 29.44 -4 -12.311 
2 24 29.44 -4 -12.311 28.229 -4 -13.591 
2 24 28.229 -4 -13.591 26.264 -4 -14.232 
2 24 0 0 -8.312 4.156 0 -7.198 
2 24 7.444 -1.129 -3.074 7.272 -2.643 -3.824 
2 24 7.198 -4 -4.156 4.163 -4 -7.217 
2 24 4.156 0 -7.198 7.198 0 -4.156 
2 24 2.788 -4 -8.41 4.768 -4 -9.071 
2 24 30 -4 -13.655 29.165 -4 -16.045 
2 24 29.165 -4 -16.045 27.306 -4 -17.323 
2 24 27.306 -4 -17.323 24.934 -4 -17.207 
2 24 29.941 -4 -10.758 30 -4 -13.655 
2 24 24.934 -4 -17.207 4.768 -4 -9.071 
2 24 0 -7.397 6.25 3.209 -7.397 5.558 
2 24 3.209 -7.397 5.558 5.558 -7.986 3.209 
2 24 5.558 -7.986 3.209 6.418 -7.986 0 
2 24 6.418 -7.986 0 5.558 -7.994 -3.209 
2 24 5.558 -7.994 -3.209 3.209 -7.986 -5.558 
2 24 -3.209 -12.45 5.558 0 -12.45 6.25 
2 24 -5.558 -12.45 3.209 -3.209 -12.45 5.558 
2 24 -6.418 -12.45 0 -5.558 -12.45 3.209 
2 24 -5.558 -12.45 -3.209 -6.418 -12.45 0 
2 24 -3.209 -12.45 -5.558 -5.558 -12.45 -3.209 
2 24 0 -12.45 -6.25 -3.209 -12.45 -5.558 
2 24 0 -12.45 6.25 3.209 -12.45 5.558 
2 24 3.209 -12.45 5.558 5.558 -12.45 3.209 
2 24 5.558 -12.45 3.209 6.418 -12.45 0 
2 24 6.418 -12.45 0 5.558 -12.45 -3.209 
2 24 5.558 -12.45 -3.209 3.209 -12.45 -5.558 
2 24 3.209 -12.45 -5.558 0 -12.45 -6.25 

0 // Stud4
3 16 -3.209 -5.25 5.558 -3.209 0 5.558 0 -5.25 6.418 
3 16 0 -5.25 6.418 -3.209 0 5.558 0 0 6.418 
3 16 -5.558 -5.25 3.209 -5.558 0 3.209 -3.209 -5.25 5.558 
3 16 -3.209 -5.25 5.558 -5.558 0 3.209 -3.209 0 5.558 
3 16 -6.418 -5.25 0 -6.418 0 0 -5.558 -5.25 3.209 
3 16 -5.558 -5.25 3.209 -6.418 0 0 -5.558 0 3.209 
3 16 -5.558 -5.25 -3.209 -5.558 0 -3.209 -6.418 -5.25 0 
3 16 -6.418 -5.25 0 -5.558 0 -3.209 -6.418 0 0 
3 16 -5.558 0 -3.209 -5.558 -5.25 -3.209 -3.209 0 -5.558 
3 16 -3.209 0 -5.558 -5.558 -5.25 -3.209 -3.209 -5.25 -5.558 
3 16 0 -5.25 -6.418 0 0 -6.418 -3.209 -5.25 -5.558 
3 16 -3.209 -5.25 -5.558 0 0 -6.418 -3.209 0 -5.558 
3 16 0 0 6.418 -3.209 0 5.558 0 0 8.312 
3 16 0 0 8.312 -3.209 0 5.558 -4.156 0 7.198 
3 16 -7.198 0 -4.156 -8.125 0 0 -5.558 0 -3.209 
3 16 -5.558 0 -3.209 -8.125 0 0 -6.418 0 0 
3 16 -7.198 0 4.156 -4.156 0 7.198 -5.558 0 3.209 
3 16 -5.558 0 3.209 -4.156 0 7.198 -3.209 0 5.558 
3 16 -7.198 0 4.156 -5.558 0 3.209 -8.125 0 0 
3 16 -8.125 0 0 -5.558 0 3.209 -6.418 0 0 
3 16 -4.156 0 -7.198 -7.198 0 -4.156 -3.209 0 -5.558 
3 16 -3.209 0 -5.558 -7.198 0 -4.156 -5.558 0 -3.209 
3 16 0 0 -6.418 0 0 -8.312 -3.209 0 -5.558 
3 16 -3.209 0 -5.558 0 0 -8.312 -4.156 0 -7.198 
3 16 -3.209 -5.25 5.558 0 -5.25 0 -5.558 -5.25 3.209 
3 16 -5.558 -5.25 3.209 0 -5.25 0 -6.418 -5.25 0 
3 16 -6.418 -5.25 0 0 -5.25 0 -5.558 -5.25 -3.209 
3 16 0 -5.25 0 -3.209 -5.25 5.558 0 -5.25 6.418 
3 16 -5.558 -5.25 -3.209 0 -5.25 0 -3.209 -5.25 -5.558 
3 16 -3.209 -5.25 -5.558 0 -5.25 0 0 -5.25 -6.418 
3 16 3.209 -5.25 5.558 0 -5.25 6.418 3.209 0 5.558 
3 16 0 -5.25 6.418 0 0 6.418 3.209 0 5.558 
3 16 5.558 -5.25 3.209 3.209 -5.25 5.558 5.558 0 3.209 
3 16 3.209 -5.25 5.558 3.209 0 5.558 5.558 0 3.209 
3 16 6.418 -5.25 0 5.558 -5.25 3.209 6.418 0 0 
3 16 5.558 -5.25 3.209 5.558 0 3.209 6.418 0 0 
3 16 5.558 -5.25 -3.209 6.418 -5.25 0 5.558 0 -3.209 
3 16 6.418 -5.25 0 6.418 0 0 5.558 0 -3.209 
3 16 5.558 0 -3.209 3.209 0 -5.558 5.558 -5.25 -3.209 
3 16 3.209 0 -5.558 3.209 -5.25 -5.558 5.558 -5.25 -3.209 
3 16 0 -5.25 -6.418 3.209 -5.25 -5.558 0 0 -6.418 
3 16 3.209 -5.25 -5.558 3.209 0 -5.558 0 0 -6.418 
3 16 0 0 6.418 0 0 8.312 3.209 0 5.558 
3 16 0 0 8.312 4.156 0 7.198 3.209 0 5.558 
3 16 7.198 0 -4.156 5.558 0 -3.209 8.125 0 0 
3 16 5.558 0 -3.209 6.418 0 0 8.125 0 0 
3 16 7.198 0 4.156 5.558 0 3.209 4.156 0 7.198 
3 16 5.558 0 3.209 3.209 0 5.558 4.156 0 7.198 
3 16 7.198 0 4.156 8.125 0 0 5.558 0 3.209 
3 16 8.125 0 0 6.418 0 0 5.558 0 3.209 
3 16 4.156 0 -7.198 3.209 0 -5.558 7.198 0 -4.156 
3 16 3.209 0 -5.558 5.558 0 -3.209 7.198 0 -4.156 
3 16 0 0 -6.418 3.209 0 -5.558 0 0 -8.312 
3 16 3.209 0 -5.558 4.156 0 -7.198 0 0 -8.312 
3 16 3.209 -5.25 5.558 5.558 -5.25 3.209 0 -5.25 0 
3 16 5.558 -5.25 3.209 6.418 -5.25 0 0 -5.25 0 
3 16 6.418 -5.25 0 5.558 -5.25 -3.209 0 -5.25 0 
3 16 0 -5.25 0 0 -5.25 6.418 3.209 -5.25 5.558 
3 16 5.558 -5.25 -3.209 3.209 -5.25 -5.558 0 -5.25 0 
3 16 3.209 -5.25 -5.558 0 -5.25 -6.418 0 -5.25 0 
2 24 0 -5.25 6.418 -3.209 -5.25 5.558 
2 24 -3.209 0 5.558 0 0 6.418 
2 24 -3.209 -5.25 5.558 -5.558 -5.25 3.209 
2 24 -5.558 0 3.209 -3.209 0 5.558 
2 24 -5.558 -5.25 3.209 -6.418 -5.25 0 
2 24 -6.418 0 0 -5.558 0 3.209 
2 24 -6.418 -5.25 0 -5.558 -5.25 -3.209 
2 24 -5.558 0 -3.209 -6.418 0 0 
2 24 -3.209 0 -5.558 -5.558 0 -3.209 
2 24 -5.558 -5.25 -3.209 -3.209 -5.25 -5.558 
2 24 -3.209 -5.25 -5.558 0 -5.25 -6.418 
2 24 0 0 -6.418 -3.209 0 -5.558 
2 24 -4.156 0 7.198 0 0 8.312 
2 24 -7.198 0 -4.156 -8.125 0 0 
2 24 -7.198 0 4.156 -4.156 0 7.198 
2 24 -8.125 0 0 -7.198 0 4.156 
2 24 -4.156 0 -7.198 -7.198 0 -4.156 
2 24 0 0 -8.312 -4.156 0 -7.198 
2 24 3.209 -5.25 5.558 0 -5.25 6.418 
2 24 0 0 6.418 3.209 0 5.558 
2 24 5.558 -5.25 3.209 3.209 -5.25 5.558 
2 24 3.209 0 5.558 5.558 0 3.209 
2 24 6.418 -5.25 0 5.558 -5.25 3.209 
2 24 5.558 0 3.209 6.418 0 0 
2 24 5.558 -5.25 -3.209 6.418 -5.25 0 
2 24 6.418 0 0 5.558 0 -3.209 
2 24 5.558 0 -3.209 3.209 0 -5.558 
2 24 3.209 -5.25 -5.558 5.558 -5.25 -3.209 
2 24 0 -5.25 -6.418 3.209 -5.25 -5.558 
2 24 3.209 0 -5.558 0 0 -6.418 
2 24 0 0 8.312 4.156 0 7.198 
2 24 8.125 0 0 7.198 0 -4.156 
2 24 4.156 0 7.198 7.198 0 4.156 
2 24 7.198 0 4.156 8.125 0 0 
2 24 7.198 0 -4.156 4.156 0 -7.198 
2 24 4.156 0 -7.198 0 0 -8.312 

