0 SNAKE W/ 3.2 SHAFT NO. 1 (Needs Work)
0 Name: 28588.dat
0 Author: <AuthorRealName> [<AuthorLDrawName>]
0 !LDRAW_ORG Unofficial_Part
0 !LICENSE Redistributable under CCAL version 2.0 : see CAreadme.txt

0 BFC CERTIFY CCW

0 !HISTORY 2018-01-28 {LEGO Digital Designer} Original part shape
0 !HISTORY 2018-01-28 [<AuthorLDrawName>] File preparation for LDraw Parts Tracker

0 // Needs Work: Clean necessary

0 // Outside
3 16 5.361 -4.389 2.302 5.361 -2.202 4.443 0 -4.639 2.43 
3 16 0 -4.639 2.43 5.361 -2.202 4.443 0 -2.285 4.703 
3 16 5.361 -2.202 4.443 5.354 -0.036 5.007 0 -2.285 4.703 
3 16 0 -2.285 4.703 5.354 -0.036 5.007 0 0 5.313 
3 16 5.354 -0.036 5.007 5.366 2.812 4.164 0 0 5.313 
3 16 0 0 5.313 5.366 2.812 4.164 0 3.123 4.298 
3 16 5.366 2.812 4.164 5.371 4.341 2.406 0 3.123 4.298 
3 16 0 3.123 4.298 5.371 4.341 2.406 0 4.66 2.427 
3 16 5.371 4.341 2.406 5.366 5.014 -0.032 0 4.66 2.427 
3 16 0 4.66 2.427 5.366 5.014 -0.032 0 5.313 -0.032 
3 16 5.351 4.334 -2.418 0 4.638 -2.438 5.366 5.014 -0.032 
3 16 5.366 5.014 -0.032 0 4.638 -2.438 0 5.313 -0.032 
3 16 5.366 2.852 -4.119 0 3.123 -4.298 5.351 4.334 -2.418 
3 16 5.351 4.334 -2.418 0 3.123 -4.298 0 4.638 -2.438 
3 16 0 3.123 -4.298 5.366 2.852 -4.119 0 -0.821 -5.182 
3 16 0 -0.821 -5.182 5.366 2.852 -4.119 5.366 -0.742 -4.851 
3 16 5.366 -0.742 -4.851 5.366 -2.895 -4.086 0 -0.821 -5.182 
3 16 0 -0.821 -5.182 5.366 -2.895 -4.086 0 -3.123 -4.298 
3 16 5.346 -4.463 -2.136 0 -4.681 -2.353 5.366 -2.895 -4.086 
3 16 5.366 -2.895 -4.086 0 -4.681 -2.353 0 -3.123 -4.298 
3 16 5.366 -5.025 -0.032 0 -5.312 -0.032 5.346 -4.463 -2.136 
3 16 5.346 -4.463 -2.136 0 -5.312 -0.032 0 -4.681 -2.353 
3 16 5.361 -4.389 2.302 0 -4.639 2.43 5.366 -5.025 -0.032 
3 16 5.366 -5.025 -0.032 0 -4.639 2.43 0 -5.312 -0.032 
3 16 0 3.123 -4.298 0 0.009 0.011 0 4.638 -2.438 
3 16 5.366 -0.742 -4.851 8.527 -1.606 -4.665 5.366 -2.895 -4.086 
3 16 5.366 -2.895 -4.086 8.527 -1.606 -4.665 8.278 -3.597 -3.887 
3 16 5.366 2.852 -4.119 8.961 1.821 -4.052 5.366 -0.742 -4.851 
3 16 5.366 -0.742 -4.851 8.961 1.821 -4.052 8.527 -1.606 -4.665 
3 16 5.351 4.334 -2.418 9.253 3.348 -2.371 5.366 2.852 -4.119 
3 16 5.366 2.852 -4.119 9.253 3.348 -2.371 8.961 1.821 -4.052 
3 16 5.366 5.014 -0.032 9.403 4.055 -0.032 5.351 4.334 -2.418 
3 16 5.351 4.334 -2.418 9.403 4.055 -0.032 9.253 3.348 -2.371 
3 16 5.366 5.014 -0.032 5.371 4.341 2.406 9.403 4.055 -0.032 
3 16 9.403 4.055 -0.032 5.371 4.341 2.406 9.245 3.36 2.352 
3 16 5.371 4.341 2.406 5.366 2.812 4.164 9.245 3.36 2.352 
3 16 9.245 3.36 2.352 5.366 2.812 4.164 8.963 1.831 4.045 
3 16 5.366 2.812 4.164 5.354 -0.036 5.007 8.963 1.831 4.045 
3 16 8.963 1.831 4.045 5.354 -0.036 5.007 8.596 -0.854 4.777 
3 16 5.354 -0.036 5.007 5.361 -2.202 4.443 8.596 -0.854 4.777 
3 16 8.596 -0.854 4.777 5.361 -2.202 4.443 8.347 -2.904 4.256 
3 16 5.361 -2.202 4.443 5.361 -4.389 2.302 8.347 -2.904 4.256 
3 16 9.664 -6.368 2.093 10.332 -4.634 3.977 5.361 -4.389 2.302 
3 16 8.347 -2.904 4.256 5.361 -4.389 2.302 10.332 -4.634 3.977 
3 16 5.361 -4.389 2.302 5.366 -5.025 -0.032 9.664 -6.368 2.093 
3 16 9.664 -6.368 2.093 5.366 -5.025 -0.032 9.481 -6.962 -0.032 
3 16 5.346 -4.463 -2.136 9.66 -6.465 -1.948 5.366 -5.025 -0.032 
3 16 5.366 -5.025 -0.032 9.66 -6.465 -1.948 9.481 -6.962 -0.032 
3 16 5.366 -2.895 -4.086 8.278 -3.597 -3.887 5.346 -4.463 -2.136 
3 16 9.66 -6.465 -1.948 5.346 -4.463 -2.136 10.085 -5.226 -3.622 
3 16 5.346 -4.463 -2.136 8.278 -3.597 -3.887 10.085 -5.226 -3.622 
3 16 8.527 -1.606 -4.665 10.79 -3.547 -4.397 8.278 -3.597 -3.887 
3 16 8.278 -3.597 -3.887 10.79 -3.547 -4.397 10.085 -5.226 -3.622 
3 16 8.961 1.821 -4.052 12.209 -0.706 -3.931 8.527 -1.606 -4.665 
3 16 8.527 -1.606 -4.665 12.209 -0.706 -3.931 10.79 -3.547 -4.397 
3 16 9.253 3.348 -2.371 12.885 0.72 -2.375 8.961 1.821 -4.052 
3 16 8.961 1.821 -4.052 12.885 0.72 -2.375 12.209 -0.706 -3.931 
3 16 9.403 4.055 -0.032 13.272 1.393 -0.032 9.253 3.348 -2.371 
3 16 9.253 3.348 -2.371 13.272 1.393 -0.032 12.885 0.72 -2.375 
3 16 9.403 4.055 -0.032 9.245 3.36 2.352 13.272 1.393 -0.032 
3 16 13.272 1.393 -0.032 9.245 3.36 2.352 12.913 0.73 2.327 
3 16 9.245 3.36 2.352 8.963 1.831 4.045 12.913 0.73 2.327 
3 16 12.913 0.73 2.327 8.963 1.831 4.045 12.161 -0.597 3.908 
3 16 8.963 1.831 4.045 8.596 -0.854 4.777 12.161 -0.597 3.908 
3 16 12.161 -0.597 3.908 8.596 -0.854 4.777 11.083 -2.953 4.5 
3 16 8.596 -0.854 4.777 8.347 -2.904 4.256 11.083 -2.953 4.5 
3 16 11.083 -2.953 4.5 8.347 -2.904 4.256 10.332 -4.634 3.977 
3 16 9.66 -6.465 -1.948 10.853 -9.357 -1.744 9.481 -6.962 -0.032 
3 16 9.481 -6.962 -0.032 10.853 -9.357 -1.744 10.511 -9.686 -0.032 
3 16 10.085 -5.226 -3.622 11.176 -7.003 -3.402 9.66 -6.465 -1.948 
3 16 10.853 -9.357 -1.744 9.66 -6.465 -1.948 11.773 -8.904 -3.202 
3 16 9.66 -6.465 -1.948 11.176 -7.003 -3.402 11.773 -8.904 -3.202 
3 16 10.79 -3.547 -4.397 12.331 -5.88 -4.123 10.085 -5.226 -3.622 
3 16 10.085 -5.226 -3.622 12.331 -5.88 -4.123 11.176 -7.003 -3.402 
3 16 12.209 -0.706 -3.931 14.522 -4.057 -3.797 10.79 -3.547 -4.397 
3 16 10.79 -3.547 -4.397 14.522 -4.057 -3.797 12.331 -5.88 -4.123 
3 16 12.885 0.72 -2.375 15.728 -3.185 -2.318 12.209 -0.706 -3.931 
3 16 12.209 -0.706 -3.931 15.728 -3.185 -2.318 14.522 -4.057 -3.797 
3 16 13.272 1.393 -0.032 16.336 -2.647 -0.032 12.885 0.72 -2.375 
3 16 12.885 0.72 -2.375 16.336 -2.647 -0.032 15.728 -3.185 -2.318 
3 16 13.272 1.393 -0.032 12.913 0.73 2.327 16.336 -2.647 -0.032 
3 16 16.336 -2.647 -0.032 12.913 0.73 2.327 15.728 -3.167 2.311 
3 16 12.913 0.73 2.327 12.161 -0.597 3.908 15.728 -3.167 2.311 
3 16 15.728 -3.167 2.311 12.161 -0.597 3.908 14.501 -4.076 3.812 
3 16 12.161 -0.597 3.908 11.083 -2.953 4.5 14.501 -4.076 3.812 
3 16 14.501 -4.076 3.812 11.083 -2.953 4.5 12.795 -5.424 4.233 
3 16 11.083 -2.953 4.5 10.332 -4.634 3.977 12.795 -5.424 4.233 
3 16 12.795 -5.424 4.233 10.332 -4.634 3.977 11.544 -6.64 3.721 
3 16 10.332 -4.634 3.977 9.664 -6.368 2.093 11.544 -6.64 3.721 
3 16 10.901 -9.345 1.846 12.209 -8.764 3.5 9.664 -6.368 2.093 
3 16 11.544 -6.64 3.721 9.664 -6.368 2.093 12.209 -8.764 3.5 
3 16 9.664 -6.368 2.093 9.481 -6.962 -0.032 10.901 -9.345 1.846 
3 16 10.901 -9.345 1.846 9.481 -6.962 -0.032 10.511 -9.686 -0.032 
3 16 12.331 -5.88 -4.123 13.222 -8.508 -3.903 11.176 -7.003 -3.402 
3 16 11.176 -7.003 -3.402 13.222 -8.508 -3.903 11.773 -8.904 -3.202 
3 16 14.522 -4.057 -3.797 15.813 -8.049 -3.733 12.331 -5.88 -4.123 
3 16 12.331 -5.88 -4.123 15.813 -8.049 -3.733 13.222 -8.508 -3.903 
3 16 15.728 -3.185 -2.318 17.318 -7.783 -2.289 14.522 -4.057 -3.797 
3 16 14.522 -4.057 -3.797 17.318 -7.783 -2.289 15.813 -8.049 -3.733 
3 16 16.336 -2.647 -0.032 18.074 -7.567 -0.032 15.728 -3.185 -2.318 
3 16 15.728 -3.185 -2.318 18.074 -7.567 -0.032 17.318 -7.783 -2.289 
3 16 16.336 -2.647 -0.032 15.728 -3.167 2.311 18.074 -7.567 -0.032 
3 16 18.074 -7.567 -0.032 15.728 -3.167 2.311 17.318 -7.819 2.306 
3 16 15.728 -3.167 2.311 14.501 -4.076 3.812 17.318 -7.819 2.306 
3 16 17.318 -7.819 2.306 14.501 -4.076 3.812 15.776 -8.037 3.75 
3 16 14.501 -4.076 3.812 12.795 -5.424 4.233 15.776 -8.037 3.75 
3 16 15.776 -8.037 3.75 12.795 -5.424 4.233 13.675 -8.425 4.004 
3 16 12.795 -5.424 4.233 11.544 -6.64 3.721 13.675 -8.425 4.004 
3 16 13.675 -8.425 4.004 11.544 -6.64 3.721 12.209 -8.764 3.5 
3 16 10.853 -9.357 -1.744 10.382 -13.226 -1.599 10.511 -9.686 -0.032 
3 16 10.511 -9.686 -0.032 10.382 -13.226 -1.599 9.967 -13.226 -0.032 
3 16 10.901 -9.345 1.846 10.511 -9.686 -0.032 10.406 -13.234 1.655 
3 16 10.406 -13.234 1.655 10.511 -9.686 -0.032 9.967 -13.226 -0.032 
3 16 12.209 -8.764 3.5 10.901 -9.345 1.846 12.385 -11.2 3.403 
3 16 10.901 -9.345 1.846 10.406 -13.234 1.655 12.385 -11.2 3.403 
3 16 12.385 -11.2 3.403 10.406 -13.234 1.655 11.631 -13.836 3.261 
3 16 12.209 -8.764 3.5 12.385 -11.2 3.403 13.675 -8.425 4.004 
3 16 13.675 -8.425 4.004 12.385 -11.2 3.403 13.79 -11.529 3.912 
3 16 13.675 -8.425 4.004 13.79 -11.529 3.912 15.776 -8.037 3.75 
3 16 15.776 -8.037 3.75 13.79 -11.529 3.912 15.829 -12.113 3.799 
3 16 15.776 -8.037 3.75 15.829 -12.113 3.799 17.318 -7.819 2.306 
3 16 17.318 -7.819 2.306 15.829 -12.113 3.799 17.426 -12.567 2.313 
3 16 18.074 -7.567 -0.032 17.318 -7.819 2.306 18.219 -12.686 -0.032 
3 16 18.219 -12.686 -0.032 17.318 -7.819 2.306 17.426 -12.567 2.313 
3 16 18.074 -7.567 -0.032 18.219 -12.686 -0.032 17.318 -7.783 -2.289 
3 16 17.318 -7.783 -2.289 18.219 -12.686 -0.032 17.428 -12.549 -2.3 
3 16 15.813 -8.049 -3.733 17.318 -7.783 -2.289 15.798 -12.128 -3.811 
3 16 15.798 -12.128 -3.811 17.318 -7.783 -2.289 17.428 -12.549 -2.3 
3 16 13.222 -8.508 -3.903 15.813 -8.049 -3.733 13.335 -11.397 -3.796 
3 16 13.335 -11.397 -3.796 15.813 -8.049 -3.733 15.798 -12.128 -3.811 
3 16 13.222 -8.508 -3.903 13.335 -11.397 -3.796 11.773 -8.904 -3.202 
3 16 11.773 -8.904 -3.202 13.335 -11.397 -3.796 11.885 -11.099 -3.077 
3 16 11.773 -8.904 -3.202 11.885 -11.099 -3.077 10.853 -9.357 -1.744 
3 16 10.853 -9.357 -1.744 11.885 -11.099 -3.077 10.382 -13.226 -1.599 
3 16 11.885 -11.099 -3.077 11.204 -13.595 -2.921 10.382 -13.226 -1.599 
3 16 11.885 -11.099 -3.077 13.335 -11.397 -3.796 11.204 -13.595 -2.921 
3 16 11.204 -13.595 -2.921 13.335 -11.397 -3.796 12.428 -14.345 -3.691 
3 16 13.335 -11.397 -3.796 15.798 -12.128 -3.811 12.428 -14.345 -3.691 
3 16 12.428 -14.345 -3.691 15.798 -12.128 -3.811 14.591 -15.902 -3.814 
3 16 15.798 -12.128 -3.811 17.428 -12.549 -2.3 14.591 -15.902 -3.814 
3 16 14.591 -15.902 -3.814 17.428 -12.549 -2.3 16.06 -16.855 -2.297 
3 16 17.428 -12.549 -2.3 18.219 -12.686 -0.032 16.06 -16.855 -2.297 
3 16 16.06 -16.855 -2.297 18.219 -12.686 -0.032 16.773 -17.197 -0.032 
3 16 18.219 -12.686 -0.032 17.426 -12.567 2.313 16.773 -17.197 -0.032 
3 16 16.773 -17.197 -0.032 17.426 -12.567 2.313 16.063 -16.852 2.292 
3 16 15.829 -12.113 3.799 14.643 -15.854 3.812 17.426 -12.567 2.313 
3 16 17.426 -12.567 2.313 14.643 -15.854 3.812 16.063 -16.852 2.292 
3 16 13.79 -11.529 3.912 12.795 -14.565 3.815 15.829 -12.113 3.799 
3 16 15.829 -12.113 3.799 12.795 -14.565 3.815 14.643 -15.854 3.812 
3 16 12.385 -11.2 3.403 11.631 -13.836 3.261 13.79 -11.529 3.912 
3 16 13.79 -11.529 3.912 11.631 -13.836 3.261 12.795 -14.565 3.815 
3 16 12.795 -14.565 3.815 11.033 -17.622 3.761 14.643 -15.854 3.812 
3 16 14.643 -15.854 3.812 11.033 -17.622 3.761 12.634 -19.069 3.811 
3 16 11.631 -13.836 3.261 9.975 -16.661 3.217 12.795 -14.565 3.815 
3 16 12.795 -14.565 3.815 9.975 -16.661 3.217 11.033 -17.622 3.761 
3 16 6.415 -18.378 1.577 7.395 -19.379 3.152 10.406 -13.234 1.655 
3 16 7.395 -19.379 3.152 9.975 -16.661 3.217 10.406 -13.234 1.655 
3 16 9.975 -16.661 3.217 11.631 -13.836 3.261 10.406 -13.234 1.655 
3 16 10.406 -13.234 1.655 9.967 -13.226 -0.032 6.415 -18.378 1.577 
3 16 6.415 -18.378 1.577 9.967 -13.226 -0.032 6.196 -18.041 -0.032 
3 16 10.382 -13.226 -1.599 6.433 -18.345 -1.559 9.967 -13.226 -0.032 
3 16 9.967 -13.226 -0.032 6.433 -18.345 -1.559 6.196 -18.041 -0.032 
3 16 11.204 -13.595 -2.921 7.092 -19.051 -2.866 10.382 -13.226 -1.599 
3 16 10.382 -13.226 -1.599 7.092 -19.051 -2.866 6.433 -18.345 -1.559 
3 16 7.092 -19.051 -2.866 11.204 -13.595 -2.921 8.162 -20.012 -3.591 
3 16 8.162 -20.012 -3.591 11.204 -13.595 -2.921 10.636 -17.257 -3.618 
3 16 11.204 -13.595 -2.921 12.428 -14.345 -3.691 10.636 -17.257 -3.618 
3 16 12.428 -14.345 -3.691 14.591 -15.902 -3.814 10.636 -17.257 -3.618 
3 16 10.636 -17.257 -3.618 14.591 -15.902 -3.814 12.591 -19.095 -3.811 
3 16 14.591 -15.902 -3.814 16.06 -16.855 -2.297 12.591 -19.095 -3.811 
3 16 12.591 -19.095 -3.811 16.06 -16.855 -2.297 13.883 -20.291 -2.323 
3 16 16.06 -16.855 -2.297 16.773 -17.197 -0.032 13.883 -20.291 -2.323 
3 16 13.883 -20.291 -2.323 16.773 -17.197 -0.032 14.472 -20.81 -0.032 
3 16 16.063 -16.852 2.292 13.89 -20.3 2.312 16.773 -17.197 -0.032 
3 16 16.773 -17.197 -0.032 13.89 -20.3 2.312 14.472 -20.81 -0.032 
3 16 14.643 -15.854 3.812 12.634 -19.069 3.811 16.063 -16.852 2.292 
3 16 16.063 -16.852 2.292 12.634 -19.069 3.811 13.89 -20.3 2.312 
3 16 12.634 -19.069 3.811 11.033 -17.622 3.761 10.217 -21.788 3.806 
3 16 10.217 -21.788 3.806 11.033 -17.622 3.761 8.576 -20.366 3.734 
3 16 11.033 -17.622 3.761 9.975 -16.661 3.217 8.576 -20.366 3.734 
3 16 8.576 -20.366 3.734 9.975 -16.661 3.217 7.395 -19.379 3.152 
3 16 12.591 -19.095 -3.811 10.225 -21.748 -3.81 10.636 -17.257 -3.618 
3 16 10.636 -17.257 -3.618 10.225 -21.748 -3.81 8.162 -20.012 -3.591 
3 16 12.591 -19.095 -3.811 13.883 -20.291 -2.323 10.225 -21.748 -3.81 
3 16 10.225 -21.748 -3.81 13.883 -20.291 -2.323 11.486 -22.888 -2.328 
3 16 13.883 -20.291 -2.323 14.472 -20.81 -0.032 11.486 -22.888 -2.328 
3 16 11.486 -22.888 -2.328 14.472 -20.81 -0.032 12.074 -23.457 -0.032 
3 16 14.472 -20.81 -0.032 13.89 -20.3 2.312 12.074 -23.457 -0.032 
3 16 12.074 -23.457 -0.032 13.89 -20.3 2.312 11.484 -22.881 2.335 
3 16 12.634 -19.069 3.811 10.217 -21.788 3.806 13.89 -20.3 2.312 
3 16 13.89 -20.3 2.312 10.217 -21.788 3.806 11.484 -22.881 2.335 
3 16 11.484 -22.881 2.335 9.836 -25.525 2.33 12.074 -23.457 -0.032 
3 16 12.074 -23.457 -0.032 9.836 -25.525 2.33 10.499 -26.028 -0.032 
3 16 11.486 -22.888 -2.328 12.074 -23.457 -0.032 9.833 -25.537 -2.33 
3 16 9.833 -25.537 -2.33 12.074 -23.457 -0.032 10.499 -26.028 -0.032 
3 16 10.225 -21.748 -3.81 11.486 -22.888 -2.328 8.405 -24.657 -3.787 
3 16 8.405 -24.657 -3.787 11.486 -22.888 -2.328 9.833 -25.537 -2.33 
3 16 8.162 -20.012 -3.591 10.225 -21.748 -3.81 5.974 -23.237 -3.579 
3 16 5.974 -23.237 -3.579 10.225 -21.748 -3.81 8.405 -24.657 -3.787 
3 16 7.092 -19.051 -2.866 8.162 -20.012 -3.591 4.795 -22.467 -2.865 
3 16 4.795 -22.467 -2.865 8.162 -20.012 -3.591 5.974 -23.237 -3.579 
3 16 6.433 -18.345 -1.559 7.092 -19.051 -2.866 4.007 -21.861 -1.549 
3 16 4.007 -21.861 -1.549 7.092 -19.051 -2.866 4.795 -22.467 -2.865 
3 16 6.196 -18.041 -0.032 6.433 -18.345 -1.559 3.738 -21.606 -0.032 
3 16 3.738 -21.606 -0.032 6.433 -18.345 -1.559 4.007 -21.861 -1.549 
3 16 6.196 -18.041 -0.032 3.738 -21.606 -0.032 6.415 -18.378 1.577 
3 16 6.415 -18.378 1.577 3.738 -21.606 -0.032 3.992 -21.897 1.552 
3 16 6.415 -18.378 1.577 3.992 -21.897 1.552 7.395 -19.379 3.152 
3 16 7.395 -19.379 3.152 3.992 -21.897 1.552 5.141 -22.745 3.143 
3 16 7.395 -19.379 3.152 5.141 -22.745 3.143 8.576 -20.366 3.734 
3 16 8.576 -20.366 3.734 5.141 -22.745 3.143 6.422 -23.52 3.715 
3 16 8.576 -20.366 3.734 6.422 -23.52 3.715 10.217 -21.788 3.806 
3 16 10.217 -21.788 3.806 6.422 -23.52 3.715 8.374 -24.633 3.803 
3 16 10.217 -21.788 3.806 8.374 -24.633 3.803 11.484 -22.881 2.335 
3 16 11.484 -22.881 2.335 8.374 -24.633 3.803 9.836 -25.525 2.33 
3 16 5.974 -23.237 -3.579 8.405 -24.657 -3.787 4.864 -27.141 -3.576 
3 16 4.864 -27.141 -3.576 8.405 -24.657 -3.787 7.592 -27.791 -3.789 
3 16 4.795 -22.467 -2.865 5.974 -23.237 -3.579 3.499 -26.768 -2.874 
3 16 3.499 -26.768 -2.874 5.974 -23.237 -3.579 4.864 -27.141 -3.576 
3 16 4.007 -21.861 -1.549 4.795 -22.467 -2.865 2.566 -26.402 -1.568 
3 16 2.566 -26.402 -1.568 4.795 -22.467 -2.865 3.499 -26.768 -2.874 
3 16 3.738 -21.606 -0.032 4.007 -21.861 -1.549 2.215 -26.215 -0.032 
3 16 2.215 -26.215 -0.032 4.007 -21.861 -1.549 2.566 -26.402 -1.568 
3 16 3.738 -21.606 -0.032 2.215 -26.215 -0.032 3.992 -21.897 1.552 
3 16 3.992 -21.897 1.552 2.215 -26.215 -0.032 2.559 -26.403 1.535 
3 16 3.992 -21.897 1.552 2.559 -26.403 1.535 5.141 -22.745 3.143 
3 16 5.141 -22.745 3.143 2.559 -26.403 1.535 3.957 -26.867 3.176 
3 16 5.141 -22.745 3.143 3.957 -26.867 3.176 6.422 -23.52 3.715 
3 16 6.422 -23.52 3.715 3.957 -26.867 3.176 5.316 -27.256 3.709 
3 16 6.422 -23.52 3.715 5.316 -27.256 3.709 8.374 -24.633 3.803 
3 16 8.374 -24.633 3.803 5.316 -27.256 3.709 7.574 -27.802 3.796 
3 16 8.374 -24.633 3.803 7.574 -27.802 3.796 9.836 -25.525 2.33 
3 16 9.836 -25.525 2.33 7.574 -27.802 3.796 9.443 -30.607 2.319 
3 16 7.574 -27.802 3.796 7.764 -30.835 3.801 9.443 -30.607 2.319 
3 16 9.836 -25.525 2.33 9.443 -30.607 2.319 10.499 -26.028 -0.032 
3 16 10.499 -26.028 -0.032 9.443 -30.607 2.319 10.254 -30.499 -0.032 
3 16 9.833 -25.537 -2.33 10.499 -26.028 -0.032 9.423 -30.591 -2.344 
3 16 9.423 -30.591 -2.344 10.499 -26.028 -0.032 10.254 -30.499 -0.032 
3 16 8.405 -24.657 -3.787 9.833 -25.537 -2.33 7.592 -27.791 -3.789 
3 16 9.833 -25.537 -2.33 9.423 -30.591 -2.344 7.592 -27.791 -3.789 
3 16 7.592 -27.791 -3.789 9.423 -30.591 -2.344 7.735 -30.81 -3.81 
3 16 4.864 -27.141 -3.576 7.592 -27.791 -3.789 5.083 -31.264 -3.601 
3 16 5.083 -31.264 -3.601 7.592 -27.791 -3.789 7.735 -30.81 -3.81 
3 16 3.499 -26.768 -2.874 4.864 -27.141 -3.576 3.666 -31.437 -2.892 
3 16 3.666 -31.437 -2.892 4.864 -27.141 -3.576 5.083 -31.264 -3.601 
3 16 2.566 -26.402 -1.568 3.499 -26.768 -2.874 2.666 -31.461 -1.582 
3 16 2.666 -31.461 -1.582 3.499 -26.768 -2.874 3.666 -31.437 -2.892 
3 16 2.215 -26.215 -0.032 2.566 -26.402 -1.568 2.286 -31.443 -0.032 
3 16 2.286 -31.443 -0.032 2.566 -26.402 -1.568 2.666 -31.461 -1.582 
3 16 2.215 -26.215 -0.032 2.286 -31.443 -0.032 2.559 -26.403 1.535 
3 16 2.559 -26.403 1.535 2.286 -31.443 -0.032 2.65 -31.463 1.517 
3 16 2.559 -26.403 1.535 2.65 -31.463 1.517 3.957 -26.867 3.176 
3 16 3.957 -26.867 3.176 2.65 -31.463 1.517 4.131 -31.383 3.189 
3 16 3.957 -26.867 3.176 4.131 -31.383 3.189 5.316 -27.256 3.709 
3 16 5.316 -27.256 3.709 4.131 -31.383 3.189 5.588 -31.128 3.721 
3 16 5.316 -27.256 3.709 5.588 -31.128 3.721 7.574 -27.802 3.796 
3 16 7.574 -27.802 3.796 5.588 -31.128 3.721 7.764 -30.835 3.801 
3 16 5.588 -31.128 3.721 6.801 -34.462 3.74 7.764 -30.835 3.801 
3 16 7.764 -30.835 3.801 6.801 -34.462 3.74 8.754 -33.491 3.811 
3 16 4.131 -31.383 3.189 5.487 -35.117 3.184 5.588 -31.128 3.721 
3 16 5.588 -31.128 3.721 5.487 -35.117 3.184 6.801 -34.462 3.74 
3 16 2.65 -31.463 1.517 4.173 -35.705 1.566 4.131 -31.383 3.189 
3 16 4.131 -31.383 3.189 4.173 -35.705 1.566 5.487 -35.117 3.184 
3 16 2.286 -31.443 -0.032 3.79 -35.857 -0.032 2.65 -31.463 1.517 
3 16 2.65 -31.463 1.517 3.79 -35.857 -0.032 4.173 -35.705 1.566 
3 16 2.286 -31.443 -0.032 2.666 -31.461 -1.582 3.79 -35.857 -0.032 
3 16 3.79 -35.857 -0.032 2.666 -31.461 -1.582 4.174 -35.72 -1.555 
3 16 2.666 -31.461 -1.582 3.666 -31.437 -2.892 4.174 -35.72 -1.555 
3 16 4.174 -35.72 -1.555 3.666 -31.437 -2.892 5.068 -35.302 -2.888 
3 16 3.666 -31.437 -2.892 5.083 -31.264 -3.601 5.068 -35.302 -2.888 
3 16 5.068 -35.302 -2.888 5.083 -31.264 -3.601 6.362 -34.661 -3.61 
3 16 5.083 -31.264 -3.601 7.735 -30.81 -3.81 6.362 -34.661 -3.61 
3 16 6.362 -34.661 -3.61 7.735 -30.81 -3.81 8.797 -33.447 -3.788 
3 16 7.735 -30.81 -3.81 9.423 -30.591 -2.344 8.797 -33.447 -3.788 
3 16 9.423 -30.591 -2.344 11.405 -34.221 -2.324 8.797 -33.447 -3.788 
3 16 11.405 -34.221 -2.324 10.219 -35.398 -3.808 8.797 -33.447 -3.788 
3 16 12.037 -33.659 -0.032 11.405 -34.221 -2.324 10.254 -30.499 -0.032 
3 16 10.254 -30.499 -0.032 11.405 -34.221 -2.324 9.423 -30.591 -2.344 
3 16 9.443 -30.607 2.319 11.466 -34.267 2.316 10.254 -30.499 -0.032 
3 16 10.254 -30.499 -0.032 11.466 -34.267 2.316 12.037 -33.659 -0.032 
3 16 7.764 -30.835 3.801 8.754 -33.491 3.811 9.443 -30.607 2.319 
3 16 9.443 -30.607 2.319 8.754 -33.491 3.811 11.466 -34.267 2.316 
3 16 8.754 -33.491 3.811 10.26 -35.479 3.811 11.466 -34.267 2.316 
3 16 6.801 -34.462 3.74 8.655 -36.872 3.757 8.754 -33.491 3.811 
3 16 8.754 -33.491 3.811 8.655 -36.872 3.757 10.26 -35.479 3.811 
3 16 5.487 -35.117 3.184 7.585 -37.896 3.218 6.801 -34.462 3.74 
3 16 6.801 -34.462 3.74 7.585 -37.896 3.218 8.655 -36.872 3.757 
3 16 4.173 -35.705 1.566 6.489 -38.893 1.548 5.487 -35.117 3.184 
3 16 5.487 -35.117 3.184 6.489 -38.893 1.548 7.585 -37.896 3.218 
3 16 3.79 -35.857 -0.032 6.151 -39.121 -0.032 4.173 -35.705 1.566 
3 16 4.173 -35.705 1.566 6.151 -39.121 -0.032 6.489 -38.893 1.548 
3 16 3.79 -35.857 -0.032 4.174 -35.72 -1.555 6.151 -39.121 -0.032 
3 16 6.151 -39.121 -0.032 4.174 -35.72 -1.555 6.462 -38.875 -1.526 
3 16 4.174 -35.72 -1.555 5.068 -35.302 -2.888 6.462 -38.875 -1.526 
3 16 6.462 -38.875 -1.526 5.068 -35.302 -2.888 7.22 -38.201 -2.914 
3 16 5.068 -35.302 -2.888 6.362 -34.661 -3.61 7.22 -38.201 -2.914 
3 16 7.22 -38.201 -2.914 6.362 -34.661 -3.61 8.252 -37.243 -3.612 
3 16 6.362 -34.661 -3.61 8.797 -33.447 -3.788 8.252 -37.243 -3.612 
3 16 8.252 -37.243 -3.612 8.797 -33.447 -3.788 10.219 -35.398 -3.808 
3 16 13.594 -37.466 -3.799 11.69 -36.547 -3.792 15.02 -36.111 -2.575 
3 16 15.02 -36.111 -2.575 11.69 -36.547 -3.792 11.405 -34.221 -2.324 
3 16 11.69 -36.547 -3.792 10.219 -35.398 -3.808 11.405 -34.221 -2.324 
3 16 8.252 -37.243 -3.612 10.219 -35.398 -3.808 10.166 -38.834 -3.633 
3 16 10.166 -38.834 -3.633 10.219 -35.398 -3.808 11.69 -36.547 -3.792 
3 16 8.252 -37.243 -3.612 10.166 -38.834 -3.633 7.22 -38.201 -2.914 
3 16 7.22 -38.201 -2.914 10.166 -38.834 -3.633 9.351 -40.061 -2.859 
3 16 6.462 -38.875 -1.526 7.22 -38.201 -2.914 8.813 -40.82 -1.537 
3 16 8.813 -40.82 -1.537 7.22 -38.201 -2.914 9.351 -40.061 -2.859 
3 16 6.151 -39.121 -0.032 6.462 -38.875 -1.526 8.635 -41.135 -0.032 
3 16 8.635 -41.135 -0.032 6.462 -38.875 -1.526 8.813 -40.82 -1.537 
3 16 6.151 -39.121 -0.032 8.635 -41.135 -0.032 6.489 -38.893 1.548 
3 16 6.489 -38.893 1.548 8.635 -41.135 -0.032 8.861 -40.845 1.566 
3 16 8.655 -36.872 3.757 10.423 -38.41 3.744 10.26 -35.479 3.811 
3 16 10.26 -35.479 3.811 10.423 -38.41 3.744 11.614 -36.579 3.811 
3 16 13.61 -37.471 3.798 14.954 -36.167 2.573 11.614 -36.579 3.811 
3 16 14.954 -36.167 2.573 11.466 -34.267 2.316 11.614 -36.579 3.811 
3 16 11.466 -34.267 2.316 10.26 -35.479 3.811 11.614 -36.579 3.811 
3 16 10.423 -38.41 3.744 12.709 -39.565 3.76 11.614 -36.579 3.811 
3 16 11.614 -36.579 3.811 12.709 -39.565 3.76 13.61 -37.471 3.798 
3 16 8.655 -36.872 3.757 7.585 -37.896 3.218 10.423 -38.41 3.744 
3 16 12.709 -39.565 3.76 10.423 -38.41 3.744 12.523 -40.968 3.243 
3 16 12.745 -42.547 1.667 12.523 -40.968 3.243 8.861 -40.845 1.566 
3 16 6.489 -38.893 1.548 8.861 -40.845 1.566 7.585 -37.896 3.218 
3 16 8.861 -40.845 1.566 12.523 -40.968 3.243 7.585 -37.896 3.218 
3 16 12.523 -40.968 3.243 10.423 -38.41 3.744 7.585 -37.896 3.218 
3 16 8.861 -40.845 1.566 8.635 -41.135 -0.032 12.745 -42.547 1.667 
3 16 12.745 -42.547 1.667 8.635 -41.135 -0.032 12.866 -43.04 -0.033 
3 16 8.813 -40.82 -1.537 12.694 -42.544 -1.63 8.635 -41.135 -0.032 
3 16 8.635 -41.135 -0.032 12.694 -42.544 -1.63 12.866 -43.04 -0.033 
3 16 9.351 -40.061 -2.859 12.547 -41.548 -2.897 8.813 -40.82 -1.537 
3 16 8.813 -40.82 -1.537 12.547 -41.548 -2.897 12.694 -42.544 -1.63 
3 16 10.166 -38.834 -3.633 12.634 -40.021 -3.653 9.351 -40.061 -2.859 
3 16 9.351 -40.061 -2.859 12.634 -40.021 -3.653 12.547 -41.548 -2.897 
3 16 10.166 -38.834 -3.633 11.69 -36.547 -3.792 12.634 -40.021 -3.653 
3 16 12.634 -40.021 -3.653 11.69 -36.547 -3.792 13.594 -37.466 -3.799 
3 16 11.466 -34.267 2.316 14.954 -36.167 2.573 12.037 -33.659 -0.032 
3 16 12.037 -33.659 -0.032 14.954 -36.167 2.573 15.496 -35.307 -0.007 
3 16 16.45 -36.438 -4.693 15.02 -36.111 -2.575 19.144 -34.396 -3.618 
3 16 19.143 -33.101 -0.032 19.144 -34.396 -3.618 15.496 -35.307 -0.007 
3 16 19.144 -34.396 -3.618 15.02 -36.111 -2.575 15.496 -35.307 -0.007 
3 16 23.327 -30.786 -0.032 23.376 -30.907 -1.631 19.143 -33.101 -0.032 
3 16 19.143 -33.101 -0.032 23.376 -30.907 -1.631 19.144 -34.396 -3.618 
3 16 16.462 -36.438 4.828 19.146 -34.416 3.632 14.954 -36.167 2.573 
3 16 19.143 -33.101 -0.032 15.496 -35.307 -0.007 19.146 -34.416 3.632 
3 16 19.146 -34.416 3.632 15.496 -35.307 -0.007 14.954 -36.167 2.573 
3 16 23.327 -30.786 -0.032 19.143 -33.101 -0.032 23.285 -30.962 1.736 
3 16 23.285 -30.962 1.736 19.143 -33.101 -0.032 19.146 -34.416 3.632 
3 16 23.327 -30.786 -0.032 24.126 -31.589 -0.032 23.376 -30.907 -1.631 
3 16 23.376 -30.907 -1.631 24.126 -31.589 -0.032 23.998 -31.746 -1.685 
3 16 23.91 -31.754 1.759 24.126 -31.589 -0.032 23.285 -30.962 1.736 
3 16 23.285 -30.962 1.736 24.126 -31.589 -0.032 23.327 -30.786 -0.032 
3 16 23.91 -31.754 1.759 23.785 -32.449 1.434 24.126 -31.589 -0.032 
3 16 23.785 -32.449 1.434 23.899 -32.485 -1.324 24.126 -31.589 -0.032 
3 16 23.899 -32.485 -1.324 23.998 -31.746 -1.685 24.126 -31.589 -0.032 
3 16 15.02 -36.111 -2.575 16.45 -36.438 -4.693 13.594 -37.466 -3.799 
3 16 16.45 -36.438 -4.693 13.06 -39.566 -5.49 13.594 -37.466 -3.799 
3 16 13.594 -37.466 -3.799 13.06 -39.566 -5.49 12.634 -40.021 -3.653 
3 16 13.06 -39.566 -5.49 12.954 -42.947 -3.721 12.634 -40.021 -3.653 
3 16 12.634 -40.021 -3.653 12.954 -42.947 -3.721 12.547 -41.548 -2.897 
3 16 14.954 -36.167 2.573 13.61 -37.471 3.798 16.462 -36.438 4.828 
3 16 16.462 -36.438 4.828 13.61 -37.471 3.798 13.028 -39.566 5.479 
3 16 13.61 -37.471 3.798 12.709 -39.565 3.76 13.028 -39.566 5.479 
3 16 12.709 -39.565 3.76 12.523 -40.968 3.243 13.028 -39.566 5.479 
3 16 13.028 -39.566 5.479 12.523 -40.968 3.243 13.025 -43.023 3.634 
3 16 12.523 -40.968 3.243 12.745 -42.547 1.667 13.025 -43.023 3.634 
3 16 13.025 -43.023 3.634 12.745 -42.547 1.667 13.27 -43.775 1.582 
3 16 12.694 -42.544 -1.63 13.211 -43.893 -1.417 12.866 -43.04 -0.033 
3 16 13.211 -43.893 -1.417 13.27 -43.775 1.582 12.866 -43.04 -0.033 
3 16 13.27 -43.775 1.582 12.745 -42.547 1.667 12.866 -43.04 -0.033 
3 16 13.211 -43.893 -1.417 12.694 -42.544 -1.63 12.954 -42.947 -3.721 
3 16 12.954 -42.947 -3.721 12.694 -42.544 -1.63 12.547 -41.548 -2.897 
3 16 23.91 -31.754 1.759 23.285 -30.962 1.736 21.297 -35.194 3.67 
3 16 21.297 -35.194 3.67 23.285 -30.962 1.736 19.146 -34.416 3.632 
3 16 13.028 -39.566 5.479 14.755 -44.151 3.813 18.919 -44.338 4.639 
3 16 13.028 -39.566 5.479 13.025 -43.023 3.634 14.755 -44.151 3.813 
3 16 18.013 -40.824 5.577 13.028 -39.566 5.479 18.919 -44.338 4.639 
3 16 18.013 -40.824 5.577 17.462 -40.26 5.543 13.028 -39.566 5.479 
3 16 17.462 -40.26 5.543 18.378 -40.328 4.568 19.788 -37.968 4.744 
3 16 19.788 -37.968 4.744 18.378 -40.328 4.568 20.112 -38.481 3.67 
3 16 17.462 -40.26 5.543 18.013 -40.824 5.577 18.378 -40.328 4.568 
3 16 18.013 -40.824 5.577 23.132 -41.116 4.001 18.378 -40.328 4.568 
3 16 18.378 -40.328 4.568 23.132 -41.116 4.001 22.766 -40.152 2.921 
3 16 21.64 -35.823 2.644 23.785 -32.449 1.434 21.297 -35.194 3.67 
3 16 21.297 -35.194 3.67 23.785 -32.449 1.434 23.91 -31.754 1.759 
3 16 23.785 -32.449 1.434 21.64 -35.823 2.644 23.899 -32.485 -1.324 
3 16 23.899 -32.485 -1.324 21.64 -35.823 2.644 21.637 -35.827 -2.66 
3 16 21.937 -38.15 -2.767 21.637 -35.827 -2.66 21.938 -38.153 2.725 
3 16 21.938 -38.153 2.725 21.637 -35.827 -2.66 21.64 -35.823 2.644 
3 16 22.689 -40.156 -2.939 21.937 -38.15 -2.767 22.766 -40.152 2.921 
3 16 22.766 -40.152 2.921 21.937 -38.15 -2.767 21.938 -38.153 2.725 
3 16 20.043 -38.599 -3.658 18.324 -40.3 -4.594 19.81 -37.878 -4.756 
3 16 19.81 -37.878 -4.756 18.324 -40.3 -4.594 17.533 -40.276 -5.532 
3 16 21.637 -35.827 -2.66 21.937 -38.15 -2.767 20.043 -38.599 -3.658 
3 16 18.324 -40.3 -4.594 20.043 -38.599 -3.658 22.689 -40.156 -2.939 
3 16 20.043 -38.599 -3.658 21.937 -38.15 -2.767 22.689 -40.156 -2.939 
3 16 21.64 -35.823 2.644 20.112 -38.481 3.67 21.938 -38.153 2.725 
3 16 18.378 -40.328 4.568 22.766 -40.152 2.921 20.112 -38.481 3.67 
3 16 20.112 -38.481 3.67 22.766 -40.152 2.921 21.938 -38.153 2.725 
3 16 17.533 -40.276 -5.532 18.324 -40.3 -4.594 18.066 -40.823 -5.555 
3 16 18.066 -40.823 -5.555 18.324 -40.3 -4.594 22.892 -41.001 -3.997 
3 16 18.324 -40.3 -4.594 22.689 -40.156 -2.939 22.892 -41.001 -3.997 
3 16 25.152 -41.589 -2.709 22.689 -40.156 -2.939 24.995 -41.567 -0.032 
3 16 24.995 -41.567 -0.032 22.689 -40.156 -2.939 22.766 -40.152 2.921 
3 16 22.766 -40.152 2.921 25.129 -41.59 2.744 24.995 -41.567 -0.032 
3 16 22.689 -40.156 -2.939 25.152 -41.589 -2.709 22.892 -41.001 -3.997 
3 16 22.892 -41.001 -3.997 25.152 -41.589 -2.709 25.143 -42.224 -3.432 
3 16 22.766 -40.152 2.921 23.132 -41.116 4.001 25.129 -41.59 2.744 
3 16 25.129 -41.59 2.744 23.132 -41.116 4.001 25.18 -42.239 3.403 
3 16 25.129 -41.59 2.744 25.18 -42.239 3.403 27.338 -43.396 2.519 
3 16 27.338 -43.396 2.519 25.18 -42.239 3.403 27.365 -44.025 2.767 
3 16 25.152 -41.589 -2.709 27.328 -43.45 -2.554 25.143 -42.224 -3.432 
3 16 25.143 -42.224 -3.432 27.328 -43.45 -2.554 27.356 -44.124 -2.748 
3 16 25.152 -41.589 -2.709 24.995 -41.567 -0.032 26.597 -40.149 -2.323 
3 16 26.597 -40.149 -2.323 24.995 -41.567 -0.032 26.499 -39.78 -0.033 
3 16 27.328 -43.45 -2.554 25.152 -41.589 -2.709 27.601 -41.038 -2.28 
3 16 27.159 -40.09 -2.296 27.601 -41.038 -2.28 26.597 -40.149 -2.323 
3 16 25.152 -41.589 -2.709 26.597 -40.149 -2.323 27.601 -41.038 -2.28 
3 16 26.499 -39.78 -0.033 24.995 -41.567 -0.032 26.776 -40.056 2.335 
3 16 26.776 -40.056 2.335 24.995 -41.567 -0.032 25.129 -41.59 2.744 
3 16 27.338 -43.396 2.519 27.57 -41.305 2.333 25.129 -41.59 2.744 
3 16 27.235 -40.163 2.292 26.776 -40.056 2.335 27.57 -41.305 2.333 
3 16 26.776 -40.056 2.335 25.129 -41.59 2.744 27.57 -41.305 2.333 
3 16 26.597 -40.149 -2.323 26.499 -39.78 -0.033 27.159 -40.09 -2.296 
3 16 27.159 -40.09 -2.296 26.499 -39.78 -0.033 27.336 -39.807 -0.059 
3 16 27.336 -39.807 -0.059 26.499 -39.78 -0.033 27.235 -40.163 2.292 
3 16 27.235 -40.163 2.292 26.499 -39.78 -0.033 26.776 -40.056 2.335 
3 16 27.336 -39.807 -0.059 27.235 -40.163 2.292 27.947 -40.95 -0.032 
3 16 27.947 -40.95 -0.032 27.235 -40.163 2.292 27.57 -41.305 2.333 
3 16 27.336 -39.807 -0.059 27.947 -40.95 -0.032 27.159 -40.09 -2.296 
3 16 27.159 -40.09 -2.296 27.947 -40.95 -0.032 27.601 -41.038 -2.28 
3 16 27.328 -43.45 -2.554 27.601 -41.038 -2.28 28.015 -43.543 -0.032 
3 16 28.015 -43.543 -0.032 27.601 -41.038 -2.28 27.947 -40.95 -0.032 
3 16 27.338 -43.396 2.519 28.015 -43.543 -0.032 27.57 -41.305 2.333 
3 16 27.57 -41.305 2.333 28.015 -43.543 -0.032 27.947 -40.95 -0.032 
3 16 27.356 -44.124 -2.748 27.328 -43.45 -2.554 28.007 -44.142 -0.032 
3 16 28.007 -44.142 -0.032 27.328 -43.45 -2.554 28.015 -43.543 -0.032 
3 16 28.015 -43.543 -0.032 27.338 -43.396 2.519 28.007 -44.142 -0.032 
3 16 28.007 -44.142 -0.032 27.338 -43.396 2.519 27.365 -44.025 2.767 
3 16 27.365 -44.025 2.767 26.994 -45.132 2.198 28.007 -44.142 -0.032 
3 16 26.994 -45.132 2.198 27.029 -45.748 1.48 28.007 -44.142 -0.032 
3 16 27.029 -45.748 1.48 27.031 -45.779 -0.032 28.007 -44.142 -0.032 
3 16 27.356 -44.124 -2.748 28.007 -44.142 -0.032 27.069 -45.118 -2.189 
3 16 27.069 -45.118 -2.189 28.007 -44.142 -0.032 27.03 -45.768 -1.329 
3 16 27.031 -45.779 -0.032 27.03 -45.768 -1.329 28.007 -44.142 -0.032 
3 16 23.397 -46.002 -2.845 23.785 -45.226 -3.63 27.03 -45.768 -1.329 
3 16 27.03 -45.768 -1.329 23.785 -45.226 -3.63 27.069 -45.118 -2.189 
3 16 27.069 -45.118 -2.189 23.785 -45.226 -3.63 24.8 -44.7 -3.136 
3 16 25.143 -42.224 -3.432 27.356 -44.124 -2.748 24.8 -44.7 -3.136 
3 16 24.8 -44.7 -3.136 27.356 -44.124 -2.748 27.069 -45.118 -2.189 
3 16 24.8 -44.7 -3.136 23.22 -42.63 -4.477 25.143 -42.224 -3.432 
3 16 25.143 -42.224 -3.432 23.22 -42.63 -4.477 22.892 -41.001 -3.997 
3 16 23.396 -46.005 2.957 27.029 -45.748 1.48 23.687 -45.201 3.702 
3 16 27.029 -45.748 1.48 26.994 -45.132 2.198 23.687 -45.201 3.702 
3 16 24.751 -44.691 3.155 23.687 -45.201 3.702 26.994 -45.132 2.198 
3 16 25.18 -42.239 3.403 24.751 -44.691 3.155 27.365 -44.025 2.767 
3 16 27.365 -44.025 2.767 24.751 -44.691 3.155 26.994 -45.132 2.198 
3 16 24.751 -44.691 3.155 25.18 -42.239 3.403 23.314 -42.602 4.441 
3 16 23.314 -42.602 4.441 25.18 -42.239 3.403 23.132 -41.116 4.001 
3 16 23.785 -45.226 -3.63 23.397 -46.002 -2.845 21.188 -45.097 -4.637 
3 16 21.188 -45.097 -4.637 23.397 -46.002 -2.845 20.713 -46.007 -3.838 
3 16 23.998 -31.746 -1.685 21.371 -35.105 -3.644 23.376 -30.907 -1.631 
3 16 23.376 -30.907 -1.631 21.371 -35.105 -3.644 19.144 -34.396 -3.618 
3 16 21.297 -35.194 3.67 19.146 -34.416 3.632 19.788 -37.968 4.744 
3 16 19.788 -37.968 4.744 19.146 -34.416 3.632 16.462 -36.438 4.828 
3 16 16.45 -36.438 -4.693 19.144 -34.396 -3.618 19.81 -37.878 -4.756 
3 16 19.81 -37.878 -4.756 19.144 -34.396 -3.618 21.371 -35.105 -3.644 
3 16 20.043 -38.599 -3.658 19.81 -37.878 -4.756 21.637 -35.827 -2.66 
3 16 21.637 -35.827 -2.66 19.81 -37.878 -4.756 21.371 -35.105 -3.644 
3 16 23.22 -42.63 -4.477 21.628 -42.836 -4.962 22.892 -41.001 -3.997 
3 16 22.892 -41.001 -3.997 21.628 -42.836 -4.962 18.066 -40.823 -5.555 
3 16 21.628 -42.836 -4.962 19.03 -44.363 -4.631 18.066 -40.823 -5.555 
3 16 12.954 -42.947 -3.721 13.06 -39.566 -5.49 14.755 -44.157 -3.806 
3 16 20.713 -46.007 -3.838 17.906 -45.267 -3.95 21.188 -45.097 -4.637 
3 16 19.03 -44.363 -4.631 21.188 -45.097 -4.637 17.906 -45.267 -3.95 
3 16 23.314 -42.602 4.441 23.132 -41.116 4.001 21.657 -42.771 4.968 
3 16 23.132 -41.116 4.001 18.013 -40.824 5.577 21.657 -42.771 4.968 
3 16 21.657 -42.771 4.968 18.013 -40.824 5.577 18.919 -44.338 4.639 
3 16 18.919 -44.338 4.639 14.755 -44.151 3.813 17.907 -45.133 3.967 
3 16 20.712 -45.854 3.928 21.136 -45.14 4.627 17.907 -45.133 3.967 
3 16 18.919 -44.338 4.639 17.907 -45.133 3.967 21.136 -45.14 4.627 
3 16 23.687 -45.201 3.702 21.136 -45.14 4.627 23.396 -46.005 2.957 
3 16 23.396 -46.005 2.957 21.136 -45.14 4.627 20.712 -45.854 3.928 
3 16 19.788 -37.968 4.744 20.112 -38.481 3.67 21.297 -35.194 3.67 
3 16 21.297 -35.194 3.67 20.112 -38.481 3.67 21.64 -35.823 2.644 
3 16 19.788 -37.968 4.744 16.462 -36.438 4.828 17.462 -40.26 5.543 
3 16 17.462 -40.26 5.543 16.462 -36.438 4.828 13.028 -39.566 5.479 
3 16 13.06 -39.566 -5.49 16.45 -36.438 -4.693 17.533 -40.276 -5.532 
3 16 17.533 -40.276 -5.532 16.45 -36.438 -4.693 19.81 -37.878 -4.756 
3 16 19.03 -44.363 -4.631 17.906 -45.267 -3.95 14.755 -44.157 -3.806 
3 16 17.533 -40.276 -5.532 18.066 -40.823 -5.555 13.06 -39.566 -5.49 
3 16 14.755 -44.157 -3.806 13.06 -39.566 -5.49 19.03 -44.363 -4.631 
3 16 13.06 -39.566 -5.49 18.066 -40.823 -5.555 19.03 -44.363 -4.631 
3 16 12.954 -42.947 -3.721 14.755 -44.157 -3.806 13.211 -43.893 -1.417 
3 16 13.211 -43.893 -1.417 14.755 -44.157 -3.806 14.719 -44.73 -1.513 
3 16 14.755 -44.157 -3.806 17.906 -45.267 -3.95 14.719 -44.73 -1.513 
3 16 14.719 -44.73 -1.513 17.906 -45.267 -3.95 17.926 -45.811 -1.608 
3 16 17.906 -45.267 -3.95 20.713 -46.007 -3.838 17.926 -45.811 -1.608 
3 16 17.926 -45.811 -1.608 20.713 -46.007 -3.838 20.697 -46.421 -1.621 
3 16 20.713 -46.007 -3.838 23.397 -46.002 -2.845 20.697 -46.421 -1.621 
3 16 20.697 -46.421 -1.621 23.397 -46.002 -2.845 23.395 -46.339 -1.215 
3 16 23.397 -46.002 -2.845 27.03 -45.768 -1.329 23.395 -46.339 -1.215 
3 16 23.395 -46.339 -1.215 27.03 -45.768 -1.329 25.478 -46.144 -0.032 
3 16 25.478 -46.144 -0.032 27.03 -45.768 -1.329 27.031 -45.779 -0.032 
3 16 13.025 -43.023 3.634 13.27 -43.775 1.582 14.755 -44.151 3.813 
3 16 14.755 -44.151 3.813 13.27 -43.775 1.582 14.807 -44.525 1.629 
3 16 20.712 -45.854 3.928 20.71 -46.205 1.532 23.396 -46.005 2.957 
3 16 23.396 -46.005 2.957 20.71 -46.205 1.532 23.461 -46.283 0.998 
3 16 17.907 -45.133 3.967 17.837 -45.573 1.586 20.712 -45.854 3.928 
3 16 20.712 -45.854 3.928 17.837 -45.573 1.586 20.71 -46.205 1.532 
3 16 14.755 -44.151 3.813 14.807 -44.525 1.629 17.907 -45.133 3.967 
3 16 17.907 -45.133 3.967 14.807 -44.525 1.629 17.837 -45.573 1.586 
3 16 14.807 -44.525 1.629 14.719 -44.73 -1.513 17.837 -45.573 1.586 
3 16 17.837 -45.573 1.586 14.719 -44.73 -1.513 17.926 -45.811 -1.608 
3 16 17.837 -45.573 1.586 17.926 -45.811 -1.608 20.71 -46.205 1.532 
3 16 20.71 -46.205 1.532 17.926 -45.811 -1.608 20.697 -46.421 -1.621 
3 16 20.71 -46.205 1.532 20.697 -46.421 -1.621 23.461 -46.283 0.998 
3 16 23.461 -46.283 0.998 20.697 -46.421 -1.621 23.395 -46.339 -1.215 
3 16 23.396 -46.005 2.957 23.461 -46.283 0.998 27.029 -45.748 1.48 
3 16 23.461 -46.283 0.998 25.478 -46.144 -0.032 27.029 -45.748 1.48 
3 16 25.478 -46.144 -0.032 27.031 -45.779 -0.032 27.029 -45.748 1.48 
3 16 25.478 -46.144 -0.032 23.461 -46.283 0.998 23.395 -46.339 -1.215 
3 16 24.8 -44.7 -3.136 23.891 -44.318 -3.407 23.22 -42.63 -4.477 
3 16 23.22 -42.63 -4.477 23.891 -44.318 -3.407 23.122 -43.046 -4.228 
3 16 19.03 -44.363 -4.631 21.566 -43.626 -4.087 21.188 -45.097 -4.637 
3 16 24.8 -44.7 -3.136 23.785 -45.226 -3.63 23.891 -44.318 -3.407 
3 16 21.566 -43.626 -4.087 22.599 -44.888 -4.144 21.188 -45.097 -4.637 
3 16 21.188 -45.097 -4.637 22.599 -44.888 -4.144 23.785 -45.226 -3.63 
3 16 23.891 -44.318 -3.407 23.785 -45.226 -3.63 22.599 -44.888 -4.144 
3 16 21.566 -43.626 -4.087 21.628 -42.836 -4.962 23.122 -43.046 -4.228 
3 16 23.122 -43.046 -4.228 21.628 -42.836 -4.962 23.22 -42.63 -4.477 
3 16 21.566 -43.626 -4.087 19.03 -44.363 -4.631 21.628 -42.836 -4.962 
3 16 22.983 -44.05 -4.449 23.122 -43.046 -4.228 23.891 -44.318 -3.407 
3 16 23.891 -44.318 -3.407 22.599 -44.888 -4.144 22.983 -44.05 -4.449 
3 16 22.599 -44.888 -4.144 21.566 -43.626 -4.087 22.983 -44.05 -4.449 
3 16 21.566 -43.626 -4.087 23.122 -43.046 -4.228 22.983 -44.05 -4.449 
3 16 24.751 -44.691 3.155 23.314 -42.602 4.441 23.934 -44.285 3.387 
3 16 23.934 -44.285 3.387 23.314 -42.602 4.441 23.152 -43.066 4.219 
3 16 23.314 -42.602 4.441 21.657 -42.771 4.968 23.152 -43.066 4.219 
3 16 23.152 -43.066 4.219 21.657 -42.771 4.968 21.654 -43.625 4.065 
3 16 18.919 -44.338 4.639 21.136 -45.14 4.627 21.654 -43.625 4.065 
3 16 24.751 -44.691 3.155 23.934 -44.285 3.387 23.687 -45.201 3.702 
3 16 23.934 -44.285 3.387 22.594 -44.925 4.16 23.687 -45.201 3.702 
3 16 23.687 -45.201 3.702 22.594 -44.925 4.16 21.136 -45.14 4.627 
3 16 22.594 -44.925 4.16 21.654 -43.625 4.065 21.136 -45.14 4.627 
3 16 21.654 -43.625 4.065 21.657 -42.771 4.968 18.919 -44.338 4.639 
3 16 23.934 -44.285 3.387 23.152 -43.066 4.219 22.993 -44.106 4.448 
3 16 22.993 -44.106 4.448 22.594 -44.925 4.16 23.934 -44.285 3.387 
3 16 23.152 -43.066 4.219 21.654 -43.625 4.065 22.993 -44.106 4.448 
3 16 21.654 -43.625 4.065 22.594 -44.925 4.16 22.993 -44.106 4.448 
3 16 13.27 -43.775 1.582 13.211 -43.893 -1.417 14.807 -44.525 1.629 
3 16 14.807 -44.525 1.629 13.211 -43.893 -1.417 14.719 -44.73 -1.513 
3 16 0 -4.639 2.43 0 -2.285 4.703 0 0.009 0.011 
3 16 0 0.009 0.011 0 -2.285 4.703 0 0 5.313 
3 16 0 0.009 0.011 0 0 5.313 0 3.123 4.298 
3 16 0 0.009 0.011 0 3.123 4.298 0 4.66 2.427 
3 16 0 0.009 0.011 0 4.66 2.427 0 5.313 -0.032 
3 16 0 0.009 0.011 0 5.313 -0.032 0 4.638 -2.438 
3 16 0 -0.821 -5.182 0 0.009 0.011 0 3.123 -4.298 
3 16 0 -3.123 -4.298 0 0.009 0.011 0 -0.821 -5.182 
3 16 0 -4.681 -2.353 0 0.009 0.011 0 -3.123 -4.298 
3 16 0 -5.312 -0.032 0 0.009 0.011 0 -4.681 -2.353 
3 16 0 -4.639 2.43 0 0.009 0.011 0 -5.312 -0.032 
3 16 11.405 -34.221 -2.324 12.037 -33.659 -0.032 15.02 -36.111 -2.575 
3 16 15.02 -36.111 -2.575 12.037 -33.659 -0.032 15.496 -35.307 -0.007 
3 16 23.998 -31.746 -1.685 23.899 -32.485 -1.324 21.371 -35.105 -3.644 
3 16 21.371 -35.105 -3.644 23.899 -32.485 -1.324 21.637 -35.827 -2.66 
3 16 -7.875 3.464 2 -7.875 2 3.464 0 3.464 2 
3 16 0 3.464 2 -7.875 2 3.464 0 2 3.464 
3 16 -7.875 2 3.464 -7.875 0 4 0 2 3.464 
3 16 0 2 3.464 -7.875 0 4 0 0 4 
3 16 -7.875 0 4 -7.875 -2 3.464 0 0 4 
3 16 0 0 4 -7.875 -2 3.464 0 -2 3.464 
3 16 -7.875 -2 3.464 -7.875 -3.464 2 0 -2 3.464 
3 16 0 -2 3.464 -7.875 -3.464 2 0 -3.464 2 
3 16 -7.875 -3.464 2 -7.875 -4 0 0 -3.464 2 
3 16 0 -3.464 2 -7.875 -4 0 0 -4 0 
3 16 -7.875 -4 0 -7.875 -3.464 -2 0 -4 0 
3 16 0 -4 0 -7.875 -3.464 -2 0 -3.464 -2 
3 16 -7.875 -3.464 -2 -7.875 -2 -3.464 0 -3.464 -2 
3 16 0 -3.464 -2 -7.875 -2 -3.464 0 -2 -3.464 
3 16 -7.875 -2 -3.464 -7.875 0 -4 0 -2 -3.464 
3 16 0 -2 -3.464 -7.875 0 -4 0 0 -4 
3 16 -7.875 0 -4 -7.875 2 -3.464 0 0 -4 
3 16 0 0 -4 -7.875 2 -3.464 0 2 -3.464 
3 16 -7.875 2 -3.464 -7.875 3.464 -2 0 2 -3.464 
3 16 0 2 -3.464 -7.875 3.464 -2 0 3.464 -2 
3 16 -7.875 3.464 -2 -7.875 4 0 0 3.464 -2 
3 16 0 3.464 -2 -7.875 4 0 0 4 0 
3 16 -7.875 4 0 -7.875 3.464 2 0 4 0 
3 16 0 4 0 -7.875 3.464 2 0 3.464 2 
3 16 -7.875 2 3.464 -7.875 3.464 2 -7.875 0 0 
3 16 -7.875 0 4 -7.875 2 3.464 -7.875 0 0 
3 16 -7.875 -2 3.464 -7.875 0 4 -7.875 0 0 
3 16 -7.875 -3.464 2 -7.875 -2 3.464 -7.875 0 0 
3 16 -7.875 -4 0 -7.875 -3.464 2 -7.875 0 0 
3 16 -7.875 -3.464 -2 -7.875 -4 0 -7.875 0 0 
3 16 -7.875 -2 -3.464 -7.875 -3.464 -2 -7.875 0 0 
3 16 -7.875 0 -4 -7.875 -2 -3.464 -7.875 0 0 
3 16 -7.875 2 -3.464 -7.875 0 -4 -7.875 0 0 
3 16 -7.875 3.464 -2 -7.875 2 -3.464 -7.875 0 0 
3 16 -7.875 4 0 -7.875 3.464 -2 -7.875 0 0 
3 16 -7.875 3.464 2 -7.875 4 0 -7.875 0 0 
2 24 0 -2.285 4.703 0 -4.639 2.43 
2 24 0 0 5.313 0 -2.285 4.703 
2 24 5.366 2.812 4.164 0 3.123 4.298 
2 24 0 3.123 4.298 0 0 5.313 
2 24 0 4.66 2.427 0 3.123 4.298 
2 24 0 5.313 -0.032 0 4.66 2.427 
2 24 0 4.638 -2.438 0 5.313 -0.032 
2 24 5.366 2.852 -4.119 0 3.123 -4.298 
2 24 0 3.123 -4.298 0 4.638 -2.438 
2 24 0 -0.821 -5.182 0 3.123 -4.298 
2 24 0 -3.123 -4.298 0 -0.821 -5.182 
2 24 0 -4.681 -2.353 0 -3.123 -4.298 
2 24 0 -5.312 -0.032 0 -4.681 -2.353 
2 24 0 -4.639 2.43 0 -5.312 -0.032 
2 24 5.366 2.852 -4.119 8.961 1.821 -4.052 
2 24 5.366 2.812 4.164 8.963 1.831 4.045 
2 24 8.961 1.821 -4.052 12.209 -0.706 -3.931 
2 24 8.963 1.831 4.045 12.161 -0.597 3.908 
2 24 12.209 -0.706 -3.931 14.522 -4.057 -3.797 
2 24 12.161 -0.597 3.908 14.501 -4.076 3.812 
2 24 14.522 -4.057 -3.797 15.813 -8.049 -3.733 
2 24 14.501 -4.076 3.812 15.776 -8.037 3.75 
2 24 15.829 -12.113 3.799 15.776 -8.037 3.75 
2 24 15.798 -12.128 -3.811 15.813 -8.049 -3.733 
2 24 15.798 -12.128 -3.811 14.591 -15.902 -3.814 
2 24 15.829 -12.113 3.799 14.643 -15.854 3.812 
2 24 12.634 -19.069 3.811 14.643 -15.854 3.812 
2 24 14.591 -15.902 -3.814 12.591 -19.095 -3.811 
2 24 10.217 -21.788 3.806 12.634 -19.069 3.811 
2 24 12.591 -19.095 -3.811 10.225 -21.748 -3.81 
2 24 8.405 -24.657 -3.787 10.225 -21.748 -3.81 
2 24 8.374 -24.633 3.803 10.217 -21.788 3.806 
2 24 8.405 -24.657 -3.787 7.592 -27.791 -3.789 
2 24 7.574 -27.802 3.796 8.374 -24.633 3.803 
2 24 7.574 -27.802 3.796 7.764 -30.835 3.801 
2 24 7.735 -30.81 -3.81 7.592 -27.791 -3.789 
2 24 8.754 -33.491 3.811 7.764 -30.835 3.801 
2 24 7.735 -30.81 -3.81 8.797 -33.447 -3.788 
2 24 10.219 -35.398 -3.808 8.797 -33.447 -3.788 
2 24 8.754 -33.491 3.811 10.26 -35.479 3.811 
2 24 13.594 -37.466 -3.799 11.69 -36.547 -3.792 
2 24 15.02 -36.111 -2.575 13.594 -37.466 -3.799 
2 24 11.69 -36.547 -3.792 10.219 -35.398 -3.808 
2 24 11.614 -36.579 3.811 10.26 -35.479 3.811 
2 24 13.61 -37.471 3.798 14.954 -36.167 2.573 
2 24 11.614 -36.579 3.811 13.61 -37.471 3.798 
2 24 12.709 -39.565 3.76 13.61 -37.471 3.798 
2 24 12.523 -40.968 3.243 12.709 -39.565 3.76 
2 24 12.745 -42.547 1.667 12.523 -40.968 3.243 
2 24 12.866 -43.04 -0.033 12.745 -42.547 1.667 
2 24 12.694 -42.544 -1.63 12.866 -43.04 -0.033 
2 24 12.547 -41.548 -2.897 12.694 -42.544 -1.63 
2 24 12.634 -40.021 -3.653 12.547 -41.548 -2.897 
2 24 13.594 -37.466 -3.799 12.634 -40.021 -3.653 
2 24 14.954 -36.167 2.573 15.496 -35.307 -0.007 
2 24 19.144 -34.396 -3.618 16.45 -36.438 -4.693 
2 24 15.02 -36.111 -2.575 15.496 -35.307 -0.007 
2 24 23.327 -30.786 -0.032 23.376 -30.907 -1.631 
2 24 23.376 -30.907 -1.631 19.144 -34.396 -3.618 
2 24 16.462 -36.438 4.828 19.146 -34.416 3.632 
2 24 23.285 -30.962 1.736 23.327 -30.786 -0.032 
2 24 19.146 -34.416 3.632 23.285 -30.962 1.736 
2 24 24.126 -31.589 -0.032 23.998 -31.746 -1.685 
2 24 23.998 -31.746 -1.685 23.376 -30.907 -1.631 
2 24 23.91 -31.754 1.759 24.126 -31.589 -0.032 
2 24 23.285 -30.962 1.736 23.91 -31.754 1.759 
2 24 23.785 -32.449 1.434 23.899 -32.485 -1.324 
2 24 16.45 -36.438 -4.693 13.06 -39.566 -5.49 
2 24 13.06 -39.566 -5.49 12.954 -42.947 -3.721 
2 24 13.028 -39.566 5.479 16.462 -36.438 4.828 
2 24 13.025 -43.023 3.634 13.028 -39.566 5.479 
2 24 13.27 -43.775 1.582 13.025 -43.023 3.634 
2 24 13.211 -43.893 -1.417 13.27 -43.775 1.582 
2 24 12.954 -42.947 -3.721 13.211 -43.893 -1.417 
2 24 21.297 -35.194 3.67 23.91 -31.754 1.759 
2 24 13.025 -43.023 3.634 14.755 -44.151 3.813 
2 24 18.013 -40.824 5.577 17.462 -40.26 5.543 
2 24 17.462 -40.26 5.543 18.378 -40.328 4.568 
2 24 19.788 -37.968 4.744 17.462 -40.26 5.543 
2 24 18.378 -40.328 4.568 20.112 -38.481 3.67 
2 24 18.013 -40.824 5.577 23.132 -41.116 4.001 
2 24 22.766 -40.152 2.921 18.378 -40.328 4.568 
2 24 21.64 -35.823 2.644 23.785 -32.449 1.434 
2 24 21.64 -35.823 2.644 21.637 -35.827 -2.66 
2 24 21.637 -35.827 -2.66 23.899 -32.485 -1.324 
2 24 21.937 -38.15 -2.767 21.637 -35.827 -2.66 
2 24 21.64 -35.823 2.644 21.938 -38.153 2.725 
2 24 22.689 -40.156 -2.939 21.937 -38.15 -2.767 
2 24 22.766 -40.152 2.921 22.689 -40.156 -2.939 
2 24 21.938 -38.153 2.725 22.766 -40.152 2.921 
2 24 20.043 -38.599 -3.658 18.324 -40.3 -4.594 
2 24 18.324 -40.3 -4.594 17.533 -40.276 -5.532 
2 24 17.533 -40.276 -5.532 19.81 -37.878 -4.756 
2 24 20.043 -38.599 -3.658 21.637 -35.827 -2.66 
2 24 22.689 -40.156 -2.939 18.324 -40.3 -4.594 
2 24 21.64 -35.823 2.644 20.112 -38.481 3.67 
2 24 18.066 -40.823 -5.555 17.533 -40.276 -5.532 
2 24 22.892 -41.001 -3.997 18.066 -40.823 -5.555 
2 24 25.152 -41.589 -2.709 22.689 -40.156 -2.939 
2 24 24.995 -41.567 -0.032 25.152 -41.589 -2.709 
2 24 22.766 -40.152 2.921 25.129 -41.59 2.744 
2 24 25.129 -41.59 2.744 24.995 -41.567 -0.032 
2 24 25.143 -42.224 -3.432 22.892 -41.001 -3.997 
2 24 23.132 -41.116 4.001 25.18 -42.239 3.403 
2 24 27.338 -43.396 2.519 25.129 -41.59 2.744 
2 24 25.18 -42.239 3.403 27.365 -44.025 2.767 
2 24 25.152 -41.589 -2.709 27.328 -43.45 -2.554 
2 24 27.356 -44.124 -2.748 25.143 -42.224 -3.432 
2 24 26.597 -40.149 -2.323 25.152 -41.589 -2.709 
2 24 27.601 -41.038 -2.28 27.328 -43.45 -2.554 
2 24 27.159 -40.09 -2.296 27.601 -41.038 -2.28 
2 24 26.597 -40.149 -2.323 27.159 -40.09 -2.296 
2 24 25.129 -41.59 2.744 26.776 -40.056 2.335 
2 24 27.338 -43.396 2.519 27.57 -41.305 2.333 
2 24 27.235 -40.163 2.292 26.776 -40.056 2.335 
2 24 27.57 -41.305 2.333 27.235 -40.163 2.292 
2 24 28.015 -43.543 -0.032 27.328 -43.45 -2.554 
2 24 27.338 -43.396 2.519 28.015 -43.543 -0.032 
2 24 28.007 -44.142 -0.032 27.356 -44.124 -2.748 
2 24 27.365 -44.025 2.767 28.007 -44.142 -0.032 
2 24 27.365 -44.025 2.767 26.994 -45.132 2.198 
2 24 26.994 -45.132 2.198 27.029 -45.748 1.48 
2 24 27.029 -45.748 1.48 27.031 -45.779 -0.032 
2 24 27.069 -45.118 -2.189 27.356 -44.124 -2.748 
2 24 27.03 -45.768 -1.329 27.069 -45.118 -2.189 
2 24 27.031 -45.779 -0.032 27.03 -45.768 -1.329 
2 24 27.03 -45.768 -1.329 23.397 -46.002 -2.845 
2 24 23.785 -45.226 -3.63 24.8 -44.7 -3.136 
2 24 24.8 -44.7 -3.136 23.22 -42.63 -4.477 
2 24 23.396 -46.005 2.957 27.029 -45.748 1.48 
2 24 24.751 -44.691 3.155 23.687 -45.201 3.702 
2 24 23.314 -42.602 4.441 24.751 -44.691 3.155 
2 24 21.188 -45.097 -4.637 23.785 -45.226 -3.63 
2 24 23.397 -46.002 -2.845 20.713 -46.007 -3.838 
2 24 23.998 -31.746 -1.685 21.371 -35.105 -3.644 
2 24 19.788 -37.968 4.744 21.297 -35.194 3.67 
2 24 21.371 -35.105 -3.644 19.81 -37.878 -4.756 
2 24 23.22 -42.63 -4.477 21.628 -42.836 -4.962 
2 24 21.628 -42.836 -4.962 19.03 -44.363 -4.631 
2 24 14.755 -44.157 -3.806 12.954 -42.947 -3.721 
2 24 20.713 -46.007 -3.838 17.906 -45.267 -3.95 
2 24 19.03 -44.363 -4.631 21.188 -45.097 -4.637 
2 24 21.657 -42.771 4.968 23.314 -42.602 4.441 
2 24 18.919 -44.338 4.639 21.657 -42.771 4.968 
2 24 14.755 -44.151 3.813 17.907 -45.133 3.967 
2 24 17.907 -45.133 3.967 20.712 -45.854 3.928 
2 24 21.136 -45.14 4.627 18.919 -44.338 4.639 
2 24 23.687 -45.201 3.702 21.136 -45.14 4.627 
2 24 20.712 -45.854 3.928 23.396 -46.005 2.957 
2 24 17.906 -45.267 -3.95 14.755 -44.157 -3.806 
2 24 14.719 -44.73 -1.513 13.211 -43.893 -1.417 
2 24 17.926 -45.811 -1.608 14.719 -44.73 -1.513 
2 24 20.697 -46.421 -1.621 17.926 -45.811 -1.608 
2 24 23.395 -46.339 -1.215 20.697 -46.421 -1.621 
2 24 25.478 -46.144 -0.032 23.395 -46.339 -1.215 
2 24 13.27 -43.775 1.582 14.807 -44.525 1.629 
2 24 20.71 -46.205 1.532 23.461 -46.283 0.998 
2 24 17.837 -45.573 1.586 20.71 -46.205 1.532 
2 24 14.807 -44.525 1.629 17.837 -45.573 1.586 
2 24 23.461 -46.283 0.998 25.478 -46.144 -0.032 
2 24 24.8 -44.7 -3.136 23.891 -44.318 -3.407 
2 24 23.891 -44.318 -3.407 23.122 -43.046 -4.228 
2 24 19.03 -44.363 -4.631 21.566 -43.626 -4.087 
2 24 21.566 -43.626 -4.087 22.599 -44.888 -4.144 
2 24 22.599 -44.888 -4.144 23.891 -44.318 -3.407 
2 24 23.122 -43.046 -4.228 21.566 -43.626 -4.087 
2 24 23.934 -44.285 3.387 24.751 -44.691 3.155 
2 24 23.152 -43.066 4.219 23.934 -44.285 3.387 
2 24 21.654 -43.625 4.065 23.152 -43.066 4.219 
2 24 21.654 -43.625 4.065 18.919 -44.338 4.639 
2 24 23.934 -44.285 3.387 22.594 -44.925 4.16 
2 24 22.594 -44.925 4.16 21.654 -43.625 4.065 
2 24 -7.875 3.464 2 -7.875 2 3.464 
2 24 0 2 3.464 0 3.464 2 
2 24 -7.875 2 3.464 -7.875 0 4 
2 24 0 0 4 0 2 3.464 
2 24 -7.875 0 4 -7.875 -2 3.464 
2 24 0 -2 3.464 0 0 4 
2 24 -7.875 -2 3.464 -7.875 -3.464 2 
2 24 0 -3.464 2 0 -2 3.464 
2 24 -7.875 -3.464 2 -7.875 -4 0 
2 24 0 -4 0 0 -3.464 2 
2 24 -7.875 -4 0 -7.875 -3.464 -2 
2 24 0 -3.464 -2 0 -4 0 
2 24 -7.875 -3.464 -2 -7.875 -2 -3.464 
2 24 0 -2 -3.464 0 -3.464 -2 
2 24 -7.875 -2 -3.464 -7.875 0 -4 
2 24 0 0 -4 0 -2 -3.464 
2 24 -7.875 0 -4 -7.875 2 -3.464 
2 24 0 2 -3.464 0 0 -4 
2 24 -7.875 2 -3.464 -7.875 3.464 -2 
2 24 0 3.464 -2 0 2 -3.464 
2 24 -7.875 3.464 -2 -7.875 4 0 
2 24 0 4 0 0 3.464 -2 
2 24 -7.875 4 0 -7.875 3.464 2 
2 24 0 3.464 2 0 4 0 

