0 FILE 3005pb031.dat
0 Brick 1 x 1 with Bright Light Orange, Bright Light Yellow and Dark Red Gryffindor House Lion Crest Pattern 
0 Name:  3005pb031.dat
0 Author:  Vincent Messenet [Cheenzo]
0 BFC CERTIFY CCW
3 16 -10.000 0.000 -10.000 0.000 1.240 -10.000 10.000 0.000 -10.000
3 16 0.000 23.100 -10.000 -10.000 24.000 -10.000 10.000 24.000 -10.000
3 320 -0.330 7.610 -10.000 0.000 6.980 -10.000 0.000 5.630 -10.000
3 320 0.000 5.630 -10.000 -1.240 5.640 -10.000 -0.330 7.610 -10.000
3 320 -1.070 7.900 -10.000 -0.330 7.610 -10.000 -1.240 5.640 -10.000
3 320 -1.240 5.640 -10.000 -2.230 5.740 -10.000 -1.070 7.900 -10.000
3 320 -2.230 5.740 -10.000 -1.810 8.320 -10.000 -1.070 7.900 -10.000
3 320 -3.030 8.650 -10.000 -1.810 8.320 -10.000 -2.230 5.740 -10.000
3 320 -2.230 5.740 -10.000 -3.540 5.960 -10.000 -3.030 8.650 -10.000
3 320 -3.030 8.650 -10.000 -2.730 8.720 -10.000 -1.810 8.320 -10.000
3 320 -2.330 8.850 -10.000 -1.810 8.630 -10.000 -1.810 8.320 -10.000
3 320 -1.810 8.320 -10.000 -2.730 8.720 -10.000 -2.330 8.850 -10.000
3 320 -2.130 9.230 -10.000 -1.640 8.760 -10.000 -1.810 8.630 -10.000
3 320 -1.810 8.630 -10.000 -2.330 8.850 -10.000 -2.130 9.230 -10.000
3 320 -1.450 9.140 -10.000 -1.450 8.740 -10.000 -1.640 8.760 -10.000
3 320 -1.640 8.760 -10.000 -2.130 9.230 -10.000 -1.450 9.140 -10.000
3 320 -1.680 9.610 -10.000 -1.420 9.410 -10.000 -1.450 9.140 -10.000
3 320 -1.450 9.140 -10.000 -2.130 9.230 -10.000 -1.680 9.610 -10.000
3 320 -1.450 9.140 -10.000 -0.920 9.050 -10.000 -1.050 8.540 -10.000
3 320 -1.050 8.540 -10.000 -1.450 8.740 -10.000 -1.450 9.140 -10.000
3 320 -0.920 9.050 -10.000 -0.650 8.840 -10.000 -0.710 8.670 -10.000
3 320 -0.710 8.670 -10.000 -1.050 8.540 -10.000 -0.920 9.050 -10.000
3 320 -3.360 8.840 -10.000 -3.030 8.650 -10.000 -3.540 5.960 -10.000
3 320 -3.540 5.960 -10.000 -5.480 6.630 -10.000 -3.360 8.840 -10.000
3 320 -3.620 9.230 -10.000 -3.360 8.840 -10.000 -5.480 6.630 -10.000
3 320 -5.480 6.630 -10.000 -5.540 8.260 -10.000 -3.620 9.230 -10.000
3 320 -5.540 10.500 -10.000 -3.610 9.370 -10.000 -3.620 9.230 -10.000
3 320 -3.620 9.230 -10.000 -5.540 8.260 -10.000 -5.540 10.500 -10.000
3 320 -3.360 9.650 -10.000 -3.380 9.480 -10.000 -3.610 9.370 -10.000
3 320 -3.610 9.370 -10.000 -5.540 10.500 -10.000 -3.360 9.650 -10.000
3 320 -5.320 12.330 -10.000 -4.460 12.280 -10.000 -3.360 9.650 -10.000
3 320 -3.360 9.650 -10.000 -5.540 10.500 -10.000 -5.320 12.330 -10.000
3 320 -4.460 12.280 -10.000 -3.710 11.750 -10.000 -3.360 9.650 -10.000
3 320 -3.250 11.360 -10.000 -3.110 9.620 -10.000 -3.360 9.650 -10.000
3 320 -3.360 9.650 -10.000 -3.710 11.750 -10.000 -3.250 11.360 -10.000
3 320 -2.520 11.440 -10.000 -2.930 9.510 -10.000 -3.110 9.620 -10.000
3 320 -3.110 9.620 -10.000 -3.250 11.360 -10.000 -2.520 11.440 -10.000
3 320 -2.640 9.610 -10.000 -2.930 9.510 -10.000 -2.520 11.440 -10.000
3 320 -2.520 11.440 -10.000 -2.420 10.020 -10.000 -2.640 9.610 -10.000
3 320 -2.520 11.440 -10.000 -2.100 10.510 -10.000 -2.420 10.020 -10.000
3 320 -2.520 11.440 -10.000 -1.770 10.740 -10.000 -2.100 10.510 -10.000
3 320 -1.740 11.170 -10.000 -1.650 11.010 -10.000 -1.770 10.740 -10.000
3 320 -1.770 10.740 -10.000 -2.520 11.440 -10.000 -1.740 11.170 -10.000
3 320 -3.950 12.770 -10.000 -3.730 12.150 -10.000 -3.710 11.750 -10.000
3 320 -3.710 11.750 -10.000 -4.460 12.280 -10.000 -3.950 12.770 -10.000
3 320 -3.210 12.890 -10.000 -2.350 12.060 -10.000 -3.730 12.150 -10.000
3 320 -3.730 12.150 -10.000 -3.950 12.770 -10.000 -3.210 12.890 -10.000
3 320 -3.210 12.890 -10.000 -2.380 12.700 -10.000 -2.350 12.060 -10.000
3 320 -1.380 11.890 -10.000 -1.470 11.680 -10.000 -2.350 12.060 -10.000
3 320 -2.350 12.060 -10.000 -2.380 12.700 -10.000 -1.380 11.890 -10.000
3 320 -2.260 12.890 -10.000 -1.460 12.700 -10.000 -1.380 11.890 -10.000
3 320 -1.380 11.890 -10.000 -2.380 12.700 -10.000 -2.260 12.890 -10.000
3 320 -1.460 12.700 -10.000 -0.970 12.080 -10.000 -1.380 11.890 -10.000
3 320 -0.830 12.570 -10.000 -0.700 12.430 -10.000 -0.970 12.080 -10.000
3 320 -0.970 12.080 -10.000 -1.460 12.700 -10.000 -0.830 12.570 -10.000
3 320 -1.810 13.040 -10.000 -1.460 12.700 -10.000 -2.260 12.890 -10.000
3 320 -2.260 12.890 -10.000 -2.450 13.150 -10.000 -1.810 13.040 -10.000
3 320 -2.450 13.150 -10.000 -2.240 13.870 -10.000 -1.810 13.320 -10.000
3 320 -1.810 13.320 -10.000 -1.810 13.040 -10.000 -2.450 13.150 -10.000
3 320 -1.850 13.830 -10.000 -1.640 13.540 -10.000 -1.810 13.320 -10.000
3 320 -1.810 13.320 -10.000 -2.240 13.870 -10.000 -1.850 13.830 -10.000
3 320 -2.240 13.870 -10.000 -2.450 13.150 -10.000 -2.820 13.080 -10.000
3 320 -2.820 13.080 -10.000 -3.060 13.700 -10.000 -2.240 13.870 -10.000
3 320 -3.330 13.240 -10.000 -3.060 13.700 -10.000 -2.820 13.080 -10.000
3 320 -3.220 13.870 -10.000 -3.060 13.700 -10.000 -3.330 13.240 -10.000
3 320 -3.330 13.240 -10.000 -3.710 13.660 -10.000 -3.220 13.870 -10.000
3 320 -3.520 14.900 -10.000 -3.180 14.140 -10.000 -3.220 13.870 -10.000
3 320 -3.220 13.870 -10.000 -3.710 13.660 -10.000 -3.520 14.900 -10.000
3 320 -3.220 13.870 -10.000 -3.180 14.140 -10.000 -2.970 14.080 -10.000
3 320 -3.520 14.900 -10.000 -3.080 14.270 -10.000 -3.180 14.140 -10.000
3 320 -2.825 14.390 -10.000 -3.080 14.270 -10.000 -3.520 14.900 -10.000
3 320 -3.520 14.900 -10.000 -2.900 14.640 -10.000 -2.825 14.390 -10.000
3 320 -2.940 15.350 -10.000 -2.590 14.660 -10.000 -2.900 14.640 -10.000
3 320 -2.900 14.640 -10.000 -3.520 14.900 -10.000 -2.940 15.350 -10.000
3 320 -2.940 15.350 -10.000 -2.490 15.360 -10.000 -2.590 14.660 -10.000
3 320 -2.490 15.360 -10.000 -1.830 15.010 -10.000 -2.270 14.430 -10.000
3 320 -2.270 14.430 -10.000 -2.590 14.660 -10.000 -2.490 15.360 -10.000
3 320 -1.830 15.010 -10.000 -0.870 14.790 -10.000 -1.190 14.190 -10.000
3 320 -1.190 14.190 -10.000 -2.270 14.430 -10.000 -1.830 15.010 -10.000
3 320 -1.190 14.190 -10.000 -0.870 14.790 -10.000 -0.510 14.180 -10.000
3 320 -0.480 14.930 -10.000 -0.110 14.530 -10.000 -0.510 14.180 -10.000
3 320 -0.510 14.180 -10.000 -0.870 14.790 -10.000 -0.480 14.930 -10.000
3 320 -0.480 14.930 -10.000 0.150 15.210 -10.000 -0.110 14.530 -10.000
3 320 0.000 15.570 -10.000 0.150 15.210 -10.000 -0.480 14.930 -10.000
3 320 -0.480 14.930 -10.000 -0.550 15.250 -10.000 0.000 15.570 -10.000
3 320 -0.530 15.910 -10.000 0.000 15.570 -10.000 -0.550 15.250 -10.000
3 320 -0.550 15.250 -10.000 -0.780 15.360 -10.000 -0.530 15.910 -10.000
3 320 -0.890 15.920 -10.000 -0.530 15.910 -10.000 -0.780 15.360 -10.000
3 320 -0.780 15.360 -10.000 -1.300 15.520 -10.000 -0.890 15.920 -10.000
3 320 -1.190 16.100 -10.000 -0.890 15.920 -10.000 -1.300 15.520 -10.000
3 320 -1.300 15.520 -10.000 -1.670 15.880 -10.000 -1.190 16.100 -10.000
3 320 -1.690 16.510 -10.000 -1.190 16.100 -10.000 -1.670 15.880 -10.000
3 320 -1.520 16.870 -10.000 -0.940 16.280 -10.000 -1.190 16.100 -10.000
3 320 -1.190 16.100 -10.000 -1.690 16.510 -10.000 -1.520 16.870 -10.000
3 320 -1.520 16.870 -10.000 -1.080 17.370 -10.000 -0.890 16.680 -10.000
3 320 -0.890 16.680 -10.000 -0.940 16.280 -10.000 -1.520 16.870 -10.000
3 320 -0.280 16.720 -10.000 -0.550 16.520 -10.000 -0.890 16.680 -10.000
3 320 -0.890 16.680 -10.000 -1.080 17.370 -10.000 -0.280 16.720 -10.000
3 320 -1.080 17.370 -10.000 0.000 17.480 -10.000 -0.280 16.720 -10.000
3 320 0.000 17.480 -10.000 2.770 17.550 -10.000 0.710 15.610 -10.000
3 320 0.710 15.610 -10.000 -0.280 16.720 -10.000 0.000 17.480 -10.000
3 320 0.000 17.480 -10.000 0.000 19.610 -10.000 1.560 18.690 -10.000
3 320 1.560 18.690 -10.000 2.770 17.550 -10.000 0.000 17.480 -10.000
3 320 2.770 17.550 -10.000 4.000 15.700 -10.000 1.140 14.890 -10.000
3 320 1.140 14.890 -10.000 0.710 15.610 -10.000 2.770 17.550 -10.000
3 320 1.140 14.890 -10.000 4.000 15.700 -10.000 2.250 14.720 -10.000
3 320 2.250 14.720 -10.000 1.810 14.400 -10.000 1.230 14.610 -10.000
3 320 1.230 14.610 -10.000 1.140 14.890 -10.000 2.250 14.720 -10.000
3 320 1.230 14.610 -10.000 1.810 14.400 -10.000 1.660 13.810 -10.000
3 320 1.220 13.450 -10.000 0.900 13.560 -10.000 1.230 14.610 -10.000
3 320 1.230 14.610 -10.000 1.660 13.810 -10.000 1.220 13.450 -10.000
3 320 4.000 15.700 -10.000 4.700 14.060 -10.000 2.370 14.460 -10.000
3 320 2.370 14.460 -10.000 2.250 14.720 -10.000 4.000 15.700 -10.000
3 320 4.700 14.060 -10.000 2.890 13.770 -10.000 2.420 13.940 -10.000
3 320 2.420 13.940 -10.000 2.370 14.460 -10.000 4.700 14.060 -10.000
3 320 4.700 14.060 -10.000 5.320 12.330 -10.000 3.010 13.460 -10.000
3 320 3.010 13.460 -10.000 2.890 13.770 -10.000 4.700 14.060 -10.000
3 320 3.010 13.460 -10.000 5.320 12.330 -10.000 3.540 12.330 -10.000
3 320 3.540 12.330 -10.000 3.010 12.790 -10.000 3.010 13.460 -10.000
3 320 3.010 12.790 -10.000 3.540 12.330 -10.000 3.480 12.090 -10.000
3 320 3.480 12.090 -10.000 2.620 12.130 -10.000 3.010 12.790 -10.000
3 320 3.480 12.090 -10.000 3.370 11.450 -10.000 3.060 11.450 -10.000
3 320 3.060 11.450 -10.000 2.620 12.130 -10.000 3.480 12.090 -10.000
3 320 2.620 12.130 -10.000 3.060 11.450 -10.000 2.840 11.320 -10.000
3 320 2.840 11.320 -10.000 2.550 11.800 -10.000 2.620 12.130 -10.000
3 320 2.550 11.800 -10.000 2.840 11.320 -10.000 2.730 11.010 -10.000
3 320 2.730 11.010 -10.000 2.430 10.890 -10.000 2.550 11.800 -10.000
3 320 2.730 11.010 -10.000 2.740 10.470 -10.000 2.520 10.510 -10.000
3 320 2.520 10.510 -10.000 2.430 10.890 -10.000 2.730 11.010 -10.000
3 320 2.520 10.510 -10.000 2.740 10.470 -10.000 2.650 10.370 -10.000
3 320 3.480 12.090 -10.000 4.250 11.840 -10.000 3.710 11.300 -10.000
3 320 3.710 11.300 -10.000 3.370 11.450 -10.000 3.480 12.090 -10.000
3 320 4.250 11.840 -10.000 4.600 11.420 -10.000 3.810 11.160 -10.000
3 320 3.810 11.160 -10.000 3.710 11.300 -10.000 4.250 11.840 -10.000
3 320 4.640 11.010 -10.000 4.550 10.700 -10.000 3.810 11.160 -10.000
3 320 3.810 11.160 -10.000 4.600 11.420 -10.000 4.640 11.010 -10.000
3 320 4.120 10.540 -10.000 3.330 10.810 -10.000 3.810 11.160 -10.000
3 320 3.810 11.160 -10.000 4.550 10.700 -10.000 4.120 10.540 -10.000
3 320 4.120 10.540 -10.000 3.980 9.770 -10.000 3.310 10.070 -10.000
3 320 3.310 10.070 -10.000 3.330 10.810 -10.000 4.120 10.540 -10.000
3 320 3.310 10.070 -10.000 3.980 9.770 -10.000 3.650 9.370 -10.000
3 320 3.650 9.370 -10.000 3.030 9.790 -10.000 3.310 10.070 -10.000
3 320 3.030 9.790 -10.000 3.650 9.370 -10.000 3.200 9.090 -10.000
3 320 3.030 9.790 -10.000 3.200 9.090 -10.000 2.700 9.050 -10.000
3 320 2.700 9.050 -10.000 2.690 9.700 -10.000 3.030 9.790 -10.000
3 320 2.270 9.750 -10.000 2.690 9.700 -10.000 2.700 9.050 -10.000
3 320 2.700 9.050 -10.000 2.090 9.160 -10.000 2.270 9.750 -10.000
3 320 1.160 9.700 -10.000 2.270 9.750 -10.000 2.090 9.160 -10.000
3 320 2.090 9.160 -10.000 1.210 9.380 -10.000 1.160 9.700 -10.000
3 320 2.090 9.160 -10.000 1.980 8.480 -10.000 1.320 8.790 -10.000
3 320 1.320 8.790 -10.000 1.210 9.380 -10.000 2.090 9.160 -10.000
3 320 1.320 8.790 -10.000 1.980 8.480 -10.000 1.660 7.830 -10.000
3 320 1.660 7.830 -10.000 0.820 8.340 -10.000 1.320 8.790 -10.000
3 320 1.660 7.830 -10.000 1.100 7.330 -10.000 0.880 8.030 -10.000
3 320 0.880 8.030 -10.000 0.820 8.340 -10.000 1.660 7.830 -10.000
3 320 0.470 7.900 -10.000 0.880 8.030 -10.000 1.100 7.330 -10.000
3 320 1.100 7.330 -10.000 0.410 7.720 -10.000 0.470 7.900 -10.000
3 320 0.410 7.720 -10.000 1.100 7.330 -10.000 0.590 7.010 -10.000
3 320 0.410 7.720 -10.000 0.590 7.010 -10.000 0.000 6.980 -10.000
3 320 0.000 6.980 -10.000 -0.330 7.610 -10.000 0.410 7.720 -10.000
3 320 1.980 10.110 -10.000 2.270 9.750 -10.000 1.160 9.700 -10.000
3 320 1.160 9.700 -10.000 0.880 10.340 -10.000 1.980 10.110 -10.000
3 320 0.940 10.740 -10.000 1.860 10.580 -10.000 1.980 10.110 -10.000
3 320 1.980 10.110 -10.000 0.880 10.340 -10.000 0.940 10.740 -10.000
3 320 1.860 11.420 -10.000 1.860 10.580 -10.000 0.940 10.740 -10.000
3 320 0.940 10.740 -10.000 0.740 11.220 -10.000 1.860 11.420 -10.000
3 320 0.970 12.050 -10.000 1.920 11.810 -10.000 1.860 11.420 -10.000
3 320 1.860 11.420 -10.000 0.740 11.220 -10.000 0.970 12.050 -10.000
3 320 1.080 12.710 -10.000 2.120 12.370 -10.000 1.920 11.810 -10.000
3 320 1.920 11.810 -10.000 0.970 12.050 -10.000 1.080 12.710 -10.000
3 320 1.850 13.330 -10.000 2.370 12.960 -10.000 2.120 12.370 -10.000
3 320 2.120 12.370 -10.000 1.080 12.710 -10.000 1.850 13.330 -10.000
3 320 2.160 13.500 -10.000 2.500 13.330 -10.000 2.370 12.960 -10.000
3 320 2.370 12.960 -10.000 1.850 13.330 -10.000 2.160 13.500 -10.000
3 18 -5.320 12.330 -10.000 -3.950 12.770 -10.000 -4.460 12.280 -10.000
3 18 -4.700 14.060 -10.000 -3.710 13.660 -10.000 -3.950 12.770 -10.000
3 18 -3.950 12.770 -10.000 -5.320 12.330 -10.000 -4.700 14.060 -10.000
3 18 -3.710 13.660 -10.000 -3.330 13.240 -10.000 -3.210 12.890 -10.000
3 18 -3.210 12.890 -10.000 -3.950 12.770 -10.000 -3.710 13.660 -10.000
3 18 -2.820 13.080 -10.000 -2.380 12.700 -10.000 -3.210 12.890 -10.000
3 18 -3.210 12.890 -10.000 -3.330 13.240 -10.000 -2.820 13.080 -10.000
3 18 -2.450 13.150 -10.000 -2.260 12.890 -10.000 -2.380 12.700 -10.000
3 18 -2.380 12.700 -10.000 -2.820 13.080 -10.000 -2.450 13.150 -10.000
3 18 -4.000 15.700 -10.000 -3.520 14.900 -10.000 -3.710 13.660 -10.000
3 18 -3.710 13.660 -10.000 -4.700 14.060 -10.000 -4.000 15.700 -10.000
3 18 -4.000 15.700 -10.000 -2.940 15.350 -10.000 -3.520 14.900 -10.000
3 18 -2.770 17.550 -10.000 -1.690 16.510 -10.000 -2.940 15.350 -10.000
3 18 -2.940 15.350 -10.000 -4.000 15.700 -10.000 -2.770 17.550 -10.000
3 18 -1.690 16.510 -10.000 -1.670 15.880 -10.000 -2.490 15.360 -10.000
3 18 -2.490 15.360 -10.000 -2.940 15.350 -10.000 -1.690 16.510 -10.000
3 18 -1.670 15.880 -10.000 -1.300 15.520 -10.000 -1.830 15.010 -10.000
3 18 -1.830 15.010 -10.000 -2.490 15.360 -10.000 -1.670 15.880 -10.000
3 18 -1.300 15.520 -10.000 -0.780 15.360 -10.000 -0.870 14.790 -10.000
3 18 -0.870 14.790 -10.000 -1.830 15.010 -10.000 -1.300 15.520 -10.000
3 18 -0.780 15.360 -10.000 -0.550 15.250 -10.000 -0.480 14.930 -10.000
3 18 -0.480 14.930 -10.000 -0.870 14.790 -10.000 -0.780 15.360 -10.000
3 18 -2.770 17.550 -10.000 -1.520 16.870 -10.000 -1.690 16.510 -10.000
3 18 -1.560 18.690 -10.000 -1.080 17.370 -10.000 -1.520 16.870 -10.000
3 18 -1.520 16.870 -10.000 -2.770 17.550 -10.000 -1.560 18.690 -10.000
3 18 0.000 19.610 -10.000 0.000 17.480 -10.000 -1.080 17.370 -10.000
3 18 -1.080 17.370 -10.000 -1.560 18.690 -10.000 0.000 19.610 -10.000
3 18 0.000 6.980 -10.000 0.590 7.010 -10.000 1.240 5.640 -10.000
3 18 1.240 5.640 -10.000 0.000 5.630 -10.000 0.000 6.980 -10.000
3 18 1.100 7.330 -10.000 2.230 5.740 -10.000 1.240 5.640 -10.000
3 18 1.240 5.640 -10.000 0.590 7.010 -10.000 1.100 7.330 -10.000
3 18 1.660 7.830 -10.000 3.540 5.960 -10.000 2.230 5.740 -10.000
3 18 2.230 5.740 -10.000 1.100 7.330 -10.000 1.660 7.830 -10.000
3 18 1.980 8.480 -10.000 5.480 6.630 -10.000 3.540 5.960 -10.000
3 18 3.540 5.960 -10.000 1.660 7.830 -10.000 1.980 8.480 -10.000
3 18 2.090 9.160 -10.000 2.700 9.050 -10.000 5.480 6.630 -10.000
3 18 5.480 6.630 -10.000 1.980 8.480 -10.000 2.090 9.160 -10.000
3 18 2.700 9.050 -10.000 3.200 9.090 -10.000 5.480 6.630 -10.000
3 18 3.650 9.370 -10.000 5.540 8.260 -10.000 5.480 6.630 -10.000
3 18 5.480 6.630 -10.000 3.200 9.090 -10.000 3.650 9.370 -10.000
3 18 3.650 9.370 -10.000 3.980 9.770 -10.000 5.540 8.260 -10.000
3 18 5.540 8.260 -10.000 3.980 9.770 -10.000 4.120 10.540 -10.000
3 18 4.120 10.540 -10.000 4.550 10.700 -10.000 5.540 8.260 -10.000
3 18 4.550 10.700 -10.000 4.640 11.010 -10.000 5.540 10.500 -10.000
3 18 5.540 10.500 -10.000 5.540 8.260 -10.000 4.550 10.700 -10.000
3 18 5.320 12.330 -10.000 5.540 10.500 -10.000 4.640 11.010 -10.000
3 18 4.640 11.010 -10.000 4.600 11.420 -10.000 5.320 12.330 -10.000
3 18 4.250 11.840 -10.000 5.320 12.330 -10.000 4.600 11.420 -10.000
3 18 5.320 12.330 -10.000 4.250 11.840 -10.000 3.480 12.090 -10.000
3 18 3.480 12.090 -10.000 3.540 12.330 -10.000 5.320 12.330 -10.000
3 82 -1.810 8.630 -10.000 -1.640 8.760 -10.000 -1.450 8.740 -10.000
3 82 -1.450 8.740 -10.000 -1.810 8.320 -10.000 -1.810 8.630 -10.000
3 82 -1.450 8.740 -10.000 -1.050 8.540 -10.000 -1.070 7.900 -10.000
3 82 -1.070 7.900 -10.000 -1.810 8.320 -10.000 -1.450 8.740 -10.000
3 82 -1.050 8.540 -10.000 -0.710 8.670 -10.000 -0.330 7.610 -10.000
3 82 -0.330 7.610 -10.000 -1.070 7.900 -10.000 -1.050 8.540 -10.000
3 82 -0.650 8.840 -10.000 0.410 7.720 -10.000 -0.330 7.610 -10.000
3 82 -0.330 7.610 -10.000 -0.710 8.670 -10.000 -0.650 8.840 -10.000
3 82 -0.650 8.840 -10.000 0.470 7.900 -10.000 0.410 7.720 -10.000
3 82 -0.650 8.840 -10.000 0.820 8.340 -10.000 0.880 8.030 -10.000
3 82 0.880 8.030 -10.000 0.470 7.900 -10.000 -0.650 8.840 -10.000
3 82 -0.650 8.840 -10.000 1.320 8.790 -10.000 0.820 8.340 -10.000
3 82 1.210 9.380 -10.000 1.320 8.790 -10.000 -0.650 8.840 -10.000
3 82 -0.650 8.840 -10.000 -0.920 9.050 -10.000 1.210 9.380 -10.000
3 82 -0.920 9.050 -10.000 1.160 9.700 -10.000 1.210 9.380 -10.000
3 82 0.880 10.340 -10.000 1.160 9.700 -10.000 -0.920 9.050 -10.000
3 82 -0.920 9.050 -10.000 -1.450 9.140 -10.000 0.880 10.340 -10.000
3 82 -1.420 9.410 -10.000 0.940 10.740 -10.000 0.880 10.340 -10.000
3 82 0.880 10.340 -10.000 -1.450 9.140 -10.000 -1.420 9.410 -10.000
3 82 -1.680 9.610 -10.000 0.740 11.220 -10.000 0.940 10.740 -10.000
3 82 0.940 10.740 -10.000 -1.420 9.410 -10.000 -1.680 9.610 -10.000
3 82 -3.360 8.840 -10.000 -2.330 8.850 -10.000 -2.730 8.720 -10.000
3 82 -2.730 8.720 -10.000 -3.030 8.650 -10.000 -3.360 8.840 -10.000
3 82 -2.130 9.230 -10.000 -2.330 8.850 -10.000 -3.360 8.840 -10.000
3 82 -3.360 8.840 -10.000 -3.380 9.480 -10.000 -2.130 9.230 -10.000
3 82 -3.610 9.370 -10.000 -3.380 9.480 -10.000 -3.360 8.840 -10.000
3 82 -3.360 8.840 -10.000 -3.620 9.230 -10.000 -3.610 9.370 -10.000
3 82 -3.380 9.480 -10.000 -2.930 9.510 -10.000 -2.130 9.230 -10.000
3 82 -3.360 9.650 -10.000 -3.110 9.620 -10.000 -2.930 9.510 -10.000
3 82 -2.930 9.510 -10.000 -3.380 9.480 -10.000 -3.360 9.650 -10.000
3 82 -2.930 9.510 -10.000 -2.640 9.610 -10.000 -2.130 9.230 -10.000
3 82 -2.420 10.020 -10.000 -1.680 9.610 -10.000 -2.130 9.230 -10.000
3 82 -2.130 9.230 -10.000 -2.640 9.610 -10.000 -2.420 10.020 -10.000
3 82 -2.100 10.510 -10.000 -1.770 10.740 -10.000 -1.680 9.610 -10.000
3 82 -1.680 9.610 -10.000 -2.420 10.020 -10.000 -2.100 10.510 -10.000
3 82 -1.770 10.740 -10.000 -1.650 11.010 -10.000 0.740 11.220 -10.000
3 82 0.740 11.220 -10.000 -1.680 9.610 -10.000 -1.770 10.740 -10.000
3 82 -2.350 12.060 -10.000 -3.250 11.360 -10.000 -3.710 11.750 -10.000
3 82 -3.710 11.750 -10.000 -3.730 12.150 -10.000 -2.350 12.060 -10.000
3 82 -3.250 11.360 -10.000 -2.350 12.060 -10.000 -2.520 11.440 -10.000
3 82 -2.350 12.060 -10.000 -1.470 11.680 -10.000 -1.740 11.170 -10.000
3 82 -1.740 11.170 -10.000 -2.520 11.440 -10.000 -2.350 12.060 -10.000
3 82 -1.470 11.680 -10.000 0.740 11.220 -10.000 -1.650 11.010 -10.000
3 82 -1.650 11.010 -10.000 -1.740 11.170 -10.000 -1.470 11.680 -10.000
3 82 -1.380 11.890 -10.000 -0.970 12.080 -10.000 0.740 11.220 -10.000
3 82 0.740 11.220 -10.000 -1.470 11.680 -10.000 -1.380 11.890 -10.000
3 82 -0.700 12.430 -10.000 0.970 12.050 -10.000 0.740 11.220 -10.000
3 82 0.740 11.220 -10.000 -0.970 12.080 -10.000 -0.700 12.430 -10.000
3 82 1.080 12.710 -10.000 0.970 12.050 -10.000 -0.700 12.430 -10.000
3 82 -0.700 12.430 -10.000 -0.830 12.570 -10.000 1.080 12.710 -10.000
3 82 1.230 14.610 -10.000 0.900 13.560 -10.000 -0.830 12.570 -10.000
3 82 -0.830 12.570 -10.000 -1.460 12.700 -10.000 1.230 14.610 -10.000
3 82 -1.810 13.320 -10.000 -1.640 13.540 -10.000 -1.460 12.700 -10.000
3 82 -1.460 12.700 -10.000 -1.810 13.040 -10.000 -1.810 13.320 -10.000
3 82 -1.460 12.700 -10.000 -1.640 13.540 -10.000 -0.510 14.180 -10.000
3 82 -0.510 14.180 -10.000 1.230 14.610 -10.000 -1.460 12.700 -10.000
3 82 -1.190 14.190 -10.000 -0.510 14.180 -10.000 -1.640 13.540 -10.000
3 82 -1.640 13.540 -10.000 -1.850 13.830 -10.000 -1.190 14.190 -10.000
3 82 -1.190 14.190 -10.000 -1.850 13.830 -10.000 -2.240 13.870 -10.000
3 82 -2.240 13.870 -10.000 -2.270 14.430 -10.000 -1.190 14.190 -10.000
3 82 -2.970 14.080 -10.000 -2.240 13.870 -10.000 -3.060 13.700 -10.000
3 82 -3.060 13.700 -10.000 -3.220 13.870 -10.000 -2.970 14.080 -10.000
3 82 -3.080 14.270 -10.000 -2.825 14.390 -10.000 -2.970 14.080 -10.000
3 82 -2.970 14.080 -10.000 -3.180 14.140 -10.000 -3.080 14.270 -10.000
3 82 -2.825 14.390 -10.000 -2.270 14.430 -10.000 -2.240 13.870 -10.000
3 82 -2.240 13.870 -10.000 -2.970 14.080 -10.000 -2.825 14.390 -10.000
3 82 -2.590 14.660 -10.000 -2.270 14.430 -10.000 -2.825 14.390 -10.000
3 82 -2.825 14.390 -10.000 -2.900 14.640 -10.000 -2.590 14.660 -10.000
3 82 -0.110 14.530 -10.000 1.140 14.890 -10.000 1.230 14.610 -10.000
3 82 1.230 14.610 -10.000 -0.510 14.180 -10.000 -0.110 14.530 -10.000
3 82 0.150 15.210 -10.000 0.710 15.610 -10.000 1.140 14.890 -10.000
3 82 1.140 14.890 -10.000 -0.110 14.530 -10.000 0.150 15.210 -10.000
3 82 0.000 15.570 -10.000 0.710 15.610 -10.000 0.150 15.210 -10.000
3 82 -0.280 16.720 -10.000 0.710 15.610 -10.000 0.000 15.570 -10.000
3 82 0.000 15.570 -10.000 -0.530 15.910 -10.000 -0.280 16.720 -10.000
3 82 -0.550 16.520 -10.000 -0.280 16.720 -10.000 -0.530 15.910 -10.000
3 82 -0.890 16.680 -10.000 -0.550 16.520 -10.000 -0.530 15.910 -10.000
3 82 -0.530 15.910 -10.000 -0.940 16.280 -10.000 -0.890 16.680 -10.000
3 82 -0.940 16.280 -10.000 -0.530 15.910 -10.000 -0.890 15.920 -10.000
3 82 -0.890 15.920 -10.000 -1.190 16.100 -10.000 -0.940 16.280 -10.000
3 82 0.900 13.560 -10.000 1.220 13.450 -10.000 1.080 12.710 -10.000
3 82 1.080 12.710 -10.000 -0.830 12.570 -10.000 0.900 13.560 -10.000
3 82 1.660 13.810 -10.000 1.850 13.330 -10.000 1.080 12.710 -10.000
3 82 1.080 12.710 -10.000 1.220 13.450 -10.000 1.660 13.810 -10.000
3 82 2.420 13.940 -10.000 2.160 13.500 -10.000 1.850 13.330 -10.000
3 82 1.850 13.330 -10.000 1.660 13.810 -10.000 2.420 13.940 -10.000
3 82 2.420 13.940 -10.000 1.660 13.810 -10.000 1.810 14.400 -10.000
3 82 1.810 14.400 -10.000 2.370 14.460 -10.000 2.420 13.940 -10.000
3 82 1.810 14.400 -10.000 2.250 14.720 -10.000 2.370 14.460 -10.000
3 82 2.420 13.940 -10.000 2.890 13.770 -10.000 2.500 13.330 -10.000
3 82 2.500 13.330 -10.000 2.160 13.500 -10.000 2.420 13.940 -10.000
3 82 2.500 13.330 -10.000 2.890 13.770 -10.000 3.010 13.460 -10.000
3 82 3.010 13.460 -10.000 3.010 12.790 -10.000 2.370 12.960 -10.000
3 82 2.370 12.960 -10.000 2.500 13.330 -10.000 3.010 13.460 -10.000
3 82 3.010 12.790 -10.000 2.620 12.130 -10.000 2.120 12.370 -10.000
3 82 2.120 12.370 -10.000 2.370 12.960 -10.000 3.010 12.790 -10.000
3 82 2.120 12.370 -10.000 2.620 12.130 -10.000 2.550 11.800 -10.000
3 82 2.550 11.800 -10.000 1.920 11.810 -10.000 2.120 12.370 -10.000
3 82 1.920 11.810 -10.000 2.550 11.800 -10.000 2.430 10.890 -10.000
3 82 2.430 10.890 -10.000 1.860 11.420 -10.000 1.920 11.810 -10.000
3 82 1.860 10.580 -10.000 1.860 11.420 -10.000 2.430 10.890 -10.000
3 82 2.430 10.890 -10.000 2.520 10.510 -10.000 1.980 10.110 -10.000
3 82 1.980 10.110 -10.000 1.860 10.580 -10.000 2.430 10.890 -10.000
3 82 2.520 10.510 -10.000 2.650 10.370 -10.000 2.270 9.750 -10.000
3 82 2.270 9.750 -10.000 1.980 10.110 -10.000 2.520 10.510 -10.000
3 82 2.270 9.750 -10.000 2.650 10.370 -10.000 2.690 9.700 -10.000
3 82 2.740 10.470 -10.000 3.030 9.790 -10.000 2.690 9.700 -10.000
3 82 2.690 9.700 -10.000 2.650 10.370 -10.000 2.740 10.470 -10.000
3 82 2.740 10.470 -10.000 3.310 10.070 -10.000 3.030 9.790 -10.000
3 82 3.330 10.810 -10.000 3.310 10.070 -10.000 2.740 10.470 -10.000
3 82 2.740 10.470 -10.000 2.730 11.010 -10.000 3.330 10.810 -10.000
3 82 2.840 11.320 -10.000 3.060 11.450 -10.000 3.330 10.810 -10.000
3 82 3.330 10.810 -10.000 2.730 11.010 -10.000 2.840 11.320 -10.000
3 82 3.370 11.450 -10.000 3.710 11.300 -10.000 3.330 10.810 -10.000
3 82 3.330 10.810 -10.000 3.060 11.450 -10.000 3.370 11.450 -10.000
3 82 3.330 10.810 -10.000 3.710 11.300 -10.000 3.810 11.160 -10.000
1 16 0.0000 0.0000 0.0000 1.0000 0.0000 0.0000 0.0000 1.0000 0.0000 0.0000 0.0000 1.0000 s/3005s01.dat
3 16 0.000 1.240 -10.000 1.420 1.740 -10.000 10.000 0.000 -10.000
3 16 2.550 2.500 -10.000 10.000 0.000 -10.000 1.420 1.740 -10.000
3 16 3.170 3.270 -10.000 10.000 0.000 -10.000 2.550 2.500 -10.000
3 16 10.000 0.000 -10.000 3.170 3.270 -10.000 3.540 3.410 -10.000
3 16 3.540 3.410 -10.000 5.410 3.460 -10.000 10.000 0.000 -10.000
3 16 6.000 3.950 -10.000 10.000 0.000 -10.000 5.410 3.460 -10.000
3 16 10.000 0.000 -10.000 6.000 3.950 -10.000 6.000 4.350 -10.000
3 16 6.000 4.350 -10.000 6.680 4.540 -10.000 10.000 0.000 -10.000
3 16 5.850 4.720 -10.000 6.680 4.540 -10.000 6.000 4.350 -10.000
3 16 7.710 4.520 -10.000 10.000 0.000 -10.000 6.680 4.540 -10.000
3 16 7.930 4.790 -10.000 10.000 0.000 -10.000 7.710 4.520 -10.000
3 16 8.100 7.610 -10.000 10.000 0.000 -10.000 7.930 4.790 -10.000
3 16 10.000 0.000 -10.000 8.100 7.610 -10.000 8.210 9.910 -10.000
3 16 8.210 9.910 -10.000 8.930 11.970 -10.000 10.000 0.000 -10.000
3 16 7.750 9.090 -10.000 8.210 9.910 -10.000 8.100 7.610 -10.000
3 16 8.100 7.610 -10.000 7.710 8.270 -10.000 7.750 9.090 -10.000
3 16 7.400 8.840 -10.000 7.750 9.090 -10.000 7.710 8.270 -10.000
3 16 7.710 8.270 -10.000 7.390 8.570 -10.000 7.400 8.840 -10.000
3 16 8.375 11.710 -10.000 8.930 11.970 -10.000 8.210 9.910 -10.000
3 16 8.210 9.910 -10.000 8.200 10.830 -10.000 8.375 11.710 -10.000
3 16 8.070 11.330 -10.000 8.375 11.710 -10.000 8.200 10.830 -10.000
3 16 9.180 13.520 -10.000 10.000 0.000 -10.000 8.930 11.970 -10.000
3 16 10.000 24.000 -10.000 10.000 0.000 -10.000 9.180 13.520 -10.000
3 16 8.650 14.730 -10.000 10.000 24.000 -10.000 9.180 13.520 -10.000
3 16 8.160 15.270 -10.000 10.000 24.000 -10.000 8.650 14.730 -10.000
3 16 10.000 24.000 -10.000 8.160 15.270 -10.000 7.640 15.300 -10.000
3 16 7.640 15.300 -10.000 8.130 19.860 -10.000 10.000 24.000 -10.000
3 16 7.460 17.950 -10.000 8.130 19.860 -10.000 7.640 15.300 -10.000
3 16 7.460 17.950 -10.000 7.640 15.300 -10.000 7.010 17.470 -10.000
3 16 7.010 17.470 -10.000 7.640 15.300 -10.000 6.340 15.980 -10.000
3 16 6.340 15.980 -10.000 6.160 17.050 -10.000 7.010 17.470 -10.000
3 16 8.080 20.440 -10.000 10.000 24.000 -10.000 8.130 19.860 -10.000
3 16 7.760 20.880 -10.000 10.000 24.000 -10.000 8.080 20.440 -10.000
3 16 7.300 20.880 -10.000 6.650 21.810 -10.000 10.000 24.000 -10.000
3 16 10.000 24.000 -10.000 7.760 20.880 -10.000 7.300 20.880 -10.000
3 16 5.950 22.250 -10.000 10.000 24.000 -10.000 6.650 21.810 -10.000
3 16 4.570 22.600 -10.000 10.000 24.000 -10.000 5.950 22.250 -10.000
3 16 1.880 23.000 -10.000 10.000 24.000 -10.000 4.570 22.600 -10.000
3 16 10.000 24.000 -10.000 1.880 23.000 -10.000 0.000 23.100 -10.000
3 82 0.000 1.240 -10.000 0.000 2.880 -10.000 0.310 2.930 -10.000
3 82 0.310 2.930 -10.000 0.880 2.630 -10.000 0.000 1.240 -10.000
3 82 0.880 2.630 -10.000 1.270 2.630 -10.000 1.420 1.740 -10.000
3 82 1.420 1.740 -10.000 0.000 1.240 -10.000 0.880 2.630 -10.000
3 82 1.490 2.870 -10.000 2.550 2.500 -10.000 1.420 1.740 -10.000
3 82 1.420 1.740 -10.000 1.270 2.630 -10.000 1.490 2.870 -10.000
3 82 1.490 2.870 -10.000 3.170 3.270 -10.000 2.550 2.500 -10.000
3 82 1.360 3.490 -10.000 3.170 3.270 -10.000 1.490 2.870 -10.000
3 82 1.490 2.870 -10.000 1.360 2.950 -10.000 1.360 3.490 -10.000
3 82 1.980 3.950 -10.000 3.540 3.410 -10.000 3.170 3.270 -10.000
3 82 3.170 3.270 -10.000 1.360 3.490 -10.000 1.980 3.950 -10.000
3 82 2.950 4.480 -10.000 5.410 3.460 -10.000 3.540 3.410 -10.000
3 82 3.540 3.410 -10.000 1.980 3.950 -10.000 2.950 4.480 -10.000
3 82 5.410 3.460 -10.000 2.950 4.480 -10.000 3.900 4.800 -10.000
3 82 3.900 4.800 -10.000 4.660 4.940 -10.000 5.410 3.460 -10.000
3 82 5.270 4.930 -10.000 5.850 4.720 -10.000 5.410 3.460 -10.000
3 82 5.410 3.460 -10.000 4.660 4.940 -10.000 5.270 4.930 -10.000
3 82 5.850 4.720 -10.000 6.000 4.350 -10.000 6.000 3.950 -10.000
3 82 6.000 3.950 -10.000 5.410 3.460 -10.000 5.850 4.720 -10.000
3 320 0.000 4.950 -10.000 0.310 2.930 -10.000 0.000 2.880 -10.000
3 320 0.000 4.950 -10.000 1.360 2.950 -10.000 0.880 2.630 -10.000
3 320 0.880 2.630 -10.000 0.310 2.930 -10.000 0.000 4.950 -10.000
3 320 1.360 2.950 -10.000 1.490 2.870 -10.000 1.270 2.630 -10.000
3 320 1.270 2.630 -10.000 0.880 2.630 -10.000 1.360 2.950 -10.000
3 320 1.360 3.490 -10.000 1.360 2.950 -10.000 0.000 4.950 -10.000
3 320 0.000 4.950 -10.000 1.980 3.950 -10.000 1.360 3.490 -10.000
3 320 1.690 4.980 -10.000 2.950 4.480 -10.000 1.980 3.950 -10.000
3 320 1.980 3.950 -10.000 0.000 4.950 -10.000 1.690 4.980 -10.000
3 320 3.220 5.220 -10.000 3.900 4.800 -10.000 2.950 4.480 -10.000
3 320 2.950 4.480 -10.000 1.690 4.980 -10.000 3.220 5.220 -10.000
3 320 3.220 5.220 -10.000 4.720 5.610 -10.000 4.660 4.940 -10.000
3 320 4.660 4.940 -10.000 3.900 4.800 -10.000 3.220 5.220 -10.000
3 320 4.720 5.610 -10.000 6.220 6.220 -10.000 5.270 4.930 -10.000
3 320 5.270 4.930 -10.000 4.660 4.940 -10.000 4.720 5.610 -10.000
3 320 6.220 6.220 -10.000 6.680 4.540 -10.000 5.850 4.720 -10.000
3 320 5.850 4.720 -10.000 5.270 4.930 -10.000 6.220 6.220 -10.000
3 320 6.220 6.220 -10.000 7.930 4.790 -10.000 7.710 4.520 -10.000
3 320 7.710 4.520 -10.000 6.680 4.540 -10.000 6.220 6.220 -10.000
3 320 6.220 6.220 -10.000 8.100 7.610 -10.000 7.930 4.790 -10.000
3 320 7.710 8.270 -10.000 8.100 7.610 -10.000 6.220 6.220 -10.000
3 320 6.220 6.220 -10.000 6.340 8.140 -10.000 7.710 8.270 -10.000
3 320 7.390 8.570 -10.000 7.710 8.270 -10.000 6.340 8.140 -10.000
3 320 6.340 9.390 -10.000 7.400 8.840 -10.000 7.390 8.570 -10.000
3 320 7.390 8.570 -10.000 6.340 8.140 -10.000 6.340 9.390 -10.000
3 320 6.790 9.625 -10.000 7.750 9.090 -10.000 7.400 8.840 -10.000
3 320 7.400 8.840 -10.000 6.340 9.390 -10.000 6.790 9.625 -10.000
3 320 6.790 9.625 -10.000 8.210 9.910 -10.000 7.750 9.090 -10.000
3 320 8.200 10.830 -10.000 8.210 9.910 -10.000 6.790 9.625 -10.000
3 320 6.790 9.625 -10.000 7.070 10.660 -10.000 8.200 10.830 -10.000
3 320 8.070 11.330 -10.000 8.200 10.830 -10.000 7.070 10.660 -10.000
3 320 7.070 10.660 -10.000 6.900 11.120 -10.000 8.070 11.330 -10.000
3 320 6.310 11.620 -10.000 8.375 11.710 -10.000 8.070 11.330 -10.000
3 320 8.070 11.330 -10.000 6.900 11.120 -10.000 6.310 11.620 -10.000
3 320 7.770 12.370 -10.000 8.375 11.710 -10.000 6.310 11.620 -10.000
3 320 6.310 11.620 -10.000 6.130 12.050 -10.000 7.770 12.370 -10.000
3 320 7.470 12.770 -10.000 7.770 12.370 -10.000 6.130 12.050 -10.000
3 320 6.130 12.050 -10.000 6.180 12.730 -10.000 7.470 12.770 -10.000
3 320 7.140 13.100 -10.000 7.470 12.770 -10.000 6.180 12.730 -10.000
3 320 6.180 12.730 -10.000 6.610 13.080 -10.000 7.140 13.100 -10.000
3 320 8.040 12.460 -10.000 8.930 11.970 -10.000 8.375 11.710 -10.000
3 320 8.375 11.710 -10.000 7.770 12.370 -10.000 8.040 12.460 -10.000
3 320 7.950 13.330 -10.000 9.180 13.520 -10.000 8.930 11.970 -10.000
3 320 8.930 11.970 -10.000 8.040 12.460 -10.000 7.950 13.330 -10.000
3 320 8.650 14.730 -10.000 9.180 13.520 -10.000 7.950 13.330 -10.000
3 320 7.950 13.330 -10.000 7.810 13.850 -10.000 8.650 14.730 -10.000
3 320 8.160 15.270 -10.000 8.650 14.730 -10.000 7.810 13.850 -10.000
3 320 7.810 13.850 -10.000 7.280 14.280 -10.000 8.160 15.270 -10.000
3 320 7.640 15.300 -10.000 8.160 15.270 -10.000 7.280 14.280 -10.000
3 320 7.280 14.280 -10.000 6.810 14.490 -10.000 7.640 15.300 -10.000
3 320 6.340 15.980 -10.000 7.640 15.300 -10.000 6.810 14.490 -10.000
3 320 6.810 14.490 -10.000 6.110 14.600 -10.000 6.340 15.980 -10.000
3 320 6.340 15.980 -10.000 6.110 14.600 -10.000 5.680 14.870 -10.000
3 320 5.680 14.870 -10.000 5.150 15.590 -10.000 6.340 15.980 -10.000
3 320 6.160 17.050 -10.000 6.340 15.980 -10.000 5.150 15.590 -10.000
3 320 5.150 15.590 -10.000 4.850 16.330 -10.000 6.160 17.050 -10.000
3 320 6.160 17.050 -10.000 4.850 16.330 -10.000 4.230 17.390 -10.000
3 320 4.230 17.390 -10.000 5.050 18.410 -10.000 6.160 17.050 -10.000
3 320 4.440 18.820 -10.000 5.050 18.410 -10.000 4.230 17.390 -10.000
3 320 4.230 17.390 -10.000 2.930 18.920 -10.000 4.440 18.820 -10.000
3 320 3.140 19.830 -10.000 4.730 19.450 -10.000 4.440 18.820 -10.000
3 320 4.440 18.820 -10.000 2.930 18.920 -10.000 3.140 19.830 -10.000
3 320 1.620 19.960 -10.000 3.140 19.830 -10.000 2.930 18.920 -10.000
3 320 5.920 18.280 -10.000 7.010 17.470 -10.000 6.160 17.050 -10.000
3 320 6.160 17.050 -10.000 5.050 18.410 -10.000 5.920 18.280 -10.000
3 320 6.350 18.490 -10.000 7.460 17.950 -10.000 7.010 17.470 -10.000
3 320 7.010 17.470 -10.000 5.920 18.280 -10.000 6.350 18.490 -10.000
3 320 6.690 19.250 -10.000 8.130 19.860 -10.000 7.460 17.950 -10.000
3 320 7.460 17.950 -10.000 6.350 18.490 -10.000 6.690 19.250 -10.000
3 320 8.080 20.440 -10.000 8.130 19.860 -10.000 6.690 19.250 -10.000
3 320 6.690 19.250 -10.000 6.770 19.920 -10.000 8.080 20.440 -10.000
3 320 7.760 20.880 -10.000 8.080 20.440 -10.000 6.770 19.920 -10.000
3 320 6.770 19.920 -10.000 7.300 20.880 -10.000 7.760 20.880 -10.000
3 320 5.760 20.900 -10.000 7.300 20.880 -10.000 6.770 19.920 -10.000
3 320 6.770 19.920 -10.000 5.710 19.970 -10.000 5.760 20.900 -10.000
3 320 6.650 21.810 -10.000 7.300 20.880 -10.000 5.760 20.900 -10.000
3 320 5.950 22.250 -10.000 6.650 21.810 -10.000 5.760 20.900 -10.000
3 320 5.760 20.900 -10.000 5.350 21.170 -10.000 5.950 22.250 -10.000
3 320 4.570 22.600 -10.000 5.950 22.250 -10.000 5.350 21.170 -10.000
3 320 5.350 21.170 -10.000 3.700 21.550 -10.000 4.570 22.600 -10.000
3 320 1.880 23.000 -10.000 4.570 22.600 -10.000 3.700 21.550 -10.000
3 320 3.700 21.550 -10.000 0.825 21.850 -10.000 1.880 23.000 -10.000
3 320 0.000 23.100 -10.000 1.880 23.000 -10.000 0.825 21.850 -10.000
3 320 0.825 21.850 -10.000 0.000 21.880 -10.000 0.000 23.100 -10.000
3 82 1.240 5.640 -10.000 1.690 4.980 -10.000 0.000 4.950 -10.000
3 82 0.000 4.950 -10.000 0.000 5.630 -10.000 1.240 5.640 -10.000
3 82 2.230 5.740 -10.000 3.220 5.220 -10.000 1.690 4.980 -10.000
3 82 1.690 4.980 -10.000 1.240 5.640 -10.000 2.230 5.740 -10.000
3 82 3.540 5.960 -10.000 4.720 5.610 -10.000 3.220 5.220 -10.000
3 82 3.220 5.220 -10.000 2.230 5.740 -10.000 3.540 5.960 -10.000
3 82 5.480 6.630 -10.000 6.220 6.220 -10.000 4.720 5.610 -10.000
3 82 4.720 5.610 -10.000 3.540 5.960 -10.000 5.480 6.630 -10.000
3 82 5.540 8.260 -10.000 6.340 8.140 -10.000 6.220 6.220 -10.000
3 82 6.220 6.220 -10.000 5.480 6.630 -10.000 5.540 8.260 -10.000
3 82 6.340 9.390 -10.000 6.340 8.140 -10.000 5.540 8.260 -10.000
3 82 5.540 8.260 -10.000 5.540 10.500 -10.000 6.340 9.390 -10.000
3 82 5.540 10.500 -10.000 7.070 10.660 -10.000 6.790 9.625 -10.000
3 82 6.790 9.625 -10.000 6.340 9.390 -10.000 5.540 10.500 -10.000
3 82 5.540 10.500 -10.000 6.310 11.620 -10.000 6.900 11.120 -10.000
3 82 6.900 11.120 -10.000 7.070 10.660 -10.000 5.540 10.500 -10.000
3 82 5.540 10.500 -10.000 5.320 12.330 -10.000 6.130 12.050 -10.000
3 82 6.130 12.050 -10.000 6.310 11.620 -10.000 5.540 10.500 -10.000
3 82 5.320 12.330 -10.000 6.180 12.730 -10.000 6.130 12.050 -10.000
3 82 7.950 13.330 -10.000 8.040 12.460 -10.000 7.770 12.370 -10.000
3 82 7.770 12.370 -10.000 7.470 12.770 -10.000 7.950 13.330 -10.000
3 82 7.810 13.850 -10.000 7.950 13.330 -10.000 7.470 12.770 -10.000
3 82 7.470 12.770 -10.000 7.140 13.100 -10.000 7.810 13.850 -10.000
3 82 7.280 14.280 -10.000 7.810 13.850 -10.000 7.140 13.100 -10.000
3 82 7.140 13.100 -10.000 6.610 13.080 -10.000 7.280 14.280 -10.000
3 82 6.810 14.490 -10.000 7.280 14.280 -10.000 6.610 13.080 -10.000
3 82 6.110 14.600 -10.000 6.810 14.490 -10.000 6.610 13.080 -10.000
3 82 6.610 13.080 -10.000 6.180 12.730 -10.000 6.110 14.600 -10.000
3 82 6.110 14.600 -10.000 6.180 12.730 -10.000 5.320 12.330 -10.000
3 82 5.320 12.330 -10.000 5.680 14.870 -10.000 6.110 14.600 -10.000
3 82 5.150 15.590 -10.000 5.680 14.870 -10.000 5.320 12.330 -10.000
3 82 5.320 12.330 -10.000 4.700 14.060 -10.000 5.150 15.590 -10.000
3 82 4.850 16.330 -10.000 5.150 15.590 -10.000 4.700 14.060 -10.000
3 82 4.700 14.060 -10.000 4.000 15.700 -10.000 4.850 16.330 -10.000
3 82 4.230 17.390 -10.000 4.850 16.330 -10.000 4.000 15.700 -10.000
3 82 4.000 15.700 -10.000 2.770 17.550 -10.000 4.230 17.390 -10.000
3 82 2.930 18.920 -10.000 4.230 17.390 -10.000 2.770 17.550 -10.000
3 82 2.770 17.550 -10.000 1.560 18.690 -10.000 2.930 18.920 -10.000
3 82 1.620 19.960 -10.000 2.930 18.920 -10.000 1.560 18.690 -10.000
3 82 1.560 18.690 -10.000 0.000 19.610 -10.000 1.620 19.960 -10.000
3 82 0.825 21.850 -10.000 1.620 19.960 -10.000 0.000 19.610 -10.000
3 82 0.000 19.610 -10.000 0.000 21.880 -10.000 0.825 21.850 -10.000
3 82 0.825 21.850 -10.000 3.700 21.550 -10.000 3.140 19.830 -10.000
3 82 3.140 19.830 -10.000 1.620 19.960 -10.000 0.825 21.850 -10.000
3 82 3.700 21.550 -10.000 5.350 21.170 -10.000 4.730 19.450 -10.000
3 82 4.730 19.450 -10.000 3.140 19.830 -10.000 3.700 21.550 -10.000
3 82 5.350 21.170 -10.000 5.760 20.900 -10.000 5.710 19.970 -10.000
3 82 5.710 19.970 -10.000 4.730 19.450 -10.000 5.350 21.170 -10.000
3 82 4.730 19.450 -10.000 5.710 19.970 -10.000 5.050 18.410 -10.000
3 82 5.050 18.410 -10.000 4.440 18.820 -10.000 4.730 19.450 -10.000
3 82 5.920 18.280 -10.000 5.050 18.410 -10.000 5.710 19.970 -10.000
3 82 5.710 19.970 -10.000 6.350 18.490 -10.000 5.920 18.280 -10.000
3 82 6.690 19.250 -10.000 6.350 18.490 -10.000 5.710 19.970 -10.000
3 82 5.710 19.970 -10.000 6.770 19.920 -10.000 6.690 19.250 -10.000
3 16 -10.000 0.000 -10.000 -1.420 1.740 -10.000 0.000 1.240 -10.000
3 16 -1.420 1.740 -10.000 -10.000 0.000 -10.000 -2.550 2.500 -10.000
3 16 -2.550 2.500 -10.000 -10.000 0.000 -10.000 -3.170 3.270 -10.000
3 16 -3.540 3.410 -10.000 -3.170 3.270 -10.000 -10.000 0.000 -10.000
3 16 -10.000 0.000 -10.000 -5.410 3.460 -10.000 -3.540 3.410 -10.000
3 16 -5.410 3.460 -10.000 -10.000 0.000 -10.000 -6.000 3.950 -10.000
3 16 -6.000 4.350 -10.000 -6.000 3.950 -10.000 -10.000 0.000 -10.000
3 16 -10.000 0.000 -10.000 -6.680 4.540 -10.000 -6.000 4.350 -10.000
3 16 -6.000 4.350 -10.000 -6.680 4.540 -10.000 -5.850 4.720 -10.000
3 16 -6.680 4.540 -10.000 -10.000 0.000 -10.000 -7.710 4.520 -10.000
3 16 -7.710 4.520 -10.000 -10.000 0.000 -10.000 -7.930 4.790 -10.000
3 16 -7.930 4.790 -10.000 -10.000 0.000 -10.000 -8.100 7.610 -10.000
3 16 -8.210 9.910 -10.000 -8.100 7.610 -10.000 -10.000 0.000 -10.000
3 16 -10.000 0.000 -10.000 -8.930 11.970 -10.000 -8.210 9.910 -10.000
3 16 -8.100 7.610 -10.000 -8.210 9.910 -10.000 -7.750 9.090 -10.000
3 16 -7.750 9.090 -10.000 -7.710 8.270 -10.000 -8.100 7.610 -10.000
3 16 -7.710 8.270 -10.000 -7.750 9.090 -10.000 -7.400 8.840 -10.000
3 16 -7.400 8.840 -10.000 -7.390 8.570 -10.000 -7.710 8.270 -10.000
3 16 -8.210 9.910 -10.000 -8.930 11.970 -10.000 -8.375 11.710 -10.000
3 16 -8.375 11.710 -10.000 -8.200 10.830 -10.000 -8.210 9.910 -10.000
3 16 -8.200 10.830 -10.000 -8.375 11.710 -10.000 -8.070 11.330 -10.000
3 16 -8.930 11.970 -10.000 -10.000 0.000 -10.000 -9.180 13.520 -10.000
3 16 -9.180 13.520 -10.000 -10.000 0.000 -10.000 -10.000 24.000 -10.000
3 16 -9.180 13.520 -10.000 -10.000 24.000 -10.000 -8.650 14.730 -10.000
3 16 -8.650 14.730 -10.000 -10.000 24.000 -10.000 -8.160 15.270 -10.000
3 16 -7.640 15.300 -10.000 -8.160 15.270 -10.000 -10.000 24.000 -10.000
3 16 -10.000 24.000 -10.000 -8.130 19.860 -10.000 -7.640 15.300 -10.000
3 16 -7.640 15.300 -10.000 -8.130 19.860 -10.000 -7.460 17.950 -10.000
3 16 -7.010 17.470 -10.000 -7.640 15.300 -10.000 -7.460 17.950 -10.000
3 16 -6.340 15.980 -10.000 -7.640 15.300 -10.000 -7.010 17.470 -10.000
3 16 -7.010 17.470 -10.000 -6.160 17.050 -10.000 -6.340 15.980 -10.000
3 16 -8.130 19.860 -10.000 -10.000 24.000 -10.000 -8.080 20.440 -10.000
3 16 -8.080 20.440 -10.000 -10.000 24.000 -10.000 -7.760 20.880 -10.000
3 16 -10.000 24.000 -10.000 -6.650 21.810 -10.000 -7.300 20.880 -10.000
3 16 -7.300 20.880 -10.000 -7.760 20.880 -10.000 -10.000 24.000 -10.000
3 16 -6.650 21.810 -10.000 -10.000 24.000 -10.000 -5.950 22.250 -10.000
3 16 -5.950 22.250 -10.000 -10.000 24.000 -10.000 -4.570 22.600 -10.000
3 16 -4.570 22.600 -10.000 -10.000 24.000 -10.000 -1.880 23.000 -10.000
3 16 0.000 23.100 -10.000 -1.880 23.000 -10.000 -10.000 24.000 -10.000
3 82 -0.310 2.930 -10.000 0.000 2.880 -10.000 0.000 1.240 -10.000
3 82 0.000 1.240 -10.000 -0.880 2.630 -10.000 -0.310 2.930 -10.000
3 82 -1.420 1.740 -10.000 -1.270 2.630 -10.000 -0.880 2.630 -10.000
3 82 -0.880 2.630 -10.000 0.000 1.240 -10.000 -1.420 1.740 -10.000
3 82 -1.420 1.740 -10.000 -2.550 2.500 -10.000 -1.490 2.870 -10.000
3 82 -1.490 2.870 -10.000 -1.270 2.630 -10.000 -1.420 1.740 -10.000
3 82 -2.550 2.500 -10.000 -3.170 3.270 -10.000 -1.490 2.870 -10.000
3 82 -1.490 2.870 -10.000 -3.170 3.270 -10.000 -1.360 3.490 -10.000
3 82 -1.360 3.490 -10.000 -1.360 2.950 -10.000 -1.490 2.870 -10.000
3 82 -3.170 3.270 -10.000 -3.540 3.410 -10.000 -1.980 3.950 -10.000
3 82 -1.980 3.950 -10.000 -1.360 3.490 -10.000 -3.170 3.270 -10.000
3 82 -3.540 3.410 -10.000 -5.410 3.460 -10.000 -2.950 4.480 -10.000
3 82 -2.950 4.480 -10.000 -1.980 3.950 -10.000 -3.540 3.410 -10.000
3 82 -3.900 4.800 -10.000 -2.950 4.480 -10.000 -5.410 3.460 -10.000
3 82 -5.410 3.460 -10.000 -4.660 4.940 -10.000 -3.900 4.800 -10.000
3 82 -5.410 3.460 -10.000 -5.850 4.720 -10.000 -5.270 4.930 -10.000
3 82 -5.270 4.930 -10.000 -4.660 4.940 -10.000 -5.410 3.460 -10.000
3 82 -6.000 3.950 -10.000 -6.000 4.350 -10.000 -5.850 4.720 -10.000
3 82 -5.850 4.720 -10.000 -5.410 3.460 -10.000 -6.000 3.950 -10.000
3 320 0.000 2.880 -10.000 -0.310 2.930 -10.000 0.000 4.950 -10.000
3 320 -0.880 2.630 -10.000 -1.360 2.950 -10.000 0.000 4.950 -10.000
3 320 0.000 4.950 -10.000 -0.310 2.930 -10.000 -0.880 2.630 -10.000
3 320 -1.270 2.630 -10.000 -1.490 2.870 -10.000 -1.360 2.950 -10.000
3 320 -1.360 2.950 -10.000 -0.880 2.630 -10.000 -1.270 2.630 -10.000
3 320 0.000 4.950 -10.000 -1.360 2.950 -10.000 -1.360 3.490 -10.000
3 320 -1.360 3.490 -10.000 -1.980 3.950 -10.000 0.000 4.950 -10.000
3 320 -1.980 3.950 -10.000 -2.950 4.480 -10.000 -1.690 4.980 -10.000
3 320 -1.690 4.980 -10.000 0.000 4.950 -10.000 -1.980 3.950 -10.000
3 320 -2.950 4.480 -10.000 -3.900 4.800 -10.000 -3.220 5.220 -10.000
3 320 -3.220 5.220 -10.000 -1.690 4.980 -10.000 -2.950 4.480 -10.000
3 320 -4.660 4.940 -10.000 -4.720 5.610 -10.000 -3.220 5.220 -10.000
3 320 -3.220 5.220 -10.000 -3.900 4.800 -10.000 -4.660 4.940 -10.000
3 320 -5.270 4.930 -10.000 -6.220 6.220 -10.000 -4.720 5.610 -10.000
3 320 -4.720 5.610 -10.000 -4.660 4.940 -10.000 -5.270 4.930 -10.000
3 320 -5.850 4.720 -10.000 -6.680 4.540 -10.000 -6.220 6.220 -10.000
3 320 -6.220 6.220 -10.000 -5.270 4.930 -10.000 -5.850 4.720 -10.000
3 320 -7.710 4.520 -10.000 -7.930 4.790 -10.000 -6.220 6.220 -10.000
3 320 -6.220 6.220 -10.000 -6.680 4.540 -10.000 -7.710 4.520 -10.000
3 320 -7.930 4.790 -10.000 -8.100 7.610 -10.000 -6.220 6.220 -10.000
3 320 -6.220 6.220 -10.000 -8.100 7.610 -10.000 -7.710 8.270 -10.000
3 320 -7.710 8.270 -10.000 -6.340 8.140 -10.000 -6.220 6.220 -10.000
3 320 -6.340 8.140 -10.000 -7.710 8.270 -10.000 -7.390 8.570 -10.000
3 320 -7.390 8.570 -10.000 -7.400 8.840 -10.000 -6.340 9.390 -10.000
3 320 -6.340 9.390 -10.000 -6.340 8.140 -10.000 -7.390 8.570 -10.000
3 320 -7.400 8.840 -10.000 -7.750 9.090 -10.000 -6.790 9.625 -10.000
3 320 -6.790 9.625 -10.000 -6.340 9.390 -10.000 -7.400 8.840 -10.000
3 320 -7.750 9.090 -10.000 -8.210 9.910 -10.000 -6.790 9.625 -10.000
3 320 -6.790 9.625 -10.000 -8.210 9.910 -10.000 -8.200 10.830 -10.000
3 320 -8.200 10.830 -10.000 -7.070 10.660 -10.000 -6.790 9.625 -10.000
3 320 -7.070 10.660 -10.000 -8.200 10.830 -10.000 -8.070 11.330 -10.000
3 320 -8.070 11.330 -10.000 -6.900 11.120 -10.000 -7.070 10.660 -10.000
3 320 -8.070 11.330 -10.000 -8.375 11.710 -10.000 -6.310 11.620 -10.000
3 320 -6.310 11.620 -10.000 -6.900 11.120 -10.000 -8.070 11.330 -10.000
3 320 -6.310 11.620 -10.000 -8.375 11.710 -10.000 -7.770 12.370 -10.000
3 320 -7.770 12.370 -10.000 -6.130 12.050 -10.000 -6.310 11.620 -10.000
3 320 -6.130 12.050 -10.000 -7.770 12.370 -10.000 -7.470 12.770 -10.000
3 320 -7.470 12.770 -10.000 -6.180 12.730 -10.000 -6.130 12.050 -10.000
3 320 -6.180 12.730 -10.000 -7.470 12.770 -10.000 -7.140 13.100 -10.000
3 320 -7.140 13.100 -10.000 -6.610 13.080 -10.000 -6.180 12.730 -10.000
3 320 -8.375 11.710 -10.000 -8.930 11.970 -10.000 -8.040 12.460 -10.000
3 320 -8.040 12.460 -10.000 -7.770 12.370 -10.000 -8.375 11.710 -10.000
3 320 -8.930 11.970 -10.000 -9.180 13.520 -10.000 -7.950 13.330 -10.000
3 320 -7.950 13.330 -10.000 -8.040 12.460 -10.000 -8.930 11.970 -10.000
3 320 -7.950 13.330 -10.000 -9.180 13.520 -10.000 -8.650 14.730 -10.000
3 320 -8.650 14.730 -10.000 -7.810 13.850 -10.000 -7.950 13.330 -10.000
3 320 -7.810 13.850 -10.000 -8.650 14.730 -10.000 -8.160 15.270 -10.000
3 320 -8.160 15.270 -10.000 -7.280 14.280 -10.000 -7.810 13.850 -10.000
3 320 -7.280 14.280 -10.000 -8.160 15.270 -10.000 -7.640 15.300 -10.000
3 320 -7.640 15.300 -10.000 -6.810 14.490 -10.000 -7.280 14.280 -10.000
3 320 -6.810 14.490 -10.000 -7.640 15.300 -10.000 -6.340 15.980 -10.000
3 320 -6.340 15.980 -10.000 -6.110 14.600 -10.000 -6.810 14.490 -10.000
3 320 -5.680 14.870 -10.000 -6.110 14.600 -10.000 -6.340 15.980 -10.000
3 320 -6.340 15.980 -10.000 -5.150 15.590 -10.000 -5.680 14.870 -10.000
3 320 -5.150 15.590 -10.000 -6.340 15.980 -10.000 -6.160 17.050 -10.000
3 320 -6.160 17.050 -10.000 -4.850 16.330 -10.000 -5.150 15.590 -10.000
3 320 -4.230 17.390 -10.000 -4.850 16.330 -10.000 -6.160 17.050 -10.000
3 320 -6.160 17.050 -10.000 -5.050 18.410 -10.000 -4.230 17.390 -10.000
3 320 -4.230 17.390 -10.000 -5.050 18.410 -10.000 -4.440 18.820 -10.000
3 320 -4.440 18.820 -10.000 -2.930 18.920 -10.000 -4.230 17.390 -10.000
3 320 -4.440 18.820 -10.000 -4.730 19.450 -10.000 -3.140 19.830 -10.000
3 320 -3.140 19.830 -10.000 -2.930 18.920 -10.000 -4.440 18.820 -10.000
3 320 -2.930 18.920 -10.000 -3.140 19.830 -10.000 -1.620 19.960 -10.000
3 320 -6.160 17.050 -10.000 -7.010 17.470 -10.000 -5.920 18.280 -10.000
3 320 -5.920 18.280 -10.000 -5.050 18.410 -10.000 -6.160 17.050 -10.000
3 320 -7.010 17.470 -10.000 -7.460 17.950 -10.000 -6.350 18.490 -10.000
3 320 -6.350 18.490 -10.000 -5.920 18.280 -10.000 -7.010 17.470 -10.000
3 320 -7.460 17.950 -10.000 -8.130 19.860 -10.000 -6.690 19.250 -10.000
3 320 -6.690 19.250 -10.000 -6.350 18.490 -10.000 -7.460 17.950 -10.000
3 320 -6.690 19.250 -10.000 -8.130 19.860 -10.000 -8.080 20.440 -10.000
3 320 -8.080 20.440 -10.000 -6.770 19.920 -10.000 -6.690 19.250 -10.000
3 320 -6.770 19.920 -10.000 -8.080 20.440 -10.000 -7.760 20.880 -10.000
3 320 -7.760 20.880 -10.000 -7.300 20.880 -10.000 -6.770 19.920 -10.000
3 320 -6.770 19.920 -10.000 -7.300 20.880 -10.000 -5.760 20.900 -10.000
3 320 -5.760 20.900 -10.000 -5.710 19.970 -10.000 -6.770 19.920 -10.000
3 320 -5.760 20.900 -10.000 -7.300 20.880 -10.000 -6.650 21.810 -10.000
3 320 -5.760 20.900 -10.000 -6.650 21.810 -10.000 -5.950 22.250 -10.000
3 320 -5.950 22.250 -10.000 -5.350 21.170 -10.000 -5.760 20.900 -10.000
3 320 -5.350 21.170 -10.000 -5.950 22.250 -10.000 -4.570 22.600 -10.000
3 320 -4.570 22.600 -10.000 -3.700 21.550 -10.000 -5.350 21.170 -10.000
3 320 -3.700 21.550 -10.000 -4.570 22.600 -10.000 -1.880 23.000 -10.000
3 320 -1.880 23.000 -10.000 -0.825 21.850 -10.000 -3.700 21.550 -10.000
3 320 -0.825 21.850 -10.000 -1.880 23.000 -10.000 0.000 23.100 -10.000
3 320 0.000 23.100 -10.000 0.000 21.880 -10.000 -0.825 21.850 -10.000
3 82 0.000 4.950 -10.000 -1.690 4.980 -10.000 -1.240 5.640 -10.000
3 82 -1.240 5.640 -10.000 0.000 5.630 -10.000 0.000 4.950 -10.000
3 82 -1.690 4.980 -10.000 -3.220 5.220 -10.000 -2.230 5.740 -10.000
3 82 -2.230 5.740 -10.000 -1.240 5.640 -10.000 -1.690 4.980 -10.000
3 82 -3.220 5.220 -10.000 -4.720 5.610 -10.000 -3.540 5.960 -10.000
3 82 -3.540 5.960 -10.000 -2.230 5.740 -10.000 -3.220 5.220 -10.000
3 82 -4.720 5.610 -10.000 -6.220 6.220 -10.000 -5.480 6.630 -10.000
3 82 -5.480 6.630 -10.000 -3.540 5.960 -10.000 -4.720 5.610 -10.000
3 82 -6.220 6.220 -10.000 -6.340 8.140 -10.000 -5.540 8.260 -10.000
3 82 -5.540 8.260 -10.000 -5.480 6.630 -10.000 -6.220 6.220 -10.000
3 82 -5.540 8.260 -10.000 -6.340 8.140 -10.000 -6.340 9.390 -10.000
3 82 -6.340 9.390 -10.000 -5.540 10.500 -10.000 -5.540 8.260 -10.000
3 82 -6.790 9.625 -10.000 -7.070 10.660 -10.000 -5.540 10.500 -10.000
3 82 -5.540 10.500 -10.000 -6.340 9.390 -10.000 -6.790 9.625 -10.000
3 82 -6.900 11.120 -10.000 -6.310 11.620 -10.000 -5.540 10.500 -10.000
3 82 -5.540 10.500 -10.000 -7.070 10.660 -10.000 -6.900 11.120 -10.000
3 82 -6.130 12.050 -10.000 -5.320 12.330 -10.000 -5.540 10.500 -10.000
3 82 -5.540 10.500 -10.000 -6.310 11.620 -10.000 -6.130 12.050 -10.000
3 82 -6.130 12.050 -10.000 -6.180 12.730 -10.000 -5.320 12.330 -10.000
3 82 -7.770 12.370 -10.000 -8.040 12.460 -10.000 -7.950 13.330 -10.000
3 82 -7.950 13.330 -10.000 -7.470 12.770 -10.000 -7.770 12.370 -10.000
3 82 -7.470 12.770 -10.000 -7.950 13.330 -10.000 -7.810 13.850 -10.000
3 82 -7.810 13.850 -10.000 -7.140 13.100 -10.000 -7.470 12.770 -10.000
3 82 -7.140 13.100 -10.000 -7.810 13.850 -10.000 -7.280 14.280 -10.000
3 82 -7.280 14.280 -10.000 -6.610 13.080 -10.000 -7.140 13.100 -10.000
3 82 -6.610 13.080 -10.000 -7.280 14.280 -10.000 -6.810 14.490 -10.000
3 82 -6.610 13.080 -10.000 -6.810 14.490 -10.000 -6.110 14.600 -10.000
3 82 -6.110 14.600 -10.000 -6.180 12.730 -10.000 -6.610 13.080 -10.000
3 82 -5.320 12.330 -10.000 -6.180 12.730 -10.000 -6.110 14.600 -10.000
3 82 -6.110 14.600 -10.000 -5.680 14.870 -10.000 -5.320 12.330 -10.000
3 82 -5.320 12.330 -10.000 -5.680 14.870 -10.000 -5.150 15.590 -10.000
3 82 -5.150 15.590 -10.000 -4.700 14.060 -10.000 -5.320 12.330 -10.000
3 82 -4.700 14.060 -10.000 -5.150 15.590 -10.000 -4.850 16.330 -10.000
3 82 -4.850 16.330 -10.000 -4.000 15.700 -10.000 -4.700 14.060 -10.000
3 82 -4.000 15.700 -10.000 -4.850 16.330 -10.000 -4.230 17.390 -10.000
3 82 -4.230 17.390 -10.000 -2.770 17.550 -10.000 -4.000 15.700 -10.000
3 82 -2.770 17.550 -10.000 -4.230 17.390 -10.000 -2.930 18.920 -10.000
3 82 -2.930 18.920 -10.000 -1.560 18.690 -10.000 -2.770 17.550 -10.000
3 82 -1.560 18.690 -10.000 -2.930 18.920 -10.000 -1.620 19.960 -10.000
3 82 -1.620 19.960 -10.000 0.000 19.610 -10.000 -1.560 18.690 -10.000
3 82 0.000 19.610 -10.000 -1.620 19.960 -10.000 -0.825 21.850 -10.000
3 82 -0.825 21.850 -10.000 0.000 21.880 -10.000 0.000 19.610 -10.000
3 82 -3.140 19.830 -10.000 -3.700 21.550 -10.000 -0.825 21.850 -10.000
3 82 -0.825 21.850 -10.000 -1.620 19.960 -10.000 -3.140 19.830 -10.000
3 82 -4.730 19.450 -10.000 -5.350 21.170 -10.000 -3.700 21.550 -10.000
3 82 -3.700 21.550 -10.000 -3.140 19.830 -10.000 -4.730 19.450 -10.000
3 82 -5.710 19.970 -10.000 -5.760 20.900 -10.000 -5.350 21.170 -10.000
3 82 -5.350 21.170 -10.000 -4.730 19.450 -10.000 -5.710 19.970 -10.000
3 82 -5.050 18.410 -10.000 -5.710 19.970 -10.000 -4.730 19.450 -10.000
3 82 -4.730 19.450 -10.000 -4.440 18.820 -10.000 -5.050 18.410 -10.000
3 82 -5.710 19.970 -10.000 -5.050 18.410 -10.000 -5.920 18.280 -10.000
3 82 -5.920 18.280 -10.000 -6.350 18.490 -10.000 -5.710 19.970 -10.000
3 82 -5.710 19.970 -10.000 -6.350 18.490 -10.000 -6.690 19.250 -10.000
3 82 -6.690 19.250 -10.000 -6.770 19.920 -10.000 -5.710 19.970 -10.000
