0 PLATE 2X3 W/ HOR. 3,2 SHAFT (Needs Work)
0 Name: 30166.dat
0 Author: <AuthorRealName> [<AuthorLDrawName>]
0 !LDRAW_ORG Unofficial_Part
0 !LICENSE Redistributable under CCAL version 2.0 : see CAreadme.txt

0 BFC CERTIFY CCW

0 !HISTORY 2018-01-28 {LEGO Digital Designer} Original part shape
0 !HISTORY 2018-01-28 [<AuthorLDrawName>] File preparation for LDraw Parts Tracker

0 // Needs Work: Clean necessary

0 // Outside
3 16 -4.125 -4.777 23.995 -7.348 -8 23.995 -4.125 -13.256 23.995 
3 16 -4.125 -13.256 23.995 -7.348 -8 23.995 -9.25 -13.256 23.995 
3 16 -7.348 -8 23.995 -9.25 -6.097 23.995 -9.25 -13.256 23.995 
3 16 -4.125 -4.777 16.005 -4.125 -4.777 23.995 -4.125 -13.256 16.005 
3 16 -4.125 -4.777 23.995 -4.125 -13.256 23.995 -4.125 -13.256 16.005 
3 16 -4.125 -4.777 16.005 -4.125 -13.256 16.005 -7.348 -8 16.005 
3 16 -9.25 -6.097 16.005 -7.348 -8 16.005 -9.25 -13.256 16.005 
3 16 -7.348 -8 16.005 -4.125 -13.256 16.005 -9.25 -13.256 16.005 
3 16 -9.25 -6.097 23.995 -9.25 -6.097 16.005 -9.25 -13.256 23.995 
3 16 -9.25 -6.097 16.005 -9.25 -13.256 16.005 -9.25 -13.256 23.995 
3 16 -4.125 -13.256 23.995 -9.25 -13.256 23.995 -4.125 -15.017 25.33 
3 16 -9.25 -13.256 23.995 -9.25 -15.017 25.33 -4.125 -15.017 25.33 
3 16 -4.125 -15.017 25.33 -9.25 -15.017 25.33 -4.125 -18.095 26.155 
3 16 -9.25 -15.017 25.33 -9.25 -18.095 26.155 -4.125 -18.095 26.155 
3 16 -4.125 -18.095 26.155 -9.25 -18.095 26.155 -4.125 -21.172 25.33 
3 16 -9.25 -18.095 26.155 -9.25 -21.172 25.33 -4.125 -21.172 25.33 
3 16 -4.125 -21.172 25.33 -9.25 -21.172 25.33 -4.125 -23.425 23.078 
3 16 -9.25 -21.172 25.33 -9.25 -23.425 23.078 -4.125 -23.425 23.078 
3 16 -4.125 -23.425 23.078 -9.25 -23.425 23.078 -4.125 -24.25 20 
3 16 -9.25 -23.425 23.078 -9.25 -24.25 20 -4.125 -24.25 20 
3 16 -4.125 -24.25 20 -9.25 -24.25 20 -4.125 -23.425 16.922 
3 16 -9.25 -24.25 20 -9.25 -23.425 16.922 -4.125 -23.425 16.922 
3 16 -4.125 -23.425 16.922 -9.25 -23.425 16.922 -4.125 -21.172 14.67 
3 16 -9.25 -23.425 16.922 -9.25 -21.172 14.67 -4.125 -21.172 14.67 
3 16 -4.125 -21.172 14.67 -9.25 -21.172 14.67 -4.125 -18.095 13.845 
3 16 -9.25 -21.172 14.67 -9.25 -18.095 13.845 -4.125 -18.095 13.845 
3 16 -4.125 -18.095 13.845 -9.25 -18.095 13.845 -4.125 -15.017 14.67 
3 16 -9.25 -18.095 13.845 -9.25 -15.017 14.67 -4.125 -15.017 14.67 
3 16 -4.125 -15.017 14.67 -9.25 -15.017 14.67 -4.125 -13.256 16.005 
3 16 -9.25 -15.017 14.67 -9.25 -13.256 16.005 -4.125 -13.256 16.005 
3 16 -4.125 -15.017 25.33 -4.125 -18.095 20 -4.125 -13.256 23.995 
3 16 -4.125 -18.095 26.155 -4.125 -18.095 20 -4.125 -15.017 25.33 
3 16 -4.125 -21.172 25.33 -4.125 -18.095 20 -4.125 -18.095 26.155 
3 16 -4.125 -23.425 23.078 -4.125 -18.095 20 -4.125 -21.172 25.33 
3 16 -4.125 -24.25 20 -4.125 -18.095 20 -4.125 -23.425 23.078 
3 16 -4.125 -23.425 16.922 -4.125 -18.095 20 -4.125 -24.25 20 
3 16 -4.125 -21.172 14.67 -4.125 -18.095 20 -4.125 -23.425 16.922 
3 16 -4.125 -18.095 13.845 -4.125 -18.095 20 -4.125 -21.172 14.67 
3 16 -4.125 -15.017 14.67 -4.125 -18.095 20 -4.125 -18.095 13.845 
3 16 -4.125 -13.256 16.005 -4.125 -18.095 20 -4.125 -15.017 14.67 
3 16 -4.125 -13.256 23.995 -4.125 -18.095 20 -4.125 -13.256 16.005 
3 16 -9.25 -13.256 23.995 -9.25 -18.095 20 -9.25 -15.017 25.33 
3 16 -9.25 -15.017 25.33 -9.25 -18.095 20 -9.25 -18.095 26.155 
3 16 -9.25 -18.095 26.155 -9.25 -18.095 20 -9.25 -21.172 25.33 
3 16 -9.25 -21.172 25.33 -9.25 -18.095 20 -9.25 -23.425 23.078 
3 16 -9.25 -23.425 23.078 -9.25 -18.095 20 -9.25 -24.25 20 
3 16 -9.25 -24.25 20 -9.25 -18.095 20 -9.25 -23.425 16.922 
3 16 -9.25 -23.425 16.922 -9.25 -18.095 20 -9.25 -21.172 14.67 
3 16 -9.25 -21.172 14.67 -9.25 -18.095 20 -9.25 -18.095 13.845 
3 16 -9.25 -18.095 13.845 -9.25 -18.095 20 -9.25 -15.017 14.67 
3 16 -9.25 -15.017 14.67 -9.25 -18.095 20 -9.25 -13.256 16.005 
3 16 -9.25 -18.095 20 -9.25 -13.256 23.995 -9.25 -13.256 16.005 
3 16 -4.125 -14.536 22 -4.125 -16 23.464 24.125 -14.536 22 
3 16 24.125 -14.536 22 -4.125 -16 23.464 24.125 -16 23.464 
3 16 -4.125 -16 23.464 -4.125 -18 24 24.125 -16 23.464 
3 16 24.125 -16 23.464 -4.125 -18 24 24.125 -18 24 
3 16 -4.125 -18 24 -4.125 -20 23.464 24.125 -18 24 
3 16 24.125 -18 24 -4.125 -20 23.464 24.125 -20 23.464 
3 16 -4.125 -20 23.464 -4.125 -21.464 22 24.125 -20 23.464 
3 16 24.125 -20 23.464 -4.125 -21.464 22 24.125 -21.464 22 
3 16 -4.125 -21.464 22 -4.125 -22 20 24.125 -21.464 22 
3 16 24.125 -21.464 22 -4.125 -22 20 24.125 -22 20 
3 16 -4.125 -22 20 -4.125 -21.464 18 24.125 -22 20 
3 16 24.125 -22 20 -4.125 -21.464 18 24.125 -21.464 18 
3 16 -4.125 -21.464 18 -4.125 -20 16.536 24.125 -21.464 18 
3 16 24.125 -21.464 18 -4.125 -20 16.536 24.125 -20 16.536 
3 16 -4.125 -20 16.536 -4.125 -18 16 24.125 -20 16.536 
3 16 24.125 -20 16.536 -4.125 -18 16 24.125 -18 16 
3 16 -4.125 -18 16 -4.125 -16 16.536 24.125 -18 16 
3 16 24.125 -18 16 -4.125 -16 16.536 24.125 -16 16.536 
3 16 -4.125 -16 16.536 -4.125 -14.536 18 24.125 -16 16.536 
3 16 24.125 -16 16.536 -4.125 -14.536 18 24.125 -14.536 18 
3 16 -4.125 -14.536 18 -4.125 -14 20 24.125 -14.536 18 
3 16 24.125 -14.536 18 -4.125 -14 20 24.125 -14 20 
3 16 -4.125 -14 20 -4.125 -14.536 22 24.125 -14 20 
3 16 24.125 -14 20 -4.125 -14.536 22 24.125 -14.536 22 
3 16 24.125 -4.777 23.995 24.125 -13.256 23.995 27.348 -8 23.995 
3 16 24.125 -13.256 23.995 29.25 -13.256 23.995 27.348 -8 23.995 
3 16 27.348 -8 23.995 29.25 -13.256 23.995 29.25 -6.097 23.995 
3 16 24.125 -4.777 16.005 24.125 -13.256 16.005 24.125 -4.777 23.995 
3 16 24.125 -4.777 23.995 24.125 -13.256 16.005 24.125 -13.256 23.995 
3 16 24.125 -4.777 16.005 27.348 -8 16.005 24.125 -13.256 16.005 
3 16 29.25 -6.097 16.005 29.25 -13.256 16.005 27.348 -8 16.005 
3 16 27.348 -8 16.005 29.25 -13.256 16.005 24.125 -13.256 16.005 
3 16 29.25 -6.097 23.995 29.25 -13.256 23.995 29.25 -6.097 16.005 
3 16 29.25 -6.097 16.005 29.25 -13.256 23.995 29.25 -13.256 16.005 
3 16 24.125 -13.256 23.995 24.125 -15.017 25.33 29.25 -13.256 23.995 
3 16 29.25 -13.256 23.995 24.125 -15.017 25.33 29.25 -15.017 25.33 
3 16 24.125 -15.017 25.33 24.125 -18.095 26.155 29.25 -15.017 25.33 
3 16 29.25 -15.017 25.33 24.125 -18.095 26.155 29.25 -18.095 26.155 
3 16 24.125 -18.095 26.155 24.125 -21.172 25.33 29.25 -18.095 26.155 
3 16 29.25 -18.095 26.155 24.125 -21.172 25.33 29.25 -21.172 25.33 
3 16 24.125 -21.172 25.33 24.125 -23.425 23.078 29.25 -21.172 25.33 
3 16 29.25 -21.172 25.33 24.125 -23.425 23.078 29.25 -23.425 23.078 
3 16 24.125 -23.425 23.078 24.125 -24.25 20 29.25 -23.425 23.078 
3 16 29.25 -23.425 23.078 24.125 -24.25 20 29.25 -24.25 20 
3 16 24.125 -24.25 20 24.125 -23.425 16.922 29.25 -24.25 20 
3 16 29.25 -24.25 20 24.125 -23.425 16.922 29.25 -23.425 16.922 
3 16 24.125 -23.425 16.922 24.125 -21.172 14.67 29.25 -23.425 16.922 
3 16 29.25 -23.425 16.922 24.125 -21.172 14.67 29.25 -21.172 14.67 
3 16 24.125 -21.172 14.67 24.125 -18.095 13.845 29.25 -21.172 14.67 
3 16 29.25 -21.172 14.67 24.125 -18.095 13.845 29.25 -18.095 13.845 
3 16 24.125 -18.095 13.845 24.125 -15.017 14.67 29.25 -18.095 13.845 
3 16 29.25 -18.095 13.845 24.125 -15.017 14.67 29.25 -15.017 14.67 
3 16 24.125 -15.017 14.67 24.125 -13.256 16.005 29.25 -15.017 14.67 
3 16 29.25 -15.017 14.67 24.125 -13.256 16.005 29.25 -13.256 16.005 
3 16 24.125 -15.017 25.33 24.125 -13.256 23.995 24.125 -18.095 20 
3 16 24.125 -18.095 26.155 24.125 -15.017 25.33 24.125 -18.095 20 
3 16 24.125 -21.172 25.33 24.125 -18.095 26.155 24.125 -18.095 20 
3 16 24.125 -23.425 23.078 24.125 -21.172 25.33 24.125 -18.095 20 
3 16 24.125 -24.25 20 24.125 -23.425 23.078 24.125 -18.095 20 
3 16 24.125 -23.425 16.922 24.125 -24.25 20 24.125 -18.095 20 
3 16 24.125 -21.172 14.67 24.125 -23.425 16.922 24.125 -18.095 20 
3 16 24.125 -18.095 13.845 24.125 -21.172 14.67 24.125 -18.095 20 
3 16 24.125 -15.017 14.67 24.125 -18.095 13.845 24.125 -18.095 20 
3 16 24.125 -13.256 16.005 24.125 -15.017 14.67 24.125 -18.095 20 
3 16 24.125 -13.256 23.995 24.125 -13.256 16.005 24.125 -18.095 20 
3 16 29.25 -13.256 23.995 29.25 -15.017 25.33 29.25 -18.095 20 
3 16 29.25 -15.017 25.33 29.25 -18.095 26.155 29.25 -18.095 20 
3 16 29.25 -18.095 26.155 29.25 -21.172 25.33 29.25 -18.095 20 
3 16 29.25 -21.172 25.33 29.25 -23.425 23.078 29.25 -18.095 20 
3 16 29.25 -23.425 23.078 29.25 -24.25 20 29.25 -18.095 20 
3 16 29.25 -24.25 20 29.25 -23.425 16.922 29.25 -18.095 20 
3 16 29.25 -23.425 16.922 29.25 -21.172 14.67 29.25 -18.095 20 
3 16 29.25 -21.172 14.67 29.25 -18.095 13.845 29.25 -18.095 20 
3 16 29.25 -18.095 13.845 29.25 -15.017 14.67 29.25 -18.095 20 
3 16 29.25 -15.017 14.67 29.25 -13.256 16.005 29.25 -18.095 20 
3 16 29.25 -18.095 20 29.25 -13.256 16.005 29.25 -13.256 23.995 
3 16 15.465 -3.75 -10 15.502 -1.625 -10 23.098 -3.75 -10 
3 16 4.535 -3.75 -10 -3.098 -3.75 -10 4.498 -1.625 -10 
3 16 23.098 -3.75 -10 15.502 -1.625 -10 24.652 0 -10 
3 16 24.652 0 -10 15.502 -1.625 -10 -4.652 0 -10 
3 16 15.502 -1.625 -10 4.498 -1.625 -10 -4.652 0 -10 
3 16 4.498 -1.625 -10 -3.098 -3.75 -10 -4.652 0 -10 
3 16 27.348 -8 -3.99 30 -5.348 -2.436 27.348 -8 43.99 
3 16 27.348 -8 43.99 30 -5.348 -2.436 30 -5.348 42.436 
3 16 23.098 -3.75 -10 24.652 0 -10 27.348 -8 -3.99 
3 16 27.348 -8 -3.99 24.652 0 -10 30 -5.348 -2.436 
3 16 4.469 -3.75 -5.525 4.498 -1.625 -10 15.531 -3.75 -5.525 
3 16 15.531 -3.75 -5.525 4.498 -1.625 -10 15.502 -1.625 -10 
3 16 15.531 -3.75 -5.525 15.502 -1.625 -10 15.465 -3.75 -10 
3 16 30 -5.348 -2.436 24.652 0 -10 30 -5.348 42.436 
3 16 30 -5.348 42.436 24.652 0 -10 24.652 0 50 
3 16 23.098 -3.75 50 27.348 -8 43.99 24.652 0 50 
3 16 24.652 0 50 27.348 -8 43.99 30 -5.348 42.436 
3 16 23.098 -3.75 -10 27.348 -8 -3.99 23.098 -3.75 50 
3 16 23.098 -3.75 50 27.348 -8 -3.99 27.348 -8 43.99 
3 16 15.531 -3.75 45.525 15.465 -3.75 50 15.502 -1.625 50 
3 16 -3.098 -3.75 -10 -7.348 -8 -3.99 -4.652 0 -10 
3 16 -4.652 0 -10 -7.348 -8 -3.99 -10 -5.348 -2.436 
3 16 -7.348 -8 -3.99 -3.098 -3.75 -10 -7.348 -8 43.99 
3 16 -7.348 -8 43.99 -3.098 -3.75 -10 -3.098 -3.75 50 
3 16 4.469 -3.75 -5.525 4.535 -3.75 -10 4.498 -1.625 -10 
3 16 4.535 -3.75 50 -3.098 -3.75 50 4.469 -3.75 45.525 
3 16 4.469 -3.75 45.525 -3.098 -3.75 50 4.469 -3.75 -5.525 
3 16 4.535 -3.75 -10 4.469 -3.75 -5.525 -3.098 -3.75 -10 
3 16 -3.098 -3.75 50 -3.098 -3.75 -10 4.469 -3.75 -5.525 
3 16 15.531 -3.75 45.525 4.469 -3.75 45.525 15.531 -3.75 -5.525 
3 16 4.469 -3.75 45.525 4.469 -3.75 -5.525 15.531 -3.75 -5.525 
3 16 15.465 -3.75 -10 23.098 -3.75 -10 15.531 -3.75 -5.525 
3 16 15.531 -3.75 -5.525 23.098 -3.75 -10 15.531 -3.75 45.525 
3 16 15.465 -3.75 50 15.531 -3.75 45.525 23.098 -3.75 50 
3 16 23.098 -3.75 50 15.531 -3.75 45.525 23.098 -3.75 -10 
3 16 4.535 -3.75 50 4.498 -1.625 50 -3.098 -3.75 50 
3 16 15.465 -3.75 50 23.098 -3.75 50 15.502 -1.625 50 
3 16 -3.098 -3.75 50 4.498 -1.625 50 -4.652 0 50 
3 16 -4.652 0 50 4.498 -1.625 50 24.652 0 50 
3 16 4.498 -1.625 50 15.502 -1.625 50 24.652 0 50 
3 16 24.652 0 50 15.502 -1.625 50 23.098 -3.75 50 
3 16 24.652 0 -10 -4.652 0 -10 24.652 0 50 
3 16 24.652 0 50 -4.652 0 -10 -4.652 0 50 
3 16 -10 -5.348 -2.436 -7.348 -8 -3.99 -10 -5.348 42.436 
3 16 -10 -5.348 42.436 -7.348 -8 -3.99 -7.348 -8 43.99 
3 16 -3.098 -3.75 50 -4.652 0 50 -7.348 -8 43.99 
3 16 -7.348 -8 43.99 -4.652 0 50 -10 -5.348 42.436 
3 16 15.531 -3.75 45.525 15.502 -1.625 50 4.469 -3.75 45.525 
3 16 4.469 -3.75 45.525 15.502 -1.625 50 4.498 -1.625 50 
3 16 4.469 -3.75 45.525 4.498 -1.625 50 4.535 -3.75 50 
3 16 -4.652 0 -10 -10 -5.348 -2.436 -4.652 0 50 
3 16 -4.652 0 50 -10 -5.348 -2.436 -10 -5.348 42.436 
3 16 23.062 0.025 34.696 23.062 4.45 34.696 24.652 0 36.285 
3 16 24.652 0 36.285 23.062 4.45 34.696 25.304 4.45 36.938 
3 16 23.062 0.025 45.304 24.652 0 43.715 23.062 4.45 45.304 
3 16 23.062 4.45 45.304 24.652 0 43.715 25.304 4.45 43.062 
3 16 24.652 0 43.715 26.125 -1.473 40 25.304 4.45 43.062 
3 16 25.304 4.45 43.062 26.125 -1.473 40 26.125 4.45 40 
3 16 26.125 4.45 40 26.125 -1.473 40 25.304 4.45 36.938 
3 16 25.304 4.45 36.938 26.125 -1.473 40 24.652 0 36.285 
3 16 23.062 0.025 -5.304 23.062 4.45 -5.304 24.652 0 -3.715 
3 16 24.652 0 -3.715 23.062 4.45 -5.304 25.304 4.45 -3.063 
3 16 23.062 0.025 5.304 24.652 0 3.715 23.062 4.45 5.304 
3 16 23.062 4.45 5.304 24.652 0 3.715 25.304 4.45 3.062 
3 16 24.652 0 3.715 26.125 -1.473 0 25.304 4.45 3.062 
3 16 25.304 4.45 3.062 26.125 -1.473 0 26.125 4.45 0 
3 16 26.125 4.45 0 26.125 -1.473 0 25.304 4.45 -3.063 
3 16 25.304 4.45 -3.063 26.125 -1.473 0 24.652 0 -3.715 
3 16 -3.062 0.025 34.696 -4.652 0 36.285 -3.062 4.45 34.696 
3 16 -4.652 0 36.285 -5.304 4.45 36.938 -3.062 4.45 34.696 
3 16 -3.062 0.025 45.304 -3.062 4.45 45.304 -4.652 0 43.715 
3 16 -3.062 4.45 45.304 -5.304 4.45 43.062 -4.652 0 43.715 
3 16 -4.652 0 43.715 -5.304 4.45 43.062 -6.125 -1.473 40 
3 16 -5.304 4.45 43.062 -6.125 4.45 40 -6.125 -1.473 40 
3 16 -6.125 4.45 40 -5.304 4.45 36.938 -6.125 -1.473 40 
3 16 -5.304 4.45 36.938 -4.652 0 36.285 -6.125 -1.473 40 
3 16 -3.062 0.025 -5.304 -4.652 0 -3.715 -3.062 4.45 -5.304 
3 16 -4.652 0 -3.715 -5.304 4.45 -3.063 -3.062 4.45 -5.304 
3 16 -3.062 0.025 5.304 -3.062 4.45 5.304 -4.652 0 3.715 
3 16 -3.062 4.45 5.304 -5.304 4.45 3.062 -4.652 0 3.715 
3 16 -4.652 0 3.715 -5.304 4.45 3.062 -6.125 -1.473 0 
3 16 -5.304 4.45 3.062 -6.125 4.45 0 -6.125 -1.473 0 
3 16 -6.125 4.45 0 -5.304 4.45 -3.063 -6.125 -1.473 0 
3 16 -5.304 4.45 -3.063 -4.652 0 -3.715 -6.125 -1.473 0 
2 24 -4.125 -4.777 23.995 -7.348 -8 23.995 
2 24 -4.125 -13.256 23.995 -4.125 -4.777 23.995 
2 24 -9.25 -13.256 23.995 -4.125 -13.256 23.995 
2 24 -7.348 -8 23.995 -9.25 -6.097 23.995 
2 24 -9.25 -6.097 23.995 -9.25 -13.256 23.995 
2 24 -4.125 -4.777 16.005 -4.125 -4.777 23.995 
2 24 -4.125 -13.256 16.005 -4.125 -4.777 16.005 
2 24 -7.348 -8 16.005 -4.125 -4.777 16.005 
2 24 -9.25 -6.097 16.005 -7.348 -8 16.005 
2 24 -9.25 -13.256 16.005 -9.25 -6.097 16.005 
2 24 -4.125 -13.256 16.005 -9.25 -13.256 16.005 
2 24 -9.25 -6.097 23.995 -9.25 -6.097 16.005 
2 24 -4.125 -15.017 25.33 -4.125 -13.256 23.995 
2 24 -9.25 -13.256 23.995 -9.25 -15.017 25.33 
2 24 -4.125 -18.095 26.155 -4.125 -15.017 25.33 
2 24 -9.25 -15.017 25.33 -9.25 -18.095 26.155 
2 24 -4.125 -21.172 25.33 -4.125 -18.095 26.155 
2 24 -9.25 -18.095 26.155 -9.25 -21.172 25.33 
2 24 -4.125 -23.425 23.078 -4.125 -21.172 25.33 
2 24 -9.25 -21.172 25.33 -9.25 -23.425 23.078 
2 24 -4.125 -24.25 20 -4.125 -23.425 23.078 
2 24 -9.25 -23.425 23.078 -9.25 -24.25 20 
2 24 -4.125 -23.425 16.922 -4.125 -24.25 20 
2 24 -9.25 -24.25 20 -9.25 -23.425 16.922 
2 24 -4.125 -21.172 14.67 -4.125 -23.425 16.922 
2 24 -9.25 -23.425 16.922 -9.25 -21.172 14.67 
2 24 -4.125 -18.095 13.845 -4.125 -21.172 14.67 
2 24 -9.25 -21.172 14.67 -9.25 -18.095 13.845 
2 24 -4.125 -15.017 14.67 -4.125 -18.095 13.845 
2 24 -9.25 -18.095 13.845 -9.25 -15.017 14.67 
2 24 -4.125 -13.256 16.005 -4.125 -15.017 14.67 
2 24 -9.25 -15.017 14.67 -9.25 -13.256 16.005 
2 24 -4.125 -14.536 22 -4.125 -16 23.464 
2 24 24.125 -16 23.464 24.125 -14.536 22 
2 24 -4.125 -16 23.464 -4.125 -18 24 
2 24 24.125 -18 24 24.125 -16 23.464 
2 24 -4.125 -18 24 -4.125 -20 23.464 
2 24 24.125 -20 23.464 24.125 -18 24 
2 24 -4.125 -20 23.464 -4.125 -21.464 22 
2 24 24.125 -21.464 22 24.125 -20 23.464 
2 24 -4.125 -21.464 22 -4.125 -22 20 
2 24 24.125 -22 20 24.125 -21.464 22 
2 24 -4.125 -22 20 -4.125 -21.464 18 
2 24 24.125 -21.464 18 24.125 -22 20 
2 24 -4.125 -21.464 18 -4.125 -20 16.536 
2 24 24.125 -20 16.536 24.125 -21.464 18 
2 24 -4.125 -20 16.536 -4.125 -18 16 
2 24 24.125 -18 16 24.125 -20 16.536 
2 24 -4.125 -18 16 -4.125 -16 16.536 
2 24 24.125 -16 16.536 24.125 -18 16 
2 24 -4.125 -16 16.536 -4.125 -14.536 18 
2 24 24.125 -14.536 18 24.125 -16 16.536 
2 24 -4.125 -14.536 18 -4.125 -14 20 
2 24 24.125 -14 20 24.125 -14.536 18 
2 24 -4.125 -14 20 -4.125 -14.536 22 
2 24 24.125 -14.536 22 24.125 -14 20 
2 24 24.125 -4.777 23.995 24.125 -13.256 23.995 
2 24 27.348 -8 23.995 24.125 -4.777 23.995 
2 24 24.125 -13.256 23.995 29.25 -13.256 23.995 
2 24 29.25 -13.256 23.995 29.25 -6.097 23.995 
2 24 29.25 -6.097 23.995 27.348 -8 23.995 
2 24 24.125 -4.777 16.005 24.125 -13.256 16.005 
2 24 24.125 -4.777 23.995 24.125 -4.777 16.005 
2 24 24.125 -4.777 16.005 27.348 -8 16.005 
2 24 29.25 -6.097 16.005 29.25 -13.256 16.005 
2 24 27.348 -8 16.005 29.25 -6.097 16.005 
2 24 29.25 -13.256 16.005 24.125 -13.256 16.005 
2 24 29.25 -6.097 16.005 29.25 -6.097 23.995 
2 24 24.125 -13.256 23.995 24.125 -15.017 25.33 
2 24 29.25 -15.017 25.33 29.25 -13.256 23.995 
2 24 24.125 -15.017 25.33 24.125 -18.095 26.155 
2 24 29.25 -18.095 26.155 29.25 -15.017 25.33 
2 24 24.125 -18.095 26.155 24.125 -21.172 25.33 
2 24 29.25 -21.172 25.33 29.25 -18.095 26.155 
2 24 24.125 -21.172 25.33 24.125 -23.425 23.078 
2 24 29.25 -23.425 23.078 29.25 -21.172 25.33 
2 24 24.125 -23.425 23.078 24.125 -24.25 20 
2 24 29.25 -24.25 20 29.25 -23.425 23.078 
2 24 24.125 -24.25 20 24.125 -23.425 16.922 
2 24 29.25 -23.425 16.922 29.25 -24.25 20 
2 24 24.125 -23.425 16.922 24.125 -21.172 14.67 
2 24 29.25 -21.172 14.67 29.25 -23.425 16.922 
2 24 24.125 -21.172 14.67 24.125 -18.095 13.845 
2 24 29.25 -18.095 13.845 29.25 -21.172 14.67 
2 24 24.125 -18.095 13.845 24.125 -15.017 14.67 
2 24 29.25 -15.017 14.67 29.25 -18.095 13.845 
2 24 24.125 -15.017 14.67 24.125 -13.256 16.005 
2 24 29.25 -13.256 16.005 29.25 -15.017 14.67 
2 24 15.465 -3.75 -10 15.502 -1.625 -10 
2 24 23.098 -3.75 -10 15.465 -3.75 -10 
2 24 4.535 -3.75 -10 -3.098 -3.75 -10 
2 24 4.498 -1.625 -10 4.535 -3.75 -10 
2 24 24.652 0 -10 23.098 -3.75 -10 
2 24 -4.652 0 -10 24.652 0 -10 
2 24 15.502 -1.625 -10 4.498 -1.625 -10 
2 24 -3.098 -3.75 -10 -4.652 0 -10 
2 24 27.348 -8 -3.99 30 -5.348 -2.436 
2 24 27.348 -8 43.99 27.348 -8 -3.99 
2 24 30 -5.348 -2.436 30 -5.348 42.436 
2 24 30 -5.348 42.436 27.348 -8 43.99 
2 24 27.348 -8 -3.99 23.098 -3.75 -10 
2 24 24.652 0 -10 30 -5.348 -2.436 
2 24 4.469 -3.75 -5.525 4.498 -1.625 -10 
2 24 15.531 -3.75 -5.525 4.469 -3.75 -5.525 
2 24 15.502 -1.625 -10 15.531 -3.75 -5.525 
2 24 15.465 -3.75 -10 15.531 -3.75 -5.525 
2 24 24.652 0 -10 24.652 0 50 
2 24 24.652 0 50 30 -5.348 42.436 
2 24 23.098 -3.75 50 27.348 -8 43.99 
2 24 24.652 0 50 23.098 -3.75 50 
2 24 23.098 -3.75 50 23.098 -3.75 -10 
2 24 15.531 -3.75 45.525 15.465 -3.75 50 
2 24 15.465 -3.75 50 15.502 -1.625 50 
2 24 15.502 -1.625 50 15.531 -3.75 45.525 
2 24 -3.098 -3.75 -10 -7.348 -8 -3.99 
2 24 -7.348 -8 -3.99 -10 -5.348 -2.436 
2 24 -10 -5.348 -2.436 -4.652 0 -10 
2 24 -7.348 -8 43.99 -7.348 -8 -3.99 
2 24 -3.098 -3.75 -10 -3.098 -3.75 50 
2 24 -3.098 -3.75 50 -7.348 -8 43.99 
2 24 4.469 -3.75 -5.525 4.535 -3.75 -10 
2 24 4.535 -3.75 50 -3.098 -3.75 50 
2 24 4.469 -3.75 45.525 4.535 -3.75 50 
2 24 15.531 -3.75 45.525 4.469 -3.75 45.525 
2 24 23.098 -3.75 50 15.465 -3.75 50 
2 24 4.535 -3.75 50 4.498 -1.625 50 
2 24 -4.652 0 50 -3.098 -3.75 50 
2 24 24.652 0 50 -4.652 0 50 
2 24 4.498 -1.625 50 15.502 -1.625 50 
2 24 -4.652 0 -10 -4.652 0 50 
2 24 -10 -5.348 42.436 -10 -5.348 -2.436 
2 24 -7.348 -8 43.99 -10 -5.348 42.436 
2 24 -4.652 0 50 -10 -5.348 42.436 
2 24 4.498 -1.625 50 4.469 -3.75 45.525 
2 24 23.062 0.025 34.696 23.062 4.45 34.696 
2 24 24.652 0 36.285 23.062 0.025 34.696 
2 24 23.062 4.45 34.696 25.304 4.45 36.938 
2 24 23.062 0.025 45.304 24.652 0 43.715 
2 24 23.062 4.45 45.304 23.062 0.025 45.304 
2 24 25.304 4.45 43.062 23.062 4.45 45.304 
2 24 24.652 0 43.715 26.125 -1.473 40 
2 24 26.125 4.45 40 25.304 4.45 43.062 
2 24 25.304 4.45 36.938 26.125 4.45 40 
2 24 26.125 -1.473 40 24.652 0 36.285 
2 24 23.062 0.025 -5.304 23.062 4.45 -5.304 
2 24 24.652 0 -3.715 23.062 0.025 -5.304 
2 24 23.062 4.45 -5.304 25.304 4.45 -3.063 
2 24 23.062 0.025 5.304 24.652 0 3.715 
2 24 23.062 4.45 5.304 23.062 0.025 5.304 
2 24 25.304 4.45 3.062 23.062 4.45 5.304 
2 24 24.652 0 3.715 26.125 -1.473 0 
2 24 26.125 4.45 0 25.304 4.45 3.062 
2 24 25.304 4.45 -3.063 26.125 4.45 0 
2 24 26.125 -1.473 0 24.652 0 -3.715 
2 24 -3.062 0.025 34.696 -4.652 0 36.285 
2 24 -3.062 4.45 34.696 -3.062 0.025 34.696 
2 24 -5.304 4.45 36.938 -3.062 4.45 34.696 
2 24 -3.062 0.025 45.304 -3.062 4.45 45.304 
2 24 -4.652 0 43.715 -3.062 0.025 45.304 
2 24 -3.062 4.45 45.304 -5.304 4.45 43.062 
2 24 -6.125 -1.473 40 -4.652 0 43.715 
2 24 -5.304 4.45 43.062 -6.125 4.45 40 
2 24 -6.125 4.45 40 -5.304 4.45 36.938 
2 24 -4.652 0 36.285 -6.125 -1.473 40 
2 24 -3.062 0.025 -5.304 -4.652 0 -3.715 
2 24 -3.062 4.45 -5.304 -3.062 0.025 -5.304 
2 24 -5.304 4.45 -3.063 -3.062 4.45 -5.304 
2 24 -3.062 0.025 5.304 -3.062 4.45 5.304 
2 24 -4.652 0 3.715 -3.062 0.025 5.304 
2 24 -3.062 4.45 5.304 -5.304 4.45 3.062 
2 24 -6.125 -1.473 0 -4.652 0 3.715 
2 24 -5.304 4.45 3.062 -6.125 4.45 0 
2 24 -6.125 4.45 0 -5.304 4.45 -3.063 
2 24 -4.652 0 -3.715 -6.125 -1.473 0 

0 // Stud
3 16 23.062 0.025 34.696 20 0.025 33.875 20 4.45 33.875 
3 16 23.062 4.45 34.696 23.062 0.025 34.696 20 4.45 33.875 
3 16 20 0.025 33.875 16.938 0.025 34.696 16.938 4.45 34.696 
3 16 20 4.45 33.875 20 0.025 33.875 16.938 4.45 34.696 
3 16 16.938 0.025 34.696 14.696 0.025 36.938 14.696 4.45 36.938 
3 16 16.938 4.45 34.696 16.938 0.025 34.696 14.696 4.45 36.938 
3 16 14.696 0.025 36.938 13.875 0.025 40 13.875 4.45 40 
3 16 14.696 4.45 36.938 14.696 0.025 36.938 13.875 4.45 40 
3 16 13.875 0.025 40 14.696 0.025 43.062 14.696 4.45 43.062 
3 16 13.875 4.45 40 13.875 0.025 40 14.696 4.45 43.062 
3 16 14.696 0.025 43.062 16.937 0.025 45.304 16.937 4.45 45.304 
3 16 14.696 4.45 43.062 14.696 0.025 43.062 16.937 4.45 45.304 
3 16 16.937 0.025 45.304 20 0.025 46.125 20 4.45 46.125 
3 16 16.937 4.45 45.304 16.937 0.025 45.304 20 4.45 46.125 
3 16 20 0.025 46.125 23.062 0.025 45.304 23.062 4.45 45.304 
3 16 20 4.45 46.125 20 0.025 46.125 23.062 4.45 45.304 
3 16 23.062 4.45 34.696 22 4.45 36.536 25.304 4.45 36.938 
3 16 23.464 4.45 38 25.304 4.45 36.938 22 4.45 36.536 
3 16 20 4.45 33.875 20 4.45 36 23.062 4.45 34.696 
3 16 22 4.45 36.536 23.062 4.45 34.696 20 4.45 36 
3 16 16.938 4.45 34.696 18 4.45 36.536 20 4.45 33.875 
3 16 20 4.45 36 20 4.45 33.875 18 4.45 36.536 
3 16 14.696 4.45 36.938 16.536 4.45 38 16.938 4.45 34.696 
3 16 18 4.45 36.536 16.938 4.45 34.696 16.536 4.45 38 
3 16 13.875 4.45 40 16 4.45 40 14.696 4.45 36.938 
3 16 16.536 4.45 38 14.696 4.45 36.938 16 4.45 40 
3 16 14.696 4.45 43.062 16.536 4.45 42 13.875 4.45 40 
3 16 16 4.45 40 13.875 4.45 40 16.536 4.45 42 
3 16 16.937 4.45 45.304 18 4.45 43.464 14.696 4.45 43.062 
3 16 16.536 4.45 42 14.696 4.45 43.062 18 4.45 43.464 
3 16 20 4.45 46.125 20 4.45 44 16.937 4.45 45.304 
3 16 18 4.45 43.464 16.937 4.45 45.304 20 4.45 44 
3 16 23.062 4.45 45.304 22 4.45 43.464 20 4.45 46.125 
3 16 20 4.45 44 20 4.45 46.125 22 4.45 43.464 
3 16 25.304 4.45 43.062 23.464 4.45 42 23.062 4.45 45.304 
3 16 22 4.45 43.464 23.062 4.45 45.304 23.464 4.45 42 
3 16 26.125 4.45 40 24 4.45 40 25.304 4.45 43.062 
3 16 23.464 4.45 42 25.304 4.45 43.062 24 4.45 40 
3 16 25.304 4.45 36.938 23.464 4.45 38 26.125 4.45 40 
3 16 24 4.45 40 26.125 4.45 40 23.464 4.45 38 
3 16 22 0.025 43.464 20 0.025 44 20 4.45 44 
3 16 22 4.45 43.464 22 0.025 43.464 20 4.45 44 
3 16 23.464 0.025 42 22 0.025 43.464 22 4.45 43.464 
3 16 23.464 4.45 42 23.464 0.025 42 22 4.45 43.464 
3 16 24 0.025 40 23.464 0.025 42 23.464 4.45 42 
3 16 24 4.45 40 24 0.025 40 23.464 4.45 42 
3 16 24 4.45 40 23.464 4.45 38 23.464 0.025 38 
3 16 24 0.025 40 24 4.45 40 23.464 0.025 38 
3 16 22 0.025 36.536 23.464 0.025 38 23.464 4.45 38 
3 16 22 4.45 36.536 22 0.025 36.536 23.464 4.45 38 
3 16 20 0.025 36 22 0.025 36.536 22 4.45 36.536 
3 16 20 4.45 36 20 0.025 36 22 4.45 36.536 
3 16 18 0.025 36.536 20 0.025 36 20 4.45 36 
3 16 18 4.45 36.536 18 0.025 36.536 20 4.45 36 
3 16 16.536 0.025 38 18 0.025 36.536 18 4.45 36.536 
3 16 16.536 4.45 38 16.536 0.025 38 18 4.45 36.536 
3 16 16 0.025 40 16.536 0.025 38 16.536 4.45 38 
3 16 16 4.45 40 16 0.025 40 16.536 4.45 38 
3 16 16.536 0.025 42 16 0.025 40 16 4.45 40 
3 16 16.536 4.45 42 16.536 0.025 42 16 4.45 40 
3 16 18 0.025 43.464 16.536 0.025 42 16.536 4.45 42 
3 16 18 4.45 43.464 18 0.025 43.464 16.536 4.45 42 
3 16 20 0.025 44 18 0.025 43.464 18 4.45 43.464 
3 16 20 4.45 44 20 0.025 44 18 4.45 43.464 
2 24 23.062 0.025 34.696 20 0.025 33.875 
2 24 23.062 4.45 34.696 23.062 0.025 34.696 
2 24 20 4.45 33.875 23.062 4.45 34.696 
2 24 20 0.025 33.875 16.938 0.025 34.696 
2 24 16.938 4.45 34.696 20 4.45 33.875 
2 24 16.938 0.025 34.696 14.696 0.025 36.938 
2 24 14.696 4.45 36.938 16.938 4.45 34.696 
2 24 14.696 0.025 36.938 13.875 0.025 40 
2 24 13.875 4.45 40 14.696 4.45 36.938 
2 24 13.875 0.025 40 14.696 0.025 43.062 
2 24 14.696 4.45 43.062 13.875 4.45 40 
2 24 14.696 0.025 43.062 16.937 0.025 45.304 
2 24 16.937 4.45 45.304 14.696 4.45 43.062 
2 24 16.937 0.025 45.304 20 0.025 46.125 
2 24 20 4.45 46.125 16.937 4.45 45.304 
2 24 20 0.025 46.125 23.062 0.025 45.304 
2 24 23.062 0.025 45.304 23.062 4.45 45.304 
2 24 23.062 4.45 45.304 20 4.45 46.125 
2 24 25.304 4.45 36.938 23.062 4.45 34.696 
2 24 22 4.45 36.536 23.464 4.45 38 
2 24 20 4.45 36 22 4.45 36.536 
2 24 18 4.45 36.536 20 4.45 36 
2 24 16.536 4.45 38 18 4.45 36.536 
2 24 16 4.45 40 16.536 4.45 38 
2 24 16.536 4.45 42 16 4.45 40 
2 24 18 4.45 43.464 16.536 4.45 42 
2 24 20 4.45 44 18 4.45 43.464 
2 24 22 4.45 43.464 20 4.45 44 
2 24 23.062 4.45 45.304 25.304 4.45 43.062 
2 24 23.464 4.45 42 22 4.45 43.464 
2 24 25.304 4.45 43.062 26.125 4.45 40 
2 24 24 4.45 40 23.464 4.45 42 
2 24 26.125 4.45 40 25.304 4.45 36.938 
2 24 23.464 4.45 38 24 4.45 40 
2 24 22 0.025 43.464 20 0.025 44 
2 24 23.464 0.025 42 22 0.025 43.464 
2 24 24 0.025 40 23.464 0.025 42 
2 24 23.464 0.025 38 24 0.025 40 
2 24 22 0.025 36.536 23.464 0.025 38 
2 24 20 0.025 36 22 0.025 36.536 
2 24 18 0.025 36.536 20 0.025 36 
2 24 16.536 0.025 38 18 0.025 36.536 
2 24 16 0.025 40 16.536 0.025 38 
2 24 16.536 0.025 42 16 0.025 40 
2 24 18 0.025 43.464 16.536 0.025 42 
2 24 20 0.025 44 18 0.025 43.464 

0 // Stud
3 16 -3.062 0.025 34.696 0 4.45 33.875 0 0.025 33.875 
3 16 -3.062 4.45 34.696 0 4.45 33.875 -3.062 0.025 34.696 
3 16 0 0.025 33.875 3.062 4.45 34.696 3.062 0.025 34.696 
3 16 0 4.45 33.875 3.062 4.45 34.696 0 0.025 33.875 
3 16 3.062 0.025 34.696 5.304 4.45 36.938 5.304 0.025 36.938 
3 16 3.062 4.45 34.696 5.304 4.45 36.938 3.062 0.025 34.696 
3 16 5.304 0.025 36.938 6.125 4.45 40 6.125 0.025 40 
3 16 5.304 4.45 36.938 6.125 4.45 40 5.304 0.025 36.938 
3 16 6.125 0.025 40 5.304 4.45 43.062 5.304 0.025 43.062 
3 16 6.125 4.45 40 5.304 4.45 43.062 6.125 0.025 40 
3 16 5.304 0.025 43.062 3.063 4.45 45.304 3.063 0.025 45.304 
3 16 5.304 4.45 43.062 3.063 4.45 45.304 5.304 0.025 43.062 
3 16 3.063 0.025 45.304 0 4.45 46.125 0 0.025 46.125 
3 16 3.063 4.45 45.304 0 4.45 46.125 3.063 0.025 45.304 
3 16 0 0.025 46.125 -3.062 4.45 45.304 -3.062 0.025 45.304 
3 16 0 4.45 46.125 -3.062 4.45 45.304 0 0.025 46.125 
3 16 -3.062 4.45 34.696 -5.304 4.45 36.938 -2 4.45 36.536 
3 16 -3.464 4.45 38 -2 4.45 36.536 -5.304 4.45 36.938 
3 16 0 4.45 33.875 -3.062 4.45 34.696 0 4.45 36 
3 16 -2 4.45 36.536 0 4.45 36 -3.062 4.45 34.696 
3 16 3.062 4.45 34.696 0 4.45 33.875 2 4.45 36.536 
3 16 0 4.45 36 2 4.45 36.536 0 4.45 33.875 
3 16 5.304 4.45 36.938 3.062 4.45 34.696 3.464 4.45 38 
3 16 2 4.45 36.536 3.464 4.45 38 3.062 4.45 34.696 
3 16 6.125 4.45 40 5.304 4.45 36.938 4 4.45 40 
3 16 3.464 4.45 38 4 4.45 40 5.304 4.45 36.938 
3 16 5.304 4.45 43.062 6.125 4.45 40 3.464 4.45 42 
3 16 4 4.45 40 3.464 4.45 42 6.125 4.45 40 
3 16 3.063 4.45 45.304 5.304 4.45 43.062 2 4.45 43.464 
3 16 3.464 4.45 42 2 4.45 43.464 5.304 4.45 43.062 
3 16 0 4.45 46.125 3.063 4.45 45.304 0 4.45 44 
3 16 2 4.45 43.464 0 4.45 44 3.063 4.45 45.304 
3 16 -3.062 4.45 45.304 0 4.45 46.125 -2 4.45 43.464 
3 16 0 4.45 44 -2 4.45 43.464 0 4.45 46.125 
3 16 -5.304 4.45 43.062 -3.062 4.45 45.304 -3.464 4.45 42 
3 16 -2 4.45 43.464 -3.464 4.45 42 -3.062 4.45 45.304 
3 16 -6.125 4.45 40 -5.304 4.45 43.062 -4 4.45 40 
3 16 -3.464 4.45 42 -4 4.45 40 -5.304 4.45 43.062 
3 16 -5.304 4.45 36.938 -6.125 4.45 40 -3.464 4.45 38 
3 16 -4 4.45 40 -3.464 4.45 38 -6.125 4.45 40 
3 16 -2 0.025 43.464 0 4.45 44 0 0.025 44 
3 16 -2 4.45 43.464 0 4.45 44 -2 0.025 43.464 
3 16 -3.464 0.025 42 -2 4.45 43.464 -2 0.025 43.464 
3 16 -3.464 4.45 42 -2 4.45 43.464 -3.464 0.025 42 
3 16 -4 0.025 40 -3.464 4.45 42 -3.464 0.025 42 
3 16 -4 4.45 40 -3.464 4.45 42 -4 0.025 40 
3 16 -4 4.45 40 -3.464 0.025 38 -3.464 4.45 38 
3 16 -4 0.025 40 -3.464 0.025 38 -4 4.45 40 
3 16 -2 0.025 36.536 -3.464 4.45 38 -3.464 0.025 38 
3 16 -2 4.45 36.536 -3.464 4.45 38 -2 0.025 36.536 
3 16 0 0.025 36 -2 4.45 36.536 -2 0.025 36.536 
3 16 0 4.45 36 -2 4.45 36.536 0 0.025 36 
3 16 2 0.025 36.536 0 4.45 36 0 0.025 36 
3 16 2 4.45 36.536 0 4.45 36 2 0.025 36.536 
3 16 3.464 0.025 38 2 4.45 36.536 2 0.025 36.536 
3 16 3.464 4.45 38 2 4.45 36.536 3.464 0.025 38 
3 16 4 0.025 40 3.464 4.45 38 3.464 0.025 38 
3 16 4 4.45 40 3.464 4.45 38 4 0.025 40 
3 16 3.464 0.025 42 4 4.45 40 4 0.025 40 
3 16 3.464 4.45 42 4 4.45 40 3.464 0.025 42 
3 16 2 0.025 43.464 3.464 4.45 42 3.464 0.025 42 
3 16 2 4.45 43.464 3.464 4.45 42 2 0.025 43.464 
3 16 0 0.025 44 2 4.45 43.464 2 0.025 43.464 
3 16 0 4.45 44 2 4.45 43.464 0 0.025 44 
2 24 0 0.025 33.875 -3.062 0.025 34.696 
2 24 -3.062 4.45 34.696 0 4.45 33.875 
2 24 -3.062 0.025 34.696 -3.062 4.45 34.696 
2 24 3.062 0.025 34.696 0 0.025 33.875 
2 24 0 4.45 33.875 3.062 4.45 34.696 
2 24 5.304 0.025 36.938 3.062 0.025 34.696 
2 24 3.062 4.45 34.696 5.304 4.45 36.938 
2 24 6.125 0.025 40 5.304 0.025 36.938 
2 24 5.304 4.45 36.938 6.125 4.45 40 
2 24 5.304 0.025 43.062 6.125 0.025 40 
2 24 6.125 4.45 40 5.304 4.45 43.062 
2 24 3.063 0.025 45.304 5.304 0.025 43.062 
2 24 5.304 4.45 43.062 3.063 4.45 45.304 
2 24 0 0.025 46.125 3.063 0.025 45.304 
2 24 3.063 4.45 45.304 0 4.45 46.125 
2 24 -3.062 4.45 45.304 -3.062 0.025 45.304 
2 24 -3.062 0.025 45.304 0 0.025 46.125 
2 24 0 4.45 46.125 -3.062 4.45 45.304 
2 24 -3.062 4.45 34.696 -5.304 4.45 36.938 
2 24 -3.464 4.45 38 -2 4.45 36.536 
2 24 -2 4.45 36.536 0 4.45 36 
2 24 0 4.45 36 2 4.45 36.536 
2 24 2 4.45 36.536 3.464 4.45 38 
2 24 3.464 4.45 38 4 4.45 40 
2 24 4 4.45 40 3.464 4.45 42 
2 24 3.464 4.45 42 2 4.45 43.464 
2 24 2 4.45 43.464 0 4.45 44 
2 24 0 4.45 44 -2 4.45 43.464 
2 24 -5.304 4.45 43.062 -3.062 4.45 45.304 
2 24 -2 4.45 43.464 -3.464 4.45 42 
2 24 -6.125 4.45 40 -5.304 4.45 43.062 
2 24 -3.464 4.45 42 -4 4.45 40 
2 24 -5.304 4.45 36.938 -6.125 4.45 40 
2 24 -4 4.45 40 -3.464 4.45 38 
2 24 0 0.025 44 -2 0.025 43.464 
2 24 -2 0.025 43.464 -3.464 0.025 42 
2 24 -3.464 0.025 42 -4 0.025 40 
2 24 -4 0.025 40 -3.464 0.025 38 
2 24 -3.464 0.025 38 -2 0.025 36.536 
2 24 -2 0.025 36.536 0 0.025 36 
2 24 0 0.025 36 2 0.025 36.536 
2 24 2 0.025 36.536 3.464 0.025 38 
2 24 3.464 0.025 38 4 0.025 40 
2 24 4 0.025 40 3.464 0.025 42 
2 24 3.464 0.025 42 2 0.025 43.464 
2 24 2 0.025 43.464 0 0.025 44 

0 // Stud
3 16 23.062 0.025 -5.304 20 0.025 -6.125 20 4.45 -6.125 
3 16 23.062 4.45 -5.304 23.062 0.025 -5.304 20 4.45 -6.125 
3 16 20 0.025 -6.125 16.938 0.025 -5.304 16.938 4.45 -5.304 
3 16 20 4.45 -6.125 20 0.025 -6.125 16.938 4.45 -5.304 
3 16 16.938 0.025 -5.304 14.696 0.025 -3.063 14.696 4.45 -3.063 
3 16 16.938 4.45 -5.304 16.938 0.025 -5.304 14.696 4.45 -3.063 
3 16 14.696 0.025 -3.063 13.875 0.025 0 13.875 4.45 0 
3 16 14.696 4.45 -3.063 14.696 0.025 -3.063 13.875 4.45 0 
3 16 13.875 0.025 0 14.696 0.025 3.062 14.696 4.45 3.062 
3 16 13.875 4.45 0 13.875 0.025 0 14.696 4.45 3.062 
3 16 14.696 0.025 3.062 16.937 0.025 5.304 16.937 4.45 5.304 
3 16 14.696 4.45 3.062 14.696 0.025 3.062 16.937 4.45 5.304 
3 16 16.937 0.025 5.304 20 0.025 6.125 20 4.45 6.125 
3 16 16.937 4.45 5.304 16.937 0.025 5.304 20 4.45 6.125 
3 16 20 0.025 6.125 23.062 0.025 5.304 23.062 4.45 5.304 
3 16 20 4.45 6.125 20 0.025 6.125 23.062 4.45 5.304 
3 16 23.062 4.45 -5.304 22 4.45 -3.464 25.304 4.45 -3.063 
3 16 23.464 4.45 -2 25.304 4.45 -3.063 22 4.45 -3.464 
3 16 20 4.45 -6.125 20 4.45 -4 23.062 4.45 -5.304 
3 16 22 4.45 -3.464 23.062 4.45 -5.304 20 4.45 -4 
3 16 16.938 4.45 -5.304 18 4.45 -3.464 20 4.45 -6.125 
3 16 20 4.45 -4 20 4.45 -6.125 18 4.45 -3.464 
3 16 14.696 4.45 -3.063 16.536 4.45 -2 16.938 4.45 -5.304 
3 16 18 4.45 -3.464 16.938 4.45 -5.304 16.536 4.45 -2 
3 16 13.875 4.45 0 16 4.45 0 14.696 4.45 -3.063 
3 16 16.536 4.45 -2 14.696 4.45 -3.063 16 4.45 0 
3 16 14.696 4.45 3.062 16.536 4.45 2 13.875 4.45 0 
3 16 16 4.45 0 13.875 4.45 0 16.536 4.45 2 
3 16 16.937 4.45 5.304 18 4.45 3.464 14.696 4.45 3.062 
3 16 16.536 4.45 2 14.696 4.45 3.062 18 4.45 3.464 
3 16 20 4.45 6.125 20 4.45 4 16.937 4.45 5.304 
3 16 18 4.45 3.464 16.937 4.45 5.304 20 4.45 4 
3 16 23.062 4.45 5.304 22 4.45 3.464 20 4.45 6.125 
3 16 20 4.45 4 20 4.45 6.125 22 4.45 3.464 
3 16 25.304 4.45 3.062 23.464 4.45 2 23.062 4.45 5.304 
3 16 22 4.45 3.464 23.062 4.45 5.304 23.464 4.45 2 
3 16 26.125 4.45 0 24 4.45 0 25.304 4.45 3.062 
3 16 23.464 4.45 2 25.304 4.45 3.062 24 4.45 0 
3 16 25.304 4.45 -3.063 23.464 4.45 -2 26.125 4.45 0 
3 16 24 4.45 0 26.125 4.45 0 23.464 4.45 -2 
3 16 22 0.025 3.464 20 0.025 4 20 4.45 4 
3 16 22 4.45 3.464 22 0.025 3.464 20 4.45 4 
3 16 23.464 0.025 2 22 0.025 3.464 22 4.45 3.464 
3 16 23.464 4.45 2 23.464 0.025 2 22 4.45 3.464 
3 16 24 0.025 0 23.464 0.025 2 23.464 4.45 2 
3 16 24 4.45 0 24 0.025 0 23.464 4.45 2 
3 16 24 4.45 0 23.464 4.45 -2 23.464 0.025 -2 
3 16 24 0.025 0 24 4.45 0 23.464 0.025 -2 
3 16 22 0.025 -3.464 23.464 0.025 -2 23.464 4.45 -2 
3 16 22 4.45 -3.464 22 0.025 -3.464 23.464 4.45 -2 
3 16 20 0.025 -4 22 0.025 -3.464 22 4.45 -3.464 
3 16 20 4.45 -4 20 0.025 -4 22 4.45 -3.464 
3 16 18 0.025 -3.464 20 0.025 -4 20 4.45 -4 
3 16 18 4.45 -3.464 18 0.025 -3.464 20 4.45 -4 
3 16 16.536 0.025 -2 18 0.025 -3.464 18 4.45 -3.464 
3 16 16.536 4.45 -2 16.536 0.025 -2 18 4.45 -3.464 
3 16 16 0.025 0 16.536 0.025 -2 16.536 4.45 -2 
3 16 16 4.45 0 16 0.025 0 16.536 4.45 -2 
3 16 16.536 0.025 2 16 0.025 0 16 4.45 0 
3 16 16.536 4.45 2 16.536 0.025 2 16 4.45 0 
3 16 18 0.025 3.464 16.536 0.025 2 16.536 4.45 2 
3 16 18 4.45 3.464 18 0.025 3.464 16.536 4.45 2 
3 16 20 0.025 4 18 0.025 3.464 18 4.45 3.464 
3 16 20 4.45 4 20 0.025 4 18 4.45 3.464 
2 24 23.062 0.025 -5.304 20 0.025 -6.125 
2 24 23.062 4.45 -5.304 23.062 0.025 -5.304 
2 24 20 4.45 -6.125 23.062 4.45 -5.304 
2 24 20 0.025 -6.125 16.938 0.025 -5.304 
2 24 16.938 4.45 -5.304 20 4.45 -6.125 
2 24 16.938 0.025 -5.304 14.696 0.025 -3.063 
2 24 14.696 4.45 -3.063 16.938 4.45 -5.304 
2 24 14.696 0.025 -3.063 13.875 0.025 0 
2 24 13.875 4.45 0 14.696 4.45 -3.063 
2 24 13.875 0.025 0 14.696 0.025 3.062 
2 24 14.696 4.45 3.062 13.875 4.45 0 
2 24 14.696 0.025 3.062 16.937 0.025 5.304 
2 24 16.937 4.45 5.304 14.696 4.45 3.062 
2 24 16.937 0.025 5.304 20 0.025 6.125 
2 24 20 4.45 6.125 16.937 4.45 5.304 
2 24 20 0.025 6.125 23.062 0.025 5.304 
2 24 23.062 0.025 5.304 23.062 4.45 5.304 
2 24 23.062 4.45 5.304 20 4.45 6.125 
2 24 25.304 4.45 -3.063 23.062 4.45 -5.304 
2 24 22 4.45 -3.464 23.464 4.45 -2 
2 24 20 4.45 -4 22 4.45 -3.464 
2 24 18 4.45 -3.464 20 4.45 -4 
2 24 16.536 4.45 -2 18 4.45 -3.464 
2 24 16 4.45 0 16.536 4.45 -2 
2 24 16.536 4.45 2 16 4.45 0 
2 24 18 4.45 3.464 16.536 4.45 2 
2 24 20 4.45 4 18 4.45 3.464 
2 24 22 4.45 3.464 20 4.45 4 
2 24 23.062 4.45 5.304 25.304 4.45 3.062 
2 24 23.464 4.45 2 22 4.45 3.464 
2 24 25.304 4.45 3.062 26.125 4.45 0 
2 24 24 4.45 0 23.464 4.45 2 
2 24 26.125 4.45 0 25.304 4.45 -3.063 
2 24 23.464 4.45 -2 24 4.45 0 
2 24 22 0.025 3.464 20 0.025 4 
2 24 23.464 0.025 2 22 0.025 3.464 
2 24 24 0.025 0 23.464 0.025 2 
2 24 23.464 0.025 -2 24 0.025 0 
2 24 22 0.025 -3.464 23.464 0.025 -2 
2 24 20 0.025 -4 22 0.025 -3.464 
2 24 18 0.025 -3.464 20 0.025 -4 
2 24 16.536 0.025 -2 18 0.025 -3.464 
2 24 16 0.025 0 16.536 0.025 -2 
2 24 16.536 0.025 2 16 0.025 0 
2 24 18 0.025 3.464 16.536 0.025 2 
2 24 20 0.025 4 18 0.025 3.464 

0 // Stud
3 16 -3.062 0.025 -5.304 0 4.45 -6.125 0 0.025 -6.125 
3 16 -3.062 4.45 -5.304 0 4.45 -6.125 -3.062 0.025 -5.304 
3 16 0 0.025 -6.125 3.062 4.45 -5.304 3.062 0.025 -5.304 
3 16 0 4.45 -6.125 3.062 4.45 -5.304 0 0.025 -6.125 
3 16 3.062 0.025 -5.304 5.304 4.45 -3.063 5.304 0.025 -3.063 
3 16 3.062 4.45 -5.304 5.304 4.45 -3.063 3.062 0.025 -5.304 
3 16 5.304 0.025 -3.063 6.125 4.45 0 6.125 0.025 0 
3 16 5.304 4.45 -3.063 6.125 4.45 0 5.304 0.025 -3.063 
3 16 6.125 0.025 0 5.304 4.45 3.062 5.304 0.025 3.062 
3 16 6.125 4.45 0 5.304 4.45 3.062 6.125 0.025 0 
3 16 5.304 0.025 3.062 3.063 4.45 5.304 3.063 0.025 5.304 
3 16 5.304 4.45 3.062 3.063 4.45 5.304 5.304 0.025 3.062 
3 16 3.063 0.025 5.304 0 4.45 6.125 0 0.025 6.125 
3 16 3.063 4.45 5.304 0 4.45 6.125 3.063 0.025 5.304 
3 16 0 0.025 6.125 -3.062 4.45 5.304 -3.062 0.025 5.304 
3 16 0 4.45 6.125 -3.062 4.45 5.304 0 0.025 6.125 
3 16 -3.062 4.45 -5.304 -5.304 4.45 -3.063 -2 4.45 -3.464 
3 16 -3.464 4.45 -2 -2 4.45 -3.464 -5.304 4.45 -3.063 
3 16 0 4.45 -6.125 -3.062 4.45 -5.304 0 4.45 -4 
3 16 -2 4.45 -3.464 0 4.45 -4 -3.062 4.45 -5.304 
3 16 3.062 4.45 -5.304 0 4.45 -6.125 2 4.45 -3.464 
3 16 0 4.45 -4 2 4.45 -3.464 0 4.45 -6.125 
3 16 5.304 4.45 -3.063 3.062 4.45 -5.304 3.464 4.45 -2 
3 16 2 4.45 -3.464 3.464 4.45 -2 3.062 4.45 -5.304 
3 16 6.125 4.45 0 5.304 4.45 -3.063 4 4.45 0 
3 16 3.464 4.45 -2 4 4.45 0 5.304 4.45 -3.063 
3 16 5.304 4.45 3.062 6.125 4.45 0 3.464 4.45 2 
3 16 4 4.45 0 3.464 4.45 2 6.125 4.45 0 
3 16 3.063 4.45 5.304 5.304 4.45 3.062 2 4.45 3.464 
3 16 3.464 4.45 2 2 4.45 3.464 5.304 4.45 3.062 
3 16 0 4.45 6.125 3.063 4.45 5.304 0 4.45 4 
3 16 2 4.45 3.464 0 4.45 4 3.063 4.45 5.304 
3 16 -3.062 4.45 5.304 0 4.45 6.125 -2 4.45 3.464 
3 16 0 4.45 4 -2 4.45 3.464 0 4.45 6.125 
3 16 -5.304 4.45 3.062 -3.062 4.45 5.304 -3.464 4.45 2 
3 16 -2 4.45 3.464 -3.464 4.45 2 -3.062 4.45 5.304 
3 16 -6.125 4.45 0 -5.304 4.45 3.062 -4 4.45 0 
3 16 -3.464 4.45 2 -4 4.45 0 -5.304 4.45 3.062 
3 16 -5.304 4.45 -3.063 -6.125 4.45 0 -3.464 4.45 -2 
3 16 -4 4.45 0 -3.464 4.45 -2 -6.125 4.45 0 
3 16 -2 0.025 3.464 0 4.45 4 0 0.025 4 
3 16 -2 4.45 3.464 0 4.45 4 -2 0.025 3.464 
3 16 -3.464 0.025 2 -2 4.45 3.464 -2 0.025 3.464 
3 16 -3.464 4.45 2 -2 4.45 3.464 -3.464 0.025 2 
3 16 -4 0.025 0 -3.464 4.45 2 -3.464 0.025 2 
3 16 -4 4.45 0 -3.464 4.45 2 -4 0.025 0 
3 16 -4 4.45 0 -3.464 0.025 -2 -3.464 4.45 -2 
3 16 -4 0.025 0 -3.464 0.025 -2 -4 4.45 0 
3 16 -2 0.025 -3.464 -3.464 4.45 -2 -3.464 0.025 -2 
3 16 -2 4.45 -3.464 -3.464 4.45 -2 -2 0.025 -3.464 
3 16 0 0.025 -4 -2 4.45 -3.464 -2 0.025 -3.464 
3 16 0 4.45 -4 -2 4.45 -3.464 0 0.025 -4 
3 16 2 0.025 -3.464 0 4.45 -4 0 0.025 -4 
3 16 2 4.45 -3.464 0 4.45 -4 2 0.025 -3.464 
3 16 3.464 0.025 -2 2 4.45 -3.464 2 0.025 -3.464 
3 16 3.464 4.45 -2 2 4.45 -3.464 3.464 0.025 -2 
3 16 4 0.025 0 3.464 4.45 -2 3.464 0.025 -2 
3 16 4 4.45 0 3.464 4.45 -2 4 0.025 0 
3 16 3.464 0.025 2 4 4.45 0 4 0.025 0 
3 16 3.464 4.45 2 4 4.45 0 3.464 0.025 2 
3 16 2 0.025 3.464 3.464 4.45 2 3.464 0.025 2 
3 16 2 4.45 3.464 3.464 4.45 2 2 0.025 3.464 
3 16 0 0.025 4 2 4.45 3.464 2 0.025 3.464 
3 16 0 4.45 4 2 4.45 3.464 0 0.025 4 
2 24 0 0.025 -6.125 -3.062 0.025 -5.304 
2 24 -3.062 4.45 -5.304 0 4.45 -6.125 
2 24 -3.062 0.025 -5.304 -3.062 4.45 -5.304 
2 24 3.062 0.025 -5.304 0 0.025 -6.125 
2 24 0 4.45 -6.125 3.062 4.45 -5.304 
2 24 5.304 0.025 -3.063 3.062 0.025 -5.304 
2 24 3.062 4.45 -5.304 5.304 4.45 -3.063 
2 24 6.125 0.025 0 5.304 0.025 -3.063 
2 24 5.304 4.45 -3.063 6.125 4.45 0 
2 24 5.304 0.025 3.062 6.125 0.025 0 
2 24 6.125 4.45 0 5.304 4.45 3.062 
2 24 3.063 0.025 5.304 5.304 0.025 3.062 
2 24 5.304 4.45 3.062 3.063 4.45 5.304 
2 24 0 0.025 6.125 3.063 0.025 5.304 
2 24 3.063 4.45 5.304 0 4.45 6.125 
2 24 -3.062 4.45 5.304 -3.062 0.025 5.304 
2 24 -3.062 0.025 5.304 0 0.025 6.125 
2 24 0 4.45 6.125 -3.062 4.45 5.304 
2 24 -3.062 4.45 -5.304 -5.304 4.45 -3.063 
2 24 -3.464 4.45 -2 -2 4.45 -3.464 
2 24 -2 4.45 -3.464 0 4.45 -4 
2 24 0 4.45 -4 2 4.45 -3.464 
2 24 2 4.45 -3.464 3.464 4.45 -2 
2 24 3.464 4.45 -2 4 4.45 0 
2 24 4 4.45 0 3.464 4.45 2 
2 24 3.464 4.45 2 2 4.45 3.464 
2 24 2 4.45 3.464 0 4.45 4 
2 24 0 4.45 4 -2 4.45 3.464 
2 24 -5.304 4.45 3.062 -3.062 4.45 5.304 
2 24 -2 4.45 3.464 -3.464 4.45 2 
2 24 -6.125 4.45 0 -5.304 4.45 3.062 
2 24 -3.464 4.45 2 -4 4.45 0 
2 24 -5.304 4.45 -3.063 -6.125 4.45 0 
2 24 -4 4.45 0 -3.464 4.45 -2 
2 24 0 0.025 4 -2 0.025 3.464 
2 24 -2 0.025 3.464 -3.464 0.025 2 
2 24 -3.464 0.025 2 -4 0.025 0 
2 24 -4 0.025 0 -3.464 0.025 -2 
2 24 -3.464 0.025 -2 -2 0.025 -3.464 
2 24 -2 0.025 -3.464 0 0.025 -4 
2 24 0 0.025 -4 2 0.025 -3.464 
2 24 2 0.025 -3.464 3.464 0.025 -2 
2 24 3.464 0.025 -2 4 0.025 0 
2 24 4 0.025 0 3.464 0.025 2 
2 24 3.464 0.025 2 2 0.025 3.464 
2 24 2 0.025 3.464 0 0.025 4 

