0 Wing Insectoid Small with Arm Hinge
0 Name: 30231.dat
0 Author: Karim Nassar
0 !LDRAW_ORG Unofficial_Part
0 !LICENSE Redistributable under CCAL version 2.0 : see CAreadme.txt

0 BFC CERTIFY CCW

0 !HISTORY 1998-10-15 [PTadmin] Official Update 1998-09
0 !HISTORY 2007-06-07 [PTadmin] Header formatted for Contributor Agreement
0 !HISTORY 2008-07-01 [PTadmin] Official Update 2008-01
0 !HISTORY 2014-11-21 [roland] Auto-corrected with libfix version of LDCad 1.4
0 !HISTORY 2016-03-15 [legolijntje] Added BFC status
0 !HISTORY 2016-06-16 [Philo] BFCed, closed gaps

1 16 0 0 11 0 -1 0 1 0 0 0 0 1 arm2.dat
1 16 0 0 11 10 0 0 0 0 10 0 4 0 4-4cyli.dat
1 16 15 -1 65 1 0 0 0 1 0 0 0 1 stud2.dat
1 16 15 1 65 1 0 0 0 -1 0 0 0 -1 stud2.dat
1 16 -25 -1 145 1 0 0 0 1 0 0 0 1 stud2a.dat
1 16 -25 -1 145 6 0 0 0 1 0 0 0 6 4-4edge.dat
1 16 -25 1 145 6 0 0 0 1 0 0 0 6 4-4edge.dat
1 16 -25 1 145 1 0 0 0 -1 0 0 0 -1 stud2a.dat
0 BFC INVERTNEXT
1 16 -25 1 145 4 0 0 0 -2 0 0 0 -4 4-4cyli.dat
1 16 17.40055 0 24 0 -1 7.59945 1 0 0 0 0 9 rect3.dat
1 16 25 0 53 0 -1 0 1 0 0 0 0 20 rect3.dat
1 16 7.5 0 112.5 0 -1 -17.5 1 0 0 0 0 39.5 rect3.dat
1 16 -18.23 0 162.27 8.23 -1 0 0 0 1 -10.27 0 0 rect2p.dat
1 16 -30 -1 169 3.54 0 -3.54 0 2 0 3.54 0 3.54 3-8cylo.dat
1 16 -35 0 121 0 1 0 1 0 0 0 0 -48 rect3.dat
1 16 -22.40055 0 44 -12.59945 1 0 0 0 1 29 0 0 rect2p.dat
4 16 -35 1 73 25 1 33 9.8011 1 15 -9.8011 1 15
4 16 25 1 73 25 1 33 -35 1 73 -10 1 152
1 16 -30 1 169 3.54 0 -3.54 0 -1 0 3.54 0 3.54 3-8chrd.dat
1 16 -25 1 145 6 0 0 0 -1 0 0 0 6 4-4ndis.dat
3 16 -10 1 152 -19 1 139 -19 1 151
3 16 -10 1 152 -35 1 73 -19 1 139
3 16 -35 1 73 -31 1 139 -19 1 139
4 16 -31 1 151 -31 1 139 -35 1 73 -35 1 169
4 16 -19 1 151 -31 1 151 -35 1 169 -26.46 1 172.54
3 16 -19 1 151 -26.46 1 172.54 -10 1 152
4 16 9.8011 -1 15 25 -1 33 -35 -1 73 -9.8011 -1 15
4 16 -35 -1 73 25 -1 33 25 -1 73 -10 -1 152
1 16 -30 -1 169 3.54 0 -3.54 0 1 0 3.54 0 3.54 3-8chrd.dat
1 16 -25 -1 145 6 0 0 0 1 0 0 0 6 4-4ndis.dat
3 16 -19 -1 139 -10 -1 152 -19 -1 151
3 16 -35 -1 73 -10 -1 152 -19 -1 139
3 16 -31 -1 139 -35 -1 73 -19 -1 139
4 16 -35 -1 73 -31 -1 139 -31 -1 151 -35 -1 169
4 16 -35 -1 169 -31 -1 151 -19 -1 151 -26.46 -1 172.54
3 16 -26.46 -1 172.54 -19 -1 151 -10 -1 152
2 24 -25 -1 128 -25 -1 75
2 24 -25 -1 75 -6 -1 30
2 24 -6 -1 30 -2 -1 31
2 24 -2 -1 31 2 -1 31
2 24 2 -1 31 8 -1 29
2 24 8 -1 29 15 -1 37.4
2 24 15 -1 37.4 15 -1 57
1 16 15 -1 65 0 0 -8 0 1 0 8 0 0 2-4edge.dat
2 24 15 -1 73 -4 -1 115
2 24 -4 -1 115 -20 -1 130
2 24 -20 -1 130 -22 -1 131
2 24 -22 -1 131 -23 -1 131
2 24 -23 -1 131 -24.5 -1 129.5
2 24 -24.5 -1 129.5 -25 -1 128
2 24 -25 1 128 -25 1 75
2 24 -25 1 75 -6 1 30
2 24 -6 1 30 -2 1 31
2 24 -2 1 31 2 1 31
2 24 2 1 31 8 1 29
2 24 8 1 29 15 1 37.4
2 24 15 1 37.4 15 1 57
1 16 15 1 65 0 0 -8 0 1 0 8 0 0 2-4edge.dat
2 24 15 1 73 -4 1 115
2 24 -4 1 115 -20 1 130
2 24 -20 1 130 -22 1 131
2 24 -22 1 131 -23 1 131
2 24 -23 1 131 -24.5 1 129.5
2 24 -24.5 1 129.5 -25 1 128

3 16 -6 -7.7908 15 -6 -6.9673 18.0616 -7.07 -7.07 15
3 16 -6 -6.9673 18.0616 -7.7572 -5.4852 18.5144 -7.07 -7.07 15
3 16 -7.07 -7.07 15 -7.7572 -5.4852 18.5144 -9.239 -3.827 15
3 16 -7.7572 -5.4852 18.5144 -9.1344 -3.0751 18.5144 -9.239 -3.827 15
3 16 -9.1344 -3.0751 18.5144 -9.6956 0 18.0616 -9.239 -3.827 15
3 16 -6 -6.9673 18.0616 -6 -4.9497 20.6568 -7.7572 -5.4852 18.5144
3 16 -6 -4.9497 20.6568 -7.7572 -3.0751 21.2688 -7.7572 -5.4852 18.5144
3 16 -7.7572 -5.4852 18.5144 -7.7572 -3.0751 21.2688 -9.1344 -3.0751 18.5144
3 16 -7.7572 -3.0751 21.2688 -8.8284 0 20.6568 -9.1344 -3.0751 18.5144
3 16 -9.1344 -3.0751 18.5144 -8.8284 0 20.6568 -9.6956 0 18.0616
3 16 -6 -4.9497 20.6568 -6 -2.6789 22.3912 -7.7572 -3.0751 21.2688
3 16 -6 -2.6789 22.3912 -7.5308 0 22.3912 -7.7572 -3.0751 21.2688
3 16 -7.7572 -3.0751 21.2688 -7.5308 0 22.3912 -8.8284 0 20.6568
3 16 -6 -2.6789 22.3912 -6 0 23 -7.5308 0 22.3912
3 16 -6 6.4673 18.0616 -6 7.7908 15 -7.07 7.07 15
3 16 -7.7572 5.4852 18.5144 -6 6.4673 18.0616 -7.07 7.07 15
3 16 -7.7572 5.4852 18.5144 -7.07 7.07 15 -9.239 3.827 15
3 16 -9.1344 3.0751 18.5144 -7.7572 5.4852 18.5144 -9.239 3.827 15
3 16 -9.6956 0 18.0616 -9.1344 3.0751 18.5144 -9.239 3.827 15
3 16 -6 4.9497 20.6568 -6 6.4673 18.0616 -7.7572 5.4852 18.5144
3 16 -7.7572 3.0751 21.2688 -6 4.9497 20.6568 -7.7572 5.4852 18.5144
3 16 -7.7572 3.0751 21.2688 -7.7572 5.4852 18.5144 -9.1344 3.0751 18.5144
3 16 -8.8284 0 20.6568 -7.7572 3.0751 21.2688 -9.1344 3.0751 18.5144
3 16 -8.8284 0 20.6568 -9.1344 3.0751 18.5144 -9.6956 0 18.0616
3 16 -6 2.6789 22.3912 -6 4.9497 20.6568 -7.7572 3.0751 21.2688
3 16 -7.5308 0 22.3912 -6 2.6789 22.3912 -7.7572 3.0751 21.2688
3 16 -7.5308 0 22.3912 -7.7572 3.0751 21.2688 -8.8284 0 20.6568
3 16 -6 0 23 -6 2.6789 22.3912 -7.5308 0 22.3912
1 16 0 0 15 3.82683 0 -9.2388 -9.2388 0 -3.82683 0 -1 0 1-8chrd.dat
1 16 0 0 15 3.82683 0 -9.2388 -9.2388 0 -3.82683 0 -1 0 1-8edge.dat
4 16 -3.827 9.239 15 -6 7.7908 15 -6 -7.7908 15 -3.827 -9.239 15
4 16 3.8268 9.2388 15 -3.827 9.239 15 -3.827 -9.239 15 3.8263 -9.2377 15
2 24 -6 7.7908 15 -3.827 9.239 15
2 24 -3.827 -9.239 15 -6 -7.7908 15
2 24 -6 -7.7908 15 -6 -6.9673 18.0616
2 24 -6 -6.9673 18.0616 -6 -4.9497 20.6568
2 24 -6 -4.9497 20.6568 -6 -2.6789 22.3912
2 24 -6 -2.6789 22.3912 -6 0 23
2 24 -6 0 23 -6 2.6789 22.3912
2 24 -6 2.6789 22.3912 -6 4.9497 20.6568
2 24 -6 4.9497 20.6568 -6 6.4673 18.0616
2 24 -6 6.4673 18.0616 -6 7.7908 15
4 16 -6 6.4673 18.0616 -6 -6.9673 18.0616 -6 -7.7908 15 -6 7.7908 15
4 16 -6 -6.9673 18.0616 -6 6.4673 18.0616 -6 4.9497 20.6568 -6 -4.9497 20.6568
3 16 -6 0 23 -6 -2.6789 22.3912 -6 2.6789 22.3912
4 16 -6 2.6789 22.3912 -6 -2.6789 22.3912 -6 -4.9497 20.6568 -6 4.9497 20.6568
2 24 -6 -7.7908 15 -6 7.7908 15
2 24 -9.8011 -1 15 -9.963 0 15.3725
2 24 -9.963 0 15.3725 -9.8011 1 15
3 16 -9.239 3.827 15 -10 0 15 -9.6956 0 18.0616
3 16 -9.6956 0 18.0616 -10 0 15 -9.239 -3.827 15
3 16 -3.8268 9.2388 15 3.8268 9.2387 15 0.0001 10.0003 15
2 24 -3.8268 9.2388 15 0.0001 10.0003 15
2 24 0.0001 10.0003 15 3.8268 9.2387 15
3 16 6 -6.9673 18.0616 6 -7.7908 15 7.07 -7.07 15
3 16 7.7572 -5.4852 18.5144 6 -6.9673 18.0616 7.07 -7.07 15
3 16 7.7572 -5.4852 18.5144 7.07 -7.07 15 9.239 -3.827 15
3 16 9.1344 -3.0751 18.5144 7.7572 -5.4852 18.5144 9.239 -3.827 15
3 16 9.6956 0 18.0616 9.1344 -3.0751 18.5144 9.239 -3.827 15
3 16 6 -4.9497 20.6568 6 -6.9673 18.0616 7.7572 -5.4852 18.5144
3 16 7.7572 -3.0751 21.2688 6 -4.9497 20.6568 7.7572 -5.4852 18.5144
3 16 7.7572 -3.0751 21.2688 7.7572 -5.4852 18.5144 9.1344 -3.0751 18.5144
3 16 8.8284 0 20.6568 7.7572 -3.0751 21.2688 9.1344 -3.0751 18.5144
3 16 8.8284 0 20.6568 9.1344 -3.0751 18.5144 9.6956 0 18.0616
3 16 6 -2.6789 22.3912 6 -4.9497 20.6568 7.7572 -3.0751 21.2688
3 16 7.5308 0 22.3912 6 -2.6789 22.3912 7.7572 -3.0751 21.2688
3 16 7.5308 0 22.3912 7.7572 -3.0751 21.2688 8.8284 0 20.6568
3 16 6 0 23 6 -2.6789 22.3912 7.5308 0 22.3912
3 16 6 7.7908 15 6 6.4673 18.0616 7.07 7.07 15
3 16 6 6.4673 18.0616 7.7572 5.4852 18.5144 7.07 7.07 15
3 16 7.07 7.07 15 7.7572 5.4852 18.5144 9.239 3.827 15
3 16 7.7572 5.4852 18.5144 9.1344 3.0751 18.5144 9.239 3.827 15
3 16 9.1344 3.0751 18.5144 9.6956 0 18.0616 9.239 3.827 15
3 16 6 6.4673 18.0616 6 4.9497 20.6568 7.7572 5.4852 18.5144
3 16 6 4.9497 20.6568 7.7572 3.0751 21.2688 7.7572 5.4852 18.5144
3 16 7.7572 5.4852 18.5144 7.7572 3.0751 21.2688 9.1344 3.0751 18.5144
3 16 7.7572 3.0751 21.2688 8.8284 0 20.6568 9.1344 3.0751 18.5144
3 16 9.1344 3.0751 18.5144 8.8284 0 20.6568 9.6956 0 18.0616
3 16 6 4.9497 20.6568 6 2.6789 22.3912 7.7572 3.0751 21.2688
3 16 6 2.6789 22.3912 7.5308 0 22.3912 7.7572 3.0751 21.2688
3 16 7.7572 3.0751 21.2688 7.5308 0 22.3912 8.8284 0 20.6568
3 16 6 2.6789 22.3912 6 0 23 7.5308 0 22.3912
4 16 6 -7.7908 15 6 7.7908 15 3.827 9.239 15 3.827 -9.239 15
2 24 6 7.7908 15 3.827 9.239 15
2 24 3.827 -9.239 15 6 -7.7908 15
2 24 6 -7.7908 15 6 -6.9673 18.0616
2 24 6 -6.9673 18.0616 6 -4.9497 20.6568
2 24 6 -4.9497 20.6568 6 -2.6789 22.3912
2 24 6 -2.6789 22.3912 6 0 23
2 24 6 0 23 6 2.6789 22.3912
2 24 6 2.6789 22.3912 6 4.9497 20.6568
2 24 6 4.9497 20.6568 6 6.4673 18.0616
2 24 6 6.4673 18.0616 6 7.7908 15
4 16 6 -7.7908 15 6 -6.9673 18.0616 6 6.4673 18.0616 6 7.7908 15
4 16 6 4.9497 20.6568 6 6.4673 18.0616 6 -6.9673 18.0616 6 -4.9497 20.6568
3 16 6 -2.6789 22.3912 6 0 23 6 2.6789 22.3912
4 16 6 -4.9497 20.6568 6 -2.6789 22.3912 6 2.6789 22.3912 6 4.9497 20.6568
2 24 6 -7.7908 15 6 7.7908 15
3 16 10 0 15 9.239 3.827 15 9.6956 0 18.0616
3 16 10 0 15 9.6956 0 18.0616 9.239 -3.827 15
2 24 9.9791 0 15.2107 9.8011 1 15.0001
2 24 9.9791 0 15.2107 9.8011 -1 15.0001
2 24 9.5131 -1 18.2088 9.5763 -1 17.2616
2 24 8.9279 -1 19.9601 8.4801 -1 20.8558
2 24 9.5131 -1 18.2088 8.9279 -1 19.9601
2 24 6.9594 -1 22.3912 7.6044 -1 22.0262
2 24 7.6044 -1 22.0262 8.4801 -1 20.8558
2 24 6.9594 -1 22.3912 6 -1 22.7727
2 24 9.5763 -1 17.2616 9.8012 -1 15
2 24 6 -1 15 6 -1 22.7727
2 24 9.5131 1 18.2088 9.5763 1 17.2616
2 24 8.4801 1 20.8558 8.9279 1 19.9601
2 24 8.9279 1 19.9601 9.5131 1 18.2088
2 24 7.6044 1 22.0262 6.9594 1 22.3912
2 24 7.6044 1 22.0262 8.4801 1 20.8558
2 24 6 1 22.7727 6.9594 1 22.3912
2 24 9.5763 1 17.2616 9.8012 1 15
2 24 -9.5763 1 17.2616 -9.8012 1 15
2 24 -9.8011 -1 15.0001 -9.5763 -1 17.2616
2 24 -9.5131 -1 18.2088 -9.5763 -1 17.2616
2 24 -8.4801 -1 20.8558 -8.9279 -1 19.9601
2 24 -8.9279 -1 19.9601 -9.5131 -1 18.2088
2 24 -6.9594 -1 22.3912 -7.6044 -1 22.0262
2 24 -7.6044 -1 22.0262 -8.4801 -1 20.8558
2 24 -6 -1 22.7727 -6.9594 -1 22.3912
2 24 -9.5763 1 17.2616 -9.5131 1 18.2088
2 24 -8.4801 1 20.8558 -8.9279 1 19.9601
2 24 -9.5131 1 18.2088 -8.9279 1 19.9601
2 24 -7.6044 1 22.0262 -6.9594 1 22.3912
2 24 -8.4801 1 20.8558 -7.6044 1 22.0262
2 24 -6.9594 1 22.3912 -6 1 22.7727
2 24 -6 -1 15 -6 -1 22.7727
2 24 6 1 15 6 1 22.7727
2 24 -6 1 15 -6 1 22.7727
0 // Added lines/Condlines
5 24 -6 -6.9673 18.0616 -7.07 -7.07 15 -6 -7.7908 15 -7.7572 -5.4852 18.5144
5 24 -6 -6.9673 18.0616 -7.7572 -5.4852 18.5144 -7.07 -7.07 15 -6 -4.9497 20.6568
5 24 -7.7572 -5.4852 18.5144 -7.07 -7.07 15 -6 -6.9673 18.0616 -9.239 -3.827 15
5 24 -7.7572 -5.4852 18.5144 -9.239 -3.827 15 -7.07 -7.07 15 -9.1344 -3.0751 18.5144
5 24 -7.7572 -5.4852 18.5144 -9.1344 -3.0751 18.5144 -9.239 -3.827 15 -7.7572 -3.0751 21.2688
5 24 -9.1344 -3.0751 18.5144 -9.239 -3.827 15 -7.7572 -5.4852 18.5144 -9.6956 0 18.0616
5 24 -9.1344 -3.0751 18.5144 -9.6956 0 18.0616 -9.239 -3.827 15 -8.8284 0 20.6568
5 24 -9.6956 0 18.0616 -9.239 -3.827 15 -9.1344 -3.0751 18.5144 -10 0 15
5 24 -6 -4.9497 20.6568 -7.7572 -5.4852 18.5144 -6 -6.9673 18.0616 -7.7572 -3.0751 21.2688
5 24 -6 -4.9497 20.6568 -7.7572 -3.0751 21.2688 -7.7572 -5.4852 18.5144 -6 -2.6789 22.3912
5 24 -7.7572 -3.0751 21.2688 -7.7572 -5.4852 18.5144 -6 -4.9497 20.6568 -9.1344 -3.0751 18.5144
5 24 -7.7572 -3.0751 21.2688 -9.1344 -3.0751 18.5144 -7.7572 -5.4852 18.5144 -8.8284 0 20.6568
5 24 -7.7572 -3.0751 21.2688 -8.8284 0 20.6568 -9.1344 -3.0751 18.5144 -7.5308 0 22.3912
5 24 -8.8284 0 20.6568 -9.1344 -3.0751 18.5144 -7.7572 -3.0751 21.2688 -9.6956 0 18.0616
5 24 -8.8284 0 20.6568 -9.6956 0 18.0616 -9.1344 -3.0751 18.5144 -9.1344 3.0751 18.5144
5 24 -6 -2.6789 22.3912 -7.7572 -3.0751 21.2688 -6 -4.9497 20.6568 -7.5308 0 22.3912
5 24 -6 -2.6789 22.3912 -7.5308 0 22.3912 -7.7572 -3.0751 21.2688 -6 0 23
5 24 -7.5308 0 22.3912 -7.7572 -3.0751 21.2688 -6 -2.6789 22.3912 -8.8284 0 20.6568
5 24 -7.5308 0 22.3912 -8.8284 0 20.6568 -7.7572 -3.0751 21.2688 -7.7572 3.0751 21.2688
5 24 -6 0 23 -7.5308 0 22.3912 -6 -2.6789 22.3912 -6 2.6789 22.3912
5 24 -7.07 7.07 15 -6 6.4673 18.0616 -6 7.7908 15 -7.7572 5.4852 18.5144
5 24 -7.7572 5.4852 18.5144 -6 6.4673 18.0616 -7.07 7.07 15 -6 4.9497 20.6568
5 24 -7.07 7.07 15 -7.7572 5.4852 18.5144 -6 6.4673 18.0616 -9.239 3.827 15
5 24 -9.239 3.827 15 -7.7572 5.4852 18.5144 -7.07 7.07 15 -9.1344 3.0751 18.5144
5 24 -9.1344 3.0751 18.5144 -7.7572 5.4852 18.5144 -9.239 3.827 15 -7.7572 3.0751 21.2688
5 24 -9.239 3.827 15 -9.1344 3.0751 18.5144 -7.7572 5.4852 18.5144 -9.6956 0 18.0616
5 24 -9.6956 0 18.0616 -9.1344 3.0751 18.5144 -9.239 3.827 15 -8.8284 0 20.6568
5 24 -9.239 3.827 15 -9.6956 0 18.0616 -9.1344 3.0751 18.5144 -10 0 15
5 24 -7.7572 5.4852 18.5144 -6 4.9497 20.6568 -6 6.4673 18.0616 -7.7572 3.0751 21.2688
5 24 -7.7572 3.0751 21.2688 -6 4.9497 20.6568 -7.7572 5.4852 18.5144 -6 2.6789 22.3912
5 24 -7.7572 5.4852 18.5144 -7.7572 3.0751 21.2688 -6 4.9497 20.6568 -9.1344 3.0751 18.5144
5 24 -9.1344 3.0751 18.5144 -7.7572 3.0751 21.2688 -7.7572 5.4852 18.5144 -8.8284 0 20.6568
5 24 -8.8284 0 20.6568 -7.7572 3.0751 21.2688 -9.1344 3.0751 18.5144 -7.5308 0 22.3912
5 24 -9.1344 3.0751 18.5144 -8.8284 0 20.6568 -7.7572 3.0751 21.2688 -9.6956 0 18.0616
5 24 -7.7572 3.0751 21.2688 -6 2.6789 22.3912 -6 4.9497 20.6568 -7.5308 0 22.3912
5 24 -7.5308 0 22.3912 -6 2.6789 22.3912 -7.7572 3.0751 21.2688 -6 0 23
5 24 -7.7572 3.0751 21.2688 -7.5308 0 22.3912 -6 2.6789 22.3912 -8.8284 0 20.6568
5 24 -6 6.4673 18.0616 -6 -6.9673 18.0616 -6 -7.7908 15 -6 4.9497 20.6568
5 24 -10 0 15 -9.6956 0 18.0616 -9.239 3.827 15 -9.239 -3.827 15
5 24 7.07 -7.07 15 6 -6.9673 18.0616 6 -7.7908 15 7.7572 -5.4852 18.5144
5 24 7.7572 -5.4852 18.5144 6 -6.9673 18.0616 7.07 -7.07 15 6 -4.9497 20.6568
5 24 7.07 -7.07 15 7.7572 -5.4852 18.5144 6 -6.9673 18.0616 9.239 -3.827 15
5 24 9.239 -3.827 15 7.7572 -5.4852 18.5144 7.07 -7.07 15 9.1344 -3.0751 18.5144
5 24 9.1344 -3.0751 18.5144 7.7572 -5.4852 18.5144 9.239 -3.827 15 7.7572 -3.0751 21.2688
5 24 9.239 -3.827 15 9.1344 -3.0751 18.5144 7.7572 -5.4852 18.5144 9.6956 0 18.0616
5 24 9.6956 0 18.0616 9.1344 -3.0751 18.5144 9.239 -3.827 15 8.8284 0 20.6568
5 24 9.239 -3.827 15 9.6956 0 18.0616 9.1344 -3.0751 18.5144 10 0 15
5 24 7.7572 -5.4852 18.5144 6 -4.9497 20.6568 6 -6.9673 18.0616 7.7572 -3.0751 21.2688
5 24 7.7572 -3.0751 21.2688 6 -4.9497 20.6568 7.7572 -5.4852 18.5144 6 -2.6789 22.3912
5 24 7.7572 -5.4852 18.5144 7.7572 -3.0751 21.2688 6 -4.9497 20.6568 9.1344 -3.0751 18.5144
5 24 9.1344 -3.0751 18.5144 7.7572 -3.0751 21.2688 7.7572 -5.4852 18.5144 8.8284 0 20.6568
5 24 8.8284 0 20.6568 7.7572 -3.0751 21.2688 9.1344 -3.0751 18.5144 7.5308 0 22.3912
5 24 9.1344 -3.0751 18.5144 8.8284 0 20.6568 7.7572 -3.0751 21.2688 9.6956 0 18.0616
5 24 9.6956 0 18.0616 8.8284 0 20.6568 9.1344 -3.0751 18.5144 9.1344 3.0751 18.5144
5 24 7.7572 -3.0751 21.2688 6 -2.6789 22.3912 6 -4.9497 20.6568 7.5308 0 22.3912
5 24 7.5308 0 22.3912 6 -2.6789 22.3912 7.7572 -3.0751 21.2688 6 0 23
5 24 7.7572 -3.0751 21.2688 7.5308 0 22.3912 6 -2.6789 22.3912 8.8284 0 20.6568
5 24 8.8284 0 20.6568 7.5308 0 22.3912 7.7572 -3.0751 21.2688 7.7572 3.0751 21.2688
5 24 7.5308 0 22.3912 6 0 23 6 -2.6789 22.3912 6 2.6789 22.3912
5 24 6 6.4673 18.0616 7.07 7.07 15 6 7.7908 15 7.7572 5.4852 18.5144
5 24 6 6.4673 18.0616 7.7572 5.4852 18.5144 7.07 7.07 15 6 4.9497 20.6568
5 24 7.7572 5.4852 18.5144 7.07 7.07 15 6 6.4673 18.0616 9.239 3.827 15
5 24 7.7572 5.4852 18.5144 9.239 3.827 15 7.07 7.07 15 9.1344 3.0751 18.5144
5 24 7.7572 5.4852 18.5144 9.1344 3.0751 18.5144 9.239 3.827 15 7.7572 3.0751 21.2688
5 24 9.1344 3.0751 18.5144 9.239 3.827 15 7.7572 5.4852 18.5144 9.6956 0 18.0616
5 24 9.1344 3.0751 18.5144 9.6956 0 18.0616 9.239 3.827 15 8.8284 0 20.6568
5 24 9.6956 0 18.0616 9.239 3.827 15 9.1344 3.0751 18.5144 10 0 15
5 24 6 4.9497 20.6568 7.7572 5.4852 18.5144 6 6.4673 18.0616 7.7572 3.0751 21.2688
5 24 6 4.9497 20.6568 7.7572 3.0751 21.2688 7.7572 5.4852 18.5144 6 2.6789 22.3912
5 24 7.7572 3.0751 21.2688 7.7572 5.4852 18.5144 6 4.9497 20.6568 9.1344 3.0751 18.5144
5 24 7.7572 3.0751 21.2688 9.1344 3.0751 18.5144 7.7572 5.4852 18.5144 8.8284 0 20.6568
5 24 7.7572 3.0751 21.2688 8.8284 0 20.6568 9.1344 3.0751 18.5144 7.5308 0 22.3912
5 24 8.8284 0 20.6568 9.1344 3.0751 18.5144 7.7572 3.0751 21.2688 9.6956 0 18.0616
5 24 6 2.6789 22.3912 7.7572 3.0751 21.2688 6 4.9497 20.6568 7.5308 0 22.3912
5 24 6 2.6789 22.3912 7.5308 0 22.3912 7.7572 3.0751 21.2688 6 0 23
5 24 7.5308 0 22.3912 7.7572 3.0751 21.2688 6 2.6789 22.3912 8.8284 0 20.6568
5 24 6 -6.9673 18.0616 6 6.4673 18.0616 6 -7.7908 15 6 4.9497 20.6568
5 24 9.6956 0 18.0616 10 0 15 9.239 3.827 15 9.239 -3.827 15
5 24 -9.239 -3.827 15 -7.07 -7.07 15 -7.7572 -5.4852 18.5144 -7.071 -7.071 11
5 24 -7.07 7.07 15 -9.239 3.827 15 -7.7572 5.4852 18.5144 -9.239 3.827 11
5 24 -9.239 3.827 15 -10 0 15 -9.6956 0 18.0616 -10 0 11
5 24 -10 0 15 -9.239 -3.827 15 -9.6956 0 18.0616 -9.239 -3.827 11
5 24 7.07 -7.07 15 9.239 -3.827 15 7.7572 -5.4852 18.5144 9.239 -3.827 11
5 24 9.239 3.827 15 7.07 7.07 15 7.7572 5.4852 18.5144 7.071 7.071 11
5 24 10 0 15 9.239 3.827 15 9.6956 0 18.0616 9.239 3.827 11
5 24 9.239 -3.827 15 10 0 15 9.6956 0 18.0616 10 0 11
5 24 6 7.7908 15 7.07 7.07 15 6 6.4673 18.0616 7.071 7.071 11
5 24 -7.071 7.071 15 -6 7.7908 15 -6 6.4673 18.0616 -7.071 7.071 11
5 24 -7.071 -7.071 15 -6 -7.7908 15 -6 -6.9673 18.0616 -7.071 -7.071 11
5 24 7.07 -7.07 15 6 -7.7908 15 6 -6.9673 18.0616 7.071 -7.071 11
2 24 -6 -1 15 6 -1 15
2 24 -6 1 15 6 1 15
