0 ~Wheel Hard with Treads - single tread section
0 Name: s\30324s01.dat
0 Author: Chris Dee [cwdee]
0 !LDRAW_ORG Subpart UPDATE 2001-03
0 !LICENSE Redistributable under CCAL version 2.0 : see CAreadme.txt
0 !HISTORY 2001-12-31 [PTadmin] Official Update 2001-03
0 !HISTORY 2007-08-29 [PTadmin] Header formatted for Contributor Agreement
0 !HISTORY 2008-07-01 [PTadmin] Official Update 2008-01
4 16 37.0000 -5.0000 -50.0000 39.0000 -5.0000 -50.0000 37.3950 -12.1500 -50.0000 35.5090 -11.5380 -50.0000
2 24 37.3950 -12.1500 -50.0000 39.0000 -5.0000 -50.0000
4 16 37.3950 -12.1500 -50.0000 39.0000 -5.0000 -50.0000 40.0000 -5.0000 -49.0000 38.3380 -12.4570 -49.0000
5 24 40.0000 -5.0000 -49.0000 38.3380 -12.4570 -49.0000 39.0000 -5.0000 -50.0000 45.0000 -5.0000 -41.0000
4 16 38.3380 -12.4570 -49.0000 40.0000 -5.0000 -49.0000 45.0000 -5.0000 -41.0000 43.0610 -13.9920 -41.0000
5 24 45.0000 -5.0000 -41.0000 43.0610 -13.9920 -41.0000 40.0000 -5.0000 -49.0000 50.0000 -5.0000 -29.0000
4 16 43.0610 -13.9920 -41.0000 45.0000 -5.0000 -41.0000 50.0000 -5.0000 -29.0000 47.7900 -15.5280 -29.0000
5 24 50.0000 -5.0000 -29.0000 47.7900 -15.5280 -29.0000 45.0000 -5.0000 -41.0000 54.0000 -5.0000 -16.0000
4 16 47.7900 -15.5280 -29.0000 50.0000 -5.0000 -29.0000 54.0000 -5.0000 -16.0000 51.5770 -16.7580 -16.0000
5 24 54.0000 -5.0000 -16.0000 51.5770 -16.7580 -16.0000 50.0000 -5.0000 -29.0000 55.0000 -5.0000 -9.0000
4 16 51.5770 -16.7580 -16.0000 54.0000 -5.0000 -16.0000 55.0000 -5.0000 -9.0000 52.5240 -17.0660 -9.0000
5 24 55.0000 -5.0000 -9.0000 52.5240 -17.0660 -9.0000 54.0000 -5.0000 -16.0000 54.0000 -5.0000 -2.0000
4 16 52.5240 -17.0660 -9.0000 55.0000 -5.0000 -9.0000 54.0000 -5.0000 -2.0000 51.5770 -16.7580 -2.0000
5 24 54.0000 -5.0000 -2.0000 51.5770 -16.7580 -2.0000 55.0000 -5.0000 -9.0000 51.0000 -5.0000 12.0000
4 16 51.5770 -16.7580 -2.0000 54.0000 -5.0000 -2.0000 51.0000 -5.0000 12.0000 48.7360 -15.8350 12.0000
5 24 51.0000 -5.0000 12.0000 48.7360 -15.8350 12.0000 54.0000 -5.0000 -2.0000 48.0000 -5.0000 20.0000
4 16 48.7360 -15.8350 12.0000 51.0000 -5.0000 12.0000 48.0000 -5.0000 20.0000 45.8980 -14.9130 20.0000
2 24 48.0000 -5.0000 20.0000 45.8980 -14.9130 20.0000
4 16 45.8980 -14.9130 20.0000 48.0000 -5.0000 20.0000 47.0000 -5.0000 20.0000 44.9520 -14.6060 20.0000
2 24 44.9520 -14.6060 20.0000 47.0000 -5.0000 20.0000
4 16 47.0000 -5.0000 -20.0000 44.9520 -14.6060 -20.0000 44.9520 -14.6060 20.0000 47.0000 -5.0000 20.0000
2 24 47.0000 -5.0000 -20.0000 44.9520 -14.6060 -20.0000
4 16 36.0000 -5.0000 -44.0000 34.5670 -11.2310 -44.0000 44.9520 -14.6060 -20.0000 47.0000 -5.0000 -20.0000
4 16 35.5090 11.5380 -50.0000 37.3950 12.1500 -50.0000 39.0000 5.0000 -50.0000 37.0000 5.0000 -50.0000
2 24 37.3950 12.1500 -50.0000 39.0000 5.0000 -50.0000
4 16 38.3380 12.4570 -49.0000 40.0000 5.0000 -49.0000 39.0000 5.0000 -50.0000 37.3950 12.1500 -50.0000
5 24 40.0000 5.0000 -49.0000 38.3380 12.4570 -49.0000 39.0000 5.0000 -50.0000 45.0000 5.0000 -41.0000
4 16 43.0610 13.9920 -41.0000 45.0000 5.0000 -41.0000 40.0000 5.0000 -49.0000 38.3380 12.4570 -49.0000
5 24 45.0000 5.0000 -41.0000 43.0610 13.9920 -41.0000 40.0000 5.0000 -49.0000 50.0000 5.0000 -29.0000
4 16 47.7900 15.5280 -29.0000 50.0000 5.0000 -29.0000 45.0000 5.0000 -41.0000 43.0610 13.9920 -41.0000
5 24 50.0000 5.0000 -29.0000 47.7900 15.5280 -29.0000 45.0000 5.0000 -41.0000 54.0000 5.0000 -16.0000
4 16 51.5770 16.7580 -16.0000 54.0000 5.0000 -16.0000 50.0000 5.0000 -29.0000 47.7900 15.5280 -29.0000
5 24 54.0000 5.0000 -16.0000 51.5770 16.7580 -16.0000 50.0000 5.0000 -29.0000 55.0000 5.0000 -9.0000
4 16 52.5240 17.0660 -9.0000 55.0000 5.0000 -9.0000 54.0000 5.0000 -16.0000 51.5770 16.7580 -16.0000
5 24 55.0000 5.0000 -9.0000 52.5240 17.0660 -9.0000 54.0000 5.0000 -16.0000 54.0000 5.0000 -2.0000
4 16 51.5770 16.7580 -2.0000 54.0000 5.0000 -2.0000 55.0000 5.0000 -9.0000 52.5240 17.0660 -9.0000
5 24 54.0000 5.0000 -2.0000 51.5770 16.7580 -2.0000 55.0000 5.0000 -9.0000 51.0000 5.0000 12.0000
4 16 48.7360 15.8350 12.0000 51.0000 5.0000 12.0000 54.0000 5.0000 -2.0000 51.5770 16.7580 -2.0000
5 24 51.0000 5.0000 12.0000 48.7360 15.8350 12.0000 54.0000 5.0000 -2.0000 48.0000 5.0000 20.0000
4 16 45.8980 14.9130 20.0000 48.0000 5.0000 20.0000 51.0000 5.0000 12.0000 48.7360 15.8350 12.0000
2 24 48.0000 5.0000 20.0000 45.8980 14.9130 20.0000
4 16 44.9520 14.6060 20.0000 47.0000 5.0000 20.0000 48.0000 5.0000 20.0000 45.8980 14.9130 20.0000
2 24 44.9520 14.6060 20.0000 47.0000 5.0000 20.0000
4 16 47.0000 5.0000 20.0000 44.9520 14.6060 20.0000 44.9520 14.6060 -20.0000 47.0000 5.0000 -20.0000
2 24 47.0000 5.0000 -20.0000 44.9520 14.6060 -20.0000
4 16 47.0000 5.0000 -20.0000 44.9520 14.6060 -20.0000 34.5670 11.2310 -44.0000 36.0000 5.0000 -44.0000
5 24 37.3950 12.1500 -50.0000 38.3380 12.4570 -49.0000 39.0000 5.0000 -50.0000 34.4910 18.8870 -50.0000
5 24 38.3380 12.4570 -49.0000 43.0610 13.9920 -41.0000 40.0000 5.0000 -49.0000 35.3000 19.4750 -49.0000
5 24 43.0610 13.9920 -41.0000 47.7900 15.5280 -29.0000 45.0000 5.0000 -41.0000 39.3450 22.4150 -41.0000
5 24 47.7900 15.5280 -29.0000 51.5770 16.7580 -16.0000 50.0000 5.0000 -29.0000 43.3900 25.3550 -29.0000
5 24 51.5770 16.7580 -16.0000 52.5240 17.0660 -9.0000 54.0000 5.0000 -16.0000 46.6260 27.7070 -16.0000
5 24 52.5240 17.0660 -9.0000 51.5770 16.7580 -2.0000 55.0000 5.0000 -9.0000 47.4350 28.2950 -9.0000
5 24 51.5770 16.7580 -2.0000 48.7360 15.8350 12.0000 54.0000 5.0000 -2.0000 46.6260 27.7070 -2.0000
5 24 48.7360 15.8350 12.0000 45.8980 14.9130 20.0000 51.0000 5.0000 12.0000 44.1990 25.9430 12.0000
4 16 37.0000 5.0000 -50.0000 39.0000 5.0000 -50.0000 39.0000 -5.0000 -50.0000 37.0000 -5.0000 -50.0000
2 24 39.0000 5.0000 -50.0000 39.0000 -5.0000 -50.0000
4 16 40.0000 5.0000 -49.0000 40.0000 -5.0000 -49.0000 39.0000 -5.0000 -50.0000 39.0000 5.0000 -50.0000
1 16 43.000000 0.000000 -49.000000 3.000000 0.000000 0.000000 0.000000 0.000000 5.000000 0.000000 1.000000 0.000000 rect.dat
4 16 54.0000 5.0000 -41.0000 54.0000 -5.0000 -41.0000 46.0000 -5.0000 -49.0000 46.0000 5.0000 -49.0000
2 24 46.0000 5.0000 -49.0000 54.0000 5.0000 -41.0000
2 24 46.0000 -5.0000 -49.0000 54.0000 -5.0000 -41.0000
0 BFC INVERTNEXT
1 16 54.000000 0.000000 -28.500000 0.000000 1.000000 0.000000 5.000000 0.000000 0.000000 0.000000 0.000000 12.500000 rect.dat
4 16 55.0000 5.0000 -9.0000 55.0000 -5.0000 -9.0000 54.0000 -5.0000 -16.0000 54.0000 5.0000 -16.0000
5 24 55.0000 5.0000 -9.0000 55.0000 -5.0000 -9.0000 54.0000 5.0000 -16.0000 54.0000 5.0000 -2.0000
4 16 54.0000 5.0000 -2.0000 54.0000 -5.0000 -2.0000 55.0000 -5.0000 -9.0000 55.0000 5.0000 -9.0000
0 BFC INVERTNEXT
1 16 54.000000 0.000000 5.000000 0.000000 1.000000 0.000000 5.000000 0.000000 0.000000 0.000000 0.000000 7.000000 rect.dat
2 24 49.0000 5.0000 20.0000 54.0000 5.0000 12.0000
2 24 49.0000 -5.0000 20.0000 54.0000 -5.0000 12.0000
4 16 49.0000 5.0000 20.0000 49.0000 -5.0000 20.0000 54.0000 -5.0000 12.0000 54.0000 5.0000 12.0000
2 24 49.0000 5.0000 20.0000 49.0000 -5.0000 20.0000
4 16 47.0000 -5.0000 20.0000 49.0000 -5.0000 20.0000 49.0000 5.0000 20.0000 47.0000 5.0000 20.0000
2 24 47.0000 5.0000 20.0000 47.0000 -5.0000 20.0000
4 16 47.0000 5.0000 -20.0000 47.0000 -5.0000 -20.0000 47.0000 -5.0000 20.0000 47.0000 5.0000 20.0000
2 24 47.0000 5.0000 -20.0000 47.0000 -5.0000 -20.0000
4 16 36.0000 5.0000 -44.0000 36.0000 -5.0000 -44.0000 47.0000 -5.0000 -20.0000 47.0000 5.0000 -20.0000
5 24 54.0000 5.0000 -16.0000 55.0000 5.0000 -9.0000 55.0000 -5.0000 -9.0000 52.5240 17.0660 -9.0000
5 24 54.0000 -5.0000 -16.0000 55.0000 -5.0000 -9.0000 55.0000 5.0000 -9.0000 52.5240 -17.0660 -9.0000
5 24 54.0000 5.0000 -2.0000 55.0000 5.0000 -9.0000 55.0000 -5.0000 -9.0000 52.5240 17.0660 -9.0000
5 24 54.0000 -5.0000 -2.0000 55.0000 -5.0000 -9.0000 55.0000 5.0000 -9.0000 52.5240 -17.0660 -9.0000
2 24 40.0000 -5.0000 -49.0000 45.0000 -5.0000 -41.0000
2 24 45.0000 -5.0000 -41.0000 50.0000 -5.0000 -29.0000
2 24 50.0000 -5.0000 -29.0000 54.0000 -5.0000 -16.0000
4 16 40.0000 -5.0000 -49.0000 46.0000 -5.0000 -49.0000 54.0000 -5.0000 -41.0000 45.0000 -5.0000 -41.0000
4 16 45.0000 -5.0000 -41.0000 54.0000 -5.0000 -41.0000 54.0000 -5.0000 -29.0000 50.0000 -5.0000 -29.0000
3 16 50.0000 -5.0000 -29.0000 54.0000 -5.0000 -29.0000 54.0000 -5.0000 -16.0000
3 16 54.0000 -5.0000 -2.0000 54.0000 -5.0000 12.0000 51.0000 -5.0000 12.0000
4 16 51.0000 -5.0000 12.0000 54.0000 -5.0000 12.0000 49.0000 -5.0000 20.0000 48.0000 -5.0000 20.0000
2 24 40.0000 5.0000 -49.0000 45.0000 5.0000 -41.0000
2 24 45.0000 5.0000 -41.0000 50.0000 5.0000 -29.0000
2 24 50.0000 5.0000 -29.0000 54.0000 5.0000 -16.0000
4 16 45.0000 5.0000 -41.0000 54.0000 5.0000 -41.0000 46.0000 5.0000 -49.0000 40.0000 5.0000 -49.0000
4 16 50.0000 5.0000 -29.0000 54.0000 5.0000 -29.0000 54.0000 5.0000 -41.0000 45.0000 5.0000 -41.0000
3 16 54.0000 5.0000 -16.0000 54.0000 5.0000 -29.0000 50.0000 5.0000 -29.0000
3 16 51.0000 5.0000 12.0000 54.0000 5.0000 12.0000 54.0000 5.0000 -2.0000
4 16 48.0000 5.0000 20.0000 49.0000 5.0000 20.0000 54.0000 5.0000 12.0000 51.0000 5.0000 12.0000
2 24 49.0000 5.0000 20.0000 48.0000 5.0000 20.0000
2 24 48.0000 5.0000 20.0000 51.0000 5.0000 12.0000
2 24 51.0000 5.0000 12.0000 54.0000 5.0000 -2.0000
2 24 49.0000 -5.0000 20.0000 48.0000 -5.0000 20.0000
2 24 48.0000 -5.0000 20.0000 51.0000 -5.0000 12.0000
2 24 51.0000 -5.0000 12.0000 54.0000 -5.0000 -2.0000
