0 FILE 3039pb012.dat
0 Slope 45 2 x 2 with Headlights Pattern 
0 Name:  3039pb012.dat
0 Author:  
0 BFC CERTIFY CCW
3 16 5.200 18.370 -28.370 -5.250 18.380 -28.380 -20.000 20.000 -30.000
3 16 -20.000 20.000 -30.000 20.000 20.000 -30.000 5.200 18.370 -28.370
3 16 18.030 4.650 -14.650 20.000 0.000 -10.000 -20.000 0.000 -10.000
3 16 -20.000 0.000 -10.000 -0.040 4.650 -14.650 18.030 4.650 -14.650
3 16 -20.000 0.000 -10.000 -18.110 4.650 -14.650 -0.040 4.650 -14.650
3 16 20.000 0.000 -10.000 18.030 4.650 -14.650 18.010 5.400 -15.400
3 16 18.010 5.400 -15.400 17.650 6.560 -16.560 18.050 7.100 -17.100
3 16 18.050 7.100 -17.100 20.000 0.000 -10.000 18.010 5.400 -15.400
3 16 -5.240 15.540 -25.540 -5.260 14.480 -24.480 -17.000 12.560 -22.560
3 16 -17.000 12.560 -22.560 -17.760 13.460 -23.460 -5.240 15.540 -25.540
3 16 -5.260 14.480 -24.480 -5.240 15.540 -25.540 5.190 15.530 -25.530
3 16 5.190 15.530 -25.530 5.170 14.470 -24.470 -5.260 14.480 -24.480
3 16 5.190 15.530 -25.530 17.650 13.520 -23.520 16.920 12.540 -22.540
3 16 16.920 12.540 -22.540 5.170 14.470 -24.470 5.190 15.530 -25.530
3 16 -17.860 16.290 -26.290 -20.000 20.000 -30.000 -5.250 18.380 -28.380
3 16 -17.860 16.290 -26.290 -17.790 15.570 -25.570 -17.910 14.180 -24.180
3 16 -17.910 14.180 -24.180 -20.000 20.000 -30.000 -17.860 16.290 -26.290
3 16 -17.910 14.180 -24.180 -17.790 15.570 -25.570 -5.240 17.590 -27.590
3 16 -5.240 17.590 -27.590 -5.240 16.270 -26.270 -17.910 14.180 -24.180
3 16 -5.240 16.270 -26.270 -5.240 17.590 -27.590 5.190 17.590 -27.590
3 16 5.190 17.590 -27.590 5.190 16.260 -26.260 -5.240 16.270 -26.270
3 16 5.190 16.260 -26.260 5.190 17.590 -27.590 17.730 15.580 -25.580
3 16 17.730 15.580 -25.580 17.830 14.210 -24.210 5.190 16.260 -26.260
3 16 17.880 16.290 -26.290 5.200 18.370 -28.370 20.000 20.000 -30.000
3 16 -20.000 0.000 -10.000 -18.130 5.440 -15.440 -18.110 4.650 -14.650
3 16 -17.760 13.460 -23.460 -17.760 12.290 -22.290 -20.000 20.000 -30.000
3 16 -20.000 20.000 -30.000 -17.910 14.180 -24.180 -17.760 13.460 -23.460
3 16 -0.040 6.390 -16.390 16.850 6.410 -16.410 18.010 5.400 -15.400
3 16 18.010 5.400 -15.400 0.020 5.430 -15.430 -0.040 6.390 -16.390
3 16 18.010 5.400 -15.400 16.850 6.410 -16.410 17.650 6.560 -16.560
3 16 -0.040 6.390 -16.390 0.020 5.430 -15.430 -18.130 5.440 -15.440
3 16 -18.130 5.440 -15.440 -16.860 6.370 -16.370 -0.040 6.390 -16.390
3 16 -20.000 20.000 -30.000 -18.070 6.980 -16.980 -18.130 5.440 -15.440
3 16 -18.130 5.440 -15.440 -20.000 0.000 -10.000 -20.000 20.000 -30.000
3 16 -18.130 5.440 -15.440 -18.070 6.980 -16.980 -17.530 6.510 -16.510
3 16 -18.130 5.440 -15.440 -17.530 6.510 -16.510 -16.860 6.370 -16.370
3 16 -17.760 12.290 -22.290 -17.760 13.460 -23.460 -17.000 12.560 -22.560
3 16 -18.070 6.980 -16.980 -20.000 20.000 -30.000 -18.020 11.720 -21.720
3 16 -18.020 11.720 -21.720 -20.000 20.000 -30.000 -17.760 12.290 -22.290
3 16 17.510 12.160 -22.160 16.920 12.540 -22.540 17.650 13.520 -23.520
3 16 20.000 0.000 -10.000 18.050 7.100 -17.100 17.850 11.580 -21.580
3 16 17.730 15.580 -25.580 17.880 16.290 -26.290 20.000 0.000 -10.000
3 16 20.000 0.000 -10.000 17.830 14.210 -24.210 17.730 15.580 -25.580
3 16 17.850 11.580 -21.580 17.510 12.160 -22.160 17.650 13.520 -23.520
3 16 17.850 11.580 -21.580 17.650 13.520 -23.520 17.830 14.210 -24.210
3 16 17.830 14.210 -24.210 20.000 0.000 -10.000 17.850 11.580 -21.580
3 16 20.000 0.000 -10.000 17.880 16.290 -26.290 20.000 20.000 -30.000
3 0 -18.110 4.650 -14.650 -18.130 5.440 -15.440 0.020 5.430 -15.430
3 0 0.020 5.430 -15.430 -0.040 4.650 -14.650 -18.110 4.650 -14.650
3 0 -0.040 4.650 -14.650 0.020 5.430 -15.430 18.010 5.400 -15.400
3 0 18.010 5.400 -15.400 18.030 4.650 -14.650 -0.040 4.650 -14.650
3 0 -5.390 7.660 -17.660 5.360 7.660 -17.660 5.540 7.330 -17.330
3 0 5.540 7.330 -17.330 -0.040 6.390 -16.390 -5.390 7.660 -17.660
3 0 -5.260 14.480 -24.480 5.170 14.470 -24.470 5.190 13.650 -23.650
3 0 5.190 13.650 -23.650 -5.240 13.670 -23.670 -5.260 14.480 -24.480
3 0 -5.390 7.660 -17.660 -5.240 13.670 -23.670 5.190 13.650 -23.650
3 0 5.190 13.650 -23.650 5.360 7.660 -17.660 -5.390 7.660 -17.660
3 15 5.540 7.330 -17.330 5.360 7.660 -17.660 5.190 13.650 -23.650
3 15 5.190 13.650 -23.650 6.110 7.090 -17.090 5.540 7.330 -17.330
3 15 16.760 7.090 -17.090 6.110 7.090 -17.090 16.870 11.340 -21.340
3 15 16.870 11.340 -21.340 16.950 7.270 -17.270 16.760 7.090 -17.090
3 15 -16.850 7.090 -17.090 -17.050 7.300 -17.300 -17.080 11.460 -21.460
3 15 -17.080 11.460 -21.460 -5.990 7.090 -17.090 -16.850 7.090 -17.090
3 0 -17.910 14.180 -24.180 -5.240 16.270 -26.270 -5.240 15.540 -25.540
3 0 -5.240 15.540 -25.540 -17.760 13.460 -23.460 -17.910 14.180 -24.180
3 0 -5.240 16.270 -26.270 5.190 16.260 -26.260 5.190 15.530 -25.530
3 0 5.190 15.530 -25.530 -5.240 15.540 -25.540 -5.240 16.270 -26.270
3 0 5.190 16.260 -26.260 17.830 14.210 -24.210 17.650 13.520 -23.520
3 0 17.650 13.520 -23.520 5.190 15.530 -25.530 5.190 16.260 -26.260
3 0 -0.040 6.390 -16.390 5.540 7.330 -17.330 6.110 7.090 -17.090
3 0 -17.860 16.290 -26.290 -5.250 18.380 -28.380 -5.240 17.590 -27.590
3 0 -5.240 17.590 -27.590 -17.790 15.570 -25.570 -17.860 16.290 -26.290
3 0 -5.250 18.380 -28.380 5.200 18.370 -28.370 5.190 17.590 -27.590
3 0 5.190 17.590 -27.590 -5.240 17.590 -27.590 -5.250 18.380 -28.380
3 0 5.190 17.590 -27.590 5.200 18.370 -28.370 17.880 16.290 -26.290
3 0 17.880 16.290 -26.290 17.730 15.580 -25.580 5.190 17.590 -27.590
3 15 -5.390 7.660 -17.660 -5.540 7.300 -17.300 -5.990 7.090 -17.090
3 15 -5.990 7.090 -17.090 -5.240 13.670 -23.670 -5.390 7.660 -17.660
3 0 -0.040 6.390 -16.390 -5.540 7.300 -17.300 -5.390 7.660 -17.660
3 0 16.760 7.090 -17.090 16.950 7.270 -17.270 18.050 7.100 -17.100
3 0 18.050 7.100 -17.100 16.850 6.410 -16.410 16.760 7.090 -17.090
3 0 16.850 6.410 -16.410 18.050 7.100 -17.100 17.650 6.560 -16.560
3 0 -0.040 6.390 -16.390 6.110 7.090 -17.090 16.760 7.090 -17.090
3 0 16.760 7.090 -17.090 16.850 6.410 -16.410 -0.040 6.390 -16.390
3 0 -16.850 7.090 -17.090 -5.990 7.090 -17.090 -0.040 6.390 -16.390
3 0 -0.040 6.390 -16.390 -16.860 6.370 -16.370 -16.850 7.090 -17.090
3 0 -0.040 6.390 -16.390 -5.990 7.090 -17.090 -5.540 7.300 -17.300
3 0 -17.050 7.300 -17.300 -16.850 7.090 -17.090 -17.530 6.510 -16.510
3 0 -17.530 6.510 -16.510 -18.070 6.980 -16.980 -17.050 7.300 -17.300
3 0 -16.860 6.370 -16.370 -17.530 6.510 -16.510 -16.850 7.090 -17.090
3 0 -5.260 14.480 -24.480 -5.240 13.670 -23.670 -16.600 11.960 -21.960
3 0 -16.600 11.960 -21.960 -17.000 12.560 -22.560 -5.260 14.480 -24.480
3 0 -17.000 12.560 -22.560 -16.960 11.750 -21.750 -18.020 11.720 -21.720
3 0 -18.020 11.720 -21.720 -17.760 12.290 -22.290 -17.000 12.560 -22.560
3 0 5.170 14.470 -24.470 16.920 12.540 -22.540 16.030 11.930 -21.930
3 0 16.030 11.930 -21.930 5.190 13.650 -23.650 5.170 14.470 -24.470
3 0 16.920 12.540 -22.540 17.510 12.160 -22.160 17.850 11.580 -21.580
3 0 17.850 11.580 -21.580 16.590 11.710 -21.710 16.920 12.540 -22.540
3 0 -16.960 11.750 -21.750 -17.000 12.560 -22.560 -16.600 11.960 -21.960
3 15 -5.240 13.670 -23.670 -5.990 7.090 -17.090 -16.960 11.750 -21.750
3 15 -16.960 11.750 -21.750 -16.600 11.960 -21.960 -5.240 13.670 -23.670
3 0 -17.050 7.300 -17.300 -18.070 6.980 -16.980 -18.020 11.720 -21.720
3 0 -18.020 11.720 -21.720 -17.080 11.460 -21.460 -17.050 7.300 -17.300
3 15 -5.990 7.090 -17.090 -17.080 11.460 -21.460 -16.960 11.750 -21.750
3 0 -17.080 11.460 -21.460 -18.020 11.720 -21.720 -16.960 11.750 -21.750
3 0 16.590 11.710 -21.710 16.030 11.930 -21.930 16.920 12.540 -22.540
3 15 5.190 13.650 -23.650 16.030 11.930 -21.930 16.590 11.710 -21.710
3 15 16.590 11.710 -21.710 6.110 7.090 -17.090 5.190 13.650 -23.650
3 15 6.110 7.090 -17.090 16.590 11.710 -21.710 16.870 11.340 -21.340
3 0 18.050 7.100 -17.100 16.950 7.270 -17.270 16.870 11.340 -21.340
3 0 16.870 11.340 -21.340 17.850 11.580 -21.580 18.050 7.100 -17.100
3 0 16.870 11.340 -21.340 16.590 11.710 -21.710 17.850 11.580 -21.580
1 16 0.0000 0.0000 0.0000 1.0000 0.0000 0.0000 0.0000 1.0000 0.0000 0.0000 0.0000 1.0000 s/3039s01.dat
