0 Minifig Leg Right with SW Medium Lavender Cloth Pattern
0 Name: 3816bps3.dat
0 Author: Evert-Jan Boer [ejboer]
0 !LDRAW_ORG Unofficial_Part
0 !LICENSE Redistributable under CCAL version 2.0 : see CAreadme.txt

0 !HELP Move down 12 units to align with hips

0 BFC CERTIFY CCW

0 !KEYWORDS Bricklink 970c00pb0024, Set 7133, Star Wars, Zam Wesell

1 16 0 0 0 -1 0 0 0 1 0 0 0 1 s\3817bs01.dat
5 24 -2 3.349 -8.084 -18.659 3.349 -8.084 -2 0 -8.75 -18.755 6.187 -6.187
5 24 -18.755 6.187 -6.187 -2 6.187 -6.187 -2 7.399 -4 -2 3.349 -8.084
5 24 -2 0 -8.75 -18.546 0 -8.75 -18.659 3.349 -8.084 -2 -3.349 -8.084
5 24 -2 -3.349 -8.084 -18.433 -3.349 -8.084 -18.546 0 -8.75 -2 -6.187 -6.187
4 16 -1.5 20 -4 -19.23 20 -4 -19.23 20 -10 -1.5 20 -10

4 16 -7.2 7.399 -4 -2 7.399 -4 -2 6.187 -6.187 -7.2 6.187 -6.187
3 16 -18.3206 6.187 -6.187 -18.755 6.187 -6.187 -18.3612 6.74 -5.1891
4 16 -18.755 6.187 -6.187 -18.804 7.399 -4 -18.4096 7.399 -4 -18.3612 6.74 -5.1891
4 22 -14.5285 6.187 -6.187 -13.9 6.3 -5.9831 -13.025 6.375 -5.8478 -11.8428 6.187 -6.187
3 22 -11.8428 6.187 -6.187 -13.025 6.375 -5.8478 -11.825 6.4 -5.8027
4 30 -17.95 6.45 -5.7124 -18.3206 6.187 -6.187 -18.3612 6.74 -5.1891 -18.075 6.725 -5.2162
4 30 -18.3612 6.74 -5.1891 -18.4096 7.399 -4 -16.925 6.975 -4.7651 -18.075 6.725 -5.2162
4 30 -18.3206 6.187 -6.187 -17.95 6.45 -5.7124 -16.825 6.7 -5.2613 -15.2791 6.187 -6.187
4 0 -15.625 6.85 -4.9906 -15.225 6.95 -4.8102 -14.7939 6.187 -6.187 -15.2791 6.187 -6.187
3 30 -15.225 6.95 -4.8102 -15.5178 7.399 -4 -14.8 7.399 -4
3 30 -13.9 6.3 -5.9831 -14.535 7.399 -4 -13.025 6.375 -5.8478
4 30 -14.535 7.399 -4 -11.759 7.399 -4 -11.825 6.4 -5.8027 -13.025 6.375 -5.8478
3 0 -11.825 6.4 -5.8027 -11.759 7.399 -4 -11.3312 7.399 -4
4 0 -11.8428 6.187 -6.187 -11.825 6.4 -5.8027 -11.3312 7.399 -4 -11.3969 6.187 -6.187
4 16 -11.3969 6.187 -6.187 -11.3312 7.399 -4 -7.7 7.399 -4 -7.7 6.187 -6.187
4 30 -7.7 6.187 -6.187 -7.7 7.399 -4 -7.2 7.399 -4 -7.2 6.187 -6.187
4 22 -14.7939 6.187 -6.187 -14.8 7.399 -4 -14.535 7.399 -4 -14.5285 6.187 -6.187
3 30 -14.7939 6.187 -6.187 -15.225 6.95 -4.8102 -14.8 7.399 -4
3 30 -14.5285 6.187 -6.187 -14.535 7.399 -4 -13.9 6.3 -5.9831
4 22 -16.825 6.7 -5.2613 -17.95 6.45 -5.7124 -18.075 6.725 -5.2162 -16.925 6.975 -4.7651
4 22 -15.8 7.125 -4.4944 -15.625 6.85 -4.9906 -16.825 6.7 -5.2613 -16.925 6.975 -4.7651
3 30 -15.2791 6.187 -6.187 -16.825 6.7 -5.2613 -15.625 6.85 -4.9906
4 0 -15.9861 7.399 -4 -15.5178 7.399 -4 -15.225 6.95 -4.8102 -15.8 7.125 -4.4944
3 0 -15.625 6.85 -4.9906 -15.8 7.125 -4.4944 -15.225 6.95 -4.8102
4 30 -18.4096 7.399 -4 -15.9861 7.399 -4 -15.8 7.125 -4.4944 -16.925 6.975 -4.7651
4 0 -11.569 3.349 -8.084 -11.75 1.5 -8.4517 -12.2 1.3 -8.4915 -12.05 2.775 -8.1981
4 22 -16.875 0 -8.75 -16.9 .825 -8.5859 -16.6 .825 -8.5859 -16.575 0 -8.75
4 22 -16.6 .825 -8.5859 -16.9 .825 -8.5859 -17 1.975 -8.3572 -16.6 1.475 -8.4567
4 22 -16.6 1.475 -8.4567 -17 1.975 -8.3572 -16.8 2.75 -8.2031 -16.625 1.75 -8.402
4 0 -13.0389 0 -8.75 -13.35 1.05 -8.5412 -12.975 1.3 -8.4915 -12.65 .1 -8.7301
3 0 -13.35 1.05 -8.5412 -13.55 1.725 -8.407 -12.975 1.3 -8.4915
4 0 -12.975 1.3 -8.4915 -13.55 1.725 -8.407 -13.65 2 -8.3523 -13.2 2.1 -8.3324
4 0 -13.2 2.1 -8.3324 -13.65 2 -8.3523 -13.9 2.825 -8.1882 -13.4 2.8 -8.1932
4 22 -16.6 1.475 -8.4567 -16.625 1.75 -8.402 -15.8 1.85 -8.3821 -15.725 1.575 -8.4368
4 22 -15.725 1.575 -8.4368 -15.8 1.85 -8.3821 -14.75 1.95 -8.3622 -14.7 1.675 -8.4169
4 22 -14.7 1.675 -8.4169 -14.75 1.95 -8.3622 -13.65 2 -8.3523 -13.55 1.725 -8.407
4 22 -13.4 2.8 -8.1932 -13.525 3.1 -8.1335 -12.025 3.075 -8.1385 -12.05 2.775 -8.1981
4 22 -17 1.975 -8.3572 -17.175 2.8 -8.1932 -16.95 3.25 -8.1037 -16.8 2.75 -8.2031
4 30 -16.6 1.475 -8.4567 -15.725 1.575 -8.4368 -16.575 0 -8.75 -16.6 .825 -8.5859
3 30 -16.575 0 -8.75 -15.725 1.575 -8.4368 -14.7 1.675 -8.4169
4 30 -12.375 .125 -8.7251 -12.65 .1 -8.7301 -12.975 1.3 -8.4915 -12.2 1.3 -8.4915
4 30 -12.2 1.3 -8.4915 -12.975 1.3 -8.4915 -13.2 2.1 -8.3324 -12.05 2.775 -8.1981
3 30 -13.2 2.1 -8.3324 -13.4 2.8 -8.1932 -12.05 2.775 -8.1981
4 30 -16.576 3.349 -8.084 -13.9 2.825 -8.1882 -13.65 2 -8.3523 -14.75 1.95 -8.3622
4 30 -7.7 0 -8.75 -7.7 3.349 -8.084 -7.2 3.349 -8.084 -7.2 0 -8.75
4 0 -12.65 .1 -8.7301 -12.375 .125 -8.7251 -11.8906 0 -8.75 -13.0389 0 -8.75
4 0 -11.75 1.5 -8.4517 -11.8906 0 -8.75 -12.375 .125 -8.7251 -12.2 1.3 -8.4915
4 30 -13.55 1.725 -8.407 -13.35 1.05 -8.5412 -16.575 0 -8.75 -14.7 1.675 -8.4169
3 30 -13.0389 0 -8.75 -16.575 0 -8.75 -13.35 1.05 -8.5412
4 16 -16.875 0 -8.75 -18.546 0 -8.75 -17 1.975 -8.3572 -16.9 .825 -8.5859
4 16 -17 1.975 -8.3572 -18.546 0 -8.75 -18.659 3.349 -8.084 -17.175 2.8 -8.1932
3 16 -17.175 2.8 -8.1932 -18.659 3.349 -8.084 -17.3832 3.349 -8.084
4 16 -11.8906 0 -8.75 -11.75 1.5 -8.4517 -7.7 3.349 -8.084 -7.7 0 -8.75
3 16 -11.75 1.5 -8.4517 -11.569 3.349 -8.084 -7.7 3.349 -8.084
4 16 -7.2 0 -8.75 -7.2 3.349 -8.084 -2 3.349 -8.084 -2 0 -8.75
3 22 -17.175 2.8 -8.1932 -17.3832 3.349 -8.084 -16.95 3.25 -8.1037
3 22 -16.95 3.25 -8.1037 -17.3832 3.349 -8.084 -16.576 3.349 -8.084
3 30 -16.8 2.75 -8.2031 -16.95 3.25 -8.1037 -16.576 3.349 -8.084
4 30 -16.625 1.75 -8.402 -16.8 2.75 -8.2031 -16.576 3.349 -8.084 -15.8 1.85 -8.3821
3 30 -15.8 1.85 -8.3821 -16.576 3.349 -8.084 -14.75 1.95 -8.3622
3 30 -13.9 2.825 -8.1882 -16.576 3.349 -8.084 -14.0859 3.349 -8.084
4 30 -13.525 3.1 -8.1335 -13.6236 3.349 -8.084 -12.0092 3.349 -8.084 -12.025 3.075 -8.1385
3 0 -12.025 3.075 -8.1385 -12.0092 3.349 -8.084 -11.569 3.349 -8.084
3 0 -12.05 2.775 -8.1981 -12.025 3.075 -8.1385 -11.569 3.349 -8.084
3 0 -13.4 2.8 -8.1932 -13.9 2.825 -8.1882 -13.525 3.1 -8.1335
4 0 -13.9 2.825 -8.1882 -14.0859 3.349 -8.084 -13.6236 3.349 -8.084 -13.525 3.1 -8.1335
4 22 -15.25 -2.375 -8.2777 -15.35 -2.175 -8.3175 -14.65 -2.075 -8.3374 -14.65 -2.275 -8.2976
4 22 -14.65 -2.275 -8.2976 -14.65 -2.075 -8.3374 -14.05 -2.05 -8.3423 -14.1 -2.25 -8.3026
4 22 -13.5 -2.2 -8.3125 -13.6 -2.4 -8.2727 -14.1 -2.25 -8.3026 -14.05 -2.05 -8.3423
4 22 -13.6 -2.4 -8.2727 -13.5 -2.2 -8.3125 -12.9 -2.5 -8.2528 -13.075 -2.65 -8.223
4 22 -13.075 -2.65 -8.223 -12.9 -2.5 -8.2528 -12.7 -2.7 -8.2131 -12.7 -3 -8.1534
4 0 -12.7 -2.7 -8.2131 -12.7 -2.1 -8.3324 -12 -1.6 -8.4318 -12 -2.7 -8.2131
3 0 -12.7 -2.1 -8.3324 -12.8 -1 -8.5511 -12 -1.6 -8.4318
4 22 -15.575 -.725 -8.6058 -15.675 -.525 -8.6456 -15.075 -.325 -8.6854 -14.975 -.525 -8.6456
4 22 -14.975 -.525 -8.6456 -15.075 -.325 -8.6854 -14.375 -.225 -8.7053 -14.375 -.425 -8.6655
4 22 -14.375 -.425 -8.6655 -14.375 -.225 -8.7053 -13.7 -.2 -8.7102 -13.7 -.4 -8.6705
4 22 -12.95 -.3 -8.6903 -12.9 -.5 -8.6506 -13.7 -.4 -8.6705 -13.7 -.2 -8.7102
4 22 -16.775 -3.175 -8.1186 -17.0491 -3.1824 -8.1171 -16.95 -2.1 -8.3324 -16.675 -2.125 -8.3274
4 22 -16.95 -2.1 -8.3324 -16.875 -.95 -8.5611 -16.6 -.95 -8.5611 -16.675 -2.125 -8.3274
4 22 -16.875 -.95 -8.5611 -16.875 0 -8.75 -16.575 0 -8.75 -16.6 -.95 -8.5611
4 30 -16.775 -3.175 -8.1186 -16.675 -2.125 -8.3274 -15.35 -2.175 -8.3175 -15.75 -3.25 -8.1037
3 30 -15.75 -3.25 -8.1037 -15.35 -2.175 -8.3175 -15.25 -2.375 -8.2777
4 30 -16.675 -2.125 -8.3274 -16.6 -.95 -8.5611 -15.575 -.725 -8.6058 -15.35 -2.175 -8.3175
4 30 -16.6 -.95 -8.5611 -16.575 0 -8.75 -15.675 -.525 -8.6456 -15.575 -.725 -8.6058
3 30 -15.675 -.525 -8.6456 -16.575 0 -8.75 -15.075 -.325 -8.6854
3 30 -15.075 -.325 -8.6854 -16.575 0 -8.75 -14.375 -.225 -8.7053
4 30 -13.0389 0 -8.75 -13.7 -.2 -8.7102 -14.375 -.225 -8.7053 -16.575 0 -8.75
4 30 -14.975 -.525 -8.6456 -14.65 -2.075 -8.3374 -15.35 -2.175 -8.3175 -15.575 -.725 -8.6058
4 30 -14.65 -2.075 -8.3374 -14.975 -.525 -8.6456 -14.375 -.425 -8.6655 -14.05 -2.05 -8.3423
4 30 -14.375 -.425 -8.6655 -13.7 -.4 -8.6705 -13.5 -2.2 -8.3125 -14.05 -2.05 -8.3423
4 30 -13.7 -.4 -8.6705 -12.9 -.5 -8.6506 -12.8 -1 -8.5511 -13.5 -2.2 -8.3125
4 30 -12.8 -1 -8.5511 -12.7 -2.1 -8.3324 -12.9 -2.5 -8.2528 -13.5 -2.2 -8.3125
3 30 -12.7 -2.7 -8.2131 -12.9 -2.5 -8.2528 -12.7 -2.1 -8.3324
4 30 -7.7 -3.349 -8.084 -7.7 0 -8.75 -7.2 0 -8.75 -7.2 -3.349 -8.084
4 16 -17.6787 -3.349 -8.084 -18.433 -3.349 -8.084 -18.546 0 -8.75 -17.7 -3.2 -8.1136
4 16 -18.546 0 -8.75 -16.95 -2.1 -8.3324 -17.0491 -3.1824 -8.1171 -17.7 -3.2 -8.1136
4 16 -16.95 -2.1 -8.3324 -18.546 0 -8.75 -16.875 0 -8.75 -16.875 -.95 -8.5611
4 16 -11.9639 -3.349 -8.084 -12 -2.7 -8.2131 -12 -1.6 -8.4318 -7.7 -3.349 -8.084
4 16 -12 -1.6 -8.4318 -11.8906 0 -8.75 -7.7 0 -8.75 -7.7 -3.349 -8.084
4 16 -7.2 -3.349 -8.084 -7.2 0 -8.75 -2 0 -8.75 -2 -3.349 -8.084
3 0 -17.6787 -3.349 -8.084 -17.7 -3.2 -8.1136 -17.0491 -3.1824 -8.1171
4 0 -17.0491 -3.1824 -8.1171 -16.775 -3.175 -8.1186 -15.75 -3.25 -8.1037 -17.6787 -3.349 -8.084
3 0 -15.321 -3.349 -8.084 -17.6787 -3.349 -8.084 -15.75 -3.25 -8.1037
3 0 -11.9639 -3.349 -8.084 -12.6816 -3.349 -8.084 -12.7 -3 -8.1534
4 0 -12.7 -2.7 -8.2131 -12 -2.7 -8.2131 -11.9639 -3.349 -8.084 -12.7 -3 -8.1534
4 30 -15.321 -3.349 -8.084 -15.75 -3.25 -8.1037 -12.7 -3 -8.1534 -12.6816 -3.349 -8.084
4 30 -12.7 -3 -8.1534 -15.75 -3.25 -8.1037 -13.6 -2.4 -8.2727 -13.075 -2.65 -8.223
4 30 -13.6 -2.4 -8.2727 -15.75 -3.25 -8.1037 -14.65 -2.275 -8.2976 -14.1 -2.25 -8.3026
3 30 -15.75 -3.25 -8.1037 -15.25 -2.375 -8.2777 -14.65 -2.275 -8.2976
3 0 -12.95 -.3 -8.6903 -13.0389 0 -8.75 -11.8906 0 -8.75
3 30 -12.95 -.3 -8.6903 -13.7 -.2 -8.7102 -13.0389 0 -8.75
4 0 -12.8 -1 -8.5511 -12.9 -.5 -8.6506 -11.8906 0 -8.75 -12 -1.6 -8.4318
3 0 -12.9 -.5 -8.6506 -12.95 -.3 -8.6903 -11.8906 0 -8.75
4 0 -12 -6.187 -6.187 -12.4 -5.8 -6.4457 -11.7 -5.6 -6.5794 -11.4 -6.187 -6.187
4 0 -12.8 -5.4 -6.7131 -12.6 -4.9 -7.0473 -11.7 -5.6 -6.5794 -12.4 -5.8 -6.4457
3 0 -11.7 -5.6 -6.5794 -12.6 -4.9 -7.0473 -11.9 -4.5 -7.3146
4 0 -12.8 -5.4 -6.7131 -13.6 -5 -6.9804 -12.9235 -4.8191 -7.1013 -12.6 -4.9 -7.0473
4 0 -17.3 -4.5 -7.3146 -16.7 -4.4 -7.3815 -16.6 -4.6 -7.2478 -17.5 -4.7 -7.181
4 0 -16.1 -4.6 -7.2478 -16 -4.4 -7.3815 -15.1 -4.475 -7.3314 -15.2 -4.675 -7.1977
4 0 -15.2 -4.675 -7.1977 -15.1 -4.475 -7.3314 -14.1 -4.6 -7.2478 -14.2 -4.8 -7.1141
4 0 -14.2 -4.8 -7.1141 -14.1 -4.6 -7.2478 -13.4 -4.7 -7.181 -13.6 -5 -6.9804
4 30 -16.6 -4.6 -7.2478 -16.1 -4.6 -7.2478 -15.2 -4.675 -7.1977 -18 -6.187 -6.187
4 30 -13.6 -5 -6.9804 -18 -6.187 -6.187 -15.2 -4.675 -7.1977 -14.2 -4.8 -7.1141
4 30 -13.6 -5 -6.9804 -12.8 -5.4 -6.7131 -12.4 -5.8 -6.4457 -18 -6.187 -6.187
3 30 -12 -6.187 -6.187 -18 -6.187 -6.187 -12.4 -5.8 -6.4457
4 22 -18.11 -6.187 -6.187 -17.975 -5.125 -6.8969 -17.85 -5.175 -6.8635 -18 -6.187 -6.187
4 22 -17.975 -5.125 -6.8969 -17.825 -4.475 -7.3314 -17.7 -4.55 -7.2812 -17.85 -5.175 -6.8635
4 22 -17.825 -4.475 -7.3314 -17.6 -3.9 -7.7157 -17.5689 -4.1492 -7.5491 -17.7 -4.55 -7.2812
4 0 -17.5689 -4.1492 -7.5491 -17.6 -3.9 -7.7157 -17.3715 -3.9995 -7.6492 -17.3 -4.5 -7.3146
3 0 -17.5 -4.7 -7.181 -17.5689 -4.1492 -7.5491 -17.3 -4.5 -7.3146
4 30 -16.6 -4.6 -7.2478 -18 -6.187 -6.187 -17.85 -5.175 -6.8635 -17.5 -4.7 -7.181
4 30 -17.85 -5.175 -6.8635 -17.7 -4.55 -7.2812 -17.5689 -4.1492 -7.5491 -17.5 -4.7 -7.181
4 0 -15.321 -3.349 -8.084 -14.775 -3.475 -7.9998 -14.85 -3.675 -7.8661 -15.8 -3.45 -8.0165
4 0 -14.775 -3.475 -7.9998 -13.875 -3.85 -7.7491 -14 -4.025 -7.6321 -14.85 -3.675 -7.8661
4 0 -13.25 -4.475 -7.3314 -14 -4.025 -7.6321 -13.875 -3.85 -7.7491 -13.075 -4.3 -7.4483
4 0 -13.075 -4.3 -7.4483 -12.6 -4.9 -7.0473 -12.9235 -4.8191 -7.1013 -13.25 -4.475 -7.3314
3 0 -13.6 -5 -6.9804 -13.4 -4.7 -7.181 -12.9235 -4.8191 -7.1013
4 0 -17.3715 -3.9995 -7.6492 -17.4 -3.8 -7.7825 -16.5 -3.825 -7.7658 -16.55 -4 -7.6489
4 0 -16.55 -4 -7.6489 -16.5 -3.825 -7.7658 -15.6 -3.9 -7.7157 -15.625 -4.075 -7.5987
4 0 -15.625 -4.075 -7.5987 -15.6 -3.9 -7.7157 -14.775 -4.05 -7.6154 -14.85 -4.2 -7.5152
4 0 -14.85 -4.2 -7.5152 -14.775 -4.05 -7.6154 -14.05 -4.25 -7.4817 -14.125 -4.4 -7.3815
3 0 -13.4 -4.7 -7.181 -14.125 -4.4 -7.3815 -14.05 -4.25 -7.4817
4 0 -14.05 -4.25 -7.4817 -13.325 -4.575 -7.2645 -12.9235 -4.8191 -7.1013 -13.4 -4.7 -7.181
4 30 -17.3 -4.5 -7.3146 -17.3715 -3.9995 -7.6492 -16.55 -4 -7.6489 -16.7 -4.4 -7.3815
4 30 -16.7 -4.4 -7.3815 -16.55 -4 -7.6489 -15.625 -4.075 -7.5987 -16 -4.4 -7.3815
4 30 -16 -4.4 -7.3815 -15.625 -4.075 -7.5987 -14.85 -4.2 -7.5152 -15.1 -4.475 -7.3314
4 30 -15.1 -4.475 -7.3314 -14.85 -4.2 -7.5152 -14.125 -4.4 -7.3815 -14.1 -4.6 -7.2478
3 30 -13.4 -4.7 -7.181 -14.1 -4.6 -7.2478 -14.125 -4.4 -7.3815
4 30 -15.8 -3.45 -8.0165 -14.85 -3.675 -7.8661 -14.775 -4.05 -7.6154 -15.6 -3.9 -7.7157
4 30 -14.85 -3.675 -7.8661 -14 -4.025 -7.6321 -14.05 -4.25 -7.4817 -14.775 -4.05 -7.6154
4 30 -14 -4.025 -7.6321 -13.25 -4.475 -7.3314 -13.325 -4.575 -7.2645 -14.05 -4.25 -7.4817
3 30 -12.9235 -4.8191 -7.1013 -13.325 -4.575 -7.2645 -13.25 -4.475 -7.3314
4 0 -16.7 -4.4 -7.3815 -16 -4.4 -7.3815 -16.1 -4.6 -7.2478 -16.6 -4.6 -7.2478
4 30 -7.7 -6.187 -6.187 -7.7 -3.349 -8.084 -7.2 -3.349 -8.084 -7.2 -6.187 -6.187
4 16 -2 -6.187 -6.187 -7.2 -6.187 -6.187 -7.2 -3.349 -8.084 -2 -3.349 -8.084
4 16 -18.11 -6.187 -6.187 -18.337 -6.187 -6.187 -18.433 -3.349 -8.084 -17.975 -5.125 -6.8969
3 16 -17.975 -5.125 -6.8969 -18.433 -3.349 -8.084 -17.825 -4.475 -7.3314
4 16 -17.825 -4.475 -7.3314 -18.433 -3.349 -8.084 -17.6787 -3.349 -8.084 -17.6 -3.9 -7.7157
4 16 -11.9639 -3.349 -8.084 -7.7 -3.349 -8.084 -11.7 -5.6 -6.5794 -11.9 -4.5 -7.3146
4 16 -11.7 -5.6 -6.5794 -7.7 -3.349 -8.084 -7.7 -6.187 -6.187 -11.4 -6.187 -6.187
4 0 -11.9 -4.5 -7.3146 -12.6 -4.9 -7.0473 -12.6816 -3.349 -8.084 -11.9639 -3.349 -8.084
4 0 -17.3715 -3.9995 -7.6492 -17.6 -3.9 -7.7157 -17.6787 -3.349 -8.084 -17.4 -3.8 -7.7825
3 0 -17.4 -3.8 -7.7825 -17.6787 -3.349 -8.084 -17.45 -3.375 -8.0666
4 0 -17.45 -3.375 -8.0666 -17.6787 -3.349 -8.084 -15.321 -3.349 -8.084 -16.775 -3.375 -8.0666
3 0 -15.8 -3.45 -8.0165 -16.775 -3.375 -8.0666 -15.321 -3.349 -8.084
4 30 -15.6 -3.9 -7.7157 -16.5 -3.825 -7.7658 -16.775 -3.375 -8.0666 -15.8 -3.45 -8.0165
4 30 -16.5 -3.825 -7.7658 -17.4 -3.8 -7.7825 -17.45 -3.375 -8.0666 -16.775 -3.375 -8.0666
3 30 -14.775 -3.475 -7.9998 -15.321 -3.349 -8.084 -12.6816 -3.349 -8.084
3 30 -13.875 -3.85 -7.7491 -14.775 -3.475 -7.9998 -12.6816 -3.349 -8.084
3 30 -13.075 -4.3 -7.4483 -13.875 -3.85 -7.7491 -12.6816 -3.349 -8.084
3 30 -12.6 -4.9 -7.0473 -13.075 -4.3 -7.4483 -12.6816 -3.349 -8.084
4 0 -14.3 3.9 -7.7157 -14.925 5.45 -6.6796 -14.625 5.825 -6.429 -14 4.3 -7.4483
4 0 -14.7939 6.187 -6.187 -14.625 5.825 -6.429 -14.925 5.45 -6.6796 -15.025 5.7 -6.5125
4 22 -17.3832 3.349 -8.084 -17.75 4.2 -7.5152 -17.475 4.45 -7.3481 -17.05 3.55 -7.9496
4 22 -16.1 3.475 -7.9998 -16.2 3.75 -7.816 -15.325 3.825 -7.7658 -15.3 3.575 -7.9329
4 22 -15.325 3.825 -7.7658 -14.3 3.9 -7.7157 -14.175 3.6 -7.9162 -15.3 3.575 -7.9329
4 22 -17.75 4.2 -7.5152 -18.25 5.225 -6.83 -17.925 5.4 -6.7131 -17.475 4.45 -7.3481
4 22 -16.15 5.3 -6.7799 -16.225 5.575 -6.5961 -15.025 5.7 -6.5125 -14.925 5.45 -6.6796
4 22 -16.15 5.3 -6.7799 -17.3 5.075 -6.9303 -17.45 5.325 -6.7632 -16.225 5.575 -6.5961
4 30 -14.625 5.825 -6.429 -13.95 5.95 -6.3454 -13.025 6.075 -6.2619 -14 4.3 -7.4483
4 30 -17.475 4.45 -7.3481 -17.925 5.4 -6.7131 -17.45 5.325 -6.7632 -17.3 5.075 -6.9303
3 30 -17.05 3.55 -7.9496 -17.475 4.45 -7.3481 -16.2 3.75 -7.816
4 30 -17.475 4.45 -7.3481 -17.3 5.075 -6.9303 -16.15 5.3 -6.7799 -16.2 3.75 -7.816
4 30 -16.2 3.75 -7.816 -16.15 5.3 -6.7799 -14.925 5.45 -6.6796 -15.325 3.825 -7.7658
3 30 -15.325 3.825 -7.7658 -14.925 5.45 -6.6796 -14.3 3.9 -7.7157
3 22 -16.576 3.349 -8.084 -17.3832 3.349 -8.084 -17.05 3.55 -7.9496
4 22 -16.2 3.75 -7.816 -16.1 3.475 -7.9998 -16.576 3.349 -8.084 -17.05 3.55 -7.9496
3 0 -13.6236 3.349 -8.084 -14.0859 3.349 -8.084 -14.175 3.6 -7.9162
4 0 -14.175 3.6 -7.9162 -14.3 3.9 -7.7157 -14 4.3 -7.4483 -13.6236 3.349 -8.084
4 16 -17.3832 3.349 -8.084 -18.659 3.349 -8.084 -18.25 5.225 -6.83 -17.75 4.2 -7.5152
4 16 -18.659 3.349 -8.084 -18.755 6.187 -6.187 -18.3206 6.187 -6.187 -18.25 5.225 -6.83
4 30 -16.576 3.349 -8.084 -16.1 3.475 -7.9998 -15.3 3.575 -7.9329 -14.0859 3.349 -8.084
3 30 -14.0859 3.349 -8.084 -15.3 3.575 -7.9329 -14.175 3.6 -7.9162
3 30 -12.0092 3.349 -8.084 -13.6236 3.349 -8.084 -14 4.3 -7.4483
4 30 -13.025 6.075 -6.2619 -11.85 6.1 -6.2452 -12.0092 3.349 -8.084 -14 4.3 -7.4483
4 0 -11.8428 6.187 -6.187 -11.3969 6.187 -6.187 -11.569 3.349 -8.084 -11.85 6.1 -6.2452
3 0 -11.569 3.349 -8.084 -12.0092 3.349 -8.084 -11.85 6.1 -6.2452
3 0 -15.025 5.7 -6.5125 -15.2791 6.187 -6.187 -14.7939 6.187 -6.187
4 22 -14.7939 6.187 -6.187 -14.5285 6.187 -6.187 -13.95 5.95 -6.3454 -14.625 5.825 -6.429
3 22 -13.95 5.95 -6.3454 -14.5285 6.187 -6.187 -13.025 6.075 -6.2619
4 22 -11.85 6.1 -6.2452 -13.025 6.075 -6.2619 -14.5285 6.187 -6.187 -11.8428 6.187 -6.187
4 16 -11.569 3.349 -8.084 -11.3969 6.187 -6.187 -7.7 6.187 -6.187 -7.7 3.349 -8.084
4 16 -7.2 3.349 -8.084 -7.2 6.187 -6.187 -2 6.187 -6.187 -2 3.349 -8.084
3 30 -18.25 5.225 -6.83 -18.3206 6.187 -6.187 -17.925 5.4 -6.7131
4 30 -17.925 5.4 -6.7131 -18.3206 6.187 -6.187 -16.225 5.575 -6.5961 -17.45 5.325 -6.7632
4 30 -18.3206 6.187 -6.187 -15.2791 6.187 -6.187 -15.025 5.7 -6.5125 -16.225 5.575 -6.5961
4 30 -7.2 6.187 -6.187 -7.2 3.349 -8.084 -7.7 3.349 -8.084 -7.7 6.187 -6.187
4 16 -1.5 28 -10 -1.5 20 -10 -19.23 20 -10 -19.5 28 -10
4 0 -18.45 13.975 -4 -18.45 14.55 -4 -17 14.375 -4 -17.05 13.825 -4
4 0 -17.05 13.825 -4 -17 14.375 -4 -15.6 14.35 -4 -15.525 13.825 -4
4 0 -15.525 13.825 -4 -15.6 14.35 -4 -14.3 14.5 -4 -14.175 14 -4
4 0 -14.175 14 -4 -14.3 14.5 -4 -13.2 14.75 -4 -13 14.275 -4
4 0 -13 14.275 -4 -13.2 14.75 -4 -12.225 14.975 -4 -12.15 14.475 -4
4 0 -12.15 14.475 -4 -12.225 14.975 -4 -11.075 15.125 -4 -11.1 14.65 -4
3 0 -11.1 14.65 -4 -11.075 15.125 -4 -10.6 15.125 -4
4 0 -11.1 14.65 -4 -10.6 15.125 -4 -10.825 13.2 -4 -11.325 13.125 -4
4 0 -11.325 13.125 -4 -10.825 13.2 -4 -11.05 11.225 -4 -11.525 11.175 -4
4 0 -11.525 11.175 -4 -11.05 11.225 -4 -11.175 9.675 -4 -11.6 9.95 -4
4 0 -11.3312 7.399 -4 -11.6 9.625 -4 -11.6 9.95 -4 -11.175 9.675 -4
4 22 -14.8 9.175 -4 -14.8 9.5 -4 -13.875 9.3 -4 -14.55 9.2 -4
4 22 -13.875 9.3 -4 -13.925 9.6 -4 -12.95 9.725 -4 -12.925 9.425 -4
4 22 -12.925 9.425 -4 -12.95 9.725 -4 -11.6 9.95 -4 -11.6 9.625 -4
4 0 -17.325 9.175 -4 -18.475 10 -4 -18.475 10.4 -4 -16.95 9.225 -4
4 22 -15.925 9.025 -4 -16 9.325 -4 -14.8 9.5 -4 -14.8 9.175 -4
4 22 -15.925 9.025 -4 -16.6839 8.9458 -4 -16.95 9.225 -4 -16 9.325 -4
4 0 -15.975 8.1 -4 -17.325 9.175 -4 -16.95 9.225 -4 -16.6839 8.9458 -4
3 30 -15.975 8.1 -4 -16.6839 8.9458 -4 -15.925 9.025 -4
4 22 -14.8 9.5 -4 -14.8 13 -4 -14.55 13 -4 -14.5503 9.5027 -4
3 22 -13.875 9.3 -4 -14.8 9.5 -4 -14.5503 9.5027 -4
3 22 -13.875 9.3 -4 -14.5503 9.5027 -4 -13.925 9.6 -4
3 30 -14.5503 9.5027 -4 -14.55 13 -4 -13.925 9.6 -4
4 30 -13.925 9.6 -4 -14.55 13 -4 -11.6 9.95 -4 -12.95 9.725 -4
3 30 -11.6 9.95 -4 -14.55 13 -4 -11.525 11.175 -4
4 30 -14.175 14 -4 -11.325 13.125 -4 -11.525 11.175 -4 -14.55 13 -4
3 30 -11.325 13.125 -4 -14.175 14 -4 -13 14.275 -4
4 30 -13 14.275 -4 -12.15 14.475 -4 -11.1 14.65 -4 -11.325 13.125 -4
4 30 -15.525 13.825 -4 -14.175 14 -4 -14.55 13 -4 -14.8 13 -4
3 30 -18.475 10.4 -4 -18.45 13.975 -4 -17.05 13.825 -4
4 30 -17.05 13.825 -4 -15.525 13.825 -4 -14.8 13 -4 -18.475 10.4 -4
4 30 -18.475 10.4 -4 -14.8 13 -4 -16 9.325 -4 -16.95 9.225 -4
3 30 -16 9.325 -4 -14.8 13 -4 -14.8 9.5 -4
4 22 -18.475 8.8 -4 -18.475 9.05 -4 -17.325 9.175 -4 -17.1146 8.9082 -4
3 0 -15.975 8.1 -4 -17.1146 8.9082 -4 -17.325 9.175 -4
3 0 -16.3 7.875 -4 -17.1146 8.9082 -4 -15.975 8.1 -4
3 30 -18.475 9.05 -4 -18.475 10 -4 -17.325 9.175 -4
4 30 -1.5 14.5 -4 -7.2 12 -4 -7.7 12.3 -4 -1.5 15 -4
4 30 -18.475 8.8 -4 -17.1146 8.9082 -4 -16.3 7.875 -4 -18.4096 7.399 -4
3 30 -15.9861 7.399 -4 -18.4096 7.399 -4 -16.3 7.875 -4
3 16 -18.4096 7.399 -4 -18.804 7.399 -4 -18.475 8.8 -4
3 16 -18.804 7.399 -4 -18.475 9.05 -4 -18.475 8.8 -4
3 16 -18.804 7.399 -4 -18.475 10 -4 -18.475 9.05 -4
3 16 -18.804 7.399 -4 -18.475 10.4 -4 -18.475 10 -4
4 16 -18.804 7.399 -4 -19.23 20 -4 -18.45 13.975 -4 -18.475 10.4 -4
3 16 -18.45 13.975 -4 -19.23 20 -4 -18.45 14.55 -4
4 16 -18.45 14.55 -4 -19.23 20 -4 -15.6 14.35 -4 -17 14.375 -4
4 16 -15.6 14.35 -4 -19.23 20 -4 -13.2 14.75 -4 -14.3 14.5 -4
3 16 -13.2 14.75 -4 -19.23 20 -4 -12.225 14.975 -4
3 16 -12.225 14.975 -4 -19.23 20 -4 -11.075 15.125 -4
4 16 -11.075 15.125 -4 -19.23 20 -4 -1.5 20 -4 -10.6 15.125 -4
4 16 -7.7 12.3 -4 -10.6 15.125 -4 -1.5 20 -4 -1.5 15 -4
4 16 -2 7.399 -4 -7.2 7.399 -4 -7.2 12 -4 -2 7.657 -4
4 16 -7.2 12 -4 -1.5 14.5 -4 -1.5 7.657 -4 -2 7.657 -4
4 30 -7.7 12.3 -4 -7.2 12 -4 -7.2 7.399 -4 -7.7 7.399 -4
4 16 -11.3312 7.399 -4 -11.175 9.675 -4 -7.7 12.3 -4 -7.7 7.399 -4
3 16 -11.175 9.675 -4 -11.05 11.225 -4 -7.7 12.3 -4
4 16 -10.6 15.125 -4 -7.7 12.3 -4 -11.05 11.225 -4 -10.825 13.2 -4
3 0 -11.3312 7.399 -4 -11.759 7.399 -4 -11.6 9.625 -4
4 22 -14.8 7.399 -4 -14.8 9.175 -4 -14.55 9.2 -4 -14.535 7.399 -4
3 30 -14.8 7.399 -4 -15.5178 7.399 -4 -15.975 8.1 -4
4 30 -15.925 9.025 -4 -14.8 9.175 -4 -14.8 7.399 -4 -15.975 8.1 -4
3 30 -14.535 7.399 -4 -14.55 9.2 -4 -13.875 9.3 -4
4 30 -14.535 7.399 -4 -13.875 9.3 -4 -12.925 9.425 -4 -11.759 7.399 -4
3 30 -11.759 7.399 -4 -12.925 9.425 -4 -11.6 9.625 -4
4 0 -16.3 7.875 -4 -15.975 8.1 -4 -15.5178 7.399 -4 -15.9861 7.399 -4
