0 Minifig Leg Left with Map Pattern
0 Name: 3817bp72.dat
0 Author: Evert-Jan Boer [ejboer]
0 !LDRAW_ORG Unofficial_Part
0 !LICENSE Redistributable under CCAL version 2.0 : see CAreadme.txt

0 !HELP Move down 12 units to align with hips

0 BFC CERTIFY CCW

0 !KEYWORDS Bricklink 970c00pb0126

1 16 0 0 0 1 0 0 0 1 0 0 0 1 s\3817bs01.dat

5 24 2 3.349 -8.084 18.659 3.349 -8.084 2 0 -8.75 18.755 6.187 -6.187
5 24 18.755 6.187 -6.187 2 6.187 -6.187 2 7.399 -4 2 3.349 -8.084
5 24 2 0 -8.75 18.546 0 -8.75 18.659 3.349 -8.084 2 -3.349 -8.084
5 24 2 -3.349 -8.084 18.433 -3.349 -8.084 18.546 0 -8.75 2 -6.187 -6.187
4 16 19.5 28 -10 19.23 20 -10 1.5 20 -10 1.5 28 -10
4 16 1.5 20 -4 1.5 20 -10 19.23 20 -10 19.23 20 -4

3 28 7.21 6.74 -5.1891 6.6507 7.3994 -3.9997 7.45 7.05 -4.6298
3 28 7.21 6.74 -5.1891 7.45 7.05 -4.6298 8.15 6.95 -4.8102
4 28 10.9 6.74 -5.1891 7.21 6.74 -5.1891 8.15 6.95 -4.8102 9.95 7 -4.72
3 28 8.15 6.95 -4.8102 9 7 -4.72 9.95 7 -4.72
3 28 10.9 6.74 -5.1891 9.95 7 -4.72 10.8 6.8 -5.0809
4 15 10.9 6.74 -5.1891 10.8 6.8 -5.0809 15.2136 6.74 -5.1891 13.9 6.6 -5.4418
4 15 10.9 6.74 -5.1891 13.9 6.6 -5.4418 13.45 6.55 -5.532 11.3 6.5 -5.6222
4 28 8.05 6.55 -5.532 7.4 6.65 -5.3515 7.21 6.74 -5.1891 9 6.6 -5.4418
4 0 2.4385 7.399 -4 3.4333 7.399 -4 3.4022 6.187 -6.187 2.4073 6.187 -6.187
4 16 2.4385 7.399 -4 2.4073 6.187 -6.187 2 6.187 -6.187 2 7.399 -4
4 16 5 7.399 -4 5 6.187 -6.187 3.4022 6.187 -6.187 3.4333 7.399 -4
4 16 18.755 6.187 -6.187 17.7666 6.187 -6.187 17.8262 7.399 -4 18.804 7.399 -4
4 0 16.7731 7.399 -4 17.8262 7.399 -4 17.7666 6.187 -6.187 16.714 6.187 -6.187
3 16 15.0879 6.187 -6.187 15.2136 6.74 -5.1891 16.714 6.187 -6.187
3 28 6.091 6.187 -6.187 5.935 6.187 -6.187 6 6.2 -6.1635
4 28 11.0366 6.187 -6.187 10.5 6.5 -5.6222 11.3 6.5 -5.6222 11.6108 6.187 -6.187
4 28 13.5105 6.187 -6.187 13.45 6.55 -5.532 13.9 6.6 -5.4418 13.9393 6.187 -6.187
4 28 7.21 6.74 -5.1891 6.45 7.1 -4.5395 5.9268 7.399 -4 6.6507 7.3994 -3.9997
4 15 5 7.399 -4 5.9268 7.399 -4 5.935 6.187 -6.187 5 6.187 -6.187
4 15 6.45 7.1 -4.5395 6 6.2 -6.1635 5.935 6.187 -6.187 5.9268 7.399 -4
3 15 7.4 6.65 -5.3515 6.091 6.187 -6.187 7.21 6.74 -5.1891
4 15 6.45 7.1 -4.5395 7.21 6.74 -5.1891 6.091 6.187 -6.187 6 6.2 -6.1635
3 15 8.05 6.55 -5.532 6.091 6.187 -6.187 7.4 6.65 -5.3515
4 15 11.0366 6.187 -6.187 6.091 6.187 -6.187 8.05 6.55 -5.532 9 6.6 -5.4418
4 15 13.9 6.6 -5.4418 15.2136 6.74 -5.1891 15.0879 6.187 -6.187 13.9393 6.187 -6.187
4 15 13.45 6.55 -5.532 13.5105 6.187 -6.187 11.6108 6.187 -6.187 11.3 6.5 -5.6222
4 15 9 7 -4.72 8.15 6.95 -4.8102 7.45 7.05 -4.6298 6.6507 7.3994 -3.9997
4 15 9.8 6.65 -5.3515 10.5 6.5 -5.6222 11.0366 6.187 -6.187 9 6.6 -5.4418
4 28 11.3 6.5 -5.6222 10.5 6.5 -5.6222 9.8 6.65 -5.3515 10.9 6.74 -5.1891
4 28 10.9 6.74 -5.1891 9.8 6.65 -5.3515 9 6.6 -5.4418 7.21 6.74 -5.1891
3 28 5.9708 0 -8.75 5.04 0 -8.75 5 0.2 -8.7102
4 28 5 1.3 -8.4915 5.65 0.55 -8.6406 5.9708 0 -8.75 5 0.2 -8.7102
4 28 6 2.6 -8.233 5 2.55 -8.2429 5 2.95 -8.1633 6.4 3 -8.1534
4 28 6.65 2.55 -8.2429 6 2.6 -8.233 6.4 3 -8.1534 7.1 2.9 -8.1733
4 28 6.65 2.55 -8.2429 7.1 2.9 -8.1733 7.5 2.7 -8.2131 7.2 2.4 -8.2727
4 28 7.7 2.5 -8.2528 7.75 2.2 -8.3125 7.2 2.4 -8.2727 7.5 2.7 -8.2131
4 28 7.3 2.2 -8.3125 7.2 2.4 -8.2727 7.75 2.2 -8.3125 7.65 1.9 -8.3722
4 28 7.2 1.9 -8.3722 7.3 2.2 -8.3125 7.65 1.9 -8.3722 7.5 1.6 -8.4318
4 28 7.5 1.6 -8.4318 7.4 1.2 -8.5114 7 1.4 -8.4716 7.2 1.9 -8.3722
4 28 7.4 1.2 -8.5114 7.4 0.9 -8.571 7 0.9 -8.571 7 1.4 -8.4716
4 28 7.4 0.9 -8.571 7.6 0.45 -8.6605 7.1 0.5 -8.6506 7 0.9 -8.571
4 28 7.3 0 -8.75 7.1 0.5 -8.6506 7.6 0.45 -8.6605 7.8 0.15 -8.7202
4 28 9.3 3 -8.1534 9.5094 3.349 -8.084 9.8 3.15 -8.1236 9.5 2.7 -8.2131
4 28 8.9 2.6 -8.233 9.3 3 -8.1534 9.5 2.7 -8.2131 9 2.2 -8.3125
4 28 8.45 2.2 -8.3125 8.9 2.6 -8.233 9 2.2 -8.3125 8.7 1.9 -8.3722
4 28 8.15 1.6 -8.4318 8.45 2.2 -8.3125 8.7 1.9 -8.3722 8.55 1.6 -8.4318
4 28 8.55 1.6 -8.4318 8.6 1.2 -8.5114 8.2 1.2 -8.5114 8.15 1.6 -8.4318
4 28 8.6 1.2 -8.5114 8.9 0.9 -8.571 8.5 0.7 -8.6108 8.2 1.2 -8.5114
4 28 8.9 0.9 -8.571 9.4 0.7 -8.6108 9 0.4 -8.6705 8.5 0.7 -8.6108
4 28 10 0.3 -8.6903 9 0.4 -8.6705 9.4 0.7 -8.6108 10.5 0.6 -8.6307
4 28 10.6 0.2 -8.7102 10 0.3 -8.6903 10.5 0.6 -8.6307 11.2 0.35 -8.6804
4 28 13 0.8 -8.5909 12.85 0.4 -8.6705 12.45 0.7 -8.6108 12.4 1.1 -8.5312
4 28 12.4 1.1 -8.5312 12.45 0.7 -8.6108 11.5 0.85 -8.581 11.45 1.25 -8.5014
4 28 11.45 1.25 -8.5014 11.5 0.85 -8.581 10.6 1 -8.5511 10.6 1.4 -8.4716
4 28 10.6 1.4 -8.4716 10.6 1 -8.5511 9.9 1.2 -8.5114 10.25 1.55 -8.4418
4 28 10.25 1.55 -8.4418 9.9 1.2 -8.5114 9.7 1.45 -8.4616 10.1 1.7 -8.4119
4 28 10.1 1.7 -8.4119 9.7 1.45 -8.4616 9.6 1.75 -8.402 9.7 2 -8.3523
4 28 9.7 2 -8.3523 10.05 2.25 -8.3026 10.2 1.85 -8.3821 10.1 1.7 -8.4119
4 28 10.65 2.3 -8.2926 10.2 1.85 -8.3821 10.05 2.25 -8.3026 10.85 2.9 -8.1733
4 28 12.65 3.05 -8.1435 12 2.4 -8.2727 11.65 2.6 -8.233 12.4 3.3495 -8.0838
4 28 12 2.4 -8.2727 11.8 2.1 -8.3324 11.35 2.2 -8.3125 11.65 2.6 -8.233
3 28 11.2 1.9 -8.3722 11.35 2.2 -8.3125 11.8 2.1 -8.3324
4 28 11.8 1.95 -8.3622 11.35 1.7 -8.4119 11.2 1.9 -8.3722 11.8 2.1 -8.3324
4 28 11.8 1.95 -8.3622 12.2 1.55 -8.4418 11.65 1.6 -8.4318 11.35 1.7 -8.4119
4 28 12.2 1.55 -8.4418 11.8 1.95 -8.3622 12.1 1.9 -8.3722 12.9 1.6 -8.4318
4 28 12.9 1.6 -8.4318 12.1 1.9 -8.3722 12.85 1.95 -8.3622 13.6 1.55 -8.4418
4 28 13.6 1.55 -8.4418 12.85 1.95 -8.3622 13.7 1.9 -8.3722 14.45 1.35 -8.4815
3 28 14.45 1.35 -8.4815 13.7 1.9 -8.3722 14.475 1.75 -8.402
4 28 13.85 2.55 -8.2429 14.525 2.7 -8.2131 14.5 2.25 -8.3026 13.75 2.15 -8.3224
4 28 13.85 2.55 -8.2429 13.75 2.15 -8.3224 13.1 2.2 -8.3125 13.3 2.6 -8.233
4 28 12.8 2.35 -8.2827 12.7 2.55 -8.2429 13.3 2.6 -8.233 13.1 2.2 -8.3125
4 28 13.3 2.6 -8.233 12.7 2.55 -8.2429 12.8 2.8 -8.1932 13.05 3 -8.1534
4 28 13.55 2.85 -8.1832 13.3 2.6 -8.233 13.05 3 -8.1534 13.65 3.3494 -8.0839
3 28 13.55 2.85 -8.1832 13.65 3.3494 -8.0839 14.05 3.15 -8.1236
4 15 6 2.6 -8.233 6.65 2.55 -8.2429 5 1.3 -8.4915 5 2.55 -8.2429
4 15 7.2 2.4 -8.2727 7.3 2.2 -8.3125 5 1.3 -8.4915 6.65 2.55 -8.2429
4 15 7.2 1.9 -8.3722 7 1.4 -8.4716 5 1.3 -8.4915 7.3 2.2 -8.3125
4 15 7 1.4 -8.4716 7 0.9 -8.571 5.65 0.55 -8.6406 5 1.3 -8.4915
4 15 8.5 0.7 -8.6108 7.8 0.15 -8.7202 7.6 0.45 -8.6605 7.4 0.9 -8.571
3 15 8.2 1.2 -8.5114 8.5 0.7 -8.6108 7.4 0.9 -8.571
4 15 7.4 1.2 -8.5114 8.15 1.6 -8.4318 8.2 1.2 -8.5114 7.4 0.9 -8.571
4 15 8.15 1.6 -8.4318 7.4 1.2 -8.5114 7.5 1.6 -8.4318 7.65 1.9 -8.3722
4 15 8.45 2.2 -8.3125 8.15 1.6 -8.4318 7.65 1.9 -8.3722 7.75 2.2 -8.3125
4 15 8.45 2.2 -8.3125 7.75 2.2 -8.3125 7.7 2.5 -8.2528 8.9 2.6 -8.233
4 15 8.9 2.6 -8.233 7.7 2.5 -8.2528 8.0087 3.2389 -8.1059 8.2668 3.349 -8.084
4 15 7.45 3.168 -8.12 7.5 2.7 -8.2131 7.1 2.9 -8.1733 6.8913 3.2389 -8.1059
4 15 7.5 2.7 -8.2131 7.45 3.168 -8.12 8.0087 3.2389 -8.1059 7.7 2.5 -8.2528
4 15 9.8 3.15 -8.1236 9.9196 3.349 -8.084 10.85 2.9 -8.1733 10.05 2.25 -8.3026
3 15 9.8 3.15 -8.1236 10.05 2.25 -8.3026 9.5 2.7 -8.2131
4 15 9.5 2.7 -8.2131 10.05 2.25 -8.3026 9.7 2 -8.3523 9 2.2 -8.3125
3 15 9.7 2 -8.3523 9.6 1.75 -8.402 9 2.2 -8.3125
4 15 9 2.2 -8.3125 9.6 1.75 -8.402 9.7 1.45 -8.4616 8.7 1.9 -8.3722
3 15 8.7 1.9 -8.3722 9.7 1.45 -8.4616 8.55 1.6 -8.4318
4 15 8.6 1.2 -8.5114 8.55 1.6 -8.4318 9.7 1.45 -8.4616 8.9 0.9 -8.571
4 15 9.9 1.2 -8.5114 9.4 0.7 -8.6108 8.9 0.9 -8.571 9.7 1.45 -8.4616
4 15 10.5 0.6 -8.6307 9.4 0.7 -8.6108 9.9 1.2 -8.5114 10.6 1 -8.5511
4 15 11.2 0.35 -8.6804 10.5 0.6 -8.6307 10.6 1 -8.5511 11.5 0.85 -8.581
4 15 12.45 0.7 -8.6108 11.6 0 -8.75 11.2 0.35 -8.6804 11.5 0.85 -8.581
4 15 12.85 0.4 -8.6705 13.0727 0 -8.75 11.6 0 -8.75 12.45 0.7 -8.6108
4 15 11.2 1.9 -8.3722 10.1 1.7 -8.4119 10.2 1.85 -8.3821 10.65 2.3 -8.2926
4 15 11.65 1.6 -8.4318 10.6 1.4 -8.4716 10.25 1.55 -8.4418 11.35 1.7 -8.4119
4 15 10.1 1.7 -8.4119 11.2 1.9 -8.3722 11.35 1.7 -8.4119 10.25 1.55 -8.4418
3 15 12.2 1.55 -8.4418 12.4 1.1 -8.5312 11.65 1.6 -8.4318
4 15 10.6 1.4 -8.4716 11.65 1.6 -8.4318 12.4 1.1 -8.5312 11.45 1.25 -8.5014
4 15 12.4 1.1 -8.5312 12.2 1.55 -8.4418 12.9 1.6 -8.4318 13 0.8 -8.5909
4 15 13 0.8 -8.5909 12.9 1.6 -8.4318 13.6 1.55 -8.4418 13.4 0.4 -8.6705
4 15 14.45 1.35 -8.4815 14.4 0.2 -8.7102 13.4 0.4 -8.6705 13.6 1.55 -8.4418
4 15 13.4 0.4 -8.6705 14.4 0.2 -8.7102 14.3714 0 -8.75 13.6059 0 -8.75
4 15 11.35 2.2 -8.3125 11.2 1.9 -8.3722 10.65 2.3 -8.2926 11.35 2.85 -8.1832
3 15 11.65 2.6 -8.233 11.35 2.2 -8.3125 11.35 2.85 -8.1832
4 15 11.7492 3.349 -8.084 12.4 3.3495 -8.0838 11.65 2.6 -8.233 11.35 2.85 -8.1832
4 15 12.65 3.05 -8.1435 12.949 3.349 -8.084 13.05 3 -8.1534 12.8 2.8 -8.1932
4 15 12.65 3.05 -8.1435 12.8 2.8 -8.1932 12.7 2.55 -8.2429 12 2.4 -8.2727
4 15 12.8 2.35 -8.2827 12.1 1.9 -8.3722 12 2.4 -8.2727 12.7 2.55 -8.2429
4 15 11.8 2.1 -8.3324 12 2.4 -8.2727 12.1 1.9 -8.3722 11.8 1.95 -8.3622
4 15 12.85 1.95 -8.3622 12.1 1.9 -8.3722 12.8 2.35 -8.2827 13.1 2.2 -8.3125
4 15 13.7 1.9 -8.3722 12.85 1.95 -8.3622 13.1 2.2 -8.3125 13.75 2.15 -8.3224
4 15 14.475 1.75 -8.402 13.7 1.9 -8.3722 13.75 2.15 -8.3224 14.5 2.25 -8.3026
4 15 13.3 2.6 -8.233 13.55 2.85 -8.1832 14.525 2.7 -8.2131 13.85 2.55 -8.2429
4 15 14.5945 3.349 -8.084 14.525 2.7 -8.2131 13.55 2.85 -8.1832 14.05 3.15 -8.1236
3 15 14.5945 3.349 -8.084 14.05 3.15 -8.1236 14.4878 3.349 -8.084
4 16 17.6 2.8 -8.1932 18.659 3.349 -8.084 18.546 0 -8.75 17.4133 0 -8.75
3 16 2 0 -8.75 2.2 0.8 -8.5909 2.2 0 -8.75
4 0 2.2 0.8 -8.5909 3.2 1.1 -8.5312 3.2 0 -8.75 2.2 0 -8.75
4 0 17.4133 0 -8.75 16.5069 0 -8.75 16.6 2.7 -8.2131 17.6 2.8 -8.1932
3 28 8 0 -8.75 7.3 0 -8.75 7.8 0.15 -8.7202
4 28 10.9333 0 -8.75 10.6 0.2 -8.7102 11.2 0.35 -8.6804 11.6 0 -8.75
4 28 13.4 0.4 -8.6705 13.0727 0 -8.75 12.85 0.4 -8.6705 13 0.8 -8.5909
3 28 13.6059 0 -8.75 13.0727 0 -8.75 13.4 0.4 -8.6705
3 15 7.1 0.5 -8.6506 7.3 0 -8.75 5.9708 0 -8.75
4 15 5.65 0.55 -8.6406 7 0.9 -8.571 7.1 0.5 -8.6506 5.9708 0 -8.75
4 15 7.8 0.15 -8.7202 8.5 0.7 -8.6108 9 0.4 -8.6705 8 0 -8.75
4 15 8 0 -8.75 9 0.4 -8.6705 10 0.3 -8.6903 10.6 0.2 -8.7102
3 15 10.6 0.2 -8.7102 10.9333 0 -8.75 8 0 -8.75
4 15 5 3.349 -8.084 6.6005 3.3495 -8.0838 6.4 3 -8.1534 5 2.95 -8.1633
3 28 12.65 3.05 -8.1435 12.4 3.3495 -8.0838 12.949 3.349 -8.084
3 16 14.3714 0 -8.75 14.4 0.2 -8.7102 16.5069 0 -8.75
4 16 14.4 0.2 -8.7102 14.45 1.35 -8.4815 16.6 2.7 -8.2131 16.5069 0 -8.75
3 16 14.475 1.75 -8.402 16.6 2.7 -8.2131 14.45 1.35 -8.4815
4 16 3.2 1.1 -8.5312 3.29 3.349 -8.084 5 2.55 -8.2429 5 1.3 -8.4915
4 16 3.2 1.1 -8.5312 5 1.3 -8.4915 5 0.2 -8.7102 3.2 0 -8.75
3 16 3.2 0 -8.75 5 0.2 -8.7102 5.04 0 -8.75
4 0 3.2 1.1 -8.5312 2.2 0.8 -8.5909 2.2999 3.349 -8.084 3.29 3.349 -8.084
4 16 2.2 0.8 -8.5909 2 0 -8.75 2 3.349 -8.084 2.2999 3.349 -8.084
3 16 3.29 3.349 -8.084 5 2.95 -8.1633 5 2.55 -8.2429
3 16 3.29 3.349 -8.084 5 3.349 -8.084 5 2.95 -8.1633
4 15 6.8913 3.2389 -8.1059 7.1 2.9 -8.1733 6.4 3 -8.1534 6.6005 3.3495 -8.0838
4 15 9.3 3 -8.1534 8.9 2.6 -8.233 8.2668 3.349 -8.084 9.5094 3.349 -8.084
4 28 8.2668 3.349 -8.084 8.0087 3.2389 -8.1059 6.8913 3.2389 -8.1059 6.6005 3.3495 -8.0838
3 28 7.45 3.168 -8.12 6.8913 3.2389 -8.1059 8.0087 3.2389 -8.1059
3 28 9.8 3.15 -8.1236 9.5094 3.349 -8.084 9.9196 3.349 -8.084
3 28 10.85 2.9 -8.1733 11.267 3.349 -8.084 11.7492 3.349 -8.084
4 28 10.65 2.3 -8.2926 10.85 2.9 -8.1733 11.7492 3.349 -8.084 11.35 2.85 -8.1832
3 15 11.267 3.349 -8.084 10.85 2.9 -8.1733 9.9196 3.349 -8.084
3 15 13.65 3.3494 -8.0839 13.05 3 -8.1534 12.949 3.349 -8.084
3 28 14.05 3.15 -8.1236 13.65 3.3494 -8.0839 14.4878 3.349 -8.084
4 16 16.6 2.7 -8.2131 14.525 2.7 -8.2131 14.5945 3.349 -8.084 16.6203 3.349 -8.084
3 16 17.627 3.349 -8.084 18.659 3.349 -8.084 17.6 2.8 -8.1932
4 0 16.6203 3.349 -8.084 17.627 3.349 -8.084 17.6 2.8 -8.1932 16.6 2.7 -8.2131
4 16 14.475 1.75 -8.402 14.5 2.25 -8.3026 14.525 2.7 -8.2131 16.6 2.7 -8.2131
4 0 3.6 -3.2 -8.1136 2.4851 -3.349 -8.084 2.4 -3.2 -8.1136 3.4 -3 -8.1534
4 0 2.2 -2.1 -8.3324 3.2 -1.7 -8.4119 3.4 -3 -8.1534 2.4 -3.2 -8.1136
3 28 7 -0.9 -8.571 6 -0.9 -8.571 6.4 -0.5 -8.6506
4 28 5.6 -0.8 -8.5909 5.9708 0 -8.75 6.4 -0.5 -8.6506 6 -0.9 -8.571
4 28 8.7 -0.9 -8.571 8.35 -0.6 -8.6307 8 0 -8.75 8.5 -0.25 -8.7003
4 28 7.3 0 -8.75 8 0 -8.75 8.35 -0.6 -8.6307 7.8 -0.4 -8.6705
4 28 9.4 -0.9 -8.571 8.7 -0.9 -8.571 8.5 -0.25 -8.7003 8.95 -0.5 -8.6506
4 28 11.9 -0.9 -8.571 11.4 -0.5 -8.6506 11.1 -0.1 -8.7301 11.8 -0.4 -8.6705
4 28 10.9333 0 -8.75 11.6 0 -8.75 11.8 -0.4 -8.6705 11.1 -0.1 -8.7301
3 28 11.9 -0.9 -8.571 11.5 -0.9 -8.571 11.4 -0.5 -8.6506
3 28 13.35 -0.9 -8.571 13.95 -0.65 -8.6207 13.75 -0.85 -8.581
4 28 13.2 -0.2 -8.7102 13.6059 0 -8.75 13.95 -0.65 -8.6207 13.35 -0.9 -8.571
4 15 8.7 -0.9 -8.571 7 -0.9 -8.571 6.4 -0.5 -8.6506 7.8 -0.4 -8.6705
4 15 5.9708 0 -8.75 7.3 0 -8.75 7.8 -0.4 -8.6705 6.4 -0.5 -8.6506
3 15 8.35 -0.6 -8.6307 8.7 -0.9 -8.571 7.8 -0.4 -8.6705
4 15 9.4 -0.9 -8.571 8.95 -0.5 -8.6506 11.4 -0.5 -8.6506 11.5 -0.9 -8.571
4 15 11.6 0 -8.75 13.0727 0 -8.75 13.2 -0.2 -8.7102 11.8 -0.4 -8.6705
4 15 13.35 -0.9 -8.571 11.9 -0.9 -8.571 11.8 -0.4 -8.6705 13.2 -0.2 -8.7102
3 15 14.2 -0.4 -8.6705 13.95 -0.65 -8.6207 14.35 -0.15 -8.7202
4 16 2.2 -2.1 -8.3324 2 -3.349 -8.084 2 0 -8.75 2.2 0 -8.75
4 0 17.3 -2.4 -8.2727 17.1958 -3.349 -8.084 16.3 -3.1 -8.1335 16.4 -2.7 -8.2131
4 0 2.2 0 -8.75 3.2 0 -8.75 3.2 -1.7 -8.4119 2.2 -2.1 -8.3324
4 0 17.4133 0 -8.75 17.3 -2.4 -8.2727 16.4 -2.7 -8.2131 16.5069 0 -8.75
3 16 17.4133 0 -8.75 18.546 0 -8.75 17.3 -2.4 -8.2727
3 28 5.1 -0.3 -8.6903 5.04 0 -8.75 5.9708 0 -8.75
4 28 5.9708 0 -8.75 5.6 -0.8 -8.5909 5.3 -0.6 -8.6307 5.1 -0.3 -8.6903
3 28 13.2 -0.2 -8.7102 13.0727 0 -8.75 13.6059 0 -8.75
4 15 11.1 -0.1 -8.7301 8.5 -0.25 -8.7003 8 0 -8.75 10.9333 0 -8.75
4 15 11.4 -0.5 -8.6506 8.95 -0.5 -8.6506 8.5 -0.25 -8.7003 11.1 -0.1 -8.7301
4 15 13.95 -0.65 -8.6207 13.6059 0 -8.75 14.3714 0 -8.75 14.35 -0.15 -8.7202
4 16 5.1 -0.3 -8.6903 3.2 -1.7 -8.4119 3.2 0 -8.75 5.04 0 -8.75
4 16 5.3 -0.6 -8.6307 3.4 -3 -8.1534 3.2 -1.7 -8.4119 5.1 -0.3 -8.6903
4 16 11.9 -0.9 -8.571 13.35 -0.9 -8.571 14.4 -3.3 -8.0937 11.8643 -3.349 -8.084
4 16 13.35 -0.9 -8.571 13.75 -0.85 -8.581 15.9 -3.3 -8.0937 14.4 -3.3 -8.0937
3 16 16.4 -2.7 -8.2131 16.3 -3.1 -8.1335 15.9 -3.3 -8.0937
4 16 13.75 -0.85 -8.581 13.95 -0.65 -8.6207 16.4 -2.7 -8.2131 15.9 -3.3 -8.0937
4 16 13.95 -0.65 -8.6207 14.2 -0.4 -8.6705 16.5069 0 -8.75 16.4 -2.7 -8.2131
3 16 14.35 -0.15 -8.7202 16.5069 0 -8.75 14.2 -0.4 -8.6705
3 16 14.3714 0 -8.75 16.5069 0 -8.75 14.35 -0.15 -8.7202
3 0 2.4851 -3.349 -8.084 3.6 -3.2 -8.1136 3.9017 -3.349 -8.084
3 16 2 -3.349 -8.084 2.4 -3.2 -8.1136 2.4851 -3.349 -8.084
3 16 2.2 -2.1 -8.3324 2.4 -3.2 -8.1136 2 -3.349 -8.084
4 16 11.8643 -3.349 -8.084 3.9017 -3.349 -8.084 6 -0.9 -8.571 7 -0.9 -8.571
3 16 7 -0.9 -8.571 8.7 -0.9 -8.571 11.8643 -3.349 -8.084
3 16 8.7 -0.9 -8.571 9.4 -0.9 -8.571 11.8643 -3.349 -8.084
3 16 9.4 -0.9 -8.571 11.5 -0.9 -8.571 11.8643 -3.349 -8.084
3 16 11.5 -0.9 -8.571 11.9 -0.9 -8.571 11.8643 -3.349 -8.084
4 16 6 -0.9 -8.571 3.9017 -3.349 -8.084 3.6 -3.2 -8.1136 5.6 -0.8 -8.5909
4 16 5.3 -0.6 -8.6307 5.6 -0.8 -8.5909 3.6 -3.2 -8.1136 3.4 -3 -8.1534
4 0 15.9 -3.3 -8.0937 17.1958 -3.349 -8.084 11.8643 -3.349 -8.084 14.4 -3.3 -8.0937
3 0 15.9 -3.3 -8.0937 16.3 -3.1 -8.1335 17.1958 -3.349 -8.084
4 16 18.433 -3.349 -8.084 17.1958 -3.349 -8.084 17.3 -2.4 -8.2727 18.546 0 -8.75
4 0 7.7 -4.4 -7.3815 3.9 -4.4 -7.3815 4.194 -3.42 -8.0365 8.19 -3.42 -8.0365
4 0 4.194 -3.42 -8.0365 3.9 -4.4 -7.3815 3.2 -4.2 -7.5152 2.8 -3.9 -7.7157
4 0 14.4 -4.3 -7.4483 7.7 -4.4 -7.3815 8.19 -3.42 -8.0365 11.8643 -3.349 -8.084
4 16 2.4851 -3.349 -8.084 2.8 -3.9 -7.7157 2 -6.187 -6.187 2 -3.349 -8.084
3 16 2.8 -3.9 -7.7157 3.2 -4.2 -7.5152 2 -6.187 -6.187
3 16 3.2 -4.2 -7.5152 3.9 -4.4 -7.3815 2 -6.187 -6.187
4 16 2 -6.187 -6.187 3.9 -4.4 -7.3815 7.7 -4.4 -7.3815 18.337 -6.187 -6.187
3 16 7.7 -4.4 -7.3815 14.4 -4.3 -7.4483 18.337 -6.187 -6.187
3 16 17.1958 -3.349 -8.084 18.433 -3.349 -8.084 17.188 -3.42 -8.0365
3 16 17.188 -3.42 -8.0365 18.433 -3.349 -8.084 16.9 -3.9 -7.7157
4 16 16.3 -4.15 -7.5486 16.9 -3.9 -7.7157 18.433 -3.349 -8.084 18.337 -6.187 -6.187
4 0 3.9017 -3.349 -8.084 4.194 -3.42 -8.0365 2.8 -3.9 -7.7157 2.4851 -3.349 -8.084
4 16 3.9017 -3.349 -8.084 11.8643 -3.349 -8.084 8.19 -3.42 -8.0365 4.194 -3.42 -8.0365
3 0 11.8643 -3.349 -8.084 17.1958 -3.349 -8.084 17.188 -3.42 -8.0365
3 0 17.188 -3.42 -8.0365 16.9 -3.9 -7.7157 16.3 -4.15 -7.5486
4 0 17.188 -3.42 -8.0365 16.3 -4.15 -7.5486 14.4 -4.3 -7.4483 11.8643 -3.349 -8.084
3 16 14.4 -4.3 -7.4483 16.3 -4.15 -7.5486 18.337 -6.187 -6.187
4 28 5.5 5.7 -6.5125 5 5.5 -6.6462 5 5.9 -6.3788 5.5 6.1 -6.2452
4 28 5.5 6.1 -6.2452 5.935 6.187 -6.187 5.9 5.8 -6.4457 5.5 5.7 -6.5125
4 28 7 5.6 -6.5794 6.5 5.8 -6.4457 6.7 6.1 -6.2452 7.25 5.9 -6.3788
4 28 7.25 5.9 -6.3788 7.95 5.8 -6.4457 7.5 5.5 -6.6462 7 5.6 -6.5794
4 28 8.35 5.4 -6.7131 7.5 5.5 -6.6462 7.95 5.8 -6.4457 8.65 5.7 -6.5125
4 28 9 5.2 -6.8467 8.35 5.4 -6.7131 8.65 5.7 -6.5125 9.25 5.5 -6.6462
4 28 9.4 4.9 -7.0473 9 5.2 -6.8467 9.25 5.5 -6.6462 9.85 5 -6.9804
4 28 9.7 4.4 -7.3815 9.4 4.9 -7.0473 9.85 5 -6.9804 10.1 4.4 -7.3815
4 28 9.7 4 -7.6489 9.7 4.4 -7.3815 10.1 4.4 -7.3815 10.1 3.8 -7.7825
4 28 9.6 3.5 -7.9831 9.7 4 -7.6489 10.1 3.8 -7.7825 9.9196 3.349 -8.084
4 28 8.201 3.6206 -7.9025 8.4312 3.8406 -7.7554 8.91 4.1 -7.582 8.7989 3.7433 -7.8204
3 28 8.4312 3.8406 -7.7554 8.5121 4.1 -7.582 8.91 4.1 -7.582
4 28 8.4312 4.3594 -7.4086 8.7989 4.4567 -7.3436 8.91 4.1 -7.582 8.5121 4.1 -7.582
4 28 8.201 4.5794 -7.2616 8.4824 4.759 -7.1415 8.7989 4.4567 -7.3436 8.4312 4.3594 -7.4086
4 28 7.8564 4.7264 -7.1633 8.0087 4.9611 -7.0064 8.4824 4.759 -7.1415 8.201 4.5794 -7.2616
4 28 7.45 4.778 -7.1288 7.45 5.032 -6.959 8.0087 4.9611 -7.0064 7.8564 4.7264 -7.1633
4 28 7.0436 4.7264 -7.1633 6.8913 4.9611 -7.0064 7.45 5.032 -6.959 7.45 4.778 -7.1288
4 28 6.8913 4.9611 -7.0064 7.0436 4.7264 -7.1633 6.699 4.5794 -7.2616 6.4176 4.759 -7.1415
4 28 6.4176 4.759 -7.1415 6.699 4.5794 -7.2616 6.4688 4.3594 -7.4086 6.1011 4.4567 -7.3436
4 28 6.1011 4.4567 -7.3436 6.4688 4.3594 -7.4086 6.3879 4.1 -7.582 5.99 4.1 -7.582
4 28 5.99 4.1 -7.582 6.3879 4.1 -7.582 6.4688 3.8406 -7.7554 6.1011 3.7433 -7.8204
4 28 6.1011 3.7433 -7.8204 6.4688 3.8406 -7.7554 6.699 3.6206 -7.9025 6.4176 3.441 -8.0225
4 28 7.0436 3.4736 -8.0007 6.6005 3.3495 -8.0838 6.4176 3.441 -8.0225 6.699 3.6206 -7.9025
4 28 7.8564 3.4736 -8.0007 8.201 3.6206 -7.9025 8.7989 3.7433 -7.8204 8.4824 3.441 -8.0225
4 28 11.75 4.3 -7.4483 12.2 4.4 -7.3815 11.95 3.7 -7.8494 11.5 3.7 -7.8494
4 28 11.75 4.95 -7.0138 12.15 5.15 -6.8802 12.2 4.4 -7.3815 11.75 4.3 -7.4483
4 28 12.15 5.15 -6.8802 11.75 4.95 -7.0138 11.5 5.6 -6.5794 11.85 5.85 -6.4123
4 28 14 5.55 -6.6128 13.85 4.65 -7.2144 13.5 4.9 -7.0473 13.6 5.65 -6.5459
4 28 13.85 4.65 -7.2144 13.4 3.8 -7.7825 13.1 4.1 -7.582 13.5 4.9 -7.0473
4 15 6.699 3.6206 -7.9025 6.4688 3.8406 -7.7554 7.45 4.1 -7.582 7.0436 3.4736 -8.0007
4 15 7.45 4.1 -7.582 7.8564 3.4736 -8.0007 7.4438 3.42 -8.0365 7.0436 3.4736 -8.0007
3 15 8.201 3.6206 -7.9025 7.8564 3.4736 -8.0007 8.4312 3.8406 -7.7554
4 15 7.8564 3.4736 -8.0007 7.45 4.1 -7.582 8.5121 4.1 -7.582 8.4312 3.8406 -7.7554
4 15 7.45 4.1 -7.582 8.201 4.5794 -7.2616 8.4312 4.3594 -7.4086 8.5121 4.1 -7.582
4 15 7.8564 4.7264 -7.1633 8.201 4.5794 -7.2616 7.45 4.1 -7.582 7.45 4.778 -7.1288
3 15 7.45 4.778 -7.1288 6.699 4.5794 -7.2616 7.0436 4.7264 -7.1633
4 15 6.4688 4.3594 -7.4086 6.699 4.5794 -7.2616 7.45 4.778 -7.1288 7.45 4.1 -7.582
4 15 6.3879 4.1 -7.582 6.4688 4.3594 -7.4086 7.45 4.1 -7.582 6.4688 3.8406 -7.7554
4 15 6.4176 4.759 -7.1415 6.1011 4.4567 -7.3436 5 5.5 -6.6462 5.5 5.7 -6.5125
4 15 6.8913 4.9611 -7.0064 6.4176 4.759 -7.1415 5.5 5.7 -6.5125 5.9 5.8 -6.4457
4 15 5.9 5.8 -6.4457 6.5 5.8 -6.4457 7.45 5.032 -6.959 6.8913 4.9611 -7.0064
4 15 6.5 5.8 -6.4457 7 5.6 -6.5794 8.0087 4.9611 -7.0064 7.45 5.032 -6.959
4 15 9.4 4.9 -7.0473 8.4824 4.759 -7.1415 7.5 5.5 -6.6462 8.35 5.4 -6.7131
4 15 7 5.6 -6.5794 7.5 5.5 -6.6462 8.4824 4.759 -7.1415 8.0087 4.9611 -7.0064
3 15 9 5.2 -6.8467 9.4 4.9 -7.0473 8.35 5.4 -6.7131
4 15 8.7989 4.4567 -7.3436 8.4824 4.759 -7.1415 9.4 4.9 -7.0473 9.7 4.4 -7.3815
4 15 8.91 4.1 -7.582 8.7989 4.4567 -7.3436 9.7 4.4 -7.3815 9.7 4 -7.6489
4 15 8.7989 3.7433 -7.8204 8.91 4.1 -7.582 9.7 4 -7.6489 9.6 3.5 -7.9831
3 15 5.5 6.1 -6.2452 5 5.9 -6.3788 5 6.187 -6.187
4 15 11.75 4.95 -7.0138 9.85 5 -6.9804 9.25 5.5 -6.6462 11.5 5.6 -6.5794
3 15 11.75 4.95 -7.0138 10.1 4.4 -7.3815 9.85 5 -6.9804
3 15 11.75 4.3 -7.4483 11.5 3.7 -7.8494 11.75 4.95 -7.0138
4 15 10.1 3.8 -7.7825 10.1 4.4 -7.3815 11.75 4.95 -7.0138 11.5 3.7 -7.8494
4 15 12.15 5.15 -6.8802 13.5 4.9 -7.0473 13.1 4.1 -7.582 12.2 4.4 -7.3815
3 15 13.6 5.65 -6.5459 13.5 4.9 -7.0473 12.15 5.15 -6.8802
4 15 11.85 5.85 -6.4123 13.5105 6.187 -6.187 13.6 5.65 -6.5459 12.15 5.15 -6.8802
4 15 13.9393 6.187 -6.187 15.0879 6.187 -6.187 15 5.8 -6.4457 14 5.55 -6.6128
4 15 13.85 4.65 -7.2144 14 5.55 -6.6128 15 5.8 -6.4457 14.65 3.85 -7.7491
4 15 13.85 4.65 -7.2144 14.65 3.85 -7.7491 14.3 3.7 -7.8494 13.4 3.8 -7.7825
3 15 14.3 3.7 -7.8494 13.76 3.42 -8.0365 13.4 3.8 -7.7825
3 15 14.6 3.4 -8.0499 14.5945 3.349 -8.084 14.4878 3.349 -8.084
4 16 2 3.349 -8.084 2 6.187 -6.187 2.4 5.9 -6.3788 2.2999 3.349 -8.084
4 0 2.4 5.9 -6.3788 3.4022 6.187 -6.187 3.29 3.349 -8.084 2.2999 3.349 -8.084
3 0 2.4073 6.187 -6.187 3.4022 6.187 -6.187 2.4 5.9 -6.3788
3 16 2 6.187 -6.187 2.4073 6.187 -6.187 2.4 5.9 -6.3788
3 16 3.4022 6.187 -6.187 5 6.187 -6.187 5 5.9 -6.3788
3 16 3.4022 6.187 -6.187 5 5.9 -6.3788 5 5.5 -6.6462
4 16 5 5.5 -6.6462 5 3.349 -8.084 3.29 3.349 -8.084 3.4022 6.187 -6.187
4 16 18.659 3.349 -8.084 17.627 3.349 -8.084 17.7666 6.187 -6.187 18.755 6.187 -6.187
4 0 16.714 6.187 -6.187 17.7666 6.187 -6.187 17.627 3.349 -8.084 16.6203 3.349 -8.084
4 16 15 5.8 -6.4457 15.0879 6.187 -6.187 16.714 6.187 -6.187 16.6203 3.349 -8.084
3 16 14.5945 3.349 -8.084 14.6 3.4 -8.0499 16.6203 3.349 -8.084
4 16 16.6203 3.349 -8.084 14.6 3.4 -8.0499 14.65 3.85 -7.7491 15 5.8 -6.4457
4 28 14.4878 3.349 -8.084 13.65 3.3494 -8.0839 13.76 3.42 -8.0365 14.6 3.4 -8.0499
4 28 14.3 3.7 -7.8494 14.65 3.85 -7.7491 14.6 3.4 -8.0499 13.76 3.42 -8.0365
4 28 13.4 3.8 -7.7825 12.949 3.349 -8.084 12.4 3.3495 -8.0838 13.1 4.1 -7.582
4 28 11.7492 3.349 -8.084 11.267 3.349 -8.084 11.5 3.7 -7.8494 11.95 3.7 -7.8494
3 28 9.9196 3.349 -8.084 9.5094 3.349 -8.084 9.6 3.5 -7.9831
4 28 7.4438 3.42 -8.0365 7.8564 3.4736 -8.0007 8.4824 3.441 -8.0225 8.2668 3.349 -8.084
3 28 6.6005 3.3495 -8.0838 7.0436 3.4736 -8.0007 7.4438 3.42 -8.0365
3 28 8.2668 3.349 -8.084 6.6005 3.3495 -8.0838 7.4438 3.42 -8.0365
3 15 6.6005 3.3495 -8.0838 5 3.349 -8.084 6.4176 3.441 -8.0225
3 15 6.4176 3.441 -8.0225 5 3.349 -8.084 6.1011 3.7433 -7.8204
3 15 6.1011 3.7433 -7.8204 5 3.349 -8.084 5.99 4.1 -7.582
4 15 5 5.5 -6.6462 6.1011 4.4567 -7.3436 5.99 4.1 -7.582 5 3.349 -8.084
4 15 8.2668 3.349 -8.084 8.4824 3.441 -8.0225 9.6 3.5 -7.9831 9.5094 3.349 -8.084
3 15 9.6 3.5 -7.9831 8.4824 3.441 -8.0225 8.7989 3.7433 -7.8204
4 15 11.5 3.7 -7.8494 11.267 3.349 -8.084 9.9196 3.349 -8.084 10.1 3.8 -7.7825
3 15 12.4 3.3495 -8.0838 11.7492 3.349 -8.084 11.95 3.7 -7.8494
4 15 13.1 4.1 -7.582 12.4 3.3495 -8.0838 11.95 3.7 -7.8494 12.2 4.4 -7.3815
4 15 13.4 3.8 -7.7825 13.76 3.42 -8.0365 13.65 3.3494 -8.0839 12.949 3.349 -8.084
4 28 6.7 6.1 -6.2452 6.5 5.8 -6.4457 5.935 6.187 -6.187 6.091 6.187 -6.187
3 28 6.5 5.8 -6.4457 5.9 5.8 -6.4457 5.935 6.187 -6.187
3 28 11.25 6 -6.312 11.0366 6.187 -6.187 11.6108 6.187 -6.187
4 28 11.25 6 -6.312 11.6108 6.187 -6.187 11.85 5.85 -6.4123 11.5 5.6 -6.5794
4 28 13.6 5.65 -6.5459 13.5105 6.187 -6.187 13.9393 6.187 -6.187 14 5.55 -6.6128
3 15 5.935 6.187 -6.187 5.5 6.1 -6.2452 5 6.187 -6.187
4 15 11.0366 6.187 -6.187 11.25 6 -6.312 6.7 6.1 -6.2452 6.091 6.187 -6.187
4 15 7.25 5.9 -6.3788 6.7 6.1 -6.2452 11.25 6 -6.312 7.95 5.8 -6.4457
3 15 11.25 6 -6.312 8.65 5.7 -6.5125 7.95 5.8 -6.4457
4 15 11.5 5.6 -6.5794 9.25 5.5 -6.6462 8.65 5.7 -6.5125 11.25 6 -6.312
3 15 13.5105 6.187 -6.187 11.85 5.85 -6.4123 11.6108 6.187 -6.187
4 0 3.5 10 -4 2.5 9.8 -4 2.6 12.3 -4 3.6 12.4 -4
4 0 2.6 12.3 -4 2.8 13.1 -4 3.8 12.8 -4 3.6 12.4 -4
4 0 2.8 13.1 -4 3.1 13.5 -4 4.2 13 -4 3.8 12.8 -4
4 0 5.1 13.1 -4 4.2 13 -4 3.1 13.5 -4 3.8 13.9 -4
3 0 4.6 14 -4 10.3 14.1 -4 10.6 13.1 -4
4 0 3.8 13.9 -4 4.6 14 -4 10.6 13.1 -4 5.1 13.1 -4
4 0 10.6 13.1 -4 10.3 14.1 -4 15.9 13.9 -4 16.5 12.9 -4
4 0 16.5 12.9 -4 15.9 13.9 -4 17.1 13.7 -4 16.9 12.7 -4
4 0 16.9 12.7 -4 17.1 13.7 -4 17.5 13.5 -4 17.9 13.1 -4
4 0 18 12.7 -4 17 12.4 -4 16.9 12.7 -4 17.9 13.1 -4
4 0 17.9 8.9 -4 16.9 10 -4 18 12.7 -4 18 12 -4
3 0 17 12.4 -4 18 12.7 -4 16.9 10 -4
3 28 8.25 9.3 -4 7.65 10.2 -4 8 9.9 -4
4 28 6.95 10.2 -4 7.65 10.2 -4 8.25 9.3 -4 7.5 9.7 -4
4 28 8.55 9.7 -4 9.25 9.15 -4 8.25 9.3 -4 8 9.9 -4
4 28 9.25 9.15 -4 8.55 9.7 -4 9.4 9.55 -4 10.35 9 -4
4 28 10.35 9 -4 9.4 9.55 -4 10.5 9.4 -4 11.15 8.8 -4
4 28 11.4 9.15 -4 11.95 8.6 -4 11.15 8.8 -4 10.5 9.4 -4
3 28 12.55 8.5 -4 11.95 8.6 -4 11.4 9.15 -4
4 28 11.4 9.15 -4 12.2 8.9 -4 12.65 8.7 -4 12.55 8.5 -4
4 15 5 8.4 -4 5 9.6 -4 6.95 10.2 -4 7.5 9.7 -4
4 15 5.15 9.95 -4 5.5 10.15 -4 6.95 10.2 -4 5 9.6 -4
4 15 8 9.9 -4 7.65 10.2 -4 11.8 10.2 -4 8.55 9.7 -4
4 15 11.8 10.2 -4 10.5 9.4 -4 9.4 9.55 -4 8.55 9.7 -4
3 15 11.8 10.2 -4 11.4 9.15 -4 10.5 9.4 -4
3 15 11.8 10.2 -4 12.2 8.9 -4 11.4 9.15 -4
4 15 12.65 8.7 -4 12.2 8.9 -4 11.8 10.2 -4 13.5 9.55 -4
4 15 14.9 10.05 -4 15.15 9.8 -4 13.5 9.55 -4 11.8 10.2 -4
4 15 13.5 9.55 -4 15.15 9.8 -4 15.3 9.3 -4 15.35 7.85 -4
3 16 17.9 8.9 -4 18 12 -4 18.804 7.399 -4
4 16 18 12 -4 18 12.7 -4 19.23 20 -4 18.804 7.399 -4
3 16 1.5 20 -4 2.8 13.1 -4 2.6 12.3 -4
3 16 1.5 20 -4 3.1 13.5 -4 2.8 13.1 -4
3 16 1.5 20 -4 3.8 13.9 -4 3.1 13.5 -4
3 16 1.5 20 -4 4.6 14 -4 3.8 13.9 -4
4 16 10.3 14.1 -4 4.6 14 -4 1.5 20 -4 19.23 20 -4
3 16 10.3 14.1 -4 19.23 20 -4 15.9 13.9 -4
3 16 15.9 13.9 -4 19.23 20 -4 17.1 13.7 -4
3 16 17.1 13.7 -4 19.23 20 -4 17.5 13.5 -4
3 16 17.5 13.5 -4 19.23 20 -4 17.9 13.1 -4
3 16 17.9 13.1 -4 19.23 20 -4 18 12.7 -4
4 15 6.6507 7.3994 -3.9997 6 7.8 -4 8.25 9.3 -4 9.25 9.15 -4
4 16 16.7731 7.399 -4 15.35 7.85 -4 15.3 9.3 -4 16.9 10 -4
3 16 15.15 9.8 -4 16.9 10 -4 15.3 9.3 -4
3 16 16.9 12.7 -4 17 12.4 -4 16.9 10 -4
4 16 15.15 9.8 -4 14.9 10.05 -4 16.9 12.7 -4 16.9 10 -4
3 16 11.8 10.2 -4 16.9 12.7 -4 14.9 10.05 -4
4 16 6.95 10.2 -4 10.6 13.1 -4 16.5 12.9 -4 7.65 10.2 -4
4 16 16.9 12.7 -4 11.8 10.2 -4 7.65 10.2 -4 16.5 12.9 -4
3 16 5.1 13.1 -4 10.6 13.1 -4 6.95 10.2 -4
4 16 5.1 13.1 -4 6.95 10.2 -4 5.5 10.15 -4 4.2 13 -4
4 16 5.5 10.15 -4 5.15 9.95 -4 3.8 12.8 -4 4.2 13 -4
4 16 3.8 12.8 -4 5.15 9.95 -4 5 9.6 -4 3.6 12.4 -4
4 16 5 8.4 -4 3.5 10 -4 3.6 12.4 -4 5 9.6 -4
4 16 1.5 20 -4 2.6 12.3 -4 2.5 9.8 -4 1.5 7.657 -4
4 16 3.4333 7.399 -4 3.5 10 -4 5 8.4 -4 5 7.9 -4
3 4 14.25 7.6 -4 12.65 7.6 -4 13.5 9.55 -4
4 15 12.65 8.7 -4 13.5 9.55 -4 12.65 7.6 -4 12.55 8.5 -4
4 15 7.5 9.7 -4 8.25 9.3 -4 6 7.8 -4 5 8.4 -4
3 16 1.5 7.657 -4 2.5 9.8 -4 2 7.657 -4
3 15 5 7.399 -4 5 7.9 -4 5.9268 7.399 -4
4 28 5.9268 7.399 -4 5 7.9 -4 5 8.4 -4 6 7.8 -4
3 28 5.9268 7.399 -4 6 7.8 -4 6.6507 7.3994 -3.9997
4 16 16.7731 7.399 -4 16.714 6.187 -6.187 15.2136 6.74 -5.1891 15.3025 7.399 -4
3 16 15.3025 7.399 -4 15.35 7.85 -4 16.7731 7.399 -4
3 16 18.804 7.399 -4 17.8262 7.399 -4 17.9 8.9 -4
4 0 17.8262 7.399 -4 16.7731 7.399 -4 16.9 10 -4 17.9 8.9 -4
4 15 13.5 9.55 -4 15.35 7.85 -4 15.3025 7.399 -4 14.25 7.6 -4
4 15 12.55 8.5 -4 12.65 7.6 -4 6.6507 7.3994 -3.9997 11.95 8.6 -4
3 15 11.95 8.6 -4 6.6507 7.3994 -3.9997 11.15 8.8 -4
4 15 11.15 8.8 -4 6.6507 7.3994 -3.9997 9.25 9.15 -4 10.35 9 -4
4 15 15.2136 6.74 -5.1891 10.8 6.8 -5.0809 9.95 7 -4.72 15.3025 7.399 -4
4 15 9 7 -4.72 6.6507 7.3994 -3.9997 15.3025 7.399 -4 9.95 7 -4.72
4 15 6.6507 7.3994 -3.9997 12.65 7.6 -4 14.25 7.6 -4 15.3025 7.399 -4
3 16 5 7.399 -4 3.4333 7.399 -4 5 7.9 -4
4 16 2 7.399 -4 2 7.657 -4 2.5 9.8 -4 2.4385 7.399 -4
4 0 3.4333 7.399 -4 2.4385 7.399 -4 2.5 9.8 -4 3.5 10 -4
