0 FILE 39793.dat
0 Technic, Pin Connector Block, Liftarm 1 x 3 x 3 
0 Name:  39793.dat
0 Author:  
0 BFC CERTIFY CCW
1 16 10.0000 -10.0000 0.0000 0.0000 0.0000 -1.0000 0.0000 8.0000 0.0000 1.0000 0.0000 0.0000 npeghole.dat
1 16 0.0000 -10.0000 10.0000 -1.0000 0.0000 0.0000 0.0000 8.0000 0.0000 0.0000 0.0000 -1.0000 npeghole.dat
1 16 0.0000 0.0000 0.0000 1.0000 0.0000 0.0000 0.0000 1.0000 0.0000 0.0000 0.0000 1.0000 connhole.dat
1 16 20.0000 0.0000 0.0000 1.0000 0.0000 0.0000 0.0000 1.0000 0.0000 0.0000 0.0000 1.0000 connhole.dat
1 16 0.0000 0.0000 20.0000 1.0000 0.0000 0.0000 0.0000 1.0000 0.0000 0.0000 0.0000 1.0000 connhole.dat
1 16 10.0000 10.0000 0.0000 0.0000 0.0000 -1.0000 0.0000 -8.0000 0.0000 1.0000 0.0000 0.0000 npeghole.dat
1 16 0.0000 10.0000 10.0000 -1.0000 0.0000 0.0000 0.0000 -8.0000 0.0000 0.0000 0.0000 -1.0000 npeghole.dat
1 16 0.0000 -10.0000 -10.0000 -1.0000 0.0000 0.0000 0.0000 8.0000 0.0000 0.0000 0.0000 -1.0000 npeghole.dat
1 16 0.0000 10.0000 -10.0000 -1.0000 0.0000 0.0000 0.0000 -8.0000 0.0000 0.0000 0.0000 -1.0000 npeghole.dat
1 16 0.0000 0.0000 -20.0000 1.0000 0.0000 0.0000 0.0000 1.0000 0.0000 0.0000 0.0000 1.0000 connhole.dat
1 16 -10.0000 -10.0000 0.0000 0.0000 0.0000 -1.0000 0.0000 8.0000 0.0000 1.0000 0.0000 0.0000 npeghole.dat
1 16 -10.0000 10.0000 0.0000 0.0000 0.0000 -1.0000 0.0000 -8.0000 0.0000 1.0000 0.0000 0.0000 npeghole.dat
1 16 -20.0000 0.0000 0.0000 1.0000 0.0000 0.0000 0.0000 1.0000 0.0000 0.0000 0.0000 1.0000 connhole.dat
3 16 6.360 -10.000 6.360 13.636 -10.000 6.364 11.000 -10.000 9.000
3 16 11.000 -10.000 9.000 9.000 -10.000 9.000 6.360 -10.000 6.360
3 16 12.000 -9.000 9.000 29.000 -9.000 9.000 30.000 -9.000 20.000
3 16 30.000 -9.000 20.000 12.000 -9.000 20.000 12.000 -9.000 9.000
3 16 29.000 -9.000 9.000 29.000 -9.000 0.000 30.000 -9.000 0.000
3 16 30.000 -9.000 0.000 30.000 -9.000 20.000 29.000 -9.000 9.000
3 16 29.000 -6.364 0.000 29.000 -6.364 9.000 30.000 -6.364 13.636
3 16 30.000 -6.364 13.636 30.000 -6.364 0.000 29.000 -6.364 0.000
3 16 12.000 -6.364 9.000 12.000 -6.364 13.636 30.000 -6.364 13.636
3 16 30.000 -6.364 13.636 29.000 -6.364 9.000 12.000 -6.364 9.000
3 16 30.000 -9.000 0.000 30.000 -6.364 0.000 30.000 -6.364 13.636
3 16 30.000 -6.364 13.636 30.000 -9.000 11.000 30.000 -9.000 0.000
3 16 12.000 -9.000 11.000 12.000 -6.364 13.636 12.000 -6.364 9.000
3 16 12.000 -6.364 9.000 12.000 -9.000 9.000 12.000 -9.000 11.000
3 16 6.360 -10.000 6.360 9.000 -10.000 9.000 9.000 -10.000 11.000
3 16 9.000 -10.000 11.000 6.360 -10.000 13.640 6.360 -10.000 6.360
3 16 6.360 10.000 6.360 9.000 10.000 9.000 11.000 10.000 9.000
3 16 11.000 10.000 9.000 13.636 10.000 6.364 6.360 10.000 6.360
3 16 12.000 9.000 9.000 12.000 9.000 20.000 30.000 9.000 20.000
3 16 30.000 9.000 20.000 29.000 9.000 9.000 12.000 9.000 9.000
3 16 29.000 9.000 9.000 30.000 9.000 20.000 30.000 9.000 0.000
3 16 30.000 9.000 0.000 29.000 9.000 0.000 29.000 9.000 9.000
3 16 29.000 6.364 0.000 30.000 6.364 0.000 30.000 6.364 13.636
3 16 30.000 6.364 13.636 29.000 6.364 9.000 29.000 6.364 0.000
3 16 12.000 6.364 9.000 29.000 6.364 9.000 30.000 6.364 13.636
3 16 30.000 6.364 13.636 12.000 6.364 13.636 12.000 6.364 9.000
3 16 30.000 9.000 0.000 30.000 9.000 11.000 30.000 6.364 13.636
3 16 30.000 6.364 13.636 30.000 6.364 0.000 30.000 9.000 0.000
3 16 12.000 9.000 11.000 12.000 9.000 9.000 12.000 6.364 9.000
3 16 12.000 6.364 9.000 12.000 6.364 13.636 12.000 9.000 11.000
3 16 6.360 10.000 6.360 6.360 10.000 13.640 9.000 10.000 11.000
3 16 9.000 10.000 11.000 9.000 10.000 9.000 6.360 10.000 6.360
3 16 9.000 9.000 20.000 9.000 6.364 26.364 9.000 -6.364 26.364
3 16 9.000 -6.364 26.364 9.000 -9.000 20.000 9.000 9.000 20.000
3 16 12.000 -6.364 26.364 12.000 0.000 28.485 12.000 -4.243 24.243
3 16 12.000 0.000 28.485 12.000 6.364 26.364 12.000 4.243 24.243
2 24 12.000 -9.000 9.000 20.000 -9.000 9.000
2 24 12.000 -9.000 9.000 12.000 -9.000 20.000
2 24 30.000 -9.000 20.000 30.000 -9.000 0.000
2 24 30.000 -6.364 13.636 30.000 -6.364 0.000
2 24 12.000 -6.364 9.000 20.000 -6.364 9.000
2 24 12.000 -6.364 13.636 30.000 -6.364 13.636
2 24 12.000 -6.364 9.000 12.000 -6.364 13.636
2 24 12.000 -6.364 9.000 12.000 -9.000 9.000
2 24 12.000 9.000 9.000 20.000 9.000 9.000
2 24 12.000 9.000 9.000 12.000 9.000 20.000
2 24 30.000 9.000 20.000 30.000 9.000 0.000
2 24 30.000 6.364 13.636 30.000 6.364 0.000
2 24 12.000 6.364 9.000 20.000 6.364 9.000
2 24 12.000 6.364 13.636 30.000 6.364 13.636
2 24 12.000 6.364 9.000 12.000 6.364 13.636
2 24 12.000 6.364 9.000 12.000 9.000 9.000
1 16 20.0000 -10.0000 0.0000 0.0000 0.0000 9.0000 0.0000 20.0000 0.0000 9.0000 0.0000 0.0000 1-4cylo.dat
1 16 0.0000 -10.0000 20.0000 0.0000 0.0000 9.0000 0.0000 1.0000 0.0000 9.0000 0.0000 0.0000 1-4cyli.dat
1 16 0.0000 -10.0000 20.0000 0.0000 0.0000 9.0000 0.0000 1.0000 0.0000 9.0000 0.0000 0.0000 1-4edge.DAT
1 16 0.0000 -9.0000 20.0000 9.0000 0.0000 0.0000 0.0000 9.0000 0.0000 0.0000 0.0000 9.0000 1-4cyls.dat
1 16 20.0000 -10.0000 0.0000 0.0000 0.0000 -9.0000 0.0000 1.0000 0.0000 9.0000 0.0000 0.0000 1-8ndis.dat
1 16 20.0000 -9.0000 0.0000 0.0000 0.0000 9.0000 0.0000 1.0000 0.0000 9.0000 0.0000 0.0000 1-4ndis.dat
1 16 20.0000 -9.0000 0.0000 0.0000 0.0000 9.0000 0.0000 1.0000 0.0000 9.0000 0.0000 0.0000 1-4edge.DAT
1 16 20.0000 -6.3639 0.0000 0.0000 0.0000 9.0000 0.0000 -1.0000 0.0000 9.0000 0.0000 0.0000 1-4ndis.dat
1 16 20.0000 -6.3639 0.0000 0.0000 0.0000 9.0000 0.0000 -1.0000 0.0000 9.0000 0.0000 0.0000 1-4edge.DAT
1 16 0.0000 -10.0000 20.0000 9.0000 0.0000 0.0000 0.0000 1.0000 0.0000 0.0000 0.0000 -9.0000 1-8ndis.dat
1 16 20.0000 0.0000 20.0000 0.0000 -1.0000 0.0000 -1.0000 0.0000 0.0000 0.0000 0.0000 1.0000 connhol3.dat
1 16 9.0000 0.0000 14.5000 0.0000 -1.0000 0.0000 -10.0000 0.0000 0.0000 0.0000 0.0000 -5.5000 rect3.dat
1 16 14.5000 0.0000 9.0000 -5.5000 0.0000 0.0000 0.0000 0.0000 -10.0000 0.0000 -1.0000 0.0000 rect2p.dat
1 16 30.0000 0.0000 20.0000 0.0000 -18.0000 0.0000 9.0000 0.0000 0.0000 0.0000 0.0000 9.0000 2-4cyli.DAT
1 16 30.0000 0.0000 20.0000 0.0000 -1.0000 0.0000 9.0000 0.0000 0.0000 0.0000 0.0000 9.0000 2-4edge.DAT
1 16 12.0000 0.0000 20.0000 0.0000 -3.0000 0.0000 0.0000 0.0000 -9.0000 9.0000 0.0000 0.0000 1-8cyli.dat
1 16 9.0000 0.0000 20.0000 0.0000 -9.0000 0.0000 -9.0000 0.0000 0.0000 0.0000 0.0000 9.0000 1-4cyls.dat
1 16 12.0000 0.0000 20.0000 0.0000 -1.0000 0.0000 -9.0000 0.0000 0.0000 0.0000 0.0000 9.0000 1-8edge.dat
1 16 0.0000 0.0000 20.0000 0.0000 0.0000 9.0000 0.0000 1.0000 -9.0000 9.0000 0.0000 0.0000 1-4edge.DAT
1 16 12.0000 0.0000 20.0000 0.0000 1.0000 0.0000 0.0000 0.0000 -3.0000 -3.0000 0.0000 0.0000 3-8ring2.dat
1 16 30.0000 0.0000 20.0000 0.0000 -18.0000 0.0000 6.3640 0.0000 -6.3640 -6.3640 0.0000 -6.3640 1-4cylo.dat
1 16 30.0000 0.0000 20.0000 0.0000 -1.0000 0.0000 -9.0000 0.0000 0.0000 0.0000 0.0000 -9.0000 1-8ndis.dat
1 16 12.0000 0.0000 20.0000 0.0000 1.0000 0.0000 -9.0000 0.0000 0.0000 0.0000 0.0000 -9.0000 1-8ndis.dat
1 16 9.0000 0.0000 20.0000 0.0000 -1.0000 0.0000 -9.0000 0.0000 0.0000 0.0000 0.0000 9.0000 1-8edge.dat
1 16 20.0000 10.0000 0.0000 0.0000 0.0000 -9.0000 0.0000 -1.0000 0.0000 9.0000 0.0000 0.0000 1-8ndis.dat
1 16 20.0000 9.0000 0.0000 0.0000 0.0000 9.0000 0.0000 -1.0000 0.0000 9.0000 0.0000 0.0000 1-4ndis.dat
1 16 20.0000 9.0000 0.0000 0.0000 0.0000 9.0000 0.0000 -1.0000 0.0000 9.0000 0.0000 0.0000 1-4edge.DAT
1 16 20.0000 6.3639 0.0000 0.0000 0.0000 9.0000 0.0000 1.0000 0.0000 9.0000 0.0000 0.0000 1-4ndis.dat
1 16 20.0000 6.3639 0.0000 0.0000 0.0000 9.0000 0.0000 1.0000 0.0000 9.0000 0.0000 0.0000 1-4edge.DAT
1 16 0.0000 10.0000 20.0000 9.0000 0.0000 0.0000 0.0000 -1.0000 0.0000 0.0000 0.0000 -9.0000 1-8ndis.dat
1 16 12.0000 0.0000 20.0000 0.0000 -3.0000 0.0000 0.0000 0.0000 9.0000 9.0000 0.0000 0.0000 1-8cyli.dat
1 16 9.0000 0.0000 20.0000 0.0000 -9.0000 0.0000 9.0000 0.0000 0.0000 0.0000 0.0000 9.0000 1-4cyls.dat
1 16 12.0000 0.0000 20.0000 0.0000 1.0000 0.0000 0.0000 0.0000 3.0000 -3.0000 0.0000 0.0000 3-8ring2.dat
1 16 30.0000 0.0000 20.0000 0.0000 -1.0000 0.0000 9.0000 0.0000 0.0000 0.0000 0.0000 -9.0000 1-8ndis.dat
1 16 12.0000 0.0000 20.0000 0.0000 1.0000 0.0000 9.0000 0.0000 0.0000 0.0000 0.0000 -9.0000 1-8ndis.dat
1 16 12.0000 0.0000 20.0000 0.0000 -1.0000 0.0000 9.0000 0.0000 0.0000 0.0000 0.0000 9.0000 1-8edge.dat
1 16 0.0000 0.0000 20.0000 0.0000 0.0000 9.0000 0.0000 -1.0000 9.0000 9.0000 0.0000 0.0000 1-4edge.DAT
1 16 9.0000 0.0000 20.0000 0.0000 -1.0000 0.0000 9.0000 0.0000 0.0000 0.0000 0.0000 9.0000 1-8edge.dat
1 16 9.0000 0.0000 20.0000 0.0000 -1.0000 0.0000 9.0000 0.0000 0.0000 0.0000 0.0000 9.0000 1-8chrd.dat
1 16 9.0000 0.0000 20.0000 0.0000 -1.0000 0.0000 -9.0000 0.0000 0.0000 0.0000 0.0000 9.0000 1-8chrd.dat
1 16 10.5000 0.0000 26.3639 -1.5000 0.0000 0.0000 0.0001 0.0000 6.3640 -0.0001 1.0000 -0.0001 rect.dat
1 16 0.0000 10.0000 20.0000 0.0000 0.0000 9.0000 0.0000 -1.0000 0.0000 9.0000 0.0000 0.0000 1-4cyli.dat
1 16 0.0000 10.0000 20.0000 0.0000 0.0000 9.0000 0.0000 -1.0000 0.0000 9.0000 0.0000 0.0000 1-4edge.DAT
1 16 0.0000 9.0000 20.0000 9.0000 0.0000 0.0000 0.0000 -9.0000 0.0000 0.0000 0.0000 9.0000 1-4cyls.dat
1 16 12.0000 0.0000 20.0000 0.0000 1.0000 0.0000 -4.2426 0.0000 4.2426 4.2426 0.0000 4.2426 1-4ndis.dat
3 16 -11.000 -10.000 9.000 -13.636 -10.000 6.364 -6.360 -10.000 6.360
3 16 -6.360 -10.000 6.360 -9.000 -10.000 9.000 -11.000 -10.000 9.000
3 16 -30.000 -9.000 20.000 -29.000 -9.000 9.000 -12.000 -9.000 9.000
3 16 -12.000 -9.000 9.000 -12.000 -9.000 20.000 -30.000 -9.000 20.000
3 16 -30.000 -9.000 0.000 -29.000 -9.000 0.000 -29.000 -9.000 9.000
3 16 -29.000 -9.000 9.000 -30.000 -9.000 20.000 -30.000 -9.000 0.000
3 16 -30.000 -6.364 13.636 -29.000 -6.364 9.000 -29.000 -6.364 0.000
3 16 -29.000 -6.364 0.000 -30.000 -6.364 0.000 -30.000 -6.364 13.636
3 16 -30.000 -6.364 13.636 -12.000 -6.364 13.636 -12.000 -6.364 9.000
3 16 -12.000 -6.364 9.000 -29.000 -6.364 9.000 -30.000 -6.364 13.636
3 16 -30.000 -6.364 13.636 -30.000 -6.364 0.000 -30.000 -9.000 0.000
3 16 -30.000 -9.000 0.000 -30.000 -9.000 11.000 -30.000 -6.364 13.636
3 16 -12.000 -6.364 9.000 -12.000 -6.364 13.636 -12.000 -9.000 11.000
3 16 -12.000 -9.000 11.000 -12.000 -9.000 9.000 -12.000 -6.364 9.000
3 16 -9.000 -10.000 11.000 -9.000 -10.000 9.000 -6.360 -10.000 6.360
3 16 -6.360 -10.000 6.360 -6.360 -10.000 13.640 -9.000 -10.000 11.000
3 16 -11.000 10.000 9.000 -9.000 10.000 9.000 -6.360 10.000 6.360
3 16 -6.360 10.000 6.360 -13.636 10.000 6.364 -11.000 10.000 9.000
3 16 -30.000 9.000 20.000 -12.000 9.000 20.000 -12.000 9.000 9.000
3 16 -12.000 9.000 9.000 -29.000 9.000 9.000 -30.000 9.000 20.000
3 16 -30.000 9.000 0.000 -30.000 9.000 20.000 -29.000 9.000 9.000
3 16 -29.000 9.000 9.000 -29.000 9.000 0.000 -30.000 9.000 0.000
3 16 -30.000 6.364 13.636 -30.000 6.364 0.000 -29.000 6.364 0.000
3 16 -29.000 6.364 0.000 -29.000 6.364 9.000 -30.000 6.364 13.636
3 16 -30.000 6.364 13.636 -29.000 6.364 9.000 -12.000 6.364 9.000
3 16 -12.000 6.364 9.000 -12.000 6.364 13.636 -30.000 6.364 13.636
3 16 -30.000 6.364 13.636 -30.000 9.000 11.000 -30.000 9.000 0.000
3 16 -30.000 9.000 0.000 -30.000 6.364 0.000 -30.000 6.364 13.636
3 16 -12.000 6.364 9.000 -12.000 9.000 9.000 -12.000 9.000 11.000
3 16 -12.000 9.000 11.000 -12.000 6.364 13.636 -12.000 6.364 9.000
3 16 -9.000 10.000 11.000 -6.360 10.000 13.640 -6.360 10.000 6.360
3 16 -6.360 10.000 6.360 -9.000 10.000 9.000 -9.000 10.000 11.000
3 16 -9.000 -6.364 26.364 -9.000 6.364 26.364 -9.000 9.000 20.000
3 16 -9.000 9.000 20.000 -9.000 -9.000 20.000 -9.000 -6.364 26.364
3 16 -12.000 -4.243 24.243 -12.000 0.000 28.485 -12.000 -6.364 26.364
3 16 -12.000 4.243 24.243 -12.000 6.364 26.364 -12.000 0.000 28.485
2 24 -12.000 -9.000 9.000 -20.000 -9.000 9.000
2 24 -12.000 -9.000 9.000 -12.000 -9.000 20.000
2 24 -30.000 -9.000 20.000 -30.000 -9.000 0.000
2 24 -30.000 -6.364 13.636 -30.000 -6.364 0.000
2 24 -12.000 -6.364 9.000 -20.000 -6.364 9.000
2 24 -12.000 -6.364 13.636 -30.000 -6.364 13.636
2 24 -12.000 -6.364 9.000 -12.000 -6.364 13.636
2 24 -12.000 -6.364 9.000 -12.000 -9.000 9.000
2 24 -12.000 9.000 9.000 -20.000 9.000 9.000
2 24 -12.000 9.000 9.000 -12.000 9.000 20.000
2 24 -30.000 9.000 20.000 -30.000 9.000 0.000
2 24 -30.000 6.364 13.636 -30.000 6.364 0.000
2 24 -12.000 6.364 9.000 -20.000 6.364 9.000
2 24 -12.000 6.364 13.636 -30.000 6.364 13.636
2 24 -12.000 6.364 9.000 -12.000 6.364 13.636
2 24 -12.000 6.364 9.000 -12.000 9.000 9.000
1 16 -20.0000 -10.0000 0.0000 0.0000 0.0000 -9.0000 0.0000 20.0000 0.0000 9.0000 0.0000 0.0000 1-4cylo.dat
1 16 0.0000 -10.0000 20.0000 0.0000 0.0000 -9.0000 0.0000 1.0000 0.0000 9.0000 0.0000 0.0000 1-4cyli.dat
1 16 0.0000 -10.0000 20.0000 0.0000 0.0000 -9.0000 0.0000 1.0000 0.0000 9.0000 0.0000 0.0000 1-4edge.DAT
1 16 0.0000 -9.0000 20.0000 -9.0000 0.0000 0.0000 0.0000 9.0000 0.0000 0.0000 0.0000 9.0000 1-4cyls.dat
1 16 -20.0000 -10.0000 0.0000 0.0000 0.0000 9.0000 0.0000 1.0000 0.0000 9.0000 0.0000 0.0000 1-8ndis.dat
1 16 -20.0000 -9.0000 0.0000 0.0000 0.0000 -9.0000 0.0000 1.0000 0.0000 9.0000 0.0000 0.0000 1-4ndis.dat
1 16 -20.0000 -9.0000 0.0000 0.0000 0.0000 -9.0000 0.0000 1.0000 0.0000 9.0000 0.0000 0.0000 1-4edge.DAT
1 16 -20.0000 -6.3639 0.0000 0.0000 0.0000 -9.0000 0.0000 -1.0000 0.0000 9.0000 0.0000 0.0000 1-4ndis.dat
1 16 -20.0000 -6.3639 0.0000 0.0000 0.0000 -9.0000 0.0000 -1.0000 0.0000 9.0000 0.0000 0.0000 1-4edge.DAT
1 16 0.0000 -10.0000 20.0000 -9.0000 0.0000 0.0000 0.0000 1.0000 0.0000 0.0000 0.0000 -9.0000 1-8ndis.dat
1 16 -20.0000 0.0000 20.0000 0.0000 1.0000 0.0000 -1.0000 0.0000 0.0000 0.0000 0.0000 1.0000 connhol3.dat
1 16 -9.0000 0.0000 14.5000 0.0000 1.0000 0.0000 -10.0000 0.0000 0.0000 0.0000 0.0000 -5.5000 rect3.dat
1 16 -14.5000 0.0000 9.0000 5.5000 0.0000 0.0000 0.0000 0.0000 -10.0000 0.0000 -1.0000 0.0000 rect2p.dat
1 16 -30.0000 0.0000 20.0000 0.0000 18.0000 0.0000 9.0000 0.0000 0.0000 0.0000 0.0000 9.0000 2-4cyli.DAT
1 16 -30.0000 0.0000 20.0000 0.0000 1.0000 0.0000 9.0000 0.0000 0.0000 0.0000 0.0000 9.0000 2-4edge.DAT
1 16 -12.0000 0.0000 20.0000 0.0000 3.0000 0.0000 0.0000 0.0000 -9.0000 9.0000 0.0000 0.0000 1-8cyli.dat
1 16 -9.0000 0.0000 20.0000 0.0000 9.0000 0.0000 -9.0000 0.0000 0.0000 0.0000 0.0000 9.0000 1-4cyls.dat
1 16 -12.0000 0.0000 20.0000 0.0000 1.0000 0.0000 -9.0000 0.0000 0.0000 0.0000 0.0000 9.0000 1-8edge.dat
1 16 0.0000 0.0000 20.0000 0.0000 0.0000 -9.0000 0.0000 1.0000 -9.0000 9.0000 0.0000 0.0000 1-4edge.DAT
1 16 -12.0000 0.0000 20.0000 0.0000 -1.0000 0.0000 0.0000 0.0000 -3.0000 -3.0000 0.0000 0.0000 3-8ring2.dat
1 16 -30.0000 0.0000 20.0000 0.0000 18.0000 0.0000 6.3640 0.0000 -6.3640 -6.3640 0.0000 -6.3640 1-4cylo.dat
1 16 -30.0000 0.0000 20.0000 0.0000 1.0000 0.0000 -9.0000 0.0000 0.0000 0.0000 0.0000 -9.0000 1-8ndis.dat
1 16 -12.0000 0.0000 20.0000 0.0000 -1.0000 0.0000 -9.0000 0.0000 0.0000 0.0000 0.0000 -9.0000 1-8ndis.dat
1 16 -9.0000 0.0000 20.0000 0.0000 1.0000 0.0000 -9.0000 0.0000 0.0000 0.0000 0.0000 9.0000 1-8edge.dat
1 16 -20.0000 10.0000 0.0000 0.0000 0.0000 9.0000 0.0000 -1.0000 0.0000 9.0000 0.0000 0.0000 1-8ndis.dat
1 16 -20.0000 9.0000 0.0000 0.0000 0.0000 -9.0000 0.0000 -1.0000 0.0000 9.0000 0.0000 0.0000 1-4ndis.dat
1 16 -20.0000 9.0000 0.0000 0.0000 0.0000 -9.0000 0.0000 -1.0000 0.0000 9.0000 0.0000 0.0000 1-4edge.DAT
1 16 -20.0000 6.3639 0.0000 0.0000 0.0000 -9.0000 0.0000 1.0000 0.0000 9.0000 0.0000 0.0000 1-4ndis.dat
1 16 -20.0000 6.3639 0.0000 0.0000 0.0000 -9.0000 0.0000 1.0000 0.0000 9.0000 0.0000 0.0000 1-4edge.DAT
1 16 0.0000 10.0000 20.0000 -9.0000 0.0000 0.0000 0.0000 -1.0000 0.0000 0.0000 0.0000 -9.0000 1-8ndis.dat
1 16 -12.0000 0.0000 20.0000 0.0000 3.0000 0.0000 0.0000 0.0000 9.0000 9.0000 0.0000 0.0000 1-8cyli.dat
1 16 -9.0000 0.0000 20.0000 0.0000 9.0000 0.0000 9.0000 0.0000 0.0000 0.0000 0.0000 9.0000 1-4cyls.dat
1 16 -12.0000 0.0000 20.0000 0.0000 -1.0000 0.0000 0.0000 0.0000 3.0000 -3.0000 0.0000 0.0000 3-8ring2.dat
1 16 -30.0000 0.0000 20.0000 0.0000 1.0000 0.0000 9.0000 0.0000 0.0000 0.0000 0.0000 -9.0000 1-8ndis.dat
1 16 -12.0000 0.0000 20.0000 0.0000 -1.0000 0.0000 9.0000 0.0000 0.0000 0.0000 0.0000 -9.0000 1-8ndis.dat
1 16 -12.0000 0.0000 20.0000 0.0000 1.0000 0.0000 9.0000 0.0000 0.0000 0.0000 0.0000 9.0000 1-8edge.dat
1 16 0.0000 0.0000 20.0000 0.0000 0.0000 -9.0000 0.0000 -1.0000 9.0000 9.0000 0.0000 0.0000 1-4edge.DAT
1 16 -9.0000 0.0000 20.0000 0.0000 1.0000 0.0000 9.0000 0.0000 0.0000 0.0000 0.0000 9.0000 1-8edge.dat
1 16 -9.0000 0.0000 20.0000 0.0000 1.0000 0.0000 9.0000 0.0000 0.0000 0.0000 0.0000 9.0000 1-8chrd.dat
1 16 -9.0000 0.0000 20.0000 0.0000 1.0000 0.0000 -9.0000 0.0000 0.0000 0.0000 0.0000 9.0000 1-8chrd.dat
1 16 -10.5000 0.0000 26.3639 1.5000 0.0000 0.0000 0.0001 0.0000 6.3640 -0.0001 1.0000 -0.0001 rect.dat
1 16 0.0000 10.0000 20.0000 0.0000 0.0000 -9.0000 0.0000 -1.0000 0.0000 9.0000 0.0000 0.0000 1-4cyli.dat
1 16 0.0000 10.0000 20.0000 0.0000 0.0000 -9.0000 0.0000 -1.0000 0.0000 9.0000 0.0000 0.0000 1-4edge.DAT
1 16 0.0000 9.0000 20.0000 -9.0000 0.0000 0.0000 0.0000 -9.0000 0.0000 0.0000 0.0000 9.0000 1-4cyls.dat
1 16 -12.0000 0.0000 20.0000 0.0000 -1.0000 0.0000 -4.2426 0.0000 4.2426 4.2426 0.0000 4.2426 1-4ndis.dat
3 16 11.000 -10.000 -9.000 13.636 -10.000 -6.364 6.360 -10.000 -6.360
3 16 6.360 -10.000 -6.360 9.000 -10.000 -9.000 11.000 -10.000 -9.000
3 16 30.000 -9.000 -20.000 29.000 -9.000 -9.000 12.000 -9.000 -9.000
3 16 12.000 -9.000 -9.000 12.000 -9.000 -20.000 30.000 -9.000 -20.000
3 16 30.000 -9.000 0.000 29.000 -9.000 0.000 29.000 -9.000 -9.000
3 16 29.000 -9.000 -9.000 30.000 -9.000 -20.000 30.000 -9.000 0.000
3 16 30.000 -6.364 -13.636 29.000 -6.364 -9.000 29.000 -6.364 0.000
3 16 29.000 -6.364 0.000 30.000 -6.364 0.000 30.000 -6.364 -13.636
3 16 30.000 -6.364 -13.636 12.000 -6.364 -13.636 12.000 -6.364 -9.000
3 16 12.000 -6.364 -9.000 29.000 -6.364 -9.000 30.000 -6.364 -13.636
3 16 30.000 -6.364 -13.636 30.000 -6.364 0.000 30.000 -9.000 0.000
3 16 30.000 -9.000 0.000 30.000 -9.000 -11.000 30.000 -6.364 -13.636
3 16 12.000 -6.364 -9.000 12.000 -6.364 -13.636 12.000 -9.000 -11.000
3 16 12.000 -9.000 -11.000 12.000 -9.000 -9.000 12.000 -6.364 -9.000
3 16 9.000 -10.000 -11.000 9.000 -10.000 -9.000 6.360 -10.000 -6.360
3 16 6.360 -10.000 -6.360 6.360 -10.000 -13.640 9.000 -10.000 -11.000
3 16 11.000 10.000 -9.000 9.000 10.000 -9.000 6.360 10.000 -6.360
3 16 6.360 10.000 -6.360 13.636 10.000 -6.364 11.000 10.000 -9.000
3 16 30.000 9.000 -20.000 12.000 9.000 -20.000 12.000 9.000 -9.000
3 16 12.000 9.000 -9.000 29.000 9.000 -9.000 30.000 9.000 -20.000
3 16 30.000 9.000 0.000 30.000 9.000 -20.000 29.000 9.000 -9.000
3 16 29.000 9.000 -9.000 29.000 9.000 0.000 30.000 9.000 0.000
3 16 30.000 6.364 -13.636 30.000 6.364 0.000 29.000 6.364 0.000
3 16 29.000 6.364 0.000 29.000 6.364 -9.000 30.000 6.364 -13.636
3 16 30.000 6.364 -13.636 29.000 6.364 -9.000 12.000 6.364 -9.000
3 16 12.000 6.364 -9.000 12.000 6.364 -13.636 30.000 6.364 -13.636
3 16 30.000 6.364 -13.636 30.000 9.000 -11.000 30.000 9.000 0.000
3 16 30.000 9.000 0.000 30.000 6.364 0.000 30.000 6.364 -13.636
3 16 12.000 6.364 -9.000 12.000 9.000 -9.000 12.000 9.000 -11.000
3 16 12.000 9.000 -11.000 12.000 6.364 -13.636 12.000 6.364 -9.000
3 16 9.000 10.000 -11.000 6.360 10.000 -13.640 6.360 10.000 -6.360
3 16 6.360 10.000 -6.360 9.000 10.000 -9.000 9.000 10.000 -11.000
3 16 9.000 -6.364 -26.364 9.000 6.364 -26.364 9.000 9.000 -20.000
3 16 9.000 9.000 -20.000 9.000 -9.000 -20.000 9.000 -6.364 -26.364
3 16 12.000 -4.243 -24.243 12.000 0.000 -28.485 12.000 -6.364 -26.364
3 16 12.000 4.243 -24.243 12.000 6.364 -26.364 12.000 0.000 -28.485
2 24 12.000 -9.000 -9.000 20.000 -9.000 -9.000
2 24 12.000 -9.000 -9.000 12.000 -9.000 -20.000
2 24 30.000 -9.000 -20.000 30.000 -9.000 0.000
2 24 30.000 -6.364 -13.636 30.000 -6.364 0.000
2 24 12.000 -6.364 -9.000 20.000 -6.364 -9.000
2 24 12.000 -6.364 -13.636 30.000 -6.364 -13.636
2 24 12.000 -6.364 -9.000 12.000 -6.364 -13.636
2 24 12.000 -6.364 -9.000 12.000 -9.000 -9.000
2 24 12.000 9.000 -9.000 20.000 9.000 -9.000
2 24 12.000 9.000 -9.000 12.000 9.000 -20.000
2 24 30.000 9.000 -20.000 30.000 9.000 0.000
2 24 30.000 6.364 -13.636 30.000 6.364 0.000
2 24 12.000 6.364 -9.000 20.000 6.364 -9.000
2 24 12.000 6.364 -13.636 30.000 6.364 -13.636
2 24 12.000 6.364 -9.000 12.000 6.364 -13.636
2 24 12.000 6.364 -9.000 12.000 9.000 -9.000
1 16 20.0000 -10.0000 0.0000 0.0000 0.0000 9.0000 0.0000 20.0000 0.0000 -9.0000 0.0000 0.0000 1-4cylo.dat
1 16 0.0000 -10.0000 -20.0000 0.0000 0.0000 9.0000 0.0000 1.0000 0.0000 -9.0000 0.0000 0.0000 1-4cyli.dat
1 16 0.0000 -10.0000 -20.0000 0.0000 0.0000 9.0000 0.0000 1.0000 0.0000 -9.0000 0.0000 0.0000 1-4edge.DAT
1 16 0.0000 -9.0000 -20.0000 9.0000 0.0000 0.0000 0.0000 9.0000 0.0000 0.0000 0.0000 -9.0000 1-4cyls.dat
1 16 20.0000 -10.0000 0.0000 0.0000 0.0000 -9.0000 0.0000 1.0000 0.0000 -9.0000 0.0000 0.0000 1-8ndis.dat
1 16 20.0000 -9.0000 0.0000 0.0000 0.0000 9.0000 0.0000 1.0000 0.0000 -9.0000 0.0000 0.0000 1-4ndis.dat
1 16 20.0000 -9.0000 0.0000 0.0000 0.0000 9.0000 0.0000 1.0000 0.0000 -9.0000 0.0000 0.0000 1-4edge.DAT
1 16 20.0000 -6.3639 0.0000 0.0000 0.0000 9.0000 0.0000 -1.0000 0.0000 -9.0000 0.0000 0.0000 1-4ndis.dat
1 16 20.0000 -6.3639 0.0000 0.0000 0.0000 9.0000 0.0000 -1.0000 0.0000 -9.0000 0.0000 0.0000 1-4edge.DAT
1 16 0.0000 -10.0000 -20.0000 9.0000 0.0000 0.0000 0.0000 1.0000 0.0000 0.0000 0.0000 9.0000 1-8ndis.dat
1 16 20.0000 0.0000 -20.0000 0.0000 -1.0000 0.0000 -1.0000 0.0000 0.0000 0.0000 0.0000 -1.0000 connhol3.dat
1 16 9.0000 0.0000 -14.5000 0.0000 -1.0000 0.0000 -10.0000 0.0000 0.0000 0.0000 0.0000 5.5000 rect3.dat
1 16 14.5000 0.0000 -9.0000 -5.5000 0.0000 0.0000 0.0000 0.0000 -10.0000 0.0000 1.0000 0.0000 rect2p.dat
1 16 30.0000 0.0000 -20.0000 0.0000 -18.0000 0.0000 9.0000 0.0000 0.0000 0.0000 0.0000 -9.0000 2-4cyli.DAT
1 16 30.0000 0.0000 -20.0000 0.0000 -1.0000 0.0000 9.0000 0.0000 0.0000 0.0000 0.0000 -9.0000 2-4edge.DAT
1 16 12.0000 0.0000 -20.0000 0.0000 -3.0000 0.0000 0.0000 0.0000 -9.0000 -9.0000 0.0000 0.0000 1-8cyli.dat
1 16 9.0000 0.0000 -20.0000 0.0000 -9.0000 0.0000 -9.0000 0.0000 0.0000 0.0000 0.0000 -9.0000 1-4cyls.dat
1 16 12.0000 0.0000 -20.0000 0.0000 -1.0000 0.0000 -9.0000 0.0000 0.0000 0.0000 0.0000 -9.0000 1-8edge.dat
1 16 0.0000 0.0000 -20.0000 0.0000 0.0000 9.0000 0.0000 1.0000 -9.0000 -9.0000 0.0000 0.0000 1-4edge.DAT
1 16 12.0000 0.0000 -20.0000 0.0000 1.0000 0.0000 0.0000 0.0000 -3.0000 3.0000 0.0000 0.0000 3-8ring2.dat
1 16 30.0000 0.0000 -20.0000 0.0000 -18.0000 0.0000 6.3640 0.0000 -6.3640 6.3640 0.0000 6.3640 1-4cylo.dat
1 16 30.0000 0.0000 -20.0000 0.0000 -1.0000 0.0000 -9.0000 0.0000 0.0000 0.0000 0.0000 9.0000 1-8ndis.dat
1 16 12.0000 0.0000 -20.0000 0.0000 1.0000 0.0000 -9.0000 0.0000 0.0000 0.0000 0.0000 9.0000 1-8ndis.dat
1 16 9.0000 0.0000 -20.0000 0.0000 -1.0000 0.0000 -9.0000 0.0000 0.0000 0.0000 0.0000 -9.0000 1-8edge.dat
1 16 20.0000 10.0000 0.0000 0.0000 0.0000 -9.0000 0.0000 -1.0000 0.0000 -9.0000 0.0000 0.0000 1-8ndis.dat
1 16 20.0000 9.0000 0.0000 0.0000 0.0000 9.0000 0.0000 -1.0000 0.0000 -9.0000 0.0000 0.0000 1-4ndis.dat
1 16 20.0000 9.0000 0.0000 0.0000 0.0000 9.0000 0.0000 -1.0000 0.0000 -9.0000 0.0000 0.0000 1-4edge.DAT
1 16 20.0000 6.3639 0.0000 0.0000 0.0000 9.0000 0.0000 1.0000 0.0000 -9.0000 0.0000 0.0000 1-4ndis.dat
1 16 20.0000 6.3639 0.0000 0.0000 0.0000 9.0000 0.0000 1.0000 0.0000 -9.0000 0.0000 0.0000 1-4edge.DAT
1 16 0.0000 10.0000 -20.0000 9.0000 0.0000 0.0000 0.0000 -1.0000 0.0000 0.0000 0.0000 9.0000 1-8ndis.dat
1 16 12.0000 0.0000 -20.0000 0.0000 -3.0000 0.0000 0.0000 0.0000 9.0000 -9.0000 0.0000 0.0000 1-8cyli.dat
1 16 9.0000 0.0000 -20.0000 0.0000 -9.0000 0.0000 9.0000 0.0000 0.0000 0.0000 0.0000 -9.0000 1-4cyls.dat
1 16 12.0000 0.0000 -20.0000 0.0000 1.0000 0.0000 0.0000 0.0000 3.0000 3.0000 0.0000 0.0000 3-8ring2.dat
1 16 30.0000 0.0000 -20.0000 0.0000 -1.0000 0.0000 9.0000 0.0000 0.0000 0.0000 0.0000 9.0000 1-8ndis.dat
1 16 12.0000 0.0000 -20.0000 0.0000 1.0000 0.0000 9.0000 0.0000 0.0000 0.0000 0.0000 9.0000 1-8ndis.dat
1 16 12.0000 0.0000 -20.0000 0.0000 -1.0000 0.0000 9.0000 0.0000 0.0000 0.0000 0.0000 -9.0000 1-8edge.dat
1 16 0.0000 0.0000 -20.0000 0.0000 0.0000 9.0000 0.0000 -1.0000 9.0000 -9.0000 0.0000 0.0000 1-4edge.DAT
1 16 9.0000 0.0000 -20.0000 0.0000 -1.0000 0.0000 9.0000 0.0000 0.0000 0.0000 0.0000 -9.0000 1-8edge.dat
1 16 9.0000 0.0000 -20.0000 0.0000 -1.0000 0.0000 9.0000 0.0000 0.0000 0.0000 0.0000 -9.0000 1-8chrd.dat
1 16 9.0000 0.0000 -20.0000 0.0000 -1.0000 0.0000 -9.0000 0.0000 0.0000 0.0000 0.0000 -9.0000 1-8chrd.dat
1 16 10.5000 0.0000 -26.3639 -1.5000 0.0000 0.0000 0.0001 0.0000 6.3640 0.0001 -1.0000 0.0001 rect.dat
1 16 0.0000 10.0000 -20.0000 0.0000 0.0000 9.0000 0.0000 -1.0000 0.0000 -9.0000 0.0000 0.0000 1-4cyli.dat
1 16 0.0000 10.0000 -20.0000 0.0000 0.0000 9.0000 0.0000 -1.0000 0.0000 -9.0000 0.0000 0.0000 1-4edge.DAT
1 16 0.0000 9.0000 -20.0000 9.0000 0.0000 0.0000 0.0000 -9.0000 0.0000 0.0000 0.0000 -9.0000 1-4cyls.dat
1 16 12.0000 0.0000 -20.0000 0.0000 1.0000 0.0000 -4.2426 0.0000 4.2426 -4.2426 0.0000 -4.2426 1-4ndis.dat
3 16 -6.360 -10.000 -6.360 -13.636 -10.000 -6.364 -11.000 -10.000 -9.000
3 16 -11.000 -10.000 -9.000 -9.000 -10.000 -9.000 -6.360 -10.000 -6.360
3 16 -12.000 -9.000 -9.000 -29.000 -9.000 -9.000 -30.000 -9.000 -20.000
3 16 -30.000 -9.000 -20.000 -12.000 -9.000 -20.000 -12.000 -9.000 -9.000
3 16 -29.000 -9.000 -9.000 -29.000 -9.000 0.000 -30.000 -9.000 0.000
3 16 -30.000 -9.000 0.000 -30.000 -9.000 -20.000 -29.000 -9.000 -9.000
3 16 -29.000 -6.364 0.000 -29.000 -6.364 -9.000 -30.000 -6.364 -13.636
3 16 -30.000 -6.364 -13.636 -30.000 -6.364 0.000 -29.000 -6.364 0.000
3 16 -12.000 -6.364 -9.000 -12.000 -6.364 -13.636 -30.000 -6.364 -13.636
3 16 -30.000 -6.364 -13.636 -29.000 -6.364 -9.000 -12.000 -6.364 -9.000
3 16 -30.000 -9.000 0.000 -30.000 -6.364 0.000 -30.000 -6.364 -13.636
3 16 -30.000 -6.364 -13.636 -30.000 -9.000 -11.000 -30.000 -9.000 0.000
3 16 -12.000 -9.000 -11.000 -12.000 -6.364 -13.636 -12.000 -6.364 -9.000
3 16 -12.000 -6.364 -9.000 -12.000 -9.000 -9.000 -12.000 -9.000 -11.000
3 16 -6.360 -10.000 -6.360 -9.000 -10.000 -9.000 -9.000 -10.000 -11.000
3 16 -9.000 -10.000 -11.000 -6.360 -10.000 -13.640 -6.360 -10.000 -6.360
3 16 -6.360 10.000 -6.360 -9.000 10.000 -9.000 -11.000 10.000 -9.000
3 16 -11.000 10.000 -9.000 -13.636 10.000 -6.364 -6.360 10.000 -6.360
3 16 -12.000 9.000 -9.000 -12.000 9.000 -20.000 -30.000 9.000 -20.000
3 16 -30.000 9.000 -20.000 -29.000 9.000 -9.000 -12.000 9.000 -9.000
3 16 -29.000 9.000 -9.000 -30.000 9.000 -20.000 -30.000 9.000 0.000
3 16 -30.000 9.000 0.000 -29.000 9.000 0.000 -29.000 9.000 -9.000
3 16 -29.000 6.364 0.000 -30.000 6.364 0.000 -30.000 6.364 -13.636
3 16 -30.000 6.364 -13.636 -29.000 6.364 -9.000 -29.000 6.364 0.000
3 16 -12.000 6.364 -9.000 -29.000 6.364 -9.000 -30.000 6.364 -13.636
3 16 -30.000 6.364 -13.636 -12.000 6.364 -13.636 -12.000 6.364 -9.000
3 16 -30.000 9.000 0.000 -30.000 9.000 -11.000 -30.000 6.364 -13.636
3 16 -30.000 6.364 -13.636 -30.000 6.364 0.000 -30.000 9.000 0.000
3 16 -12.000 9.000 -11.000 -12.000 9.000 -9.000 -12.000 6.364 -9.000
3 16 -12.000 6.364 -9.000 -12.000 6.364 -13.636 -12.000 9.000 -11.000
3 16 -6.360 10.000 -6.360 -6.360 10.000 -13.640 -9.000 10.000 -11.000
3 16 -9.000 10.000 -11.000 -9.000 10.000 -9.000 -6.360 10.000 -6.360
3 16 -9.000 9.000 -20.000 -9.000 6.364 -26.364 -9.000 -6.364 -26.364
3 16 -9.000 -6.364 -26.364 -9.000 -9.000 -20.000 -9.000 9.000 -20.000
3 16 -12.000 -6.364 -26.364 -12.000 0.000 -28.485 -12.000 -4.243 -24.243
3 16 -12.000 0.000 -28.485 -12.000 6.364 -26.364 -12.000 4.243 -24.243
2 24 -12.000 -9.000 -9.000 -20.000 -9.000 -9.000
2 24 -12.000 -9.000 -9.000 -12.000 -9.000 -20.000
2 24 -30.000 -9.000 -20.000 -30.000 -9.000 0.000
2 24 -30.000 -6.364 -13.636 -30.000 -6.364 0.000
2 24 -12.000 -6.364 -9.000 -20.000 -6.364 -9.000
2 24 -12.000 -6.364 -13.636 -30.000 -6.364 -13.636
2 24 -12.000 -6.364 -9.000 -12.000 -6.364 -13.636
2 24 -12.000 -6.364 -9.000 -12.000 -9.000 -9.000
2 24 -12.000 9.000 -9.000 -20.000 9.000 -9.000
2 24 -12.000 9.000 -9.000 -12.000 9.000 -20.000
2 24 -30.000 9.000 -20.000 -30.000 9.000 0.000
2 24 -30.000 6.364 -13.636 -30.000 6.364 0.000
2 24 -12.000 6.364 -9.000 -20.000 6.364 -9.000
2 24 -12.000 6.364 -13.636 -30.000 6.364 -13.636
2 24 -12.000 6.364 -9.000 -12.000 6.364 -13.636
2 24 -12.000 6.364 -9.000 -12.000 9.000 -9.000
1 16 -20.0000 -10.0000 0.0000 0.0000 0.0000 -9.0000 0.0000 20.0000 0.0000 -9.0000 0.0000 0.0000 1-4cylo.dat
1 16 0.0000 -10.0000 -20.0000 0.0000 0.0000 -9.0000 0.0000 1.0000 0.0000 -9.0000 0.0000 0.0000 1-4cyli.dat
1 16 0.0000 -10.0000 -20.0000 0.0000 0.0000 -9.0000 0.0000 1.0000 0.0000 -9.0000 0.0000 0.0000 1-4edge.DAT
1 16 0.0000 -9.0000 -20.0000 -9.0000 0.0000 0.0000 0.0000 9.0000 0.0000 0.0000 0.0000 -9.0000 1-4cyls.dat
1 16 -20.0000 -10.0000 0.0000 0.0000 0.0000 9.0000 0.0000 1.0000 0.0000 -9.0000 0.0000 0.0000 1-8ndis.dat
1 16 -20.0000 -9.0000 0.0000 0.0000 0.0000 -9.0000 0.0000 1.0000 0.0000 -9.0000 0.0000 0.0000 1-4ndis.dat
1 16 -20.0000 -9.0000 0.0000 0.0000 0.0000 -9.0000 0.0000 1.0000 0.0000 -9.0000 0.0000 0.0000 1-4edge.DAT
1 16 -20.0000 -6.3639 0.0000 0.0000 0.0000 -9.0000 0.0000 -1.0000 0.0000 -9.0000 0.0000 0.0000 1-4ndis.dat
1 16 -20.0000 -6.3639 0.0000 0.0000 0.0000 -9.0000 0.0000 -1.0000 0.0000 -9.0000 0.0000 0.0000 1-4edge.DAT
1 16 0.0000 -10.0000 -20.0000 -9.0000 0.0000 0.0000 0.0000 1.0000 0.0000 0.0000 0.0000 9.0000 1-8ndis.dat
1 16 -20.0000 0.0000 -20.0000 0.0000 1.0000 0.0000 -1.0000 0.0000 0.0000 0.0000 0.0000 -1.0000 connhol3.dat
1 16 -9.0000 0.0000 -14.5000 0.0000 1.0000 0.0000 -10.0000 0.0000 0.0000 0.0000 0.0000 5.5000 rect3.dat
1 16 -14.5000 0.0000 -9.0000 5.5000 0.0000 0.0000 0.0000 0.0000 -10.0000 0.0000 1.0000 0.0000 rect2p.dat
1 16 -30.0000 0.0000 -20.0000 0.0000 18.0000 0.0000 9.0000 0.0000 0.0000 0.0000 0.0000 -9.0000 2-4cyli.DAT
1 16 -30.0000 0.0000 -20.0000 0.0000 1.0000 0.0000 9.0000 0.0000 0.0000 0.0000 0.0000 -9.0000 2-4edge.DAT
1 16 -12.0000 0.0000 -20.0000 0.0000 3.0000 0.0000 0.0000 0.0000 -9.0000 -9.0000 0.0000 0.0000 1-8cyli.dat
1 16 -9.0000 0.0000 -20.0000 0.0000 9.0000 0.0000 -9.0000 0.0000 0.0000 0.0000 0.0000 -9.0000 1-4cyls.dat
1 16 -12.0000 0.0000 -20.0000 0.0000 1.0000 0.0000 -9.0000 0.0000 0.0000 0.0000 0.0000 -9.0000 1-8edge.dat
1 16 0.0000 0.0000 -20.0000 0.0000 0.0000 -9.0000 0.0000 1.0000 -9.0000 -9.0000 0.0000 0.0000 1-4edge.DAT
1 16 -12.0000 0.0000 -20.0000 0.0000 -1.0000 0.0000 0.0000 0.0000 -3.0000 3.0000 0.0000 0.0000 3-8ring2.dat
1 16 -30.0000 0.0000 -20.0000 0.0000 18.0000 0.0000 6.3640 0.0000 -6.3640 6.3640 0.0000 6.3640 1-4cylo.dat
1 16 -30.0000 0.0000 -20.0000 0.0000 1.0000 0.0000 -9.0000 0.0000 0.0000 0.0000 0.0000 9.0000 1-8ndis.dat
1 16 -12.0000 0.0000 -20.0000 0.0000 -1.0000 0.0000 -9.0000 0.0000 0.0000 0.0000 0.0000 9.0000 1-8ndis.dat
1 16 -9.0000 0.0000 -20.0000 0.0000 1.0000 0.0000 -9.0000 0.0000 0.0000 0.0000 0.0000 -9.0000 1-8edge.dat
1 16 -20.0000 10.0000 0.0000 0.0000 0.0000 9.0000 0.0000 -1.0000 0.0000 -9.0000 0.0000 0.0000 1-8ndis.dat
1 16 -20.0000 9.0000 0.0000 0.0000 0.0000 -9.0000 0.0000 -1.0000 0.0000 -9.0000 0.0000 0.0000 1-4ndis.dat
1 16 -20.0000 9.0000 0.0000 0.0000 0.0000 -9.0000 0.0000 -1.0000 0.0000 -9.0000 0.0000 0.0000 1-4edge.DAT
1 16 -20.0000 6.3639 0.0000 0.0000 0.0000 -9.0000 0.0000 1.0000 0.0000 -9.0000 0.0000 0.0000 1-4ndis.dat
1 16 -20.0000 6.3639 0.0000 0.0000 0.0000 -9.0000 0.0000 1.0000 0.0000 -9.0000 0.0000 0.0000 1-4edge.DAT
1 16 0.0000 10.0000 -20.0000 -9.0000 0.0000 0.0000 0.0000 -1.0000 0.0000 0.0000 0.0000 9.0000 1-8ndis.dat
1 16 -12.0000 0.0000 -20.0000 0.0000 3.0000 0.0000 0.0000 0.0000 9.0000 -9.0000 0.0000 0.0000 1-8cyli.dat
1 16 -9.0000 0.0000 -20.0000 0.0000 9.0000 0.0000 9.0000 0.0000 0.0000 0.0000 0.0000 -9.0000 1-4cyls.dat
1 16 -12.0000 0.0000 -20.0000 0.0000 -1.0000 0.0000 0.0000 0.0000 3.0000 3.0000 0.0000 0.0000 3-8ring2.dat
1 16 -30.0000 0.0000 -20.0000 0.0000 1.0000 0.0000 9.0000 0.0000 0.0000 0.0000 0.0000 9.0000 1-8ndis.dat
1 16 -12.0000 0.0000 -20.0000 0.0000 -1.0000 0.0000 9.0000 0.0000 0.0000 0.0000 0.0000 9.0000 1-8ndis.dat
1 16 -12.0000 0.0000 -20.0000 0.0000 1.0000 0.0000 9.0000 0.0000 0.0000 0.0000 0.0000 -9.0000 1-8edge.dat
1 16 0.0000 0.0000 -20.0000 0.0000 0.0000 -9.0000 0.0000 -1.0000 9.0000 -9.0000 0.0000 0.0000 1-4edge.DAT
1 16 -9.0000 0.0000 -20.0000 0.0000 1.0000 0.0000 9.0000 0.0000 0.0000 0.0000 0.0000 -9.0000 1-8edge.dat
1 16 -9.0000 0.0000 -20.0000 0.0000 1.0000 0.0000 9.0000 0.0000 0.0000 0.0000 0.0000 -9.0000 1-8chrd.dat
1 16 -9.0000 0.0000 -20.0000 0.0000 1.0000 0.0000 -9.0000 0.0000 0.0000 0.0000 0.0000 -9.0000 1-8chrd.dat
1 16 -10.5000 0.0000 -26.3639 1.5000 0.0000 0.0000 0.0001 0.0000 6.3640 0.0001 -1.0000 0.0001 rect.dat
1 16 0.0000 10.0000 -20.0000 0.0000 0.0000 -9.0000 0.0000 -1.0000 0.0000 -9.0000 0.0000 0.0000 1-4cyli.dat
1 16 0.0000 10.0000 -20.0000 0.0000 0.0000 -9.0000 0.0000 -1.0000 0.0000 -9.0000 0.0000 0.0000 1-4edge.DAT
1 16 0.0000 9.0000 -20.0000 -9.0000 0.0000 0.0000 0.0000 -9.0000 0.0000 0.0000 0.0000 -9.0000 1-4cyls.dat
1 16 -12.0000 0.0000 -20.0000 0.0000 -1.0000 0.0000 -4.2426 0.0000 4.2426 -4.2426 0.0000 -4.2426 1-4ndis.dat
