0 FILE 44301b.dat
0 Hinge Plate 1 x 2 Locking with 1 Finger On End without Bottom Groove 
0 Name:  44301b.dat
0 Author:  
0 BFC CERTIFY CCW
3 16 16.000 8.000 -6.000 16.000 8.000 6.000 20.000 8.000 10.000
3 16 20.000 8.000 10.000 20.000 8.000 -10.000 16.000 8.000 -6.000
3 16 20.000 8.000 -10.000 20.000 5.444 -9.000 20.000 0.000 -9.000
3 16 20.000 0.000 -9.000 20.000 0.000 -10.000 20.000 8.000 -10.000
3 16 20.000 5.444 9.000 20.000 8.000 10.000 20.000 0.000 10.000
3 16 20.000 0.000 10.000 20.000 0.000 9.000 20.000 5.444 9.000
3 16 20.000 5.444 -9.000 20.000 8.000 -10.000 20.000 8.000 -4.000
3 16 20.000 8.000 -4.000 20.000 5.444 -4.000 20.000 5.444 -9.000
3 16 20.000 5.444 9.000 20.000 5.444 4.000 20.000 8.000 4.000
3 16 20.000 8.000 4.000 20.000 8.000 10.000 20.000 5.444 9.000
3 16 16.000 8.000 6.000 -16.000 8.000 6.000 -20.000 8.000 10.000
3 16 -20.000 8.000 10.000 20.000 8.000 10.000 16.000 8.000 6.000
3 16 -16.000 8.000 6.000 -16.000 8.000 -6.000 -20.000 8.000 -10.000
3 16 -20.000 8.000 -10.000 -20.000 8.000 10.000 -16.000 8.000 6.000
3 16 -16.000 8.000 -6.000 16.000 8.000 -6.000 20.000 8.000 -10.000
3 16 20.000 8.000 -10.000 -20.000 8.000 -10.000 -16.000 8.000 -6.000
2 24 20.000 8.000 -10.000 20.000 8.000 -4.000
2 24 20.000 8.000 4.000 20.000 8.000 10.000
2 24 20.000 8.000 10.000 20.000 0.000 10.000
2 24 20.000 8.000 -10.000 20.000 0.000 -10.000
1 16 0.0000 4.0000 0.0000 1.0000 0.0000 0.0000 0.0000 -1.0000 0.0000 0.0000 0.0000 1.0000 stud3.dat
1 16 10.0000 0.0000 0.0000 1.0000 0.0000 0.0000 0.0000 1.0000 0.0000 0.0000 0.0000 1.0000 stud.dat
1 16 -10.0000 0.0000 0.0000 1.0000 0.0000 0.0000 0.0000 1.0000 0.0000 0.0000 0.0000 1.0000 stud.dat
0 BFC INVERTNEXT
1 16 0.0000 8.0000 0.0000 16.0000 0.0000 0.0000 0.0000 -4.0000 0.0000 0.0000 0.0000 6.0000 box5.dat
1 16 0.0000 0.0000 0.0000 20.0000 0.0000 0.0000 0.0000 1.0000 0.0000 0.0000 0.0000 -10.0000 rect.dat
1 16 20.0000 2.0000 0.0000 0.0000 0.0000 -1.0000 0.0000 1.0000 0.0000 1.0000 0.0000 0.0000 clh6.dat
1 16 20.0000 4.0000 0.0000 0.0000 -40.0000 0.0000 -4.0000 0.0000 0.0000 0.0000 0.0000 -10.0000 box3u7a.dat
