0 VISOR, NO. 1/WISE (Needs Work)
0 Name: 48485.dat
0 Author: <AuthorRealName> [<AuthorLDrawName>]
0 !LDRAW_ORG Unofficial_Part
0 !LICENSE Redistributable under CCAL version 2.0 : see CAreadme.txt

0 BFC CERTIFY CCW

0 !HISTORY 2013-08-14 {LEGO Digital Designer} Original part shape
0 !HISTORY 2013-08-14 [<AuthorLDrawName>] File preparation for LDraw Parts Tracker

0 // Needs Work: Clean necessary

0 // Outside
3 16 9.375 4.677 -19.496 3.47 4.676 -20.161 8.169 4.677 -17.795 
3 16 4.749 4.677 -23.007 3.47 4.676 -20.161 9.375 4.677 -19.496 
3 16 2.223 4.677 -24.443 0 4.677 -20.661 3.47 4.676 -20.161 
3 16 4.749 4.677 -23.007 2.223 4.677 -24.443 3.47 4.676 -20.161 
3 16 13.182 4.677 -15.089 9.375 4.677 -19.496 8.169 4.677 -17.795 
3 16 12.177 4.678 -13.893 13.182 4.677 -15.089 8.169 4.677 -17.795 
3 16 12.177 4.678 -13.893 15.622 4.677 -10.101 13.182 4.677 -15.089 
3 16 14.798 4.677 -9.753 15.622 4.677 -10.101 12.177 4.678 -13.893 
3 16 2.223 4.677 -24.443 2.816 9.514 -21.741 -2.223 4.677 -24.443 
3 16 2.816 9.514 -21.741 -2.816 9.514 -21.741 -2.223 4.677 -24.443 
3 16 2.816 9.514 -21.741 3.221 14.573 -19.784 -2.816 9.514 -21.741 
3 16 3.221 14.573 -19.784 -3.221 14.573 -19.784 -2.816 9.514 -21.741 
3 16 14.554 -9.197 0.001 14.549 -9.197 7.09 15.653 -9.686 0.001 
3 16 15.653 -9.686 0.001 14.549 -9.197 7.09 15.653 -9.686 7.067 
3 16 16.945 2.228 -3.169 17.202 1.961 4.753 17.079 4.677 4.496 
3 16 17.192 1.569 5.801 17.079 4.677 4.496 17.202 1.961 4.753 
3 16 16.945 2.228 -3.169 17.079 4.677 4.496 16.898 4.677 -3.195 
3 16 16.834 -2.121 -2.303 16.554 -4.989 -1.682 17.083 -1.875 4.753 
3 16 17.106 -1.54 6.529 17.083 -1.875 4.753 16.566 -5.647 6.82 
3 16 17.202 1.961 4.753 17.083 -1.875 4.753 17.192 1.569 5.801 
3 16 17.083 -1.875 4.753 17.106 -1.54 6.529 17.192 1.569 5.801 
3 16 16.554 -4.989 -1.682 15.653 -9.686 0.001 16.566 -5.647 6.82 
3 16 15.653 -9.686 7.067 16.566 -5.647 6.82 15.653 -9.686 0.001 
3 16 16.554 -4.989 -1.682 16.566 -5.647 6.82 17.083 -1.875 4.753 
3 16 15.653 -5.001 -6.885 14.923 -5.001 -6.885 14.554 -9.197 0.001 
3 16 15.653 -9.686 0.001 15.653 -5.001 -6.885 14.554 -9.197 0.001 
3 16 15.653 -2.36 -9.134 14.75 -2.348 -8.783 14.923 -5.001 -6.885 
3 16 15.653 -5.001 -6.885 15.653 -2.36 -9.134 14.923 -5.001 -6.885 
3 16 17.079 4.677 4.496 16.641 7.948 2.164 16.898 4.677 -3.195 
3 16 16.898 4.677 -3.195 16.641 7.948 2.164 16.486 8.042 -1.863 
3 16 16.641 7.948 2.164 15.423 11.567 -2.414 16.486 8.042 -1.863 
3 16 16.898 4.677 -3.195 16.486 8.042 -1.863 15.622 4.677 -10.101 
3 16 15.622 4.677 -10.101 16.486 8.042 -1.863 15.097 9.646 -8.214 
3 16 15.097 9.646 -8.214 16.486 8.042 -1.863 15.423 11.567 -2.414 
3 16 15.622 4.677 -10.101 15.097 9.646 -8.214 13.182 4.677 -15.089 
3 16 13.182 4.677 -15.089 15.097 9.646 -8.214 13.138 9.608 -13.258 
3 16 15.097 9.646 -8.214 15.423 11.567 -2.414 14.297 13.346 -7.213 
3 16 12.769 13.894 -12.028 13.138 9.608 -13.258 14.297 13.346 -7.213 
3 16 13.138 9.608 -13.258 15.097 9.646 -8.214 14.297 13.346 -7.213 
3 16 9.727 9.57 -17.461 9.375 4.677 -19.496 13.138 9.608 -13.258 
3 16 9.375 4.677 -19.496 13.182 4.677 -15.089 13.138 9.608 -13.258 
3 16 9.767 14.248 -16.063 9.727 9.57 -17.461 12.769 13.894 -12.028 
3 16 9.727 9.57 -17.461 13.138 9.608 -13.258 12.769 13.894 -12.028 
3 16 5.263 9.532 -20.552 4.749 4.677 -23.007 9.727 9.57 -17.461 
3 16 4.749 4.677 -23.007 9.375 4.677 -19.496 9.727 9.57 -17.461 
3 16 4.749 4.677 -23.007 5.263 9.532 -20.552 2.223 4.677 -24.443 
3 16 5.263 9.532 -20.552 2.816 9.514 -21.741 2.223 4.677 -24.443 
3 16 5.544 14.49 -18.805 5.263 9.532 -20.552 9.767 14.248 -16.063 
3 16 5.263 9.532 -20.552 9.727 9.57 -17.461 9.767 14.248 -16.063 
3 16 3.221 14.573 -19.784 2.816 9.514 -21.741 5.544 14.49 -18.805 
3 16 2.816 9.514 -21.741 5.263 9.532 -20.552 5.544 14.49 -18.805 
3 16 17.083 -1.875 4.753 17.202 1.961 4.753 14.75 -1.875 4.753 
3 16 17.202 1.961 4.753 14.75 1.875 4.753 14.75 -1.875 4.753 
3 16 14.75 1.875 4.753 14.75 -2.348 -8.783 14.75 -1.875 4.753 
3 16 14.75 2.378 -9.646 14.75 -2.348 -8.783 14.75 1.875 4.753 
3 16 16.834 -2.121 -2.303 17.083 -1.875 4.753 14.75 -1.875 4.753 
3 16 14.75 -2.348 -8.783 16.834 -2.121 -2.303 14.75 -1.875 4.753 
3 16 15.653 -2.36 -9.134 16.834 -2.121 -2.303 14.75 -2.348 -8.783 
3 16 14.75 2.378 -9.646 14.75 1.875 4.753 16.945 2.228 -3.169 
3 16 15.653 2.423 -10.028 14.75 2.378 -9.646 16.945 2.228 -3.169 
3 16 14.75 2.378 -9.646 15.653 2.423 -10.028 14.798 4.677 -9.753 
3 16 14.798 4.677 -9.753 15.653 2.423 -10.028 15.622 4.677 -10.101 
3 16 16.945 2.228 -3.169 16.898 4.677 -3.195 15.653 2.423 -10.028 
3 16 15.653 2.423 -10.028 16.898 4.677 -3.195 15.622 4.677 -10.101 
3 16 15.653 -5.001 -6.885 15.653 -9.686 0.001 16.554 -4.989 -1.682 
3 16 15.653 -2.36 -9.134 15.653 -5.001 -6.885 16.834 -2.121 -2.303 
3 16 15.653 -5.001 -6.885 16.554 -4.989 -1.682 16.834 -2.121 -2.303 
3 16 3.887 -19.899 7.692 3.629 -19.901 1.318 8.04 -18.613 7.613 
3 16 3.629 -19.901 1.318 8.032 -18.379 1.763 8.04 -18.613 7.613 
3 16 3.629 -19.901 1.318 3.341 -19.206 -5.004 8.032 -18.379 1.763 
3 16 3.341 -19.206 -5.004 8.093 -17.513 -4.071 8.032 -18.379 1.763 
3 16 8.04 -18.613 7.613 8.032 -18.379 1.763 11.955 -16.375 7.476 
3 16 12.093 -16.062 2.441 11.955 -16.375 7.476 8.032 -18.379 1.763 
3 16 8.032 -18.379 1.763 8.093 -17.513 -4.071 12.093 -16.062 2.441 
3 16 12.093 -16.062 2.441 8.093 -17.513 -4.071 12.407 -15.213 -2.491 
3 16 3.341 -19.206 -5.004 2.989 -16.883 -10.93 8.093 -17.513 -4.071 
3 16 2.989 -16.883 -10.93 8.076 -15.36 -9.463 8.093 -17.513 -4.071 
3 16 8.093 -17.513 -4.071 8.076 -15.36 -9.463 12.407 -15.213 -2.491 
3 16 12.407 -15.213 -2.491 8.076 -15.36 -9.463 12.617 -13.354 -7.199 
3 16 11.955 -16.375 7.476 12.093 -16.062 2.441 15.439 -13.142 7.278 
3 16 15.439 -13.142 7.278 12.093 -16.062 2.441 15.605 -12.913 3.315 
3 16 12.093 -16.062 2.441 12.407 -15.213 -2.491 15.605 -12.913 3.315 
3 16 16.066 -12.229 -0.573 15.605 -12.913 3.315 12.407 -15.213 -2.491 
3 16 12.407 -15.213 -2.491 12.617 -13.354 -7.199 16.066 -12.229 -0.573 
3 16 16.066 -12.229 -0.573 12.617 -13.354 -7.199 16.386 -10.861 -4.29 
3 16 2.989 -16.883 -10.93 2.648 -13.093 -16.055 8.076 -15.36 -9.463 
3 16 2.648 -13.093 -16.055 7.962 -11.978 -14.227 8.076 -15.36 -9.463 
3 16 2.648 -13.093 -16.055 2.34 -8.133 -20.072 7.962 -11.978 -14.227 
3 16 2.34 -8.133 -20.072 7.831 -7.537 -18.085 7.962 -11.978 -14.227 
3 16 8.076 -15.36 -9.463 7.962 -11.978 -14.227 12.617 -13.354 -7.199 
3 16 12.623 -10.495 -11.362 12.617 -13.354 -7.199 7.962 -11.978 -14.227 
3 16 7.962 -11.978 -14.227 7.831 -7.537 -18.085 12.623 -10.495 -11.362 
3 16 12.623 -10.495 -11.362 7.831 -7.537 -18.085 12.566 -6.774 -14.735 
3 16 2.34 -8.133 -20.072 2.037 -2.323 -22.724 7.831 -7.537 -18.085 
3 16 2.037 -2.323 -22.724 7.715 -2.323 -20.727 7.831 -7.537 -18.085 
3 16 7.831 -7.537 -18.085 7.715 -2.323 -20.727 12.566 -6.774 -14.735 
3 16 12.566 -6.774 -14.735 7.715 -2.323 -20.727 12.534 -2.323 -17.082 
3 16 12.617 -13.354 -7.199 12.623 -10.495 -11.362 16.386 -10.861 -4.29 
3 16 16.401 -8.717 -7.625 16.386 -10.861 -4.29 12.623 -10.495 -11.362 
3 16 12.623 -10.495 -11.362 12.566 -6.774 -14.735 16.401 -8.717 -7.625 
3 16 16.301 -5.835 -10.358 16.401 -8.717 -7.625 12.566 -6.774 -14.735 
3 16 12.566 -6.774 -14.735 12.534 -2.323 -17.082 16.301 -5.835 -10.358 
3 16 16.301 -5.835 -10.358 12.534 -2.323 -17.082 16.238 -2.323 -12.195 
3 16 2.037 -2.323 -22.724 2.34 -8.133 -20.072 1.923 -2.323 -22.789 
3 16 2.01 -8.269 -20.257 1.923 -2.323 -22.789 2.34 -8.133 -20.072 
3 16 2.1 -13.377 -16.293 2.01 -8.269 -20.257 2.648 -13.093 -16.055 
3 16 2.01 -8.269 -20.257 2.34 -8.133 -20.072 2.648 -13.093 -16.055 
3 16 1.875 -8.536 -20.494 1.875 -2.323 -22.944 2.01 -8.269 -20.257 
3 16 1.875 -2.323 -22.944 1.923 -2.323 -22.789 2.01 -8.269 -20.257 
3 16 1.875 -13.922 -16.568 1.875 -8.536 -20.494 2.1 -13.377 -16.293 
3 16 1.875 -8.536 -20.494 2.01 -8.269 -20.257 2.1 -13.377 -16.293 
3 16 2.207 -17.315 -11.163 2.1 -13.377 -16.293 2.989 -16.883 -10.93 
3 16 2.1 -13.377 -16.293 2.648 -13.093 -16.055 2.989 -16.883 -10.93 
3 16 1.875 -18.141 -11.415 1.875 -13.922 -16.568 2.207 -17.315 -11.163 
3 16 2.207 -17.315 -11.163 1.875 -13.922 -16.568 2.1 -13.377 -16.293 
3 16 2.32 -19.781 -5.18 2.207 -17.315 -11.163 3.341 -19.206 -5.004 
3 16 3.341 -19.206 -5.004 2.207 -17.315 -11.163 2.989 -16.883 -10.93 
3 16 2.4 -20.61 1.246 2.32 -19.781 -5.18 3.629 -19.901 1.318 
3 16 3.629 -19.901 1.318 2.32 -19.781 -5.18 3.341 -19.206 -5.004 
3 16 1.875 -20.88 -5.355 1.875 -18.141 -11.415 2.32 -19.781 -5.18 
3 16 1.875 -18.141 -11.415 2.207 -17.315 -11.163 2.32 -19.781 -5.18 
3 16 1.875 -21.975 1.198 1.875 -20.88 -5.355 2.4 -20.61 1.246 
3 16 1.875 -20.88 -5.355 2.32 -19.781 -5.18 2.4 -20.61 1.246 
3 16 2.465 -20.735 7.743 2.4 -20.61 1.246 3.887 -19.899 7.692 
3 16 2.4 -20.61 1.246 3.629 -19.901 1.318 3.887 -19.899 7.692 
3 16 1.875 -22.355 7.842 1.875 -21.975 1.198 2.465 -20.735 7.743 
3 16 1.875 -21.975 1.198 2.4 -20.61 1.246 2.465 -20.735 7.743 
3 16 1.875 -24.009 7.943 1.875 -23.553 1.052 1.875 -22.355 7.842 
3 16 1.875 -23.553 1.052 1.875 -21.975 1.198 1.875 -22.355 7.842 
3 16 1.875 -23.553 1.052 1.875 -22.271 -5.726 1.875 -21.975 1.198 
3 16 1.875 -20.88 -5.355 1.875 -21.975 1.198 1.875 -22.271 -5.726 
3 16 1.875 -22.271 -5.726 1.875 -19.43 -11.992 1.875 -20.88 -5.355 
3 16 1.875 -18.141 -11.415 1.875 -20.88 -5.355 1.875 -19.43 -11.992 
3 16 1.875 -19.43 -11.992 1.875 -14.692 -16.982 1.875 -18.141 -11.415 
3 16 1.875 -14.692 -16.982 1.875 -13.922 -16.568 1.875 -18.141 -11.415 
3 16 1.875 -8.536 -20.494 1.875 -13.922 -16.568 1.875 -8.8 -20.567 
3 16 1.875 -13.922 -16.568 1.875 -14.692 -16.982 1.875 -8.8 -20.567 
3 16 1.875 -2.323 -22.944 1.875 -8.536 -20.494 1.875 -8.8 -20.567 
3 16 17.469 -13.715 3.297 17.469 -14.044 7.333 15.605 -12.913 3.315 
3 16 17.469 -14.044 7.333 15.439 -13.142 7.278 15.605 -12.913 3.315 
3 16 17.469 -12.804 -0.647 17.469 -13.715 3.297 16.066 -12.229 -0.573 
3 16 16.066 -12.229 -0.573 17.469 -13.715 3.297 15.605 -12.913 3.315 
3 16 17.469 -11.277 -4.393 17.469 -12.804 -0.647 16.386 -10.861 -4.29 
3 16 17.469 -9.08 -7.787 17.469 -11.277 -4.393 16.401 -8.717 -7.625 
3 16 17.469 -11.277 -4.393 16.386 -10.861 -4.29 16.401 -8.717 -7.625 
3 16 17.469 -6.171 -10.594 17.469 -9.08 -7.787 16.301 -5.835 -10.358 
3 16 16.301 -5.835 -10.358 17.469 -9.08 -7.787 16.401 -8.717 -7.625 
3 16 17.469 -2.593 -12.501 17.469 -6.171 -10.594 16.238 -2.323 -12.195 
3 16 16.238 -2.323 -12.195 17.469 -6.171 -10.594 16.301 -5.835 -10.358 
3 16 16.238 -2.323 -12.195 12.503 -2.323 -12.196 12.688 1.427 -12.891 
3 16 19.395 1.427 -4.495 19.56 -0.925 -2.713 18.568 1.427 -8.908 
3 16 19.56 -0.925 -2.713 18.686 -2.675 -7.161 18.568 1.427 -8.908 
3 16 17.469 -2.593 -12.501 17.469 1.427 -13.245 18.686 -2.675 -7.161 
3 16 18.686 -2.675 -7.161 17.469 1.427 -13.245 18.568 1.427 -8.908 
3 16 17.469 -6.171 -10.594 17.469 -2.593 -12.501 18.686 -2.675 -7.161 
3 16 18.83 -6.824 -2.908 18.686 -2.675 -7.161 19.753 -3.369 0.312 
3 16 19.753 -3.369 0.312 18.686 -2.675 -7.161 19.56 -0.925 -2.713 
3 16 17.469 -9.08 -7.787 17.469 -6.171 -10.594 18.83 -6.824 -2.908 
3 16 18.83 -6.824 -2.908 17.469 -6.171 -10.594 18.686 -2.675 -7.161 
3 16 17.469 -11.277 -4.393 17.469 -9.08 -7.787 18.83 -6.824 -2.908 
3 16 18.952 -9.13 2.61 18.83 -6.824 -2.908 19.902 -4.848 3.905 
3 16 19.902 -4.848 3.905 18.83 -6.824 -2.908 19.753 -3.369 0.312 
3 16 18.952 -9.13 2.61 17.469 -11.277 -4.393 18.83 -6.824 -2.908 
3 16 17.469 -13.715 3.297 17.469 -12.804 -0.647 18.952 -9.13 2.61 
3 16 19.025 -9.758 7.071 18.952 -9.13 2.61 19.978 -5.283 6.798 
3 16 19.902 -4.848 3.905 19.978 -5.283 6.798 18.952 -9.13 2.61 
3 16 17.469 -14.044 7.333 17.469 -13.715 3.297 19.025 -9.758 7.071 
3 16 19.025 -9.758 7.071 17.469 -13.715 3.297 18.952 -9.13 2.61 
3 16 17.469 1.427 -13.245 17.469 -2.593 -12.501 16.239 1.427 -12.891 
3 16 16.238 -2.323 -12.195 16.239 1.427 -12.891 17.469 -2.593 -12.501 
3 16 16.778 1.427 -15.928 16.731 4.886 -15.539 18.881 1.427 -9.872 
3 16 16.731 4.886 -15.539 18.804 4.87 -9.633 18.881 1.427 -9.872 
3 16 12.926 8.223 -19.364 12.801 11.49 -18.153 16.603 8.237 -14.635 
3 16 12.801 11.49 -18.153 16.169 11.529 -13.638 16.603 8.237 -14.635 
3 16 19.454 4.853 -3.364 19.395 1.427 -4.495 18.804 4.87 -9.633 
3 16 18.804 4.87 -9.633 19.395 1.427 -4.495 18.881 1.427 -9.872 
3 16 19.454 4.853 -3.364 19.302 8.264 -3.084 19.927 5.114 4.246 
3 16 18.804 4.87 -9.633 18.625 8.251 -9.026 19.454 4.853 -3.364 
3 16 18.625 8.251 -9.026 19.302 8.264 -3.084 19.454 4.853 -3.364 
3 16 18.625 8.251 -9.026 18.804 4.87 -9.633 16.603 8.237 -14.635 
3 16 16.731 4.886 -15.539 16.603 8.237 -14.635 18.804 4.87 -9.633 
3 16 18.608 11.747 -2.749 19.719 8.275 1.861 19.302 8.264 -3.084 
3 16 18.625 8.251 -9.026 18.042 11.569 -8.351 19.302 8.264 -3.084 
3 16 18.042 11.569 -8.351 18.608 11.747 -2.749 19.302 8.264 -3.084 
3 16 16.603 8.237 -14.635 16.169 11.529 -13.638 18.625 8.251 -9.026 
3 16 16.169 11.529 -13.638 18.042 11.569 -8.351 18.625 8.251 -9.026 
3 16 16.169 11.529 -13.638 15.694 13.985 -13.065 18.042 11.569 -8.351 
3 16 15.694 13.985 -13.065 17.543 13.498 -8.032 18.042 11.569 -8.351 
3 16 18.042 11.569 -8.351 17.543 13.498 -8.032 18.608 11.747 -2.749 
3 16 12.705 1.427 -20.894 12.846 4.902 -20.459 16.778 1.427 -15.928 
3 16 12.846 4.902 -20.459 16.731 4.886 -15.539 16.778 1.427 -15.928 
3 16 12.846 4.902 -20.459 12.705 1.427 -20.894 8.142 4.918 -24.6 
3 16 7.884 1.427 -25.134 8.142 4.918 -24.6 12.705 1.427 -20.894 
3 16 12.846 4.902 -20.459 12.926 8.223 -19.364 16.731 4.886 -15.539 
3 16 12.926 8.223 -19.364 16.603 8.237 -14.635 16.731 4.886 -15.539 
3 16 12.926 8.223 -19.364 12.846 4.902 -20.459 8.359 8.209 -23.26 
3 16 8.142 4.918 -24.6 8.359 8.209 -23.26 12.846 4.902 -20.459 
3 16 2.5 1.427 -28.625 2.826 4.935 -27.89 7.884 1.427 -25.134 
3 16 2.826 4.935 -27.89 8.142 4.918 -24.6 7.884 1.427 -25.134 
3 16 8.359 8.209 -23.26 8.142 4.918 -24.6 3.13 8.196 -26.203 
3 16 8.142 4.918 -24.6 2.826 4.935 -27.89 3.13 8.196 -26.203 
3 16 8.359 8.209 -23.26 8.471 11.451 -21.781 12.926 8.223 -19.364 
3 16 8.471 11.451 -21.781 12.801 11.49 -18.153 12.926 8.223 -19.364 
3 16 12.801 11.49 -18.153 12.576 14.364 -17.395 16.169 11.529 -13.638 
3 16 12.576 14.364 -17.395 15.694 13.985 -13.065 16.169 11.529 -13.638 
3 16 8.471 11.451 -21.781 8.52 14.662 -20.795 12.801 11.49 -18.153 
3 16 8.52 14.662 -20.795 12.576 14.364 -17.395 12.801 11.49 -18.153 
3 16 3.13 8.196 -26.203 3.429 11.412 -24.351 8.359 8.209 -23.26 
3 16 3.429 11.412 -24.351 8.471 11.451 -21.781 8.359 8.209 -23.26 
3 16 3.429 11.412 -24.351 3.75 14.859 -23.043 8.471 11.451 -21.781 
3 16 3.75 14.859 -23.043 8.52 14.662 -20.795 8.471 11.451 -21.781 
3 16 2.465 -20.735 7.743 2.697 -16.787 7.523 -2.465 -20.735 7.743 
3 16 -2.465 -20.735 7.743 2.697 -16.787 7.523 -2.697 -16.787 7.523 
3 16 2.697 -16.787 7.523 2.465 -20.735 7.743 3.887 -19.899 7.692 
3 16 8.26 -14.686 7.32 2.697 -16.787 7.523 3.887 -19.899 7.692 
3 16 11.955 -16.375 7.476 8.26 -14.686 7.32 8.04 -18.613 7.613 
3 16 8.26 -14.686 7.32 11.955 -16.375 7.476 13.047 -10.934 7.145 
3 16 14.549 -9.197 7.09 13.047 -10.934 7.145 15.439 -13.142 7.278 
3 16 15.653 -9.686 7.067 14.549 -9.197 7.09 15.439 -13.142 7.278 
3 16 17.469 -14.044 7.333 15.653 -9.686 7.067 15.439 -13.142 7.278 
3 16 19.025 -9.758 7.071 15.653 -9.686 7.067 17.469 -14.044 7.333 
3 16 16.566 -5.647 6.82 15.653 -9.686 7.067 19.025 -9.758 7.071 
3 16 19.978 -5.283 6.798 16.566 -5.647 6.82 19.025 -9.758 7.071 
3 16 19.978 -5.283 6.798 17.106 -1.54 6.529 16.566 -5.647 6.82 
3 16 14.297 13.346 -7.213 18.608 11.747 -2.749 17.543 13.498 -8.032 
3 16 15.423 11.567 -2.414 18.608 11.747 -2.749 14.297 13.346 -7.213 
3 16 18.608 11.747 -2.749 15.423 11.567 -2.414 19.719 8.275 1.861 
3 16 19.719 8.275 1.861 15.423 11.567 -2.414 16.641 7.948 2.164 
3 16 19.927 5.114 4.246 19.719 8.275 1.861 16.641 7.948 2.164 
3 16 17.079 4.677 4.496 19.927 5.114 4.246 16.641 7.948 2.164 
3 16 17.079 4.677 4.496 19.952 2.643 5.453 19.927 5.114 4.246 
3 16 17.192 1.569 5.801 19.952 2.643 5.453 17.079 4.677 4.496 
3 16 19.971 -1.347 6.449 19.952 2.643 5.453 17.192 1.569 5.801 
3 16 17.106 -1.54 6.529 19.971 -1.347 6.449 17.192 1.569 5.801 
3 16 17.106 -1.54 6.529 19.978 -5.283 6.798 19.971 -1.347 6.449 
3 16 3.221 14.573 -19.784 3.75 14.859 -23.043 -3.221 14.573 -19.784 
3 16 3.221 14.573 -19.784 8.52 14.662 -20.795 3.75 14.859 -23.043 
3 16 5.544 14.49 -18.805 8.52 14.662 -20.795 3.221 14.573 -19.784 
3 16 5.544 14.49 -18.805 12.576 14.364 -17.395 8.52 14.662 -20.795 
3 16 9.767 14.248 -16.063 12.576 14.364 -17.395 5.544 14.49 -18.805 
3 16 9.767 14.248 -16.063 15.694 13.985 -13.065 12.576 14.364 -17.395 
3 16 12.769 13.894 -12.028 15.694 13.985 -13.065 9.767 14.248 -16.063 
3 16 12.769 13.894 -12.028 17.543 13.498 -8.032 15.694 13.985 -13.065 
3 16 14.297 13.346 -7.213 17.543 13.498 -8.032 12.769 13.894 -12.028 
3 16 1.875 -2.323 -19.195 2.037 -2.323 -22.724 1.923 -2.323 -22.789 
3 16 2.037 -2.323 -22.724 1.875 -2.323 -19.195 7.715 -2.323 -20.727 
3 16 7.715 -2.323 -20.727 1.875 -2.323 -19.195 5.997 -2.323 -17.452 
3 16 7.715 -2.323 -20.727 5.997 -2.323 -17.452 12.534 -2.323 -17.082 
3 16 12.534 -2.323 -17.082 5.997 -2.323 -17.452 10.336 -2.323 -14.366 
3 16 16.238 -2.323 -12.195 12.534 -2.323 -17.082 10.336 -2.323 -14.366 
3 16 13.051 -10.934 0 13.047 -10.934 7.145 14.554 -9.197 0.001 
3 16 14.554 -9.197 0.001 13.047 -10.934 7.145 14.549 -9.197 7.09 
3 16 8.261 -14.686 0 8.26 -14.686 7.32 13.051 -10.934 0 
3 16 13.051 -10.934 0 8.26 -14.686 7.32 13.047 -10.934 7.145 
3 16 2.694 -16.787 0.001 2.697 -16.787 7.523 8.261 -14.686 0 
3 16 8.261 -14.686 0 2.697 -16.787 7.523 8.26 -14.686 7.32 
3 16 14.554 -9.197 0.001 14.923 -5.001 -6.885 13.051 -10.934 0 
3 16 12.107 -8.328 -8.449 13.051 -10.934 0 14.923 -5.001 -6.885 
3 16 13.051 -10.934 0 12.107 -8.328 -8.449 8.261 -14.686 0 
3 16 7.772 -11.635 -9.25 8.261 -14.686 0 12.107 -8.328 -8.449 
3 16 14.75 -2.348 -8.783 12.503 -2.323 -12.196 11.781 -4.927 -11.754 
3 16 12.177 4.678 -13.893 12.688 1.427 -12.891 14.798 4.677 -9.753 
3 16 14.75 2.378 -9.646 14.798 4.677 -9.753 12.688 1.427 -12.891 
3 16 12.688 1.427 -12.891 12.177 4.678 -13.893 8.184 1.427 -17.323 
3 16 12.177 4.678 -13.893 8.169 4.677 -17.795 8.184 1.427 -17.323 
3 16 14.75 -2.348 -8.783 14.75 2.378 -9.646 12.503 -2.323 -12.196 
3 16 12.503 -2.323 -12.196 14.75 2.378 -9.646 12.688 1.427 -12.891 
3 16 10.336 -2.323 -14.366 7.549 -6.077 -14.641 12.503 -2.323 -12.196 
3 16 7.549 -6.077 -14.641 11.781 -4.927 -11.754 12.503 -2.323 -12.196 
3 16 7.549 -6.077 -14.641 10.336 -2.323 -14.366 5.997 -2.323 -17.452 
3 16 7.549 -6.077 -14.641 7.772 -11.635 -9.25 11.781 -4.927 -11.754 
3 16 7.772 -11.635 -9.25 12.107 -8.328 -8.449 11.781 -4.927 -11.754 
3 16 12.107 -8.328 -8.449 14.923 -5.001 -6.885 11.781 -4.927 -11.754 
3 16 14.923 -5.001 -6.885 14.75 -2.348 -8.783 11.781 -4.927 -11.754 
3 16 8.261 -14.686 0 7.772 -11.635 -9.25 2.694 -16.787 0.001 
3 16 2.672 -13.956 -8.967 2.694 -16.787 0.001 7.772 -11.635 -9.25 
3 16 1.875 -2.323 -19.195 2.674 -6.531 -17.096 5.997 -2.323 -17.452 
3 16 7.549 -6.077 -14.641 5.997 -2.323 -17.452 2.674 -6.531 -17.096 
3 16 2.674 -6.531 -17.096 2.672 -13.956 -8.967 7.549 -6.077 -14.641 
3 16 2.672 -13.956 -8.967 7.772 -11.635 -9.25 7.549 -6.077 -14.641 
3 16 8.184 1.427 -17.323 8.169 4.677 -17.795 1.875 1.427 -20.264 
3 16 8.169 4.677 -17.795 3.47 4.676 -20.161 1.875 1.427 -20.264 
3 16 2.674 -6.531 -17.096 1.875 -2.323 -19.195 -2.674 -6.531 -17.096 
3 16 -2.674 -6.531 -17.096 1.875 -2.323 -19.195 -1.875 -2.323 -19.195 
3 16 -2.672 -13.956 -8.967 2.674 -6.531 -17.096 -2.674 -6.531 -17.096 
3 16 -2.672 -13.956 -8.967 2.672 -13.956 -8.967 2.674 -6.531 -17.096 
3 16 0 4.677 -20.661 1.875 1.427 -20.264 3.47 4.676 -20.161 
3 16 -1.875 -14.692 -16.982 1.875 -14.692 -16.982 1.875 -19.43 -11.992 
3 16 1.875 1.427 -20.264 2.5 1.427 -28.625 8.184 1.427 -17.323 
3 16 8.184 1.427 -17.323 2.5 1.427 -28.625 7.884 1.427 -25.134 
3 16 12.688 1.427 -12.891 8.184 1.427 -17.323 7.884 1.427 -25.134 
3 16 12.688 1.427 -12.891 7.884 1.427 -25.134 12.705 1.427 -20.894 
3 16 16.239 1.427 -12.891 12.688 1.427 -12.891 12.705 1.427 -20.894 
3 16 16.778 1.427 -15.928 16.239 1.427 -12.891 12.705 1.427 -20.894 
3 16 17.469 1.427 -13.245 16.239 1.427 -12.891 16.778 1.427 -15.928 
3 16 18.881 1.427 -9.872 17.469 1.427 -13.245 16.778 1.427 -15.928 
3 16 18.568 1.427 -8.908 17.469 1.427 -13.245 18.881 1.427 -9.872 
3 16 18.568 1.427 -8.908 18.881 1.427 -9.872 19.395 1.427 -4.495 
3 16 2.694 -16.787 0.001 -2.697 -16.787 7.523 2.697 -16.787 7.523 
3 16 2.694 -16.787 0.001 2.672 -13.956 -8.967 -2.694 -16.787 0.001 
3 16 16.238 -2.323 -12.195 12.688 1.427 -12.891 16.239 1.427 -12.891 
3 16 16.238 -2.323 -12.195 10.336 -2.323 -14.366 12.503 -2.323 -12.196 
3 16 14.75 1.875 4.753 17.202 1.961 4.753 16.945 2.228 -3.169 
3 16 19.978 -5.283 6.798 19.902 -4.848 3.905 19.971 -1.347 6.449 
3 16 19.395 1.427 -4.495 19.454 4.853 -3.364 19.952 2.643 5.453 
3 16 19.952 2.643 5.453 19.454 4.853 -3.364 19.927 5.114 4.246 
3 16 19.952 2.643 5.453 19.971 -1.347 6.449 19.56 -0.925 -2.713 
3 16 19.395 1.427 -4.495 19.952 2.643 5.453 19.56 -0.925 -2.713 
3 16 19.719 8.275 1.861 19.927 5.114 4.246 19.302 8.264 -3.084 
3 16 19.56 -0.925 -2.713 19.971 -1.347 6.449 19.753 -3.369 0.312 
3 16 19.971 -1.347 6.449 19.902 -4.848 3.905 19.753 -3.369 0.312 
3 16 17.469 -12.804 -0.647 17.469 -11.277 -4.393 18.952 -9.13 2.61 
3 16 16.066 -12.229 -0.573 16.386 -10.861 -4.29 17.469 -12.804 -0.647 
3 16 3.887 -19.899 7.692 8.04 -18.613 7.613 8.26 -14.686 7.32 
3 16 11.955 -16.375 7.476 15.439 -13.142 7.278 13.047 -10.934 7.145 
3 16 -4.749 4.677 -23.007 -9.375 4.677 -19.496 -8.169 4.677 -17.795 
3 16 -3.47 4.676 -20.161 -4.749 4.677 -23.007 -8.169 4.677 -17.795 
3 16 0 4.677 -20.661 -2.223 4.677 -24.443 -3.47 4.676 -20.161 
3 16 -2.223 4.677 -24.443 -4.749 4.677 -23.007 -3.47 4.676 -20.161 
3 16 0 4.677 -20.661 2.223 4.677 -24.443 -2.223 4.677 -24.443 
3 16 -9.375 4.677 -19.496 -12.177 4.678 -13.893 -8.169 4.677 -17.795 
3 16 -13.182 4.677 -15.089 -12.177 4.678 -13.893 -9.375 4.677 -19.496 
3 16 -14.798 4.677 -9.753 -12.177 4.678 -13.893 -13.182 4.677 -15.089 
3 16 -15.622 4.677 -10.101 -14.798 4.677 -9.753 -13.182 4.677 -15.089 
3 16 -14.549 -9.197 7.09 -14.554 -9.197 0.001 -15.653 -9.686 7.067 
3 16 -14.554 -9.197 0.001 -15.653 -9.686 0 -15.653 -9.686 7.067 
3 16 -17.202 1.961 4.753 -16.898 4.677 -3.195 -17.079 4.677 4.496 
3 16 -17.192 1.569 5.801 -17.202 1.961 4.753 -17.079 4.677 4.496 
3 16 -17.202 1.961 4.753 -16.945 2.228 -3.169 -16.898 4.677 -3.195 
3 16 -16.834 -2.121 -2.303 -17.083 -1.875 4.753 -16.554 -4.989 -1.682 
3 16 -16.566 -5.647 6.82 -16.554 -4.989 -1.682 -17.083 -1.875 4.753 
3 16 -17.106 -1.54 6.529 -16.566 -5.647 6.82 -17.083 -1.875 4.753 
3 16 -17.202 1.961 4.753 -17.192 1.569 5.801 -17.083 -1.875 4.753 
3 16 -17.083 -1.875 4.753 -17.192 1.569 5.801 -17.106 -1.54 6.529 
3 16 -15.653 -9.686 0 -16.554 -4.989 -1.682 -15.653 -9.686 7.067 
3 16 -16.566 -5.647 6.82 -15.653 -9.686 7.067 -16.554 -4.989 -1.682 
3 16 -14.923 -5.001 -6.885 -15.653 -9.686 0 -14.554 -9.197 0.001 
3 16 -15.653 -5.001 -6.885 -15.653 -9.686 0 -14.923 -5.001 -6.885 
3 16 -14.75 -2.348 -8.783 -15.653 -5.001 -6.885 -14.923 -5.001 -6.885 
3 16 -15.653 -2.36 -9.134 -15.653 -5.001 -6.885 -14.75 -2.348 -8.783 
3 16 -16.641 7.948 2.164 -17.079 4.677 4.496 -16.486 8.042 -1.863 
3 16 -17.079 4.677 4.496 -16.898 4.677 -3.195 -16.486 8.042 -1.863 
3 16 -16.641 7.948 2.164 -16.486 8.042 -1.863 -15.423 11.567 -2.414 
3 16 -16.486 8.042 -1.863 -16.898 4.677 -3.195 -15.097 9.646 -8.214 
3 16 -16.898 4.677 -3.195 -15.622 4.677 -10.101 -15.097 9.646 -8.214 
3 16 -16.486 8.042 -1.863 -15.097 9.646 -8.214 -15.423 11.567 -2.414 
3 16 -15.097 9.646 -8.214 -15.622 4.677 -10.101 -13.138 9.608 -13.258 
3 16 -15.622 4.677 -10.101 -13.182 4.677 -15.089 -13.138 9.608 -13.258 
3 16 -15.097 9.646 -8.214 -14.297 13.346 -7.213 -15.423 11.567 -2.414 
3 16 -13.138 9.608 -13.258 -12.769 13.894 -12.028 -15.097 9.646 -8.214 
3 16 -15.097 9.646 -8.214 -12.769 13.894 -12.028 -14.297 13.346 -7.213 
3 16 -9.375 4.677 -19.496 -9.727 9.57 -17.461 -13.182 4.677 -15.089 
3 16 -13.182 4.677 -15.089 -9.727 9.57 -17.461 -13.138 9.608 -13.258 
3 16 -9.727 9.57 -17.461 -9.767 14.248 -16.063 -13.138 9.608 -13.258 
3 16 -13.138 9.608 -13.258 -9.767 14.248 -16.063 -12.769 13.894 -12.028 
3 16 -4.749 4.677 -23.007 -5.263 9.532 -20.552 -9.375 4.677 -19.496 
3 16 -9.375 4.677 -19.496 -5.263 9.532 -20.552 -9.727 9.57 -17.461 
3 16 -5.263 9.532 -20.552 -4.749 4.677 -23.007 -2.816 9.514 -21.741 
3 16 -2.816 9.514 -21.741 -4.749 4.677 -23.007 -2.223 4.677 -24.443 
3 16 -5.263 9.532 -20.552 -5.544 14.49 -18.805 -9.727 9.57 -17.461 
3 16 -9.727 9.57 -17.461 -5.544 14.49 -18.805 -9.767 14.248 -16.063 
3 16 -2.816 9.514 -21.741 -3.221 14.573 -19.784 -5.263 9.532 -20.552 
3 16 -5.263 9.532 -20.552 -3.221 14.573 -19.784 -5.544 14.49 -18.805 
3 16 -17.202 1.961 4.753 -17.083 -1.875 4.753 -14.75 1.875 4.753 
3 16 -14.75 1.875 4.753 -17.083 -1.875 4.753 -14.75 -1.875 4.753 
3 16 -14.75 2.378 -9.646 -14.75 1.875 4.753 -14.75 -1.875 4.753 
3 16 -14.75 -2.348 -8.783 -14.75 2.378 -9.646 -14.75 -1.875 4.753 
3 16 -16.834 -2.121 -2.303 -14.75 -1.875 4.753 -17.083 -1.875 4.753 
3 16 -14.75 -2.348 -8.783 -14.75 -1.875 4.753 -16.834 -2.121 -2.303 
3 16 -15.653 -2.36 -9.134 -14.75 -2.348 -8.783 -16.834 -2.121 -2.303 
3 16 -14.75 2.378 -9.646 -16.945 2.228 -3.169 -14.75 1.875 4.753 
3 16 -15.653 2.423 -10.028 -16.945 2.228 -3.169 -14.75 2.378 -9.646 
3 16 -14.75 2.378 -9.646 -14.798 4.677 -9.753 -15.653 2.423 -10.028 
3 16 -14.798 4.677 -9.753 -15.622 4.677 -10.101 -15.653 2.423 -10.028 
3 16 -16.898 4.677 -3.195 -16.945 2.228 -3.169 -15.622 4.677 -10.101 
3 16 -16.945 2.228 -3.169 -15.653 2.423 -10.028 -15.622 4.677 -10.101 
3 16 -15.653 -5.001 -6.885 -16.554 -4.989 -1.682 -15.653 -9.686 0 
3 16 -15.653 -5.001 -6.885 -15.653 -2.36 -9.134 -16.554 -4.989 -1.682 
3 16 -16.554 -4.989 -1.682 -15.653 -2.36 -9.134 -16.834 -2.121 -2.303 
3 16 -3.629 -19.901 1.318 -3.887 -19.899 7.692 -8.032 -18.379 1.763 
3 16 -8.032 -18.379 1.763 -3.887 -19.899 7.692 -8.04 -18.613 7.613 
3 16 -3.341 -19.206 -5.004 -3.629 -19.901 1.318 -8.093 -17.513 -4.071 
3 16 -8.093 -17.513 -4.071 -3.629 -19.901 1.318 -8.032 -18.379 1.763 
3 16 -8.032 -18.379 1.763 -8.04 -18.613 7.613 -12.093 -16.062 2.441 
3 16 -11.955 -16.375 7.476 -12.093 -16.062 2.441 -8.04 -18.613 7.613 
3 16 -8.093 -17.513 -4.071 -8.032 -18.379 1.763 -12.407 -15.213 -2.491 
3 16 -8.032 -18.379 1.763 -12.093 -16.062 2.441 -12.407 -15.213 -2.491 
3 16 -2.989 -16.883 -10.93 -3.341 -19.206 -5.004 -8.076 -15.36 -9.463 
3 16 -8.076 -15.36 -9.463 -3.341 -19.206 -5.004 -8.093 -17.513 -4.071 
3 16 -8.076 -15.36 -9.463 -8.093 -17.513 -4.071 -12.617 -13.354 -7.199 
3 16 -8.093 -17.513 -4.071 -12.407 -15.213 -2.491 -12.617 -13.354 -7.199 
3 16 -12.093 -16.062 2.441 -11.955 -16.375 7.476 -15.605 -12.913 3.315 
3 16 -11.955 -16.375 7.476 -15.439 -13.142 7.278 -15.605 -12.913 3.315 
3 16 -12.407 -15.213 -2.491 -12.093 -16.062 2.441 -16.066 -12.229 -0.573 
3 16 -15.605 -12.913 3.315 -16.066 -12.229 -0.573 -12.093 -16.062 2.441 
3 16 -12.617 -13.354 -7.199 -12.407 -15.213 -2.491 -16.386 -10.861 -4.29 
3 16 -12.407 -15.213 -2.491 -16.066 -12.229 -0.573 -16.386 -10.861 -4.29 
3 16 -2.648 -13.093 -16.055 -2.989 -16.883 -10.93 -7.962 -11.978 -14.227 
3 16 -7.962 -11.978 -14.227 -2.989 -16.883 -10.93 -8.076 -15.36 -9.463 
3 16 -2.34 -8.133 -20.072 -2.648 -13.093 -16.055 -7.831 -7.537 -18.085 
3 16 -7.831 -7.537 -18.085 -2.648 -13.093 -16.055 -7.962 -11.978 -14.227 
3 16 -7.962 -11.978 -14.227 -8.076 -15.36 -9.463 -12.623 -10.495 -11.362 
3 16 -12.617 -13.354 -7.199 -12.623 -10.495 -11.362 -8.076 -15.36 -9.463 
3 16 -7.831 -7.537 -18.085 -7.962 -11.978 -14.227 -12.566 -6.774 -14.735 
3 16 -7.962 -11.978 -14.227 -12.623 -10.495 -11.362 -12.566 -6.774 -14.735 
3 16 -2.037 -2.323 -22.724 -2.34 -8.133 -20.072 -7.715 -2.323 -20.727 
3 16 -7.715 -2.323 -20.727 -2.34 -8.133 -20.072 -7.831 -7.537 -18.085 
3 16 -7.715 -2.323 -20.727 -7.831 -7.537 -18.085 -12.534 -2.323 -17.082 
3 16 -7.831 -7.537 -18.085 -12.566 -6.774 -14.735 -12.534 -2.323 -17.082 
3 16 -12.623 -10.495 -11.362 -12.617 -13.354 -7.199 -16.401 -8.717 -7.625 
3 16 -16.386 -10.861 -4.29 -16.401 -8.717 -7.625 -12.617 -13.354 -7.199 
3 16 -12.566 -6.774 -14.735 -12.623 -10.495 -11.362 -16.301 -5.835 -10.358 
3 16 -16.401 -8.717 -7.625 -16.301 -5.835 -10.358 -12.623 -10.495 -11.362 
3 16 -12.534 -2.323 -17.082 -12.566 -6.774 -14.735 -16.238 -2.323 -12.195 
3 16 -12.566 -6.774 -14.735 -16.301 -5.835 -10.358 -16.238 -2.323 -12.195 
3 16 -2.34 -8.133 -20.072 -2.037 -2.323 -22.724 -2.01 -8.269 -20.257 
3 16 -1.923 -2.323 -22.789 -2.01 -8.269 -20.257 -2.037 -2.323 -22.724 
3 16 -2.01 -8.269 -20.257 -2.1 -13.377 -16.293 -2.34 -8.133 -20.072 
3 16 -2.34 -8.133 -20.072 -2.1 -13.377 -16.293 -2.648 -13.093 -16.055 
3 16 -1.875 -2.323 -22.944 -1.875 -8.536 -20.494 -1.923 -2.323 -22.789 
3 16 -1.923 -2.323 -22.789 -1.875 -8.536 -20.494 -2.01 -8.269 -20.257 
3 16 -1.875 -8.536 -20.494 -1.875 -13.922 -16.568 -2.01 -8.269 -20.257 
3 16 -2.01 -8.269 -20.257 -1.875 -13.922 -16.568 -2.1 -13.377 -16.293 
3 16 -1.875 -18.141 -11.415 -2.207 -17.315 -11.163 -2.1 -13.377 -16.293 
3 16 -1.875 -13.922 -16.568 -1.875 -18.141 -11.415 -2.1 -13.377 -16.293 
3 16 -2.207 -17.315 -11.163 -2.32 -19.781 -5.18 -2.989 -16.883 -10.93 
3 16 -2.32 -19.781 -5.18 -3.341 -19.206 -5.004 -2.989 -16.883 -10.93 
3 16 -2.32 -19.781 -5.18 -2.4 -20.61 1.246 -3.341 -19.206 -5.004 
3 16 -2.4 -20.61 1.246 -3.629 -19.901 1.318 -3.341 -19.206 -5.004 
3 16 -1.875 -18.141 -11.415 -1.875 -20.88 -5.355 -2.207 -17.315 -11.163 
3 16 -2.207 -17.315 -11.163 -1.875 -20.88 -5.355 -2.32 -19.781 -5.18 
3 16 -1.875 -20.88 -5.355 -1.875 -21.975 1.198 -2.32 -19.781 -5.18 
3 16 -2.32 -19.781 -5.18 -1.875 -21.975 1.198 -2.4 -20.61 1.246 
3 16 -2.4 -20.61 1.246 -2.465 -20.735 7.743 -3.629 -19.901 1.318 
3 16 -3.629 -19.901 1.318 -2.465 -20.735 7.743 -3.887 -19.899 7.692 
3 16 -1.875 -21.975 1.198 -1.875 -22.355 7.842 -2.4 -20.61 1.246 
3 16 -2.4 -20.61 1.246 -1.875 -22.355 7.842 -2.465 -20.735 7.743 
3 16 -1.875 -23.553 1.052 -1.875 -24.009 7.943 -1.875 -21.975 1.198 
3 16 -1.875 -21.975 1.198 -1.875 -24.009 7.943 -1.875 -22.355 7.842 
3 16 -1.875 -22.271 -5.726 -1.875 -23.553 1.052 -1.875 -20.88 -5.355 
3 16 -1.875 -21.975 1.198 -1.875 -20.88 -5.355 -1.875 -23.553 1.052 
3 16 -1.875 -19.43 -11.992 -1.875 -22.271 -5.726 -1.875 -18.141 -11.415 
3 16 -1.875 -20.88 -5.355 -1.875 -18.141 -11.415 -1.875 -22.271 -5.726 
3 16 -1.875 -14.692 -16.982 -1.875 -19.43 -11.992 -1.875 -13.922 -16.568 
3 16 -1.875 -13.922 -16.568 -1.875 -19.43 -11.992 -1.875 -18.141 -11.415 
3 16 -1.875 -13.922 -16.568 -1.875 -8.536 -20.494 -1.875 -14.692 -16.982 
3 16 -1.875 -14.692 -16.982 -1.875 -8.536 -20.494 -1.875 -8.8 -20.567 
3 16 -1.875 -2.323 -22.944 -1.875 -8.8 -20.567 -1.875 -8.536 -20.494 
3 16 -17.469 -14.044 7.333 -17.469 -13.715 3.297 -15.439 -13.142 7.278 
3 16 -15.439 -13.142 7.278 -17.469 -13.715 3.297 -15.605 -12.913 3.315 
3 16 -17.469 -13.715 3.297 -17.469 -12.804 -0.647 -15.605 -12.913 3.315 
3 16 -17.469 -12.804 -0.647 -16.066 -12.229 -0.573 -15.605 -12.913 3.315 
3 16 -17.469 -12.804 -0.647 -17.469 -11.277 -4.393 -16.066 -12.229 -0.573 
3 16 -17.469 -11.277 -4.393 -17.469 -9.08 -7.787 -16.386 -10.861 -4.29 
3 16 -16.386 -10.861 -4.29 -17.469 -9.08 -7.787 -16.401 -8.717 -7.625 
3 16 -17.469 -9.08 -7.787 -17.469 -6.171 -10.594 -16.401 -8.717 -7.625 
3 16 -17.469 -6.171 -10.594 -16.301 -5.835 -10.358 -16.401 -8.717 -7.625 
3 16 -17.469 -6.171 -10.594 -17.469 -2.593 -12.501 -16.301 -5.835 -10.358 
3 16 -17.469 -2.593 -12.501 -16.238 -2.323 -12.195 -16.301 -5.835 -10.358 
3 16 -12.503 -2.323 -12.196 -16.239 1.427 -12.891 -12.688 1.427 -12.891 
3 16 -19.56 -0.925 -2.713 -19.395 1.427 -4.495 -18.686 -2.675 -7.161 
3 16 -18.686 -2.675 -7.161 -19.395 1.427 -4.495 -18.568 1.427 -8.908 
3 16 -17.469 1.427 -13.245 -17.469 -2.593 -12.501 -18.568 1.427 -8.908 
3 16 -17.469 -2.593 -12.501 -18.686 -2.675 -7.161 -18.568 1.427 -8.908 
3 16 -17.469 -2.593 -12.501 -17.469 -6.171 -10.594 -18.686 -2.675 -7.161 
3 16 -18.686 -2.675 -7.161 -18.83 -6.824 -2.908 -19.56 -0.925 -2.713 
3 16 -18.83 -6.824 -2.908 -19.753 -3.369 0.312 -19.56 -0.925 -2.713 
3 16 -17.469 -6.171 -10.594 -17.469 -9.08 -7.787 -18.686 -2.675 -7.161 
3 16 -17.469 -9.08 -7.787 -18.83 -6.824 -2.908 -18.686 -2.675 -7.161 
3 16 -17.469 -9.08 -7.787 -17.469 -11.277 -4.393 -18.83 -6.824 -2.908 
3 16 -18.83 -6.824 -2.908 -18.952 -9.13 2.61 -19.753 -3.369 0.312 
3 16 -18.952 -9.13 2.61 -19.902 -4.848 3.905 -19.753 -3.369 0.312 
3 16 -17.469 -12.804 -0.647 -17.469 -13.715 3.297 -18.952 -9.13 2.61 
3 16 -18.952 -9.13 2.61 -19.025 -9.759 7.071 -19.902 -4.848 3.905 
3 16 -19.978 -5.283 6.798 -19.902 -4.848 3.905 -19.025 -9.759 7.071 
3 16 -17.469 -13.715 3.297 -17.469 -14.044 7.333 -18.952 -9.13 2.61 
3 16 -17.469 -14.044 7.333 -19.025 -9.759 7.071 -18.952 -9.13 2.61 
3 16 -17.469 -2.593 -12.501 -17.469 1.427 -13.245 -16.238 -2.323 -12.195 
3 16 -16.239 1.427 -12.891 -16.238 -2.323 -12.195 -17.469 1.427 -13.245 
3 16 -16.731 4.886 -15.539 -16.778 1.427 -15.928 -18.804 4.87 -9.633 
3 16 -18.804 4.87 -9.633 -16.778 1.427 -15.928 -18.881 1.427 -9.872 
3 16 -12.801 11.49 -18.153 -12.926 8.223 -19.364 -16.169 11.529 -13.638 
3 16 -16.169 11.529 -13.638 -12.926 8.223 -19.364 -16.603 8.237 -14.635 
3 16 -19.395 1.427 -4.495 -19.454 4.853 -3.364 -18.881 1.427 -9.872 
3 16 -19.454 4.853 -3.364 -18.804 4.87 -9.633 -18.881 1.427 -9.872 
3 16 -19.302 8.264 -3.084 -19.454 4.853 -3.364 -19.719 8.275 1.861 
3 16 -18.625 8.251 -9.026 -18.804 4.87 -9.633 -19.302 8.264 -3.084 
3 16 -19.302 8.264 -3.084 -18.804 4.87 -9.633 -19.454 4.853 -3.364 
3 16 -18.804 4.87 -9.633 -18.625 8.251 -9.026 -16.731 4.886 -15.539 
3 16 -16.603 8.237 -14.635 -16.731 4.886 -15.539 -18.625 8.251 -9.026 
3 16 -18.608 11.747 -2.749 -19.302 8.264 -3.084 -19.719 8.275 1.861 
3 16 -18.042 11.569 -8.351 -18.625 8.251 -9.026 -18.608 11.747 -2.749 
3 16 -18.608 11.747 -2.749 -18.625 8.251 -9.026 -19.302 8.264 -3.084 
3 16 -16.169 11.529 -13.638 -16.603 8.237 -14.635 -18.042 11.569 -8.351 
3 16 -18.042 11.569 -8.351 -16.603 8.237 -14.635 -18.625 8.251 -9.026 
3 16 -15.694 13.985 -13.065 -16.169 11.529 -13.638 -17.543 13.498 -8.032 
3 16 -17.543 13.498 -8.032 -16.169 11.529 -13.638 -18.042 11.569 -8.351 
3 16 -18.042 11.569 -8.351 -18.608 11.747 -2.749 -17.543 13.498 -8.032 
3 16 -12.846 4.902 -20.459 -12.705 1.427 -20.894 -16.731 4.886 -15.539 
3 16 -16.731 4.886 -15.539 -12.705 1.427 -20.894 -16.778 1.427 -15.928 
3 16 -12.705 1.427 -20.894 -12.846 4.902 -20.459 -7.884 1.427 -25.134 
3 16 -8.142 4.918 -24.6 -7.884 1.427 -25.134 -12.846 4.902 -20.459 
3 16 -12.926 8.223 -19.364 -12.846 4.902 -20.459 -16.603 8.237 -14.635 
3 16 -16.603 8.237 -14.635 -12.846 4.902 -20.459 -16.731 4.886 -15.539 
3 16 -12.846 4.902 -20.459 -12.926 8.223 -19.364 -8.142 4.918 -24.6 
3 16 -8.359 8.209 -23.26 -8.142 4.918 -24.6 -12.926 8.223 -19.364 
3 16 -2.826 4.935 -27.89 -2.5 1.427 -28.625 -8.142 4.918 -24.6 
3 16 -8.142 4.918 -24.6 -2.5 1.427 -28.625 -7.884 1.427 -25.134 
3 16 -8.142 4.918 -24.6 -8.359 8.209 -23.26 -2.826 4.935 -27.89 
3 16 -2.826 4.935 -27.89 -8.359 8.209 -23.26 -3.13 8.196 -26.203 
3 16 -8.471 11.451 -21.781 -8.359 8.209 -23.26 -12.801 11.49 -18.153 
3 16 -12.801 11.49 -18.153 -8.359 8.209 -23.26 -12.926 8.223 -19.364 
3 16 -12.576 14.364 -17.395 -12.801 11.49 -18.153 -15.694 13.985 -13.065 
3 16 -15.694 13.985 -13.065 -12.801 11.49 -18.153 -16.169 11.529 -13.638 
3 16 -8.52 14.662 -20.795 -8.471 11.451 -21.781 -12.576 14.364 -17.395 
3 16 -12.576 14.364 -17.395 -8.471 11.451 -21.781 -12.801 11.49 -18.153 
3 16 -3.429 11.412 -24.351 -3.13 8.196 -26.203 -8.471 11.451 -21.781 
3 16 -8.471 11.451 -21.781 -3.13 8.196 -26.203 -8.359 8.209 -23.26 
3 16 -3.75 14.859 -23.043 -3.429 11.412 -24.351 -8.52 14.662 -20.795 
3 16 -8.52 14.662 -20.795 -3.429 11.412 -24.351 -8.471 11.451 -21.781 
3 16 -2.697 -16.787 7.523 -3.887 -19.899 7.692 -2.465 -20.735 7.743 
3 16 -3.887 -19.899 7.692 -2.697 -16.787 7.523 -8.04 -18.613 7.613 
3 16 -8.26 -14.686 7.32 -11.955 -16.375 7.476 -8.04 -18.613 7.613 
3 16 -11.955 -16.375 7.476 -8.26 -14.686 7.32 -15.439 -13.142 7.278 
3 16 -14.549 -9.197 7.09 -15.439 -13.142 7.278 -13.047 -10.934 7.145 
3 16 -15.653 -9.686 7.067 -15.439 -13.142 7.278 -14.549 -9.197 7.09 
3 16 -19.025 -9.759 7.071 -17.469 -14.044 7.333 -15.439 -13.142 7.278 
3 16 -15.653 -9.686 7.067 -19.025 -9.759 7.071 -15.439 -13.142 7.278 
3 16 -15.653 -9.686 7.067 -19.978 -5.283 6.798 -19.025 -9.759 7.071 
3 16 -16.566 -5.647 6.82 -19.978 -5.283 6.798 -15.653 -9.686 7.067 
3 16 -19.971 -1.347 6.449 -19.978 -5.283 6.798 -16.566 -5.647 6.82 
3 16 -15.423 11.567 -2.414 -14.297 13.346 -7.213 -17.543 13.498 -8.032 
3 16 -18.608 11.747 -2.749 -15.423 11.567 -2.414 -17.543 13.498 -8.032 
3 16 -15.423 11.567 -2.414 -18.608 11.747 -2.749 -16.641 7.948 2.164 
3 16 -18.608 11.747 -2.749 -19.719 8.275 1.861 -16.641 7.948 2.164 
3 16 -19.719 8.275 1.861 -17.079 4.677 4.496 -16.641 7.948 2.164 
3 16 -19.927 5.114 4.246 -17.079 4.677 4.496 -19.719 8.275 1.861 
3 16 -17.192 1.569 5.801 -17.079 4.677 4.496 -19.927 5.114 4.246 
3 16 -19.952 2.643 5.453 -17.192 1.569 5.801 -19.927 5.114 4.246 
3 16 -19.952 2.643 5.453 -17.106 -1.54 6.529 -17.192 1.569 5.801 
3 16 -19.971 -1.347 6.449 -17.106 -1.54 6.529 -19.952 2.643 5.453 
3 16 -16.566 -5.647 6.82 -17.106 -1.54 6.529 -19.971 -1.347 6.449 
3 16 -3.221 14.573 -19.784 3.75 14.859 -23.043 -3.75 14.859 -23.043 
3 16 -5.544 14.49 -18.805 -3.221 14.573 -19.784 -3.75 14.859 -23.043 
3 16 -8.52 14.662 -20.795 -5.544 14.49 -18.805 -3.75 14.859 -23.043 
3 16 -9.767 14.248 -16.063 -5.544 14.49 -18.805 -8.52 14.662 -20.795 
3 16 -12.576 14.364 -17.395 -9.767 14.248 -16.063 -8.52 14.662 -20.795 
3 16 -12.769 13.894 -12.028 -9.767 14.248 -16.063 -12.576 14.364 -17.395 
3 16 -15.694 13.985 -13.065 -12.769 13.894 -12.028 -12.576 14.364 -17.395 
3 16 -14.297 13.346 -7.213 -12.769 13.894 -12.028 -15.694 13.985 -13.065 
3 16 -17.543 13.498 -8.032 -14.297 13.346 -7.213 -15.694 13.985 -13.065 
3 16 -1.875 -2.323 -19.195 -1.923 -2.323 -22.789 -2.037 -2.323 -22.724 
3 16 -1.875 -2.323 -19.195 -2.037 -2.323 -22.724 -5.997 -2.323 -17.452 
3 16 -2.037 -2.323 -22.724 -7.715 -2.323 -20.727 -5.997 -2.323 -17.452 
3 16 -5.997 -2.323 -17.452 -7.715 -2.323 -20.727 -10.336 -2.323 -14.366 
3 16 -7.715 -2.323 -20.727 -12.534 -2.323 -17.082 -10.336 -2.323 -14.366 
3 16 -13.047 -10.934 7.145 -13.051 -10.934 0 -14.549 -9.197 7.09 
3 16 -13.051 -10.934 0 -14.554 -9.197 0.001 -14.549 -9.197 7.09 
3 16 -8.26 -14.686 7.32 -8.261 -14.686 0 -13.047 -10.934 7.145 
3 16 -8.261 -14.686 0 -13.051 -10.934 0 -13.047 -10.934 7.145 
3 16 -2.697 -16.787 7.523 -2.694 -16.787 0.001 -8.26 -14.686 7.32 
3 16 -2.694 -16.787 0.001 -8.261 -14.686 0 -8.26 -14.686 7.32 
3 16 -14.923 -5.001 -6.885 -14.554 -9.197 0.001 -12.107 -8.328 -8.449 
3 16 -13.051 -10.934 0 -12.107 -8.328 -8.449 -14.554 -9.197 0.001 
3 16 -12.107 -8.328 -8.449 -13.051 -10.934 0 -7.772 -11.635 -9.25 
3 16 -8.261 -14.686 0 -7.772 -11.635 -9.25 -13.051 -10.934 0 
3 16 -12.503 -2.323 -12.196 -14.923 -5.001 -6.885 -11.781 -4.927 -11.754 
3 16 -12.688 1.427 -12.891 -12.177 4.678 -13.893 -14.75 2.378 -9.646 
3 16 -14.798 4.677 -9.753 -14.75 2.378 -9.646 -12.177 4.678 -13.893 
3 16 -12.177 4.678 -13.893 -12.688 1.427 -12.891 -8.169 4.677 -17.795 
3 16 -8.169 4.677 -17.795 -12.688 1.427 -12.891 -8.184 1.427 -17.323 
3 16 -14.75 2.378 -9.646 -14.75 -2.348 -8.783 -12.688 1.427 -12.891 
3 16 -14.75 -2.348 -8.783 -12.503 -2.323 -12.196 -12.688 1.427 -12.891 
3 16 -10.336 -2.323 -14.366 -7.549 -6.077 -14.641 -5.997 -2.323 -17.452 
3 16 -11.781 -4.927 -11.754 -10.336 -2.323 -14.366 -12.503 -2.323 -12.196 
3 16 -7.549 -6.077 -14.641 -10.336 -2.323 -14.366 -11.781 -4.927 -11.754 
3 16 -7.772 -11.635 -9.25 -7.549 -6.077 -14.641 -12.107 -8.328 -8.449 
3 16 -12.107 -8.328 -8.449 -7.549 -6.077 -14.641 -11.781 -4.927 -11.754 
3 16 -14.923 -5.001 -6.885 -12.107 -8.328 -8.449 -11.781 -4.927 -11.754 
3 16 -14.75 -2.348 -8.783 -14.923 -5.001 -6.885 -12.503 -2.323 -12.196 
3 16 -7.772 -11.635 -9.25 -8.261 -14.686 0 -2.672 -13.956 -8.967 
3 16 -2.694 -16.787 0.001 -2.672 -13.956 -8.967 -8.261 -14.686 0 
3 16 -2.674 -6.531 -17.096 -1.875 -2.323 -19.195 -7.549 -6.077 -14.641 
3 16 -5.997 -2.323 -17.452 -7.549 -6.077 -14.641 -1.875 -2.323 -19.195 
3 16 -2.672 -13.956 -8.967 -2.674 -6.531 -17.096 -7.772 -11.635 -9.25 
3 16 -7.772 -11.635 -9.25 -2.674 -6.531 -17.096 -7.549 -6.077 -14.641 
3 16 -8.169 4.677 -17.795 -8.184 1.427 -17.323 -3.47 4.676 -20.161 
3 16 -3.47 4.676 -20.161 -8.184 1.427 -17.323 -1.875 1.427 -20.264 
3 16 0 4.677 -20.661 -3.47 4.676 -20.161 -1.875 1.427 -20.264 
3 16 1.875 1.427 -20.264 0 4.677 -20.661 -1.875 1.427 -20.264 
3 16 -1.875 -8.8 -20.567 1.875 -14.692 -16.982 -1.875 -14.692 -16.982 
3 16 -1.875 -14.692 -16.982 1.875 -19.43 -11.992 -1.875 -19.43 -11.992 
3 16 -1.875 -19.43 -11.992 1.875 -22.271 -5.726 -1.875 -22.271 -5.726 
3 16 -1.875 -22.271 -5.726 1.875 -23.553 1.052 -1.875 -23.553 1.052 
3 16 -1.875 -23.553 1.052 1.875 -24.009 7.943 -1.875 -24.009 7.943 
3 16 -2.5 1.427 -28.625 -1.875 1.427 -20.264 -7.884 1.427 -25.134 
3 16 -1.875 1.427 -20.264 -8.184 1.427 -17.323 -7.884 1.427 -25.134 
3 16 -8.184 1.427 -17.323 -12.705 1.427 -20.894 -7.884 1.427 -25.134 
3 16 -8.184 1.427 -17.323 -12.688 1.427 -12.891 -12.705 1.427 -20.894 
3 16 -12.688 1.427 -12.891 -16.778 1.427 -15.928 -12.705 1.427 -20.894 
3 16 -16.239 1.427 -12.891 -16.778 1.427 -15.928 -12.688 1.427 -12.891 
3 16 -17.469 1.427 -13.245 -16.778 1.427 -15.928 -16.239 1.427 -12.891 
3 16 -18.881 1.427 -9.872 -16.778 1.427 -15.928 -17.469 1.427 -13.245 
3 16 -18.568 1.427 -8.908 -18.881 1.427 -9.872 -17.469 1.427 -13.245 
3 16 -18.568 1.427 -8.908 -19.395 1.427 -4.495 -18.881 1.427 -9.872 
3 16 -3.13 8.196 -26.203 2.826 4.935 -27.89 -2.826 4.935 -27.89 
3 16 -3.13 8.196 -26.203 -3.429 11.412 -24.351 3.13 8.196 -26.203 
3 16 3.13 8.196 -26.203 -3.429 11.412 -24.351 3.429 11.412 -24.351 
3 16 -3.429 11.412 -24.351 -3.75 14.859 -23.043 3.429 11.412 -24.351 
3 16 3.429 11.412 -24.351 -3.75 14.859 -23.043 3.75 14.859 -23.043 
3 16 -2.465 -20.735 7.743 -1.875 -22.355 7.842 2.465 -20.735 7.743 
3 16 -1.875 -22.355 7.842 -1.875 -24.009 7.943 1.875 -22.355 7.842 
3 16 -1.875 -24.009 7.943 1.875 -24.009 7.943 1.875 -22.355 7.842 
3 16 1.923 -2.323 -22.789 1.875 -2.323 -22.944 -1.923 -2.323 -22.789 
3 16 -1.923 -2.323 -22.789 1.875 -2.323 -22.944 -1.875 -2.323 -22.944 
3 16 -2.694 -16.787 0.001 -2.697 -16.787 7.523 2.694 -16.787 0.001 
3 16 -2.672 -13.956 -8.967 -2.694 -16.787 0.001 2.672 -13.956 -8.967 
3 16 -1.875 -2.323 -22.944 1.875 -8.8 -20.567 -1.875 -8.8 -20.567 
3 16 1.875 -2.323 -22.944 1.875 -8.8 -20.567 -1.875 -2.323 -22.944 
3 16 1.875 -8.8 -20.567 1.875 -14.692 -16.982 -1.875 -8.8 -20.567 
3 16 1.875 -19.43 -11.992 1.875 -22.271 -5.726 -1.875 -19.43 -11.992 
3 16 1.875 -22.271 -5.726 1.875 -23.553 1.052 -1.875 -22.271 -5.726 
3 16 1.875 -23.553 1.052 1.875 -24.009 7.943 -1.875 -23.553 1.052 
3 16 2.5 1.427 -28.625 1.875 1.427 -20.264 -2.5 1.427 -28.625 
3 16 1.875 1.427 -20.264 -1.875 1.427 -20.264 -2.5 1.427 -28.625 
3 16 2.826 4.935 -27.89 2.5 1.427 -28.625 -2.826 4.935 -27.89 
3 16 -2.826 4.935 -27.89 2.5 1.427 -28.625 -2.5 1.427 -28.625 
3 16 2.826 4.935 -27.89 -3.13 8.196 -26.203 3.13 8.196 -26.203 
3 16 -12.503 -2.323 -12.196 -16.238 -2.323 -12.195 -16.239 1.427 -12.891 
3 16 -16.238 -2.323 -12.195 -12.503 -2.323 -12.196 -12.534 -2.323 -17.082 
3 16 -14.75 1.875 4.753 -16.945 2.228 -3.169 -17.202 1.961 4.753 
3 16 -19.978 -5.283 6.798 -19.971 -1.347 6.449 -19.902 -4.848 3.905 
3 16 -19.454 4.853 -3.364 -19.395 1.427 -4.495 -19.927 5.114 4.246 
3 16 -19.395 1.427 -4.495 -19.952 2.643 5.453 -19.927 5.114 4.246 
3 16 -19.952 2.643 5.453 -19.56 -0.925 -2.713 -19.971 -1.347 6.449 
3 16 -19.395 1.427 -4.495 -19.56 -0.925 -2.713 -19.952 2.643 5.453 
3 16 -19.927 5.114 4.246 -19.719 8.275 1.861 -19.454 4.853 -3.364 
3 16 -19.56 -0.925 -2.713 -19.753 -3.369 0.312 -19.971 -1.347 6.449 
3 16 -19.971 -1.347 6.449 -19.753 -3.369 0.312 -19.902 -4.848 3.905 
3 16 -18.83 -6.824 -2.908 -17.469 -12.804 -0.647 -18.952 -9.13 2.61 
3 16 -17.469 -11.277 -4.393 -17.469 -12.804 -0.647 -18.83 -6.824 -2.908 
3 16 -1.875 -22.355 7.842 1.875 -22.355 7.842 2.465 -20.735 7.743 
3 16 -15.439 -13.142 7.278 -8.26 -14.686 7.32 -13.047 -10.934 7.145 
3 16 -8.04 -18.613 7.613 -2.697 -16.787 7.523 -8.26 -14.686 7.32 
3 16 1.875 -2.323 -19.195 1.923 -2.323 -22.789 -1.875 -2.323 -19.195 
3 16 1.923 -2.323 -22.789 -1.923 -2.323 -22.789 -1.875 -2.323 -19.195 
3 16 -16.066 -12.229 -0.573 -17.469 -11.277 -4.393 -16.386 -10.861 -4.29 
3 16 -12.534 -2.323 -17.082 -12.503 -2.323 -12.196 -10.336 -2.323 -14.366 
3 16 -2.207 -17.315 -11.163 -2.648 -13.093 -16.055 -2.1 -13.377 -16.293 
3 16 -2.207 -17.315 -11.163 -2.989 -16.883 -10.93 -2.648 -13.093 -16.055 
3 16 1.875 1.427 -20.264 -1.875 1.427 -20.264 -1.875 -2.323 -19.195 
3 16 -1.875 -2.323 -19.195 1.875 -2.323 -19.195 1.875 1.427 -20.264 
3 16 1.875 1.427 -22.698 1.875 1.427 -20.264 1.875 -2.323 -19.195 
3 16 1.875 -2.323 -21.694 1.875 1.427 -22.698 1.875 -2.323 -19.195 
3 16 -1.875 1.427 -20.264 -1.875 -2.323 -21.694 -1.875 -2.323 -19.195 
3 16 -1.875 1.427 -22.698 -1.875 -2.323 -21.694 -1.875 1.427 -20.264 
3 16 1.875 1.427 -22.698 1.875 -2.323 -21.694 -1.875 1.427 -22.698 
3 16 -1.875 1.427 -22.698 1.875 -2.323 -21.694 -1.875 -2.323 -21.694 
3 16 -1.25 10.39 -19.605 1.25 12.864 -19.246 -1.25 12.864 -19.246 
3 16 1.25 12.956 -20.299 -1.25 12.956 -20.299 1.25 12.864 -19.246 
3 16 -1.25 12.956 -20.299 -1.25 12.864 -19.246 1.25 12.864 -19.246 
3 16 -1.25 4.677 -24.443 -1.249 4.677 -22.786 -1.25 9.514 -21.741 
3 16 -1.249 4.677 -22.786 -1.25 10.39 -19.605 -1.25 9.514 -21.741 
3 16 -1.25 10.39 -19.605 -1.25 12.864 -19.246 -1.25 9.514 -21.741 
3 16 -1.25 12.956 -20.299 -1.25 9.514 -21.741 -1.25 12.864 -19.246 
3 16 1.25 12.864 -19.246 -1.25 10.39 -19.605 1.25 10.39 -19.605 
3 16 -1.249 4.677 -22.786 1.25 10.39 -19.605 -1.25 10.39 -19.605 
3 16 1.25 4.677 -22.786 1.25 10.39 -19.605 -1.249 4.677 -22.786 
3 16 1.25 4.677 -24.443 1.25 9.514 -21.741 1.25 4.677 -22.786 
3 16 1.25 4.677 -22.786 1.25 9.514 -21.741 1.25 10.39 -19.605 
3 16 1.25 10.39 -19.605 1.25 9.514 -21.741 1.25 12.864 -19.246 
3 16 1.25 9.514 -21.741 1.25 12.956 -20.299 1.25 12.864 -19.246 
2 24 3.47 4.676 -20.161 8.169 4.677 -17.795 
2 24 9.375 4.677 -19.496 4.749 4.677 -23.007 
2 24 0 4.677 -20.661 3.47 4.676 -20.161 
2 24 4.749 4.677 -23.007 2.223 4.677 -24.443 
2 24 13.182 4.677 -15.089 9.375 4.677 -19.496 
2 24 8.169 4.677 -17.795 12.177 4.678 -13.893 
2 24 15.622 4.677 -10.101 13.182 4.677 -15.089 
2 24 14.798 4.677 -9.753 15.622 4.677 -10.101 
2 24 12.177 4.678 -13.893 14.798 4.677 -9.753 
2 24 -2.223 4.677 -24.443 2.223 4.677 -24.443 
2 24 3.221 14.573 -19.784 -3.221 14.573 -19.784 
2 24 14.554 -9.197 0.001 14.549 -9.197 7.09 
2 24 14.549 -9.197 7.09 15.653 -9.686 7.067 
2 24 15.653 -9.686 7.067 15.653 -9.686 0.001 
2 24 16.945 2.228 -3.169 17.202 1.961 4.753 
2 24 17.192 1.569 5.801 17.079 4.677 4.496 
2 24 17.083 -1.875 4.753 16.834 -2.121 -2.303 
2 24 16.566 -5.647 6.82 17.106 -1.54 6.529 
2 24 17.202 1.961 4.753 17.083 -1.875 4.753 
2 24 17.106 -1.54 6.529 17.192 1.569 5.801 
2 24 15.653 -9.686 7.067 16.566 -5.647 6.82 
2 24 14.923 -5.001 -6.885 14.554 -9.197 0.001 
2 24 15.653 -9.686 0.001 15.653 -5.001 -6.885 
2 24 15.653 -2.36 -9.134 14.75 -2.348 -8.783 
2 24 14.75 -2.348 -8.783 14.923 -5.001 -6.885 
2 24 15.653 -5.001 -6.885 15.653 -2.36 -9.134 
2 24 17.079 4.677 4.496 16.641 7.948 2.164 
2 24 16.641 7.948 2.164 15.423 11.567 -2.414 
2 24 15.423 11.567 -2.414 14.297 13.346 -7.213 
2 24 14.297 13.346 -7.213 12.769 13.894 -12.028 
2 24 12.769 13.894 -12.028 9.767 14.248 -16.063 
2 24 9.767 14.248 -16.063 5.544 14.49 -18.805 
2 24 5.544 14.49 -18.805 3.221 14.573 -19.784 
2 24 14.75 -1.875 4.753 17.083 -1.875 4.753 
2 24 17.202 1.961 4.753 14.75 1.875 4.753 
2 24 14.75 1.875 4.753 14.75 -1.875 4.753 
2 24 14.75 -2.348 -8.783 14.75 -1.875 4.753 
2 24 14.75 1.875 4.753 14.75 2.378 -9.646 
2 24 15.653 -2.36 -9.134 16.834 -2.121 -2.303 
2 24 15.653 2.423 -10.028 14.75 2.378 -9.646 
2 24 16.945 2.228 -3.169 15.653 2.423 -10.028 
2 24 14.798 4.677 -9.753 14.75 2.378 -9.646 
2 24 15.653 2.423 -10.028 15.622 4.677 -10.101 
2 24 8.04 -18.613 7.613 3.887 -19.899 7.692 
2 24 11.955 -16.375 7.476 8.04 -18.613 7.613 
2 24 15.439 -13.142 7.278 11.955 -16.375 7.476 
2 24 15.605 -12.913 3.315 15.439 -13.142 7.278 
2 24 16.066 -12.229 -0.573 15.605 -12.913 3.315 
2 24 16.386 -10.861 -4.29 16.066 -12.229 -0.573 
2 24 2.037 -2.323 -22.724 7.715 -2.323 -20.727 
2 24 7.715 -2.323 -20.727 12.534 -2.323 -17.082 
2 24 16.401 -8.717 -7.625 16.386 -10.861 -4.29 
2 24 16.301 -5.835 -10.358 16.401 -8.717 -7.625 
2 24 12.534 -2.323 -17.082 16.238 -2.323 -12.195 
2 24 16.238 -2.323 -12.195 16.301 -5.835 -10.358 
2 24 1.923 -2.323 -22.789 2.037 -2.323 -22.724 
2 24 1.875 -2.323 -22.944 1.923 -2.323 -22.789 
2 24 3.887 -19.899 7.692 2.465 -20.735 7.743 
2 24 2.465 -20.735 7.743 1.875 -22.355 7.842 
2 24 1.875 -24.009 7.943 1.875 -23.553 1.052 
2 24 1.875 -22.355 7.842 1.875 -24.009 7.943 
2 24 1.875 -23.553 1.052 1.875 -22.271 -5.726 
2 24 1.875 -22.271 -5.726 1.875 -19.43 -11.992 
2 24 1.875 -19.43 -11.992 1.875 -14.692 -16.982 
2 24 1.875 -14.692 -16.982 1.875 -8.8 -20.567 
2 24 1.875 -8.8 -20.567 1.875 -2.323 -22.944 
2 24 17.469 -13.715 3.297 17.469 -14.044 7.333 
2 24 17.469 -14.044 7.333 15.439 -13.142 7.278 
2 24 17.469 -12.804 -0.647 17.469 -13.715 3.297 
2 24 17.469 -11.277 -4.393 17.469 -12.804 -0.647 
2 24 17.469 -9.08 -7.787 17.469 -11.277 -4.393 
2 24 17.469 -6.171 -10.594 17.469 -9.08 -7.787 
2 24 17.469 -2.593 -12.501 17.469 -6.171 -10.594 
2 24 16.238 -2.323 -12.195 12.503 -2.323 -12.196 
2 24 12.503 -2.323 -12.196 12.688 1.427 -12.891 
2 24 18.568 1.427 -8.908 19.395 1.427 -4.495 
2 24 17.469 -2.593 -12.501 17.469 1.427 -13.245 
2 24 17.469 1.427 -13.245 18.568 1.427 -8.908 
2 24 19.978 -5.283 6.798 19.025 -9.758 7.071 
2 24 19.025 -9.758 7.071 17.469 -14.044 7.333 
2 24 16.239 1.427 -12.891 17.469 1.427 -13.245 
2 24 18.881 1.427 -9.872 16.778 1.427 -15.928 
2 24 19.395 1.427 -4.495 18.881 1.427 -9.872 
2 24 18.608 11.747 -2.749 19.719 8.275 1.861 
2 24 15.694 13.985 -13.065 17.543 13.498 -8.032 
2 24 17.543 13.498 -8.032 18.608 11.747 -2.749 
2 24 16.778 1.427 -15.928 12.705 1.427 -20.894 
2 24 12.705 1.427 -20.894 7.884 1.427 -25.134 
2 24 2.5 1.427 -28.625 2.826 4.935 -27.89 
2 24 7.884 1.427 -25.134 2.5 1.427 -28.625 
2 24 2.826 4.935 -27.89 3.13 8.196 -26.203 
2 24 12.576 14.364 -17.395 15.694 13.985 -13.065 
2 24 8.52 14.662 -20.795 12.576 14.364 -17.395 
2 24 3.13 8.196 -26.203 3.429 11.412 -24.351 
2 24 3.429 11.412 -24.351 3.75 14.859 -23.043 
2 24 3.75 14.859 -23.043 8.52 14.662 -20.795 
2 24 2.697 -16.787 7.523 -2.697 -16.787 7.523 
2 24 8.26 -14.686 7.32 2.697 -16.787 7.523 
2 24 13.047 -10.934 7.145 8.26 -14.686 7.32 
2 24 14.549 -9.197 7.09 13.047 -10.934 7.145 
2 24 19.927 5.114 4.246 19.719 8.275 1.861 
2 24 19.952 2.643 5.453 19.927 5.114 4.246 
2 24 19.971 -1.347 6.449 19.952 2.643 5.453 
2 24 19.978 -5.283 6.798 19.971 -1.347 6.449 
2 24 1.875 -2.323 -19.195 5.997 -2.323 -17.452 
2 24 5.997 -2.323 -17.452 10.336 -2.323 -14.366 
2 24 8.184 1.427 -17.323 12.688 1.427 -12.891 
2 24 12.503 -2.323 -12.196 10.336 -2.323 -14.366 
2 24 1.875 1.427 -20.264 8.184 1.427 -17.323 
2 24 1.875 -2.323 -19.195 -1.875 -2.323 -19.195 
2 24 16.239 1.427 -12.891 12.688 1.427 -12.891 
2 24 -4.749 4.677 -23.007 -9.375 4.677 -19.496 
2 24 -8.169 4.677 -17.795 -3.47 4.676 -20.161 
2 24 -3.47 4.676 -20.161 0 4.677 -20.661 
2 24 -2.223 4.677 -24.443 -4.749 4.677 -23.007 
2 24 -12.177 4.678 -13.893 -8.169 4.677 -17.795 
2 24 -9.375 4.677 -19.496 -13.182 4.677 -15.089 
2 24 -14.798 4.677 -9.753 -12.177 4.678 -13.893 
2 24 -15.622 4.677 -10.101 -14.798 4.677 -9.753 
2 24 -13.182 4.677 -15.089 -15.622 4.677 -10.101 
2 24 -14.549 -9.197 7.09 -14.554 -9.197 0.001 
2 24 -15.653 -9.686 7.067 -14.549 -9.197 7.09 
2 24 -15.653 -9.686 0 -15.653 -9.686 7.067 
2 24 -17.079 4.677 4.496 -17.192 1.569 5.801 
2 24 -17.202 1.961 4.753 -16.945 2.228 -3.169 
2 24 -16.834 -2.121 -2.303 -17.083 -1.875 4.753 
2 24 -17.106 -1.54 6.529 -16.566 -5.647 6.82 
2 24 -17.083 -1.875 4.753 -17.202 1.961 4.753 
2 24 -17.192 1.569 5.801 -17.106 -1.54 6.529 
2 24 -16.566 -5.647 6.82 -15.653 -9.686 7.067 
2 24 -14.554 -9.197 0.001 -14.923 -5.001 -6.885 
2 24 -15.653 -5.001 -6.885 -15.653 -9.686 0 
2 24 -14.923 -5.001 -6.885 -14.75 -2.348 -8.783 
2 24 -15.653 -2.36 -9.134 -15.653 -5.001 -6.885 
2 24 -14.75 -2.348 -8.783 -15.653 -2.36 -9.134 
2 24 -16.641 7.948 2.164 -17.079 4.677 4.496 
2 24 -15.423 11.567 -2.414 -16.641 7.948 2.164 
2 24 -14.297 13.346 -7.213 -15.423 11.567 -2.414 
2 24 -12.769 13.894 -12.028 -14.297 13.346 -7.213 
2 24 -9.767 14.248 -16.063 -12.769 13.894 -12.028 
2 24 -5.544 14.49 -18.805 -9.767 14.248 -16.063 
2 24 -3.221 14.573 -19.784 -5.544 14.49 -18.805 
2 24 -14.75 1.875 4.753 -17.202 1.961 4.753 
2 24 -17.083 -1.875 4.753 -14.75 -1.875 4.753 
2 24 -14.75 -1.875 4.753 -14.75 1.875 4.753 
2 24 -14.75 2.378 -9.646 -14.75 1.875 4.753 
2 24 -14.75 -1.875 4.753 -14.75 -2.348 -8.783 
2 24 -16.834 -2.121 -2.303 -15.653 -2.36 -9.134 
2 24 -15.653 2.423 -10.028 -16.945 2.228 -3.169 
2 24 -14.75 2.378 -9.646 -15.653 2.423 -10.028 
2 24 -14.75 2.378 -9.646 -14.798 4.677 -9.753 
2 24 -15.622 4.677 -10.101 -15.653 2.423 -10.028 
2 24 -3.887 -19.899 7.692 -8.04 -18.613 7.613 
2 24 -8.04 -18.613 7.613 -11.955 -16.375 7.476 
2 24 -11.955 -16.375 7.476 -15.439 -13.142 7.278 
2 24 -15.439 -13.142 7.278 -15.605 -12.913 3.315 
2 24 -15.605 -12.913 3.315 -16.066 -12.229 -0.573 
2 24 -16.066 -12.229 -0.573 -16.386 -10.861 -4.29 
2 24 -7.715 -2.323 -20.727 -2.037 -2.323 -22.724 
2 24 -12.534 -2.323 -17.082 -7.715 -2.323 -20.727 
2 24 -16.386 -10.861 -4.29 -16.401 -8.717 -7.625 
2 24 -16.401 -8.717 -7.625 -16.301 -5.835 -10.358 
2 24 -16.238 -2.323 -12.195 -12.534 -2.323 -17.082 
2 24 -16.301 -5.835 -10.358 -16.238 -2.323 -12.195 
2 24 -2.037 -2.323 -22.724 -1.923 -2.323 -22.789 
2 24 -1.923 -2.323 -22.789 -1.875 -2.323 -22.944 
2 24 -2.465 -20.735 7.743 -3.887 -19.899 7.692 
2 24 -1.875 -22.355 7.842 -2.465 -20.735 7.743 
2 24 -1.875 -23.553 1.052 -1.875 -24.009 7.943 
2 24 -1.875 -24.009 7.943 -1.875 -22.355 7.842 
2 24 -1.875 -22.271 -5.726 -1.875 -23.553 1.052 
2 24 -1.875 -19.43 -11.992 -1.875 -22.271 -5.726 
2 24 -1.875 -14.692 -16.982 -1.875 -19.43 -11.992 
2 24 -1.875 -8.8 -20.567 -1.875 -14.692 -16.982 
2 24 -1.875 -2.323 -22.944 -1.875 -8.8 -20.567 
2 24 -17.469 -14.044 7.333 -17.469 -13.715 3.297 
2 24 -15.439 -13.142 7.278 -17.469 -14.044 7.333 
2 24 -17.469 -13.715 3.297 -17.469 -12.804 -0.647 
2 24 -17.469 -12.804 -0.647 -17.469 -11.277 -4.393 
2 24 -17.469 -11.277 -4.393 -17.469 -9.08 -7.787 
2 24 -17.469 -9.08 -7.787 -17.469 -6.171 -10.594 
2 24 -17.469 -6.171 -10.594 -17.469 -2.593 -12.501 
2 24 -16.239 1.427 -12.891 -12.688 1.427 -12.891 
2 24 -12.688 1.427 -12.891 -12.503 -2.323 -12.196 
2 24 -19.395 1.427 -4.495 -18.568 1.427 -8.908 
2 24 -17.469 1.427 -13.245 -17.469 -2.593 -12.501 
2 24 -18.568 1.427 -8.908 -17.469 1.427 -13.245 
2 24 -19.025 -9.759 7.071 -19.978 -5.283 6.798 
2 24 -17.469 -14.044 7.333 -19.025 -9.759 7.071 
2 24 -17.469 1.427 -13.245 -16.239 1.427 -12.891 
2 24 -16.778 1.427 -15.928 -18.881 1.427 -9.872 
2 24 -18.881 1.427 -9.872 -19.395 1.427 -4.495 
2 24 -19.719 8.275 1.861 -18.608 11.747 -2.749 
2 24 -17.543 13.498 -8.032 -15.694 13.985 -13.065 
2 24 -18.608 11.747 -2.749 -17.543 13.498 -8.032 
2 24 -12.705 1.427 -20.894 -16.778 1.427 -15.928 
2 24 -7.884 1.427 -25.134 -12.705 1.427 -20.894 
2 24 -2.826 4.935 -27.89 -2.5 1.427 -28.625 
2 24 -2.5 1.427 -28.625 -7.884 1.427 -25.134 
2 24 -3.13 8.196 -26.203 -2.826 4.935 -27.89 
2 24 -15.694 13.985 -13.065 -12.576 14.364 -17.395 
2 24 -12.576 14.364 -17.395 -8.52 14.662 -20.795 
2 24 -3.429 11.412 -24.351 -3.13 8.196 -26.203 
2 24 -3.75 14.859 -23.043 -3.429 11.412 -24.351 
2 24 -8.52 14.662 -20.795 -3.75 14.859 -23.043 
2 24 -13.047 -10.934 7.145 -14.549 -9.197 7.09 
2 24 -19.971 -1.347 6.449 -19.978 -5.283 6.798 
2 24 -19.719 8.275 1.861 -19.927 5.114 4.246 
2 24 -19.927 5.114 4.246 -19.952 2.643 5.453 
2 24 -19.952 2.643 5.453 -19.971 -1.347 6.449 
2 24 3.75 14.859 -23.043 -3.75 14.859 -23.043 
2 24 -5.997 -2.323 -17.452 -1.875 -2.323 -19.195 
2 24 -10.336 -2.323 -14.366 -5.997 -2.323 -17.452 
2 24 -13.047 -10.934 7.145 -8.26 -14.686 7.32 
2 24 -8.26 -14.686 7.32 -2.697 -16.787 7.523 
2 24 -12.688 1.427 -12.891 -8.184 1.427 -17.323 
2 24 -10.336 -2.323 -14.366 -12.503 -2.323 -12.196 
2 24 -8.184 1.427 -17.323 -1.875 1.427 -20.264 
2 24 -1.875 1.427 -20.264 1.875 1.427 -20.264 
2 24 1.875 -24.009 7.943 -1.875 -24.009 7.943 
2 24 1.875 -2.323 -22.944 -1.875 -2.323 -22.944 
2 24 -2.5 1.427 -28.625 2.5 1.427 -28.625 
2 24 -12.503 -2.323 -12.196 -16.238 -2.323 -12.195 
2 24 -1.875 1.427 -20.264 -1.875 -2.323 -19.195 
2 24 1.875 -2.323 -19.195 1.875 1.427 -20.264 
2 24 1.875 1.427 -22.698 1.875 1.427 -20.264 
2 24 1.875 -2.323 -21.694 1.875 1.427 -22.698 
2 24 1.875 -2.323 -19.195 1.875 -2.323 -21.694 
2 24 -1.875 -2.323 -21.694 -1.875 -2.323 -19.195 
2 24 -1.875 1.427 -22.698 -1.875 -2.323 -21.694 
2 24 -1.875 1.427 -20.264 -1.875 1.427 -22.698 
2 24 -1.875 1.427 -22.698 1.875 1.427 -22.698 
2 24 1.875 -2.323 -21.694 -1.875 -2.323 -21.694 
2 24 1.25 12.864 -19.246 -1.25 12.864 -19.246 
2 24 -1.25 12.864 -19.246 -1.25 10.39 -19.605 
2 24 1.25 12.956 -20.299 -1.25 12.956 -20.299 
2 24 1.25 12.864 -19.246 1.25 12.956 -20.299 
2 24 -1.25 12.956 -20.299 -1.25 12.864 -19.246 
2 24 -1.25 4.677 -24.443 -1.249 4.677 -22.786 
2 24 -1.25 9.514 -21.741 -1.25 4.677 -24.443 
2 24 -1.249 4.677 -22.786 -1.25 10.39 -19.605 
2 24 -1.25 12.956 -20.299 -1.25 9.514 -21.741 
2 24 1.25 10.39 -19.605 1.25 12.864 -19.246 
2 24 1.25 4.677 -22.786 1.25 10.39 -19.605 
2 24 -1.249 4.677 -22.786 1.25 4.677 -22.786 
2 24 1.25 4.677 -24.443 1.25 9.514 -21.741 
2 24 1.25 4.677 -22.786 1.25 4.677 -24.443 
2 24 1.25 9.514 -21.741 1.25 12.956 -20.299 

