0 OUTER CABLE 176MM (Needs Work)
0 Name: 62530.dat
0 Author: <AuthorRealName> [<AuthorLDrawName>]
0 !LDRAW_ORG Unofficial_Part
0 !LICENSE Redistributable under CCAL version 2.0 : see CAreadme.txt

0 BFC CERTIFY CCW

0 !HISTORY 2013-08-14 {LEGO Digital Designer} Original part shape
0 !HISTORY 2013-08-14 [<AuthorLDrawName>] File preparation for LDraw Parts Tracker

0 // Needs Work: Clean necessary

0 // Outside
3 16 4 0 440 3.464 -2 440 4 0 0 
3 16 3.464 -2 440 3.464 -2 0 4 0 0 
3 16 3.464 2 440 4 0 440 3.464 2 0 
3 16 4 0 440 4 0 0 3.464 2 0 
3 16 2 3.464 440 3.464 2 440 2 3.464 0 
3 16 3.464 2 440 3.464 2 0 2 3.464 0 
3 16 0 4 440 2 3.464 440 0 4 0 
3 16 2 3.464 440 2 3.464 0 0 4 0 
3 16 -2 3.464 440 0 4 440 -2 3.464 0 
3 16 0 4 440 0 4 0 -2 3.464 0 
3 16 -3.464 2 440 -2 3.464 440 -3.464 2 0 
3 16 -2 3.464 440 -2 3.464 0 -3.464 2 0 
3 16 -4 0 440 -3.464 2 440 -4 0 0 
3 16 -3.464 2 440 -3.464 2 0 -4 0 0 
3 16 -3.464 -2 440 -4 0 440 -3.464 -2 0 
3 16 -4 0 440 -4 0 0 -3.464 -2 0 
3 16 -2 -3.464 440 -3.464 -2 440 -2 -3.464 0 
3 16 -3.464 -2 440 -3.464 -2 0 -2 -3.464 0 
3 16 0 -4 440 -2 -3.464 440 0 -4 0 
3 16 -2 -3.464 440 -2 -3.464 0 0 -4 0 
3 16 2 -3.464 440 0 -4 440 2 -3.464 0 
3 16 0 -4 440 0 -4 0 2 -3.464 0 
3 16 3.464 -2 440 2 -3.464 440 3.464 -2 0 
3 16 2 -3.464 440 2 -3.464 0 3.464 -2 0 
3 16 0 2.5 0 0 2.5 440 -1.25 2.165 0 
3 16 0 2.5 440 -1.25 2.165 440 -1.25 2.165 0 
3 16 -1.25 2.165 0 -1.25 2.165 440 -2.165 1.25 0 
3 16 -1.25 2.165 440 -2.165 1.25 440 -2.165 1.25 0 
3 16 -2.165 1.25 0 -2.165 1.25 440 -2.5 0 0 
3 16 -2.165 1.25 440 -2.5 0 440 -2.5 0 0 
3 16 -2.5 0 0 -2.5 0 440 -2.165 -1.25 0 
3 16 -2.5 0 440 -2.165 -1.25 440 -2.165 -1.25 0 
3 16 -2.165 -1.25 0 -2.165 -1.25 440 -1.25 -2.165 0 
3 16 -2.165 -1.25 440 -1.25 -2.165 440 -1.25 -2.165 0 
3 16 -1.25 -2.165 0 -1.25 -2.165 440 0 -2.5 0 
3 16 -1.25 -2.165 440 0 -2.5 440 0 -2.5 0 
3 16 0 -2.5 0 0 -2.5 440 1.25 -2.165 0 
3 16 0 -2.5 440 1.25 -2.165 440 1.25 -2.165 0 
3 16 1.25 -2.165 0 1.25 -2.165 440 2.165 -1.25 0 
3 16 1.25 -2.165 440 2.165 -1.25 440 2.165 -1.25 0 
3 16 2.5 0 440 2.5 0 0 2.165 -1.25 440 
3 16 2.5 0 0 2.165 -1.25 0 2.165 -1.25 440 
3 16 2.5 0 0 2.5 0 440 2.165 1.25 0 
3 16 2.5 0 440 2.165 1.25 440 2.165 1.25 0 
3 16 2.165 1.25 0 2.165 1.25 440 1.25 2.165 0 
3 16 2.165 1.25 440 1.25 2.165 440 1.25 2.165 0 
3 16 1.25 2.165 0 1.25 2.165 440 0 2.5 0 
3 16 1.25 2.165 440 0 2.5 440 0 2.5 0 
3 16 4 0 0 3.464 -2 0 2.5 0 0 
3 16 2.165 -1.25 0 2.5 0 0 3.464 -2 0 
3 16 3.464 2 0 4 0 0 2.165 1.25 0 
3 16 2.5 0 0 2.165 1.25 0 4 0 0 
3 16 2 3.464 0 3.464 2 0 1.25 2.165 0 
3 16 2.165 1.25 0 1.25 2.165 0 3.464 2 0 
3 16 0 4 0 2 3.464 0 0 2.5 0 
3 16 1.25 2.165 0 0 2.5 0 2 3.464 0 
3 16 -2 3.464 0 0 4 0 -1.25 2.165 0 
3 16 0 2.5 0 -1.25 2.165 0 0 4 0 
3 16 -3.464 2 0 -2 3.464 0 -2.165 1.25 0 
3 16 -1.25 2.165 0 -2.165 1.25 0 -2 3.464 0 
3 16 -4 0 0 -3.464 2 0 -2.5 0 0 
3 16 -2.165 1.25 0 -2.5 0 0 -3.464 2 0 
3 16 -3.464 -2 0 -4 0 0 -2.165 -1.25 0 
3 16 -2.5 0 0 -2.165 -1.25 0 -4 0 0 
3 16 -2 -3.464 0 -3.464 -2 0 -1.25 -2.165 0 
3 16 -2.165 -1.25 0 -1.25 -2.165 0 -3.464 -2 0 
3 16 0 -4 0 -2 -3.464 0 0 -2.5 0 
3 16 -1.25 -2.165 0 0 -2.5 0 -2 -3.464 0 
3 16 2 -3.464 0 0 -4 0 1.25 -2.165 0 
3 16 0 -2.5 0 1.25 -2.165 0 0 -4 0 
3 16 3.464 -2 0 2 -3.464 0 2.165 -1.25 0 
3 16 1.25 -2.165 0 2.165 -1.25 0 2 -3.464 0 
3 16 3.464 -2 440 4 0 440 2.165 -1.25 440 
3 16 2.5 0 440 2.165 -1.25 440 4 0 440 
3 16 4 0 440 3.464 2 440 2.5 0 440 
3 16 2.165 1.25 440 2.5 0 440 3.464 2 440 
3 16 3.464 2 440 2 3.464 440 2.165 1.25 440 
3 16 1.25 2.165 440 2.165 1.25 440 2 3.464 440 
3 16 2 3.464 440 0 4 440 1.25 2.165 440 
3 16 0 2.5 440 1.25 2.165 440 0 4 440 
3 16 0 4 440 -2 3.464 440 0 2.5 440 
3 16 -1.25 2.165 440 0 2.5 440 -2 3.464 440 
3 16 -2 3.464 440 -3.464 2 440 -1.25 2.165 440 
3 16 -2.165 1.25 440 -1.25 2.165 440 -3.464 2 440 
3 16 -3.464 2 440 -4 0 440 -2.165 1.25 440 
3 16 -2.5 0 440 -2.165 1.25 440 -4 0 440 
3 16 -4 0 440 -3.464 -2 440 -2.5 0 440 
3 16 -2.165 -1.25 440 -2.5 0 440 -3.464 -2 440 
3 16 -3.464 -2 440 -2 -3.464 440 -2.165 -1.25 440 
3 16 -1.25 -2.165 440 -2.165 -1.25 440 -2 -3.464 440 
3 16 -2 -3.464 440 0 -4 440 -1.25 -2.165 440 
3 16 0 -2.5 440 -1.25 -2.165 440 0 -4 440 
3 16 0 -4 440 2 -3.464 440 0 -2.5 440 
3 16 1.25 -2.165 440 0 -2.5 440 2 -3.464 440 
3 16 2 -3.464 440 3.464 -2 440 1.25 -2.165 440 
3 16 2.165 -1.25 440 1.25 -2.165 440 3.464 -2 440 
2 24 4 0 440 3.464 -2 440 
2 24 3.464 -2 0 4 0 0 
2 24 3.464 2 440 4 0 440 
2 24 4 0 0 3.464 2 0 
2 24 2 3.464 440 3.464 2 440 
2 24 3.464 2 0 2 3.464 0 
2 24 0 4 440 2 3.464 440 
2 24 2 3.464 0 0 4 0 
2 24 -2 3.464 440 0 4 440 
2 24 0 4 0 -2 3.464 0 
2 24 -3.464 2 440 -2 3.464 440 
2 24 -2 3.464 0 -3.464 2 0 
2 24 -4 0 440 -3.464 2 440 
2 24 -3.464 2 0 -4 0 0 
2 24 -3.464 -2 440 -4 0 440 
2 24 -4 0 0 -3.464 -2 0 
2 24 -2 -3.464 440 -3.464 -2 440 
2 24 -3.464 -2 0 -2 -3.464 0 
2 24 0 -4 440 -2 -3.464 440 
2 24 -2 -3.464 0 0 -4 0 
2 24 2 -3.464 440 0 -4 440 
2 24 0 -4 0 2 -3.464 0 
2 24 3.464 -2 440 2 -3.464 440 
2 24 2 -3.464 0 3.464 -2 0 
2 24 -1.25 2.165 0 0 2.5 0 
2 24 0 2.5 440 -1.25 2.165 440 
2 24 -2.165 1.25 0 -1.25 2.165 0 
2 24 -1.25 2.165 440 -2.165 1.25 440 
2 24 -2.5 0 0 -2.165 1.25 0 
2 24 -2.165 1.25 440 -2.5 0 440 
2 24 -2.165 -1.25 0 -2.5 0 0 
2 24 -2.5 0 440 -2.165 -1.25 440 
2 24 -1.25 -2.165 0 -2.165 -1.25 0 
2 24 -2.165 -1.25 440 -1.25 -2.165 440 
2 24 0 -2.5 0 -1.25 -2.165 0 
2 24 -1.25 -2.165 440 0 -2.5 440 
2 24 1.25 -2.165 0 0 -2.5 0 
2 24 0 -2.5 440 1.25 -2.165 440 
2 24 2.165 -1.25 0 1.25 -2.165 0 
2 24 1.25 -2.165 440 2.165 -1.25 440 
2 24 2.165 -1.25 440 2.5 0 440 
2 24 2.5 0 0 2.165 -1.25 0 
2 24 2.165 1.25 0 2.5 0 0 
2 24 2.5 0 440 2.165 1.25 440 
2 24 1.25 2.165 0 2.165 1.25 0 
2 24 2.165 1.25 440 1.25 2.165 440 
2 24 0 2.5 0 1.25 2.165 0 
2 24 1.25 2.165 440 0 2.5 440 

