0 FILE 6636pb069.dat
0 Tile 1 x 6 with Wood Grain Pattern (Sticker) - Sets 60003 / 60009
0 Name:  6636pb069.dat
0 Author:  
0 BL_Item_No 6636pb069
0 BFC CERTIFY CCW
1 16 0.0000 0.0000 0.0000 1.0000 0.0000 0.0000 0.0000 1.0000 0.0000 0.0000 0.0000 1.0000 6636.dat
3 16 57.000 0.000 9.000 57.000 0.000 -9.000 -57.000 0.000 -9.000
3 16 -57.000 0.000 -9.000 -57.000 0.000 9.000 57.000 0.000 9.000
3 16 59.000 0.000 7.000 59.000 0.000 -7.000 57.000 0.000 -9.000
3 16 57.000 0.000 -9.000 57.000 0.000 9.000 59.000 0.000 7.000
3 16 -59.000 0.000 7.000 -57.000 0.000 9.000 -57.000 0.000 -9.000
3 16 -57.000 0.000 -9.000 -59.000 0.000 -7.000 -59.000 0.000 7.000
3 16 -59.000 0.000 7.000 -59.000 0.000 -7.000 -59.000 -0.250 -7.000
3 16 -59.000 -0.250 -7.000 -59.000 -0.250 7.000 -59.000 0.000 7.000
3 16 -57.000 -0.250 -9.000 -57.000 0.000 -9.000 57.000 0.000 -9.000
3 16 57.000 0.000 -9.000 57.000 -0.250 -9.000 -57.000 -0.250 -9.000
3 16 -57.000 -0.250 9.000 57.000 -0.250 9.000 57.000 0.000 9.000
3 16 57.000 0.000 9.000 -57.000 0.000 9.000 -57.000 -0.250 9.000
3 16 59.000 -0.250 7.000 59.000 -0.250 -7.000 59.000 0.000 -7.000
3 16 59.000 0.000 -7.000 59.000 0.000 7.000 59.000 -0.250 7.000
1 16 57.0000 0.0000 -7.0000 2.0000 0.0000 0.0000 0.0000 -1.0000 0.0000 0.0000 0.0000 -2.0000 1-4chrd.dat
1 16 57.0000 0.0000 7.0000 2.0000 0.0000 0.0000 0.0000 -1.0000 0.0000 0.0000 0.0000 2.0000 1-4chrd.dat
1 16 -57.0000 0.0000 -7.0000 -2.0000 0.0000 0.0000 0.0000 -1.0000 0.0000 0.0000 0.0000 -2.0000 1-4chrd.dat
1 16 -57.0000 0.0000 7.0000 -2.0000 0.0000 0.0000 0.0000 -1.0000 0.0000 0.0000 0.0000 2.0000 1-4chrd.dat
1 16 57.0000 0.0000 -7.0000 2.0000 0.0000 0.0000 0.0000 -0.2500 0.0000 0.0000 0.0000 -2.0000 1-4cyli.dat
1 16 57.0000 0.0000 7.0000 2.0000 0.0000 0.0000 0.0000 -0.2500 0.0000 0.0000 0.0000 2.0000 1-4cyli.dat
1 16 -57.0000 0.0000 -7.0000 -2.0000 0.0000 0.0000 0.0000 -0.2500 0.0000 0.0000 0.0000 -2.0000 1-4cyli.dat
1 16 -57.0000 0.0000 7.0000 -2.0000 0.0000 0.0000 0.0000 -0.2500 0.0000 0.0000 0.0000 2.0000 1-4cyli.dat
3 28 22.220 -0.250 5.480 27.060 -0.250 4.850 26.670 -0.250 5.450
3 28 26.670 -0.250 5.450 25.120 -0.250 5.990 22.220 -0.250 5.480
3 28 30.490 -0.250 6.370 38.250 -0.250 5.810 33.320 -0.250 6.680
3 28 26.670 -0.250 5.450 38.250 -0.250 5.810 30.490 -0.250 6.370
3 28 30.490 -0.250 6.370 25.120 -0.250 5.990 26.670 -0.250 5.450
3 28 44.960 -0.250 6.250 48.000 -0.250 6.740 36.290 -0.250 7.690
3 28 36.290 -0.250 7.690 36.540 -0.250 7.310 44.960 -0.250 6.250
3 28 38.250 -0.250 5.810 44.960 -0.250 6.250 36.540 -0.250 7.310
3 28 36.540 -0.250 7.310 33.320 -0.250 6.680 38.250 -0.250 5.810
3 28 57.000 -0.250 9.000 36.290 -0.250 7.690 48.000 -0.250 6.740
3 28 48.000 -0.250 6.740 59.000 -0.250 7.000 57.000 -0.250 9.000
3 28 36.290 -0.250 7.690 57.000 -0.250 9.000 29.000 -0.250 9.000
3 28 29.000 -0.250 9.000 32.630 -0.250 7.880 36.290 -0.250 7.690
3 28 30.490 -0.250 7.380 32.630 -0.250 7.880 29.000 -0.250 9.000
3 28 29.000 -0.250 9.000 25.560 -0.250 6.930 30.490 -0.250 7.380
3 28 22.030 -0.250 6.620 25.560 -0.250 6.930 29.000 -0.250 9.000
3 28 14.140 -0.250 6.180 22.030 -0.250 6.620 29.000 -0.250 9.000
3 28 29.000 -0.250 9.000 -2.000 -0.250 9.000 14.140 -0.250 6.180
3 28 13.450 -0.250 5.550 14.140 -0.250 6.180 -2.000 -0.250 9.000
3 28 -2.000 -0.250 9.000 12.060 -0.250 4.850 13.450 -0.250 5.550
3 28 2.470 -0.250 6.050 12.060 -0.250 4.850 -2.000 -0.250 9.000
3 28 -2.760 -0.250 6.430 2.470 -0.250 6.050 -2.000 -0.250 9.000
3 28 17.990 -0.250 4.350 22.220 -0.250 5.480 13.450 -0.250 5.550
3 28 13.450 -0.250 5.550 12.060 -0.250 4.850 17.990 -0.250 4.350
3 28 27.060 -0.250 4.850 22.220 -0.250 5.480 17.990 -0.250 4.350
3 28 17.990 -0.250 4.350 31.620 -0.250 3.780 27.060 -0.250 4.850
3 28 44.560 -0.250 4.940 27.060 -0.250 4.850 31.620 -0.250 3.780
3 28 38.260 -0.250 1.750 31.620 -0.250 3.780 32.130 -0.250 3.020
3 28 32.130 -0.250 3.020 37.760 -0.250 1.050 38.260 -0.250 1.750
3 28 30.990 -0.250 2.390 34.860 -0.250 -0.240 37.760 -0.250 1.050
3 28 37.760 -0.250 1.050 32.130 -0.250 3.020 30.990 -0.250 2.390
3 28 27.560 -0.250 -0.040 34.860 -0.250 -0.240 30.990 -0.250 2.390
3 28 27.560 -0.250 -0.040 30.990 -0.250 2.390 18.560 -0.250 3.400
3 28 18.560 -0.250 3.400 17.740 -0.250 2.140 27.560 -0.250 -0.040
3 28 27.560 -0.250 -0.040 17.740 -0.250 2.140 17.740 -0.250 1.630
3 28 17.740 -0.250 1.630 19.360 -0.250 -0.440 27.560 -0.250 -0.040
3 28 19.360 -0.250 -0.440 17.740 -0.250 1.630 15.180 -0.250 0.340
3 28 15.180 -0.250 0.340 14.560 -0.250 -1.760 19.360 -0.250 -0.440
3 28 14.700 -0.250 1.130 15.180 -0.250 0.340 17.740 -0.250 1.630
3 28 17.740 -0.250 1.630 15.090 -0.250 1.890 14.700 -0.250 1.130
3 28 13.950 -0.250 2.200 14.700 -0.250 1.130 15.090 -0.250 1.890
3 28 14.700 -0.250 1.130 13.950 -0.250 2.200 8.340 -0.250 2.200
3 28 8.340 -0.250 2.200 -1.660 -0.250 0.650 14.700 -0.250 1.130
3 28 -1.660 -0.250 0.650 8.340 -0.250 2.200 7.270 -0.250 2.450
3 28 7.270 -0.250 2.450 -1.000 -0.250 2.660 -1.660 -0.250 0.650
3 28 -1.000 -0.250 2.660 -5.930 -0.250 2.700 -6.630 -0.250 2.460
3 28 -6.630 -0.250 2.460 -1.660 -0.250 0.650 -1.000 -0.250 2.660
3 28 -6.860 -0.250 3.290 -5.930 -0.250 2.700 -1.000 -0.250 2.660
3 28 -1.000 -0.250 2.660 -1.120 -0.250 3.340 -6.860 -0.250 3.290
3 28 -1.050 -0.250 5.040 -9.930 -0.250 3.300 -6.860 -0.250 3.290
3 28 -6.860 -0.250 3.290 -1.120 -0.250 3.340 -1.050 -0.250 5.040
3 28 -1.050 -0.250 5.040 -12.330 -0.250 3.800 -11.330 -0.250 3.500
3 28 -11.330 -0.250 3.500 -9.930 -0.250 3.300 -1.050 -0.250 5.040
3 28 -34.050 -0.250 4.790 -31.430 -0.250 2.500 -31.230 -0.250 3.300
3 28 -31.230 -0.250 3.300 -30.970 -0.250 4.950 -34.050 -0.250 4.790
3 28 -31.430 -0.250 2.500 -34.050 -0.250 4.790 -37.460 -0.250 4.000
3 28 -37.460 -0.250 4.000 -34.240 -0.250 0.370 -31.430 -0.250 2.500
3 28 -41.620 -0.250 0.750 -34.240 -0.250 0.370 -37.460 -0.250 4.000
3 28 -37.460 -0.250 4.000 -40.300 -0.250 3.720 -41.620 -0.250 0.750
3 28 -31.430 -0.250 2.500 -34.240 -0.250 0.370 -19.220 -0.250 0.440
3 28 -19.220 -0.250 0.440 -13.630 -0.250 2.700 -31.430 -0.250 2.500
3 28 -1.660 -0.250 0.650 -6.630 -0.250 2.460 -10.530 -0.250 2.700
3 28 -1.660 -0.250 0.650 -10.530 -0.250 2.700 -13.630 -0.250 2.700
3 28 -13.630 -0.250 2.700 -19.220 -0.250 0.440 -1.660 -0.250 0.650
3 28 -1.120 -0.250 3.340 8.340 -0.250 3.210 8.210 -0.250 4.360
3 28 8.210 -0.250 4.360 -1.050 -0.250 5.040 -1.120 -0.250 3.340
3 28 9.160 -0.250 3.020 13.320 -0.250 3.720 8.210 -0.250 4.360
3 28 8.210 -0.250 4.360 8.340 -0.250 3.210 9.160 -0.250 3.020
3 28 14.460 -0.250 2.830 18.560 -0.250 3.400 13.320 -0.250 3.720
3 28 13.320 -0.250 3.720 9.160 -0.250 3.020 14.460 -0.250 2.830
3 28 18.560 -0.250 3.400 14.460 -0.250 2.830 15.720 -0.250 2.520
3 28 18.560 -0.250 3.400 15.720 -0.250 2.520 16.290 -0.250 2.330
3 28 16.290 -0.250 2.330 17.740 -0.250 2.140 18.560 -0.250 3.400
3 28 38.260 -0.250 1.750 47.660 -0.250 2.450 44.560 -0.250 4.940
3 28 44.560 -0.250 4.940 31.620 -0.250 3.780 38.260 -0.250 1.750
3 28 44.560 -0.250 4.940 47.660 -0.250 2.450 49.460 -0.250 5.560
3 28 49.460 -0.250 5.560 47.660 -0.250 2.450 53.960 -0.250 2.750
3 28 53.960 -0.250 2.750 59.000 -0.250 5.910 49.460 -0.250 5.560
3 28 59.000 -0.250 5.910 53.960 -0.250 2.750 57.660 -0.250 2.350
3 28 57.660 -0.250 2.350 59.000 -0.250 2.450 59.000 -0.250 5.910
3 28 59.000 -0.250 -2.140 59.000 -0.250 1.350 56.060 -0.250 1.650
3 28 56.060 -0.250 1.650 42.960 -0.250 -0.840 59.000 -0.250 -2.140
3 28 42.960 -0.250 -0.840 56.060 -0.250 1.650 45.560 -0.250 1.250
3 28 37.760 -0.250 1.050 34.860 -0.250 -0.240 42.960 -0.250 -0.840
3 28 42.960 -0.250 -0.840 45.560 -0.250 1.250 37.760 -0.250 1.050
3 28 47.360 -0.250 -2.460 27.540 -0.250 -5.140 59.000 -0.250 -4.440
3 28 59.000 -0.250 -4.440 59.000 -0.250 -2.840 47.360 -0.250 -2.460
3 28 27.540 -0.250 -5.140 47.360 -0.250 -2.460 38.260 -0.250 -1.740
3 28 27.540 -0.250 -5.140 38.260 -0.250 -1.740 31.360 -0.250 -1.140
3 28 31.360 -0.250 -1.140 21.560 -0.250 -1.440 27.540 -0.250 -5.140
3 28 17.400 -0.250 -2.000 12.660 -0.250 -3.230 27.540 -0.250 -5.140
3 28 27.540 -0.250 -5.140 21.560 -0.250 -1.440 17.400 -0.250 -2.000
3 28 4.660 -0.250 -3.140 3.090 -0.250 -5.400 7.160 -0.250 -3.400
3 28 3.090 -0.250 -5.400 27.540 -0.250 -5.140 12.660 -0.250 -3.230
3 28 12.660 -0.250 -3.230 7.160 -0.250 -3.400 3.090 -0.250 -5.400
3 28 2.520 -0.250 -6.870 3.850 -0.250 -6.380 2.270 -0.250 -5.990
3 28 2.270 -0.250 -5.990 -0.940 -0.250 -6.490 2.520 -0.250 -6.870
3 28 4.660 -0.250 -3.140 -0.940 -0.250 -6.490 2.270 -0.250 -5.990
3 28 2.270 -0.250 -5.990 3.090 -0.250 -5.400 4.660 -0.250 -3.140
3 28 -9.800 -0.250 -4.160 -0.940 -0.250 -6.490 4.660 -0.250 -3.140
3 28 4.660 -0.250 -3.140 -10.680 -0.250 -3.680 -9.800 -0.250 -4.160
3 28 -0.940 -0.250 -6.490 -9.800 -0.250 -4.160 -10.680 -0.250 -4.950
3 28 -10.680 -0.250 -4.950 -19.340 -0.250 -4.310 -24.860 -0.250 -6.470
3 28 -24.860 -0.250 -6.470 -0.940 -0.250 -6.490 -10.680 -0.250 -4.950
3 28 -24.860 -0.250 -6.470 -19.340 -0.250 -4.310 -24.020 -0.250 -3.760
3 28 -24.020 -0.250 -3.760 -26.660 -0.250 -5.970 -24.860 -0.250 -6.470
3 28 -26.660 -0.250 -5.970 -24.020 -0.250 -3.760 -36.700 -0.250 -5.060
3 28 -36.700 -0.250 -5.060 -24.020 -0.250 -3.760 -33.950 -0.250 -3.520
3 28 -33.950 -0.250 -3.520 -38.600 -0.250 -4.580 -36.700 -0.250 -5.060
3 28 -59.000 -0.250 -3.380 -59.000 -0.250 -4.680 -38.600 -0.250 -4.580
3 28 -38.600 -0.250 -4.580 -33.950 -0.250 -3.520 -59.000 -0.250 -3.380
3 28 -49.700 -0.250 5.290 -46.040 -0.250 5.040 -45.790 -0.250 6.970
3 28 -45.790 -0.250 6.970 -57.000 -0.250 9.000 -49.700 -0.250 5.290
3 28 -45.790 -0.250 6.970 -46.040 -0.250 5.040 -43.240 -0.250 4.780
3 28 -43.240 -0.250 4.780 -39.980 -0.250 5.040 -45.790 -0.250 6.970
3 28 -49.700 -0.250 5.290 -57.000 -0.250 9.000 -59.000 -0.250 7.000
3 28 -59.000 -0.250 7.000 -59.000 -0.250 4.920 -49.700 -0.250 5.290
3 28 -59.000 -0.250 1.320 -52.660 -0.250 1.070 -49.070 -0.250 4.220
3 28 -49.070 -0.250 4.220 -59.000 -0.250 3.970 -59.000 -0.250 1.320
3 28 -49.070 -0.250 4.220 -52.660 -0.250 1.070 -47.620 -0.250 0.620
3 28 -47.620 -0.250 0.620 -45.160 -0.250 3.840 -49.070 -0.250 4.220
3 28 -45.160 -0.250 3.840 -47.620 -0.250 0.620 -41.620 -0.250 0.750
3 28 -41.620 -0.250 0.750 -40.300 -0.250 3.720 -45.160 -0.250 3.840
3 28 -38.720 -0.250 -2.730 -28.470 -0.250 -2.570 -31.720 -0.250 -1.130
3 28 -31.720 -0.250 -1.130 -40.490 -0.250 -0.440 -38.720 -0.250 -2.730
3 28 -38.720 -0.250 -2.730 -40.490 -0.250 -0.440 -44.900 -0.250 -0.500
3 28 -59.000 -0.250 -2.750 -38.720 -0.250 -2.730 -44.900 -0.250 -0.500
3 28 -44.900 -0.250 -0.500 -51.530 -0.250 -0.250 -59.000 -0.250 -2.750
3 28 -56.320 -0.250 0.250 -59.000 -0.250 0.180 -59.000 -0.250 -2.750
3 28 -59.000 -0.250 -2.750 -51.530 -0.250 -0.250 -56.320 -0.250 0.250
3 28 -30.970 -0.250 4.950 -25.330 -0.250 3.800 -12.330 -0.250 3.800
3 28 -12.330 -0.250 3.800 -1.050 -0.250 5.040 -30.970 -0.250 4.950
3 28 -25.330 -0.250 3.800 -30.970 -0.250 4.950 -31.230 -0.250 3.300
3 28 -2.000 -0.250 9.000 -33.000 -0.250 9.000 -32.030 -0.250 6.380
3 28 -32.030 -0.250 6.380 -2.760 -0.250 6.430 -2.000 -0.250 9.000
3 28 -32.030 -0.250 6.380 -33.000 -0.250 9.000 -35.250 -0.250 5.930
3 28 -35.250 -0.250 5.930 -33.000 -0.250 9.000 -45.790 -0.250 6.970
3 28 -45.790 -0.250 6.970 -39.980 -0.250 5.040 -35.250 -0.250 5.930
3 28 -45.790 -0.250 6.970 -33.000 -0.250 9.000 -57.000 -0.250 9.000
3 28 27.140 -0.250 -6.240 57.000 -0.250 -9.000 59.000 -0.250 -7.000
3 28 59.000 -0.250 -7.000 59.000 -0.250 -6.240 27.140 -0.250 -6.240
3 28 16.590 -0.250 -7.180 16.210 -0.250 -7.820 57.000 -0.250 -9.000
3 28 57.000 -0.250 -9.000 27.140 -0.250 -6.240 16.590 -0.250 -7.180
3 28 3.000 -0.250 -9.000 57.000 -0.250 -9.000 16.210 -0.250 -7.820
3 28 16.210 -0.250 -7.820 3.400 -0.250 -7.880 3.000 -0.250 -9.000
3 28 14.560 -0.250 -1.760 15.180 -0.250 0.340 9.770 -0.250 -0.690
3 28 9.770 -0.250 -0.690 6.560 -0.250 -2.330 10.560 -0.250 -2.540
3 28 10.560 -0.250 -2.540 14.560 -0.250 -1.760 9.770 -0.250 -0.690
3 28 -11.140 -0.250 -0.250 -13.670 -0.250 -1.720 6.560 -0.250 -2.330
3 28 6.560 -0.250 -2.330 9.770 -0.250 -0.690 -11.140 -0.250 -0.250
3 28 -13.670 -0.250 -1.720 -11.140 -0.250 -0.250 -20.040 -0.250 -0.880
3 28 -13.250 -0.250 -2.690 -13.670 -0.250 -1.720 -20.040 -0.250 -0.880
3 28 -20.040 -0.250 -0.880 -16.710 -0.250 -3.440 -13.250 -0.250 -2.690
3 28 -16.710 -0.250 -3.440 -20.040 -0.250 -0.880 -20.770 -0.250 -2.810
3 28 -20.770 -0.250 -2.810 -20.040 -0.250 -0.880 -31.720 -0.250 -1.130
3 28 -31.720 -0.250 -1.130 -28.470 -0.250 -2.570 -20.770 -0.250 -2.810
3 28 -10.680 -0.250 -3.680 4.660 -0.250 -3.140 -13.250 -0.250 -2.690
3 28 -13.250 -0.250 -2.690 -16.710 -0.250 -3.440 -10.680 -0.250 -3.680
3 28 3.850 -0.250 -6.380 2.520 -0.250 -6.870 16.590 -0.250 -7.180
3 28 16.590 -0.250 -7.180 27.140 -0.250 -6.240 3.850 -0.250 -6.380
3 28 -2.300 -0.250 -7.490 -33.000 -0.250 -9.000 3.000 -0.250 -9.000
3 28 3.000 -0.250 -9.000 3.400 -0.250 -7.880 -2.300 -0.250 -7.490
3 28 -33.000 -0.250 -9.000 -2.300 -0.250 -7.490 -25.360 -0.250 -7.470
3 28 -33.000 -0.250 -9.000 -25.360 -0.250 -7.470 -26.560 -0.250 -7.070
3 28 -26.560 -0.250 -7.070 -37.330 -0.250 -6.360 -33.000 -0.250 -9.000
3 28 -59.000 -0.250 -5.900 -59.000 -0.250 -7.000 -57.000 -0.250 -9.000
3 28 -39.870 -0.250 -5.900 -59.000 -0.250 -5.900 -57.000 -0.250 -9.000
3 28 -57.000 -0.250 -9.000 -33.000 -0.250 -9.000 -39.870 -0.250 -5.900
3 28 -39.870 -0.250 -5.900 -33.000 -0.250 -9.000 -37.330 -0.250 -6.360
3 0 44.960 -0.250 6.250 44.560 -0.250 4.940 49.460 -0.250 5.560
3 0 49.460 -0.250 5.560 48.000 -0.250 6.740 44.960 -0.250 6.250
3 0 49.460 -0.250 5.560 59.000 -0.250 5.910 59.000 -0.250 7.000
3 0 59.000 -0.250 7.000 48.000 -0.250 6.740 49.460 -0.250 5.560
3 0 38.260 -0.250 1.750 37.760 -0.250 1.050 45.560 -0.250 1.250
3 0 45.560 -0.250 1.250 47.660 -0.250 2.450 38.260 -0.250 1.750
3 0 45.560 -0.250 1.250 56.060 -0.250 1.650 53.960 -0.250 2.750
3 0 53.960 -0.250 2.750 47.660 -0.250 2.450 45.560 -0.250 1.250
3 0 56.060 -0.250 1.650 59.000 -0.250 1.350 57.660 -0.250 2.350
3 0 57.660 -0.250 2.350 53.960 -0.250 2.750 56.060 -0.250 1.650
3 0 59.000 -0.250 2.450 57.660 -0.250 2.350 59.000 -0.250 1.350
3 0 59.000 -0.250 -2.840 59.000 -0.250 -2.140 42.960 -0.250 -0.840
3 0 42.960 -0.250 -0.840 47.360 -0.250 -2.460 59.000 -0.250 -2.840
3 0 38.260 -0.250 -1.740 47.360 -0.250 -2.460 42.960 -0.250 -0.840
3 0 42.960 -0.250 -0.840 34.860 -0.250 -0.240 38.260 -0.250 -1.740
3 0 31.360 -0.250 -1.140 38.260 -0.250 -1.740 34.860 -0.250 -0.240
3 0 34.860 -0.250 -0.240 27.560 -0.250 -0.040 31.360 -0.250 -1.140
3 0 21.560 -0.250 -1.440 31.360 -0.250 -1.140 27.560 -0.250 -0.040
3 0 27.560 -0.250 -0.040 19.360 -0.250 -0.440 21.560 -0.250 -1.440
3 0 17.400 -0.250 -2.000 21.560 -0.250 -1.440 19.360 -0.250 -0.440
3 0 17.400 -0.250 -2.000 19.360 -0.250 -0.440 14.560 -0.250 -1.760
3 0 14.560 -0.250 -1.760 12.660 -0.250 -3.230 17.400 -0.250 -2.000
3 0 12.660 -0.250 -3.230 14.560 -0.250 -1.760 10.560 -0.250 -2.540
3 0 10.560 -0.250 -2.540 7.160 -0.250 -3.400 12.660 -0.250 -3.230
3 0 6.560 -0.250 -2.330 4.660 -0.250 -3.140 7.160 -0.250 -3.400
3 0 7.160 -0.250 -3.400 10.560 -0.250 -2.540 6.560 -0.250 -2.330
3 0 6.560 -0.250 -2.330 -13.670 -0.250 -1.720 -13.250 -0.250 -2.690
3 0 -13.250 -0.250 -2.690 4.660 -0.250 -3.140 6.560 -0.250 -2.330
3 0 59.000 -0.250 -4.440 27.540 -0.250 -5.140 27.140 -0.250 -6.240
3 0 27.140 -0.250 -6.240 59.000 -0.250 -6.240 59.000 -0.250 -4.440
3 0 27.540 -0.250 -5.140 3.090 -0.250 -5.400 3.850 -0.250 -6.380
3 0 3.850 -0.250 -6.380 27.140 -0.250 -6.240 27.540 -0.250 -5.140
3 0 2.270 -0.250 -5.990 3.850 -0.250 -6.380 3.090 -0.250 -5.400
3 0 3.400 -0.250 -7.880 16.210 -0.250 -7.820 16.590 -0.250 -7.180
3 0 16.590 -0.250 -7.180 2.520 -0.250 -6.870 3.400 -0.250 -7.880
3 0 -2.300 -0.250 -7.490 3.400 -0.250 -7.880 2.520 -0.250 -6.870
3 0 2.520 -0.250 -6.870 -0.940 -0.250 -6.490 -2.300 -0.250 -7.490
3 0 -2.300 -0.250 -7.490 -0.940 -0.250 -6.490 -24.860 -0.250 -6.470
3 0 -24.860 -0.250 -6.470 -25.360 -0.250 -7.470 -2.300 -0.250 -7.490
3 0 -24.860 -0.250 -6.470 -26.660 -0.250 -5.970 -26.560 -0.250 -7.070
3 0 -26.560 -0.250 -7.070 -25.360 -0.250 -7.470 -24.860 -0.250 -6.470
3 0 -26.660 -0.250 -5.970 -36.700 -0.250 -5.060 -37.330 -0.250 -6.360
3 0 -37.330 -0.250 -6.360 -26.560 -0.250 -7.070 -26.660 -0.250 -5.970
3 0 -37.330 -0.250 -6.360 -36.700 -0.250 -5.060 -38.600 -0.250 -4.580
3 0 -38.600 -0.250 -4.580 -39.870 -0.250 -5.900 -37.330 -0.250 -6.360
3 0 -59.000 -0.250 -5.900 -39.870 -0.250 -5.900 -38.600 -0.250 -4.580
3 0 -38.600 -0.250 -4.580 -59.000 -0.250 -4.680 -59.000 -0.250 -5.900
3 0 -31.430 -0.250 2.500 -13.630 -0.250 2.700 -25.330 -0.250 3.800
3 0 -25.330 -0.250 3.800 -31.230 -0.250 3.300 -31.430 -0.250 2.500
3 0 -13.630 -0.250 2.700 -11.330 -0.250 3.500 -12.330 -0.250 3.800
3 0 -12.330 -0.250 3.800 -25.330 -0.250 3.800 -13.630 -0.250 2.700
3 0 -11.330 -0.250 3.500 -13.630 -0.250 2.700 -10.530 -0.250 2.700
3 0 -10.530 -0.250 2.700 -9.930 -0.250 3.300 -11.330 -0.250 3.500
3 0 -10.530 -0.250 2.700 -6.630 -0.250 2.460 -6.860 -0.250 3.290
3 0 -6.860 -0.250 3.290 -9.930 -0.250 3.300 -10.530 -0.250 2.700
3 0 -5.930 -0.250 2.700 -6.860 -0.250 3.290 -6.630 -0.250 2.460
3 0 7.270 -0.250 2.450 8.340 -0.250 3.210 -1.120 -0.250 3.340
3 0 -1.120 -0.250 3.340 -1.000 -0.250 2.660 7.270 -0.250 2.450
3 0 8.340 -0.250 2.200 9.160 -0.250 3.020 8.340 -0.250 3.210
3 0 8.340 -0.250 3.210 7.270 -0.250 2.450 8.340 -0.250 2.200
3 0 13.950 -0.250 2.200 14.460 -0.250 2.830 9.160 -0.250 3.020
3 0 9.160 -0.250 3.020 8.340 -0.250 2.200 13.950 -0.250 2.200
3 0 15.090 -0.250 1.890 15.720 -0.250 2.520 14.460 -0.250 2.830
3 0 14.460 -0.250 2.830 13.950 -0.250 2.200 15.090 -0.250 1.890
3 0 16.290 -0.250 2.330 15.720 -0.250 2.520 15.090 -0.250 1.890
3 0 15.090 -0.250 1.890 17.740 -0.250 1.630 16.290 -0.250 2.330
3 0 17.740 -0.250 2.140 16.290 -0.250 2.330 17.740 -0.250 1.630
3 0 14.140 -0.250 6.180 13.450 -0.250 5.550 22.220 -0.250 5.480
3 0 22.220 -0.250 5.480 22.030 -0.250 6.620 14.140 -0.250 6.180
3 0 22.030 -0.250 6.620 22.220 -0.250 5.480 25.120 -0.250 5.990
3 0 25.120 -0.250 5.990 25.560 -0.250 6.930 22.030 -0.250 6.620
3 0 30.490 -0.250 6.370 30.490 -0.250 7.380 25.560 -0.250 6.930
3 0 25.560 -0.250 6.930 25.120 -0.250 5.990 30.490 -0.250 6.370
3 0 30.490 -0.250 7.380 30.490 -0.250 6.370 33.320 -0.250 6.680
3 0 33.320 -0.250 6.680 32.630 -0.250 7.880 30.490 -0.250 7.380
3 0 33.320 -0.250 6.680 36.540 -0.250 7.310 36.290 -0.250 7.690
3 0 36.290 -0.250 7.690 32.630 -0.250 7.880 33.320 -0.250 6.680
3 0 31.620 -0.250 3.780 18.560 -0.250 3.400 30.990 -0.250 2.390
3 0 30.990 -0.250 2.390 32.130 -0.250 3.020 31.620 -0.250 3.780
3 0 18.560 -0.250 3.400 31.620 -0.250 3.780 17.990 -0.250 4.350
3 0 17.990 -0.250 4.350 13.320 -0.250 3.720 18.560 -0.250 3.400
3 0 13.320 -0.250 3.720 17.990 -0.250 4.350 12.060 -0.250 4.850
3 0 12.060 -0.250 4.850 8.210 -0.250 4.360 13.320 -0.250 3.720
3 0 8.210 -0.250 4.360 12.060 -0.250 4.850 2.470 -0.250 6.050
3 0 2.470 -0.250 6.050 -1.050 -0.250 5.040 8.210 -0.250 4.360
3 0 -1.050 -0.250 5.040 2.470 -0.250 6.050 -2.760 -0.250 6.430
3 0 -2.760 -0.250 6.430 -30.970 -0.250 4.950 -1.050 -0.250 5.040
3 0 -32.030 -0.250 6.380 -30.970 -0.250 4.950 -2.760 -0.250 6.430
3 0 -35.250 -0.250 5.930 -37.460 -0.250 4.000 -34.050 -0.250 4.790
3 0 -34.050 -0.250 4.790 -32.030 -0.250 6.380 -35.250 -0.250 5.930
3 0 -37.460 -0.250 4.000 -35.250 -0.250 5.930 -39.980 -0.250 5.040
3 0 -39.980 -0.250 5.040 -40.300 -0.250 3.720 -37.460 -0.250 4.000
3 0 -40.300 -0.250 3.720 -39.980 -0.250 5.040 -43.240 -0.250 4.780
3 0 -43.240 -0.250 4.780 -45.160 -0.250 3.840 -40.300 -0.250 3.720
3 0 -45.160 -0.250 3.840 -43.240 -0.250 4.780 -46.040 -0.250 5.040
3 0 -46.040 -0.250 5.040 -49.070 -0.250 4.220 -45.160 -0.250 3.840
3 0 -49.070 -0.250 4.220 -46.040 -0.250 5.040 -49.700 -0.250 5.290
3 0 -49.700 -0.250 5.290 -59.000 -0.250 4.920 -49.070 -0.250 4.220
3 0 -59.000 -0.250 3.970 -49.070 -0.250 4.220 -59.000 -0.250 4.920
3 0 -56.320 -0.250 0.250 -59.000 -0.250 1.320 -59.000 -0.250 0.180
3 0 -56.320 -0.250 0.250 -51.530 -0.250 -0.250 -52.660 -0.250 1.070
3 0 -52.660 -0.250 1.070 -59.000 -0.250 1.320 -56.320 -0.250 0.250
3 0 -51.530 -0.250 -0.250 -44.900 -0.250 -0.500 -47.620 -0.250 0.620
3 0 -47.620 -0.250 0.620 -52.660 -0.250 1.070 -51.530 -0.250 -0.250
3 0 -44.900 -0.250 -0.500 -40.490 -0.250 -0.440 -41.620 -0.250 0.750
3 0 -41.620 -0.250 0.750 -47.620 -0.250 0.620 -44.900 -0.250 -0.500
3 0 -40.490 -0.250 -0.440 -31.720 -0.250 -1.130 -34.240 -0.250 0.370
3 0 -34.240 -0.250 0.370 -41.620 -0.250 0.750 -40.490 -0.250 -0.440
3 0 -20.040 -0.250 -0.880 -34.240 -0.250 0.370 -31.720 -0.250 -1.130
3 0 -20.040 -0.250 -0.880 -11.140 -0.250 -0.250 -19.220 -0.250 0.440
3 0 -19.220 -0.250 0.440 -34.240 -0.250 0.370 -20.040 -0.250 -0.880
3 0 -11.140 -0.250 -0.250 9.770 -0.250 -0.690 -1.660 -0.250 0.650
3 0 -1.660 -0.250 0.650 -19.220 -0.250 0.440 -11.140 -0.250 -0.250
3 0 9.770 -0.250 -0.690 15.180 -0.250 0.340 14.700 -0.250 1.130
3 0 14.700 -0.250 1.130 -1.660 -0.250 0.650 9.770 -0.250 -0.690
3 0 -10.680 -0.250 -3.680 -19.340 -0.250 -4.310 -10.680 -0.250 -4.950
3 0 -10.680 -0.250 -4.950 -9.800 -0.250 -4.160 -10.680 -0.250 -3.680
3 0 -16.710 -0.250 -3.440 -19.340 -0.250 -4.310 -10.680 -0.250 -3.680
3 0 -20.770 -0.250 -2.810 -19.340 -0.250 -4.310 -16.710 -0.250 -3.440
3 0 -20.770 -0.250 -2.810 -28.470 -0.250 -2.570 -24.020 -0.250 -3.760
3 0 -24.020 -0.250 -3.760 -19.340 -0.250 -4.310 -20.770 -0.250 -2.810
3 0 -28.470 -0.250 -2.570 -38.720 -0.250 -2.730 -33.950 -0.250 -3.520
3 0 -33.950 -0.250 -3.520 -24.020 -0.250 -3.760 -28.470 -0.250 -2.570
3 0 -38.720 -0.250 -2.730 -59.000 -0.250 -2.750 -59.000 -0.250 -3.380
3 0 -59.000 -0.250 -3.380 -33.950 -0.250 -3.520 -38.720 -0.250 -2.730
3 0 44.960 -0.250 6.250 38.250 -0.250 5.810 27.060 -0.250 4.850
3 0 27.060 -0.250 4.850 44.560 -0.250 4.940 44.960 -0.250 6.250
3 0 27.060 -0.250 4.850 38.250 -0.250 5.810 26.670 -0.250 5.450
3 0 -30.970 -0.250 4.950 -32.030 -0.250 6.380 -34.050 -0.250 4.790
1 28 57.0000 -0.2500 -7.0000 2.0000 0.0000 0.0000 0.0000 1.0000 0.0000 0.0000 0.0000 -2.0000 1-4chrd.dat
1 28 57.0000 -0.2500 7.0000 2.0000 0.0000 0.0000 0.0000 1.0000 0.0000 0.0000 0.0000 2.0000 1-4chrd.dat
1 28 -57.0000 -0.2500 -7.0000 -2.0000 0.0000 0.0000 0.0000 1.0000 0.0000 0.0000 0.0000 -2.0000 1-4chrd.dat
1 28 -57.0000 -0.2500 7.0000 -2.0000 0.0000 0.0000 0.0000 1.0000 0.0000 0.0000 0.0000 2.0000 1-4chrd.dat
