0 Projectile Launcher with Plate  1 x  2
0 Name: 69754.dat
0 Author: Philippe Hurbain [Philo]
0 !LDRAW_ORG Unofficial_Part
0 !LICENSE Redistributable under CCAL version 2.0 : see CAreadme.txt

0 BFC CERTIFY CCW

0 !CATEGORY Minifig Accessory
0 !KEYWORDS Shooter, Tile

0 !HISTORY 2022-10-08 {LEGO Instructions App} Original part shape
0 !HISTORY 2022-10-11 [Philo] File preparation for LDraw Parts Tracker

1 16 0 0 0 0 0 -1 0 1 0 1 0 0 stud.dat
1 16 0 3 -10 1 0 0 0 -1.25 0 0 0 1 stud3.dat
1 16 0 0 0 1 0 0 0 1 0 0 0 1 s\69754s01.dat
1 16 0 0 0 -1 0 0 0 1 0 0 0 1 s\69754s01.dat
1 16 0 -14.5805 -13.615 5.403 0 0 0 0 -1.4195 0 1 0 rect2p.dat
4 16 -7.4 -20.8 -60 7.4 -20.8 -60 4.6 -20.8 -53.134 -4.6 -20.8 -53.134
1 16 0 -16.0905 -58.856 4.6 0 0 0 -1 -0.8905 0 0 -1.144 rect2p.dat
1 16 0 -15.2 -56.565 0 0 4.6 0 -1 0 1.147 0 0 rect1.dat
4 16 4.6 -16.981 -60 7.4 -20.8 -60 -7.4 -20.8 -60 -4.6 -16.981 -60
4 16 7.4 6.8 -60 4.6 3.16 -60 -4.6 3.16 -60 -7.4 6.8 -60
4 16 -2.459 -3.9 -25.268 2.459 -3.9 -25.268 6.8 -3.9 -13.494 -6.8 -3.9 -13.494
1 16 0 -12.0805 -20.366 3.5 0 0 0 0 -1.0805 0 1 -0.043 rect2p.dat
4 16 -6.8 0 -41.97 6.8 0 -41.97 2.459 0 -33.046 -2.459 0 -33.046
4 16 4.6 1.24 -43.2379 6.8 0 -41.97 -6.8 0 -41.97 -4.6 1.24 -43.2379
1 16 0 2.2 -44.21945 0 0 4.6 0.96 1 0 -0.98155 0 0 rect1.dat
1 16 0 -8 -10.0105 10 0 0 0 0 8 0 -1 0.0105 rect2p.dat
4 16 -5.403 -16 -13.615 5.403 -16 -13.615 10 -16 -10.021 -10 -16 -10.021
4 16 6.8 -11 -13.494 3.5 -11 -20.323 -3.5 -11 -20.323 -6.8 -11 -13.494
1 16 0 -1.95 -29.157 2.459 0 0 0 1 -1.95 0 0 3.889 rect2p.dat
4 16 10 8 -30 7.4 2.2 -30 -7.4 2.2 -30 -10 8 -30
1 16 0 2.2 -34.574 -7.4 0 0 0 -1 0 0 0 4.574 rect2p.dat
1 16 0 4.5 -41.298 0 0 -7.4 2.3 0 0 -2.15 -1 0 rect1.dat
1 16 0 6.8 -51.724 0 0 -7.4 0 -1 0 -8.276 0 0 rect1.dat
1 16 0 -18.8215 -52.7685 -4.6 0 0 0 0 -1.9785 0 -1 -0.3655 rect2p.dat
4 16 4.6 -16.843 -52.403 4.6 -15.2 -55.418 -4.6 -15.2 -55.418 -4.6 -16.843 -52.403
4 16 3.5 -13.161 -20.409 3.5 -13.161 -18.145 -3.5 -13.161 -18.145 -3.5 -13.161 -20.409
4 16 -5.403 -13.161 -13.615 -3.5 -13.161 -18.145 3.5 -13.161 -18.145 5.403 -13.161 -13.615
1 16 0 3.16 -52.6005 0 0 4.6 0 1 0 -7.3995 0 0 rect1.dat
1 16 0 -7.45 -13.494 -6.8 0 0 0 0 3.55 0 1 0 rect2p.dat
1 16 0 0 0 0 0 -10 0 1 0 10 0 0 rect1.dat
1 16 0 4 10 0 0 -10 4 0 0 0 -1 0 rect1.dat
4 16 10 8 10 6 8 6 -6 8 6 -10 8 10
4 16 -6 8 -26 6 8 -26 10 8 -30 -10 8 -30
1 16 0 3 -5 6 0 0 0 -1 0 0 0 -11 rect2p.dat
1 16 0 5.5 6 0 0 6 2.5 0 0 0 1 0 rect1.dat
1 16 0 3.5 -26 6 0 0 0 0 4.5 0 -1 0 rect2p.dat
1 16 0 1 -16 0 0 -6 -2 0 0 0 1 0 rect1.dat
4 16 -6 -1 -16 6 -1 -16 6 -1 -26 -6 -1 -26
2 24 -7.4 -20.8 -60 7.4 -20.8 -60
2 24 -6.8 0 -41.97 6.8 0 -41.97
2 24 -10 8 -30 10 8 -30
