0 Figure Friends Legs with Cropped Trousers with Dark Pink Butterfly, Light Flesh Legs and Medium Lavender Sandals Pattern
0 Name: 92251p01.dat
0 Author: Philippe Hurbain [Philo]
0 !LDRAW_ORG Part UPDATE 2014-02
0 !LICENSE Redistributable under CCAL version 2.0 : see CAreadme.txt
0 !HELP Hips Rotation point: Y=-47.4, Z=2.7
0 BFC CERTIFY CCW
0 !HISTORY 2014-12-23 [PTadmin] Official Update 2014-02
1 16 0 0 0 1 0 0 0 1 0 0 0 1 s\92252s01.dat
1 16 0 0 0 1 0 0 0 1 0 0 0 1 s\92251s01.dat
1 16 0 0 0 -1 0 0 0 1 0 0 0 1 s\92251s01.dat
1 16 0 0 0 -1 0 0 0 1 0 0 0 1 s\92251s02.dat
1 16 0 0 0 1 0 0 0 1 0 0 0 1 s\92252s03.dat
1 16 0 0 0 -1 0 0 0 1 0 0 0 1 s\92252s03.dat
1 16 0 0 0 1 0 0 0 1 0 0 0 1 s\92251s03.dat
1 16 0 0 0 1 0 0 0 1 0 0 0 1 s\92251s04.dat
1 16 0 0 0 -1 0 0 0 1 0 0 0 1 s\92251s03.dat
1 16 0 0 0 -1 0 0 0 1 0 0 0 1 s\92251s04.dat
5 24 11.83 -41.73 0.16 12.08 -37.860001 0.48 12.2238 -38.868198 2.2742 11.554 -39.679001 -1.208
5 24 11.554 -39.679001 -1.208 12.08 -37.860001 0.48 11.83 -41.73 0.16 12.251 -31.882 0.587
5 24 11.83 -41.73 0.16 11.554 -39.679001 -1.208 12.08 -37.860001 0.48 11.03 -43.669998 -1.87
5 24 11.03 -43.669998 -1.87 11.554 -39.679001 -1.208 11.83 -41.73 0.16 11.04 -39.450001 -2.17
5 24 11.03 -43.669998 -1.87 11.04 -39.450001 -2.17 11.554 -39.679001 -1.208 9.97 -43.099998 -3.55
5 24 11.04 -39.450001 -2.17 11.554 -39.679001 -1.208 11.03 -43.669998 -1.87 11.52 -33.537998 -0.99
5 24 11.04 -39.450001 -2.17 11.52 -33.537998 -0.99 11.554 -39.679001 -1.208 10.12 -36.150002 -2.88
5 24 11.52 -33.537998 -0.99 11.554 -39.679001 -1.208 11.04 -39.450001 -2.17 12.251 -31.882 0.587
5 24 12.251 -31.882 0.587 11.554 -39.679001 -1.208 11.52 -33.537998 -0.99 12.08 -37.860001 0.48
5 24 11.52 -33.537998 -0.99 12.137 -29.427999 0.453 12.251 -31.882 0.587 11.51 -28.58 -0.99
5 24 12.08 -37.860001 0.48 12.251 -31.882 0.587 12.62 -33.09 2.63 11.554 -39.679001 -1.208
5 24 12.62 -33.09 2.63 12.08 -37.860001 0.48 12.251 -31.882 0.587 12.658 -32.945099 3.9643
5 24 12.658 -32.945099 3.9643 12.08 -37.860001 0.48 12.62 -33.09 2.63 12.2238 -38.868198 2.2742
5 24 11.04 -39.450001 -2.17 10.12 -36.150002 -2.88 11.52 -33.537998 -0.99 9.59 -41.349998 -3.94
5 24 10.12 -36.150002 -2.88 11.52 -33.537998 -0.99 11.04 -39.450001 -2.17 10.53 -32.619999 -2.13
5 24 10.12 -36.150002 -2.88 10.53 -32.619999 -2.13 11.52 -33.537998 -0.99 9.03 -34.560001 -3.36
5 24 10.53 -32.619999 -2.13 11.52 -33.537998 -0.99 10.12 -36.150002 -2.88 10.47 -28.440001 -2.14
5 24 10.53 -32.619999 -2.13 10.47 -28.440001 -2.14 11.52 -33.537998 -0.99 9.3 -30.440001 -2.94
5 24 10.47 -28.440001 -2.14 11.52 -33.537998 -0.99 10.53 -32.619999 -2.13 11.51 -28.58 -0.99
5 24 10.53 -32.619999 -2.13 9.3 -30.440001 -2.94 10.47 -28.440001 -2.14 9.03 -34.560001 -3.36
5 24 10.53 -32.619999 -2.13 9.03 -34.560001 -3.36 9.3 -30.440001 -2.94 10.12 -36.150002 -2.88
5 24 9.03 -34.560001 -3.36 9.3 -30.440001 -2.94 10.53 -32.619999 -2.13 8.12 -31.139999 -3.38
5 24 9.03 -34.560001 -3.36 8.12 -31.139999 -3.38 9.3 -30.440001 -2.94 7.42 -34.830002 -3.86
5 24 6.3 -30.9 -3.58 7.42 -34.830002 -3.86 4.54 -33.919998 -3.75 8.12 -31.139999 -3.38
5 24 7.42 -34.830002 -3.86 4.54 -33.919998 -3.75 6.3 -30.9 -3.58 5.08 -36.360001 -4.29
5 24 7.42 -34.830002 -3.86 5.08 -36.360001 -4.29 4.54 -33.919998 -3.75 4.57 -39 -4.94
5 24 9.59 -41.349998 -3.94 9.97 -43.099998 -3.55 8.96 -43.279999 -4.45 11.04 -39.450001 -2.17
5 24 8.96 -43.279999 -4.45 9.59 -41.349998 -3.94 9.97 -43.099998 -3.55 8.7 -39.009998 -4.26
5 24 8.7 -39.009998 -4.26 9.59 -41.349998 -3.94 8.96 -43.279999 -4.45 10.12 -36.150002 -2.88
5 24 10.12 -36.150002 -2.88 9.59 -41.349998 -3.94 8.7 -39.009998 -4.26 11.04 -39.450001 -2.17
5 24 8.7 -39.009998 -4.26 10.12 -36.150002 -2.88 9.59 -41.349998 -3.94 9.03 -34.560001 -3.36
5 24 8.7 -39.009998 -4.26 9.03 -34.560001 -3.36 10.12 -36.150002 -2.88 7.42 -34.830002 -3.86
5 24 9.03 -34.560001 -3.36 10.12 -36.150002 -2.88 8.7 -39.009998 -4.26 10.53 -32.619999 -2.13
5 24 7.42 -34.830002 -3.86 9.03 -34.560001 -3.36 8.7 -39.009998 -4.26 8.12 -31.139999 -3.38
5 24 8.7 -39.009998 -4.26 7.2 -39.900002 -4.82 7.42 -34.830002 -3.86 8.06 -42.189999 -4.89
5 24 7.2 -39.900002 -4.82 7.42 -34.830002 -3.86 8.7 -39.009998 -4.26 4.57 -39 -4.94
5 24 4.57 -39 -4.94 7.42 -34.830002 -3.86 7.2 -39.900002 -4.82 5.08 -36.360001 -4.29
5 24 8.06 -42.189999 -4.89 8.7 -39.009998 -4.26 8.96 -43.279999 -4.45 7.2 -39.900002 -4.82
5 24 9.59 -41.349998 -3.94 11.04 -39.450001 -2.17 9.97 -43.099998 -3.55 10.12 -36.150002 -2.88
5 24 11.04 -39.450001 -2.17 9.97 -43.099998 -3.55 9.59 -41.349998 -3.94 11.03 -43.669998 -1.87
5 24 8.12 -31.139999 -3.38 7.42 -34.830002 -3.86 6.3 -30.9 -3.58 9.03 -34.560001 -3.36
5 24 11.51 -28.58 -0.99 11.52 -33.537998 -0.99 10.47 -28.440001 -2.14 12.137 -29.427999 0.453
3 16 10.8703 -40.028702 -2.3888 10.7417 -40 -2.5393 11.04 -39.450001 -2.17
3 16 9.59 -41.349998 -3.94 11.04 -39.450001 -2.17 10.7417 -40 -2.5393
4 16 9.59 -41.349998 -3.94 10.7417 -40 -2.5393 10.6407 -40.812099 -2.685 10.4392 -41.499599 -2.9449
4 16 9.59 -41.349998 -3.94 10.4392 -41.499599 -2.9449 10.1874 -42 -3.2578 9.7115 -41.909599 -3.8153
3 16 9.9292 -42.099998 -3.5652 9.7115 -41.909599 -3.8153 10.1874 -42 -3.2578
3 16 9.59 -41.349998 -3.94 9.4365 -40.169998 -3.8928 9.8691 -38.611599 -3.3818
4 16 9.2277 -38.540001 -3.8254 9.8691 -38.611599 -3.3818 9.4365 -40.169998 -3.8928 9.098 -40.056499 -4.1169
4 16 8.861 -38.685799 -4.1036 9.2277 -38.540001 -3.8254 9.098 -40.056499 -4.1169 8.7 -39.009998 -4.26
3 16 9.098 -40.056499 -4.1169 8.7372 -39.620602 -4.2872 8.7 -39.009998 -4.26
4 16 9.59 -41.349998 -3.94 9.8691 -38.611599 -3.3818 10.0916 -38.73 -3.1478 11.04 -39.450001 -2.17
3 16 11.04 -39.450001 -2.17 10.0916 -38.73 -3.1478 10.305 -38.529999 -2.8945
4 16 10.1388 -38.27 -3.0536 10.305 -38.529999 -2.8945 10.0916 -38.73 -3.1478 9.9964 -38.400002 -3.2223
3 16 9.9964 -38.400002 -3.2223 10.0446 -38.27 -3.1574 10.1388 -38.27 -3.0536
4 16 11.04 -39.450001 -2.17 10.305 -38.529999 -2.8945 10.3844 -37.880001 -2.7476 10.493 -37.488098 -2.5921
4 16 11.04 -39.450001 -2.17 10.493 -37.488098 -2.5921 10.6937 -37.25 -2.3357 10.9687 -37.23 -2.0167
3 16 11.04 -39.450001 -2.17 10.9687 -37.23 -2.0167 11.196 -37.528702 -1.7865
4 16 11.04 -39.450001 -2.17 11.196 -37.528702 -1.7865 11.3187 -37.970001 -1.5747 11.3317 -38.48 -1.5736
4 16 11.554 -39.679001 -1.208 11.04 -39.450001 -2.17 11.3317 -38.48 -1.5736 11.5477 -38.539799 -1.1676
3 16 11.554 -39.679001 -1.208 11.5477 -38.539799 -1.1676 11.649 -38.616798 -0.9635
3 16 11.554 -39.679001 -1.208 11.649 -38.616798 -0.9635 11.7677 -38.940102 -0.5223
4 16 11.554 -39.679001 -1.208 11.7677 -38.940102 -0.5223 11.8041 -39.43 -0.3066 11.7695 -39.84 -0.371
3 16 11.6037 -40.048401 -0.9616 11.554 -39.679001 -1.208 11.7695 -39.84 -0.371
3 16 11.4995 -40.093899 -1.2768 11.554 -39.679001 -1.208 11.6037 -40.048401 -0.9616
4 16 11.554 -39.679001 -1.208 11.4995 -40.093899 -1.2768 11.0386 -40.0504 -2.1273 11.04 -39.450001 -2.17
3 16 11.0386 -40.0504 -2.1273 10.8703 -40.028702 -2.3888 11.04 -39.450001 -2.17
3 16 11.3859 -35.189602 -1.3196 11.1891 -34.1553 -1.4367 11.52 -33.537998 -0.99
3 16 11.5325 -35.800201 -1.0703 11.3859 -35.189602 -1.3196 11.52 -33.537998 -0.99
4 16 11.8125 -36.787601 -0.5423 11.5325 -35.800201 -1.0703 11.52 -33.537998 -0.99 12.251 -31.882 0.587
4 16 11.9944 -31.950001 0.0547 12.251 -31.882 0.587 11.52 -33.537998 -0.99 11.827 -32.200001 -0.3012
3 16 11.52 -33.537998 -0.99 11.6702 -32.5373 -0.6386 11.827 -32.200001 -0.3012
4 16 12.169 -34.749802 0.5357 12.251 -31.882 0.587 12.3138 -32.330002 0.9657 12.3693 -32.990002 1.3345
4 16 12.169 -34.749802 0.5357 12.3693 -32.990002 1.3345 12.3617 -33.790001 1.3986 12.2592 -34.490002 0.9637
4 16 11.8125 -36.787601 -0.5423 12.251 -31.882 0.587 12.169 -34.749802 0.5357 11.9156 -37.360001 -0.1352
3 16 12.08 -37.860001 0.48 11.9156 -37.360001 -0.1352 12.169 -34.749802 0.5357
4 16 12.08 -37.860001 0.48 12.169 -34.749802 0.5357 12.2384 -35.59 0.9987 12.242 -36.428799 1.1251
3 16 12.08 -37.860001 0.48 12.242 -36.428799 1.1251 12.1888 -36.934502 1.1361
4 16 12.08 -37.860001 0.48 12.1888 -36.934502 1.1361 12.1571 -37.529999 1.08 12.1149 -37.82 0.7969
4 16 11.1891 -34.1553 -1.4367 10.2707 -34.852501 -2.6043 10.53 -32.619999 -2.13 11.52 -33.537998 -0.99
3 16 11.52 -33.537998 -0.99 10.53 -32.619999 -2.13 11.204 -32.003799 -1.3361
4 16 10.8906 -30.482 -1.6794 11.204 -32.003799 -1.3361 10.53 -32.619999 -2.13 10.4951 -30.1901 -2.1358
4 16 9.911 -30.299999 -2.5288 10.4951 -30.1901 -2.1358 10.53 -32.619999 -2.13 9.4364 -30.681801 -2.8501
4 16 9.2777 -30.7796 -2.9746 9.4364 -30.681801 -2.8501 10.53 -32.619999 -2.13 9.1723 -32.388401 -3.1386
3 16 9.03 -34.560001 -3.36 9.1723 -32.388401 -3.1386 10.53 -32.619999 -2.13
4 16 9.3701 -35.056099 -3.2102 9.03 -34.560001 -3.36 10.53 -32.619999 -2.13 10.2707 -34.852501 -2.6043
3 16 8.9926 -35.064098 -3.4619 9.03 -34.560001 -3.36 9.3701 -35.056099 -3.2102
3 16 8.9926 -35.064098 -3.4619 7.42 -34.830002 -3.86 9.03 -34.560001 -3.36
4 16 9.03 -34.560001 -3.36 7.42 -34.830002 -3.86 7.8233 -32.704102 -3.5835 8.4791 -32.489799 -3.3721
3 16 9.03 -34.560001 -3.36 8.4791 -32.489799 -3.3721 9.1723 -32.388401 -3.1386
3 16 7.42 -34.830002 -3.86 6.9841 -33.300598 -3.751 7.8233 -32.704102 -3.5835
4 16 6.9841 -33.300598 -3.751 7.42 -34.830002 -3.86 6.7982 -34.633499 -3.8363 6.5126 -34.119999 -3.7973
3 16 6.5126 -34.119999 -3.7973 6.6357 -33.599998 -3.7649 6.9841 -33.300598 -3.751
4 16 8.9933 -31.49 -3.1244 9.0702 -31 -3.0598 9.2777 -30.7796 -2.9746 9.1723 -32.388401 -3.1386
4 16 11.1708 -30.889999 -1.3703 11.2923 -31.48 -1.2373 11.204 -32.003799 -1.3361 10.8906 -30.482 -1.6794
3 16 11.52 -33.537998 -0.99 11.204 -32.003799 -1.3361 11.5161 -31.620001 -0.99
4 16 11.52 -33.537998 -0.99 11.5161 -31.620001 -0.99 11.6045 -31.549999 -0.7858 11.6946 -31.76 -0.5789
3 16 11.52 -33.537998 -0.99 11.6946 -31.76 -0.5789 11.6702 -32.5373 -0.6386
3 16 11.9944 -31.950001 0.0547 12.137 -29.427999 0.453 12.251 -31.882 0.587
3 16 11.827 -32.200001 -0.3012 12.137 -29.427999 0.453 11.9944 -31.950001 0.0547
3 16 11.6702 -32.5373 -0.6386 12.137 -29.427999 0.453 11.827 -32.200001 -0.3012
3 16 11.6702 -32.5373 -0.6386 11.6946 -31.76 -0.5789 12.137 -29.427999 0.453
4 16 12.137 -29.427999 0.453 11.6946 -31.76 -0.5789 11.6045 -31.549999 -0.7858 11.51 -28.58 -0.99
3 16 11.5161 -31.620001 -0.99 11.51 -28.58 -0.99 11.6045 -31.549999 -0.7858
4 16 11.51 -28.58 -0.99 11.5161 -31.620001 -0.99 11.2923 -31.48 -1.2373 11.1708 -30.889999 -1.3703
3 16 11.204 -32.003799 -1.3361 11.2923 -31.48 -1.2373 11.5161 -31.620001 -0.99
4 16 11.51 -28.58 -0.99 11.1708 -30.889999 -1.3703 10.8906 -30.482 -1.6794 10.47 -28.440001 -2.14
3 16 10.8906 -30.482 -1.6794 10.4951 -30.1901 -2.1358 10.47 -28.440001 -2.14
3 16 9.911 -30.299999 -2.5288 10.47 -28.440001 -2.14 10.4951 -30.1901 -2.1358
4 16 9.3 -30.440001 -2.94 10.47 -28.440001 -2.14 9.911 -30.299999 -2.5288 9.4364 -30.681801 -2.8501
3 16 9.2777 -30.7796 -2.9746 9.3 -30.440001 -2.94 9.4364 -30.681801 -2.8501
4 16 9.3 -30.440001 -2.94 9.2777 -30.7796 -2.9746 9.0702 -31 -3.0598 8.12 -31.139999 -3.38
4 16 8.12 -31.139999 -3.38 9.0702 -31 -3.0598 8.9933 -31.49 -3.1244 8.4791 -32.489799 -3.3721
3 16 8.4791 -32.489799 -3.3721 8.9933 -31.49 -3.1244 9.1723 -32.388401 -3.1386
3 16 7.8233 -32.704102 -3.5835 8.12 -31.139999 -3.38 8.4791 -32.489799 -3.3721
4 16 6.3 -30.9 -3.58 8.12 -31.139999 -3.38 7.8233 -32.704102 -3.5835 6.9841 -33.300598 -3.751
4 16 6.3 -30.9 -3.58 6.9841 -33.300598 -3.751 6.6357 -33.599998 -3.7649 4.54 -33.919998 -3.75
3 16 6.5126 -34.119999 -3.7973 4.54 -33.919998 -3.75 6.6357 -33.599998 -3.7649
3 16 6.7982 -34.633499 -3.8363 4.54 -33.919998 -3.75 6.5126 -34.119999 -3.7973
3 16 5.08 -36.360001 -4.29 4.54 -33.919998 -3.75 6.7982 -34.633499 -3.8363
3 16 5.08 -36.360001 -4.29 6.7982 -34.633499 -3.8363 7.42 -34.830002 -3.86
3 16 4.57 -39 -4.94 5.08 -36.360001 -4.29 7.42 -34.830002 -3.86
3 16 7.2 -39.900002 -4.82 4.57 -39 -4.94 7.42 -34.830002 -3.86
4 16 8.7 -39.009998 -4.26 7.2 -39.900002 -4.82 7.42 -34.830002 -3.86 8.9926 -35.064098 -3.4619
4 16 8.861 -38.685799 -4.1036 8.7 -39.009998 -4.26 8.9926 -35.064098 -3.4619 9.3701 -35.056099 -3.2102
3 16 8.861 -38.685799 -4.1036 9.3701 -35.056099 -3.2102 10.12 -36.150002 -2.88
3 16 10.12 -36.150002 -2.88 9.3701 -35.056099 -3.2102 10.2707 -34.852501 -2.6043
3 16 10.12 -36.150002 -2.88 10.2707 -34.852501 -2.6043 11.1891 -34.1553 -1.4367
4 16 10.12 -36.150002 -2.88 11.1891 -34.1553 -1.4367 11.3859 -35.189602 -1.3196 10.6937 -37.25 -2.3357
3 16 10.493 -37.488098 -2.5921 10.12 -36.150002 -2.88 10.6937 -37.25 -2.3357
4 16 10.12 -36.150002 -2.88 10.493 -37.488098 -2.5921 10.3844 -37.880001 -2.7476 10.0446 -38.27 -3.1574
3 16 10.1388 -38.27 -3.0536 10.0446 -38.27 -3.1574 10.3844 -37.880001 -2.7476
3 16 10.305 -38.529999 -2.8945 10.1388 -38.27 -3.0536 10.3844 -37.880001 -2.7476
3 16 10.0916 -38.73 -3.1478 9.8691 -38.611599 -3.3818 9.9964 -38.400002 -3.2223
4 16 10.0446 -38.27 -3.1574 9.9964 -38.400002 -3.2223 9.8691 -38.611599 -3.3818 10.12 -36.150002 -2.88
3 16 9.8691 -38.611599 -3.3818 9.2277 -38.540001 -3.8254 10.12 -36.150002 -2.88
3 16 8.861 -38.685799 -4.1036 10.12 -36.150002 -2.88 9.2277 -38.540001 -3.8254
3 16 10.6937 -37.25 -2.3357 11.3859 -35.189602 -1.3196 10.9687 -37.23 -2.0167
3 16 11.196 -37.528702 -1.7865 10.9687 -37.23 -2.0167 11.3859 -35.189602 -1.3196
4 16 11.196 -37.528702 -1.7865 11.3859 -35.189602 -1.3196 11.5325 -35.800201 -1.0703 11.3187 -37.970001 -1.5747
4 16 11.3187 -37.970001 -1.5747 11.5325 -35.800201 -1.0703 11.5477 -38.539799 -1.1676 11.3317 -38.48 -1.5736
4 16 11.8125 -36.787601 -0.5423 11.649 -38.616798 -0.9635 11.5477 -38.539799 -1.1676 11.5325 -35.800201 -1.0703
3 16 8.06 -42.189999 -4.89 7.2 -39.900002 -4.82 8.7 -39.009998 -4.26
3 16 8.06 -42.189999 -4.89 8.7 -39.009998 -4.26 8.7372 -39.620602 -4.2872
4 16 8.96 -43.279999 -4.45 8.06 -42.189999 -4.89 8.7372 -39.620602 -4.2872 9.098 -40.056499 -4.1169
3 16 8.96 -43.279999 -4.45 9.098 -40.056499 -4.1169 9.59 -41.349998 -3.94
3 16 9.59 -41.349998 -3.94 9.098 -40.056499 -4.1169 9.4365 -40.169998 -3.8928
3 16 8.96 -43.279999 -4.45 9.59 -41.349998 -3.94 9.7115 -41.909599 -3.8153
3 16 8.96 -43.279999 -4.45 9.7115 -41.909599 -3.8153 9.97 -43.099998 -3.55
3 16 9.97 -43.099998 -3.55 9.7115 -41.909599 -3.8153 9.9292 -42.099998 -3.5652
3 16 9.97 -43.099998 -3.55 9.9292 -42.099998 -3.5652 10.1874 -42 -3.2578
3 16 9.97 -43.099998 -3.55 10.1874 -42 -3.2578 10.4392 -41.499599 -2.9449
3 16 11.03 -43.669998 -1.87 9.97 -43.099998 -3.55 10.4392 -41.499599 -2.9449
4 16 11.03 -43.669998 -1.87 10.4392 -41.499599 -2.9449 10.6407 -40.812099 -2.685 11.0386 -40.0504 -2.1273
3 16 10.6407 -40.812099 -2.685 10.8703 -40.028702 -2.3888 11.0386 -40.0504 -2.1273
3 16 10.6407 -40.812099 -2.685 10.7417 -40 -2.5393 10.8703 -40.028702 -2.3888
3 16 11.03 -43.669998 -1.87 11.0386 -40.0504 -2.1273 11.4995 -40.093899 -1.2768
4 16 11.03 -43.669998 -1.87 11.4995 -40.093899 -1.2768 11.6037 -40.048401 -0.9616 11.83 -41.73 0.16
3 16 11.83 -41.73 0.16 11.6037 -40.048401 -0.9616 11.7695 -39.84 -0.371
4 16 11.83 -41.73 0.16 11.7695 -39.84 -0.371 11.8041 -39.43 -0.3066 12.08 -37.860001 0.48
3 16 11.8041 -39.43 -0.3066 11.7677 -38.940102 -0.5223 12.08 -37.860001 0.48
4 16 11.9156 -37.360001 -0.1352 12.08 -37.860001 0.48 11.7677 -38.940102 -0.5223 11.649 -38.616798 -0.9635
3 16 11.649 -38.616798 -0.9635 11.8125 -36.787601 -0.5423 11.9156 -37.360001 -0.1352
4 16 12.2238 -38.868198 2.2742 11.83 -41.73 0.16 12.08 -37.860001 0.48 12.1149 -37.82 0.7969
3 16 12.2238 -38.868198 2.2742 12.1149 -37.82 0.7969 12.1571 -37.529999 1.08
4 16 12.658 -32.945099 3.9643 12.2238 -38.868198 2.2742 12.1571 -37.529999 1.08 12.1888 -36.934502 1.1361
4 16 12.658 -32.945099 3.9643 12.1888 -36.934502 1.1361 12.242 -36.428799 1.1251 12.62 -33.09 2.63
4 16 12.3617 -33.790001 1.3986 12.62 -33.09 2.63 12.242 -36.428799 1.1251 12.2384 -35.59 0.9987
3 16 12.2384 -35.59 0.9987 12.2592 -34.490002 0.9637 12.3617 -33.790001 1.3986
3 16 12.2384 -35.59 0.9987 12.169 -34.749802 0.5357 12.2592 -34.490002 0.9637
3 16 12.3617 -33.790001 1.3986 12.3693 -32.990002 1.3345 12.62 -33.09 2.63
3 16 12.62 -33.09 2.63 12.3693 -32.990002 1.3345 12.3138 -32.330002 0.9657
3 16 12.62 -33.09 2.63 12.3138 -32.330002 0.9657 12.251 -31.882 0.587