0 M13 (Needs Work)
0 Name: 96491.dat
0 Author: <AuthorRealName> [<AuthorLDrawName>]
0 !LDRAW_ORG Unofficial_Part
0 !LICENSE Redistributable under CCAL version 2.0 : see CAreadme.txt

0 BFC CERTIFY CCW

0 !HISTORY 2013-08-14 {LEGO Digital Designer} Original part shape
0 !HISTORY 2013-08-14 [<AuthorLDrawName>] File preparation for LDraw Parts Tracker

0 // Needs Work: Clean necessary

0 // Outside
3 16 0 -5.583 -2.75 0 -5.583 3 4.328 -5.139 -2.598 
3 16 4.328 -5.139 -2.598 0 -5.583 3 4.311 -5.143 3 
3 16 0 -5.583 -2.75 4.328 -5.139 -2.598 0 -7.162 -2.584 
3 16 0 -7.162 -2.584 4.328 -5.139 -2.598 1.819 -7.767 -2.49 
3 16 4.328 -5.139 -2.598 4.311 -5.143 3 8.444 -3.84 -2.123 
3 16 8.444 -3.84 3 8.444 -3.84 -2.123 4.311 -5.143 3 
3 16 3.072 -9.917 -2.22 1.819 -7.767 -2.49 4.328 -5.139 -2.598 
3 16 5.059 -18.963 -1.273 2.795 -14.664 -1.755 8.227 -13.262 -1.536 
3 16 8.444 -3.84 -2.123 8.227 -13.262 -1.536 4.328 -5.139 -2.598 
3 16 4.328 -5.139 -2.598 8.227 -13.262 -1.536 3.072 -9.917 -2.22 
3 16 3.072 -9.917 -2.22 8.227 -13.262 -1.536 2.768 -11.897 -2.034 
3 16 1.448 -13.26 -1.929 2.768 -11.897 -2.034 2.795 -14.664 -1.755 
3 16 2.768 -11.897 -2.034 8.227 -13.262 -1.536 2.795 -14.664 -1.755 
3 16 8.444 -3.84 -2.123 8.444 -3.84 3 9.504 -4.603 -1.865 
3 16 8.444 -3.84 3 9.8 -4.911 3 9.504 -4.603 -1.865 
3 16 8.444 -3.84 -2.123 9.504 -4.603 -1.865 8.227 -13.262 -1.536 
3 16 8.444 -3.84 3 10.1 -8.225 3 9.8 -4.911 3 
3 16 9.8 -4.911 3 10.1 -8.225 3 10.41 -6.525 3 
3 16 0 -5.583 3 2.795 -14.664 3 4.311 -5.143 3 
3 16 4.311 -5.143 3 2.795 -14.664 3 8.227 -13.262 3 
3 16 8.227 -13.262 3 2.795 -14.664 3 7.048 -18.722 3 
3 16 2.795 -14.664 3 5.059 -18.963 3 7.048 -18.722 3 
3 16 5.059 -18.963 3 4.702 -20.069 3 7.048 -18.722 3 
3 16 4.702 -20.069 3 5.255 -21.101 3 7.048 -18.722 3 
3 16 5.255 -21.101 3 6.187 -21.429 3 7.048 -18.722 3 
3 16 6.187 -21.429 3 7.068 -21.14 3 7.048 -18.722 3 
3 16 7.068 -21.14 3 7.6 -19.467 3 7.048 -18.722 3 
3 16 12.872 -15.853 -0.884 12.872 -15.853 3 13.383 -16.604 -0.812 
3 16 13.383 -16.604 3 13.383 -16.604 -0.812 12.872 -15.853 3 
3 16 12.872 -15.853 -0.884 10.809 -16.072 -1.118 10.1 -8.225 -1.564 
3 16 10.809 -16.072 -1.118 8.227 -13.262 -1.536 10.1 -8.225 -1.564 
3 16 10.809 -16.072 -1.118 12.872 -15.853 -0.884 10.466 -17.114 -1.107 
3 16 10.466 -17.114 -1.107 12.872 -15.853 -0.884 10.931 -18.111 -1.026 
3 16 10.931 -18.111 -1.026 12.872 -15.853 -0.884 11.954 -18.517 -0.93 
3 16 12.872 -15.853 -0.884 13.383 -16.604 -0.812 11.954 -18.517 -0.93 
3 16 13.383 -16.604 -0.812 13.362 -17.515 -0.81 11.954 -18.517 -0.93 
3 16 13.362 -17.515 -0.81 12.817 -18.242 -0.859 11.954 -18.517 -0.93 
3 16 8.227 -13.262 -1.536 10.809 -16.072 -1.118 8.227 -13.262 3 
3 16 10.809 -16.072 -1.118 10.809 -16.072 3 8.227 -13.262 3 
3 16 8.227 -13.262 -1.536 9.504 -4.603 -1.865 10.1 -8.225 -1.564 
3 16 10.1 -8.225 -1.564 9.504 -4.603 -1.865 10.411 -6.537 -1.582 
3 16 10.809 -16.072 -1.118 10.466 -17.114 -1.107 10.809 -16.072 3 
3 16 10.809 -16.072 3 10.466 -17.114 -1.107 10.463 -17.027 3 
3 16 10.466 -17.114 -1.107 10.931 -18.111 -1.026 10.463 -17.027 3 
3 16 10.931 -18.111 -1.026 10.9 -18.081 3 10.463 -17.027 3 
3 16 10.931 -18.111 -1.026 11.954 -18.517 -0.93 10.9 -18.081 3 
3 16 10.9 -18.081 3 11.954 -18.517 -0.93 11.954 -18.517 3 
3 16 11.954 -18.517 -0.93 12.817 -18.242 -0.859 11.954 -18.517 3 
3 16 11.954 -18.517 3 12.817 -18.242 -0.859 12.817 -18.242 3 
3 16 12.817 -18.242 -0.859 13.362 -17.515 -0.81 12.817 -18.242 3 
3 16 12.817 -18.242 3 13.362 -17.515 -0.81 13.362 -17.515 3 
3 16 13.362 -17.515 3 13.362 -17.515 -0.81 13.383 -16.604 3 
3 16 13.362 -17.515 -0.81 13.383 -16.604 -0.812 13.383 -16.604 3 
3 16 10.1 -8.225 -1.564 10.1 -8.225 3 12.872 -15.853 -0.884 
3 16 12.872 -15.853 3 12.872 -15.853 -0.884 10.1 -8.225 3 
3 16 10.1 -8.225 3 10.1 -8.225 -1.564 10.41 -6.525 3 
3 16 10.1 -8.225 -1.564 10.411 -6.537 -1.582 10.41 -6.525 3 
3 16 9.504 -4.603 -1.865 9.8 -4.911 3 10.411 -6.537 -1.582 
3 16 10.41 -6.525 3 10.411 -6.537 -1.582 9.8 -4.911 3 
3 16 0 -7.162 -2.584 1.819 -7.767 -2.49 0 -8.409 -1.337 
3 16 0 -8.409 -1.337 1.819 -7.767 -2.49 1.377 -8.857 -1.337 
3 16 1.819 -7.767 -2.49 3.072 -9.917 -2.22 1.377 -8.857 -1.337 
3 16 1.377 -8.857 -1.337 3.072 -9.917 -2.22 2.226 -10.026 -1.337 
3 16 3.072 -9.917 -2.22 2.768 -11.897 -2.034 2.226 -10.026 -1.337 
3 16 2.226 -10.026 -1.337 2.768 -11.897 -2.034 2.228 -11.47 -1.337 
3 16 1.448 -13.26 -1.929 1.382 -12.639 -1.337 2.768 -11.897 -2.034 
3 16 2.228 -11.47 -1.337 2.768 -11.897 -2.034 1.382 -12.639 -1.337 
3 16 1.109 -20.326 -1.198 1.401 -20.815 -1.146 1.031 -22.398 -0.982 
3 16 1.031 -22.398 -0.982 1.401 -20.815 -1.146 1.489 -21.379 -1.087 
3 16 0 -13.655 -1.902 0 -13.091 -1.337 1.448 -13.26 -1.929 
3 16 1.382 -12.639 -1.337 1.448 -13.26 -1.929 0 -13.091 -1.337 
3 16 8.227 -13.262 -1.536 8.227 -13.262 3 7.048 -18.722 -1.223 
3 16 8.227 -13.262 3 7.048 -18.722 3 7.048 -18.722 -1.223 
3 16 1.489 -21.379 -1.087 1.489 -21.377 3 1.031 -22.398 -0.982 
3 16 1.036 -22.393 3 1.031 -22.398 -0.982 1.489 -21.377 3 
3 16 1.401 -20.815 -1.146 1.402 -20.816 3 1.489 -21.379 -1.087 
3 16 1.489 -21.377 3 1.489 -21.379 -1.087 1.402 -20.816 3 
3 16 1.109 -20.326 -1.198 1.109 -20.326 3 1.401 -20.815 -1.146 
3 16 1.402 -20.816 3 1.401 -20.815 -1.146 1.109 -20.326 3 
3 16 2.795 -14.664 -1.755 2.795 -14.664 3 1.109 -20.326 -1.198 
3 16 1.109 -20.326 3 1.109 -20.326 -1.198 2.795 -14.664 3 
3 16 2.795 -14.664 -1.755 5.059 -18.963 -1.273 2.795 -14.664 3 
3 16 2.795 -14.664 3 5.059 -18.963 -1.273 5.059 -18.963 3 
3 16 5.059 -18.963 -1.273 4.702 -20.069 -1.18 5.059 -18.963 3 
3 16 5.059 -18.963 3 4.702 -20.069 -1.18 4.702 -20.069 3 
3 16 4.702 -20.069 -1.18 5.255 -21.101 -1.075 4.702 -20.069 3 
3 16 4.702 -20.069 3 5.255 -21.101 -1.075 5.255 -21.101 3 
3 16 5.255 -21.101 -1.075 6.187 -21.429 -1.027 5.255 -21.101 3 
3 16 6.187 -21.429 -1.027 6.187 -21.429 3 5.255 -21.101 3 
3 16 7.068 -21.14 -1.05 7.068 -21.14 3 6.187 -21.429 -1.027 
3 16 6.187 -21.429 -1.027 7.068 -21.14 3 6.187 -21.429 3 
3 16 8.227 -13.262 -1.536 7.048 -18.722 -1.223 5.059 -18.963 -1.273 
3 16 5.059 -18.963 -1.273 7.048 -18.722 -1.223 4.702 -20.069 -1.18 
3 16 4.702 -20.069 -1.18 7.048 -18.722 -1.223 5.255 -21.101 -1.075 
3 16 5.255 -21.101 -1.075 7.048 -18.722 -1.223 6.187 -21.429 -1.027 
3 16 6.187 -21.429 -1.027 7.048 -18.722 -1.223 7.068 -21.14 -1.05 
3 16 7.068 -21.14 -1.05 7.048 -18.722 -1.223 7.607 -20.39 -1.082 
3 16 7.6 -19.467 -1.125 7.607 -20.39 -1.082 7.048 -18.722 -1.223 
3 16 7.607 -20.39 -1.082 7.607 -20.39 3 7.068 -21.14 -1.05 
3 16 7.068 -21.14 -1.05 7.607 -20.39 3 7.068 -21.14 3 
3 16 7.6 -19.467 -1.125 7.6 -19.467 3 7.607 -20.39 -1.082 
3 16 7.607 -20.39 3 7.607 -20.39 -1.082 7.6 -19.467 3 
3 16 7.048 -18.722 -1.223 7.048 -18.722 3 7.6 -19.467 -1.125 
3 16 7.6 -19.467 3 7.6 -19.467 -1.125 7.048 -18.722 3 
3 16 4.311 -5.143 3 8.227 -13.262 3 8.444 -3.84 3 
3 16 8.444 -3.84 3 8.227 -13.262 3 10.1 -8.225 3 
3 16 10.1 -8.225 3 8.227 -13.262 3 12.872 -15.853 3 
3 16 8.227 -13.262 3 10.809 -16.072 3 12.872 -15.853 3 
3 16 10.809 -16.072 3 10.463 -17.027 3 12.872 -15.853 3 
3 16 10.463 -17.027 3 10.9 -18.081 3 12.872 -15.853 3 
3 16 10.9 -18.081 3 11.954 -18.517 3 12.872 -15.853 3 
3 16 11.954 -18.517 3 12.817 -18.242 3 12.872 -15.853 3 
3 16 12.817 -18.242 3 13.362 -17.515 3 12.872 -15.853 3 
3 16 13.362 -17.515 3 13.383 -16.604 3 12.872 -15.853 3 
3 16 7.068 -21.14 3 7.607 -20.39 3 7.6 -19.467 3 
3 16 1.109 -20.326 3 1.036 -22.393 3 1.402 -20.816 3 
3 16 1.489 -21.377 3 1.402 -20.816 3 1.036 -22.393 3 
3 16 0 -13.091 -1.337 -1.382 -12.639 -1.337 1.382 -12.639 -1.337 
3 16 -1.382 -12.639 -1.337 -2.228 -11.47 -1.337 1.382 -12.639 -1.337 
3 16 1.382 -12.639 -1.337 -2.228 -11.47 -1.337 2.228 -11.47 -1.337 
3 16 -2.226 -10.026 -1.337 2.226 -10.026 -1.337 2.228 -11.47 -1.337 
3 16 -1.377 -8.857 -1.337 2.226 -10.026 -1.337 -2.226 -10.026 -1.337 
3 16 -1.377 -8.857 -1.337 0 -8.409 -1.337 1.377 -8.857 -1.337 
3 16 -1.377 -8.857 -1.337 1.377 -8.857 -1.337 2.226 -10.026 -1.337 
3 16 -2.226 -10.026 -1.337 2.228 -11.47 -1.337 -2.228 -11.47 -1.337 
3 16 1.031 -22.398 -0.982 1.036 -22.393 3 0 -22.811 -0.939 
3 16 0 -22.812 3 0 -22.811 -0.939 1.036 -22.393 3 
3 16 0 -5.583 -2.75 -4.328 -5.139 -2.598 0 -5.583 3 
3 16 0 -5.583 3 -4.328 -5.139 -2.598 -4.311 -5.143 3 
3 16 0 -5.583 -2.75 0 -7.162 -2.584 -4.328 -5.139 -2.598 
3 16 0 -7.162 -2.584 -1.819 -7.767 -2.49 -4.328 -5.139 -2.598 
3 16 -4.328 -5.139 -2.598 -8.444 -3.84 -2.123 -4.311 -5.143 3 
3 16 -8.444 -3.84 3 -4.311 -5.143 3 -8.444 -3.84 -2.123 
3 16 -3.072 -9.917 -2.22 -4.328 -5.139 -2.598 -1.819 -7.767 -2.49 
3 16 -5.059 -18.963 -1.273 -8.227 -13.262 -1.536 -2.795 -14.664 -1.755 
3 16 -8.444 -3.84 -2.123 -4.328 -5.139 -2.598 -8.227 -13.262 -1.536 
3 16 -4.328 -5.139 -2.598 -3.072 -9.917 -2.22 -8.227 -13.262 -1.536 
3 16 -3.072 -9.917 -2.22 -2.768 -11.897 -2.034 -8.227 -13.262 -1.536 
3 16 -1.448 -13.26 -1.929 -2.795 -14.664 -1.755 -2.768 -11.897 -2.034 
3 16 -2.768 -11.897 -2.034 -2.795 -14.664 -1.755 -8.227 -13.262 -1.536 
3 16 -8.444 -3.84 -2.123 -9.504 -4.603 -1.865 -8.444 -3.84 3 
3 16 -9.504 -4.603 -1.865 -9.8 -4.911 3 -8.444 -3.84 3 
3 16 -8.444 -3.84 -2.123 -8.227 -13.262 -1.536 -9.504 -4.603 -1.865 
3 16 -10.1 -8.225 3 -8.444 -3.84 3 -10.41 -6.525 3 
3 16 -9.8 -4.911 3 -10.41 -6.525 3 -8.444 -3.84 3 
3 16 0 -5.583 3 -4.311 -5.143 3 -2.795 -14.664 3 
3 16 -4.311 -5.143 3 -8.227 -13.262 3 -2.795 -14.664 3 
3 16 -8.227 -13.262 3 -7.048 -18.722 3 -2.795 -14.664 3 
3 16 -2.795 -14.664 3 -7.048 -18.722 3 -5.059 -18.963 3 
3 16 -5.059 -18.963 3 -7.048 -18.722 3 -4.702 -20.069 3 
3 16 -4.702 -20.069 3 -7.048 -18.722 3 -5.255 -21.101 3 
3 16 -7.048 -18.722 3 -7.6 -19.467 3 -5.255 -21.101 3 
3 16 -5.255 -21.101 3 -7.6 -19.467 3 -6.187 -21.429 3 
3 16 -7.6 -19.467 3 -7.068 -21.14 3 -6.187 -21.429 3 
3 16 0 -5.583 3 -2.795 -14.664 3 2.795 -14.664 3 
3 16 2.795 -14.664 3 -2.795 -14.664 3 1.109 -20.326 3 
3 16 -2.795 -14.664 3 -1.109 -20.326 3 1.109 -20.326 3 
3 16 -1.109 -20.326 3 -1.036 -22.393 3 1.109 -20.326 3 
3 16 -1.036 -22.393 3 0 -22.812 3 1.109 -20.326 3 
3 16 0 -22.812 3 1.036 -22.393 3 1.109 -20.326 3 
3 16 -12.872 -15.853 -0.884 -13.383 -16.604 -0.812 -12.872 -15.853 3 
3 16 -13.383 -16.604 3 -12.872 -15.853 3 -13.383 -16.604 -0.812 
3 16 -12.872 -15.853 -0.884 -10.1 -8.225 -1.564 -10.809 -16.072 -1.118 
3 16 -8.227 -13.262 -1.536 -10.809 -16.072 -1.118 -10.1 -8.225 -1.564 
3 16 -10.809 -16.072 -1.118 -10.466 -17.114 -1.107 -12.872 -15.853 -0.884 
3 16 -10.466 -17.114 -1.107 -10.931 -18.111 -1.026 -12.872 -15.853 -0.884 
3 16 -10.931 -18.111 -1.026 -11.954 -18.517 -0.93 -12.872 -15.853 -0.884 
3 16 -11.954 -18.517 -0.93 -12.817 -18.242 -0.859 -12.872 -15.853 -0.884 
3 16 -12.817 -18.242 -0.859 -13.362 -17.515 -0.81 -12.872 -15.853 -0.884 
3 16 -13.362 -17.515 -0.81 -13.383 -16.604 -0.812 -12.872 -15.853 -0.884 
3 16 -8.227 -13.262 -1.536 -8.227 -13.262 3 -10.809 -16.072 -1.118 
3 16 -8.227 -13.262 3 -10.809 -16.072 3 -10.809 -16.072 -1.118 
3 16 -8.227 -13.262 -1.536 -10.1 -8.225 -1.564 -9.504 -4.603 -1.865 
3 16 -10.1 -8.225 -1.564 -10.411 -6.537 -1.582 -9.504 -4.603 -1.865 
3 16 -10.466 -17.114 -1.107 -10.809 -16.072 -1.118 -10.463 -17.027 3 
3 16 -10.809 -16.072 3 -10.463 -17.027 3 -10.809 -16.072 -1.118 
3 16 -10.466 -17.114 -1.107 -10.463 -17.027 3 -10.931 -18.111 -1.026 
3 16 -10.463 -17.027 3 -10.9 -18.081 3 -10.931 -18.111 -1.026 
3 16 -10.931 -18.111 -1.026 -10.9 -18.081 3 -11.954 -18.517 -0.93 
3 16 -10.9 -18.081 3 -11.954 -18.517 3 -11.954 -18.517 -0.93 
3 16 -11.954 -18.517 -0.93 -11.954 -18.517 3 -12.817 -18.242 -0.859 
3 16 -11.954 -18.517 3 -12.817 -18.242 3 -12.817 -18.242 -0.859 
3 16 -12.817 -18.242 -0.859 -12.817 -18.242 3 -13.362 -17.515 -0.81 
3 16 -12.817 -18.242 3 -13.362 -17.515 3 -13.362 -17.515 -0.81 
3 16 -13.362 -17.515 3 -13.383 -16.604 3 -13.362 -17.515 -0.81 
3 16 -13.383 -16.604 3 -13.383 -16.604 -0.812 -13.362 -17.515 -0.81 
3 16 -10.1 -8.225 -1.564 -12.872 -15.853 -0.884 -10.1 -8.225 3 
3 16 -12.872 -15.853 3 -10.1 -8.225 3 -12.872 -15.853 -0.884 
3 16 -10.1 -8.225 3 -10.41 -6.525 3 -10.1 -8.225 -1.564 
3 16 -10.41 -6.525 3 -10.411 -6.537 -1.582 -10.1 -8.225 -1.564 
3 16 -9.504 -4.603 -1.865 -10.411 -6.537 -1.582 -9.8 -4.911 3 
3 16 -10.41 -6.525 3 -9.8 -4.911 3 -10.411 -6.537 -1.582 
3 16 0 -7.162 -2.584 0 -8.409 -1.337 -1.819 -7.767 -2.49 
3 16 0 -8.409 -1.337 -1.377 -8.857 -1.337 -1.819 -7.767 -2.49 
3 16 -1.819 -7.767 -2.49 -1.377 -8.857 -1.337 -3.072 -9.917 -2.22 
3 16 -1.377 -8.857 -1.337 -2.226 -10.026 -1.337 -3.072 -9.917 -2.22 
3 16 -2.768 -11.897 -2.034 -3.072 -9.917 -2.22 -2.228 -11.47 -1.337 
3 16 -2.226 -10.026 -1.337 -2.228 -11.47 -1.337 -3.072 -9.917 -2.22 
3 16 -1.448 -13.26 -1.929 -2.768 -11.897 -2.034 -1.382 -12.639 -1.337 
3 16 -2.228 -11.47 -1.337 -1.382 -12.639 -1.337 -2.768 -11.897 -2.034 
3 16 1.109 -20.326 -1.198 -1.109 -20.326 -1.198 2.795 -14.664 -1.755 
3 16 -1.109 -20.326 -1.198 -2.795 -14.664 -1.755 2.795 -14.664 -1.755 
3 16 2.795 -14.664 -1.755 -2.795 -14.664 -1.755 1.448 -13.26 -1.929 
3 16 1.448 -13.26 -1.929 -2.795 -14.664 -1.755 0 -13.655 -1.902 
3 16 0 -13.655 -1.902 -2.795 -14.664 -1.755 -1.448 -13.26 -1.929 
3 16 -1.109 -20.326 -1.198 1.109 -20.326 -1.198 -1.031 -22.398 -0.982 
3 16 -1.031 -22.398 -0.982 1.109 -20.326 -1.198 0 -22.811 -0.939 
3 16 1.109 -20.326 -1.198 1.031 -22.398 -0.982 0 -22.811 -0.939 
3 16 -1.109 -20.326 -1.198 -1.031 -22.398 -0.982 -1.401 -20.815 -1.146 
3 16 -1.031 -22.398 -0.982 -1.489 -21.379 -1.087 -1.401 -20.815 -1.146 
3 16 0 -13.655 -1.902 -1.448 -13.26 -1.929 0 -13.091 -1.337 
3 16 -1.382 -12.639 -1.337 0 -13.091 -1.337 -1.448 -13.26 -1.929 
3 16 -8.227 -13.262 -1.536 -7.048 -18.722 -1.223 -8.227 -13.262 3 
3 16 -7.048 -18.722 3 -8.227 -13.262 3 -7.048 -18.722 -1.223 
3 16 -1.489 -21.379 -1.087 -1.031 -22.398 -0.982 -1.489 -21.377 3 
3 16 -1.036 -22.393 3 -1.489 -21.377 3 -1.031 -22.398 -0.982 
3 16 -1.401 -20.815 -1.146 -1.489 -21.379 -1.087 -1.402 -20.816 3 
3 16 -1.489 -21.377 3 -1.402 -20.816 3 -1.489 -21.379 -1.087 
3 16 -1.109 -20.326 -1.198 -1.401 -20.815 -1.146 -1.109 -20.326 3 
3 16 -1.402 -20.816 3 -1.109 -20.326 3 -1.401 -20.815 -1.146 
3 16 -2.795 -14.664 -1.755 -1.109 -20.326 -1.198 -2.795 -14.664 3 
3 16 -1.109 -20.326 3 -2.795 -14.664 3 -1.109 -20.326 -1.198 
3 16 -2.795 -14.664 -1.755 -2.795 -14.664 3 -5.059 -18.963 -1.273 
3 16 -5.059 -18.963 -1.273 -2.795 -14.664 3 -5.059 -18.963 3 
3 16 -5.059 -18.963 -1.273 -5.059 -18.963 3 -4.702 -20.069 -1.18 
3 16 -5.059 -18.963 3 -4.702 -20.069 3 -4.702 -20.069 -1.18 
3 16 -4.702 -20.069 -1.18 -4.702 -20.069 3 -5.255 -21.101 -1.075 
3 16 -4.702 -20.069 3 -5.255 -21.101 3 -5.255 -21.101 -1.075 
3 16 -5.255 -21.101 -1.075 -5.255 -21.101 3 -6.187 -21.429 -1.027 
3 16 -5.255 -21.101 3 -6.187 -21.429 3 -6.187 -21.429 -1.027 
3 16 -6.187 -21.429 3 -7.068 -21.14 3 -6.187 -21.429 -1.027 
3 16 -6.187 -21.429 -1.027 -7.068 -21.14 3 -7.068 -21.14 -1.05 
3 16 -8.227 -13.262 -1.536 -5.059 -18.963 -1.273 -7.048 -18.722 -1.223 
3 16 -5.059 -18.963 -1.273 -4.702 -20.069 -1.18 -7.048 -18.722 -1.223 
3 16 -4.702 -20.069 -1.18 -5.255 -21.101 -1.075 -7.048 -18.722 -1.223 
3 16 -7.048 -18.722 -1.223 -5.255 -21.101 -1.075 -7.6 -19.467 -1.125 
3 16 -7.6 -19.467 -1.125 -5.255 -21.101 -1.075 -7.607 -20.39 -1.082 
3 16 -5.255 -21.101 -1.075 -6.187 -21.429 -1.027 -7.607 -20.39 -1.082 
3 16 -6.187 -21.429 -1.027 -7.068 -21.14 -1.05 -7.607 -20.39 -1.082 
3 16 -7.607 -20.39 -1.082 -7.068 -21.14 -1.05 -7.607 -20.39 3 
3 16 -7.068 -21.14 -1.05 -7.068 -21.14 3 -7.607 -20.39 3 
3 16 -7.6 -19.467 -1.125 -7.607 -20.39 -1.082 -7.6 -19.467 3 
3 16 -7.607 -20.39 3 -7.6 -19.467 3 -7.607 -20.39 -1.082 
3 16 -7.048 -18.722 -1.223 -7.6 -19.467 -1.125 -7.048 -18.722 3 
3 16 -7.6 -19.467 3 -7.048 -18.722 3 -7.6 -19.467 -1.125 
3 16 -4.311 -5.143 3 -8.444 -3.84 3 -8.227 -13.262 3 
3 16 -8.444 -3.84 3 -10.1 -8.225 3 -8.227 -13.262 3 
3 16 -10.1 -8.225 3 -12.872 -15.853 3 -8.227 -13.262 3 
3 16 -8.227 -13.262 3 -12.872 -15.853 3 -10.809 -16.072 3 
3 16 -10.809 -16.072 3 -12.872 -15.853 3 -10.463 -17.027 3 
3 16 -10.463 -17.027 3 -12.872 -15.853 3 -10.9 -18.081 3 
3 16 -10.9 -18.081 3 -12.872 -15.853 3 -11.954 -18.517 3 
3 16 -12.872 -15.853 3 -13.383 -16.604 3 -11.954 -18.517 3 
3 16 -13.383 -16.604 3 -13.362 -17.515 3 -11.954 -18.517 3 
3 16 -13.362 -17.515 3 -12.817 -18.242 3 -11.954 -18.517 3 
3 16 -7.068 -21.14 3 -7.6 -19.467 3 -7.607 -20.39 3 
3 16 -1.109 -20.326 3 -1.402 -20.816 3 -1.036 -22.393 3 
3 16 -1.489 -21.377 3 -1.036 -22.393 3 -1.402 -20.816 3 
3 16 -1.031 -22.398 -0.982 0 -22.811 -0.939 -1.036 -22.393 3 
3 16 0 -22.812 3 -1.036 -22.393 3 0 -22.811 -0.939 
3 16 1.875 0 0 -1.624 0 -0.937 1.624 0 0.937 
3 16 -1.624 0 -0.937 -1.875 0 0 1.624 0 0.937 
3 16 1.624 0 0.937 -1.875 0 0 0.938 0 1.624 
3 16 -1.875 0 0 -1.624 0 0.937 0.938 0 1.624 
3 16 0.938 0 1.624 -1.624 0 0.937 0 0 1.875 
3 16 -1.624 0 0.937 -0.937 0 1.624 0 0 1.875 
3 16 -1.624 0 -0.937 1.875 0 0 -0.938 0 -1.624 
3 16 1.875 0 0 1.624 0 -0.938 -0.938 0 -1.624 
3 16 -0.938 0 -1.624 1.624 0 -0.938 0 0 -1.875 
3 16 1.624 0 -0.938 0.937 0 -1.624 0 0 -1.875 
3 16 0 -5.583 1.875 0 0 1.875 -0.937 -5.487 1.624 
3 16 -0.937 -5.487 1.624 0 0 1.875 -0.937 0 1.624 
3 16 0 -5.583 1.875 0.938 -5.487 1.624 0 0 1.875 
3 16 0 0 1.875 0.938 -5.487 1.624 0.938 0 1.624 
3 16 0.938 -5.487 1.624 1.495 -5.43 1.067 0.938 0 1.624 
3 16 1.624 -5.416 0.937 1.624 0 0.937 1.495 -5.43 1.067 
3 16 1.624 0 0.937 0.938 0 1.624 1.495 -5.43 1.067 
3 16 1.624 -5.416 0.937 1.639 -5.415 0.879 1.624 0 0.937 
3 16 1.624 0 0.937 1.639 -5.415 0.879 1.875 0 0 
3 16 1.639 -5.415 0.879 1.875 -5.391 0 1.875 0 0 
3 16 1.624 -5.416 -0.938 1.624 0 -0.938 1.875 -5.391 0 
3 16 1.875 -5.391 0 1.624 0 -0.938 1.875 0 0 
3 16 0.937 -5.487 -1.624 0.937 0 -1.624 1.624 -5.416 -0.938 
3 16 1.624 -5.416 -0.938 0.937 0 -1.624 1.624 0 -0.938 
3 16 0 -5.583 -1.875 0 0 -1.875 0.937 -5.487 -1.624 
3 16 0.937 -5.487 -1.624 0 0 -1.875 0.937 0 -1.624 
3 16 0 -5.583 -1.875 -0.938 -5.487 -1.624 0 0 -1.875 
3 16 0 0 -1.875 -0.938 -5.487 -1.624 -0.938 0 -1.624 
3 16 -0.938 -5.487 -1.624 -1.624 -5.416 -0.937 -0.938 0 -1.624 
3 16 -0.938 0 -1.624 -1.624 -5.416 -0.937 -1.624 0 -0.937 
3 16 -1.624 0 -0.937 -1.624 -5.416 -0.937 -1.875 0 0 
3 16 -1.624 -5.416 -0.937 -1.875 -5.391 0 -1.875 0 0 
3 16 -1.624 -5.416 0.937 -1.624 0 0.937 -1.639 -5.415 0.879 
3 16 -1.624 0 0.937 -1.875 0 0 -1.639 -5.415 0.879 
3 16 -1.875 -5.391 0 -1.639 -5.415 0.879 -1.875 0 0 
3 16 -0.937 -5.487 1.624 -0.937 0 1.624 -1.495 -5.43 1.067 
3 16 -1.624 -5.416 0.937 -1.495 -5.43 1.067 -1.624 0 0.937 
3 16 -0.937 0 1.624 -1.624 0 0.937 -1.495 -5.43 1.067 
2 24 4.328 -5.139 -2.598 0 -5.583 -2.75 
2 24 0 -5.583 3 4.311 -5.143 3 
2 24 1.819 -7.767 -2.49 0 -7.162 -2.584 
2 24 8.444 -3.84 -2.123 4.328 -5.139 -2.598 
2 24 8.444 -3.84 3 8.444 -3.84 -2.123 
2 24 4.311 -5.143 3 8.444 -3.84 3 
2 24 3.072 -9.917 -2.22 1.819 -7.767 -2.49 
2 24 5.059 -18.963 -1.273 2.795 -14.664 -1.755 
2 24 2.768 -11.897 -2.034 3.072 -9.917 -2.22 
2 24 1.448 -13.26 -1.929 2.768 -11.897 -2.034 
2 24 9.504 -4.603 -1.865 8.444 -3.84 -2.123 
2 24 8.444 -3.84 3 9.8 -4.911 3 
2 24 10.1 -8.225 3 10.41 -6.525 3 
2 24 10.41 -6.525 3 9.8 -4.911 3 
2 24 7.048 -18.722 3 8.227 -13.262 3 
2 24 2.795 -14.664 3 5.059 -18.963 3 
2 24 5.059 -18.963 3 4.702 -20.069 3 
2 24 4.702 -20.069 3 5.255 -21.101 3 
2 24 5.255 -21.101 3 6.187 -21.429 3 
2 24 6.187 -21.429 3 7.068 -21.14 3 
2 24 7.6 -19.467 3 7.048 -18.722 3 
2 24 12.872 -15.853 -0.884 12.872 -15.853 3 
2 24 13.383 -16.604 -0.812 12.872 -15.853 -0.884 
2 24 12.872 -15.853 3 13.383 -16.604 3 
2 24 10.1 -8.225 -1.564 12.872 -15.853 -0.884 
2 24 10.809 -16.072 -1.118 8.227 -13.262 -1.536 
2 24 10.466 -17.114 -1.107 10.809 -16.072 -1.118 
2 24 10.931 -18.111 -1.026 10.466 -17.114 -1.107 
2 24 11.954 -18.517 -0.93 10.931 -18.111 -1.026 
2 24 13.383 -16.604 -0.812 13.362 -17.515 -0.81 
2 24 13.362 -17.515 -0.81 12.817 -18.242 -0.859 
2 24 12.817 -18.242 -0.859 11.954 -18.517 -0.93 
2 24 8.227 -13.262 3 8.227 -13.262 -1.536 
2 24 10.809 -16.072 3 8.227 -13.262 3 
2 24 9.504 -4.603 -1.865 10.411 -6.537 -1.582 
2 24 10.411 -6.537 -1.582 10.1 -8.225 -1.564 
2 24 10.463 -17.027 3 10.809 -16.072 3 
2 24 10.9 -18.081 3 10.463 -17.027 3 
2 24 11.954 -18.517 3 10.9 -18.081 3 
2 24 12.817 -18.242 3 11.954 -18.517 3 
2 24 13.362 -17.515 3 12.817 -18.242 3 
2 24 13.383 -16.604 3 13.362 -17.515 3 
2 24 10.1 -8.225 -1.564 10.1 -8.225 3 
2 24 10.1 -8.225 3 12.872 -15.853 3 
2 24 1.377 -8.857 -1.337 0 -8.409 -1.337 
2 24 2.226 -10.026 -1.337 1.377 -8.857 -1.337 
2 24 2.228 -11.47 -1.337 2.226 -10.026 -1.337 
2 24 1.382 -12.639 -1.337 2.228 -11.47 -1.337 
2 24 1.109 -20.326 -1.198 1.401 -20.815 -1.146 
2 24 1.401 -20.815 -1.146 1.489 -21.379 -1.087 
2 24 1.489 -21.379 -1.087 1.031 -22.398 -0.982 
2 24 1.448 -13.26 -1.929 0 -13.655 -1.902 
2 24 0 -13.091 -1.337 1.382 -12.639 -1.337 
2 24 7.048 -18.722 -1.223 8.227 -13.262 -1.536 
2 24 7.048 -18.722 3 7.048 -18.722 -1.223 
2 24 1.489 -21.377 3 1.036 -22.393 3 
2 24 1.402 -20.816 3 1.489 -21.377 3 
2 24 1.109 -20.326 -1.198 1.109 -20.326 3 
2 24 1.109 -20.326 3 1.402 -20.816 3 
2 24 2.795 -14.664 -1.755 2.795 -14.664 3 
2 24 1.109 -20.326 -1.198 2.795 -14.664 -1.755 
2 24 2.795 -14.664 3 1.109 -20.326 3 
2 24 5.059 -18.963 -1.273 5.059 -18.963 3 
2 24 5.059 -18.963 -1.273 4.702 -20.069 -1.18 
2 24 4.702 -20.069 -1.18 5.255 -21.101 -1.075 
2 24 5.255 -21.101 -1.075 6.187 -21.429 -1.027 
2 24 6.187 -21.429 -1.027 7.068 -21.14 -1.05 
2 24 7.607 -20.39 -1.082 7.068 -21.14 -1.05 
2 24 7.6 -19.467 -1.125 7.607 -20.39 -1.082 
2 24 7.048 -18.722 -1.223 7.6 -19.467 -1.125 
2 24 7.607 -20.39 3 7.068 -21.14 3 
2 24 7.6 -19.467 3 7.607 -20.39 3 
2 24 0 -13.091 -1.337 -1.382 -12.639 -1.337 
2 24 -1.382 -12.639 -1.337 -2.228 -11.47 -1.337 
2 24 -2.226 -10.026 -1.337 -1.377 -8.857 -1.337 
2 24 -1.377 -8.857 -1.337 0 -8.409 -1.337 
2 24 -2.228 -11.47 -1.337 -2.226 -10.026 -1.337 
2 24 0 -22.811 -0.939 1.031 -22.398 -0.982 
2 24 1.036 -22.393 3 0 -22.812 3 
2 24 0 -5.583 -2.75 -4.328 -5.139 -2.598 
2 24 -4.311 -5.143 3 0 -5.583 3 
2 24 0 -7.162 -2.584 -1.819 -7.767 -2.49 
2 24 -4.328 -5.139 -2.598 -8.444 -3.84 -2.123 
2 24 -8.444 -3.84 3 -4.311 -5.143 3 
2 24 -8.444 -3.84 -2.123 -8.444 -3.84 3 
2 24 -1.819 -7.767 -2.49 -3.072 -9.917 -2.22 
2 24 -2.795 -14.664 -1.755 -5.059 -18.963 -1.273 
2 24 -3.072 -9.917 -2.22 -2.768 -11.897 -2.034 
2 24 -2.768 -11.897 -2.034 -1.448 -13.26 -1.929 
2 24 -8.444 -3.84 -2.123 -9.504 -4.603 -1.865 
2 24 -9.8 -4.911 3 -8.444 -3.84 3 
2 24 -10.41 -6.525 3 -10.1 -8.225 3 
2 24 -9.8 -4.911 3 -10.41 -6.525 3 
2 24 -8.227 -13.262 3 -7.048 -18.722 3 
2 24 -5.059 -18.963 3 -2.795 -14.664 3 
2 24 -4.702 -20.069 3 -5.059 -18.963 3 
2 24 -5.255 -21.101 3 -4.702 -20.069 3 
2 24 -7.048 -18.722 3 -7.6 -19.467 3 
2 24 -6.187 -21.429 3 -5.255 -21.101 3 
2 24 -7.068 -21.14 3 -6.187 -21.429 3 
2 24 -2.795 -14.664 3 -1.109 -20.326 3 
2 24 -1.036 -22.393 3 0 -22.812 3 
2 24 -12.872 -15.853 -0.884 -13.383 -16.604 -0.812 
2 24 -12.872 -15.853 3 -12.872 -15.853 -0.884 
2 24 -13.383 -16.604 3 -12.872 -15.853 3 
2 24 -12.872 -15.853 -0.884 -10.1 -8.225 -1.564 
2 24 -8.227 -13.262 -1.536 -10.809 -16.072 -1.118 
2 24 -10.809 -16.072 -1.118 -10.466 -17.114 -1.107 
2 24 -10.466 -17.114 -1.107 -10.931 -18.111 -1.026 
2 24 -10.931 -18.111 -1.026 -11.954 -18.517 -0.93 
2 24 -11.954 -18.517 -0.93 -12.817 -18.242 -0.859 
2 24 -12.817 -18.242 -0.859 -13.362 -17.515 -0.81 
2 24 -13.362 -17.515 -0.81 -13.383 -16.604 -0.812 
2 24 -8.227 -13.262 -1.536 -8.227 -13.262 3 
2 24 -8.227 -13.262 3 -10.809 -16.072 3 
2 24 -10.1 -8.225 -1.564 -10.411 -6.537 -1.582 
2 24 -10.411 -6.537 -1.582 -9.504 -4.603 -1.865 
2 24 -10.809 -16.072 3 -10.463 -17.027 3 
2 24 -10.463 -17.027 3 -10.9 -18.081 3 
2 24 -10.9 -18.081 3 -11.954 -18.517 3 
2 24 -11.954 -18.517 3 -12.817 -18.242 3 
2 24 -12.817 -18.242 3 -13.362 -17.515 3 
2 24 -13.362 -17.515 3 -13.383 -16.604 3 
2 24 -10.1 -8.225 3 -10.1 -8.225 -1.564 
2 24 -12.872 -15.853 3 -10.1 -8.225 3 
2 24 -1.109 -20.326 -1.198 -2.795 -14.664 -1.755 
2 24 -1.448 -13.26 -1.929 0 -13.655 -1.902 
2 24 0 -22.811 -0.939 -1.031 -22.398 -0.982 
2 24 -1.401 -20.815 -1.146 -1.109 -20.326 -1.198 
2 24 -1.031 -22.398 -0.982 -1.489 -21.379 -1.087 
2 24 -1.489 -21.379 -1.087 -1.401 -20.815 -1.146 
2 24 -8.227 -13.262 -1.536 -7.048 -18.722 -1.223 
2 24 -7.048 -18.722 -1.223 -7.048 -18.722 3 
2 24 -1.036 -22.393 3 -1.489 -21.377 3 
2 24 -1.489 -21.377 3 -1.402 -20.816 3 
2 24 -1.109 -20.326 3 -1.109 -20.326 -1.198 
2 24 -1.402 -20.816 3 -1.109 -20.326 3 
2 24 -2.795 -14.664 3 -2.795 -14.664 -1.755 
2 24 -5.059 -18.963 3 -5.059 -18.963 -1.273 
2 24 -4.702 -20.069 -1.18 -5.059 -18.963 -1.273 
2 24 -5.255 -21.101 -1.075 -4.702 -20.069 -1.18 
2 24 -6.187 -21.429 -1.027 -5.255 -21.101 -1.075 
2 24 -7.068 -21.14 -1.05 -6.187 -21.429 -1.027 
2 24 -7.6 -19.467 -1.125 -7.048 -18.722 -1.223 
2 24 -7.607 -20.39 -1.082 -7.6 -19.467 -1.125 
2 24 -7.068 -21.14 -1.05 -7.607 -20.39 -1.082 
2 24 -7.068 -21.14 3 -7.607 -20.39 3 
2 24 -7.607 -20.39 3 -7.6 -19.467 3 
2 24 1.624 0 0.937 1.875 0 0 
2 24 -1.624 0 -0.937 -1.875 0 0 
2 24 0.938 0 1.624 1.624 0 0.937 
2 24 -1.875 0 0 -1.624 0 0.937 
2 24 0 0 1.875 0.938 0 1.624 
2 24 -1.624 0 0.937 -0.937 0 1.624 
2 24 -0.937 0 1.624 0 0 1.875 
2 24 -0.938 0 -1.624 -1.624 0 -0.937 
2 24 1.875 0 0 1.624 0 -0.938 
2 24 0 0 -1.875 -0.938 0 -1.624 
2 24 1.624 0 -0.938 0.937 0 -1.624 
2 24 0.937 0 -1.624 0 0 -1.875 
2 24 -0.937 -5.487 1.624 0 -5.583 1.875 
2 24 0 -5.583 1.875 0.938 -5.487 1.624 
2 24 0.938 -5.487 1.624 1.495 -5.43 1.067 
2 24 1.495 -5.43 1.067 1.624 -5.416 0.937 
2 24 1.624 -5.416 0.937 1.639 -5.415 0.879 
2 24 1.639 -5.415 0.879 1.875 -5.391 0 
2 24 1.875 -5.391 0 1.624 -5.416 -0.938 
2 24 1.624 -5.416 -0.938 0.937 -5.487 -1.624 
2 24 0.937 -5.487 -1.624 0 -5.583 -1.875 
2 24 0 -5.583 -1.875 -0.938 -5.487 -1.624 
2 24 -0.938 -5.487 -1.624 -1.624 -5.416 -0.937 
2 24 -1.624 -5.416 -0.937 -1.875 -5.391 0 
2 24 -1.639 -5.415 0.879 -1.624 -5.416 0.937 
2 24 -1.875 -5.391 0 -1.639 -5.415 0.879 
2 24 -1.495 -5.43 1.067 -0.937 -5.487 1.624 
2 24 -1.624 -5.416 0.937 -1.495 -5.43 1.067 

