0 FILE 973pb2561.dat
0 Torso Orca with White Ventral Patch Pattern 
0 Name:  973pb2561.dat
0 Author:  
0 BFC CERTIFY CCW
3 16 19.000 29.000 10.000 19.000 32.000 10.000 -19.000 32.000 10.000
3 16 -19.000 32.000 10.000 -19.000 29.000 10.000 19.000 29.000 10.000
3 16 -19.000 29.000 10.000 -14.345 2.000 10.000 14.345 2.000 10.000
3 16 14.345 2.000 10.000 19.000 29.000 10.000 -19.000 29.000 10.000
3 16 -14.345 2.000 10.000 -12.000 0.000 10.000 12.000 0.000 10.000
3 16 12.000 0.000 10.000 14.345 2.000 10.000 -14.345 2.000 10.000
3 16 -14.345 2.000 -10.000 -11.330 4.870 -10.000 -9.870 3.060 -10.000
3 16 -14.345 2.000 -10.000 -12.670 6.720 -10.000 -11.330 4.870 -10.000
3 16 -14.345 2.000 -10.000 -13.730 8.720 -10.000 -12.670 6.720 -10.000
3 16 -14.345 2.000 -10.000 -14.380 10.490 -10.000 -13.730 8.720 -10.000
3 16 -14.380 10.490 -10.000 -14.345 2.000 -10.000 -19.000 29.000 -10.000
3 16 -19.000 29.000 -10.000 -14.700 12.100 -10.000 -14.380 10.490 -10.000
3 16 -14.700 12.100 -10.000 -19.000 29.000 -10.000 -14.660 13.380 -10.000
3 16 -14.660 13.380 -10.000 -19.000 29.000 -10.000 -14.300 14.500 -10.000
3 16 -14.300 14.500 -10.000 -19.000 29.000 -10.000 -13.780 15.780 -10.000
3 16 -13.780 15.780 -10.000 -19.000 29.000 -10.000 -14.760 26.310 -10.000
3 16 -14.760 26.310 -10.000 -13.200 16.400 -10.000 -13.780 15.780 -10.000
3 16 -14.760 26.310 -10.000 -19.000 29.000 -10.000 -15.530 27.320 -10.000
3 16 -15.530 27.320 -10.000 -19.000 29.000 -10.000 -16.250 28.580 -10.000
3 16 -16.250 28.580 -10.000 -19.000 29.000 -10.000 -19.000 32.000 -10.000
3 16 -19.000 32.000 -10.000 -16.630 29.990 -10.000 -16.250 28.580 -10.000
3 16 -12.300 17.100 -10.000 -13.200 16.400 -10.000 -12.870 25.990 -10.000
3 16 -12.870 25.990 -10.000 -11.850 26.270 -10.000 -12.300 17.100 -10.000
3 16 -12.300 17.100 -10.000 -11.850 26.270 -10.000 -11.260 17.690 -10.000
3 16 -11.260 17.690 -10.000 -11.850 26.270 -10.000 -9.750 18.290 -10.000
3 16 -9.750 18.290 -10.000 -11.850 26.270 -10.000 -10.220 26.870 -10.000
3 16 -10.220 26.870 -10.000 -8.340 18.680 -10.000 -9.750 18.290 -10.000
3 16 -8.340 18.680 -10.000 -10.220 26.870 -10.000 -7.000 18.900 -10.000
3 16 -7.000 18.900 -10.000 -10.220 26.870 -10.000 -6.230 18.950 -10.000
3 16 -6.230 18.950 -10.000 -10.220 26.870 -10.000 -4.800 19.100 -10.000
3 16 -4.800 19.100 -10.000 -5.200 19.000 -10.000 -6.230 18.950 -10.000
3 16 -10.220 26.870 -10.000 -8.670 27.740 -10.000 -7.020 28.520 -10.000
3 16 -7.020 28.520 -10.000 -4.400 19.400 -10.000 -10.220 26.870 -10.000
3 16 -7.020 28.520 -10.000 -5.350 29.220 -10.000 -3.680 29.710 -10.000
3 16 -3.680 29.710 -10.000 -4.400 19.400 -10.000 -7.020 28.520 -10.000
3 16 -4.400 19.400 -10.000 -3.680 29.710 -10.000 -3.080 21.320 -10.000
3 16 -3.080 21.320 -10.000 -3.700 20.300 -10.000 -4.400 19.400 -10.000
3 16 -3.080 21.320 -10.000 -3.680 29.710 -10.000 -2.170 23.350 -10.000
3 16 -2.170 23.350 -10.000 -2.600 22.200 -10.000 -3.080 21.320 -10.000
3 16 -2.170 23.350 -10.000 -3.680 29.710 -10.000 -0.970 27.700 -10.000
3 16 -0.970 27.700 -10.000 -1.480 25.440 -10.000 -2.170 23.350 -10.000
3 16 -3.680 29.710 -10.000 -2.000 30.010 -10.000 -0.700 30.000 -10.000
3 16 -0.700 30.000 -10.000 -0.970 27.700 -10.000 -3.680 29.710 -10.000
3 16 -4.800 19.100 -10.000 -10.220 26.870 -10.000 -4.400 19.400 -10.000
3 16 -13.200 16.400 -10.000 -13.850 25.800 -10.000 -12.870 25.990 -10.000
3 16 -16.630 29.990 -10.000 -19.000 32.000 -10.000 -16.800 31.350 -10.000
3 16 -16.800 31.350 -10.000 -19.000 32.000 -10.000 19.000 32.000 -10.000
3 16 19.000 32.000 -10.000 0.000 31.400 -10.000 -16.800 31.350 -10.000
3 16 -13.200 16.400 -10.000 -14.760 26.310 -10.000 -14.450 25.970 -10.000
3 16 -13.200 16.400 -10.000 -14.450 25.970 -10.000 -14.200 25.810 -10.000
3 16 -13.200 16.400 -10.000 -14.200 25.810 -10.000 -14.010 25.790 -10.000
3 16 -13.200 16.400 -10.000 -14.010 25.790 -10.000 -13.850 25.800 -10.000
3 16 0.000 10.190 -10.000 -0.920 10.190 -10.000 -1.020 10.600 -10.000
3 16 -1.020 10.600 -10.000 0.000 10.600 -10.000 0.000 10.190 -10.000
3 16 -0.920 10.190 -10.000 -1.840 10.190 -10.000 -2.050 10.600 -10.000
3 16 -2.050 10.600 -10.000 -1.020 10.600 -10.000 -0.920 10.190 -10.000
3 16 -1.840 10.190 -10.000 -2.380 10.160 -10.000 -2.660 10.550 -10.000
3 16 -2.660 10.550 -10.000 -2.050 10.600 -10.000 -1.840 10.190 -10.000
3 16 -2.380 10.160 -10.000 -2.870 10.090 -10.000 -3.170 10.450 -10.000
3 16 -3.170 10.450 -10.000 -2.660 10.550 -10.000 -2.380 10.160 -10.000
3 16 -2.870 10.090 -10.000 -3.380 9.930 -10.000 -3.580 10.340 -10.000
3 16 -3.580 10.340 -10.000 -3.170 10.450 -10.000 -2.870 10.090 -10.000
3 16 -3.380 9.930 -10.000 -3.760 9.730 -10.000 -3.790 10.320 -10.000
3 16 -3.790 10.320 -10.000 -3.580 10.340 -10.000 -3.380 9.930 -10.000
3 16 -3.760 9.730 -10.000 -4.100 9.470 -10.000 -3.870 10.330 -10.000
3 16 -3.870 10.330 -10.000 -3.790 10.320 -10.000 -3.760 9.730 -10.000
3 16 -4.100 9.470 -10.000 -4.300 9.270 -10.000 -4.510 9.980 -10.000
3 16 -4.510 9.980 -10.000 -3.940 10.390 -10.000 -4.100 9.470 -10.000
3 16 0.000 11.470 -10.000 -0.870 11.470 -10.000 -0.970 11.780 -10.000
3 16 -0.970 11.780 -10.000 0.000 11.780 -10.000 0.000 11.470 -10.000
3 16 -0.870 11.470 -10.000 -1.690 11.470 -10.000 -1.840 11.780 -10.000
3 16 -1.840 11.780 -10.000 -0.970 11.780 -10.000 -0.870 11.470 -10.000
3 16 -1.690 11.470 -10.000 -2.180 11.430 -10.000 -2.610 11.730 -10.000
3 16 -2.610 11.730 -10.000 -1.840 11.780 -10.000 -1.690 11.470 -10.000
3 16 -2.180 11.430 -10.000 -2.610 11.370 -10.000 -2.970 11.660 -10.000
3 16 -2.970 11.660 -10.000 -2.610 11.730 -10.000 -2.180 11.430 -10.000
3 16 -2.610 11.370 -10.000 -3.020 11.260 -10.000 -3.360 11.520 -10.000
3 16 -3.360 11.520 -10.000 -2.970 11.660 -10.000 -2.610 11.370 -10.000
3 16 -3.020 11.260 -10.000 -3.380 11.110 -10.000 -3.760 11.290 -10.000
3 16 -3.760 11.290 -10.000 -3.360 11.520 -10.000 -3.020 11.260 -10.000
3 16 -3.380 11.110 -10.000 -3.630 10.910 -10.000 -4.070 11.010 -10.000
3 16 -4.070 11.010 -10.000 -3.760 11.290 -10.000 -3.380 11.110 -10.000
3 16 -3.630 10.910 -10.000 -3.890 10.650 -10.000 -4.300 10.680 -10.000
3 16 -4.300 10.680 -10.000 -4.070 11.010 -10.000 -3.630 10.910 -10.000
3 16 0.000 13.650 -10.000 -0.900 13.650 -10.000 -1.000 13.950 -10.000
3 16 -1.000 13.950 -10.000 0.000 13.950 -10.000 0.000 13.650 -10.000
3 16 -0.900 13.650 -10.000 -1.700 13.650 -10.000 -1.600 13.950 -10.000
3 16 -1.600 13.950 -10.000 -1.000 13.950 -10.000 -0.900 13.650 -10.000
3 16 -2.300 13.600 -10.000 -2.620 13.510 -10.000 -2.600 13.800 -10.000
3 16 -2.600 13.800 -10.000 -2.150 13.900 -10.000 -2.300 13.600 -10.000
3 16 -2.620 13.510 -10.000 -2.870 13.410 -10.000 -2.900 13.750 -10.000
3 16 -2.900 13.750 -10.000 -2.600 13.800 -10.000 -2.620 13.510 -10.000
3 16 -2.870 13.410 -10.000 -3.150 13.250 -10.000 -3.020 13.750 -10.000
3 16 -3.020 13.750 -10.000 -2.900 13.750 -10.000 -2.870 13.410 -10.000
3 16 -3.150 13.250 -10.000 -3.400 13.050 -10.000 -3.750 13.400 -10.000
3 16 -3.750 13.400 -10.000 -3.020 13.750 -10.000 -3.150 13.250 -10.000
3 16 -3.750 12.700 -10.000 -3.750 13.400 -10.000 -3.400 13.050 -10.000
3 16 0.000 14.800 -10.000 -0.800 14.800 -10.000 -0.900 15.100 -10.000
3 16 -0.900 15.100 -10.000 0.000 15.100 -10.000 0.000 14.800 -10.000
3 16 -0.800 14.800 -10.000 -1.300 14.800 -10.000 -1.600 15.060 -10.000
3 16 -1.600 15.060 -10.000 -0.900 15.100 -10.000 -0.800 14.800 -10.000
3 16 -1.300 14.800 -10.000 -1.860 14.770 -10.000 -2.100 15.010 -10.000
3 16 -2.100 15.010 -10.000 -1.600 15.060 -10.000 -1.300 14.800 -10.000
3 16 -1.860 14.770 -10.000 -2.250 14.700 -10.000 -2.350 14.950 -10.000
3 16 -2.350 14.950 -10.000 -2.100 15.010 -10.000 -1.860 14.770 -10.000
3 16 -2.250 14.700 -10.000 -2.550 14.600 -10.000 -2.600 14.850 -10.000
3 16 -2.600 14.850 -10.000 -2.350 14.950 -10.000 -2.250 14.700 -10.000
3 16 -2.550 14.600 -10.000 -2.800 14.450 -10.000 -2.950 14.650 -10.000
3 16 -2.950 14.650 -10.000 -2.600 14.850 -10.000 -2.550 14.600 -10.000
3 16 -2.800 14.450 -10.000 -3.050 14.250 -10.000 -3.300 14.400 -10.000
3 16 -3.300 14.400 -10.000 -2.950 14.650 -10.000 -2.800 14.450 -10.000
3 16 -3.050 14.250 -10.000 -3.150 14.150 -10.000 -3.500 14.150 -10.000
3 16 -3.500 14.150 -10.000 -3.300 14.400 -10.000 -3.050 14.250 -10.000
3 16 -3.150 14.150 -10.000 -3.200 14.050 -10.000 -3.600 14.000 -10.000
3 16 -3.600 14.000 -10.000 -3.500 14.150 -10.000 -3.150 14.150 -10.000
3 16 -3.200 14.050 -10.000 -3.220 13.950 -10.000 -3.700 13.750 -10.000
3 16 -3.700 13.750 -10.000 -3.600 14.000 -10.000 -3.200 14.050 -10.000
3 16 -3.220 13.950 -10.000 -3.200 13.850 -10.000 -3.750 13.400 -10.000
3 16 -3.750 13.400 -10.000 -3.700 13.750 -10.000 -3.220 13.950 -10.000
3 16 -3.750 13.400 -10.000 -3.200 13.850 -10.000 -3.150 13.790 -10.000
3 16 -3.750 13.400 -10.000 -3.150 13.790 -10.000 -3.020 13.750 -10.000
3 16 -1.600 13.950 -10.000 -2.300 13.600 -10.000 -2.150 13.900 -10.000
3 16 -2.150 13.900 -10.000 -1.900 13.940 -10.000 -1.600 13.950 -10.000
3 16 -2.000 13.630 -10.000 -1.600 13.950 -10.000 -1.700 13.650 -10.000
3 16 -2.300 13.600 -10.000 -1.600 13.950 -10.000 -2.000 13.630 -10.000
3 16 -3.950 10.520 -10.000 -3.940 10.390 -10.000 -4.450 10.290 -10.000
3 16 -4.450 10.290 -10.000 -4.300 10.680 -10.000 -3.950 10.520 -10.000
3 16 -3.950 10.520 -10.000 -4.300 10.680 -10.000 -3.890 10.650 -10.000
3 16 -4.100 9.470 -10.000 -3.940 10.390 -10.000 -3.870 10.330 -10.000
3 16 -4.560 8.960 -10.000 -4.550 9.470 -10.000 -4.510 9.980 -10.000
3 16 -4.510 9.980 -10.000 -4.300 9.270 -10.000 -4.560 8.960 -10.000
3 16 -4.510 9.980 -10.000 -4.450 10.290 -10.000 -3.940 10.390 -10.000
3 16 -3.040 4.540 -10.000 -3.220 5.100 -10.000 -2.010 5.400 -10.000
3 16 -2.010 5.400 -10.000 -1.890 4.790 -10.000 -3.040 4.540 -10.000
3 16 -3.220 5.100 -10.000 -3.040 4.540 -10.000 -4.280 4.160 -10.000
3 16 -4.280 4.160 -10.000 -4.490 4.650 -10.000 -3.220 5.100 -10.000
3 16 -4.490 4.650 -10.000 -4.280 4.160 -10.000 -5.320 3.750 -10.000
3 16 -5.320 3.750 -10.000 -5.440 4.180 -10.000 -4.490 4.650 -10.000
3 16 -1.890 4.790 -10.000 -2.010 5.400 -10.000 -1.030 5.510 -10.000
3 16 -1.030 5.510 -10.000 -1.020 4.900 -10.000 -1.890 4.790 -10.000
3 16 -1.020 4.900 -10.000 -1.030 5.510 -10.000 0.000 5.570 -10.000
3 16 0.000 5.570 -10.000 0.000 4.950 -10.000 -1.020 4.900 -10.000
3 16 -9.870 3.060 -10.000 -8.640 1.910 -10.000 -9.780 1.030 -10.000
3 16 -9.780 1.030 -10.000 -14.345 2.000 -10.000 -9.870 3.060 -10.000
3 16 -14.345 2.000 -10.000 -9.780 1.030 -10.000 -9.690 0.930 -10.000
3 16 -9.690 0.930 -10.000 -12.000 0.000 -10.000 -14.345 2.000 -10.000
3 16 -1.360 2.780 -10.000 -1.460 3.380 -10.000 0.000 3.490 -10.000
3 16 0.000 3.490 -10.000 0.000 2.890 -10.000 -1.360 2.780 -10.000
3 16 -2.610 2.540 -10.000 -2.710 3.140 -10.000 -1.460 3.380 -10.000
3 16 -1.460 3.380 -10.000 -1.360 2.780 -10.000 -2.610 2.540 -10.000
3 16 -3.700 2.210 -10.000 -3.900 2.710 -10.000 -2.710 3.140 -10.000
3 16 -2.710 3.140 -10.000 -2.610 2.540 -10.000 -3.700 2.210 -10.000
3 16 -6.210 0.760 -10.000 -5.760 1.360 -10.000 -5.380 1.220 -10.000
3 16 -5.380 1.220 -10.000 -5.720 0.750 -10.000 -6.210 0.760 -10.000
3 16 -12.000 0.000 -10.000 -6.210 0.760 -10.000 -5.720 0.750 -10.000
3 16 -5.320 3.750 -10.000 -6.710 3.100 -10.000 -6.760 3.180 -10.000
3 16 -6.760 3.180 -10.000 -6.140 3.680 -10.000 -5.320 3.750 -10.000
3 16 -5.760 1.360 -10.000 -5.230 1.920 -10.000 -4.930 1.620 -10.000
3 16 -4.930 1.620 -10.000 -5.380 1.220 -10.000 -5.760 1.360 -10.000
3 16 -12.000 0.000 -10.000 -9.690 0.930 -10.000 -6.210 0.760 -10.000
3 16 -4.930 1.620 -10.000 -5.230 1.920 -10.000 -4.660 2.320 -10.000
3 16 -4.660 2.320 -10.000 -4.410 1.920 -10.000 -4.930 1.620 -10.000
3 16 -4.410 1.920 -10.000 -4.660 2.320 -10.000 -3.900 2.710 -10.000
3 16 -3.900 2.710 -10.000 -3.700 2.210 -10.000 -4.410 1.920 -10.000
3 16 -6.140 3.680 -10.000 -5.440 4.180 -10.000 -5.320 3.750 -10.000
3 16 14.345 2.000 -10.000 9.870 3.060 -10.000 11.330 4.870 -10.000
3 16 14.345 2.000 -10.000 11.330 4.870 -10.000 12.670 6.720 -10.000
3 16 14.345 2.000 -10.000 12.670 6.720 -10.000 13.730 8.720 -10.000
3 16 14.345 2.000 -10.000 13.730 8.720 -10.000 14.380 10.490 -10.000
3 16 14.380 10.490 -10.000 14.700 12.100 -10.000 19.000 29.000 -10.000
3 16 19.000 29.000 -10.000 14.345 2.000 -10.000 14.380 10.490 -10.000
3 16 14.700 12.100 -10.000 14.660 13.380 -10.000 19.000 29.000 -10.000
3 16 14.660 13.380 -10.000 14.300 14.500 -10.000 19.000 29.000 -10.000
3 16 14.300 14.500 -10.000 13.780 15.780 -10.000 19.000 29.000 -10.000
3 16 13.780 15.780 -10.000 13.200 16.400 -10.000 14.760 26.310 -10.000
3 16 14.760 26.310 -10.000 19.000 29.000 -10.000 13.780 15.780 -10.000
3 16 14.760 26.310 -10.000 15.530 27.320 -10.000 19.000 29.000 -10.000
3 16 15.530 27.320 -10.000 16.250 28.580 -10.000 19.000 29.000 -10.000
3 16 16.250 28.580 -10.000 16.630 29.990 -10.000 19.000 32.000 -10.000
3 16 19.000 32.000 -10.000 19.000 29.000 -10.000 16.250 28.580 -10.000
3 16 12.300 17.100 -10.000 11.850 26.270 -10.000 12.870 25.990 -10.000
3 16 12.870 25.990 -10.000 13.200 16.400 -10.000 12.300 17.100 -10.000
3 16 12.300 17.100 -10.000 11.260 17.690 -10.000 11.850 26.270 -10.000
3 16 11.260 17.690 -10.000 9.750 18.290 -10.000 11.850 26.270 -10.000
3 16 9.750 18.290 -10.000 8.340 18.680 -10.000 10.220 26.870 -10.000
3 16 10.220 26.870 -10.000 11.850 26.270 -10.000 9.750 18.290 -10.000
3 16 8.340 18.680 -10.000 7.000 18.900 -10.000 10.220 26.870 -10.000
3 16 7.000 18.900 -10.000 6.230 18.950 -10.000 10.220 26.870 -10.000
3 16 6.230 18.950 -10.000 5.200 19.000 -10.000 4.800 19.100 -10.000
3 16 4.800 19.100 -10.000 10.220 26.870 -10.000 6.230 18.950 -10.000
3 16 10.220 26.870 -10.000 4.400 19.400 -10.000 7.020 28.520 -10.000
3 16 7.020 28.520 -10.000 8.670 27.740 -10.000 10.220 26.870 -10.000
3 16 7.020 28.520 -10.000 4.400 19.400 -10.000 3.680 29.710 -10.000
3 16 3.680 29.710 -10.000 5.350 29.220 -10.000 7.020 28.520 -10.000
3 16 4.400 19.400 -10.000 3.700 20.300 -10.000 3.080 21.320 -10.000
3 16 3.080 21.320 -10.000 3.680 29.710 -10.000 4.400 19.400 -10.000
3 16 3.080 21.320 -10.000 2.600 22.200 -10.000 2.170 23.350 -10.000
3 16 2.170 23.350 -10.000 3.680 29.710 -10.000 3.080 21.320 -10.000
3 16 2.170 23.350 -10.000 1.480 25.440 -10.000 0.970 27.700 -10.000
3 16 0.970 27.700 -10.000 3.680 29.710 -10.000 2.170 23.350 -10.000
3 16 3.680 29.710 -10.000 0.970 27.700 -10.000 0.700 30.000 -10.000
3 16 0.700 30.000 -10.000 2.000 30.010 -10.000 3.680 29.710 -10.000
3 16 4.800 19.100 -10.000 4.400 19.400 -10.000 10.220 26.870 -10.000
3 16 13.200 16.400 -10.000 12.870 25.990 -10.000 13.850 25.800 -10.000
3 16 16.630 29.990 -10.000 16.800 31.350 -10.000 19.000 32.000 -10.000
3 16 16.800 31.350 -10.000 0.000 31.400 -10.000 19.000 32.000 -10.000
3 16 13.200 16.400 -10.000 14.450 25.970 -10.000 14.760 26.310 -10.000
3 16 13.200 16.400 -10.000 14.200 25.810 -10.000 14.450 25.970 -10.000
3 16 13.200 16.400 -10.000 14.010 25.790 -10.000 14.200 25.810 -10.000
3 16 13.200 16.400 -10.000 13.850 25.800 -10.000 14.010 25.790 -10.000
3 16 0.000 10.190 -10.000 0.000 10.600 -10.000 1.020 10.600 -10.000
3 16 1.020 10.600 -10.000 0.920 10.190 -10.000 0.000 10.190 -10.000
3 16 0.920 10.190 -10.000 1.020 10.600 -10.000 2.050 10.600 -10.000
3 16 2.050 10.600 -10.000 1.840 10.190 -10.000 0.920 10.190 -10.000
3 16 1.840 10.190 -10.000 2.050 10.600 -10.000 2.660 10.550 -10.000
3 16 2.660 10.550 -10.000 2.380 10.160 -10.000 1.840 10.190 -10.000
3 16 2.380 10.160 -10.000 2.660 10.550 -10.000 3.170 10.450 -10.000
3 16 3.170 10.450 -10.000 2.870 10.090 -10.000 2.380 10.160 -10.000
3 16 2.870 10.090 -10.000 3.170 10.450 -10.000 3.580 10.340 -10.000
3 16 3.580 10.340 -10.000 3.380 9.930 -10.000 2.870 10.090 -10.000
3 16 3.380 9.930 -10.000 3.580 10.340 -10.000 3.790 10.320 -10.000
3 16 3.790 10.320 -10.000 3.760 9.730 -10.000 3.380 9.930 -10.000
3 16 3.760 9.730 -10.000 3.790 10.320 -10.000 3.870 10.330 -10.000
3 16 3.870 10.330 -10.000 4.100 9.470 -10.000 3.760 9.730 -10.000
3 16 4.100 9.470 -10.000 3.940 10.390 -10.000 4.510 9.980 -10.000
3 16 4.510 9.980 -10.000 4.300 9.270 -10.000 4.100 9.470 -10.000
3 16 0.000 11.470 -10.000 0.000 11.780 -10.000 0.970 11.780 -10.000
3 16 0.970 11.780 -10.000 0.870 11.470 -10.000 0.000 11.470 -10.000
3 16 0.870 11.470 -10.000 0.970 11.780 -10.000 1.840 11.780 -10.000
3 16 1.840 11.780 -10.000 1.690 11.470 -10.000 0.870 11.470 -10.000
3 16 1.690 11.470 -10.000 1.840 11.780 -10.000 2.610 11.730 -10.000
3 16 2.610 11.730 -10.000 2.180 11.430 -10.000 1.690 11.470 -10.000
3 16 2.180 11.430 -10.000 2.610 11.730 -10.000 2.970 11.660 -10.000
3 16 2.970 11.660 -10.000 2.610 11.370 -10.000 2.180 11.430 -10.000
3 16 2.610 11.370 -10.000 2.970 11.660 -10.000 3.360 11.520 -10.000
3 16 3.360 11.520 -10.000 3.020 11.260 -10.000 2.610 11.370 -10.000
3 16 3.020 11.260 -10.000 3.360 11.520 -10.000 3.760 11.290 -10.000
3 16 3.760 11.290 -10.000 3.380 11.110 -10.000 3.020 11.260 -10.000
3 16 3.380 11.110 -10.000 3.760 11.290 -10.000 4.070 11.010 -10.000
3 16 4.070 11.010 -10.000 3.630 10.910 -10.000 3.380 11.110 -10.000
3 16 3.630 10.910 -10.000 4.070 11.010 -10.000 4.300 10.680 -10.000
3 16 4.300 10.680 -10.000 3.890 10.650 -10.000 3.630 10.910 -10.000
3 16 0.000 13.650 -10.000 0.000 13.950 -10.000 1.000 13.950 -10.000
3 16 1.000 13.950 -10.000 0.900 13.650 -10.000 0.000 13.650 -10.000
3 16 0.900 13.650 -10.000 1.000 13.950 -10.000 1.600 13.950 -10.000
3 16 1.600 13.950 -10.000 1.700 13.650 -10.000 0.900 13.650 -10.000
3 16 2.300 13.600 -10.000 2.150 13.900 -10.000 2.600 13.800 -10.000
3 16 2.600 13.800 -10.000 2.620 13.510 -10.000 2.300 13.600 -10.000
3 16 2.620 13.510 -10.000 2.600 13.800 -10.000 2.900 13.750 -10.000
3 16 2.900 13.750 -10.000 2.870 13.410 -10.000 2.620 13.510 -10.000
3 16 2.870 13.410 -10.000 2.900 13.750 -10.000 3.020 13.750 -10.000
3 16 3.020 13.750 -10.000 3.150 13.250 -10.000 2.870 13.410 -10.000
3 16 3.150 13.250 -10.000 3.020 13.750 -10.000 3.750 13.400 -10.000
3 16 3.750 13.400 -10.000 3.400 13.050 -10.000 3.150 13.250 -10.000
3 16 3.750 12.700 -10.000 3.400 13.050 -10.000 3.750 13.400 -10.000
3 16 0.000 14.800 -10.000 0.000 15.100 -10.000 0.900 15.100 -10.000
3 16 0.900 15.100 -10.000 0.800 14.800 -10.000 0.000 14.800 -10.000
3 16 0.800 14.800 -10.000 0.900 15.100 -10.000 1.600 15.060 -10.000
3 16 1.600 15.060 -10.000 1.300 14.800 -10.000 0.800 14.800 -10.000
3 16 1.300 14.800 -10.000 1.600 15.060 -10.000 2.100 15.010 -10.000
3 16 2.100 15.010 -10.000 1.860 14.770 -10.000 1.300 14.800 -10.000
3 16 1.860 14.770 -10.000 2.100 15.010 -10.000 2.350 14.950 -10.000
3 16 2.350 14.950 -10.000 2.250 14.700 -10.000 1.860 14.770 -10.000
3 16 2.250 14.700 -10.000 2.350 14.950 -10.000 2.600 14.850 -10.000
3 16 2.600 14.850 -10.000 2.550 14.600 -10.000 2.250 14.700 -10.000
3 16 2.550 14.600 -10.000 2.600 14.850 -10.000 2.950 14.650 -10.000
3 16 2.950 14.650 -10.000 2.800 14.450 -10.000 2.550 14.600 -10.000
3 16 2.800 14.450 -10.000 2.950 14.650 -10.000 3.300 14.400 -10.000
3 16 3.300 14.400 -10.000 3.050 14.250 -10.000 2.800 14.450 -10.000
3 16 3.050 14.250 -10.000 3.300 14.400 -10.000 3.500 14.150 -10.000
3 16 3.500 14.150 -10.000 3.150 14.150 -10.000 3.050 14.250 -10.000
3 16 3.150 14.150 -10.000 3.500 14.150 -10.000 3.600 14.000 -10.000
3 16 3.600 14.000 -10.000 3.200 14.050 -10.000 3.150 14.150 -10.000
3 16 3.200 14.050 -10.000 3.600 14.000 -10.000 3.700 13.750 -10.000
3 16 3.700 13.750 -10.000 3.220 13.950 -10.000 3.200 14.050 -10.000
3 16 3.220 13.950 -10.000 3.700 13.750 -10.000 3.750 13.400 -10.000
3 16 3.750 13.400 -10.000 3.200 13.850 -10.000 3.220 13.950 -10.000
3 16 3.750 13.400 -10.000 3.150 13.790 -10.000 3.200 13.850 -10.000
3 16 3.750 13.400 -10.000 3.020 13.750 -10.000 3.150 13.790 -10.000
3 16 1.600 13.950 -10.000 1.900 13.940 -10.000 2.150 13.900 -10.000
3 16 2.150 13.900 -10.000 2.300 13.600 -10.000 1.600 13.950 -10.000
3 16 2.000 13.630 -10.000 1.700 13.650 -10.000 1.600 13.950 -10.000
3 16 2.300 13.600 -10.000 2.000 13.630 -10.000 1.600 13.950 -10.000
3 16 3.950 10.520 -10.000 4.300 10.680 -10.000 4.450 10.290 -10.000
3 16 4.450 10.290 -10.000 3.940 10.390 -10.000 3.950 10.520 -10.000
3 16 3.950 10.520 -10.000 3.890 10.650 -10.000 4.300 10.680 -10.000
3 16 4.100 9.470 -10.000 3.870 10.330 -10.000 3.940 10.390 -10.000
3 16 4.560 8.960 -10.000 4.300 9.270 -10.000 4.510 9.980 -10.000
3 16 4.510 9.980 -10.000 4.550 9.470 -10.000 4.560 8.960 -10.000
3 16 4.510 9.980 -10.000 3.940 10.390 -10.000 4.450 10.290 -10.000
3 16 3.040 4.540 -10.000 1.890 4.790 -10.000 2.010 5.400 -10.000
3 16 2.010 5.400 -10.000 3.220 5.100 -10.000 3.040 4.540 -10.000
3 16 3.220 5.100 -10.000 4.490 4.650 -10.000 4.280 4.160 -10.000
3 16 4.280 4.160 -10.000 3.040 4.540 -10.000 3.220 5.100 -10.000
3 16 4.490 4.650 -10.000 5.440 4.180 -10.000 5.320 3.750 -10.000
3 16 5.320 3.750 -10.000 4.280 4.160 -10.000 4.490 4.650 -10.000
3 16 1.890 4.790 -10.000 1.020 4.900 -10.000 1.030 5.510 -10.000
3 16 1.030 5.510 -10.000 2.010 5.400 -10.000 1.890 4.790 -10.000
3 16 1.020 4.900 -10.000 0.000 4.950 -10.000 0.000 5.570 -10.000
3 16 0.000 5.570 -10.000 1.030 5.510 -10.000 1.020 4.900 -10.000
3 16 9.870 3.060 -10.000 14.345 2.000 -10.000 9.780 1.030 -10.000
3 16 9.780 1.030 -10.000 8.640 1.910 -10.000 9.870 3.060 -10.000
3 16 14.345 2.000 -10.000 12.000 0.000 -10.000 9.690 0.930 -10.000
3 16 9.690 0.930 -10.000 9.780 1.030 -10.000 14.345 2.000 -10.000
3 16 1.360 2.780 -10.000 0.000 2.890 -10.000 0.000 3.490 -10.000
3 16 0.000 3.490 -10.000 1.460 3.380 -10.000 1.360 2.780 -10.000
3 16 2.610 2.540 -10.000 1.360 2.780 -10.000 1.460 3.380 -10.000
3 16 1.460 3.380 -10.000 2.710 3.140 -10.000 2.610 2.540 -10.000
3 16 3.700 2.210 -10.000 2.610 2.540 -10.000 2.710 3.140 -10.000
3 16 2.710 3.140 -10.000 3.900 2.710 -10.000 3.700 2.210 -10.000
3 16 6.210 0.760 -10.000 5.720 0.750 -10.000 5.380 1.220 -10.000
3 16 5.380 1.220 -10.000 5.760 1.360 -10.000 6.210 0.760 -10.000
3 16 12.000 0.000 -10.000 5.720 0.750 -10.000 6.210 0.760 -10.000
3 16 5.320 3.750 -10.000 6.140 3.680 -10.000 6.760 3.180 -10.000
3 16 6.760 3.180 -10.000 6.710 3.100 -10.000 5.320 3.750 -10.000
3 16 5.760 1.360 -10.000 5.380 1.220 -10.000 4.930 1.620 -10.000
3 16 4.930 1.620 -10.000 5.230 1.920 -10.000 5.760 1.360 -10.000
3 16 12.000 0.000 -10.000 6.210 0.760 -10.000 9.690 0.930 -10.000
3 16 4.930 1.620 -10.000 4.410 1.920 -10.000 4.660 2.320 -10.000
3 16 4.660 2.320 -10.000 5.230 1.920 -10.000 4.930 1.620 -10.000
3 16 4.410 1.920 -10.000 3.700 2.210 -10.000 3.900 2.710 -10.000
3 16 3.900 2.710 -10.000 4.660 2.320 -10.000 4.410 1.920 -10.000
3 16 6.140 3.680 -10.000 5.320 3.750 -10.000 5.440 4.180 -10.000
3 16 -5.720 0.750 -10.000 0.000 0.760 -10.000 12.000 0.000 -10.000
3 16 12.000 0.000 -10.000 -12.000 0.000 -10.000 -5.720 0.750 -10.000
3 16 12.000 0.000 -10.000 0.000 0.760 -10.000 5.720 0.750 -10.000
3 15 -2.000 30.010 -10.000 0.000 31.400 -10.000 0.700 30.000 -10.000
3 15 0.700 30.000 -10.000 -0.700 30.000 -10.000 -2.000 30.010 -10.000
3 15 -2.000 30.010 -10.000 -3.680 29.710 -10.000 -16.800 31.350 -10.000
3 15 -16.800 31.350 -10.000 0.000 31.400 -10.000 -2.000 30.010 -10.000
3 15 -5.350 29.220 -10.000 -16.800 31.350 -10.000 -3.680 29.710 -10.000
3 15 -7.020 28.520 -10.000 -16.800 31.350 -10.000 -5.350 29.220 -10.000
3 15 -7.020 28.520 -10.000 -8.670 27.740 -10.000 -16.630 29.990 -10.000
3 15 -16.630 29.990 -10.000 -16.800 31.350 -10.000 -7.020 28.520 -10.000
3 15 -16.630 29.990 -10.000 -8.670 27.740 -10.000 -15.530 27.320 -10.000
3 15 -15.530 27.320 -10.000 -16.250 28.580 -10.000 -16.630 29.990 -10.000
3 15 -8.670 27.740 -10.000 -10.220 26.870 -10.000 -11.850 26.270 -10.000
3 15 -11.850 26.270 -10.000 -15.530 27.320 -10.000 -8.670 27.740 -10.000
3 15 -14.760 26.310 -10.000 -12.870 25.990 -10.000 -13.850 25.800 -10.000
3 15 -13.850 25.800 -10.000 -14.450 25.970 -10.000 -14.760 26.310 -10.000
3 15 -14.200 25.810 -10.000 -14.450 25.970 -10.000 -13.850 25.800 -10.000
3 15 -13.850 25.800 -10.000 -14.010 25.790 -10.000 -14.200 25.810 -10.000
3 15 -11.850 26.270 -10.000 -12.870 25.990 -10.000 -14.760 26.310 -10.000
3 15 -14.760 26.310 -10.000 -15.530 27.320 -10.000 -11.850 26.270 -10.000
3 15 -1.000 13.950 -10.000 -0.800 14.800 -10.000 0.000 14.800 -10.000
3 15 0.000 14.800 -10.000 0.000 13.950 -10.000 -1.000 13.950 -10.000
3 15 -3.200 14.050 -10.000 -3.150 14.150 -10.000 -3.050 14.250 -10.000
3 15 -3.050 14.250 -10.000 -3.220 13.950 -10.000 -3.200 14.050 -10.000
3 15 -3.220 13.950 -10.000 -3.050 14.250 -10.000 -3.150 13.790 -10.000
3 15 -3.150 13.790 -10.000 -3.200 13.850 -10.000 -3.220 13.950 -10.000
3 15 -3.150 13.790 -10.000 -3.050 14.250 -10.000 -2.800 14.450 -10.000
3 15 -2.800 14.450 -10.000 -3.020 13.750 -10.000 -3.150 13.790 -10.000
3 15 -3.020 13.750 -10.000 -2.800 14.450 -10.000 -2.550 14.600 -10.000
3 15 -2.550 14.600 -10.000 -2.900 13.750 -10.000 -3.020 13.750 -10.000
3 15 -2.900 13.750 -10.000 -2.550 14.600 -10.000 -2.150 13.900 -10.000
3 15 -2.150 13.900 -10.000 -2.600 13.800 -10.000 -2.900 13.750 -10.000
3 15 -2.550 14.600 -10.000 -2.250 14.700 -10.000 -1.900 13.940 -10.000
3 15 -1.900 13.940 -10.000 -2.150 13.900 -10.000 -2.550 14.600 -10.000
3 15 -2.250 14.700 -10.000 -1.860 14.770 -10.000 -1.600 13.950 -10.000
3 15 -1.600 13.950 -10.000 -1.900 13.940 -10.000 -2.250 14.700 -10.000
3 15 -1.860 14.770 -10.000 -1.300 14.800 -10.000 -1.000 13.950 -10.000
3 15 -1.000 13.950 -10.000 -1.600 13.950 -10.000 -1.860 14.770 -10.000
3 15 -1.000 13.950 -10.000 -1.300 14.800 -10.000 -0.800 14.800 -10.000
3 15 -3.950 10.520 -10.000 -3.890 10.650 -10.000 -3.870 10.330 -10.000
3 15 -3.870 10.330 -10.000 -3.940 10.390 -10.000 -3.950 10.520 -10.000
3 15 -3.890 10.650 -10.000 -3.630 10.910 -10.000 -3.790 10.320 -10.000
3 15 -3.790 10.320 -10.000 -3.870 10.330 -10.000 -3.890 10.650 -10.000
3 15 -3.790 10.320 -10.000 -3.630 10.910 -10.000 -3.170 10.450 -10.000
3 15 -3.170 10.450 -10.000 -3.580 10.340 -10.000 -3.790 10.320 -10.000
3 15 -3.630 10.910 -10.000 -3.380 11.110 -10.000 -3.020 11.260 -10.000
3 15 -3.020 11.260 -10.000 -3.170 10.450 -10.000 -3.630 10.910 -10.000
3 15 -3.170 10.450 -10.000 -3.020 11.260 -10.000 -2.610 11.370 -10.000
3 15 -2.610 11.370 -10.000 -2.660 10.550 -10.000 -3.170 10.450 -10.000
3 15 -2.610 11.370 -10.000 -2.180 11.430 -10.000 -2.050 10.600 -10.000
3 15 -2.050 10.600 -10.000 -2.660 10.550 -10.000 -2.610 11.370 -10.000
3 15 -2.180 11.430 -10.000 -1.690 11.470 -10.000 -1.020 10.600 -10.000
3 15 -1.020 10.600 -10.000 -2.050 10.600 -10.000 -2.180 11.430 -10.000
3 15 -1.690 11.470 -10.000 -0.870 11.470 -10.000 0.000 10.600 -10.000
3 15 0.000 10.600 -10.000 -1.020 10.600 -10.000 -1.690 11.470 -10.000
3 15 0.000 10.600 -10.000 -0.870 11.470 -10.000 0.000 11.470 -10.000
3 15 -1.030 5.510 -10.000 -0.920 10.190 -10.000 0.000 10.190 -10.000
3 15 0.000 10.190 -10.000 0.000 5.570 -10.000 -1.030 5.510 -10.000
3 15 -2.010 5.400 -10.000 -1.840 10.190 -10.000 -0.920 10.190 -10.000
3 15 -0.920 10.190 -10.000 -1.030 5.510 -10.000 -2.010 5.400 -10.000
3 15 -1.840 10.190 -10.000 -2.010 5.400 -10.000 -2.870 10.090 -10.000
3 15 -2.870 10.090 -10.000 -2.380 10.160 -10.000 -1.840 10.190 -10.000
3 15 -2.870 10.090 -10.000 -2.010 5.400 -10.000 -3.760 9.730 -10.000
3 15 -3.760 9.730 -10.000 -3.380 9.930 -10.000 -2.870 10.090 -10.000
3 15 -3.760 9.730 -10.000 -2.010 5.400 -10.000 -4.300 9.270 -10.000
3 15 -4.300 9.270 -10.000 -4.100 9.470 -10.000 -3.760 9.730 -10.000
3 15 -4.300 9.270 -10.000 -2.010 5.400 -10.000 -3.220 5.100 -10.000
3 15 -3.220 5.100 -10.000 -4.560 8.960 -10.000 -4.300 9.270 -10.000
3 15 -4.490 4.650 -10.000 -4.560 8.960 -10.000 -3.220 5.100 -10.000
3 15 -5.440 4.180 -10.000 -4.560 8.960 -10.000 -4.490 4.650 -10.000
3 15 -1.460 3.380 -10.000 -1.020 4.900 -10.000 0.000 4.950 -10.000
3 15 0.000 4.950 -10.000 0.000 3.490 -10.000 -1.460 3.380 -10.000
3 15 -1.020 4.900 -10.000 -1.460 3.380 -10.000 -3.040 4.540 -10.000
3 15 -3.040 4.540 -10.000 -1.890 4.790 -10.000 -1.020 4.900 -10.000
3 15 -1.460 3.380 -10.000 -2.710 3.140 -10.000 -4.280 4.160 -10.000
3 15 -4.280 4.160 -10.000 -3.040 4.540 -10.000 -1.460 3.380 -10.000
3 15 -2.710 3.140 -10.000 -3.900 2.710 -10.000 -5.320 3.750 -10.000
3 15 -5.320 3.750 -10.000 -4.280 4.160 -10.000 -2.710 3.140 -10.000
3 15 -5.760 1.360 -10.000 -6.710 3.100 -10.000 -5.320 3.750 -10.000
3 15 -5.320 3.750 -10.000 -5.230 1.920 -10.000 -5.760 1.360 -10.000
3 15 -5.760 1.360 -10.000 -6.210 0.760 -10.000 -8.640 1.910 -10.000
3 15 -8.640 1.910 -10.000 -6.710 3.100 -10.000 -5.760 1.360 -10.000
3 15 -8.640 1.910 -10.000 -9.870 3.060 -10.000 -11.330 4.870 -10.000
3 15 -11.330 4.870 -10.000 -6.760 3.180 -10.000 -8.640 1.910 -10.000
3 15 -6.760 3.180 -10.000 -11.330 4.870 -10.000 -12.670 6.720 -10.000
3 15 -12.670 6.720 -10.000 -4.560 8.960 -10.000 -6.760 3.180 -10.000
3 15 -12.670 6.720 -10.000 -13.730 8.720 -10.000 -14.380 10.490 -10.000
3 15 -14.380 10.490 -10.000 -4.560 8.960 -10.000 -12.670 6.720 -10.000
3 15 -4.560 8.960 -10.000 -14.380 10.490 -10.000 -4.550 9.470 -10.000
3 15 -0.970 11.780 -10.000 -0.900 13.650 -10.000 0.000 13.650 -10.000
3 15 0.000 13.650 -10.000 0.000 11.780 -10.000 -0.970 11.780 -10.000
3 15 -1.840 11.780 -10.000 -1.700 13.650 -10.000 -0.900 13.650 -10.000
3 15 -0.900 13.650 -10.000 -0.970 11.780 -10.000 -1.840 11.780 -10.000
3 15 -1.700 13.650 -10.000 -1.840 11.780 -10.000 -2.300 13.600 -10.000
3 15 -2.300 13.600 -10.000 -2.000 13.630 -10.000 -1.700 13.650 -10.000
3 15 -1.840 11.780 -10.000 -2.610 11.730 -10.000 -2.620 13.510 -10.000
3 15 -2.620 13.510 -10.000 -2.300 13.600 -10.000 -1.840 11.780 -10.000
3 15 -2.620 13.510 -10.000 -2.610 11.730 -10.000 -2.970 11.660 -10.000
3 15 -2.970 11.660 -10.000 -2.870 13.410 -10.000 -2.620 13.510 -10.000
3 15 -2.870 13.410 -10.000 -2.970 11.660 -10.000 -3.400 13.050 -10.000
3 15 -3.400 13.050 -10.000 -3.150 13.250 -10.000 -2.870 13.410 -10.000
3 15 -3.750 12.700 -10.000 -3.400 13.050 -10.000 -2.970 11.660 -10.000
3 15 -2.970 11.660 -10.000 -3.360 11.520 -10.000 -3.750 12.700 -10.000
3 15 -3.760 11.290 -10.000 -3.750 12.700 -10.000 -3.360 11.520 -10.000
3 15 -3.760 11.290 -10.000 -4.070 11.010 -10.000 -14.660 13.380 -10.000
3 15 -14.660 13.380 -10.000 -3.750 12.700 -10.000 -3.760 11.290 -10.000
3 15 -4.550 9.470 -10.000 -14.380 10.490 -10.000 -4.510 9.980 -10.000
3 15 -4.510 9.980 -10.000 -14.380 10.490 -10.000 -4.450 10.290 -10.000
3 15 -4.450 10.290 -10.000 -14.380 10.490 -10.000 -14.660 13.380 -10.000
3 15 -14.660 13.380 -10.000 -4.300 10.680 -10.000 -4.450 10.290 -10.000
3 15 -14.380 10.490 -10.000 -14.700 12.100 -10.000 -14.660 13.380 -10.000
3 15 -4.300 10.680 -10.000 -14.660 13.380 -10.000 -4.070 11.010 -10.000
3 15 -14.660 13.380 -10.000 -14.300 14.500 -10.000 -3.750 13.400 -10.000
3 15 -3.750 13.400 -10.000 -3.750 12.700 -10.000 -14.660 13.380 -10.000
3 15 -13.780 15.780 -10.000 -13.200 16.400 -10.000 -3.750 13.400 -10.000
3 15 -3.750 13.400 -10.000 -14.300 14.500 -10.000 -13.780 15.780 -10.000
3 15 -12.300 17.100 -10.000 -11.260 17.690 -10.000 -3.750 13.400 -10.000
3 15 -3.750 13.400 -10.000 -13.200 16.400 -10.000 -12.300 17.100 -10.000
3 15 -9.750 18.290 -10.000 -8.340 18.680 -10.000 -3.750 13.400 -10.000
3 15 -3.750 13.400 -10.000 -11.260 17.690 -10.000 -9.750 18.290 -10.000
3 15 -3.750 13.400 -10.000 -8.340 18.680 -10.000 -3.700 13.750 -10.000
3 15 -3.700 13.750 -10.000 -8.340 18.680 -10.000 -3.600 14.000 -10.000
3 15 -3.600 14.000 -10.000 -8.340 18.680 -10.000 -3.500 14.150 -10.000
3 15 -3.500 14.150 -10.000 -8.340 18.680 -10.000 -6.230 18.950 -10.000
3 15 -6.230 18.950 -10.000 -3.300 14.400 -10.000 -3.500 14.150 -10.000
3 15 -8.340 18.680 -10.000 -7.000 18.900 -10.000 -6.230 18.950 -10.000
3 15 -6.230 18.950 -10.000 -5.200 19.000 -10.000 -2.950 14.650 -10.000
3 15 -2.950 14.650 -10.000 -3.300 14.400 -10.000 -6.230 18.950 -10.000
3 15 -5.200 19.000 -10.000 -4.800 19.100 -10.000 -2.600 14.850 -10.000
3 15 -2.600 14.850 -10.000 -2.950 14.650 -10.000 -5.200 19.000 -10.000
3 15 -2.600 14.850 -10.000 -4.800 19.100 -10.000 -4.400 19.400 -10.000
3 15 -4.400 19.400 -10.000 -3.700 20.300 -10.000 -2.350 14.950 -10.000
3 15 -2.350 14.950 -10.000 -2.600 14.850 -10.000 -4.400 19.400 -10.000
3 15 -2.350 14.950 -10.000 -3.700 20.300 -10.000 -2.100 15.010 -10.000
3 15 -2.100 15.010 -10.000 -3.700 20.300 -10.000 -1.600 15.060 -10.000
3 15 -1.600 15.060 -10.000 -3.700 20.300 -10.000 -0.900 15.100 -10.000
3 15 -0.900 15.100 -10.000 -3.700 20.300 -10.000 3.700 20.300 -10.000
3 15 3.700 20.300 -10.000 0.000 15.100 -10.000 -0.900 15.100 -10.000
3 15 0.000 2.890 -10.000 0.000 0.760 -10.000 -2.610 2.540 -10.000
3 15 -2.610 2.540 -10.000 -1.360 2.780 -10.000 0.000 2.890 -10.000
3 15 -2.610 2.540 -10.000 0.000 0.760 -10.000 -4.410 1.920 -10.000
3 15 -4.410 1.920 -10.000 -3.700 2.210 -10.000 -2.610 2.540 -10.000
3 15 -8.640 1.910 -10.000 -6.760 3.180 -10.000 -6.710 3.100 -10.000
3 15 -5.720 0.750 -10.000 -5.380 1.220 -10.000 -4.930 1.620 -10.000
3 15 -4.930 1.620 -10.000 0.000 0.760 -10.000 -5.720 0.750 -10.000
3 15 -6.210 0.760 -10.000 -9.690 0.930 -10.000 -9.780 1.030 -10.000
3 15 -9.780 1.030 -10.000 -8.640 1.910 -10.000 -6.210 0.760 -10.000
3 15 0.000 0.760 -10.000 -4.930 1.620 -10.000 -4.410 1.920 -10.000
3 15 -5.230 1.920 -10.000 -5.320 3.750 -10.000 -4.660 2.320 -10.000
3 15 -4.660 2.320 -10.000 -5.320 3.750 -10.000 -3.900 2.710 -10.000
3 15 -6.760 3.180 -10.000 -4.560 8.960 -10.000 -6.140 3.680 -10.000
3 15 -6.140 3.680 -10.000 -4.560 8.960 -10.000 -5.440 4.180 -10.000
3 15 0.700 30.000 -10.000 0.000 31.400 -10.000 2.000 30.010 -10.000
3 15 2.000 30.010 -10.000 0.000 31.400 -10.000 16.800 31.350 -10.000
3 15 16.800 31.350 -10.000 3.680 29.710 -10.000 2.000 30.010 -10.000
3 15 5.350 29.220 -10.000 3.680 29.710 -10.000 16.800 31.350 -10.000
3 15 7.020 28.520 -10.000 5.350 29.220 -10.000 16.800 31.350 -10.000
3 15 7.020 28.520 -10.000 16.800 31.350 -10.000 16.630 29.990 -10.000
3 15 16.630 29.990 -10.000 8.670 27.740 -10.000 7.020 28.520 -10.000
3 15 16.630 29.990 -10.000 16.250 28.580 -10.000 15.530 27.320 -10.000
3 15 15.530 27.320 -10.000 8.670 27.740 -10.000 16.630 29.990 -10.000
3 15 8.670 27.740 -10.000 15.530 27.320 -10.000 11.850 26.270 -10.000
3 15 11.850 26.270 -10.000 10.220 26.870 -10.000 8.670 27.740 -10.000
3 15 14.760 26.310 -10.000 14.450 25.970 -10.000 13.850 25.800 -10.000
3 15 13.850 25.800 -10.000 12.870 25.990 -10.000 14.760 26.310 -10.000
3 15 14.200 25.810 -10.000 14.010 25.790 -10.000 13.850 25.800 -10.000
3 15 13.850 25.800 -10.000 14.450 25.970 -10.000 14.200 25.810 -10.000
3 15 11.850 26.270 -10.000 15.530 27.320 -10.000 14.760 26.310 -10.000
3 15 14.760 26.310 -10.000 12.870 25.990 -10.000 11.850 26.270 -10.000
3 15 1.000 13.950 -10.000 0.000 13.950 -10.000 0.000 14.800 -10.000
3 15 0.000 14.800 -10.000 0.800 14.800 -10.000 1.000 13.950 -10.000
3 15 3.200 14.050 -10.000 3.220 13.950 -10.000 3.050 14.250 -10.000
3 15 3.050 14.250 -10.000 3.150 14.150 -10.000 3.200 14.050 -10.000
3 15 3.220 13.950 -10.000 3.200 13.850 -10.000 3.150 13.790 -10.000
3 15 3.150 13.790 -10.000 3.050 14.250 -10.000 3.220 13.950 -10.000
3 15 3.150 13.790 -10.000 3.020 13.750 -10.000 2.800 14.450 -10.000
3 15 2.800 14.450 -10.000 3.050 14.250 -10.000 3.150 13.790 -10.000
3 15 3.020 13.750 -10.000 2.900 13.750 -10.000 2.550 14.600 -10.000
3 15 2.550 14.600 -10.000 2.800 14.450 -10.000 3.020 13.750 -10.000
3 15 2.900 13.750 -10.000 2.600 13.800 -10.000 2.150 13.900 -10.000
3 15 2.150 13.900 -10.000 2.550 14.600 -10.000 2.900 13.750 -10.000
3 15 2.550 14.600 -10.000 2.150 13.900 -10.000 1.900 13.940 -10.000
3 15 1.900 13.940 -10.000 2.250 14.700 -10.000 2.550 14.600 -10.000
3 15 2.250 14.700 -10.000 1.900 13.940 -10.000 1.600 13.950 -10.000
3 15 1.600 13.950 -10.000 1.860 14.770 -10.000 2.250 14.700 -10.000
3 15 1.860 14.770 -10.000 1.600 13.950 -10.000 1.000 13.950 -10.000
3 15 1.000 13.950 -10.000 1.300 14.800 -10.000 1.860 14.770 -10.000
3 15 1.000 13.950 -10.000 0.800 14.800 -10.000 1.300 14.800 -10.000
3 15 3.950 10.520 -10.000 3.940 10.390 -10.000 3.870 10.330 -10.000
3 15 3.870 10.330 -10.000 3.890 10.650 -10.000 3.950 10.520 -10.000
3 15 3.890 10.650 -10.000 3.870 10.330 -10.000 3.790 10.320 -10.000
3 15 3.790 10.320 -10.000 3.630 10.910 -10.000 3.890 10.650 -10.000
3 15 3.790 10.320 -10.000 3.580 10.340 -10.000 3.170 10.450 -10.000
3 15 3.170 10.450 -10.000 3.630 10.910 -10.000 3.790 10.320 -10.000
3 15 3.630 10.910 -10.000 3.170 10.450 -10.000 3.020 11.260 -10.000
3 15 3.020 11.260 -10.000 3.380 11.110 -10.000 3.630 10.910 -10.000
3 15 3.170 10.450 -10.000 2.660 10.550 -10.000 2.610 11.370 -10.000
3 15 2.610 11.370 -10.000 3.020 11.260 -10.000 3.170 10.450 -10.000
3 15 2.610 11.370 -10.000 2.660 10.550 -10.000 2.050 10.600 -10.000
3 15 2.050 10.600 -10.000 2.180 11.430 -10.000 2.610 11.370 -10.000
3 15 2.180 11.430 -10.000 2.050 10.600 -10.000 1.020 10.600 -10.000
3 15 1.020 10.600 -10.000 1.690 11.470 -10.000 2.180 11.430 -10.000
3 15 1.690 11.470 -10.000 1.020 10.600 -10.000 0.000 10.600 -10.000
3 15 0.000 10.600 -10.000 0.870 11.470 -10.000 1.690 11.470 -10.000
3 15 0.000 10.600 -10.000 0.000 11.470 -10.000 0.870 11.470 -10.000
3 15 1.030 5.510 -10.000 0.000 5.570 -10.000 0.000 10.190 -10.000
3 15 0.000 10.190 -10.000 0.920 10.190 -10.000 1.030 5.510 -10.000
3 15 2.010 5.400 -10.000 1.030 5.510 -10.000 0.920 10.190 -10.000
3 15 0.920 10.190 -10.000 1.840 10.190 -10.000 2.010 5.400 -10.000
3 15 1.840 10.190 -10.000 2.380 10.160 -10.000 2.870 10.090 -10.000
3 15 2.870 10.090 -10.000 2.010 5.400 -10.000 1.840 10.190 -10.000
3 15 2.870 10.090 -10.000 3.380 9.930 -10.000 3.760 9.730 -10.000
3 15 3.760 9.730 -10.000 2.010 5.400 -10.000 2.870 10.090 -10.000
3 15 3.760 9.730 -10.000 4.100 9.470 -10.000 4.300 9.270 -10.000
3 15 4.300 9.270 -10.000 2.010 5.400 -10.000 3.760 9.730 -10.000
3 15 4.300 9.270 -10.000 4.560 8.960 -10.000 3.220 5.100 -10.000
3 15 3.220 5.100 -10.000 2.010 5.400 -10.000 4.300 9.270 -10.000
3 15 4.490 4.650 -10.000 3.220 5.100 -10.000 4.560 8.960 -10.000
3 15 5.440 4.180 -10.000 4.490 4.650 -10.000 4.560 8.960 -10.000
3 15 1.460 3.380 -10.000 0.000 3.490 -10.000 0.000 4.950 -10.000
3 15 0.000 4.950 -10.000 1.020 4.900 -10.000 1.460 3.380 -10.000
3 15 1.020 4.900 -10.000 1.890 4.790 -10.000 3.040 4.540 -10.000
3 15 3.040 4.540 -10.000 1.460 3.380 -10.000 1.020 4.900 -10.000
3 15 1.460 3.380 -10.000 3.040 4.540 -10.000 4.280 4.160 -10.000
3 15 4.280 4.160 -10.000 2.710 3.140 -10.000 1.460 3.380 -10.000
3 15 2.710 3.140 -10.000 4.280 4.160 -10.000 5.320 3.750 -10.000
3 15 5.320 3.750 -10.000 3.900 2.710 -10.000 2.710 3.140 -10.000
3 15 5.760 1.360 -10.000 5.230 1.920 -10.000 5.320 3.750 -10.000
3 15 5.320 3.750 -10.000 6.710 3.100 -10.000 5.760 1.360 -10.000
3 15 5.760 1.360 -10.000 6.710 3.100 -10.000 8.640 1.910 -10.000
3 15 8.640 1.910 -10.000 6.210 0.760 -10.000 5.760 1.360 -10.000
3 15 8.640 1.910 -10.000 6.760 3.180 -10.000 11.330 4.870 -10.000
3 15 11.330 4.870 -10.000 9.870 3.060 -10.000 8.640 1.910 -10.000
3 15 6.760 3.180 -10.000 4.560 8.960 -10.000 12.670 6.720 -10.000
3 15 12.670 6.720 -10.000 11.330 4.870 -10.000 6.760 3.180 -10.000
3 15 12.670 6.720 -10.000 4.560 8.960 -10.000 14.380 10.490 -10.000
3 15 14.380 10.490 -10.000 13.730 8.720 -10.000 12.670 6.720 -10.000
3 15 4.560 8.960 -10.000 4.550 9.470 -10.000 14.380 10.490 -10.000
3 15 0.970 11.780 -10.000 0.000 11.780 -10.000 0.000 13.650 -10.000
3 15 0.000 13.650 -10.000 0.900 13.650 -10.000 0.970 11.780 -10.000
3 15 1.840 11.780 -10.000 0.970 11.780 -10.000 0.900 13.650 -10.000
3 15 0.900 13.650 -10.000 1.700 13.650 -10.000 1.840 11.780 -10.000
3 15 1.700 13.650 -10.000 2.000 13.630 -10.000 2.300 13.600 -10.000
3 15 2.300 13.600 -10.000 1.840 11.780 -10.000 1.700 13.650 -10.000
3 15 1.840 11.780 -10.000 2.300 13.600 -10.000 2.620 13.510 -10.000
3 15 2.620 13.510 -10.000 2.610 11.730 -10.000 1.840 11.780 -10.000
3 15 2.620 13.510 -10.000 2.870 13.410 -10.000 2.970 11.660 -10.000
3 15 2.970 11.660 -10.000 2.610 11.730 -10.000 2.620 13.510 -10.000
3 15 2.870 13.410 -10.000 3.150 13.250 -10.000 3.400 13.050 -10.000
3 15 3.400 13.050 -10.000 2.970 11.660 -10.000 2.870 13.410 -10.000
3 15 3.750 12.700 -10.000 3.360 11.520 -10.000 2.970 11.660 -10.000
3 15 2.970 11.660 -10.000 3.400 13.050 -10.000 3.750 12.700 -10.000
3 15 3.760 11.290 -10.000 3.360 11.520 -10.000 3.750 12.700 -10.000
3 15 3.760 11.290 -10.000 3.750 12.700 -10.000 14.660 13.380 -10.000
3 15 14.660 13.380 -10.000 4.070 11.010 -10.000 3.760 11.290 -10.000
3 15 4.550 9.470 -10.000 4.510 9.980 -10.000 14.380 10.490 -10.000
3 15 4.510 9.980 -10.000 4.450 10.290 -10.000 14.380 10.490 -10.000
3 15 4.450 10.290 -10.000 4.300 10.680 -10.000 14.660 13.380 -10.000
3 15 14.660 13.380 -10.000 14.380 10.490 -10.000 4.450 10.290 -10.000
3 15 14.380 10.490 -10.000 14.660 13.380 -10.000 14.700 12.100 -10.000
3 15 4.300 10.680 -10.000 4.070 11.010 -10.000 14.660 13.380 -10.000
3 15 14.660 13.380 -10.000 3.750 12.700 -10.000 3.750 13.400 -10.000
3 15 3.750 13.400 -10.000 14.300 14.500 -10.000 14.660 13.380 -10.000
3 15 13.780 15.780 -10.000 14.300 14.500 -10.000 3.750 13.400 -10.000
3 15 3.750 13.400 -10.000 13.200 16.400 -10.000 13.780 15.780 -10.000
3 15 12.300 17.100 -10.000 13.200 16.400 -10.000 3.750 13.400 -10.000
3 15 3.750 13.400 -10.000 11.260 17.690 -10.000 12.300 17.100 -10.000
3 15 9.750 18.290 -10.000 11.260 17.690 -10.000 3.750 13.400 -10.000
3 15 3.750 13.400 -10.000 8.340 18.680 -10.000 9.750 18.290 -10.000
3 15 3.750 13.400 -10.000 3.700 13.750 -10.000 8.340 18.680 -10.000
3 15 3.700 13.750 -10.000 3.600 14.000 -10.000 8.340 18.680 -10.000
3 15 3.600 14.000 -10.000 3.500 14.150 -10.000 8.340 18.680 -10.000
3 15 3.500 14.150 -10.000 3.300 14.400 -10.000 6.230 18.950 -10.000
3 15 6.230 18.950 -10.000 8.340 18.680 -10.000 3.500 14.150 -10.000
3 15 8.340 18.680 -10.000 6.230 18.950 -10.000 7.000 18.900 -10.000
3 15 6.230 18.950 -10.000 3.300 14.400 -10.000 2.950 14.650 -10.000
3 15 2.950 14.650 -10.000 5.200 19.000 -10.000 6.230 18.950 -10.000
3 15 5.200 19.000 -10.000 2.950 14.650 -10.000 2.600 14.850 -10.000
3 15 2.600 14.850 -10.000 4.800 19.100 -10.000 5.200 19.000 -10.000
3 15 2.600 14.850 -10.000 4.400 19.400 -10.000 4.800 19.100 -10.000
3 15 4.400 19.400 -10.000 2.600 14.850 -10.000 2.350 14.950 -10.000
3 15 2.350 14.950 -10.000 3.700 20.300 -10.000 4.400 19.400 -10.000
3 15 2.350 14.950 -10.000 2.100 15.010 -10.000 3.700 20.300 -10.000
3 15 2.100 15.010 -10.000 1.600 15.060 -10.000 3.700 20.300 -10.000
3 15 1.600 15.060 -10.000 0.900 15.100 -10.000 3.700 20.300 -10.000
3 15 0.900 15.100 -10.000 0.000 15.100 -10.000 3.700 20.300 -10.000
3 15 0.000 2.890 -10.000 1.360 2.780 -10.000 2.610 2.540 -10.000
3 15 2.610 2.540 -10.000 0.000 0.760 -10.000 0.000 2.890 -10.000
3 15 2.610 2.540 -10.000 3.700 2.210 -10.000 4.410 1.920 -10.000
3 15 4.410 1.920 -10.000 0.000 0.760 -10.000 2.610 2.540 -10.000
3 15 8.640 1.910 -10.000 6.710 3.100 -10.000 6.760 3.180 -10.000
3 15 5.720 0.750 -10.000 0.000 0.760 -10.000 4.930 1.620 -10.000
3 15 4.930 1.620 -10.000 5.380 1.220 -10.000 5.720 0.750 -10.000
3 15 6.210 0.760 -10.000 8.640 1.910 -10.000 9.780 1.030 -10.000
3 15 9.780 1.030 -10.000 9.690 0.930 -10.000 6.210 0.760 -10.000
3 15 0.000 0.760 -10.000 4.410 1.920 -10.000 4.930 1.620 -10.000
3 15 5.230 1.920 -10.000 4.660 2.320 -10.000 5.320 3.750 -10.000
3 15 4.660 2.320 -10.000 3.900 2.710 -10.000 5.320 3.750 -10.000
3 15 6.760 3.180 -10.000 6.140 3.680 -10.000 4.560 8.960 -10.000
3 15 6.140 3.680 -10.000 5.440 4.180 -10.000 4.560 8.960 -10.000
3 15 -0.700 30.000 -10.000 0.700 30.000 -10.000 0.970 27.700 -10.000
3 15 0.970 27.700 -10.000 -0.970 27.700 -10.000 -0.700 30.000 -10.000
3 15 -3.080 21.320 -10.000 3.080 21.320 -10.000 3.700 20.300 -10.000
3 15 3.700 20.300 -10.000 -3.700 20.300 -10.000 -3.080 21.320 -10.000
3 15 -2.600 22.200 -10.000 2.600 22.200 -10.000 3.080 21.320 -10.000
3 15 3.080 21.320 -10.000 -3.080 21.320 -10.000 -2.600 22.200 -10.000
3 15 -2.170 23.350 -10.000 2.170 23.350 -10.000 2.600 22.200 -10.000
3 15 2.600 22.200 -10.000 -2.600 22.200 -10.000 -2.170 23.350 -10.000
3 15 -1.480 25.440 -10.000 1.480 25.440 -10.000 2.170 23.350 -10.000
3 15 2.170 23.350 -10.000 -2.170 23.350 -10.000 -1.480 25.440 -10.000
3 15 -0.970 27.700 -10.000 0.970 27.700 -10.000 1.480 25.440 -10.000
3 15 1.480 25.440 -10.000 -1.480 25.440 -10.000 -0.970 27.700 -10.000
1 16 0.0000 0.0000 0.0000 1.0000 0.0000 0.0000 0.0000 1.0000 0.0000 0.0000 0.0000 1.0000 s/973s01.dat
1 16 0.0000 -4.0000 0.0000 4.2430 0.0000 -4.2430 0.0000 -8.0000 0.0000 -4.2430 0.0000 -4.2430 1-4cyli.dat
