0 MINI HEADGEAR SCOUT 2 (Needs Work)
0 Name: 98153.dat
0 Author: <AuthorRealName> [<AuthorLDrawName>]
0 !LDRAW_ORG Unofficial_Part
0 !LICENSE Redistributable under CCAL version 2.0 : see CAreadme.txt

0 BFC CERTIFY CCW

0 !HISTORY 2013-08-14 {LEGO Digital Designer} Original part shape
0 !HISTORY 2013-08-14 [<AuthorLDrawName>] File preparation for LDraw Parts Tracker

0 // Needs Work: Clean necessary

0 // Outside
3 16 1.334 37.311 11.79 2.968 34.008 11.579 1.802 36.783 9.856 
3 16 2.968 34.008 11.579 3.444 33.861 9.836 1.802 36.783 9.856 
3 16 13.456 37.745 11.441 7.13 24.735 13.652 8.492 27.115 11.644 
3 16 7.13 24.735 13.652 7.097 24.654 12.203 8.492 27.115 11.644 
3 16 13.456 37.745 11.441 8.492 27.115 11.644 13.423 37.811 9.704 
3 16 8.492 27.115 11.644 8.574 27.197 9.704 13.423 37.811 9.704 
3 16 5.679 40.005 9.713 4.661 38.752 9.717 4.872 38.872 11.815 
3 16 12.001 39.279 11.81 13.456 37.745 11.441 12.047 39.256 9.857 
3 16 13.456 37.745 11.441 13.423 37.811 9.704 12.047 39.256 9.857 
3 16 15.386 21.639 11.032 8.574 27.197 9.704 14.045 22.121 12.664 
3 16 14.045 22.121 12.664 8.574 27.197 9.704 8.492 27.115 11.644 
3 16 8.492 27.115 11.644 7.097 24.654 12.203 14.045 22.121 12.664 
3 16 6.53 24.581 12.379 8.012 21.309 13.318 7.097 24.654 12.203 
3 16 7.097 24.654 12.203 8.012 21.309 13.318 14.045 22.121 12.664 
3 16 11.466 20.083 9.985 5.698 18.791 9.454 8.574 27.197 9.704 
3 16 5.698 18.791 9.454 3.666 27.095 9.71 8.574 27.197 9.704 
3 16 8.574 27.197 9.704 3.666 27.095 9.71 5.229 30.939 9.959 
3 16 2.014 33.759 9.704 3.444 33.861 9.836 3.666 27.095 9.71 
3 16 5.229 30.939 9.959 3.666 27.095 9.71 3.444 33.861 9.836 
3 16 -1.271 37.386 14.177 -1.737 40.808 14.454 -2.844 37.346 11.965 
3 16 -1.737 40.808 14.454 -3.03 40.587 12.187 -2.844 37.346 11.965 
3 16 -2.652 33.101 11.962 -2.143 27.407 13.747 -0.608 33.098 14.09 
3 16 -2.143 27.407 13.747 -0.213 27.172 14.474 -0.608 33.098 14.09 
3 16 12.047 39.256 9.857 10.363 44.014 9.872 12.001 39.279 11.81 
3 16 10.363 44.014 9.872 10.415 43.881 11.522 12.001 39.279 11.81 
3 16 6.819 47.407 11.384 10.415 43.881 11.522 6.923 47.617 9.699 
3 16 10.363 44.014 9.872 6.923 47.617 9.699 10.415 43.881 11.522 
3 16 -3.073 45.348 11.441 1.397 48.247 11.357 -2.951 45.931 9.704 
3 16 -2.951 45.931 9.704 1.397 48.247 11.357 1.112 48.265 9.672 
3 16 -2.951 45.931 9.704 -4.421 40.676 9.704 -3.073 45.348 11.441 
3 16 -4.421 40.676 9.704 -4.117 40.471 11.185 -3.073 45.348 11.441 
3 16 -0.608 33.098 14.09 -1.271 37.386 14.177 -2.652 33.101 11.962 
3 16 -1.271 37.386 14.177 -2.844 37.346 11.965 -2.652 33.101 11.962 
3 16 -5.123 32.922 9.704 -7.93 27.788 9.895 -4.641 32.886 10.945 
3 16 -7.429 27.839 11.323 -4.641 32.886 10.945 -7.93 27.788 9.895 
3 16 -4.641 32.886 10.945 -4.175 37.02 11.062 -5.123 32.922 9.704 
3 16 -4.175 37.02 11.062 -4.591 37.1 9.732 -5.123 32.922 9.704 
3 16 8.867 40.347 14.891 8.156 43.153 14.44 7.465 40.398 14.008 
3 16 8.156 43.153 14.44 6.727 42.289 13.585 7.465 40.398 14.008 
3 16 -1.271 37.386 14.177 -0.608 33.098 14.09 0.163 37.432 13.035 
3 16 1.246 33.507 13.144 0.163 37.432 13.035 -0.608 33.098 14.09 
3 16 6.468 40.316 12.787 5.693 41.789 12.787 5.679 40.005 9.713 
3 16 5.693 41.789 12.787 5.1 41.304 9.704 5.679 40.005 9.713 
3 16 -7.93 27.788 9.895 -15.396 21.614 11.021 -7.429 27.839 11.323 
3 16 -14.045 22.121 12.664 -7.429 27.839 11.323 -15.396 21.614 11.021 
3 16 13.423 37.811 9.704 4.661 38.752 9.717 12.047 39.256 9.857 
3 16 4.661 38.752 9.717 5.679 40.005 9.713 12.047 39.256 9.857 
3 16 5.1 41.304 9.704 10.363 44.014 9.872 5.679 40.005 9.713 
3 16 10.363 44.014 9.872 12.047 39.256 9.857 5.679 40.005 9.713 
3 16 5.977 26.836 12.007 5.517 30.206 11.436 2.928 27.207 13.557 
3 16 2.968 34.008 11.579 1.246 33.507 13.144 2.928 27.207 13.557 
3 16 -2.014 33.759 9.704 -3.74 27.094 9.699 -5.123 32.922 9.704 
3 16 -3.74 27.094 9.699 -7.93 27.788 9.895 -5.123 32.922 9.704 
3 16 8.012 21.309 13.318 6.53 24.581 12.379 3.905 21.418 14.541 
3 16 3.905 21.418 14.541 6.53 24.581 12.379 2.928 27.207 13.557 
3 16 6.53 24.581 12.379 5.977 26.836 12.007 2.928 27.207 13.557 
3 16 2.715 42.908 12.526 1.511 42.156 12.331 2.456 42.178 9.704 
3 16 1.511 42.156 12.331 1.762 41.576 9.75 2.456 42.178 9.704 
3 16 1.201 39.841 9.704 -4.421 40.676 9.704 1.762 41.576 9.75 
3 16 -4.421 40.676 9.704 -2.951 45.931 9.704 1.762 41.576 9.75 
3 16 10.795 39.78 13.843 9.529 43.569 13.082 8.867 40.347 14.891 
3 16 9.529 43.569 13.082 8.156 43.153 14.44 8.867 40.347 14.891 
3 16 0.163 37.432 13.035 1.246 33.507 13.144 1.334 37.311 11.79 
3 16 1.246 33.507 13.144 2.968 34.008 11.579 1.334 37.311 11.79 
3 16 7.465 40.398 14.008 6.727 42.289 13.585 6.468 40.316 12.787 
3 16 6.727 42.289 13.585 5.693 41.789 12.787 6.468 40.316 12.787 
3 16 2.928 27.207 13.557 1.246 33.507 13.144 -0.213 27.172 14.474 
3 16 1.246 33.507 13.144 -0.608 33.098 14.09 -0.213 27.172 14.474 
3 16 -0.213 27.172 14.474 -0.008 21.341 15.209 2.928 27.207 13.557 
3 16 3.905 21.418 14.541 2.928 27.207 13.557 -0.008 21.341 15.209 
3 16 3.444 33.861 9.836 2.014 33.759 9.704 1.802 36.783 9.856 
3 16 2.014 33.759 9.704 -0.021 36.328 9.704 1.802 36.783 9.856 
3 16 1.802 36.783 9.856 -0.021 36.328 9.704 -4.591 37.1 9.732 
3 16 -0.021 36.328 9.704 -2.014 33.759 9.704 -4.591 37.1 9.732 
3 16 -2.014 33.759 9.704 -5.123 32.922 9.704 -4.591 37.1 9.732 
3 16 12.001 39.279 11.81 10.415 43.881 11.522 10.795 39.78 13.843 
3 16 10.415 43.881 11.522 9.529 43.569 13.082 10.795 39.78 13.843 
3 16 -3.073 45.348 11.441 -4.117 40.471 11.185 -1.927 44.64 12.602 
3 16 -4.117 40.471 11.185 -3.03 40.587 12.187 -1.927 44.64 12.602 
3 16 -4.117 40.471 11.185 -4.175 37.02 11.062 -3.03 40.587 12.187 
3 16 -4.175 37.02 11.062 -2.844 37.346 11.965 -3.03 40.587 12.187 
3 16 -4.175 37.02 11.062 -4.641 32.886 10.945 -2.844 37.346 11.965 
3 16 -4.641 32.886 10.945 -2.652 33.101 11.962 -2.844 37.346 11.965 
3 16 -2.652 33.101 11.962 -4.641 32.886 10.945 -4.616 27.369 12.226 
3 16 -4.641 32.886 10.945 -7.429 27.839 11.323 -4.616 27.369 12.226 
3 16 -2.143 27.407 13.747 -2.652 33.101 11.962 -4.616 27.369 12.226 
3 16 0.84 40.187 12.059 1.334 37.311 11.79 1.201 39.841 9.704 
3 16 1.334 37.311 11.79 1.802 36.783 9.856 1.201 39.841 9.704 
3 16 -0.345 40.436 13.238 0.163 37.432 13.035 0.84 40.187 12.059 
3 16 0.163 37.432 13.035 1.334 37.311 11.79 0.84 40.187 12.059 
3 16 -1.737 40.808 14.454 -1.271 37.386 14.177 -0.345 40.436 13.238 
3 16 -1.271 37.386 14.177 0.163 37.432 13.035 -0.345 40.436 13.238 
3 16 -1.115 44.223 14.609 -1.737 40.808 14.454 0.414 43.055 13.389 
3 16 -1.737 40.808 14.454 -0.345 40.436 13.238 0.414 43.055 13.389 
3 16 -1.927 44.64 12.602 -3.03 40.587 12.187 -1.115 44.223 14.609 
3 16 -3.03 40.587 12.187 -1.737 40.808 14.454 -1.115 44.223 14.609 
3 16 10.363 44.014 9.872 5.1 41.304 9.704 6.923 47.617 9.699 
3 16 3.867 42.335 9.704 6.923 47.617 9.699 5.1 41.304 9.704 
3 16 10.415 43.881 11.522 6.819 47.407 11.384 9.529 43.569 13.082 
3 16 6.819 47.407 11.384 6.19 46.467 12.681 9.529 43.569 13.082 
3 16 1.762 41.576 9.75 -2.951 45.931 9.704 2.456 42.178 9.704 
3 16 -2.951 45.931 9.704 1.112 48.265 9.672 2.456 42.178 9.704 
3 16 1.397 48.247 11.357 -3.073 45.348 11.441 1.961 47 12.653 
3 16 -3.073 45.348 11.441 -1.927 44.64 12.602 1.961 47 12.653 
3 16 5.693 41.789 12.787 4.283 42.861 12.712 5.1 41.304 9.704 
3 16 4.283 42.861 12.712 3.867 42.335 9.704 5.1 41.304 9.704 
3 16 6.19 46.467 12.681 1.961 47 12.653 5.849 45.772 14.098 
3 16 1.961 47 12.653 1.997 46.368 14.3 5.849 45.772 14.098 
3 16 6.819 47.407 11.384 1.397 48.247 11.357 6.19 46.467 12.681 
3 16 1.397 48.247 11.357 1.961 47 12.653 6.19 46.467 12.681 
3 16 6.923 47.617 9.699 1.112 48.265 9.672 6.819 47.407 11.384 
3 16 1.112 48.265 9.672 1.397 48.247 11.357 6.819 47.407 11.384 
3 16 2.456 42.178 9.704 1.112 48.265 9.672 3.867 42.335 9.704 
3 16 1.112 48.265 9.672 6.923 47.617 9.699 3.867 42.335 9.704 
3 16 4.283 42.861 12.712 2.715 42.908 12.526 3.867 42.335 9.704 
3 16 2.715 42.908 12.526 2.456 42.178 9.704 3.867 42.335 9.704 
3 16 4.967 44.058 13.513 2.437 44.298 13.403 4.283 42.861 12.712 
3 16 2.437 44.298 13.403 2.715 42.908 12.526 4.283 42.861 12.712 
3 16 5.849 45.772 14.098 1.997 46.368 14.3 4.967 44.058 13.513 
3 16 1.997 46.368 14.3 2.437 44.298 13.403 4.967 44.058 13.513 
3 16 1.997 46.368 14.3 -1.115 44.223 14.609 2.437 44.298 13.403 
3 16 2.437 44.298 13.403 -1.115 44.223 14.609 0.414 43.055 13.389 
3 16 1.961 47 12.653 -1.927 44.64 12.602 1.997 46.368 14.3 
3 16 1.997 46.368 14.3 -1.927 44.64 12.602 -1.115 44.223 14.609 
3 16 2.437 44.298 13.403 0.414 43.055 13.389 2.715 42.908 12.526 
3 16 0.414 43.055 13.389 1.511 42.156 12.331 2.715 42.908 12.526 
3 16 6.53 24.581 12.379 6.668 24.815 13.899 5.977 26.836 12.007 
3 16 4.872 38.872 11.815 4.661 38.752 9.717 5.517 30.206 11.436 
3 16 4.872 38.872 11.815 5.517 30.206 11.436 6.668 24.815 13.899 
3 16 5.977 26.836 12.007 6.668 24.815 13.899 5.517 30.206 11.436 
3 16 0 33.877 9.858 0 25.978 10.355 -2.014 33.759 9.704 
3 16 -3.74 27.094 9.699 -2.014 33.759 9.704 0 25.978 10.355 
3 16 0 17.394 10.896 -5.698 18.791 9.454 0 25.978 10.355 
3 16 -5.698 18.791 9.454 -3.74 27.094 9.699 0 25.978 10.355 
3 16 0 33.877 9.858 -2.014 33.759 9.704 -0.021 36.328 9.704 
3 16 3.666 27.095 9.71 0 25.978 10.355 2.014 33.759 9.704 
3 16 0 25.978 10.355 0 33.877 9.858 2.014 33.759 9.704 
3 16 3.666 27.095 9.71 5.698 18.791 9.454 0 25.978 10.355 
3 16 5.698 18.791 9.454 0 17.394 10.896 0 25.978 10.355 
3 16 0 33.877 9.858 -0.021 36.328 9.704 2.014 33.759 9.704 
3 16 -4.421 40.676 9.704 -4.591 37.1 9.732 -4.117 40.471 11.185 
3 16 -4.175 37.02 11.062 -4.117 40.471 11.185 -4.591 37.1 9.732 
3 16 1.802 36.783 9.856 -4.591 37.1 9.732 1.201 39.841 9.704 
3 16 -4.421 40.676 9.704 1.201 39.841 9.704 -4.591 37.1 9.732 
3 16 1.511 42.156 12.331 0.84 40.187 12.059 1.762 41.576 9.75 
3 16 1.762 41.576 9.75 0.84 40.187 12.059 1.201 39.841 9.704 
3 16 0.414 43.055 13.389 -0.345 40.436 13.238 1.511 42.156 12.331 
3 16 0.84 40.187 12.059 1.511 42.156 12.331 -0.345 40.436 13.238 
3 16 6.727 42.289 13.585 4.967 44.058 13.513 5.693 41.789 12.787 
3 16 4.967 44.058 13.513 4.283 42.861 12.712 5.693 41.789 12.787 
3 16 8.156 43.153 14.44 5.849 45.772 14.098 6.727 42.289 13.585 
3 16 5.849 45.772 14.098 4.967 44.058 13.513 6.727 42.289 13.585 
3 16 9.529 43.569 13.082 6.19 46.467 12.681 8.156 43.153 14.44 
3 16 6.19 46.467 12.681 5.849 45.772 14.098 8.156 43.153 14.44 
3 16 -2.143 27.407 13.747 -3.905 21.418 14.541 -0.213 27.172 14.474 
3 16 -3.905 21.418 14.541 -0.008 21.341 15.209 -0.213 27.172 14.474 
3 16 5.679 40.005 9.713 4.872 38.872 11.815 6.468 40.316 12.787 
3 16 6.468 40.316 12.787 4.872 38.872 11.815 7.465 40.398 14.008 
3 16 7.465 40.398 14.008 4.872 38.872 11.815 8.386 38.461 16.594 
3 16 8.386 38.461 16.594 8.867 40.347 14.891 7.465 40.398 14.008 
3 16 -14.045 22.121 12.664 -8.012 21.309 13.318 -7.429 27.839 11.323 
3 16 -4.616 27.369 12.226 -7.429 27.839 11.323 -8.012 21.309 13.318 
3 16 -8.012 21.309 13.318 -3.905 21.418 14.541 -4.616 27.369 12.226 
3 16 -2.143 27.407 13.747 -4.616 27.369 12.226 -3.905 21.418 14.541 
3 16 4.872 38.872 11.815 6.668 24.815 13.899 8.386 38.461 16.594 
3 16 8.574 27.197 9.704 5.229 30.939 9.959 13.423 37.811 9.704 
3 16 5.229 30.939 9.959 4.661 38.752 9.717 13.423 37.811 9.704 
3 16 8.386 38.461 16.594 13.456 37.745 11.441 10.795 39.78 13.843 
3 16 13.456 37.745 11.441 12.001 39.279 11.81 10.795 39.78 13.843 
3 16 10.795 39.78 13.843 8.867 40.347 14.891 8.386 38.461 16.594 
3 16 6.668 24.815 13.899 7.13 24.735 13.652 8.386 38.461 16.594 
3 16 7.13 24.735 13.652 13.456 37.745 11.441 8.386 38.461 16.594 
3 16 6.668 24.815 13.899 6.53 24.581 12.379 7.13 24.735 13.652 
3 16 6.53 24.581 12.379 7.097 24.654 12.203 7.13 24.735 13.652 
3 16 15.386 21.639 11.032 11.466 20.083 9.985 8.574 27.197 9.704 
3 16 -15.396 21.614 11.021 -7.93 27.788 9.895 -11.466 20.083 9.985 
3 16 -11.466 20.083 9.985 -7.93 27.788 9.895 -5.698 18.791 9.454 
3 16 -3.74 27.094 9.699 -5.698 18.791 9.454 -7.93 27.788 9.895 
3 16 5.229 30.939 9.959 5.517 30.206 11.436 4.661 38.752 9.717 
3 16 5.229 30.939 9.959 3.444 33.861 9.836 2.968 34.008 11.579 
3 16 5.517 30.206 11.436 5.229 30.939 9.959 2.968 34.008 11.579 
3 16 2.928 27.207 13.557 5.517 30.206 11.436 2.968 34.008 11.579 
3 16 -15.396 21.614 11.021 -21.467 13.16 13.112 -14.045 22.121 12.664 
3 16 -14.045 22.121 12.664 -21.467 13.16 13.112 -20.103 12.55 15.289 
3 16 -15.595 0.075 -4.024 -16.434 0.483 2.844 -12.691 2.134 -1.023 
3 16 -12.691 2.134 -1.023 -16.434 0.483 2.844 -11.986 3.174 2.927 
3 16 -9.08 2.611 -13.947 0 4.576 -16.406 -7.976 0.513 -14.82 
3 16 -7.976 0.513 -14.82 0 4.576 -16.406 0 2.458 -16.85 
3 16 0 6.245 -15.419 -8.797 4.285 -12.882 0 6.517 -14.521 
3 16 0 6.517 -14.521 -8.797 4.285 -12.882 -7.754 4.829 -11.658 
3 16 -7.222 -4.682 13.704 -7.092 -9.191 5.495 0 -5.464 13.809 
3 16 -7.092 -9.191 5.495 0 -10.114 5.571 0 -5.464 13.809 
3 16 -18.609 -4.457 -4.582 -13.388 -0.912 -11.082 -18.245 -6.325 -4.691 
3 16 -18.245 -6.325 -4.691 -13.388 -0.912 -11.082 -12.785 -2.673 -11.825 
3 16 -22.355 -1.83 11.048 -21.491 -4.899 4.436 -21.424 -3.99 12.946 
3 16 -21.491 -4.899 4.436 -21.296 -6.941 5.177 -21.424 -3.99 12.946 
3 16 -5.698 18.791 9.454 -6.828 13.997 9.129 -11.466 20.083 9.985 
3 16 -11.466 20.083 9.985 -6.828 13.997 9.129 -13.725 14.344 10.147 
3 16 -8.863 9.154 7.87 -10.454 6.007 6.276 -14.908 7.724 9.285 
3 16 -10.454 6.007 6.276 -15.879 3.417 7.593 -14.908 7.724 9.285 
3 16 -14.908 7.724 9.285 -13.725 14.344 10.147 -8.863 9.154 7.87 
3 16 -6.828 13.997 9.129 -8.863 9.154 7.87 -13.725 14.344 10.147 
3 16 -13.857 -6.991 4.876 -14.194 -3.665 12.522 -21.296 -6.941 5.177 
3 16 -21.424 -3.99 12.946 -21.296 -6.941 5.177 -14.194 -3.665 12.522 
3 16 -11.831 12.717 15.339 -8.012 21.309 13.318 -20.103 12.55 15.289 
3 16 -8.012 21.309 13.318 -14.045 22.121 12.664 -20.103 12.55 15.289 
3 16 -7.976 0.513 -14.82 0 2.458 -16.85 -5.479 -1.328 -14.185 
3 16 -5.479 -1.328 -14.185 0 2.458 -16.85 0 -0.548 -15.635 
3 16 -18.245 -6.325 -4.691 -12.785 -2.673 -11.825 -11.974 -6.179 -4.342 
3 16 -8.598 -3.259 -11.27 -11.974 -6.179 -4.342 -12.785 -2.673 -11.825 
3 16 -5.947 -8.754 -4.291 -4.227 -5.078 -11.452 0 -10.015 -4.102 
3 16 0 -10.015 -4.102 -4.227 -5.078 -11.452 0 -5.878 -11.65 
3 16 -8.863 9.154 7.87 -6.828 13.997 9.129 0 9.04 11.318 
3 16 -6.828 13.997 9.129 0 12.44 11.146 0 9.04 11.318 
3 16 0 6.517 -14.521 -7.754 4.829 -11.658 0 -3.161 -10.197 
3 16 -7.754 4.829 -11.658 -4.587 -3.161 -8.968 0 -3.161 -10.197 
3 16 -12.691 2.134 -1.023 -11.986 3.174 2.927 -12.07 2.134 2.899 
3 16 0 9.04 11.318 0 2.134 11.667 -8.863 9.154 7.87 
3 16 0 2.134 11.667 -7.46 2.134 9.243 -8.863 9.154 7.87 
3 16 -21.296 -6.941 5.177 -18.245 -6.325 -4.691 -13.857 -6.991 4.876 
3 16 -11.974 -6.179 -4.342 -13.857 -6.991 4.876 -18.245 -6.325 -4.691 
3 16 -11.974 -6.179 -4.342 -8.598 -3.259 -11.27 -5.947 -8.754 -4.291 
3 16 -4.227 -5.078 -11.452 -5.947 -8.754 -4.291 -8.598 -3.259 -11.27 
3 16 -14.194 -3.665 12.522 -13.857 -6.991 4.876 -7.222 -4.682 13.704 
3 16 -13.857 -6.991 4.876 -7.092 -9.191 5.495 -7.222 -4.682 13.704 
3 16 -5.479 -1.328 -14.185 0 -0.548 -15.635 -2.819 -1.969 -14.447 
3 16 0 -0.548 -15.635 0 -2.156 -14.776 -2.819 -1.969 -14.447 
3 16 0 12.592 15.983 -0.008 21.341 15.209 -5.861 12.69 15.762 
3 16 -3.905 21.418 14.541 -5.861 12.69 15.762 -0.008 21.341 15.209 
3 16 -5.861 12.69 15.762 -3.905 21.418 14.541 -11.831 12.717 15.339 
3 16 -8.012 21.309 13.318 -11.831 12.717 15.339 -3.905 21.418 14.541 
3 16 -21.272 3.11 15.888 -20.103 12.55 15.289 -22.593 3.969 13.345 
3 16 -22.593 3.969 13.345 -20.103 12.55 15.289 -21.467 13.16 13.112 
3 16 -20.103 12.55 15.289 -21.272 3.11 15.888 -11.831 12.717 15.339 
3 16 -11.831 12.717 15.339 -21.272 3.11 15.888 -13.824 2.834 15.669 
3 16 -6.868 2.582 16.393 -5.861 12.69 15.762 -13.824 2.834 15.669 
3 16 -5.861 12.69 15.762 -11.831 12.717 15.339 -13.824 2.834 15.669 
3 16 0 2.325 16.616 0 12.592 15.983 -6.868 2.582 16.393 
3 16 0 12.592 15.983 -5.861 12.69 15.762 -6.868 2.582 16.393 
3 16 -6.868 2.582 16.393 -7.222 -4.682 13.704 0 2.325 16.616 
3 16 0 2.325 16.616 -7.222 -4.682 13.704 0 -5.464 13.809 
3 16 -13.824 2.834 15.669 -14.194 -3.665 12.522 -6.868 2.582 16.393 
3 16 -6.868 2.582 16.393 -14.194 -3.665 12.522 -7.222 -4.682 13.704 
3 16 -14.194 -3.665 12.522 -13.824 2.834 15.669 -21.424 -3.99 12.946 
3 16 -13.824 2.834 15.669 -21.272 3.11 15.888 -21.424 -3.99 12.946 
3 16 -21.424 -3.99 12.946 -21.272 3.11 15.888 -22.355 -1.83 11.048 
3 16 -22.355 -1.83 11.048 -21.272 3.11 15.888 -22.593 3.969 13.345 
3 16 -21.491 -4.899 4.436 -18.609 -4.457 -4.582 -21.296 -6.941 5.177 
3 16 -18.609 -4.457 -4.582 -18.245 -6.325 -4.691 -21.296 -6.941 5.177 
3 16 -13.857 -6.991 4.876 -11.974 -6.179 -4.342 -7.092 -9.191 5.495 
3 16 -11.974 -6.179 -4.342 -5.947 -8.754 -4.291 -7.092 -9.191 5.495 
3 16 -7.092 -9.191 5.495 -5.947 -8.754 -4.291 0 -10.114 5.571 
3 16 -5.947 -8.754 -4.291 0 -10.015 -4.102 0 -10.114 5.571 
3 16 -11.066 2.986 -7.252 -12.691 2.134 -1.023 -7.945 -3.161 -5.61 
3 16 -7.945 -3.161 -5.61 -12.691 2.134 -1.023 -9.174 -3.161 -1.023 
3 16 -11.066 2.986 -7.252 -7.754 4.829 -11.658 -12.621 1.94 -9.196 
3 16 -8.797 4.285 -12.882 -12.621 1.94 -9.196 -7.754 4.829 -11.658 
3 16 -7.976 0.513 -14.82 -12.785 -2.673 -11.825 -9.08 2.611 -13.947 
3 16 -9.08 2.611 -13.947 -12.785 -2.673 -11.825 -13.388 -0.912 -11.082 
3 16 -12.785 -2.673 -11.825 -7.976 0.513 -14.82 -8.598 -3.259 -11.27 
3 16 -5.479 -1.328 -14.185 -8.598 -3.259 -11.27 -7.976 0.513 -14.82 
3 16 -8.598 -3.259 -11.27 -5.479 -1.328 -14.185 -4.227 -5.078 -11.452 
3 16 -2.819 -1.969 -14.447 -4.227 -5.078 -11.452 -5.479 -1.328 -14.185 
3 16 -4.227 -5.078 -11.452 -2.819 -1.969 -14.447 0 -5.878 -11.65 
3 16 -2.819 -1.969 -14.447 0 -2.156 -14.776 0 -5.878 -11.65 
3 16 -12.07 2.134 2.899 -11.986 3.174 2.927 -10.267 2.134 6.436 
3 16 -10.267 2.134 6.436 -11.986 3.174 2.927 -10.454 6.007 6.276 
3 16 -10.454 6.007 6.276 -11.986 3.174 2.927 -15.879 3.417 7.593 
3 16 -16.434 0.483 2.844 -15.879 3.417 7.593 -11.986 3.174 2.927 
3 16 -8.863 9.154 7.87 -7.46 2.134 9.243 -10.454 6.007 6.276 
3 16 -10.267 2.134 6.436 -10.454 6.007 6.276 -7.46 2.134 9.243 
3 16 -4.587 -3.161 6.922 -4.587 0.154 6.922 -7.945 -3.161 3.564 
3 16 -4.587 0.154 6.922 -7.945 -0.065 3.564 -7.945 -3.161 3.564 
3 16 -4.587 0.154 6.922 -4.587 -3.161 6.922 0 0.144 8.151 
3 16 0 0.144 8.151 -4.587 -3.161 6.922 0 -3.161 8.151 
3 16 -4.587 -3.161 -8.968 -4.587 -0.813 -8.968 0 -3.161 -10.197 
3 16 -4.587 -0.813 -8.968 0 -0.841 -10.197 0 -3.161 -10.197 
3 16 -7.945 -3.161 -5.61 -7.945 -0.534 -5.61 -4.587 -3.161 -8.968 
3 16 -7.945 -0.534 -5.61 -4.587 -0.813 -8.968 -4.587 -3.161 -8.968 
3 16 -9.174 -3.161 -1.023 -9.174 -0.318 -1.023 -7.945 -3.161 -5.61 
3 16 -9.174 -0.318 -1.023 -7.945 -0.534 -5.61 -7.945 -3.161 -5.61 
3 16 -7.945 -3.161 3.564 -7.945 -0.065 3.564 -9.174 -3.161 -1.023 
3 16 -7.945 -0.065 3.564 -9.174 -0.318 -1.023 -9.174 -3.161 -1.023 
3 16 -7.945 -3.161 3.564 -12.07 2.134 2.899 -10.267 2.134 6.436 
3 16 -7.945 -3.161 3.564 -10.267 2.134 6.436 -4.587 -3.161 6.922 
3 16 -4.587 -3.161 6.922 -10.267 2.134 6.436 -7.46 2.134 9.243 
3 16 0 2.134 11.667 0 -3.161 8.151 -7.46 2.134 9.243 
3 16 0 -3.161 8.151 -4.587 -3.161 6.922 -7.46 2.134 9.243 
3 16 -7.945 -3.161 3.564 -9.174 -3.161 -1.023 -12.07 2.134 2.899 
3 16 -9.174 -3.161 -1.023 -12.691 2.134 -1.023 -12.07 2.134 2.899 
3 16 -6.828 13.997 9.129 -5.698 18.791 9.454 0 12.44 11.146 
3 16 0 12.44 11.146 -5.698 18.791 9.454 0 17.394 10.896 
3 16 -21.467 13.16 13.112 -15.396 21.614 11.021 -13.725 14.344 10.147 
3 16 -13.725 14.344 10.147 -15.396 21.614 11.021 -11.466 20.083 9.985 
3 16 -22.593 3.969 13.345 -21.467 13.16 13.112 -14.908 7.724 9.285 
3 16 -14.908 7.724 9.285 -21.467 13.16 13.112 -13.725 14.344 10.147 
3 16 -14.908 7.724 9.285 -15.879 3.417 7.593 -22.593 3.969 13.345 
3 16 -15.879 3.417 7.593 -22.355 -1.83 11.048 -22.593 3.969 13.345 
3 16 -15.879 3.417 7.593 -16.434 0.483 2.844 -22.355 -1.83 11.048 
3 16 -21.491 -4.899 4.436 -22.355 -1.83 11.048 -16.434 0.483 2.844 
3 16 -18.609 -4.457 -4.582 -21.491 -4.899 4.436 -15.595 0.075 -4.024 
3 16 -15.595 0.075 -4.024 -21.491 -4.899 4.436 -16.434 0.483 2.844 
3 16 -13.388 -0.912 -11.082 -18.609 -4.457 -4.582 -12.621 1.94 -9.196 
3 16 -15.595 0.075 -4.024 -12.621 1.94 -9.196 -18.609 -4.457 -4.582 
3 16 -12.621 1.94 -9.196 -8.797 4.285 -12.882 -13.388 -0.912 -11.082 
3 16 -8.797 4.285 -12.882 -9.08 2.611 -13.947 -13.388 -0.912 -11.082 
3 16 0 4.576 -16.406 -9.08 2.611 -13.947 0 6.245 -15.419 
3 16 0 6.245 -15.419 -9.08 2.611 -13.947 -8.797 4.285 -12.882 
3 16 -12.691 2.134 -1.023 -11.066 2.986 -7.252 -15.595 0.075 -4.024 
3 16 -15.595 0.075 -4.024 -11.066 2.986 -7.252 -12.621 1.94 -9.196 
3 16 -7.754 4.829 -11.658 -11.066 2.986 -7.252 -4.587 -3.161 -8.968 
3 16 -11.066 2.986 -7.252 -7.945 -3.161 -5.61 -4.587 -3.161 -8.968 
3 16 15.386 21.639 11.032 14.045 22.121 12.664 21.467 13.16 13.112 
3 16 14.045 22.121 12.664 20.103 12.55 15.289 21.467 13.16 13.112 
3 16 15.595 0.075 -4.024 12.691 2.134 -1.023 16.434 0.483 2.844 
3 16 12.691 2.134 -1.023 11.986 3.174 2.927 16.434 0.483 2.844 
3 16 9.08 2.611 -13.947 7.976 0.513 -14.82 0 4.576 -16.406 
3 16 7.976 0.513 -14.82 0 2.458 -16.85 0 4.576 -16.406 
3 16 0 6.245 -15.419 0 6.517 -14.521 8.797 4.285 -12.882 
3 16 0 6.517 -14.521 7.754 4.829 -11.658 8.797 4.285 -12.882 
3 16 7.222 -4.682 13.704 0 -5.464 13.809 7.092 -9.191 5.495 
3 16 7.092 -9.191 5.495 0 -5.464 13.809 0 -10.114 5.571 
3 16 18.609 -4.457 -4.582 18.245 -6.325 -4.691 13.388 -0.912 -11.082 
3 16 18.245 -6.325 -4.691 12.785 -2.673 -11.825 13.388 -0.912 -11.082 
3 16 22.355 -1.83 11.048 21.424 -3.99 12.946 21.491 -4.899 4.436 
3 16 21.491 -4.899 4.436 21.424 -3.99 12.946 21.296 -6.941 5.177 
3 16 5.698 18.791 9.454 11.466 20.083 9.985 6.828 13.997 9.129 
3 16 11.466 20.083 9.985 13.725 14.344 10.147 6.828 13.997 9.129 
3 16 8.863 9.154 7.87 14.908 7.724 9.285 10.454 6.007 6.276 
3 16 10.454 6.007 6.276 14.908 7.724 9.285 15.879 3.417 7.593 
3 16 14.908 7.724 9.285 8.863 9.154 7.87 13.725 14.344 10.147 
3 16 6.828 13.997 9.129 13.725 14.344 10.147 8.863 9.154 7.87 
3 16 13.857 -6.991 4.876 21.296 -6.941 5.177 14.194 -3.665 12.522 
3 16 21.424 -3.99 12.946 14.194 -3.665 12.522 21.296 -6.941 5.177 
3 16 11.831 12.717 15.339 20.103 12.55 15.289 8.012 21.309 13.318 
3 16 8.012 21.309 13.318 20.103 12.55 15.289 14.045 22.121 12.664 
3 16 7.976 0.513 -14.82 5.479 -1.328 -14.185 0 2.458 -16.85 
3 16 5.479 -1.328 -14.185 0 -0.548 -15.635 0 2.458 -16.85 
3 16 18.245 -6.325 -4.691 11.974 -6.179 -4.342 12.785 -2.673 -11.825 
3 16 8.598 -3.259 -11.27 12.785 -2.673 -11.825 11.974 -6.179 -4.342 
3 16 5.947 -8.754 -4.291 0 -10.015 -4.102 4.227 -5.078 -11.452 
3 16 0 -10.015 -4.102 0 -5.878 -11.65 4.227 -5.078 -11.452 
3 16 8.863 9.154 7.87 0 9.04 11.318 6.828 13.997 9.129 
3 16 6.828 13.997 9.129 0 9.04 11.318 0 12.44 11.146 
3 16 0 6.517 -14.521 0 -3.161 -10.197 7.754 4.829 -11.658 
3 16 7.754 4.829 -11.658 0 -3.161 -10.197 4.587 -3.161 -8.968 
3 16 12.691 2.134 -1.023 12.07 2.134 2.899 11.986 3.174 2.927 
3 16 0 9.04 11.318 8.863 9.154 7.87 0 2.134 11.667 
3 16 0 2.134 11.667 8.863 9.154 7.87 7.46 2.134 9.243 
3 16 21.296 -6.941 5.177 13.857 -6.991 4.876 18.245 -6.325 -4.691 
3 16 11.974 -6.179 -4.342 18.245 -6.325 -4.691 13.857 -6.991 4.876 
3 16 11.974 -6.179 -4.342 5.947 -8.754 -4.291 8.598 -3.259 -11.27 
3 16 4.227 -5.078 -11.452 8.598 -3.259 -11.27 5.947 -8.754 -4.291 
3 16 14.194 -3.665 12.522 7.222 -4.682 13.704 13.857 -6.991 4.876 
3 16 13.857 -6.991 4.876 7.222 -4.682 13.704 7.092 -9.191 5.495 
3 16 5.479 -1.328 -14.185 2.819 -1.969 -14.447 0 -0.548 -15.635 
3 16 0 -0.548 -15.635 2.819 -1.969 -14.447 0 -2.156 -14.776 
3 16 0 12.592 15.983 5.861 12.69 15.762 -0.008 21.341 15.209 
3 16 3.905 21.418 14.541 -0.008 21.341 15.209 5.861 12.69 15.762 
3 16 5.861 12.69 15.762 11.831 12.717 15.339 3.905 21.418 14.541 
3 16 8.012 21.309 13.318 3.905 21.418 14.541 11.831 12.717 15.339 
3 16 21.272 3.11 15.888 22.593 3.969 13.345 20.103 12.55 15.289 
3 16 22.593 3.969 13.345 21.467 13.16 13.112 20.103 12.55 15.289 
3 16 20.103 12.55 15.289 11.831 12.717 15.339 21.272 3.11 15.888 
3 16 11.831 12.717 15.339 13.824 2.834 15.669 21.272 3.11 15.888 
3 16 6.868 2.582 16.393 13.824 2.834 15.669 5.861 12.69 15.762 
3 16 5.861 12.69 15.762 13.824 2.834 15.669 11.831 12.717 15.339 
3 16 0 2.325 16.616 6.868 2.582 16.393 0 12.592 15.983 
3 16 0 12.592 15.983 6.868 2.582 16.393 5.861 12.69 15.762 
3 16 6.868 2.582 16.393 0 2.325 16.616 7.222 -4.682 13.704 
3 16 0 2.325 16.616 0 -5.464 13.809 7.222 -4.682 13.704 
3 16 13.824 2.834 15.669 6.868 2.582 16.393 14.194 -3.665 12.522 
3 16 6.868 2.582 16.393 7.222 -4.682 13.704 14.194 -3.665 12.522 
3 16 14.194 -3.665 12.522 21.424 -3.99 12.946 13.824 2.834 15.669 
3 16 13.824 2.834 15.669 21.424 -3.99 12.946 21.272 3.11 15.888 
3 16 21.424 -3.99 12.946 22.355 -1.83 11.048 21.272 3.11 15.888 
3 16 22.355 -1.83 11.048 22.593 3.969 13.345 21.272 3.11 15.888 
3 16 21.491 -4.899 4.436 21.296 -6.941 5.177 18.609 -4.457 -4.582 
3 16 18.609 -4.457 -4.582 21.296 -6.941 5.177 18.245 -6.325 -4.691 
3 16 13.857 -6.991 4.876 7.092 -9.191 5.495 11.974 -6.179 -4.342 
3 16 11.974 -6.179 -4.342 7.092 -9.191 5.495 5.947 -8.754 -4.291 
3 16 7.092 -9.191 5.495 0 -10.114 5.571 5.947 -8.754 -4.291 
3 16 5.947 -8.754 -4.291 0 -10.114 5.571 0 -10.015 -4.102 
3 16 11.066 2.986 -7.252 7.945 -3.161 -5.61 12.691 2.134 -1.023 
3 16 7.945 -3.161 -5.61 9.174 -3.161 -1.023 12.691 2.134 -1.023 
3 16 11.066 2.986 -7.252 12.621 1.94 -9.196 7.754 4.829 -11.658 
3 16 8.797 4.285 -12.882 7.754 4.829 -11.658 12.621 1.94 -9.196 
3 16 7.976 0.513 -14.82 9.08 2.611 -13.947 12.785 -2.673 -11.825 
3 16 9.08 2.611 -13.947 13.388 -0.912 -11.082 12.785 -2.673 -11.825 
3 16 12.785 -2.673 -11.825 8.598 -3.259 -11.27 7.976 0.513 -14.82 
3 16 5.479 -1.328 -14.185 7.976 0.513 -14.82 8.598 -3.259 -11.27 
3 16 8.598 -3.259 -11.27 4.227 -5.078 -11.452 5.479 -1.328 -14.185 
3 16 2.819 -1.969 -14.447 5.479 -1.328 -14.185 4.227 -5.078 -11.452 
3 16 4.227 -5.078 -11.452 0 -5.878 -11.65 2.819 -1.969 -14.447 
3 16 2.819 -1.969 -14.447 0 -5.878 -11.65 0 -2.156 -14.776 
3 16 12.07 2.134 2.899 10.267 2.134 6.436 11.986 3.174 2.927 
3 16 10.267 2.134 6.436 10.454 6.007 6.276 11.986 3.174 2.927 
3 16 10.454 6.007 6.276 15.879 3.417 7.593 11.986 3.174 2.927 
3 16 16.434 0.483 2.844 11.986 3.174 2.927 15.879 3.417 7.593 
3 16 8.863 9.154 7.87 10.454 6.007 6.276 7.46 2.134 9.243 
3 16 10.267 2.134 6.436 7.46 2.134 9.243 10.454 6.007 6.276 
3 16 4.587 0.154 6.922 4.587 -3.161 6.922 7.945 -0.065 3.564 
3 16 7.945 -0.065 3.564 4.587 -3.161 6.922 7.945 -3.161 3.564 
3 16 4.587 -3.161 6.922 4.587 0.154 6.922 0 -3.161 8.151 
3 16 4.587 0.154 6.922 0 0.144 8.151 0 -3.161 8.151 
3 16 4.587 -0.813 -8.968 4.587 -3.161 -8.968 0 -0.841 -10.197 
3 16 0 -0.841 -10.197 4.587 -3.161 -8.968 0 -3.161 -10.197 
3 16 7.945 -0.534 -5.61 7.945 -3.161 -5.61 4.587 -0.813 -8.968 
3 16 4.587 -0.813 -8.968 7.945 -3.161 -5.61 4.587 -3.161 -8.968 
3 16 9.174 -0.318 -1.023 9.174 -3.161 -1.023 7.945 -0.534 -5.61 
3 16 7.945 -0.534 -5.61 9.174 -3.161 -1.023 7.945 -3.161 -5.61 
3 16 7.945 -0.065 3.564 7.945 -3.161 3.564 9.174 -0.318 -1.023 
3 16 9.174 -0.318 -1.023 7.945 -3.161 3.564 9.174 -3.161 -1.023 
3 16 7.945 -3.161 3.564 10.267 2.134 6.436 12.07 2.134 2.899 
3 16 7.945 -3.161 3.564 4.587 -3.161 6.922 10.267 2.134 6.436 
3 16 4.587 -3.161 6.922 7.46 2.134 9.243 10.267 2.134 6.436 
3 16 0 2.134 11.667 7.46 2.134 9.243 0 -3.161 8.151 
3 16 0 -3.161 8.151 7.46 2.134 9.243 4.587 -3.161 6.922 
3 16 7.945 -3.161 3.564 12.07 2.134 2.899 9.174 -3.161 -1.023 
3 16 9.174 -3.161 -1.023 12.07 2.134 2.899 12.691 2.134 -1.023 
3 16 6.828 13.997 9.129 0 12.44 11.146 5.698 18.791 9.454 
3 16 0 12.44 11.146 0 17.394 10.896 5.698 18.791 9.454 
3 16 21.467 13.16 13.112 13.725 14.344 10.147 15.386 21.639 11.032 
3 16 13.725 14.344 10.147 11.466 20.083 9.985 15.386 21.639 11.032 
3 16 22.593 3.969 13.345 14.908 7.724 9.285 21.467 13.16 13.112 
3 16 14.908 7.724 9.285 13.725 14.344 10.147 21.467 13.16 13.112 
3 16 14.908 7.724 9.285 22.593 3.969 13.345 15.879 3.417 7.593 
3 16 15.879 3.417 7.593 22.593 3.969 13.345 22.355 -1.83 11.048 
3 16 15.879 3.417 7.593 22.355 -1.83 11.048 16.434 0.483 2.844 
3 16 21.491 -4.899 4.436 16.434 0.483 2.844 22.355 -1.83 11.048 
3 16 18.609 -4.457 -4.582 15.595 0.075 -4.024 21.491 -4.899 4.436 
3 16 15.595 0.075 -4.024 16.434 0.483 2.844 21.491 -4.899 4.436 
3 16 13.388 -0.912 -11.082 12.621 1.94 -9.196 18.609 -4.457 -4.582 
3 16 15.595 0.075 -4.024 18.609 -4.457 -4.582 12.621 1.94 -9.196 
3 16 12.621 1.94 -9.196 13.388 -0.912 -11.082 8.797 4.285 -12.882 
3 16 8.797 4.285 -12.882 13.388 -0.912 -11.082 9.08 2.611 -13.947 
3 16 0 4.576 -16.406 0 6.245 -15.419 9.08 2.611 -13.947 
3 16 0 6.245 -15.419 8.797 4.285 -12.882 9.08 2.611 -13.947 
3 16 12.691 2.134 -1.023 15.595 0.075 -4.024 11.066 2.986 -7.252 
3 16 15.595 0.075 -4.024 12.621 1.94 -9.196 11.066 2.986 -7.252 
3 16 7.754 4.829 -11.658 4.587 -3.161 -8.968 11.066 2.986 -7.252 
3 16 11.066 2.986 -7.252 4.587 -3.161 -8.968 7.945 -3.161 -5.61 
2 24 1.334 37.311 11.79 2.968 34.008 11.579 
2 24 3.444 33.861 9.836 1.802 36.783 9.856 
2 24 13.456 37.745 11.441 7.13 24.735 13.652 
2 24 7.13 24.735 13.652 7.097 24.654 12.203 
2 24 7.097 24.654 12.203 8.492 27.115 11.644 
2 24 13.423 37.811 9.704 13.456 37.745 11.441 
2 24 8.492 27.115 11.644 8.574 27.197 9.704 
2 24 8.574 27.197 9.704 13.423 37.811 9.704 
2 24 5.679 40.005 9.713 4.661 38.752 9.717 
2 24 4.661 38.752 9.717 4.872 38.872 11.815 
2 24 12.001 39.279 11.81 13.456 37.745 11.441 
2 24 13.423 37.811 9.704 12.047 39.256 9.857 
2 24 15.386 21.639 11.032 8.574 27.197 9.704 
2 24 8.492 27.115 11.644 14.045 22.121 12.664 
2 24 7.097 24.654 12.203 6.53 24.581 12.379 
2 24 5.698 18.791 9.454 3.666 27.095 9.71 
2 24 3.666 27.095 9.71 2.014 33.759 9.704 
2 24 3.444 33.861 9.836 5.229 30.939 9.959 
2 24 12.047 39.256 9.857 10.363 44.014 9.872 
2 24 10.415 43.881 11.522 12.001 39.279 11.81 
2 24 6.819 47.407 11.384 10.415 43.881 11.522 
2 24 10.363 44.014 9.872 6.923 47.617 9.699 
2 24 -3.073 45.348 11.441 1.397 48.247 11.357 
2 24 1.112 48.265 9.672 -2.951 45.931 9.704 
2 24 -2.951 45.931 9.704 -4.421 40.676 9.704 
2 24 -4.117 40.471 11.185 -3.073 45.348 11.441 
2 24 -5.123 32.922 9.704 -7.93 27.788 9.895 
2 24 -7.429 27.839 11.323 -4.641 32.886 10.945 
2 24 -4.641 32.886 10.945 -4.175 37.02 11.062 
2 24 -4.591 37.1 9.732 -5.123 32.922 9.704 
2 24 7.465 40.398 14.008 8.867 40.347 14.891 
2 24 6.468 40.316 12.787 5.693 41.789 12.787 
2 24 5.679 40.005 9.713 6.468 40.316 12.787 
2 24 5.1 41.304 9.704 5.679 40.005 9.713 
2 24 -7.93 27.788 9.895 -15.396 21.614 11.021 
2 24 -14.045 22.121 12.664 -7.429 27.839 11.323 
2 24 5.977 26.836 12.007 5.517 30.206 11.436 
2 24 -2.014 33.759 9.704 -3.74 27.094 9.699 
2 24 6.53 24.581 12.379 5.977 26.836 12.007 
2 24 2.715 42.908 12.526 1.511 42.156 12.331 
2 24 1.762 41.576 9.75 2.456 42.178 9.704 
2 24 1.762 41.576 9.75 1.201 39.841 9.704 
2 24 8.867 40.347 14.891 10.795 39.78 13.843 
2 24 6.468 40.316 12.787 7.465 40.398 14.008 
2 24 2.014 33.759 9.704 -0.021 36.328 9.704 
2 24 -0.021 36.328 9.704 -2.014 33.759 9.704 
2 24 10.795 39.78 13.843 12.001 39.279 11.81 
2 24 -4.117 40.471 11.185 -4.175 37.02 11.062 
2 24 0.84 40.187 12.059 1.334 37.311 11.79 
2 24 1.802 36.783 9.856 1.201 39.841 9.704 
2 24 5.1 41.304 9.704 3.867 42.335 9.704 
2 24 5.693 41.789 12.787 4.283 42.861 12.712 
2 24 6.819 47.407 11.384 1.397 48.247 11.357 
2 24 6.923 47.617 9.699 1.112 48.265 9.672 
2 24 3.867 42.335 9.704 2.456 42.178 9.704 
2 24 4.283 42.861 12.712 2.715 42.908 12.526 
2 24 6.53 24.581 12.379 6.668 24.815 13.899 
2 24 6.668 24.815 13.899 4.872 38.872 11.815 
2 24 -5.698 18.791 9.454 -3.74 27.094 9.699 
2 24 -4.421 40.676 9.704 -4.591 37.1 9.732 
2 24 1.511 42.156 12.331 0.84 40.187 12.059 
2 24 4.872 38.872 11.815 8.386 38.461 16.594 
2 24 6.668 24.815 13.899 8.386 38.461 16.594 
2 24 5.229 30.939 9.959 4.661 38.752 9.717 
2 24 8.386 38.461 16.594 13.456 37.745 11.441 
2 24 6.668 24.815 13.899 7.13 24.735 13.652 
2 24 5.229 30.939 9.959 5.517 30.206 11.436 
2 24 2.968 34.008 11.579 5.517 30.206 11.436 
2 24 -15.396 21.614 11.021 -21.467 13.16 13.112 
2 24 -20.103 12.55 15.289 -14.045 22.121 12.664 
2 24 -11.986 3.174 2.927 -12.691 2.134 -1.023 
2 24 -9.08 2.611 -13.947 0 4.576 -16.406 
2 24 0 2.458 -16.85 -7.976 0.513 -14.82 
2 24 -7.754 4.829 -11.658 0 6.517 -14.521 
2 24 -18.609 -4.457 -4.582 -13.388 -0.912 -11.082 
2 24 -12.785 -2.673 -11.825 -18.245 -6.325 -4.691 
2 24 -22.355 -1.83 11.048 -21.491 -4.899 4.436 
2 24 -21.296 -6.941 5.177 -21.424 -3.99 12.946 
2 24 -5.698 18.791 9.454 -6.828 13.997 9.129 
2 24 -8.863 9.154 7.87 -10.454 6.007 6.276 
2 24 -6.828 13.997 9.129 -8.863 9.154 7.87 
2 24 -4.587 -3.161 -8.968 0 -3.161 -10.197 
2 24 -12.07 2.134 2.899 -12.691 2.134 -1.023 
2 24 0 2.134 11.667 -7.46 2.134 9.243 
2 24 -21.296 -6.941 5.177 -18.245 -6.325 -4.691 
2 24 -21.272 3.11 15.888 -20.103 12.55 15.289 
2 24 -21.467 13.16 13.112 -22.593 3.969 13.345 
2 24 -21.272 3.11 15.888 -21.424 -3.99 12.946 
2 24 -22.593 3.969 13.345 -22.355 -1.83 11.048 
2 24 -21.491 -4.899 4.436 -18.609 -4.457 -4.582 
2 24 -11.066 2.986 -7.252 -12.691 2.134 -1.023 
2 24 -9.174 -3.161 -1.023 -7.945 -3.161 -5.61 
2 24 -11.066 2.986 -7.252 -7.754 4.829 -11.658 
2 24 -7.976 0.513 -14.82 -12.785 -2.673 -11.825 
2 24 -13.388 -0.912 -11.082 -9.08 2.611 -13.947 
2 24 -10.267 2.134 6.436 -12.07 2.134 2.899 
2 24 -11.986 3.174 2.927 -10.454 6.007 6.276 
2 24 -7.46 2.134 9.243 -10.267 2.134 6.436 
2 24 -7.945 -3.161 3.564 -4.587 -3.161 6.922 
2 24 -4.587 0.154 6.922 -7.945 -0.065 3.564 
2 24 0 0.144 8.151 -4.587 0.154 6.922 
2 24 -4.587 -3.161 6.922 0 -3.161 8.151 
2 24 -4.587 -0.813 -8.968 0 -0.841 -10.197 
2 24 -4.587 -3.161 -8.968 -7.945 -3.161 -5.61 
2 24 -7.945 -0.534 -5.61 -4.587 -0.813 -8.968 
2 24 -9.174 -0.318 -1.023 -7.945 -0.534 -5.61 
2 24 -9.174 -3.161 -1.023 -7.945 -3.161 3.564 
2 24 -7.945 -0.065 3.564 -9.174 -0.318 -1.023 
2 24 21.467 13.16 13.112 15.386 21.639 11.032 
2 24 14.045 22.121 12.664 20.103 12.55 15.289 
2 24 12.691 2.134 -1.023 11.986 3.174 2.927 
2 24 0 4.576 -16.406 9.08 2.611 -13.947 
2 24 7.976 0.513 -14.82 0 2.458 -16.85 
2 24 0 6.517 -14.521 7.754 4.829 -11.658 
2 24 13.388 -0.912 -11.082 18.609 -4.457 -4.582 
2 24 18.245 -6.325 -4.691 12.785 -2.673 -11.825 
2 24 21.491 -4.899 4.436 22.355 -1.83 11.048 
2 24 21.424 -3.99 12.946 21.296 -6.941 5.177 
2 24 6.828 13.997 9.129 5.698 18.791 9.454 
2 24 10.454 6.007 6.276 8.863 9.154 7.87 
2 24 8.863 9.154 7.87 6.828 13.997 9.129 
2 24 0 -3.161 -10.197 4.587 -3.161 -8.968 
2 24 12.691 2.134 -1.023 12.07 2.134 2.899 
2 24 7.46 2.134 9.243 0 2.134 11.667 
2 24 18.245 -6.325 -4.691 21.296 -6.941 5.177 
2 24 20.103 12.55 15.289 21.272 3.11 15.888 
2 24 22.593 3.969 13.345 21.467 13.16 13.112 
2 24 21.424 -3.99 12.946 21.272 3.11 15.888 
2 24 22.355 -1.83 11.048 22.593 3.969 13.345 
2 24 18.609 -4.457 -4.582 21.491 -4.899 4.436 
2 24 12.691 2.134 -1.023 11.066 2.986 -7.252 
2 24 7.945 -3.161 -5.61 9.174 -3.161 -1.023 
2 24 7.754 4.829 -11.658 11.066 2.986 -7.252 
2 24 12.785 -2.673 -11.825 7.976 0.513 -14.82 
2 24 9.08 2.611 -13.947 13.388 -0.912 -11.082 
2 24 12.07 2.134 2.899 10.267 2.134 6.436 
2 24 10.454 6.007 6.276 11.986 3.174 2.927 
2 24 10.267 2.134 6.436 7.46 2.134 9.243 
2 24 7.945 -0.065 3.564 4.587 0.154 6.922 
2 24 4.587 -3.161 6.922 7.945 -3.161 3.564 
2 24 0 -3.161 8.151 4.587 -3.161 6.922 
2 24 4.587 0.154 6.922 0 0.144 8.151 
2 24 0 -0.841 -10.197 4.587 -0.813 -8.968 
2 24 4.587 -0.813 -8.968 7.945 -0.534 -5.61 
2 24 7.945 -3.161 -5.61 4.587 -3.161 -8.968 
2 24 7.945 -0.534 -5.61 9.174 -0.318 -1.023 
2 24 9.174 -0.318 -1.023 7.945 -0.065 3.564 
2 24 7.945 -3.161 3.564 9.174 -3.161 -1.023 

0 // Stud4
3 16 -3.15 0.032 4.433 -5.455 -0.134 2.127 -4.587 0.154 6.922 
3 16 -4.587 0.154 6.922 -5.455 -0.134 2.127 -7.945 -0.065 3.564 
3 16 -4.587 0.154 6.922 0 0.144 8.151 -3.15 0.032 4.433 
3 16 -3.15 0.032 4.433 0 0.144 8.151 0 0.104 5.277 
3 16 0 -0.841 -10.197 -4.587 -0.813 -8.968 0 -0.686 -7.353 
3 16 0 -0.686 -7.353 -4.587 -0.813 -8.968 -3.15 -0.552 -6.478 
3 16 -5.455 -0.511 -4.172 -3.15 -0.552 -6.478 -7.945 -0.534 -5.61 
3 16 -7.945 -0.534 -5.61 -3.15 -0.552 -6.478 -4.587 -0.813 -8.968 
3 16 -6.299 -0.275 -1.023 -5.455 -0.511 -4.172 -9.174 -0.318 -1.023 
3 16 -9.174 -0.318 -1.023 -5.455 -0.511 -4.172 -7.945 -0.534 -5.61 
3 16 -5.455 -0.134 2.127 -6.299 -0.275 -1.023 -7.945 -0.065 3.564 
3 16 -7.945 -0.065 3.564 -6.299 -0.275 -1.023 -9.174 -0.318 -1.023 
3 16 -5.455 -0.134 2.127 -3.15 0.032 4.433 -5.232 -5.425 2.392 
3 16 -5.232 -5.425 2.392 -3.15 0.032 4.433 -3.021 -5.26 4.604 
3 16 -3.15 0.032 4.433 0 0.104 5.277 -3.021 -5.26 4.604 
3 16 -3.021 -5.26 4.604 0 0.104 5.277 0 -5.191 5.413 
3 16 -5.232 -5.8 -3.649 -3.021 -5.827 -5.861 -5.455 -0.511 -4.172 
3 16 -3.021 -5.827 -5.861 -3.15 -0.552 -6.478 -5.455 -0.511 -4.172 
3 16 -5.455 -0.511 -4.172 -6.299 -0.275 -1.023 -5.232 -5.8 -3.649 
3 16 -5.232 -5.8 -3.649 -6.299 -0.275 -1.023 -6.042 -5.558 -0.629 
3 16 -5.232 -5.425 2.392 -6.042 -5.558 -0.629 -5.455 -0.134 2.127 
3 16 -6.042 -5.558 -0.629 -6.299 -0.275 -1.023 -5.455 -0.134 2.127 
3 16 0 -0.686 -7.353 -3.15 -0.552 -6.478 0 -5.935 -6.67 
3 16 0 -5.935 -6.67 -3.15 -0.552 -6.478 -3.021 -5.827 -5.861 
3 16 -3.021 -5.26 4.604 0 -5.191 5.413 -3.021 -5.827 -5.861 
3 16 -3.021 -5.827 -5.861 0 -5.191 5.413 0 -5.935 -6.67 
3 16 -3.021 -5.827 -5.861 -5.232 -5.8 -3.649 -3.021 -5.26 4.604 
3 16 -5.232 -5.8 -3.649 -5.232 -5.425 2.392 -3.021 -5.26 4.604 
3 16 -6.042 -5.558 -0.629 -5.232 -5.425 2.392 -5.232 -5.8 -3.649 
3 16 3.15 0.032 4.433 4.587 0.154 6.922 5.455 -0.134 2.127 
3 16 4.587 0.154 6.922 7.945 -0.065 3.564 5.455 -0.134 2.127 
3 16 4.587 0.154 6.922 3.15 0.032 4.433 0 0.144 8.151 
3 16 3.15 0.032 4.433 0 0.104 5.277 0 0.144 8.151 
3 16 0 -0.841 -10.197 0 -0.686 -7.353 4.587 -0.813 -8.968 
3 16 0 -0.686 -7.353 3.15 -0.552 -6.478 4.587 -0.813 -8.968 
3 16 5.455 -0.511 -4.172 7.945 -0.534 -5.61 3.15 -0.552 -6.478 
3 16 7.945 -0.534 -5.61 4.587 -0.813 -8.968 3.15 -0.552 -6.478 
3 16 6.299 -0.275 -1.023 9.174 -0.318 -1.023 5.455 -0.511 -4.172 
3 16 9.174 -0.318 -1.023 7.945 -0.534 -5.61 5.455 -0.511 -4.172 
3 16 5.455 -0.134 2.127 7.945 -0.065 3.564 6.299 -0.275 -1.023 
3 16 7.945 -0.065 3.564 9.174 -0.318 -1.023 6.299 -0.275 -1.023 
3 16 3.021 -5.26 4.604 3.15 0.032 4.433 5.232 -5.425 2.392 
3 16 3.15 0.032 4.433 5.455 -0.134 2.127 5.232 -5.425 2.392 
3 16 0 -5.191 5.413 0 0.104 5.277 3.021 -5.26 4.604 
3 16 0 0.104 5.277 3.15 0.032 4.433 3.021 -5.26 4.604 
3 16 3.15 -0.552 -6.478 3.021 -5.827 -5.861 5.455 -0.511 -4.172 
3 16 5.455 -0.511 -4.172 3.021 -5.827 -5.861 5.232 -5.8 -3.649 
3 16 6.042 -5.558 -0.629 6.299 -0.275 -1.023 5.232 -5.8 -3.649 
3 16 6.299 -0.275 -1.023 5.455 -0.511 -4.172 5.232 -5.8 -3.649 
3 16 6.299 -0.275 -1.023 6.042 -5.558 -0.629 5.455 -0.134 2.127 
3 16 5.455 -0.134 2.127 6.042 -5.558 -0.629 5.232 -5.425 2.392 
3 16 3.021 -5.827 -5.861 3.15 -0.552 -6.478 0 -5.935 -6.67 
3 16 3.15 -0.552 -6.478 0 -0.686 -7.353 0 -5.935 -6.67 
3 16 0 -5.191 5.413 3.021 -5.26 4.604 0 -5.935 -6.67 
3 16 3.021 -5.26 4.604 3.021 -5.827 -5.861 0 -5.935 -6.67 
3 16 5.232 -5.8 -3.649 3.021 -5.827 -5.861 5.232 -5.425 2.392 
3 16 5.232 -5.425 2.392 3.021 -5.827 -5.861 3.021 -5.26 4.604 
3 16 6.042 -5.558 -0.629 5.232 -5.8 -3.649 5.232 -5.425 2.392 
2 24 -3.15 0.032 4.433 -5.455 -0.134 2.127 
2 24 -7.945 -0.065 3.564 -4.587 0.154 6.922 
2 24 -4.587 0.154 6.922 0 0.144 8.151 
2 24 0 0.104 5.277 -3.15 0.032 4.433 
2 24 0 -0.841 -10.197 -4.587 -0.813 -8.968 
2 24 -3.15 -0.552 -6.478 0 -0.686 -7.353 
2 24 -5.455 -0.511 -4.172 -3.15 -0.552 -6.478 
2 24 -4.587 -0.813 -8.968 -7.945 -0.534 -5.61 
2 24 -6.299 -0.275 -1.023 -5.455 -0.511 -4.172 
2 24 -7.945 -0.534 -5.61 -9.174 -0.318 -1.023 
2 24 -5.455 -0.134 2.127 -6.299 -0.275 -1.023 
2 24 -9.174 -0.318 -1.023 -7.945 -0.065 3.564 
2 24 -3.021 -5.26 4.604 -5.232 -5.425 2.392 
2 24 0 -5.191 5.413 -3.021 -5.26 4.604 
2 24 -5.232 -5.8 -3.649 -3.021 -5.827 -5.861 
2 24 -6.042 -5.558 -0.629 -5.232 -5.8 -3.649 
2 24 -5.232 -5.425 2.392 -6.042 -5.558 -0.629 
2 24 -3.021 -5.827 -5.861 0 -5.935 -6.67 
2 24 5.455 -0.134 2.127 3.15 0.032 4.433 
2 24 4.587 0.154 6.922 7.945 -0.065 3.564 
2 24 0 0.144 8.151 4.587 0.154 6.922 
2 24 3.15 0.032 4.433 0 0.104 5.277 
2 24 4.587 -0.813 -8.968 0 -0.841 -10.197 
2 24 0 -0.686 -7.353 3.15 -0.552 -6.478 
2 24 3.15 -0.552 -6.478 5.455 -0.511 -4.172 
2 24 7.945 -0.534 -5.61 4.587 -0.813 -8.968 
2 24 5.455 -0.511 -4.172 6.299 -0.275 -1.023 
2 24 9.174 -0.318 -1.023 7.945 -0.534 -5.61 
2 24 6.299 -0.275 -1.023 5.455 -0.134 2.127 
2 24 7.945 -0.065 3.564 9.174 -0.318 -1.023 
2 24 5.232 -5.425 2.392 3.021 -5.26 4.604 
2 24 3.021 -5.26 4.604 0 -5.191 5.413 
2 24 3.021 -5.827 -5.861 5.232 -5.8 -3.649 
2 24 5.232 -5.8 -3.649 6.042 -5.558 -0.629 
2 24 6.042 -5.558 -0.629 5.232 -5.425 2.392 
2 24 0 -5.935 -6.67 3.021 -5.827 -5.861 

