0 Tool Belt 17M, Little Segment
0 Name: 98567b.dat
0 Author: J.C. Tchang [tchang]
0 !LDRAW_ORG Unofficial_Part
0 !LICENSE Redistributable under CCAL version 2.0 : see CAreadme.txt

0 BFC CERTIFY CCW

0 !CATEGORY Hose

0 !HISTORY 2014-06-03 [tchang] New part for LSynth
0 !HISTORY 2014-10-10 [tchang] Cleanup

1 16 0 0 9 3.5 0 0 0 0 3.5 0 -1 0 4-4disc.dat
1 16 0 0 9 2.47487 0 2.47487 -2.47487 0 2.47487 0 -1 0 1-4edge.dat
2 24 2.475 2.475 9 2 2.792 9
2 24 2.475 -2.475 9 2 -2.792 9
1 16 0 0 9 -2.47487 0 -2.47487 2.47487 0 -2.47487 0 -1 0 1-4edge.dat
2 24 -2.475 -2.475 9 -2 -2.792 9
2 24 -2.475 2.475 9 -2 2.792 9
1 16 0 0 9 3.5 0 0 0 0 3.5 0 -4 0 4-4cyli.dat

1 16 0 0 -9 3.5 0 0 0 0 -3.5 0 1 0 4-4disc.dat
1 16 0 0 -9 2.47487 0 2.47487 2.47487 0 -2.47487 0 1 0 1-4edge.dat
2 24 2.475 -2.475 -9 2 -2.792 -9
2 24 2.475 2.475 -9 2 2.792 -9
1 16 0 0 -9 -2.47487 0 -2.47487 -2.47487 0 2.47487 0 1 0 1-4edge.dat
2 24 -2.475 2.475 -9 -2 2.792 -9
2 24 -2.475 -2.475 -9 -2 -2.792 -9
1 16 0 0 -9 3.5 0 0 0 0 -3.5 0 4 0 4-4cyli.dat

1 16 0 2.792 7 0 0 2 0 3.208 0 -2 0 0 box3u5p.dat
4 16 2 6 9 -2 6 9 0 3.5 9 1.339 3.234 9
3 16 2 2.792 9 2 6 9 1.339 3.234 9
3 16 -2 2.792 9 -1.339 3.234 9 -2 6 9
3 16 -1.339 3.234 9 0 3.5 9 -2 6 9

1 16 0 -2.792 7 0 0 -2 0 -3.208 0 -2 0 0 box3u5p.dat
4 16 -2 -6 9 2 -6 9 0 -3.5 9 -1.339 -3.234 9
3 16 -2 -6 9 -1.339 -3.234 9 -2 -2.792 9
3 16 1.339 -3.234 9 2 -6 9 2 -2.792 9
3 16 0 -3.5 9 2 -6 9 1.339 -3.234 9

1 16 0 -2.792 -7 0 0 2 0 -3.208 0 2 0 0 box3u5p.dat
4 16 2 -6 -9 -2 -6 -9 0 -3.5 -9 1.339 -3.234 -9
3 16 1.339 -3.234 -9 2 -2.792 -9 2 -6 -9
3 16 -2 -6 -9 -2 -2.792 -9 -1.339 -3.234 -9
3 16 -2 -6 -9 -1.339 -3.234 -9 0 -3.5 -9

1 16 0 2.792 -7 0 0 -2 0 3.208 0 2 0 0 box3u5p.dat
4 16 -2 6 -9 2 6 -9 0 3.5 -9 -1.339 3.234 -9
3 16 -2 2.792 -9 -2 6 -9 -1.339 3.234 -9
3 16 2 2.792 -9 1.339 3.234 -9 2 6 -9
3 16 1.339 3.234 -9 0 3.5 -9 2 6 -9

1 16 0 0 5 0.7 0 0 0 0 0.7 0 -1 0 4-4ring5.dat
1 16 0 0 -5 0.7 0 0 0 0 -0.7 0 1 0 4-4ring5.dat
1 16 0 0 5 2.47487 0 2.47487 -2.47487 0 2.47487 0 -1 0 1-4edge.dat
2 24 2.475 2.475 5 2 2.792 5
2 24 2.475 -2.475 5 2 -2.792 5
1 16 0 0 5 -2.47487 0 -2.47487 2.47487 0 -2.47487 0 -1 0 1-4edge.dat
2 24 -2.475 -2.475 5 -2 -2.792 5
2 24 -2.475 2.475 5 -2 2.792 5
1 16 0 0 -5 2.47487 0 2.47487 -2.47487 0 2.47487 0 -1 0 1-4edge.dat
2 24 2.475 2.475 -5 2 2.792 -5
2 24 2.475 -2.475 -5 2 -2.792 -5
1 16 0 0 -5 -2.47487 0 -2.47487 2.47487 0 -2.47487 0 -1 0 1-4edge.dat
2 24 -2.475 -2.475 -5 -2 -2.792 -5
2 24 -2.475 2.475 -5 -2 2.792 -5

1 16 0 0 5 4.2 0 0 0 0 4.2 0 -10 0 4-4cyli.dat
1 16 0 0 5 2.96985 0 2.96985 -2.96985 0 2.96985 0 -1 0 1-4edge.dat
2 24 2.75 3.117 5 2.97 2.97 5
2 24 2.75 -3.117 5 2.97 -2.97 5
1 16 0 0 5 -2.96985 0 -2.96985 2.96985 0 -2.96985 0 -1 0 1-4edge.dat
2 24 -2.75 -3.117 5 -2.97 -2.97 5
2 24 -2.75 3.117 5 -2.97 2.97 5
1 16 0 0 -5 2.96985 0 2.96985 2.96985 0 -2.96985 0 1 0 1-4edge.dat
2 24 2.75 -3.117 -5 2.97 -2.97 -5
2 24 2.75 3.117 -5 2.97 2.97 -5
1 16 0 0 -5 -2.96985 0 -2.96985 -2.96985 0 2.96985 0 1 0 1-4edge.dat
2 24 -2.75 3.117 -5 -2.97 2.97 -5
2 24 -2.75 -3.117 -5 -2.97 -2.97 -5

1 16 0 3.117 0 0 0 2.75 0 2.883 0 -5 0 0 box3u4p.dat
1 16 0 -3.117 0 0 0 -2.75 0 -2.883 0 -5 0 0 box3u4p.dat
2 24 2 6 5 2 2.792 5
2 24 2 6 5 2.75 6 5
4 16 2 3.618 5 2.75 3.117 5 2.75 6 5 2 6 5
2 24 2 -6 5 2 -2.792 5
2 24 2 -6 5 2.75 -6 5
4 16 2 -6 5 2.75 -6 5 2.75 -3.117 5 2 -3.618 5
2 24 -2 -6 5 -2 -2.792 5
2 24 -2 -6 5 -2.75 -6 5
4 16 -2 -3.618 5 -2.75 -3.117 5 -2.75 -6 5 -2 -6 5
2 24 -2 6 5 -2 2.792 5
2 24 -2 6 5 -2.75 6 5
4 16 -2 6 5 -2.75 6 5 -2.75 3.117 5 -2 3.618 5
2 24 2 -6 -5 2 -2.792 -5
2 24 2 -6 -5 2.75 -6 -5
4 16 2 -3.618 -5 2.75 -3.117 -5 2.75 -6 -5 2 -6 -5
2 24 2 6 -5 2 2.792 -5
2 24 2 6 -5 2.75 6 -5
4 16 2 6 -5 2.75 6 -5 2.75 3.117 -5 2 3.618 -5
2 24 -2 6 -5 -2 2.792 -5
2 24 -2 6 -5 -2.75 6 -5
4 16 -2 3.618 -5 -2.75 3.117 -5 -2.75 6 -5 -2 6 -5
2 24 -2 -6 -5 -2 -2.792 -5
2 24 -2 -6 -5 -2.75 -6 -5
4 16 -2 -6 -5 -2.75 -6 -5 -2.75 -3.117 -5 -2 -3.618 -5

1 16 0 6 0 0 0 1.5 0 4 0 -5 0 0 box4o4a.dat
1 16 0 -6 0 0 0 -1.5 0 -4 0 -5 0 0 box4o4a.dat
