0 Hi-Res Technic Pin 1.0 with Base Collar and Notches
0 Name: 48\connect6.dat
0 Author: BLStudio
0 !LICENSE Redistributable under CCAL version 2.0 : see CAreadme.txt
0 BFC CERTIFY CCW
0 BFC INVERTNEXT
1 16 5.801000 -11.000000 0.000000 0.000000 0.199000 0.000000 0.000000 0.000000 1.000000 -1.000000 0.000000 0.000000 1-4cyls.dat
0 BFC INVERTNEXT
1 16 5.801000 -11.000000 0.000000 0.000000 0.199000 0.000000 0.000000 0.000000 1.000000 1.000000 0.000000 0.000000 1-4cyls.dat
1 16 6.000000 -11.000000 0.000000 0.000000 -1.000000 -0.199000 1.000000 0.000000 0.000000 0.000000 0.000000 1.000000 1-4edge.dat
1 16 6.000000 -11.000000 0.000000 0.000000 1.000000 -0.199000 1.000000 0.000000 0.000000 0.000000 0.000000 -1.000000 1-4edge.dat
1 16 6.000000 -11.000000 0.000000 0.000000 -1.000000 -0.199000 1.000000 0.000000 0.000000 0.000000 0.000000 -1.000000 1-4ndis.dat
1 16 6.000000 -11.000000 0.000000 0.000000 -1.000000 -0.199000 1.000000 0.000000 0.000000 0.000000 0.000000 1.000000 1-4ndis.dat
0 BFC INVERTNEXT
1 16 -5.801000 -11.000000 0.000000 0.000000 -0.199000 0.000000 0.000000 0.000000 1.000000 1.000000 0.000000 0.000000 1-4cyls.dat
0 BFC INVERTNEXT
1 16 -5.801000 -11.000000 0.000000 0.000000 -0.199000 0.000000 0.000000 0.000000 1.000000 -1.000000 0.000000 0.000000 1-4cyls.dat
1 16 -6.000000 -11.000000 0.000000 0.000000 1.000000 0.199000 1.000000 0.000000 0.000000 0.000000 0.000000 -1.000000 1-4edge.dat
1 16 -6.000000 -11.000000 0.000000 0.000000 -1.000000 0.199000 1.000000 0.000000 0.000000 0.000000 0.000000 1.000000 1-4edge.dat
1 16 -6.000000 -11.000000 0.000000 0.000000 1.000000 0.199000 1.000000 0.000000 0.000000 0.000000 0.000000 1.000000 1-4ndis.dat
1 16 -6.000000 -11.000000 0.000000 0.000000 1.000000 0.199000 1.000000 0.000000 0.000000 0.000000 0.000000 -1.000000 1-4ndis.dat
0 BFC INVERTNEXT
1 16 5.801000 -11.000000 0.000000 0.000000 -11.602000 0.000000 0.000000 0.000000 1.000000 1.000000 0.000000 0.000000 2-4cyli.dat
4 16 5.8010 -11.0000 1.0000 5.5690 -18.0000 2.1670 -5.5690 -18.0000 2.1670 -5.8010 -11.0000 1.0000
4 16 -5.5690 -18.0000 -2.1670 5.5690 -18.0000 -2.1670 5.8010 -11.0000 -1.0000 -5.8010 -11.0000 -1.0000
4 16 6.0690 -18.0000 2.1670 6.0050 -19.9280 2.4880 -6.0050 -19.9280 2.4880 -6.0690 -18.0000 2.1670
4 16 -6.0050 -19.9280 -2.4880 6.0050 -19.9280 -2.4880 6.0690 -18.0000 -2.1670 -6.0690 -18.0000 -2.1670
4 16 6.0050 -19.9280 2.4880 5.9970 -20.0000 2.5000 -5.9970 -20.0000 2.5000 -6.0050 -19.9280 2.4880
4 16 -5.9970 -20.0000 -2.5000 5.9970 -20.0000 -2.5000 6.0050 -19.9280 -2.4880 -6.0050 -19.9280 -2.4880
2 24 5.5690 -18.0000 2.1670 5.5430 -18.0000 2.2960
2 24 -5.5430 -18.0000 2.2960 -5.5690 -18.0000 2.1670
2 24 -5.5690 -18.0000 -2.1670 -5.5430 -18.0000 -2.2960
2 24 5.5430 -18.0000 -2.2960 5.5690 -18.0000 -2.1670
2 24 6.0690 -18.0000 2.1670 6.0050 -18.0000 2.4880
2 24 -6.0050 -18.0000 2.4880 -6.0690 -18.0000 2.1670
2 24 -6.0690 -18.0000 -2.1670 -6.0050 -18.0000 -2.4880
2 24 6.0050 -18.0000 -2.4880 6.0690 -18.0000 -2.1670
2 24 -5.9970 -20.0000 2.5000 5.9970 -20.0000 2.5000
2 24 5.9970 -20.0000 -2.5000 -5.9970 -20.0000 -2.5000
4 16 -5.5430 -10.0000 2.2960 -5.8010 -11.0000 1.0000 -5.5690 -18.0000 2.1670 -5.5430 -18.0000 2.2960
4 16 -5.8010 -11.0000 -1.0000 -5.5430 -10.0000 -2.2960 -5.5430 -18.0000 -2.2960 -5.5690 -18.0000 -2.1670
3 16 -5.5430 -10.0000 2.2960 -5.8010 -10.0000 1.0000 -5.8010 -11.0000 1.0000
3 16 -5.5430 -10.0000 -2.2960 -5.8010 -11.0000 -1.0000 -5.8010 -10.0000 -1.0000
4 16 5.5430 -10.0000 -2.2960 5.8010 -11.0000 -1.0000 5.5690 -18.0000 -2.1670 5.5430 -18.0000 -2.2960
4 16 5.8010 -11.0000 1.0000 5.5430 -10.0000 2.2960 5.5430 -18.0000 2.2960 5.5690 -18.0000 2.1670
3 16 5.5430 -10.0000 -2.2960 5.8010 -10.0000 -1.0000 5.8010 -11.0000 -1.0000
3 16 5.5430 -10.0000 2.2960 5.8010 -11.0000 1.0000 5.8010 -10.0000 1.0000
2 24 5.8010 -11.0000 1.0000 5.5690 -18.0000 2.1670
2 24 -5.8010 -11.0000 1.0000 -5.5690 -18.0000 2.1670
2 24 5.8010 -11.0000 -1.0000 5.5690 -18.0000 -2.1670
2 24 -5.8010 -11.0000 -1.0000 -5.5690 -18.0000 -2.1670
4 16 5.5690 -18.0000 2.1670 5.5430 -18.0000 2.2960 6.0050 -18.0000 2.4880 6.0690 -18.0000 2.1670
4 16 -5.5430 -18.0000 2.2960 -5.5690 -18.0000 2.1670 -6.0690 -18.0000 2.1670 -6.0050 -18.0000 2.4880
4 16 -5.5690 -18.0000 -2.1670 -5.5430 -18.0000 -2.2960 -6.0050 -18.0000 -2.4880 -6.0690 -18.0000 -2.1670
4 16 5.5430 -18.0000 -2.2960 5.5690 -18.0000 -2.1670 6.0690 -18.0000 -2.1670 6.0050 -18.0000 -2.4880
2 24 5.5690 -18.0000 2.1670 6.0690 -18.0000 2.1670
2 24 -5.5690 -18.0000 2.1670 -6.0690 -18.0000 2.1670
2 24 5.5690 -18.0000 -2.1670 6.0690 -18.0000 -2.1670
2 24 -5.5690 -18.0000 -2.1670 -6.0690 -18.0000 -2.1670
3 16 6.0690 -18.0000 2.1670 6.0050 -18.0000 2.4880 6.0050 -19.9280 2.4880
3 16 5.9970 -20.0000 2.5000 6.0050 -19.9280 2.4880 6.0050 -18.0000 2.4880
5 24 6.0050 -18.0000 2.4880 6.0050 -19.9280 2.4880 4.5960 -18.0000 4.5960 6.5000 -18.0000 0.0000
3 16 -6.0050 -18.0000 2.4880 -6.0050 -19.9280 2.4880 -5.9970 -20.0000 2.5000
3 16 -6.0050 -18.0000 2.4880 -6.0690 -18.0000 2.1670 -6.0050 -19.9280 2.4880
5 24 -6.0050 -18.0000 2.4880 -6.0050 -19.9280 2.4880 -6.3010 -18.0000 1.0000 -4.5960 -18.0000 4.5960
3 16 -6.0690 -18.0000 -2.1670 -6.0050 -18.0000 -2.4880 -6.0050 -19.9280 -2.4880
3 16 -5.9970 -20.0000 -2.5000 -6.0050 -19.9280 -2.4880 -6.0050 -18.0000 -2.4880
5 24 -6.0050 -18.0000 -2.4880 -6.0050 -20.0000 -2.4880 -4.5960 -18.0000 -4.5960 -6.5000 -18.0000 0.0000
3 16 6.0050 -18.0000 -2.4880 6.0050 -19.9280 -2.4880 5.9970 -20.0000 -2.5000
3 16 6.0050 -18.0000 -2.4880 6.0690 -18.0000 -2.1670 6.0050 -19.9280 -2.4880
5 24 6.0050 -18.0000 -2.4880 6.0050 -19.9280 -2.4880 6.5000 -18.0000 0.0000 4.5960 -18.0000 -4.5960
2 24 6.0690 -18.0000 2.1670 6.0050 -19.9280 2.4880
2 24 -6.0690 -18.0000 2.1670 -6.0050 -19.9280 2.4880
2 24 6.0690 -18.0000 -2.1670 6.0050 -19.9280 -2.4880
2 24 -6.0690 -18.0000 -2.1670 -6.0050 -19.9280 -2.4880
2 24 6.0050 -19.9280 2.4880 5.9970 -20.0000 2.5000
2 24 -6.0050 -19.9280 2.4880 -5.9970 -20.0000 2.5000
2 24 6.0050 -19.9280 -2.4880 5.9970 -20.0000 -2.5000
2 24 -6.0050 -19.9280 -2.4880 -5.9970 -20.0000 -2.5000
1 16 0.000000 -18.000000 0.000000 5.543300 0.000000 -2.296100 0.000000 8.000000 0.000000 2.296100 0.000000 5.543300 3-8cyli.dat
1 16 0.000000 -18.000000 0.000000 -5.543300 0.000000 2.296100 0.000000 8.000000 0.000000 -2.296100 0.000000 -5.543300 3-8cyli.dat
1 16 0.000000 -10.000000 0.000000 6.000000 0.000000 0.000000 0.000000 2.000000 0.000000 0.000000 0.000000 6.000000 4-4cyli.dat
4 16 6.0000 -4.0000 0.0000 6.0000 -8.0000 0.0000 5.7010 -8.0000 -1.5000 5.7010 -4.0000 -1.5000
5 24 6.0000 -8.0000 0.0000 6.0000 -4.0000 0.0000 5.7010 -4.0000 -1.5000 5.7010 -4.0000 1.5000
5 24 0.0000 -8.0000 6.0000 0.0000 -4.0000 6.0000 1.5000 -4.0000 5.7010 -1.5000 -4.0000 5.7010
5 24 -6.0000 -8.0000 0.0000 -6.0000 -4.0000 0.0000 -5.7010 -4.0000 1.5000 -5.7010 -4.0000 -1.5000
5 24 0.0000 -8.0000 -6.0000 0.0000 -4.0000 -6.0000 -1.5000 -4.0000 -5.7010 1.5000 -4.0000 -5.7010
4 16 5.7010 -4.0000 1.5000 5.7010 -8.0000 1.5000 6.0000 -8.0000 0.0000 6.0000 -4.0000 0.0000
4 16 1.5000 -8.0000 1.5000 5.7010 -8.0000 1.5000 5.7010 -4.0000 1.5000 1.5000 -4.0000 1.5000
4 16 1.5000 -8.0000 5.7010 1.5000 -8.0000 1.5000 1.5000 -4.0000 1.5000 1.5000 -4.0000 5.7010
3 16 5.5430 -8.0000 2.2960 5.7010 -8.0000 1.5000 1.5000 -8.0000 1.5000
3 16 4.2430 -8.0000 4.2430 5.5430 -8.0000 2.2960 1.5000 -8.0000 1.5000
3 16 2.2960 -8.0000 5.5430 4.2430 -8.0000 4.2430 1.5000 -8.0000 1.5000
3 16 1.5000 -8.0000 5.7010 2.2960 -8.0000 5.5430 1.5000 -8.0000 1.5000
2 24 5.7010 -8.0000 1.5000 5.5430 -8.0000 2.2960
2 24 5.5430 -8.0000 2.2960 4.2430 -8.0000 4.2430
2 24 4.2430 -8.0000 4.2430 2.2960 -8.0000 5.5430
2 24 2.2960 -8.0000 5.5430 1.5000 -8.0000 5.7010
2 24 1.5000 -8.0000 1.5000 5.7010 -8.0000 1.5000
2 24 1.5000 -8.0000 1.5000 1.5000 -8.0000 5.7010
3 16 1.5000 -4.0000 1.5000 5.7010 -4.0000 1.5000 5.5430 -4.0000 2.2960
3 16 1.5000 -4.0000 1.5000 5.5430 -4.0000 2.2960 4.2430 -4.0000 4.2430
3 16 1.5000 -4.0000 1.5000 4.2430 -4.0000 4.2430 2.2960 -4.0000 5.5430
3 16 1.5000 -4.0000 1.5000 2.2960 -4.0000 5.5430 1.5000 -4.0000 5.7010
2 24 5.7010 -4.0000 1.5000 5.5430 -4.0000 2.2960
2 24 5.5430 -4.0000 2.2960 4.2430 -4.0000 4.2430
2 24 4.2430 -4.0000 4.2430 2.2960 -4.0000 5.5430
2 24 2.2960 -4.0000 5.5430 1.5000 -4.0000 5.7010
2 24 1.5000 -4.0000 1.5000 5.7010 -4.0000 1.5000
2 24 1.5000 -4.0000 1.5000 1.5000 -4.0000 5.7010
2 24 5.7010 -4.0000 1.5000 5.7010 -8.0000 1.5000
2 24 1.5000 -4.0000 1.5000 1.5000 -8.0000 1.5000
2 24 1.5000 -8.0000 5.7010 1.5000 -4.0000 5.7010
4 16 0.0000 -4.0000 -6.0000 0.0000 -8.0000 -6.0000 -1.5000 -8.0000 -5.7010 -1.5000 -4.0000 -5.7010
4 16 1.5000 -4.0000 -5.7010 1.5000 -8.0000 -5.7010 0.0000 -8.0000 -6.0000 0.0000 -4.0000 -6.0000
4 16 1.5000 -8.0000 -1.5000 1.5000 -8.0000 -5.7010 1.5000 -4.0000 -5.7010 1.5000 -4.0000 -1.5000
4 16 5.7010 -8.0000 -1.5000 1.5000 -8.0000 -1.5000 1.5000 -4.0000 -1.5000 5.7010 -4.0000 -1.5000
3 16 2.2960 -8.0000 -5.5430 1.5000 -8.0000 -5.7010 1.5000 -8.0000 -1.5000
3 16 4.2430 -8.0000 -4.2430 2.2960 -8.0000 -5.5430 1.5000 -8.0000 -1.5000
3 16 5.5430 -8.0000 -2.2960 4.2430 -8.0000 -4.2430 1.5000 -8.0000 -1.5000
3 16 5.7010 -8.0000 -1.5000 5.5430 -8.0000 -2.2960 1.5000 -8.0000 -1.5000
2 24 1.5000 -8.0000 -5.7010 2.2960 -8.0000 -5.5430
2 24 2.2960 -8.0000 -5.5430 4.2430 -8.0000 -4.2430
2 24 4.2430 -8.0000 -4.2430 5.5430 -8.0000 -2.2960
2 24 5.5430 -8.0000 -2.2960 5.7010 -8.0000 -1.5000
2 24 1.5000 -8.0000 -1.5000 1.5000 -8.0000 -5.7010
2 24 1.5000 -8.0000 -1.5000 5.7010 -8.0000 -1.5000
3 16 1.5000 -4.0000 -1.5000 1.5000 -4.0000 -5.7010 2.2960 -4.0000 -5.5430
3 16 1.5000 -4.0000 -1.5000 2.2960 -4.0000 -5.5430 4.2430 -4.0000 -4.2430
3 16 1.5000 -4.0000 -1.5000 4.2430 -4.0000 -4.2430 5.5430 -4.0000 -2.2960
3 16 1.5000 -4.0000 -1.5000 5.5430 -4.0000 -2.2960 5.7010 -4.0000 -1.5000
2 24 1.5000 -4.0000 -5.7010 2.2960 -4.0000 -5.5430
2 24 2.2960 -4.0000 -5.5430 4.2430 -4.0000 -4.2430
2 24 4.2430 -4.0000 -4.2430 5.5430 -4.0000 -2.2960
2 24 5.5430 -4.0000 -2.2960 5.7010 -4.0000 -1.5000
2 24 1.5000 -4.0000 -1.5000 1.5000 -4.0000 -5.7010
2 24 1.5000 -4.0000 -1.5000 5.7010 -4.0000 -1.5000
2 24 1.5000 -4.0000 -5.7010 1.5000 -8.0000 -5.7010
2 24 1.5000 -4.0000 -1.5000 1.5000 -8.0000 -1.5000
2 24 5.7010 -8.0000 -1.5000 5.7010 -4.0000 -1.5000
4 16 -6.0000 -4.0000 0.0000 -6.0000 -8.0000 0.0000 -5.7010 -8.0000 1.5000 -5.7010 -4.0000 1.5000
4 16 -5.7010 -4.0000 -1.5000 -5.7010 -8.0000 -1.5000 -6.0000 -8.0000 0.0000 -6.0000 -4.0000 0.0000
4 16 -1.5000 -8.0000 -1.5000 -5.7010 -8.0000 -1.5000 -5.7010 -4.0000 -1.5000 -1.5000 -4.0000 -1.5000
4 16 -1.5000 -8.0000 -5.7010 -1.5000 -8.0000 -1.5000 -1.5000 -4.0000 -1.5000 -1.5000 -4.0000 -5.7010
3 16 -5.5430 -8.0000 -2.2960 -5.7010 -8.0000 -1.5000 -1.5000 -8.0000 -1.5000
3 16 -4.2430 -8.0000 -4.2430 -5.5430 -8.0000 -2.2960 -1.5000 -8.0000 -1.5000
3 16 -2.2960 -8.0000 -5.5430 -4.2430 -8.0000 -4.2430 -1.5000 -8.0000 -1.5000
3 16 -1.5000 -8.0000 -5.7010 -2.2960 -8.0000 -5.5430 -1.5000 -8.0000 -1.5000
2 24 -5.7010 -8.0000 -1.5000 -5.5430 -8.0000 -2.2960
2 24 -5.5430 -8.0000 -2.2960 -4.2430 -8.0000 -4.2430
2 24 -4.2430 -8.0000 -4.2430 -2.2960 -8.0000 -5.5430
2 24 -2.2960 -8.0000 -5.5430 -1.5000 -8.0000 -5.7010
2 24 -1.5000 -8.0000 -1.5000 -5.7010 -8.0000 -1.5000
2 24 -1.5000 -8.0000 -1.5000 -1.5000 -8.0000 -5.7010
3 16 -1.5000 -4.0000 -1.5000 -5.7010 -4.0000 -1.5000 -5.5430 -4.0000 -2.2960
3 16 -1.5000 -4.0000 -1.5000 -5.5430 -4.0000 -2.2960 -4.2430 -4.0000 -4.2430
3 16 -1.5000 -4.0000 -1.5000 -4.2430 -4.0000 -4.2430 -2.2960 -4.0000 -5.5430
3 16 -1.5000 -4.0000 -1.5000 -2.2960 -4.0000 -5.5430 -1.5000 -4.0000 -5.7010
2 24 -5.7010 -4.0000 -1.5000 -5.5430 -4.0000 -2.2960
2 24 -5.5430 -4.0000 -2.2960 -4.2430 -4.0000 -4.2430
2 24 -4.2430 -4.0000 -4.2430 -2.2960 -4.0000 -5.5430
2 24 -2.2960 -4.0000 -5.5430 -1.5000 -4.0000 -5.7010
2 24 -1.5000 -4.0000 -1.5000 -5.7010 -4.0000 -1.5000
2 24 -1.5000 -4.0000 -1.5000 -1.5000 -4.0000 -5.7010
2 24 -5.7010 -4.0000 -1.5000 -5.7010 -8.0000 -1.5000
2 24 -1.5000 -4.0000 -1.5000 -1.5000 -8.0000 -1.5000
2 24 -1.5000 -8.0000 -5.7010 -1.5000 -4.0000 -5.7010
4 16 0.0000 -4.0000 6.0000 0.0000 -8.0000 6.0000 1.5000 -8.0000 5.7010 1.5000 -4.0000 5.7010
4 16 -1.5000 -4.0000 5.7010 -1.5000 -8.0000 5.7010 0.0000 -8.0000 6.0000 0.0000 -4.0000 6.0000
4 16 -1.5000 -8.0000 1.5000 -1.5000 -8.0000 5.7010 -1.5000 -4.0000 5.7010 -1.5000 -4.0000 1.5000
4 16 -5.7010 -8.0000 1.5000 -1.5000 -8.0000 1.5000 -1.5000 -4.0000 1.5000 -5.7010 -4.0000 1.5000
3 16 -2.2960 -8.0000 5.5430 -1.5000 -8.0000 5.7010 -1.5000 -8.0000 1.5000
3 16 -4.2430 -8.0000 4.2430 -2.2960 -8.0000 5.5430 -1.5000 -8.0000 1.5000
3 16 -5.5430 -8.0000 2.2960 -4.2430 -8.0000 4.2430 -1.5000 -8.0000 1.5000
3 16 -5.7010 -8.0000 1.5000 -5.5430 -8.0000 2.2960 -1.5000 -8.0000 1.5000
2 24 -1.5000 -8.0000 5.7010 -2.2960 -8.0000 5.5430
2 24 -2.2960 -8.0000 5.5430 -4.2430 -8.0000 4.2430
2 24 -4.2430 -8.0000 4.2430 -5.5430 -8.0000 2.2960
2 24 -5.5430 -8.0000 2.2960 -5.7010 -8.0000 1.5000
2 24 -1.5000 -8.0000 1.5000 -1.5000 -8.0000 5.7010
2 24 -1.5000 -8.0000 1.5000 -5.7010 -8.0000 1.5000
3 16 -1.5000 -4.0000 1.5000 -1.5000 -4.0000 5.7010 -2.2960 -4.0000 5.5430
3 16 -1.5000 -4.0000 1.5000 -2.2960 -4.0000 5.5430 -4.2430 -4.0000 4.2430
3 16 -1.5000 -4.0000 1.5000 -4.2430 -4.0000 4.2430 -5.5430 -4.0000 2.2960
3 16 -1.5000 -4.0000 1.5000 -5.5430 -4.0000 2.2960 -5.7010 -4.0000 1.5000
2 24 -1.5000 -4.0000 5.7010 -2.2960 -4.0000 5.5430
2 24 -2.2960 -4.0000 5.5430 -4.2430 -4.0000 4.2430
2 24 -4.2430 -4.0000 4.2430 -5.5430 -4.0000 2.2960
2 24 -5.5430 -4.0000 2.2960 -5.7010 -4.0000 1.5000
2 24 -1.5000 -4.0000 1.5000 -1.5000 -4.0000 5.7010
2 24 -1.5000 -4.0000 1.5000 -5.7010 -4.0000 1.5000
2 24 -1.5000 -4.0000 5.7010 -1.5000 -8.0000 5.7010
2 24 -1.5000 -4.0000 1.5000 -1.5000 -8.0000 1.5000
2 24 -5.7010 -8.0000 1.5000 -5.7010 -4.0000 1.5000
1 16 0.000000 -20.000000 0.000000 6.005220 0.000000 -2.487440 0.000000 1.000000 0.000000 2.487440 0.000000 6.005220 3-8chrd.dat
1 16 0.000000 -20.000000 0.000000 -6.005220 0.000000 2.487440 0.000000 1.000000 0.000000 -2.487440 0.000000 -6.005220 3-8chrd.dat
1 16 0.000000 -20.000000 0.000000 -6.005220 0.000000 2.487440 0.000000 2.000000 0.000000 -2.487440 0.000000 -6.005220 3-8cyli.dat
1 16 0.000000 -20.000000 0.000000 6.005220 0.000000 -2.487440 0.000000 2.000000 0.000000 2.487440 0.000000 6.005220 3-8cyli.dat
1 16 0.000000 -20.000000 0.000000 6.005220 0.000000 -2.487440 0.000000 2.000000 0.000000 2.487440 0.000000 6.005220 3-8edge.dat
1 16 0.000000 -18.000000 0.000000 6.005220 0.000000 -2.487440 0.000000 2.000000 0.000000 2.487440 0.000000 6.005220 3-8edge.dat
1 16 0.000000 -18.000000 0.000000 0.461939 0.000000 -0.191342 0.000000 -1.000000 0.000000 0.191342 0.000000 0.461939 3-8rin12.dat
1 16 0.000000 -18.000000 0.000000 5.543280 0.000000 -2.296100 0.000000 1.000000 0.000000 2.296100 0.000000 5.543280 3-8edge.dat
1 16 0.000000 -18.000000 0.000000 -5.543280 0.000000 2.296100 0.000000 1.000000 0.000000 -2.296100 0.000000 -5.543280 3-8edge.dat
1 16 0.000000 -18.000000 0.000000 -0.461939 0.000000 0.191342 0.000000 -1.000000 0.000000 -0.191342 0.000000 -0.461939 3-8rin12.dat
1 16 0.000000 -20.000000 0.000000 -6.005220 0.000000 2.487440 0.000000 2.000000 0.000000 -2.487440 0.000000 -6.005220 3-8edge.dat
1 16 0.000000 -18.000000 0.000000 -6.005220 0.000000 2.487440 0.000000 2.000000 0.000000 -2.487440 0.000000 -6.005220 3-8edge.dat
1 16 0.000000 -4.000000 0.000000 6.000000 0.000000 0.000000 0.000000 2.000000 0.000000 0.000000 0.000000 6.000000 4-4cyli.dat
1 16 0.000000 -2.000000 0.000000 8.000000 0.000000 0.000000 0.000000 1.000000 0.000000 0.000000 0.000000 8.000000 4-4edge.dat
1 16 0.000000 -2.000000 0.000000 8.000000 0.000000 0.000000 0.000000 2.000000 0.000000 0.000000 0.000000 8.000000 4-4cyli.dat
1 16 0.000000 -2.000000 0.000000 6.000000 0.000000 0.000000 0.000000 1.000000 0.000000 0.000000 0.000000 6.000000 4-4edge.dat
1 16 0.000000 -2.000000 0.000000 2.000000 0.000000 0.000000 0.000000 1.000000 0.000000 0.000000 0.000000 2.000000 4-4ring3.dat
4 16 5.5430 -10.0000 -2.2960 5.7954 -10.0000 -1.5528 5.9484 -10.0000 -0.7830 6.0000 -10.0000 0.0000
4 16 6.0000 -10.0000 0.0000 5.9484 -10.0000 0.7830 5.7953 -10.0000 1.5530 5.5430 -10.0000 2.2960
4 16 -6.0000 -10.0000 0.0000 -5.9484 -10.0000 -0.7830 -5.7953 -10.0000 -1.5530 -5.5433 -10.0000 -2.2961
4 16 -5.5430 -10.0000 2.2960 -5.7954 -10.0000 1.5528 -5.9484 -10.0000 0.7830 -6.0000 -10.0000 0.0000
