0 Torus Outside  1 x 0.1765 x 0.25
0 Name: t04o1765.dat
0 Author: Guy Vivan [guyvivan]
0 !LDRAW_ORG Primitive UPDATE 2013-02
0 !LICENSE Redistributable under CCAL version 2.0 : see CAreadme.txt
0 BFC CERTIFY CCW
0 !HISTORY 2009-05-02 [PTadmin] Official Update 2009-01
0 !HISTORY 2013-09-27 [MMR1988] Recreated to fix condlines
0 !HISTORY 2013-12-23 [PTadmin] Official Update 2013-02
0 // Major Radius: 17
0 // Tube(Minor) Radius: 3
0 // Segments(Sweep): 4/16 = 0.25
0 // 1  9  0 0 0  1 0 0  0 1 0  0 0 1 4-4edge.dat
0 // 1  12  1 0 0 0.1765 0 0  0 0 0.1765  0 1 0  4-4edge.dat
4 16 1.0000 0.1765 0.0000 0.9914 0.1765 0.1305 1.0143 0.1750 0.1335 1.0230 0.1750 0.0000
4 16 0.9914 0.1765 0.1305 0.9659 0.1765 0.2588 0.9882 0.1750 0.2648 1.0143 0.1750 0.1335
4 16 0.9659 0.1765 0.2588 0.9239 0.1765 0.3827 0.9452 0.1750 0.3915 0.9882 0.1750 0.2648
4 16 1.0230 0.1750 0.0000 1.0143 0.1750 0.1335 1.0367 0.1705 0.1365 1.0457 0.1705 0.0000
4 16 1.0143 0.1750 0.1335 0.9882 0.1750 0.2648 1.0100 0.1705 0.2706 1.0367 0.1705 0.1365
4 16 0.9882 0.1750 0.2648 0.9452 0.1750 0.3915 0.9661 0.1705 0.4002 1.0100 0.1705 0.2706
4 16 1.0457 0.1705 0.0000 1.0367 0.1705 0.1365 1.0584 0.1630 0.1393 1.0675 0.1630 0.0000
4 16 1.0367 0.1705 0.1365 1.0100 0.1705 0.2706 1.0312 0.1630 0.2763 1.0584 0.1630 0.1393
4 16 1.0100 0.1705 0.2706 0.9661 0.1705 0.4002 0.9863 0.1630 0.4085 1.0312 0.1630 0.2763
4 16 1.0675 0.1630 0.0000 1.0584 0.1630 0.1393 1.0789 0.1528 0.1420 1.0882 0.1528 0.0000
4 16 1.0584 0.1630 0.1393 1.0312 0.1630 0.2763 1.0512 0.1528 0.2817 1.0789 0.1528 0.1420
4 16 1.0312 0.1630 0.2763 0.9863 0.1630 0.4085 1.0054 0.1528 0.4164 1.0512 0.1528 0.2817
4 16 1.0882 0.1528 0.0000 1.0789 0.1528 0.1420 1.0980 0.1400 0.1445 1.1074 0.1400 0.0000
4 16 1.0789 0.1528 0.1420 1.0512 0.1528 0.2817 1.0697 0.1400 0.2866 1.0980 0.1400 0.1445
4 16 1.0512 0.1528 0.2817 1.0054 0.1528 0.4164 1.0231 0.1400 0.4238 1.0697 0.1400 0.2866
4 16 1.1074 0.1400 0.0000 1.0980 0.1400 0.1445 1.1152 0.1248 0.1468 1.1248 0.1248 0.0000
4 16 1.0980 0.1400 0.1445 1.0697 0.1400 0.2866 1.0865 0.1248 0.2911 1.1152 0.1248 0.1468
4 16 1.0697 0.1400 0.2866 1.0231 0.1400 0.4238 1.0392 0.1248 0.4305 1.0865 0.1248 0.2911
4 16 1.1248 0.1248 0.0000 1.1152 0.1248 0.1468 1.1303 0.1074 0.1488 1.1400 0.1074 0.0000
4 16 1.1152 0.1248 0.1468 1.0865 0.1248 0.2911 1.1012 0.1074 0.2951 1.1303 0.1074 0.1488
4 16 1.0865 0.1248 0.2911 1.0392 0.1248 0.4305 1.0532 0.1074 0.4363 1.1012 0.1074 0.2951
4 16 1.1400 0.1074 0.0000 1.1303 0.1074 0.1488 1.1430 0.0882 0.1505 1.1528 0.0882 0.0000
4 16 1.1303 0.1074 0.1488 1.1012 0.1074 0.2951 1.1135 0.0882 0.2984 1.1430 0.0882 0.1505
4 16 1.1012 0.1074 0.2951 1.0532 0.1074 0.4363 1.0651 0.0882 0.4412 1.1135 0.0882 0.2984
4 16 1.1528 0.0882 0.0000 1.1430 0.0882 0.1505 1.1531 0.0675 0.1518 1.1630 0.0675 0.0000
4 16 1.1430 0.0882 0.1505 1.1135 0.0882 0.2984 1.1234 0.0675 0.3010 1.1531 0.0675 0.1518
4 16 1.1135 0.0882 0.2984 1.0651 0.0882 0.4412 1.0745 0.0675 0.4451 1.1234 0.0675 0.3010
4 16 1.1630 0.0675 0.0000 1.1531 0.0675 0.1518 1.1604 0.0457 0.1528 1.1705 0.0457 0.0000
4 16 1.1531 0.0675 0.1518 1.1234 0.0675 0.3010 1.1306 0.0457 0.3029 1.1604 0.0457 0.1528
4 16 1.1234 0.0675 0.3010 1.0745 0.0675 0.4451 1.0814 0.0457 0.4479 1.1306 0.0457 0.3029
4 16 1.1705 0.0457 0.0000 1.1604 0.0457 0.1528 1.1649 0.0230 0.1534 1.1750 0.0230 0.0000
4 16 1.1604 0.0457 0.1528 1.1306 0.0457 0.3029 1.1349 0.0230 0.3041 1.1649 0.0230 0.1534
4 16 1.1306 0.0457 0.3029 1.0814 0.0457 0.4479 1.0855 0.0230 0.4496 1.1349 0.0230 0.3041
4 16 1.1750 0.0230 0.0000 1.1649 0.0230 0.1534 1.1664 0.0000 0.1536 1.1765 0.0000 0.0000
4 16 1.1649 0.0230 0.1534 1.1349 0.0230 0.3041 1.1364 0.0000 0.3045 1.1664 0.0000 0.1536
4 16 1.1349 0.0230 0.3041 1.0855 0.0230 0.4496 1.0869 0.0000 0.4502 1.1364 0.0000 0.3045
4 16 0.9239 0.1765 0.3827 0.8660 0.1765 0.5000 0.8860 0.1750 0.5115 0.9452 0.1750 0.3915
4 16 0.8660 0.1765 0.5000 0.7934 0.1765 0.6088 0.8116 0.1750 0.6228 0.8860 0.1750 0.5115
4 16 0.7934 0.1765 0.6088 0.7071 0.1765 0.7071 0.7234 0.1750 0.7234 0.8116 0.1750 0.6228
4 16 0.9452 0.1750 0.3915 0.8860 0.1750 0.5115 0.9056 0.1705 0.5228 0.9661 0.1705 0.4002
4 16 0.8860 0.1750 0.5115 0.8116 0.1750 0.6228 0.8296 0.1705 0.6366 0.9056 0.1705 0.5228
4 16 0.8116 0.1750 0.6228 0.7234 0.1750 0.7234 0.7394 0.1705 0.7394 0.8296 0.1705 0.6366
4 16 0.9661 0.1705 0.4002 0.9056 0.1705 0.5228 0.9245 0.1630 0.5338 0.9863 0.1630 0.4085
4 16 0.9056 0.1705 0.5228 0.8296 0.1705 0.6366 0.8469 0.1630 0.6499 0.9245 0.1630 0.5338
4 16 0.8296 0.1705 0.6366 0.7394 0.1705 0.7394 0.7549 0.1630 0.7549 0.8469 0.1630 0.6499
4 16 0.9863 0.1630 0.4085 0.9245 0.1630 0.5338 0.9424 0.1528 0.5441 1.0054 0.1528 0.4164
4 16 0.9245 0.1630 0.5338 0.8469 0.1630 0.6499 0.8634 0.1528 0.6625 0.9424 0.1528 0.5441
4 16 0.8469 0.1630 0.6499 0.7549 0.1630 0.7549 0.7695 0.1528 0.7695 0.8634 0.1528 0.6625
4 16 1.0054 0.1528 0.4164 0.9424 0.1528 0.5441 0.9591 0.1400 0.5537 1.0231 0.1400 0.4238
4 16 0.9424 0.1528 0.5441 0.8634 0.1528 0.6625 0.8786 0.1400 0.6742 0.9591 0.1400 0.5537
4 16 0.8634 0.1528 0.6625 0.7695 0.1528 0.7695 0.7831 0.1400 0.7831 0.8786 0.1400 0.6742
4 16 1.0231 0.1400 0.4238 0.9591 0.1400 0.5537 0.9741 0.1248 0.5624 1.0392 0.1248 0.4305
4 16 0.9591 0.1400 0.5537 0.8786 0.1400 0.6742 0.8924 0.1248 0.6847 0.9741 0.1248 0.5624
4 16 0.8786 0.1400 0.6742 0.7831 0.1400 0.7831 0.7953 0.1248 0.7953 0.8924 0.1248 0.6847
4 16 1.0392 0.1248 0.4305 0.9741 0.1248 0.5624 0.9873 0.1074 0.5700 1.0532 0.1074 0.4363
4 16 0.9741 0.1248 0.5624 0.8924 0.1248 0.6847 0.9044 0.1074 0.6940 0.9873 0.1074 0.5700
4 16 0.8924 0.1248 0.6847 0.7953 0.1248 0.7953 0.8061 0.1074 0.8061 0.9044 0.1074 0.6940
4 16 1.0532 0.1074 0.4363 0.9873 0.1074 0.5700 0.9984 0.0882 0.5764 1.0651 0.0882 0.4412
4 16 0.9873 0.1074 0.5700 0.9044 0.1074 0.6940 0.9146 0.0882 0.7018 0.9984 0.0882 0.5764
4 16 0.9044 0.1074 0.6940 0.8061 0.1074 0.8061 0.8152 0.0882 0.8152 0.9146 0.0882 0.7018
4 16 1.0651 0.0882 0.4412 0.9984 0.0882 0.5764 1.0072 0.0675 0.5815 1.0745 0.0675 0.4451
4 16 0.9984 0.0882 0.5764 0.9146 0.0882 0.7018 0.9227 0.0675 0.7080 1.0072 0.0675 0.5815
4 16 0.9146 0.0882 0.7018 0.8152 0.0882 0.8152 0.8224 0.0675 0.8224 0.9227 0.0675 0.7080
4 16 1.0745 0.0675 0.4451 1.0072 0.0675 0.5815 1.0136 0.0457 0.5852 1.0814 0.0457 0.4479
4 16 1.0072 0.0675 0.5815 0.9227 0.0675 0.7080 0.9286 0.0457 0.7125 1.0136 0.0457 0.5852
4 16 0.9227 0.0675 0.7080 0.8224 0.0675 0.8224 0.8276 0.0457 0.8276 0.9286 0.0457 0.7125
4 16 1.0814 0.0457 0.4479 1.0136 0.0457 0.5852 1.0175 0.0230 0.5875 1.0855 0.0230 0.4496
4 16 1.0136 0.0457 0.5852 0.9286 0.0457 0.7125 0.9322 0.0230 0.7153 1.0175 0.0230 0.5875
4 16 0.9286 0.0457 0.7125 0.8276 0.0457 0.8276 0.8308 0.0230 0.8308 0.9322 0.0230 0.7153
4 16 1.0855 0.0230 0.4496 1.0175 0.0230 0.5875 1.0189 0.0000 0.5882 1.0869 0.0000 0.4502
4 16 1.0175 0.0230 0.5875 0.9322 0.0230 0.7153 0.9334 0.0000 0.7162 1.0189 0.0000 0.5882
4 16 0.9322 0.0230 0.7153 0.8308 0.0230 0.8308 0.8319 0.0000 0.8319 0.9334 0.0000 0.7162
4 16 0.7071 0.1765 0.7071 0.6088 0.1765 0.7934 0.6228 0.1750 0.8116 0.7234 0.1750 0.7234
4 16 0.6088 0.1765 0.7934 0.5000 0.1765 0.8660 0.5115 0.1750 0.8860 0.6228 0.1750 0.8116
4 16 0.5000 0.1765 0.8660 0.3827 0.1765 0.9239 0.3915 0.1750 0.9452 0.5115 0.1750 0.8860
4 16 0.7234 0.1750 0.7234 0.6228 0.1750 0.8116 0.6366 0.1705 0.8296 0.7394 0.1705 0.7394
4 16 0.6228 0.1750 0.8116 0.5115 0.1750 0.8860 0.5228 0.1705 0.9056 0.6366 0.1705 0.8296
4 16 0.5115 0.1750 0.8860 0.3915 0.1750 0.9452 0.4002 0.1705 0.9661 0.5228 0.1705 0.9056
4 16 0.7394 0.1705 0.7394 0.6366 0.1705 0.8296 0.6499 0.1630 0.8469 0.7549 0.1630 0.7549
4 16 0.6366 0.1705 0.8296 0.5228 0.1705 0.9056 0.5338 0.1630 0.9245 0.6499 0.1630 0.8469
4 16 0.5228 0.1705 0.9056 0.4002 0.1705 0.9661 0.4085 0.1630 0.9863 0.5338 0.1630 0.9245
4 16 0.7549 0.1630 0.7549 0.6499 0.1630 0.8469 0.6625 0.1528 0.8634 0.7695 0.1528 0.7695
4 16 0.6499 0.1630 0.8469 0.5338 0.1630 0.9245 0.5441 0.1528 0.9424 0.6625 0.1528 0.8634
4 16 0.5338 0.1630 0.9245 0.4085 0.1630 0.9863 0.4164 0.1528 1.0054 0.5441 0.1528 0.9424
4 16 0.7695 0.1528 0.7695 0.6625 0.1528 0.8634 0.6742 0.1400 0.8786 0.7831 0.1400 0.7831
4 16 0.6625 0.1528 0.8634 0.5441 0.1528 0.9424 0.5537 0.1400 0.9591 0.6742 0.1400 0.8786
4 16 0.5441 0.1528 0.9424 0.4164 0.1528 1.0054 0.4238 0.1400 1.0231 0.5537 0.1400 0.9591
4 16 0.7831 0.1400 0.7831 0.6742 0.1400 0.8786 0.6847 0.1248 0.8924 0.7953 0.1248 0.7953
4 16 0.6742 0.1400 0.8786 0.5537 0.1400 0.9591 0.5624 0.1248 0.9741 0.6847 0.1248 0.8924
4 16 0.5537 0.1400 0.9591 0.4238 0.1400 1.0231 0.4305 0.1248 1.0392 0.5624 0.1248 0.9741
4 16 0.7953 0.1248 0.7953 0.6847 0.1248 0.8924 0.6940 0.1074 0.9044 0.8061 0.1074 0.8061
4 16 0.6847 0.1248 0.8924 0.5624 0.1248 0.9741 0.5700 0.1074 0.9873 0.6940 0.1074 0.9044
4 16 0.5624 0.1248 0.9741 0.4305 0.1248 1.0392 0.4363 0.1074 1.0532 0.5700 0.1074 0.9873
4 16 0.8061 0.1074 0.8061 0.6940 0.1074 0.9044 0.7018 0.0882 0.9146 0.8152 0.0882 0.8152
4 16 0.6940 0.1074 0.9044 0.5700 0.1074 0.9873 0.5764 0.0882 0.9984 0.7018 0.0882 0.9146
4 16 0.5700 0.1074 0.9873 0.4363 0.1074 1.0532 0.4412 0.0882 1.0651 0.5764 0.0882 0.9984
4 16 0.8152 0.0882 0.8152 0.7018 0.0882 0.9146 0.7080 0.0675 0.9227 0.8224 0.0675 0.8224
4 16 0.7018 0.0882 0.9146 0.5764 0.0882 0.9984 0.5815 0.0675 1.0072 0.7080 0.0675 0.9227
4 16 0.5764 0.0882 0.9984 0.4412 0.0882 1.0651 0.4451 0.0675 1.0745 0.5815 0.0675 1.0072
4 16 0.8224 0.0675 0.8224 0.7080 0.0675 0.9227 0.7125 0.0457 0.9286 0.8276 0.0457 0.8276
4 16 0.7080 0.0675 0.9227 0.5815 0.0675 1.0072 0.5852 0.0457 1.0136 0.7125 0.0457 0.9286
4 16 0.5815 0.0675 1.0072 0.4451 0.0675 1.0745 0.4479 0.0457 1.0814 0.5852 0.0457 1.0136
4 16 0.8276 0.0457 0.8276 0.7125 0.0457 0.9286 0.7153 0.0230 0.9322 0.8308 0.0230 0.8308
4 16 0.7125 0.0457 0.9286 0.5852 0.0457 1.0136 0.5875 0.0230 1.0175 0.7153 0.0230 0.9322
4 16 0.5852 0.0457 1.0136 0.4479 0.0457 1.0814 0.4496 0.0230 1.0855 0.5875 0.0230 1.0175
4 16 0.8308 0.0230 0.8308 0.7153 0.0230 0.9322 0.7162 0.0000 0.9334 0.8319 0.0000 0.8319
4 16 0.7153 0.0230 0.9322 0.5875 0.0230 1.0175 0.5882 0.0000 1.0189 0.7162 0.0000 0.9334
4 16 0.5875 0.0230 1.0175 0.4496 0.0230 1.0855 0.4502 0.0000 1.0869 0.5882 0.0000 1.0189
4 16 0.3827 0.1765 0.9239 0.2588 0.1765 0.9659 0.2648 0.1750 0.9882 0.3915 0.1750 0.9452
4 16 0.2588 0.1765 0.9659 0.1305 0.1765 0.9914 0.1335 0.1750 1.0143 0.2648 0.1750 0.9882
4 16 0.1305 0.1765 0.9914 0.0000 0.1765 1.0000 0.0000 0.1750 1.0230 0.1335 0.1750 1.0143
4 16 0.3915 0.1750 0.9452 0.2648 0.1750 0.9882 0.2706 0.1705 1.0100 0.4002 0.1705 0.9661
4 16 0.2648 0.1750 0.9882 0.1335 0.1750 1.0143 0.1365 0.1705 1.0367 0.2706 0.1705 1.0100
4 16 0.1335 0.1750 1.0143 0.0000 0.1750 1.0230 0.0000 0.1705 1.0457 0.1365 0.1705 1.0367
4 16 0.4002 0.1705 0.9661 0.2706 0.1705 1.0100 0.2763 0.1630 1.0312 0.4085 0.1630 0.9863
4 16 0.2706 0.1705 1.0100 0.1365 0.1705 1.0367 0.1393 0.1630 1.0584 0.2763 0.1630 1.0312
4 16 0.1365 0.1705 1.0367 0.0000 0.1705 1.0457 0.0000 0.1630 1.0675 0.1393 0.1630 1.0584
4 16 0.4085 0.1630 0.9863 0.2763 0.1630 1.0312 0.2817 0.1528 1.0512 0.4164 0.1528 1.0054
4 16 0.2763 0.1630 1.0312 0.1393 0.1630 1.0584 0.1420 0.1528 1.0789 0.2817 0.1528 1.0512
4 16 0.1393 0.1630 1.0584 0.0000 0.1630 1.0675 0.0000 0.1528 1.0882 0.1420 0.1528 1.0789
4 16 0.4164 0.1528 1.0054 0.2817 0.1528 1.0512 0.2866 0.1400 1.0697 0.4238 0.1400 1.0231
4 16 0.2817 0.1528 1.0512 0.1420 0.1528 1.0789 0.1445 0.1400 1.0980 0.2866 0.1400 1.0697
4 16 0.1420 0.1528 1.0789 0.0000 0.1528 1.0882 0.0000 0.1400 1.1074 0.1445 0.1400 1.0980
4 16 0.4238 0.1400 1.0231 0.2866 0.1400 1.0697 0.2911 0.1248 1.0865 0.4305 0.1248 1.0392
4 16 0.2866 0.1400 1.0697 0.1445 0.1400 1.0980 0.1468 0.1248 1.1152 0.2911 0.1248 1.0865
4 16 0.1445 0.1400 1.0980 0.0000 0.1400 1.1074 0.0000 0.1248 1.1248 0.1468 0.1248 1.1152
4 16 0.4305 0.1248 1.0392 0.2911 0.1248 1.0865 0.2951 0.1074 1.1012 0.4363 0.1074 1.0532
4 16 0.2911 0.1248 1.0865 0.1468 0.1248 1.1152 0.1488 0.1074 1.1303 0.2951 0.1074 1.1012
4 16 0.1468 0.1248 1.1152 0.0000 0.1248 1.1248 0.0000 0.1074 1.1400 0.1488 0.1074 1.1303
4 16 0.4363 0.1074 1.0532 0.2951 0.1074 1.1012 0.2984 0.0882 1.1135 0.4412 0.0882 1.0651
4 16 0.2951 0.1074 1.1012 0.1488 0.1074 1.1303 0.1505 0.0882 1.1430 0.2984 0.0882 1.1135
4 16 0.1488 0.1074 1.1303 0.0000 0.1074 1.1400 0.0000 0.0882 1.1528 0.1505 0.0882 1.1430
4 16 0.4412 0.0882 1.0651 0.2984 0.0882 1.1135 0.3010 0.0675 1.1234 0.4451 0.0675 1.0745
4 16 0.2984 0.0882 1.1135 0.1505 0.0882 1.1430 0.1518 0.0675 1.1531 0.3010 0.0675 1.1234
4 16 0.1505 0.0882 1.1430 0.0000 0.0882 1.1528 0.0000 0.0675 1.1630 0.1518 0.0675 1.1531
4 16 0.4451 0.0675 1.0745 0.3010 0.0675 1.1234 0.3029 0.0457 1.1306 0.4479 0.0457 1.0814
4 16 0.3010 0.0675 1.1234 0.1518 0.0675 1.1531 0.1528 0.0457 1.1604 0.3029 0.0457 1.1306
4 16 0.1518 0.0675 1.1531 0.0000 0.0675 1.1630 0.0000 0.0457 1.1705 0.1528 0.0457 1.1604
4 16 0.4479 0.0457 1.0814 0.3029 0.0457 1.1306 0.3041 0.0230 1.1349 0.4496 0.0230 1.0855
4 16 0.3029 0.0457 1.1306 0.1528 0.0457 1.1604 0.1534 0.0230 1.1649 0.3041 0.0230 1.1349
4 16 0.1528 0.0457 1.1604 0.0000 0.0457 1.1705 0.0000 0.0230 1.1750 0.1534 0.0230 1.1649
4 16 0.4496 0.0230 1.0855 0.3041 0.0230 1.1349 0.3045 0.0000 1.1364 0.4502 0.0000 1.0869
4 16 0.3041 0.0230 1.1349 0.1534 0.0230 1.1649 0.1536 0.0000 1.1664 0.3045 0.0000 1.1364
4 16 0.1534 0.0230 1.1649 0.0000 0.0230 1.1750 0.0000 0.0000 1.1765 0.1536 0.0000 1.1664
0 // conditional lines
0 // Build by Primitive Generator 2
