0 Torus Tube  1 x 0.5000 x 0.25
0 Name: t04q5000.dat
0 Author: Magnus Forsberg [MagFors]
0 !LDRAW_ORG Primitive UPDATE 2015-01
0 !LICENSE Redistributable under CCAL version 2.0 : see CAreadme.txt
0 BFC CERTIFY CCW
0 !HISTORY 2015-10-11 [PTadmin] Official Update 2015-01
0 // Major Radius: 2
0 // Tube(Minor) Radius: 1
0 // Segments(Sweep): 4/16 = 0.25
0 // 1  9  0 0 0  1 0 0  0 1 0  0 0 1 4-4edge.dat
0 // 1  12  1 0 0 0.5000 0 0  0 0 0.5000  0 1 0  4-4edge.dat
4 16 1.0000 0.5000 0.0000 0.9914 0.5000 0.1305 1.0562 0.4957 0.1390 1.0653 0.4957 0.0000
4 16 0.9914 0.5000 0.1305 0.9659 0.5000 0.2588 1.0290 0.4957 0.2757 1.0562 0.4957 0.1390
4 16 0.9659 0.5000 0.2588 0.9239 0.5000 0.3827 0.9842 0.4957 0.4077 1.0290 0.4957 0.2757
4 16 1.0653 0.4957 0.0000 1.0562 0.4957 0.1390 1.1197 0.4830 0.1474 1.1294 0.4830 0.0000
4 16 1.0562 0.4957 0.1390 1.0290 0.4957 0.2757 1.0909 0.4830 0.2923 1.1197 0.4830 0.1474
4 16 1.0290 0.4957 0.2757 0.9842 0.4957 0.4077 1.0434 0.4830 0.4322 1.0909 0.4830 0.2923
4 16 1.1294 0.4830 0.0000 1.1197 0.4830 0.1474 1.1812 0.4619 0.1555 1.1914 0.4620 0.0000
4 16 1.1197 0.4830 0.1474 1.0909 0.4830 0.2923 1.1507 0.4619 0.3083 1.1812 0.4619 0.1555
4 16 1.0909 0.4830 0.2923 1.0434 0.4830 0.4322 1.1007 0.4620 0.4559 1.1507 0.4619 0.3083
4 16 1.1914 0.4620 0.0000 1.1812 0.4619 0.1555 1.2393 0.4330 0.1632 1.2500 0.4330 0.0000
4 16 1.1812 0.4619 0.1555 1.1507 0.4619 0.3083 1.2074 0.4330 0.3235 1.2393 0.4330 0.1632
4 16 1.1507 0.4619 0.3083 1.1007 0.4620 0.4559 1.1548 0.4330 0.4784 1.2074 0.4330 0.3235
4 16 1.2500 0.4330 0.0000 1.2393 0.4330 0.1632 1.2932 0.3967 0.1703 1.3044 0.3967 0.0000
4 16 1.2393 0.4330 0.1632 1.2074 0.4330 0.3235 1.2599 0.3967 0.3376 1.2932 0.3967 0.1703
4 16 1.2074 0.4330 0.3235 1.1548 0.4330 0.4784 1.2051 0.3967 0.4992 1.2599 0.3967 0.3376
4 16 1.3044 0.3967 0.0000 1.2932 0.3967 0.1703 1.3420 0.3536 0.1767 1.3536 0.3536 0.0000
4 16 1.2932 0.3967 0.1703 1.2599 0.3967 0.3376 1.3074 0.3536 0.3503 1.3420 0.3536 0.1767
4 16 1.2599 0.3967 0.3376 1.2051 0.3967 0.4992 1.2505 0.3536 0.5180 1.3074 0.3536 0.3503
4 16 1.3536 0.3536 0.0000 1.3420 0.3536 0.1767 1.3847 0.3044 0.1823 1.3967 0.3044 0.0000
4 16 1.3420 0.3536 0.1767 1.3074 0.3536 0.3503 1.3491 0.3044 0.3615 1.3847 0.3044 0.1823
4 16 1.3074 0.3536 0.3503 1.2505 0.3536 0.5180 1.2904 0.3044 0.5345 1.3491 0.3044 0.3615
4 16 1.3967 0.3044 0.0000 1.3847 0.3044 0.1823 1.4208 0.2500 0.1870 1.4330 0.2500 0.0000
4 16 1.3847 0.3044 0.1823 1.3491 0.3044 0.3615 1.3842 0.2500 0.3709 1.4208 0.2500 0.1870
4 16 1.3491 0.3044 0.3615 1.2904 0.3044 0.5345 1.3239 0.2500 0.5484 1.3842 0.2500 0.3709
4 16 1.4330 0.2500 0.0000 1.4208 0.2500 0.1870 1.4494 0.1913 0.1908 1.4620 0.1914 0.0000
4 16 1.4208 0.2500 0.1870 1.3842 0.2500 0.3709 1.4121 0.1913 0.3784 1.4494 0.1913 0.1908
4 16 1.3842 0.2500 0.3709 1.3239 0.2500 0.5484 1.3507 0.1914 0.5595 1.4121 0.1913 0.3784
4 16 1.4620 0.1914 0.0000 1.4494 0.1913 0.1908 1.4703 0.1294 0.1936 1.4830 0.1294 0.0000
4 16 1.4494 0.1913 0.1908 1.4121 0.1913 0.3784 1.4324 0.1294 0.3838 1.4703 0.1294 0.1936
4 16 1.4121 0.1913 0.3784 1.3507 0.1914 0.5595 1.3701 0.1294 0.5675 1.4324 0.1294 0.3838
4 16 1.4830 0.1294 0.0000 1.4703 0.1294 0.1936 1.4829 0.0653 0.1952 1.4957 0.0653 0.0000
4 16 1.4703 0.1294 0.1936 1.4324 0.1294 0.3838 1.4448 0.0653 0.3871 1.4829 0.0653 0.1952
4 16 1.4324 0.1294 0.3838 1.3701 0.1294 0.5675 1.3819 0.0653 0.5724 1.4448 0.0653 0.3871
4 16 1.4957 0.0653 0.0000 1.4829 0.0653 0.1952 1.4872 0.0000 0.1958 1.5000 0.0000 0.0000
4 16 1.4829 0.0653 0.1952 1.4448 0.0653 0.3871 1.4489 0.0000 0.3882 1.4872 0.0000 0.1958
4 16 1.4448 0.0653 0.3871 1.3819 0.0653 0.5724 1.3859 0.0000 0.5741 1.4489 0.0000 0.3882
4 16 1.5000 0.0000 0.0000 1.4872 0.0000 0.1958 1.4829 -0.0653 0.1952 1.4957 -0.0653 0.0000
4 16 1.4872 0.0000 0.1958 1.4489 0.0000 0.3882 1.4448 -0.0653 0.3871 1.4829 -0.0653 0.1952
4 16 1.4489 0.0000 0.3882 1.3859 0.0000 0.5741 1.3819 -0.0653 0.5724 1.4448 -0.0653 0.3871
4 16 1.4957 -0.0653 0.0000 1.4829 -0.0653 0.1952 1.4703 -0.1294 0.1936 1.4830 -0.1294 0.0000
4 16 1.4829 -0.0653 0.1952 1.4448 -0.0653 0.3871 1.4324 -0.1294 0.3838 1.4703 -0.1294 0.1936
4 16 1.4448 -0.0653 0.3871 1.3819 -0.0653 0.5724 1.3701 -0.1294 0.5675 1.4324 -0.1294 0.3838
4 16 1.4830 -0.1294 0.0000 1.4703 -0.1294 0.1936 1.4494 -0.1913 0.1908 1.4620 -0.1914 0.0000
4 16 1.4703 -0.1294 0.1936 1.4324 -0.1294 0.3838 1.4121 -0.1913 0.3784 1.4494 -0.1913 0.1908
4 16 1.4324 -0.1294 0.3838 1.3701 -0.1294 0.5675 1.3507 -0.1914 0.5595 1.4121 -0.1913 0.3784
4 16 1.4620 -0.1914 0.0000 1.4494 -0.1913 0.1908 1.4208 -0.2500 0.1870 1.4330 -0.2500 0.0000
4 16 1.4494 -0.1913 0.1908 1.4121 -0.1913 0.3784 1.3842 -0.2500 0.3709 1.4208 -0.2500 0.1870
4 16 1.4121 -0.1913 0.3784 1.3507 -0.1914 0.5595 1.3239 -0.2500 0.5484 1.3842 -0.2500 0.3709
4 16 1.4330 -0.2500 0.0000 1.4208 -0.2500 0.1870 1.3847 -0.3044 0.1823 1.3967 -0.3044 0.0000
4 16 1.4208 -0.2500 0.1870 1.3842 -0.2500 0.3709 1.3491 -0.3044 0.3615 1.3847 -0.3044 0.1823
4 16 1.3842 -0.2500 0.3709 1.3239 -0.2500 0.5484 1.2904 -0.3044 0.5345 1.3491 -0.3044 0.3615
4 16 1.3967 -0.3044 0.0000 1.3847 -0.3044 0.1823 1.3420 -0.3536 0.1767 1.3536 -0.3536 0.0000
4 16 1.3847 -0.3044 0.1823 1.3491 -0.3044 0.3615 1.3074 -0.3536 0.3503 1.3420 -0.3536 0.1767
4 16 1.3491 -0.3044 0.3615 1.2904 -0.3044 0.5345 1.2505 -0.3536 0.5180 1.3074 -0.3536 0.3503
4 16 1.3536 -0.3536 0.0000 1.3420 -0.3536 0.1767 1.2932 -0.3967 0.1703 1.3044 -0.3967 0.0000
4 16 1.3420 -0.3536 0.1767 1.3074 -0.3536 0.3503 1.2599 -0.3967 0.3376 1.2932 -0.3967 0.1703
4 16 1.3074 -0.3536 0.3503 1.2505 -0.3536 0.5180 1.2051 -0.3967 0.4992 1.2599 -0.3967 0.3376
4 16 1.3044 -0.3967 0.0000 1.2932 -0.3967 0.1703 1.2393 -0.4330 0.1632 1.2500 -0.4330 0.0000
4 16 1.2932 -0.3967 0.1703 1.2599 -0.3967 0.3376 1.2074 -0.4330 0.3235 1.2393 -0.4330 0.1632
4 16 1.2599 -0.3967 0.3376 1.2051 -0.3967 0.4992 1.1548 -0.4330 0.4784 1.2074 -0.4330 0.3235
4 16 1.2500 -0.4330 0.0000 1.2393 -0.4330 0.1632 1.1812 -0.4619 0.1555 1.1914 -0.4620 0.0000
4 16 1.2393 -0.4330 0.1632 1.2074 -0.4330 0.3235 1.1507 -0.4619 0.3083 1.1812 -0.4619 0.1555
4 16 1.2074 -0.4330 0.3235 1.1548 -0.4330 0.4784 1.1007 -0.4620 0.4559 1.1507 -0.4619 0.3083
4 16 1.1914 -0.4620 0.0000 1.1812 -0.4619 0.1555 1.1197 -0.4830 0.1474 1.1294 -0.4830 0.0000
4 16 1.1812 -0.4619 0.1555 1.1507 -0.4619 0.3083 1.0909 -0.4830 0.2923 1.1197 -0.4830 0.1474
4 16 1.1507 -0.4619 0.3083 1.1007 -0.4620 0.4559 1.0434 -0.4830 0.4322 1.0909 -0.4830 0.2923
4 16 1.1294 -0.4830 0.0000 1.1197 -0.4830 0.1474 1.0562 -0.4957 0.1390 1.0653 -0.4957 0.0000
4 16 1.1197 -0.4830 0.1474 1.0909 -0.4830 0.2923 1.0290 -0.4957 0.2757 1.0562 -0.4957 0.1390
4 16 1.0909 -0.4830 0.2923 1.0434 -0.4830 0.4322 0.9842 -0.4957 0.4077 1.0290 -0.4957 0.2757
4 16 1.0653 -0.4957 0.0000 1.0562 -0.4957 0.1390 0.9914 -0.5000 0.1305 1.0000 -0.5000 0.0000
4 16 1.0562 -0.4957 0.1390 1.0290 -0.4957 0.2757 0.9659 -0.5000 0.2588 0.9914 -0.5000 0.1305
4 16 1.0290 -0.4957 0.2757 0.9842 -0.4957 0.4077 0.9239 -0.5000 0.3827 0.9659 -0.5000 0.2588
4 16 1.0000 -0.5000 0.0000 0.9914 -0.5000 0.1305 0.9267 -0.4957 0.1220 0.9347 -0.4957 0.0000
4 16 0.9914 -0.5000 0.1305 0.9659 -0.5000 0.2588 0.9029 -0.4957 0.2419 0.9267 -0.4957 0.1220
4 16 0.9659 -0.5000 0.2588 0.9239 -0.5000 0.3827 0.8636 -0.4957 0.3577 0.9029 -0.4957 0.2419
4 16 0.9347 -0.4957 0.0000 0.9267 -0.4957 0.1220 0.8631 -0.4830 0.1136 0.8706 -0.4830 0.0000
4 16 0.9267 -0.4957 0.1220 0.9029 -0.4957 0.2419 0.8409 -0.4830 0.2253 0.8631 -0.4830 0.1136
4 16 0.9029 -0.4957 0.2419 0.8636 -0.4957 0.3577 0.8043 -0.4830 0.3332 0.8409 -0.4830 0.2253
4 16 0.8706 -0.4830 0.0000 0.8631 -0.4830 0.1136 0.8017 -0.4619 0.1056 0.8087 -0.4620 0.0000
4 16 0.8631 -0.4830 0.1136 0.8409 -0.4830 0.2253 0.7811 -0.4619 0.2093 0.8017 -0.4619 0.1056
4 16 0.8409 -0.4830 0.2253 0.8043 -0.4830 0.3332 0.7471 -0.4620 0.3095 0.7811 -0.4619 0.2093
4 16 0.8087 -0.4620 0.0000 0.8017 -0.4619 0.1056 0.7436 -0.4330 0.0979 0.7500 -0.4330 0.0000
4 16 0.8017 -0.4619 0.1056 0.7811 -0.4619 0.2093 0.7244 -0.4330 0.1941 0.7436 -0.4330 0.0979
4 16 0.7811 -0.4619 0.2093 0.7471 -0.4620 0.3095 0.6929 -0.4330 0.2870 0.7244 -0.4330 0.1941
4 16 0.7500 -0.4330 0.0000 0.7436 -0.4330 0.0979 0.6897 -0.3967 0.0908 0.6956 -0.3967 0.0000
4 16 0.7436 -0.4330 0.0979 0.7244 -0.4330 0.1941 0.6719 -0.3967 0.1800 0.6897 -0.3967 0.0908
4 16 0.7244 -0.4330 0.1941 0.6929 -0.4330 0.2870 0.6427 -0.3967 0.2662 0.6719 -0.3967 0.1800
4 16 0.6956 -0.3967 0.0000 0.6897 -0.3967 0.0908 0.6409 -0.3536 0.0844 0.6465 -0.3536 0.0000
4 16 0.6897 -0.3967 0.0908 0.6719 -0.3967 0.1800 0.6244 -0.3536 0.1673 0.6409 -0.3536 0.0844
4 16 0.6719 -0.3967 0.1800 0.6427 -0.3967 0.2662 0.5973 -0.3536 0.2474 0.6244 -0.3536 0.1673
4 16 0.6465 -0.3536 0.0000 0.6409 -0.3536 0.0844 0.5982 -0.3044 0.0787 0.6033 -0.3044 0.0000
4 16 0.6409 -0.3536 0.0844 0.6244 -0.3536 0.1673 0.5828 -0.3044 0.1562 0.5982 -0.3044 0.0787
4 16 0.6244 -0.3536 0.1673 0.5973 -0.3536 0.2474 0.5574 -0.3044 0.2309 0.5828 -0.3044 0.1562
4 16 0.6033 -0.3044 0.0000 0.5982 -0.3044 0.0787 0.5621 -0.2500 0.0740 0.5670 -0.2500 0.0000
4 16 0.5982 -0.3044 0.0787 0.5828 -0.3044 0.1562 0.5477 -0.2500 0.1467 0.5621 -0.2500 0.0740
4 16 0.5828 -0.3044 0.1562 0.5574 -0.3044 0.2309 0.5238 -0.2500 0.2170 0.5477 -0.2500 0.1467
4 16 0.5670 -0.2500 0.0000 0.5621 -0.2500 0.0740 0.5335 -0.1913 0.0702 0.5381 -0.1914 0.0000
4 16 0.5621 -0.2500 0.0740 0.5477 -0.2500 0.1467 0.5197 -0.1913 0.1393 0.5335 -0.1913 0.0702
4 16 0.5477 -0.2500 0.1467 0.5238 -0.2500 0.2170 0.4971 -0.1914 0.2059 0.5197 -0.1913 0.1393
4 16 0.5381 -0.1914 0.0000 0.5335 -0.1913 0.0702 0.5126 -0.1294 0.0675 0.5170 -0.1294 0.0000
4 16 0.5335 -0.1913 0.0702 0.5197 -0.1913 0.1393 0.4994 -0.1294 0.1338 0.5126 -0.1294 0.0675
4 16 0.5197 -0.1913 0.1393 0.4971 -0.1914 0.2059 0.4777 -0.1294 0.1979 0.4994 -0.1294 0.1338
4 16 0.5170 -0.1294 0.0000 0.5126 -0.1294 0.0675 0.5000 -0.0653 0.0658 0.5043 -0.0653 0.0000
4 16 0.5126 -0.1294 0.0675 0.4994 -0.1294 0.1338 0.4871 -0.0653 0.1305 0.5000 -0.0653 0.0658
4 16 0.4994 -0.1294 0.1338 0.4777 -0.1294 0.1979 0.4659 -0.0653 0.1930 0.4871 -0.0653 0.1305
4 16 0.5043 -0.0653 0.0000 0.5000 -0.0653 0.0658 0.4957 0.0000 0.0653 0.5000 0.0000 0.0000
4 16 0.5000 -0.0653 0.0658 0.4871 -0.0653 0.1305 0.4830 0.0000 0.1294 0.4957 0.0000 0.0653
4 16 0.4871 -0.0653 0.1305 0.4659 -0.0653 0.1930 0.4620 0.0000 0.1914 0.4830 0.0000 0.1294
4 16 0.5000 0.0000 0.0000 0.4957 0.0000 0.0653 0.5000 0.0653 0.0658 0.5043 0.0653 0.0000
4 16 0.4957 0.0000 0.0653 0.4830 0.0000 0.1294 0.4871 0.0653 0.1305 0.5000 0.0653 0.0658
4 16 0.4830 0.0000 0.1294 0.4620 0.0000 0.1914 0.4659 0.0653 0.1930 0.4871 0.0653 0.1305
4 16 0.5043 0.0653 0.0000 0.5000 0.0653 0.0658 0.5126 0.1294 0.0675 0.5170 0.1294 0.0000
4 16 0.5000 0.0653 0.0658 0.4871 0.0653 0.1305 0.4994 0.1294 0.1338 0.5126 0.1294 0.0675
4 16 0.4871 0.0653 0.1305 0.4659 0.0653 0.1930 0.4777 0.1294 0.1979 0.4994 0.1294 0.1338
4 16 0.5170 0.1294 0.0000 0.5126 0.1294 0.0675 0.5335 0.1913 0.0702 0.5381 0.1914 0.0000
4 16 0.5126 0.1294 0.0675 0.4994 0.1294 0.1338 0.5197 0.1913 0.1393 0.5335 0.1913 0.0702
4 16 0.4994 0.1294 0.1338 0.4777 0.1294 0.1979 0.4971 0.1914 0.2059 0.5197 0.1913 0.1393
4 16 0.5381 0.1914 0.0000 0.5335 0.1913 0.0702 0.5621 0.2500 0.0740 0.5670 0.2500 0.0000
4 16 0.5335 0.1913 0.0702 0.5197 0.1913 0.1393 0.5477 0.2500 0.1467 0.5621 0.2500 0.0740
4 16 0.5197 0.1913 0.1393 0.4971 0.1914 0.2059 0.5238 0.2500 0.2170 0.5477 0.2500 0.1467
4 16 0.5670 0.2500 0.0000 0.5621 0.2500 0.0740 0.5982 0.3044 0.0787 0.6033 0.3044 0.0000
4 16 0.5621 0.2500 0.0740 0.5477 0.2500 0.1467 0.5828 0.3044 0.1562 0.5982 0.3044 0.0787
4 16 0.5477 0.2500 0.1467 0.5238 0.2500 0.2170 0.5574 0.3044 0.2309 0.5828 0.3044 0.1562
4 16 0.6033 0.3044 0.0000 0.5982 0.3044 0.0787 0.6409 0.3536 0.0844 0.6465 0.3536 0.0000
4 16 0.5982 0.3044 0.0787 0.5828 0.3044 0.1562 0.6244 0.3536 0.1673 0.6409 0.3536 0.0844
4 16 0.5828 0.3044 0.1562 0.5574 0.3044 0.2309 0.5973 0.3536 0.2474 0.6244 0.3536 0.1673
4 16 0.6465 0.3536 0.0000 0.6409 0.3536 0.0844 0.6897 0.3967 0.0908 0.6956 0.3967 0.0000
4 16 0.6409 0.3536 0.0844 0.6244 0.3536 0.1673 0.6719 0.3967 0.1800 0.6897 0.3967 0.0908
4 16 0.6244 0.3536 0.1673 0.5973 0.3536 0.2474 0.6427 0.3967 0.2662 0.6719 0.3967 0.1800
4 16 0.6956 0.3967 0.0000 0.6897 0.3967 0.0908 0.7436 0.4330 0.0979 0.7500 0.4330 0.0000
4 16 0.6897 0.3967 0.0908 0.6719 0.3967 0.1800 0.7244 0.4330 0.1941 0.7436 0.4330 0.0979
4 16 0.6719 0.3967 0.1800 0.6427 0.3967 0.2662 0.6929 0.4330 0.2870 0.7244 0.4330 0.1941
4 16 0.7500 0.4330 0.0000 0.7436 0.4330 0.0979 0.8017 0.4619 0.1056 0.8087 0.4620 0.0000
4 16 0.7436 0.4330 0.0979 0.7244 0.4330 0.1941 0.7811 0.4619 0.2093 0.8017 0.4619 0.1056
4 16 0.7244 0.4330 0.1941 0.6929 0.4330 0.2870 0.7471 0.4620 0.3095 0.7811 0.4619 0.2093
4 16 0.8087 0.4620 0.0000 0.8017 0.4619 0.1056 0.8631 0.4830 0.1136 0.8706 0.4830 0.0000
4 16 0.8017 0.4619 0.1056 0.7811 0.4619 0.2093 0.8409 0.4830 0.2253 0.8631 0.4830 0.1136
4 16 0.7811 0.4619 0.2093 0.7471 0.4620 0.3095 0.8043 0.4830 0.3332 0.8409 0.4830 0.2253
4 16 0.8706 0.4830 0.0000 0.8631 0.4830 0.1136 0.9267 0.4957 0.1220 0.9347 0.4957 0.0000
4 16 0.8631 0.4830 0.1136 0.8409 0.4830 0.2253 0.9029 0.4957 0.2419 0.9267 0.4957 0.1220
4 16 0.8409 0.4830 0.2253 0.8043 0.4830 0.3332 0.8636 0.4957 0.3577 0.9029 0.4957 0.2419
4 16 0.9347 0.4957 0.0000 0.9267 0.4957 0.1220 0.9914 0.5000 0.1305 1.0000 0.5000 0.0000
4 16 0.9267 0.4957 0.1220 0.9029 0.4957 0.2419 0.9659 0.5000 0.2588 0.9914 0.5000 0.1305
4 16 0.9029 0.4957 0.2419 0.8636 0.4957 0.3577 0.9239 0.5000 0.3827 0.9659 0.5000 0.2588
4 16 0.9239 0.5000 0.3827 0.8660 0.5000 0.5000 0.9225 0.4957 0.5326 0.9842 0.4957 0.4077
4 16 0.8660 0.5000 0.5000 0.7934 0.5000 0.6088 0.8451 0.4957 0.6485 0.9225 0.4957 0.5326
4 16 0.7934 0.5000 0.6088 0.7071 0.5000 0.7071 0.7533 0.4957 0.7533 0.8451 0.4957 0.6485
4 16 0.9842 0.4957 0.4077 0.9225 0.4957 0.5326 0.9781 0.4830 0.5647 1.0434 0.4830 0.4322
4 16 0.9225 0.4957 0.5326 0.8451 0.4957 0.6485 0.8960 0.4830 0.6875 0.9781 0.4830 0.5647
4 16 0.8451 0.4957 0.6485 0.7533 0.4957 0.7533 0.7986 0.4830 0.7986 0.8960 0.4830 0.6875
4 16 1.0434 0.4830 0.4322 0.9781 0.4830 0.5647 1.0317 0.4619 0.5957 1.1007 0.4620 0.4559
4 16 0.9781 0.4830 0.5647 0.8960 0.4830 0.6875 0.9452 0.4619 0.7252 1.0317 0.4619 0.5957
4 16 0.8960 0.4830 0.6875 0.7986 0.4830 0.7986 0.8424 0.4620 0.8424 0.9452 0.4619 0.7252
4 16 1.1007 0.4620 0.4559 1.0317 0.4619 0.5957 1.0825 0.4330 0.6250 1.1548 0.4330 0.4784
4 16 1.0317 0.4619 0.5957 0.9452 0.4619 0.7252 0.9917 0.4330 0.7610 1.0825 0.4330 0.6250
4 16 0.9452 0.4619 0.7252 0.8424 0.4620 0.8424 0.8839 0.4330 0.8839 0.9917 0.4330 0.7610
4 16 1.1548 0.4330 0.4784 1.0825 0.4330 0.6250 1.1296 0.3967 0.6522 1.2051 0.3967 0.4992
4 16 1.0825 0.4330 0.6250 0.9917 0.4330 0.7610 1.0348 0.3967 0.7941 1.1296 0.3967 0.6522
4 16 0.9917 0.4330 0.7610 0.8839 0.4330 0.8839 0.9223 0.3967 0.9223 1.0348 0.3967 0.7941
4 16 1.2051 0.3967 0.4992 1.1296 0.3967 0.6522 1.1722 0.3536 0.6768 1.2505 0.3536 0.5180
4 16 1.1296 0.3967 0.6522 1.0348 0.3967 0.7941 1.0738 0.3536 0.8240 1.1722 0.3536 0.6768
4 16 1.0348 0.3967 0.7941 0.9223 0.3967 0.9223 0.9571 0.3536 0.9571 1.0738 0.3536 0.8240
4 16 1.2505 0.3536 0.5180 1.1722 0.3536 0.6768 1.2096 0.3044 0.6983 1.2904 0.3044 0.5345
4 16 1.1722 0.3536 0.6768 1.0738 0.3536 0.8240 1.1081 0.3044 0.8502 1.2096 0.3044 0.6983
4 16 1.0738 0.3536 0.8240 0.9571 0.3536 0.9571 0.9876 0.3044 0.9876 1.1081 0.3044 0.8502
4 16 1.2904 0.3044 0.5345 1.2096 0.3044 0.6983 1.2410 0.2500 0.7165 1.3239 0.2500 0.5484
4 16 1.2096 0.3044 0.6983 1.1081 0.3044 0.8502 1.1369 0.2500 0.8724 1.2410 0.2500 0.7165
4 16 1.1081 0.3044 0.8502 0.9876 0.3044 0.9876 1.0133 0.2500 1.0133 1.1369 0.2500 0.8724
4 16 1.3239 0.2500 0.5484 1.2410 0.2500 0.7165 1.2661 0.1913 0.7310 1.3507 0.1914 0.5595
4 16 1.2410 0.2500 0.7165 1.1369 0.2500 0.8724 1.1598 0.1913 0.8900 1.2661 0.1913 0.7310
4 16 1.1369 0.2500 0.8724 1.0133 0.2500 1.0133 1.0337 0.1914 1.0337 1.1598 0.1913 0.8900
4 16 1.3507 0.1914 0.5595 1.2661 0.1913 0.7310 1.2843 0.1294 0.7415 1.3701 0.1294 0.5675
4 16 1.2661 0.1913 0.7310 1.1598 0.1913 0.8900 1.1765 0.1294 0.9028 1.2843 0.1294 0.7415
4 16 1.1598 0.1913 0.8900 1.0337 0.1914 1.0337 1.0486 0.1294 1.0486 1.1765 0.1294 0.9028
4 16 1.3701 0.1294 0.5675 1.2843 0.1294 0.7415 1.2953 0.0653 0.7479 1.3819 0.0653 0.5724
4 16 1.2843 0.1294 0.7415 1.1765 0.1294 0.9028 1.1866 0.0653 0.9105 1.2953 0.0653 0.7479
4 16 1.1765 0.1294 0.9028 1.0486 0.1294 1.0486 1.0576 0.0653 1.0576 1.1866 0.0653 0.9105
4 16 1.3819 0.0653 0.5724 1.2953 0.0653 0.7479 1.2990 0.0000 0.7500 1.3859 0.0000 0.5741
4 16 1.2953 0.0653 0.7479 1.1866 0.0653 0.9105 1.1900 0.0000 0.9131 1.2990 0.0000 0.7500
4 16 1.1866 0.0653 0.9105 1.0576 0.0653 1.0576 1.0607 0.0000 1.0607 1.1900 0.0000 0.9131
4 16 1.3859 0.0000 0.5741 1.2990 0.0000 0.7500 1.2953 -0.0653 0.7479 1.3819 -0.0653 0.5724
4 16 1.2990 0.0000 0.7500 1.1900 0.0000 0.9131 1.1866 -0.0653 0.9105 1.2953 -0.0653 0.7479
4 16 1.1900 0.0000 0.9131 1.0607 0.0000 1.0607 1.0576 -0.0653 1.0576 1.1866 -0.0653 0.9105
4 16 1.3819 -0.0653 0.5724 1.2953 -0.0653 0.7479 1.2843 -0.1294 0.7415 1.3701 -0.1294 0.5675
4 16 1.2953 -0.0653 0.7479 1.1866 -0.0653 0.9105 1.1765 -0.1294 0.9028 1.2843 -0.1294 0.7415
4 16 1.1866 -0.0653 0.9105 1.0576 -0.0653 1.0576 1.0486 -0.1294 1.0486 1.1765 -0.1294 0.9028
4 16 1.3701 -0.1294 0.5675 1.2843 -0.1294 0.7415 1.2661 -0.1913 0.7310 1.3507 -0.1914 0.5595
4 16 1.2843 -0.1294 0.7415 1.1765 -0.1294 0.9028 1.1598 -0.1913 0.8900 1.2661 -0.1913 0.7310
4 16 1.1765 -0.1294 0.9028 1.0486 -0.1294 1.0486 1.0337 -0.1914 1.0337 1.1598 -0.1913 0.8900
4 16 1.3507 -0.1914 0.5595 1.2661 -0.1913 0.7310 1.2410 -0.2500 0.7165 1.3239 -0.2500 0.5484
4 16 1.2661 -0.1913 0.7310 1.1598 -0.1913 0.8900 1.1369 -0.2500 0.8724 1.2410 -0.2500 0.7165
4 16 1.1598 -0.1913 0.8900 1.0337 -0.1914 1.0337 1.0133 -0.2500 1.0133 1.1369 -0.2500 0.8724
4 16 1.3239 -0.2500 0.5484 1.2410 -0.2500 0.7165 1.2096 -0.3044 0.6983 1.2904 -0.3044 0.5345
4 16 1.2410 -0.2500 0.7165 1.1369 -0.2500 0.8724 1.1081 -0.3044 0.8502 1.2096 -0.3044 0.6983
4 16 1.1369 -0.2500 0.8724 1.0133 -0.2500 1.0133 0.9876 -0.3044 0.9876 1.1081 -0.3044 0.8502
4 16 1.2904 -0.3044 0.5345 1.2096 -0.3044 0.6983 1.1722 -0.3536 0.6768 1.2505 -0.3536 0.5180
4 16 1.2096 -0.3044 0.6983 1.1081 -0.3044 0.8502 1.0738 -0.3536 0.8240 1.1722 -0.3536 0.6768
4 16 1.1081 -0.3044 0.8502 0.9876 -0.3044 0.9876 0.9571 -0.3536 0.9571 1.0738 -0.3536 0.8240
4 16 1.2505 -0.3536 0.5180 1.1722 -0.3536 0.6768 1.1296 -0.3967 0.6522 1.2051 -0.3967 0.4992
4 16 1.1722 -0.3536 0.6768 1.0738 -0.3536 0.8240 1.0348 -0.3967 0.7941 1.1296 -0.3967 0.6522
4 16 1.0738 -0.3536 0.8240 0.9571 -0.3536 0.9571 0.9223 -0.3967 0.9223 1.0348 -0.3967 0.7941
4 16 1.2051 -0.3967 0.4992 1.1296 -0.3967 0.6522 1.0825 -0.4330 0.6250 1.1548 -0.4330 0.4784
4 16 1.1296 -0.3967 0.6522 1.0348 -0.3967 0.7941 0.9917 -0.4330 0.7610 1.0825 -0.4330 0.6250
4 16 1.0348 -0.3967 0.7941 0.9223 -0.3967 0.9223 0.8839 -0.4330 0.8839 0.9917 -0.4330 0.7610
4 16 1.1548 -0.4330 0.4784 1.0825 -0.4330 0.6250 1.0317 -0.4619 0.5957 1.1007 -0.4620 0.4559
4 16 1.0825 -0.4330 0.6250 0.9917 -0.4330 0.7610 0.9452 -0.4619 0.7252 1.0317 -0.4619 0.5957
4 16 0.9917 -0.4330 0.7610 0.8839 -0.4330 0.8839 0.8424 -0.4620 0.8424 0.9452 -0.4619 0.7252
4 16 1.1007 -0.4620 0.4559 1.0317 -0.4619 0.5957 0.9781 -0.4830 0.5647 1.0434 -0.4830 0.4322
4 16 1.0317 -0.4619 0.5957 0.9452 -0.4619 0.7252 0.8960 -0.4830 0.6875 0.9781 -0.4830 0.5647
4 16 0.9452 -0.4619 0.7252 0.8424 -0.4620 0.8424 0.7986 -0.4830 0.7986 0.8960 -0.4830 0.6875
4 16 1.0434 -0.4830 0.4322 0.9781 -0.4830 0.5647 0.9225 -0.4957 0.5326 0.9842 -0.4957 0.4077
4 16 0.9781 -0.4830 0.5647 0.8960 -0.4830 0.6875 0.8451 -0.4957 0.6485 0.9225 -0.4957 0.5326
4 16 0.8960 -0.4830 0.6875 0.7986 -0.4830 0.7986 0.7533 -0.4957 0.7533 0.8451 -0.4957 0.6485
4 16 0.9842 -0.4957 0.4077 0.9225 -0.4957 0.5326 0.8660 -0.5000 0.5000 0.9239 -0.5000 0.3827
4 16 0.9225 -0.4957 0.5326 0.8451 -0.4957 0.6485 0.7934 -0.5000 0.6088 0.8660 -0.5000 0.5000
4 16 0.8451 -0.4957 0.6485 0.7533 -0.4957 0.7533 0.7071 -0.5000 0.7071 0.7934 -0.5000 0.6088
4 16 0.9239 -0.5000 0.3827 0.8660 -0.5000 0.5000 0.8095 -0.4957 0.4674 0.8636 -0.4957 0.3577
4 16 0.8660 -0.5000 0.5000 0.7934 -0.5000 0.6088 0.7416 -0.4957 0.5690 0.8095 -0.4957 0.4674
4 16 0.7934 -0.5000 0.6088 0.7071 -0.5000 0.7071 0.6610 -0.4957 0.6610 0.7416 -0.4957 0.5690
4 16 0.8636 -0.4957 0.3577 0.8095 -0.4957 0.4674 0.7540 -0.4830 0.4353 0.8043 -0.4830 0.3332
4 16 0.8095 -0.4957 0.4674 0.7416 -0.4957 0.5690 0.6907 -0.4830 0.5300 0.7540 -0.4830 0.4353
4 16 0.7416 -0.4957 0.5690 0.6610 -0.4957 0.6610 0.6156 -0.4830 0.6156 0.6907 -0.4830 0.5300
4 16 0.8043 -0.4830 0.3332 0.7540 -0.4830 0.4353 0.7003 -0.4619 0.4043 0.7471 -0.4620 0.3095
4 16 0.7540 -0.4830 0.4353 0.6907 -0.4830 0.5300 0.6416 -0.4619 0.4923 0.7003 -0.4619 0.4043
4 16 0.6907 -0.4830 0.5300 0.6156 -0.4830 0.6156 0.5718 -0.4620 0.5718 0.6416 -0.4619 0.4923
4 16 0.7471 -0.4620 0.3095 0.7003 -0.4619 0.4043 0.6495 -0.4330 0.3750 0.6929 -0.4330 0.2870
4 16 0.7003 -0.4619 0.4043 0.6416 -0.4619 0.4923 0.5950 -0.4330 0.4566 0.6495 -0.4330 0.3750
4 16 0.6416 -0.4619 0.4923 0.5718 -0.4620 0.5718 0.5303 -0.4330 0.5303 0.5950 -0.4330 0.4566
4 16 0.6929 -0.4330 0.2870 0.6495 -0.4330 0.3750 0.6024 -0.3967 0.3478 0.6427 -0.3967 0.2662
4 16 0.6495 -0.4330 0.3750 0.5950 -0.4330 0.4566 0.5519 -0.3967 0.4235 0.6024 -0.3967 0.3478
4 16 0.5950 -0.4330 0.4566 0.5303 -0.4330 0.5303 0.4919 -0.3967 0.4919 0.5519 -0.3967 0.4235
4 16 0.6427 -0.3967 0.2662 0.6024 -0.3967 0.3478 0.5598 -0.3536 0.3232 0.5973 -0.3536 0.2474
4 16 0.6024 -0.3967 0.3478 0.5519 -0.3967 0.4235 0.5129 -0.3536 0.3935 0.5598 -0.3536 0.3232
4 16 0.5519 -0.3967 0.4235 0.4919 -0.3967 0.4919 0.4571 -0.3536 0.4571 0.5129 -0.3536 0.3935
4 16 0.5973 -0.3536 0.2474 0.5598 -0.3536 0.3232 0.5225 -0.3044 0.3017 0.5574 -0.3044 0.2309
4 16 0.5598 -0.3536 0.3232 0.5129 -0.3536 0.3935 0.4786 -0.3044 0.3673 0.5225 -0.3044 0.3017
4 16 0.5129 -0.3536 0.3935 0.4571 -0.3536 0.4571 0.4266 -0.3044 0.4266 0.4786 -0.3044 0.3673
4 16 0.5574 -0.3044 0.2309 0.5225 -0.3044 0.3017 0.4910 -0.2500 0.2835 0.5238 -0.2500 0.2170
4 16 0.5225 -0.3044 0.3017 0.4786 -0.3044 0.3673 0.4498 -0.2500 0.3452 0.4910 -0.2500 0.2835
4 16 0.4786 -0.3044 0.3673 0.4266 -0.3044 0.4266 0.4009 -0.2500 0.4009 0.4498 -0.2500 0.3452
4 16 0.5238 -0.2500 0.2170 0.4910 -0.2500 0.2835 0.4660 -0.1913 0.2690 0.4971 -0.1914 0.2059
4 16 0.4910 -0.2500 0.2835 0.4498 -0.2500 0.3452 0.4269 -0.1913 0.3276 0.4660 -0.1913 0.2690
4 16 0.4498 -0.2500 0.3452 0.4009 -0.2500 0.4009 0.3805 -0.1914 0.3805 0.4269 -0.1913 0.3276
4 16 0.4971 -0.1914 0.2059 0.4660 -0.1913 0.2690 0.4478 -0.1294 0.2585 0.4777 -0.1294 0.1979
4 16 0.4660 -0.1913 0.2690 0.4269 -0.1913 0.3276 0.4102 -0.1294 0.3148 0.4478 -0.1294 0.2585
4 16 0.4269 -0.1913 0.3276 0.3805 -0.1914 0.3805 0.3656 -0.1294 0.3656 0.4102 -0.1294 0.3148
4 16 0.4777 -0.1294 0.1979 0.4478 -0.1294 0.2585 0.4367 -0.0653 0.2521 0.4659 -0.0653 0.1930
4 16 0.4478 -0.1294 0.2585 0.4102 -0.1294 0.3148 0.4001 -0.0653 0.3070 0.4367 -0.0653 0.2521
4 16 0.4102 -0.1294 0.3148 0.3656 -0.1294 0.3656 0.3566 -0.0653 0.3566 0.4001 -0.0653 0.3070
4 16 0.4659 -0.0653 0.1930 0.4367 -0.0653 0.2521 0.4330 0.0000 0.2500 0.4620 0.0000 0.1914
4 16 0.4367 -0.0653 0.2521 0.4001 -0.0653 0.3070 0.3967 0.0000 0.3044 0.4330 0.0000 0.2500
4 16 0.4001 -0.0653 0.3070 0.3566 -0.0653 0.3566 0.3536 0.0000 0.3536 0.3967 0.0000 0.3044
4 16 0.4620 0.0000 0.1914 0.4330 0.0000 0.2500 0.4367 0.0653 0.2521 0.4659 0.0653 0.1930
4 16 0.4330 0.0000 0.2500 0.3967 0.0000 0.3044 0.4001 0.0653 0.3070 0.4367 0.0653 0.2521
4 16 0.3967 0.0000 0.3044 0.3536 0.0000 0.3536 0.3566 0.0653 0.3566 0.4001 0.0653 0.3070
4 16 0.4659 0.0653 0.1930 0.4367 0.0653 0.2521 0.4478 0.1294 0.2585 0.4777 0.1294 0.1979
4 16 0.4367 0.0653 0.2521 0.4001 0.0653 0.3070 0.4102 0.1294 0.3148 0.4478 0.1294 0.2585
4 16 0.4001 0.0653 0.3070 0.3566 0.0653 0.3566 0.3656 0.1294 0.3656 0.4102 0.1294 0.3148
4 16 0.4777 0.1294 0.1979 0.4478 0.1294 0.2585 0.4660 0.1913 0.2690 0.4971 0.1914 0.2059
4 16 0.4478 0.1294 0.2585 0.4102 0.1294 0.3148 0.4269 0.1913 0.3276 0.4660 0.1913 0.2690
4 16 0.4102 0.1294 0.3148 0.3656 0.1294 0.3656 0.3805 0.1914 0.3805 0.4269 0.1913 0.3276
4 16 0.4971 0.1914 0.2059 0.4660 0.1913 0.2690 0.4910 0.2500 0.2835 0.5238 0.2500 0.2170
4 16 0.4660 0.1913 0.2690 0.4269 0.1913 0.3276 0.4498 0.2500 0.3452 0.4910 0.2500 0.2835
4 16 0.4269 0.1913 0.3276 0.3805 0.1914 0.3805 0.4009 0.2500 0.4009 0.4498 0.2500 0.3452
4 16 0.5238 0.2500 0.2170 0.4910 0.2500 0.2835 0.5225 0.3044 0.3017 0.5574 0.3044 0.2309
4 16 0.4910 0.2500 0.2835 0.4498 0.2500 0.3452 0.4786 0.3044 0.3673 0.5225 0.3044 0.3017
4 16 0.4498 0.2500 0.3452 0.4009 0.2500 0.4009 0.4266 0.3044 0.4266 0.4786 0.3044 0.3673
4 16 0.5574 0.3044 0.2309 0.5225 0.3044 0.3017 0.5598 0.3536 0.3232 0.5973 0.3536 0.2474
4 16 0.5225 0.3044 0.3017 0.4786 0.3044 0.3673 0.5129 0.3536 0.3935 0.5598 0.3536 0.3232
4 16 0.4786 0.3044 0.3673 0.4266 0.3044 0.4266 0.4571 0.3536 0.4571 0.5129 0.3536 0.3935
4 16 0.5973 0.3536 0.2474 0.5598 0.3536 0.3232 0.6024 0.3967 0.3478 0.6427 0.3967 0.2662
4 16 0.5598 0.3536 0.3232 0.5129 0.3536 0.3935 0.5519 0.3967 0.4235 0.6024 0.3967 0.3478
4 16 0.5129 0.3536 0.3935 0.4571 0.3536 0.4571 0.4919 0.3967 0.4919 0.5519 0.3967 0.4235
4 16 0.6427 0.3967 0.2662 0.6024 0.3967 0.3478 0.6495 0.4330 0.3750 0.6929 0.4330 0.2870
4 16 0.6024 0.3967 0.3478 0.5519 0.3967 0.4235 0.5950 0.4330 0.4566 0.6495 0.4330 0.3750
4 16 0.5519 0.3967 0.4235 0.4919 0.3967 0.4919 0.5303 0.4330 0.5303 0.5950 0.4330 0.4566
4 16 0.6929 0.4330 0.2870 0.6495 0.4330 0.3750 0.7003 0.4619 0.4043 0.7471 0.4620 0.3095
4 16 0.6495 0.4330 0.3750 0.5950 0.4330 0.4566 0.6416 0.4619 0.4923 0.7003 0.4619 0.4043
4 16 0.5950 0.4330 0.4566 0.5303 0.4330 0.5303 0.5718 0.4620 0.5718 0.6416 0.4619 0.4923
4 16 0.7471 0.4620 0.3095 0.7003 0.4619 0.4043 0.7540 0.4830 0.4353 0.8043 0.4830 0.3332
4 16 0.7003 0.4619 0.4043 0.6416 0.4619 0.4923 0.6907 0.4830 0.5300 0.7540 0.4830 0.4353
4 16 0.6416 0.4619 0.4923 0.5718 0.4620 0.5718 0.6156 0.4830 0.6156 0.6907 0.4830 0.5300
4 16 0.8043 0.4830 0.3332 0.7540 0.4830 0.4353 0.8095 0.4957 0.4674 0.8636 0.4957 0.3577
4 16 0.7540 0.4830 0.4353 0.6907 0.4830 0.5300 0.7416 0.4957 0.5690 0.8095 0.4957 0.4674
4 16 0.6907 0.4830 0.5300 0.6156 0.4830 0.6156 0.6610 0.4957 0.6610 0.7416 0.4957 0.5690
4 16 0.8636 0.4957 0.3577 0.8095 0.4957 0.4674 0.8660 0.5000 0.5000 0.9239 0.5000 0.3827
4 16 0.8095 0.4957 0.4674 0.7416 0.4957 0.5690 0.7934 0.5000 0.6088 0.8660 0.5000 0.5000
4 16 0.7416 0.4957 0.5690 0.6610 0.4957 0.6610 0.7071 0.5000 0.7071 0.7934 0.5000 0.6088
4 16 0.7071 0.5000 0.7071 0.6088 0.5000 0.7934 0.6485 0.4957 0.8451 0.7533 0.4957 0.7533
4 16 0.6088 0.5000 0.7934 0.5000 0.5000 0.8660 0.5326 0.4957 0.9225 0.6485 0.4957 0.8451
4 16 0.5000 0.5000 0.8660 0.3827 0.5000 0.9239 0.4077 0.4957 0.9842 0.5326 0.4957 0.9225
4 16 0.7533 0.4957 0.7533 0.6485 0.4957 0.8451 0.6875 0.4830 0.8960 0.7986 0.4830 0.7986
4 16 0.6485 0.4957 0.8451 0.5326 0.4957 0.9225 0.5647 0.4830 0.9781 0.6875 0.4830 0.8960
4 16 0.5326 0.4957 0.9225 0.4077 0.4957 0.9842 0.4322 0.4830 1.0434 0.5647 0.4830 0.9781
4 16 0.7986 0.4830 0.7986 0.6875 0.4830 0.8960 0.7252 0.4619 0.9452 0.8424 0.4620 0.8424
4 16 0.6875 0.4830 0.8960 0.5647 0.4830 0.9781 0.5957 0.4619 1.0317 0.7252 0.4619 0.9452
4 16 0.5647 0.4830 0.9781 0.4322 0.4830 1.0434 0.4559 0.4620 1.1007 0.5957 0.4619 1.0317
4 16 0.8424 0.4620 0.8424 0.7252 0.4619 0.9452 0.7610 0.4330 0.9917 0.8839 0.4330 0.8839
4 16 0.7252 0.4619 0.9452 0.5957 0.4619 1.0317 0.6250 0.4330 1.0825 0.7610 0.4330 0.9917
4 16 0.5957 0.4619 1.0317 0.4559 0.4620 1.1007 0.4784 0.4330 1.1548 0.6250 0.4330 1.0825
4 16 0.8839 0.4330 0.8839 0.7610 0.4330 0.9917 0.7941 0.3967 1.0348 0.9223 0.3967 0.9223
4 16 0.7610 0.4330 0.9917 0.6250 0.4330 1.0825 0.6522 0.3967 1.1296 0.7941 0.3967 1.0348
4 16 0.6250 0.4330 1.0825 0.4784 0.4330 1.1548 0.4992 0.3967 1.2051 0.6522 0.3967 1.1296
4 16 0.9223 0.3967 0.9223 0.7941 0.3967 1.0348 0.8240 0.3536 1.0738 0.9571 0.3536 0.9571
4 16 0.7941 0.3967 1.0348 0.6522 0.3967 1.1296 0.6768 0.3536 1.1722 0.8240 0.3536 1.0738
4 16 0.6522 0.3967 1.1296 0.4992 0.3967 1.2051 0.5180 0.3536 1.2505 0.6768 0.3536 1.1722
4 16 0.9571 0.3536 0.9571 0.8240 0.3536 1.0738 0.8502 0.3044 1.1081 0.9876 0.3044 0.9876
4 16 0.8240 0.3536 1.0738 0.6768 0.3536 1.1722 0.6983 0.3044 1.2096 0.8502 0.3044 1.1081
4 16 0.6768 0.3536 1.1722 0.5180 0.3536 1.2505 0.5345 0.3044 1.2904 0.6983 0.3044 1.2096
4 16 0.9876 0.3044 0.9876 0.8502 0.3044 1.1081 0.8724 0.2500 1.1369 1.0133 0.2500 1.0133
4 16 0.8502 0.3044 1.1081 0.6983 0.3044 1.2096 0.7165 0.2500 1.2410 0.8724 0.2500 1.1369
4 16 0.6983 0.3044 1.2096 0.5345 0.3044 1.2904 0.5484 0.2500 1.3239 0.7165 0.2500 1.2410
4 16 1.0133 0.2500 1.0133 0.8724 0.2500 1.1369 0.8900 0.1913 1.1598 1.0337 0.1914 1.0337
4 16 0.8724 0.2500 1.1369 0.7165 0.2500 1.2410 0.7310 0.1913 1.2661 0.8900 0.1913 1.1598
4 16 0.7165 0.2500 1.2410 0.5484 0.2500 1.3239 0.5595 0.1914 1.3507 0.7310 0.1913 1.2661
4 16 1.0337 0.1914 1.0337 0.8900 0.1913 1.1598 0.9028 0.1294 1.1765 1.0486 0.1294 1.0486
4 16 0.8900 0.1913 1.1598 0.7310 0.1913 1.2661 0.7415 0.1294 1.2843 0.9028 0.1294 1.1765
4 16 0.7310 0.1913 1.2661 0.5595 0.1914 1.3507 0.5675 0.1294 1.3701 0.7415 0.1294 1.2843
4 16 1.0486 0.1294 1.0486 0.9028 0.1294 1.1765 0.9105 0.0653 1.1866 1.0576 0.0653 1.0576
4 16 0.9028 0.1294 1.1765 0.7415 0.1294 1.2843 0.7479 0.0653 1.2953 0.9105 0.0653 1.1866
4 16 0.7415 0.1294 1.2843 0.5675 0.1294 1.3701 0.5724 0.0653 1.3819 0.7479 0.0653 1.2953
4 16 1.0576 0.0653 1.0576 0.9105 0.0653 1.1866 0.9131 0.0000 1.1900 1.0607 0.0000 1.0607
4 16 0.9105 0.0653 1.1866 0.7479 0.0653 1.2953 0.7500 0.0000 1.2990 0.9131 0.0000 1.1900
4 16 0.7479 0.0653 1.2953 0.5724 0.0653 1.3819 0.5741 0.0000 1.3859 0.7500 0.0000 1.2990
4 16 1.0607 0.0000 1.0607 0.9131 0.0000 1.1900 0.9105 -0.0653 1.1866 1.0576 -0.0653 1.0576
4 16 0.9131 0.0000 1.1900 0.7500 0.0000 1.2990 0.7479 -0.0653 1.2953 0.9105 -0.0653 1.1866
4 16 0.7500 0.0000 1.2990 0.5741 0.0000 1.3859 0.5724 -0.0653 1.3819 0.7479 -0.0653 1.2953
4 16 1.0576 -0.0653 1.0576 0.9105 -0.0653 1.1866 0.9028 -0.1294 1.1765 1.0486 -0.1294 1.0486
4 16 0.9105 -0.0653 1.1866 0.7479 -0.0653 1.2953 0.7415 -0.1294 1.2843 0.9028 -0.1294 1.1765
4 16 0.7479 -0.0653 1.2953 0.5724 -0.0653 1.3819 0.5675 -0.1294 1.3701 0.7415 -0.1294 1.2843
4 16 1.0486 -0.1294 1.0486 0.9028 -0.1294 1.1765 0.8900 -0.1913 1.1598 1.0337 -0.1914 1.0337
4 16 0.9028 -0.1294 1.1765 0.7415 -0.1294 1.2843 0.7310 -0.1913 1.2661 0.8900 -0.1913 1.1598
4 16 0.7415 -0.1294 1.2843 0.5675 -0.1294 1.3701 0.5595 -0.1914 1.3507 0.7310 -0.1913 1.2661
4 16 1.0337 -0.1914 1.0337 0.8900 -0.1913 1.1598 0.8724 -0.2500 1.1369 1.0133 -0.2500 1.0133
4 16 0.8900 -0.1913 1.1598 0.7310 -0.1913 1.2661 0.7165 -0.2500 1.2410 0.8724 -0.2500 1.1369
4 16 0.7310 -0.1913 1.2661 0.5595 -0.1914 1.3507 0.5484 -0.2500 1.3239 0.7165 -0.2500 1.2410
4 16 1.0133 -0.2500 1.0133 0.8724 -0.2500 1.1369 0.8502 -0.3044 1.1081 0.9876 -0.3044 0.9876
4 16 0.8724 -0.2500 1.1369 0.7165 -0.2500 1.2410 0.6983 -0.3044 1.2096 0.8502 -0.3044 1.1081
4 16 0.7165 -0.2500 1.2410 0.5484 -0.2500 1.3239 0.5345 -0.3044 1.2904 0.6983 -0.3044 1.2096
4 16 0.9876 -0.3044 0.9876 0.8502 -0.3044 1.1081 0.8240 -0.3536 1.0738 0.9571 -0.3536 0.9571
4 16 0.8502 -0.3044 1.1081 0.6983 -0.3044 1.2096 0.6768 -0.3536 1.1722 0.8240 -0.3536 1.0738
4 16 0.6983 -0.3044 1.2096 0.5345 -0.3044 1.2904 0.5180 -0.3536 1.2505 0.6768 -0.3536 1.1722
4 16 0.9571 -0.3536 0.9571 0.8240 -0.3536 1.0738 0.7941 -0.3967 1.0348 0.9223 -0.3967 0.9223
4 16 0.8240 -0.3536 1.0738 0.6768 -0.3536 1.1722 0.6522 -0.3967 1.1296 0.7941 -0.3967 1.0348
4 16 0.6768 -0.3536 1.1722 0.5180 -0.3536 1.2505 0.4992 -0.3967 1.2051 0.6522 -0.3967 1.1296
4 16 0.9223 -0.3967 0.9223 0.7941 -0.3967 1.0348 0.7610 -0.4330 0.9917 0.8839 -0.4330 0.8839
4 16 0.7941 -0.3967 1.0348 0.6522 -0.3967 1.1296 0.6250 -0.4330 1.0825 0.7610 -0.4330 0.9917
4 16 0.6522 -0.3967 1.1296 0.4992 -0.3967 1.2051 0.4784 -0.4330 1.1548 0.6250 -0.4330 1.0825
4 16 0.8839 -0.4330 0.8839 0.7610 -0.4330 0.9917 0.7252 -0.4619 0.9452 0.8424 -0.4620 0.8424
4 16 0.7610 -0.4330 0.9917 0.6250 -0.4330 1.0825 0.5957 -0.4619 1.0317 0.7252 -0.4619 0.9452
4 16 0.6250 -0.4330 1.0825 0.4784 -0.4330 1.1548 0.4559 -0.4620 1.1007 0.5957 -0.4619 1.0317
4 16 0.8424 -0.4620 0.8424 0.7252 -0.4619 0.9452 0.6875 -0.4830 0.8960 0.7986 -0.4830 0.7986
4 16 0.7252 -0.4619 0.9452 0.5957 -0.4619 1.0317 0.5647 -0.4830 0.9781 0.6875 -0.4830 0.8960
4 16 0.5957 -0.4619 1.0317 0.4559 -0.4620 1.1007 0.4322 -0.4830 1.0434 0.5647 -0.4830 0.9781
4 16 0.7986 -0.4830 0.7986 0.6875 -0.4830 0.8960 0.6485 -0.4957 0.8451 0.7533 -0.4957 0.7533
4 16 0.6875 -0.4830 0.8960 0.5647 -0.4830 0.9781 0.5326 -0.4957 0.9225 0.6485 -0.4957 0.8451
4 16 0.5647 -0.4830 0.9781 0.4322 -0.4830 1.0434 0.4077 -0.4957 0.9842 0.5326 -0.4957 0.9225
4 16 0.7533 -0.4957 0.7533 0.6485 -0.4957 0.8451 0.6088 -0.5000 0.7934 0.7071 -0.5000 0.7071
4 16 0.6485 -0.4957 0.8451 0.5326 -0.4957 0.9225 0.5000 -0.5000 0.8660 0.6088 -0.5000 0.7934
4 16 0.5326 -0.4957 0.9225 0.4077 -0.4957 0.9842 0.3827 -0.5000 0.9239 0.5000 -0.5000 0.8660
4 16 0.7071 -0.5000 0.7071 0.6088 -0.5000 0.7934 0.5690 -0.4957 0.7416 0.6610 -0.4957 0.6610
4 16 0.6088 -0.5000 0.7934 0.5000 -0.5000 0.8660 0.4674 -0.4957 0.8095 0.5690 -0.4957 0.7416
4 16 0.5000 -0.5000 0.8660 0.3827 -0.5000 0.9239 0.3577 -0.4957 0.8636 0.4674 -0.4957 0.8095
4 16 0.6610 -0.4957 0.6610 0.5690 -0.4957 0.7416 0.5300 -0.4830 0.6907 0.6156 -0.4830 0.6156
4 16 0.5690 -0.4957 0.7416 0.4674 -0.4957 0.8095 0.4353 -0.4830 0.7540 0.5300 -0.4830 0.6907
4 16 0.4674 -0.4957 0.8095 0.3577 -0.4957 0.8636 0.3332 -0.4830 0.8043 0.4353 -0.4830 0.7540
4 16 0.6156 -0.4830 0.6156 0.5300 -0.4830 0.6907 0.4923 -0.4619 0.6416 0.5718 -0.4620 0.5718
4 16 0.5300 -0.4830 0.6907 0.4353 -0.4830 0.7540 0.4043 -0.4619 0.7003 0.4923 -0.4619 0.6416
4 16 0.4353 -0.4830 0.7540 0.3332 -0.4830 0.8043 0.3095 -0.4620 0.7471 0.4043 -0.4619 0.7003
4 16 0.5718 -0.4620 0.5718 0.4923 -0.4619 0.6416 0.4566 -0.4330 0.5950 0.5303 -0.4330 0.5303
4 16 0.4923 -0.4619 0.6416 0.4043 -0.4619 0.7003 0.3750 -0.4330 0.6495 0.4566 -0.4330 0.5950
4 16 0.4043 -0.4619 0.7003 0.3095 -0.4620 0.7471 0.2870 -0.4330 0.6929 0.3750 -0.4330 0.6495
4 16 0.5303 -0.4330 0.5303 0.4566 -0.4330 0.5950 0.4235 -0.3967 0.5519 0.4919 -0.3967 0.4919
4 16 0.4566 -0.4330 0.5950 0.3750 -0.4330 0.6495 0.3478 -0.3967 0.6024 0.4235 -0.3967 0.5519
4 16 0.3750 -0.4330 0.6495 0.2870 -0.4330 0.6929 0.2662 -0.3967 0.6427 0.3478 -0.3967 0.6024
4 16 0.4919 -0.3967 0.4919 0.4235 -0.3967 0.5519 0.3935 -0.3536 0.5129 0.4571 -0.3536 0.4571
4 16 0.4235 -0.3967 0.5519 0.3478 -0.3967 0.6024 0.3232 -0.3536 0.5598 0.3935 -0.3536 0.5129
4 16 0.3478 -0.3967 0.6024 0.2662 -0.3967 0.6427 0.2474 -0.3536 0.5973 0.3232 -0.3536 0.5598
4 16 0.4571 -0.3536 0.4571 0.3935 -0.3536 0.5129 0.3673 -0.3044 0.4786 0.4266 -0.3044 0.4266
4 16 0.3935 -0.3536 0.5129 0.3232 -0.3536 0.5598 0.3017 -0.3044 0.5225 0.3673 -0.3044 0.4786
4 16 0.3232 -0.3536 0.5598 0.2474 -0.3536 0.5973 0.2309 -0.3044 0.5574 0.3017 -0.3044 0.5225
4 16 0.4266 -0.3044 0.4266 0.3673 -0.3044 0.4786 0.3452 -0.2500 0.4498 0.4009 -0.2500 0.4009
4 16 0.3673 -0.3044 0.4786 0.3017 -0.3044 0.5225 0.2835 -0.2500 0.4910 0.3452 -0.2500 0.4498
4 16 0.3017 -0.3044 0.5225 0.2309 -0.3044 0.5574 0.2170 -0.2500 0.5238 0.2835 -0.2500 0.4910
4 16 0.4009 -0.2500 0.4009 0.3452 -0.2500 0.4498 0.3276 -0.1913 0.4269 0.3805 -0.1914 0.3805
4 16 0.3452 -0.2500 0.4498 0.2835 -0.2500 0.4910 0.2690 -0.1913 0.4660 0.3276 -0.1913 0.4269
4 16 0.2835 -0.2500 0.4910 0.2170 -0.2500 0.5238 0.2059 -0.1914 0.4971 0.2690 -0.1913 0.4660
4 16 0.3805 -0.1914 0.3805 0.3276 -0.1913 0.4269 0.3148 -0.1294 0.4102 0.3656 -0.1294 0.3656
4 16 0.3276 -0.1913 0.4269 0.2690 -0.1913 0.4660 0.2585 -0.1294 0.4478 0.3148 -0.1294 0.4102
4 16 0.2690 -0.1913 0.4660 0.2059 -0.1914 0.4971 0.1979 -0.1294 0.4777 0.2585 -0.1294 0.4478
4 16 0.3656 -0.1294 0.3656 0.3148 -0.1294 0.4102 0.3070 -0.0653 0.4001 0.3566 -0.0653 0.3566
4 16 0.3148 -0.1294 0.4102 0.2585 -0.1294 0.4478 0.2521 -0.0653 0.4367 0.3070 -0.0653 0.4001
4 16 0.2585 -0.1294 0.4478 0.1979 -0.1294 0.4777 0.1930 -0.0653 0.4659 0.2521 -0.0653 0.4367
4 16 0.3566 -0.0653 0.3566 0.3070 -0.0653 0.4001 0.3044 0.0000 0.3967 0.3536 0.0000 0.3536
4 16 0.3070 -0.0653 0.4001 0.2521 -0.0653 0.4367 0.2500 0.0000 0.4330 0.3044 0.0000 0.3967
4 16 0.2521 -0.0653 0.4367 0.1930 -0.0653 0.4659 0.1914 0.0000 0.4620 0.2500 0.0000 0.4330
4 16 0.3536 0.0000 0.3536 0.3044 0.0000 0.3967 0.3070 0.0653 0.4001 0.3566 0.0653 0.3566
4 16 0.3044 0.0000 0.3967 0.2500 0.0000 0.4330 0.2521 0.0653 0.4367 0.3070 0.0653 0.4001
4 16 0.2500 0.0000 0.4330 0.1914 0.0000 0.4620 0.1930 0.0653 0.4659 0.2521 0.0653 0.4367
4 16 0.3566 0.0653 0.3566 0.3070 0.0653 0.4001 0.3148 0.1294 0.4102 0.3656 0.1294 0.3656
4 16 0.3070 0.0653 0.4001 0.2521 0.0653 0.4367 0.2585 0.1294 0.4478 0.3148 0.1294 0.4102
4 16 0.2521 0.0653 0.4367 0.1930 0.0653 0.4659 0.1979 0.1294 0.4777 0.2585 0.1294 0.4478
4 16 0.3656 0.1294 0.3656 0.3148 0.1294 0.4102 0.3276 0.1913 0.4269 0.3805 0.1914 0.3805
4 16 0.3148 0.1294 0.4102 0.2585 0.1294 0.4478 0.2690 0.1913 0.4660 0.3276 0.1913 0.4269
4 16 0.2585 0.1294 0.4478 0.1979 0.1294 0.4777 0.2059 0.1914 0.4971 0.2690 0.1913 0.4660
4 16 0.3805 0.1914 0.3805 0.3276 0.1913 0.4269 0.3452 0.2500 0.4498 0.4009 0.2500 0.4009
4 16 0.3276 0.1913 0.4269 0.2690 0.1913 0.4660 0.2835 0.2500 0.4910 0.3452 0.2500 0.4498
4 16 0.2690 0.1913 0.4660 0.2059 0.1914 0.4971 0.2170 0.2500 0.5238 0.2835 0.2500 0.4910
4 16 0.4009 0.2500 0.4009 0.3452 0.2500 0.4498 0.3673 0.3044 0.4786 0.4266 0.3044 0.4266
4 16 0.3452 0.2500 0.4498 0.2835 0.2500 0.4910 0.3017 0.3044 0.5225 0.3673 0.3044 0.4786
4 16 0.2835 0.2500 0.4910 0.2170 0.2500 0.5238 0.2309 0.3044 0.5574 0.3017 0.3044 0.5225
4 16 0.4266 0.3044 0.4266 0.3673 0.3044 0.4786 0.3935 0.3536 0.5129 0.4571 0.3536 0.4571
4 16 0.3673 0.3044 0.4786 0.3017 0.3044 0.5225 0.3232 0.3536 0.5598 0.3935 0.3536 0.5129
4 16 0.3017 0.3044 0.5225 0.2309 0.3044 0.5574 0.2474 0.3536 0.5973 0.3232 0.3536 0.5598
4 16 0.4571 0.3536 0.4571 0.3935 0.3536 0.5129 0.4235 0.3967 0.5519 0.4919 0.3967 0.4919
4 16 0.3935 0.3536 0.5129 0.3232 0.3536 0.5598 0.3478 0.3967 0.6024 0.4235 0.3967 0.5519
4 16 0.3232 0.3536 0.5598 0.2474 0.3536 0.5973 0.2662 0.3967 0.6427 0.3478 0.3967 0.6024
4 16 0.4919 0.3967 0.4919 0.4235 0.3967 0.5519 0.4566 0.4330 0.5950 0.5303 0.4330 0.5303
4 16 0.4235 0.3967 0.5519 0.3478 0.3967 0.6024 0.3750 0.4330 0.6495 0.4566 0.4330 0.5950
4 16 0.3478 0.3967 0.6024 0.2662 0.3967 0.6427 0.2870 0.4330 0.6929 0.3750 0.4330 0.6495
4 16 0.5303 0.4330 0.5303 0.4566 0.4330 0.5950 0.4923 0.4619 0.6416 0.5718 0.4620 0.5718
4 16 0.4566 0.4330 0.5950 0.3750 0.4330 0.6495 0.4043 0.4619 0.7003 0.4923 0.4619 0.6416
4 16 0.3750 0.4330 0.6495 0.2870 0.4330 0.6929 0.3095 0.4620 0.7471 0.4043 0.4619 0.7003
4 16 0.5718 0.4620 0.5718 0.4923 0.4619 0.6416 0.5300 0.4830 0.6907 0.6156 0.4830 0.6156
4 16 0.4923 0.4619 0.6416 0.4043 0.4619 0.7003 0.4353 0.4830 0.7540 0.5300 0.4830 0.6907
4 16 0.4043 0.4619 0.7003 0.3095 0.4620 0.7471 0.3332 0.4830 0.8043 0.4353 0.4830 0.7540
4 16 0.6156 0.4830 0.6156 0.5300 0.4830 0.6907 0.5690 0.4957 0.7416 0.6610 0.4957 0.6610
4 16 0.5300 0.4830 0.6907 0.4353 0.4830 0.7540 0.4674 0.4957 0.8095 0.5690 0.4957 0.7416
4 16 0.4353 0.4830 0.7540 0.3332 0.4830 0.8043 0.3577 0.4957 0.8636 0.4674 0.4957 0.8095
4 16 0.6610 0.4957 0.6610 0.5690 0.4957 0.7416 0.6088 0.5000 0.7934 0.7071 0.5000 0.7071
4 16 0.5690 0.4957 0.7416 0.4674 0.4957 0.8095 0.5000 0.5000 0.8660 0.6088 0.5000 0.7934
4 16 0.4674 0.4957 0.8095 0.3577 0.4957 0.8636 0.3827 0.5000 0.9239 0.5000 0.5000 0.8660
4 16 0.3827 0.5000 0.9239 0.2588 0.5000 0.9659 0.2757 0.4957 1.0290 0.4077 0.4957 0.9842
4 16 0.2588 0.5000 0.9659 0.1305 0.5000 0.9914 0.1390 0.4957 1.0562 0.2757 0.4957 1.0290
4 16 0.1305 0.5000 0.9914 0.0000 0.5000 1.0000 0.0000 0.4957 1.0653 0.1390 0.4957 1.0562
4 16 0.4077 0.4957 0.9842 0.2757 0.4957 1.0290 0.2923 0.4830 1.0909 0.4322 0.4830 1.0434
4 16 0.2757 0.4957 1.0290 0.1390 0.4957 1.0562 0.1474 0.4830 1.1197 0.2923 0.4830 1.0909
4 16 0.1390 0.4957 1.0562 0.0000 0.4957 1.0653 0.0000 0.4830 1.1294 0.1474 0.4830 1.1197
4 16 0.4322 0.4830 1.0434 0.2923 0.4830 1.0909 0.3083 0.4619 1.1507 0.4559 0.4620 1.1007
4 16 0.2923 0.4830 1.0909 0.1474 0.4830 1.1197 0.1555 0.4619 1.1812 0.3083 0.4619 1.1507
4 16 0.1474 0.4830 1.1197 0.0000 0.4830 1.1294 0.0000 0.4620 1.1914 0.1555 0.4619 1.1812
4 16 0.4559 0.4620 1.1007 0.3083 0.4619 1.1507 0.3235 0.4330 1.2074 0.4784 0.4330 1.1548
4 16 0.3083 0.4619 1.1507 0.1555 0.4619 1.1812 0.1632 0.4330 1.2393 0.3235 0.4330 1.2074
4 16 0.1555 0.4619 1.1812 0.0000 0.4620 1.1914 0.0000 0.4330 1.2500 0.1632 0.4330 1.2393
4 16 0.4784 0.4330 1.1548 0.3235 0.4330 1.2074 0.3376 0.3967 1.2599 0.4992 0.3967 1.2051
4 16 0.3235 0.4330 1.2074 0.1632 0.4330 1.2393 0.1703 0.3967 1.2932 0.3376 0.3967 1.2599
4 16 0.1632 0.4330 1.2393 0.0000 0.4330 1.2500 0.0000 0.3967 1.3044 0.1703 0.3967 1.2932
4 16 0.4992 0.3967 1.2051 0.3376 0.3967 1.2599 0.3503 0.3536 1.3074 0.5180 0.3536 1.2505
4 16 0.3376 0.3967 1.2599 0.1703 0.3967 1.2932 0.1767 0.3536 1.3420 0.3503 0.3536 1.3074
4 16 0.1703 0.3967 1.2932 0.0000 0.3967 1.3044 0.0000 0.3536 1.3536 0.1767 0.3536 1.3420
4 16 0.5180 0.3536 1.2505 0.3503 0.3536 1.3074 0.3615 0.3044 1.3491 0.5345 0.3044 1.2904
4 16 0.3503 0.3536 1.3074 0.1767 0.3536 1.3420 0.1823 0.3044 1.3847 0.3615 0.3044 1.3491
4 16 0.1767 0.3536 1.3420 0.0000 0.3536 1.3536 0.0000 0.3044 1.3967 0.1823 0.3044 1.3847
4 16 0.5345 0.3044 1.2904 0.3615 0.3044 1.3491 0.3709 0.2500 1.3842 0.5484 0.2500 1.3239
4 16 0.3615 0.3044 1.3491 0.1823 0.3044 1.3847 0.1870 0.2500 1.4208 0.3709 0.2500 1.3842
4 16 0.1823 0.3044 1.3847 0.0000 0.3044 1.3967 0.0000 0.2500 1.4330 0.1870 0.2500 1.4208
4 16 0.5484 0.2500 1.3239 0.3709 0.2500 1.3842 0.3784 0.1913 1.4121 0.5595 0.1914 1.3507
4 16 0.3709 0.2500 1.3842 0.1870 0.2500 1.4208 0.1908 0.1913 1.4494 0.3784 0.1913 1.4121
4 16 0.1870 0.2500 1.4208 0.0000 0.2500 1.4330 0.0000 0.1914 1.4620 0.1908 0.1913 1.4494
4 16 0.5595 0.1914 1.3507 0.3784 0.1913 1.4121 0.3838 0.1294 1.4324 0.5675 0.1294 1.3701
4 16 0.3784 0.1913 1.4121 0.1908 0.1913 1.4494 0.1936 0.1294 1.4703 0.3838 0.1294 1.4324
4 16 0.1908 0.1913 1.4494 0.0000 0.1914 1.4620 0.0000 0.1294 1.4830 0.1936 0.1294 1.4703
4 16 0.5675 0.1294 1.3701 0.3838 0.1294 1.4324 0.3871 0.0653 1.4448 0.5724 0.0653 1.3819
4 16 0.3838 0.1294 1.4324 0.1936 0.1294 1.4703 0.1952 0.0653 1.4829 0.3871 0.0653 1.4448
4 16 0.1936 0.1294 1.4703 0.0000 0.1294 1.4830 0.0000 0.0653 1.4957 0.1952 0.0653 1.4829
4 16 0.5724 0.0653 1.3819 0.3871 0.0653 1.4448 0.3882 0.0000 1.4489 0.5741 0.0000 1.3859
4 16 0.3871 0.0653 1.4448 0.1952 0.0653 1.4829 0.1958 0.0000 1.4872 0.3882 0.0000 1.4489
4 16 0.1952 0.0653 1.4829 0.0000 0.0653 1.4957 0.0000 0.0000 1.5000 0.1958 0.0000 1.4872
4 16 0.5741 0.0000 1.3859 0.3882 0.0000 1.4489 0.3871 -0.0653 1.4448 0.5724 -0.0653 1.3819
4 16 0.3882 0.0000 1.4489 0.1958 0.0000 1.4872 0.1952 -0.0653 1.4829 0.3871 -0.0653 1.4448
4 16 0.1958 0.0000 1.4872 0.0000 0.0000 1.5000 0.0000 -0.0653 1.4957 0.1952 -0.0653 1.4829
4 16 0.5724 -0.0653 1.3819 0.3871 -0.0653 1.4448 0.3838 -0.1294 1.4324 0.5675 -0.1294 1.3701
4 16 0.3871 -0.0653 1.4448 0.1952 -0.0653 1.4829 0.1936 -0.1294 1.4703 0.3838 -0.1294 1.4324
4 16 0.1952 -0.0653 1.4829 0.0000 -0.0653 1.4957 0.0000 -0.1294 1.4830 0.1936 -0.1294 1.4703
4 16 0.5675 -0.1294 1.3701 0.3838 -0.1294 1.4324 0.3784 -0.1913 1.4121 0.5595 -0.1914 1.3507
4 16 0.3838 -0.1294 1.4324 0.1936 -0.1294 1.4703 0.1908 -0.1913 1.4494 0.3784 -0.1913 1.4121
4 16 0.1936 -0.1294 1.4703 0.0000 -0.1294 1.4830 0.0000 -0.1914 1.4620 0.1908 -0.1913 1.4494
4 16 0.5595 -0.1914 1.3507 0.3784 -0.1913 1.4121 0.3709 -0.2500 1.3842 0.5484 -0.2500 1.3239
4 16 0.3784 -0.1913 1.4121 0.1908 -0.1913 1.4494 0.1870 -0.2500 1.4208 0.3709 -0.2500 1.3842
4 16 0.1908 -0.1913 1.4494 0.0000 -0.1914 1.4620 0.0000 -0.2500 1.4330 0.1870 -0.2500 1.4208
4 16 0.5484 -0.2500 1.3239 0.3709 -0.2500 1.3842 0.3615 -0.3044 1.3491 0.5345 -0.3044 1.2904
4 16 0.3709 -0.2500 1.3842 0.1870 -0.2500 1.4208 0.1823 -0.3044 1.3847 0.3615 -0.3044 1.3491
4 16 0.1870 -0.2500 1.4208 0.0000 -0.2500 1.4330 0.0000 -0.3044 1.3967 0.1823 -0.3044 1.3847
4 16 0.5345 -0.3044 1.2904 0.3615 -0.3044 1.3491 0.3503 -0.3536 1.3074 0.5180 -0.3536 1.2505
4 16 0.3615 -0.3044 1.3491 0.1823 -0.3044 1.3847 0.1767 -0.3536 1.3420 0.3503 -0.3536 1.3074
4 16 0.1823 -0.3044 1.3847 0.0000 -0.3044 1.3967 0.0000 -0.3536 1.3536 0.1767 -0.3536 1.3420
4 16 0.5180 -0.3536 1.2505 0.3503 -0.3536 1.3074 0.3376 -0.3967 1.2599 0.4992 -0.3967 1.2051
4 16 0.3503 -0.3536 1.3074 0.1767 -0.3536 1.3420 0.1703 -0.3967 1.2932 0.3376 -0.3967 1.2599
4 16 0.1767 -0.3536 1.3420 0.0000 -0.3536 1.3536 0.0000 -0.3967 1.3044 0.1703 -0.3967 1.2932
4 16 0.4992 -0.3967 1.2051 0.3376 -0.3967 1.2599 0.3235 -0.4330 1.2074 0.4784 -0.4330 1.1548
4 16 0.3376 -0.3967 1.2599 0.1703 -0.3967 1.2932 0.1632 -0.4330 1.2393 0.3235 -0.4330 1.2074
4 16 0.1703 -0.3967 1.2932 0.0000 -0.3967 1.3044 0.0000 -0.4330 1.2500 0.1632 -0.4330 1.2393
4 16 0.4784 -0.4330 1.1548 0.3235 -0.4330 1.2074 0.3083 -0.4619 1.1507 0.4559 -0.4620 1.1007
4 16 0.3235 -0.4330 1.2074 0.1632 -0.4330 1.2393 0.1555 -0.4619 1.1812 0.3083 -0.4619 1.1507
4 16 0.1632 -0.4330 1.2393 0.0000 -0.4330 1.2500 0.0000 -0.4620 1.1914 0.1555 -0.4619 1.1812
4 16 0.4559 -0.4620 1.1007 0.3083 -0.4619 1.1507 0.2923 -0.4830 1.0909 0.4322 -0.4830 1.0434
4 16 0.3083 -0.4619 1.1507 0.1555 -0.4619 1.1812 0.1474 -0.4830 1.1197 0.2923 -0.4830 1.0909
4 16 0.1555 -0.4619 1.1812 0.0000 -0.4620 1.1914 0.0000 -0.4830 1.1294 0.1474 -0.4830 1.1197
4 16 0.4322 -0.4830 1.0434 0.2923 -0.4830 1.0909 0.2757 -0.4957 1.0290 0.4077 -0.4957 0.9842
4 16 0.2923 -0.4830 1.0909 0.1474 -0.4830 1.1197 0.1390 -0.4957 1.0562 0.2757 -0.4957 1.0290
4 16 0.1474 -0.4830 1.1197 0.0000 -0.4830 1.1294 0.0000 -0.4957 1.0653 0.1390 -0.4957 1.0562
4 16 0.4077 -0.4957 0.9842 0.2757 -0.4957 1.0290 0.2588 -0.5000 0.9659 0.3827 -0.5000 0.9239
4 16 0.2757 -0.4957 1.0290 0.1390 -0.4957 1.0562 0.1305 -0.5000 0.9914 0.2588 -0.5000 0.9659
4 16 0.1390 -0.4957 1.0562 0.0000 -0.4957 1.0653 0.0000 -0.5000 1.0000 0.1305 -0.5000 0.9914
4 16 0.3827 -0.5000 0.9239 0.2588 -0.5000 0.9659 0.2419 -0.4957 0.9029 0.3577 -0.4957 0.8636
4 16 0.2588 -0.5000 0.9659 0.1305 -0.5000 0.9914 0.1220 -0.4957 0.9267 0.2419 -0.4957 0.9029
4 16 0.1305 -0.5000 0.9914 0.0000 -0.5000 1.0000 0.0000 -0.4957 0.9347 0.1220 -0.4957 0.9267
4 16 0.3577 -0.4957 0.8636 0.2419 -0.4957 0.9029 0.2253 -0.4830 0.8409 0.3332 -0.4830 0.8043
4 16 0.2419 -0.4957 0.9029 0.1220 -0.4957 0.9267 0.1136 -0.4830 0.8631 0.2253 -0.4830 0.8409
4 16 0.1220 -0.4957 0.9267 0.0000 -0.4957 0.9347 0.0000 -0.4830 0.8706 0.1136 -0.4830 0.8631
4 16 0.3332 -0.4830 0.8043 0.2253 -0.4830 0.8409 0.2093 -0.4619 0.7811 0.3095 -0.4620 0.7471
4 16 0.2253 -0.4830 0.8409 0.1136 -0.4830 0.8631 0.1056 -0.4619 0.8017 0.2093 -0.4619 0.7811
4 16 0.1136 -0.4830 0.8631 0.0000 -0.4830 0.8706 0.0000 -0.4620 0.8087 0.1056 -0.4619 0.8017
4 16 0.3095 -0.4620 0.7471 0.2093 -0.4619 0.7811 0.1941 -0.4330 0.7244 0.2870 -0.4330 0.6929
4 16 0.2093 -0.4619 0.7811 0.1056 -0.4619 0.8017 0.0979 -0.4330 0.7436 0.1941 -0.4330 0.7244
4 16 0.1056 -0.4619 0.8017 0.0000 -0.4620 0.8087 0.0000 -0.4330 0.7500 0.0979 -0.4330 0.7436
4 16 0.2870 -0.4330 0.6929 0.1941 -0.4330 0.7244 0.1800 -0.3967 0.6719 0.2662 -0.3967 0.6427
4 16 0.1941 -0.4330 0.7244 0.0979 -0.4330 0.7436 0.0908 -0.3967 0.6897 0.1800 -0.3967 0.6719
4 16 0.0979 -0.4330 0.7436 0.0000 -0.4330 0.7500 0.0000 -0.3967 0.6956 0.0908 -0.3967 0.6897
4 16 0.2662 -0.3967 0.6427 0.1800 -0.3967 0.6719 0.1673 -0.3536 0.6244 0.2474 -0.3536 0.5973
4 16 0.1800 -0.3967 0.6719 0.0908 -0.3967 0.6897 0.0844 -0.3536 0.6409 0.1673 -0.3536 0.6244
4 16 0.0908 -0.3967 0.6897 0.0000 -0.3967 0.6956 0.0000 -0.3536 0.6465 0.0844 -0.3536 0.6409
4 16 0.2474 -0.3536 0.5973 0.1673 -0.3536 0.6244 0.1562 -0.3044 0.5828 0.2309 -0.3044 0.5574
4 16 0.1673 -0.3536 0.6244 0.0844 -0.3536 0.6409 0.0787 -0.3044 0.5982 0.1562 -0.3044 0.5828
4 16 0.0844 -0.3536 0.6409 0.0000 -0.3536 0.6465 0.0000 -0.3044 0.6033 0.0787 -0.3044 0.5982
4 16 0.2309 -0.3044 0.5574 0.1562 -0.3044 0.5828 0.1467 -0.2500 0.5477 0.2170 -0.2500 0.5238
4 16 0.1562 -0.3044 0.5828 0.0787 -0.3044 0.5982 0.0740 -0.2500 0.5621 0.1467 -0.2500 0.5477
4 16 0.0787 -0.3044 0.5982 0.0000 -0.3044 0.6033 0.0000 -0.2500 0.5670 0.0740 -0.2500 0.5621
4 16 0.2170 -0.2500 0.5238 0.1467 -0.2500 0.5477 0.1393 -0.1913 0.5197 0.2059 -0.1914 0.4971
4 16 0.1467 -0.2500 0.5477 0.0740 -0.2500 0.5621 0.0702 -0.1913 0.5335 0.1393 -0.1913 0.5197
4 16 0.0740 -0.2500 0.5621 0.0000 -0.2500 0.5670 0.0000 -0.1914 0.5381 0.0702 -0.1913 0.5335
4 16 0.2059 -0.1914 0.4971 0.1393 -0.1913 0.5197 0.1338 -0.1294 0.4994 0.1979 -0.1294 0.4777
4 16 0.1393 -0.1913 0.5197 0.0702 -0.1913 0.5335 0.0675 -0.1294 0.5126 0.1338 -0.1294 0.4994
4 16 0.0702 -0.1913 0.5335 0.0000 -0.1914 0.5381 0.0000 -0.1294 0.5170 0.0675 -0.1294 0.5126
4 16 0.1979 -0.1294 0.4777 0.1338 -0.1294 0.4994 0.1305 -0.0653 0.4871 0.1930 -0.0653 0.4659
4 16 0.1338 -0.1294 0.4994 0.0675 -0.1294 0.5126 0.0658 -0.0653 0.5000 0.1305 -0.0653 0.4871
4 16 0.0675 -0.1294 0.5126 0.0000 -0.1294 0.5170 0.0000 -0.0653 0.5043 0.0658 -0.0653 0.5000
4 16 0.1930 -0.0653 0.4659 0.1305 -0.0653 0.4871 0.1294 0.0000 0.4830 0.1914 0.0000 0.4620
4 16 0.1305 -0.0653 0.4871 0.0658 -0.0653 0.5000 0.0653 0.0000 0.4957 0.1294 0.0000 0.4830
4 16 0.0658 -0.0653 0.5000 0.0000 -0.0653 0.5043 0.0000 0.0000 0.5000 0.0653 0.0000 0.4957
4 16 0.1914 0.0000 0.4620 0.1294 0.0000 0.4830 0.1305 0.0653 0.4871 0.1930 0.0653 0.4659
4 16 0.1294 0.0000 0.4830 0.0653 0.0000 0.4957 0.0658 0.0653 0.5000 0.1305 0.0653 0.4871
4 16 0.0653 0.0000 0.4957 0.0000 0.0000 0.5000 0.0000 0.0653 0.5043 0.0658 0.0653 0.5000
4 16 0.1930 0.0653 0.4659 0.1305 0.0653 0.4871 0.1338 0.1294 0.4994 0.1979 0.1294 0.4777
4 16 0.1305 0.0653 0.4871 0.0658 0.0653 0.5000 0.0675 0.1294 0.5126 0.1338 0.1294 0.4994
4 16 0.0658 0.0653 0.5000 0.0000 0.0653 0.5043 0.0000 0.1294 0.5170 0.0675 0.1294 0.5126
4 16 0.1979 0.1294 0.4777 0.1338 0.1294 0.4994 0.1393 0.1913 0.5197 0.2059 0.1914 0.4971
4 16 0.1338 0.1294 0.4994 0.0675 0.1294 0.5126 0.0702 0.1913 0.5335 0.1393 0.1913 0.5197
4 16 0.0675 0.1294 0.5126 0.0000 0.1294 0.5170 0.0000 0.1914 0.5381 0.0702 0.1913 0.5335
4 16 0.2059 0.1914 0.4971 0.1393 0.1913 0.5197 0.1467 0.2500 0.5477 0.2170 0.2500 0.5238
4 16 0.1393 0.1913 0.5197 0.0702 0.1913 0.5335 0.0740 0.2500 0.5621 0.1467 0.2500 0.5477
4 16 0.0702 0.1913 0.5335 0.0000 0.1914 0.5381 0.0000 0.2500 0.5670 0.0740 0.2500 0.5621
4 16 0.2170 0.2500 0.5238 0.1467 0.2500 0.5477 0.1562 0.3044 0.5828 0.2309 0.3044 0.5574
4 16 0.1467 0.2500 0.5477 0.0740 0.2500 0.5621 0.0787 0.3044 0.5982 0.1562 0.3044 0.5828
4 16 0.0740 0.2500 0.5621 0.0000 0.2500 0.5670 0.0000 0.3044 0.6033 0.0787 0.3044 0.5982
4 16 0.2309 0.3044 0.5574 0.1562 0.3044 0.5828 0.1673 0.3536 0.6244 0.2474 0.3536 0.5973
4 16 0.1562 0.3044 0.5828 0.0787 0.3044 0.5982 0.0844 0.3536 0.6409 0.1673 0.3536 0.6244
4 16 0.0787 0.3044 0.5982 0.0000 0.3044 0.6033 0.0000 0.3536 0.6465 0.0844 0.3536 0.6409
4 16 0.2474 0.3536 0.5973 0.1673 0.3536 0.6244 0.1800 0.3967 0.6719 0.2662 0.3967 0.6427
4 16 0.1673 0.3536 0.6244 0.0844 0.3536 0.6409 0.0908 0.3967 0.6897 0.1800 0.3967 0.6719
4 16 0.0844 0.3536 0.6409 0.0000 0.3536 0.6465 0.0000 0.3967 0.6956 0.0908 0.3967 0.6897
4 16 0.2662 0.3967 0.6427 0.1800 0.3967 0.6719 0.1941 0.4330 0.7244 0.2870 0.4330 0.6929
4 16 0.1800 0.3967 0.6719 0.0908 0.3967 0.6897 0.0979 0.4330 0.7436 0.1941 0.4330 0.7244
4 16 0.0908 0.3967 0.6897 0.0000 0.3967 0.6956 0.0000 0.4330 0.7500 0.0979 0.4330 0.7436
4 16 0.2870 0.4330 0.6929 0.1941 0.4330 0.7244 0.2093 0.4619 0.7811 0.3095 0.4620 0.7471
4 16 0.1941 0.4330 0.7244 0.0979 0.4330 0.7436 0.1056 0.4619 0.8017 0.2093 0.4619 0.7811
4 16 0.0979 0.4330 0.7436 0.0000 0.4330 0.7500 0.0000 0.4620 0.8087 0.1056 0.4619 0.8017
4 16 0.3095 0.4620 0.7471 0.2093 0.4619 0.7811 0.2253 0.4830 0.8409 0.3332 0.4830 0.8043
4 16 0.2093 0.4619 0.7811 0.1056 0.4619 0.8017 0.1136 0.4830 0.8631 0.2253 0.4830 0.8409
4 16 0.1056 0.4619 0.8017 0.0000 0.4620 0.8087 0.0000 0.4830 0.8706 0.1136 0.4830 0.8631
4 16 0.3332 0.4830 0.8043 0.2253 0.4830 0.8409 0.2419 0.4957 0.9029 0.3577 0.4957 0.8636
4 16 0.2253 0.4830 0.8409 0.1136 0.4830 0.8631 0.1220 0.4957 0.9267 0.2419 0.4957 0.9029
4 16 0.1136 0.4830 0.8631 0.0000 0.4830 0.8706 0.0000 0.4957 0.9347 0.1220 0.4957 0.9267
4 16 0.3577 0.4957 0.8636 0.2419 0.4957 0.9029 0.2588 0.5000 0.9659 0.3827 0.5000 0.9239
4 16 0.2419 0.4957 0.9029 0.1220 0.4957 0.9267 0.1305 0.5000 0.9914 0.2588 0.5000 0.9659
4 16 0.1220 0.4957 0.9267 0.0000 0.4957 0.9347 0.0000 0.5000 1.0000 0.1305 0.5000 0.9914
0 // conditional lines
0 // Build by Primitive Generator 2
