0 Hi-Res Torus Outside  1 x 0.3063 x 0.1667
0 Name: 48\t06o3062.dat
0 Author: Kevin Roach [KROACH]
0 !LDRAW_ORG Unofficial_48_Primitive
0 !LICENSE Redistributable under CCAL version 2.0 : see CAreadme.txt

0 BFC CERTIFY CCW

0 // Major Radius: 160
0 // Tube(Minor) Radius: 49
0 // Segments(Sweep): 8/48 = 0.1667
0 // 1  9  0 0 0  1 0 0  0 1 0  0 0 1 4-4edge.dat
0 // 1  12  1 0 0 0.3063 0 0  0 0 0.3063  0 1 0  4-4edge.dat

4 16 1 0.3063 0 0.9914 0.3063 0.1305 1.031 0.3036 0.1357 1.04 0.3036 0
4 16 1.04 0.3036 0 1.031 0.3036 0.1357 1.07 0.2958 0.1408 1.0793 0.2958 0
4 16 1.0793 0.2958 0 1.07 0.2958 0.1408 1.1076 0.2829 0.1458 1.1172 0.2829 0
4 16 1.1172 0.2829 0 1.1076 0.2829 0.1458 1.1432 0.2652 0.1505 1.1531 0.2652 0
4 16 1.1531 0.2652 0 1.1432 0.2652 0.1505 1.1762 0.243 0.1548 1.1864 0.243 0
4 16 1.1864 0.243 0 1.1762 0.243 0.1548 1.2061 0.2165 0.1588 1.2165 0.2165 0
4 16 1.2165 0.2165 0 1.2061 0.2165 0.1588 1.2323 0.1864 0.1622 1.243 0.1864 0
4 16 1.243 0.1864 0 1.2323 0.1864 0.1622 1.2543 0.1531 0.1651 1.2652 0.1531 0
4 16 1.2652 0.1531 0 1.2543 0.1531 0.1651 1.2719 0.1172 0.1674 1.2829 0.1172 0
4 16 1.2829 0.1172 0 1.2719 0.1172 0.1674 1.2847 0.0793 0.1691 1.2958 0.0793 0
4 16 1.2958 0.0793 0 1.2847 0.0793 0.1691 1.2924 0.04 0.1701 1.3036 0.04 0
4 16 1.3036 0.04 0 1.2924 0.04 0.1701 1.295 0 0.1705 1.3063 0 0
4 16 0.9914 0.3063 0.1305 0.9659 0.3063 0.2588 1.0045 0.3036 0.2691 1.031 0.3036 0.1357
4 16 1.031 0.3036 0.1357 1.0045 0.3036 0.2691 1.0425 0.2958 0.2793 1.07 0.2958 0.1408
4 16 1.07 0.2958 0.1408 1.0425 0.2958 0.2793 1.0791 0.2829 0.2891 1.1076 0.2829 0.1458
4 16 1.1076 0.2829 0.1458 1.0791 0.2829 0.2891 1.1138 0.2652 0.2984 1.1432 0.2652 0.1505
4 16 1.1432 0.2652 0.1505 1.1138 0.2652 0.2984 1.146 0.243 0.3071 1.1762 0.243 0.1548
4 16 1.1762 0.243 0.1548 1.146 0.243 0.3071 1.1751 0.2165 0.3148 1.2061 0.2165 0.1588
4 16 1.2061 0.2165 0.1588 1.1751 0.2165 0.3148 1.2006 0.1864 0.3217 1.2323 0.1864 0.1622
4 16 1.2323 0.1864 0.1622 1.2006 0.1864 0.3217 1.2221 0.1531 0.3274 1.2543 0.1531 0.1651
4 16 1.2543 0.1531 0.1651 1.2221 0.1531 0.3274 1.2392 0.1172 0.332 1.2719 0.1172 0.1674
4 16 1.2719 0.1172 0.1674 1.2392 0.1172 0.332 1.2516 0.0793 0.3354 1.2847 0.0793 0.1691
4 16 1.2847 0.0793 0.1691 1.2516 0.0793 0.3354 1.2592 0.04 0.3374 1.2924 0.04 0.1701
4 16 1.2924 0.04 0.1701 1.2592 0.04 0.3374 1.2617 0 0.3381 1.295 0 0.1705
4 16 0.9659 0.3063 0.2588 0.9239 0.3063 0.3827 0.9608 0.3036 0.398 1.0045 0.3036 0.2691
4 16 1.0045 0.3036 0.2691 0.9608 0.3036 0.398 0.9971 0.2958 0.413 1.0425 0.2958 0.2793
4 16 1.0425 0.2958 0.2793 0.9971 0.2958 0.413 1.0322 0.2829 0.4276 1.0791 0.2829 0.2891
4 16 1.0791 0.2829 0.2891 1.0322 0.2829 0.4276 1.0654 0.2652 0.4413 1.1138 0.2652 0.2984
4 16 1.1138 0.2652 0.2984 1.0654 0.2652 0.4413 1.0962 0.243 0.4541 1.146 0.243 0.3071
4 16 1.146 0.243 0.3071 1.0962 0.243 0.4541 1.124 0.2165 0.4656 1.1751 0.2165 0.3148
4 16 1.1751 0.2165 0.3148 1.124 0.2165 0.4656 1.1484 0.1864 0.4757 1.2006 0.1864 0.3217
4 16 1.2006 0.1864 0.3217 1.1484 0.1864 0.4757 1.1689 0.1531 0.4842 1.2221 0.1531 0.3274
4 16 1.2221 0.1531 0.3274 1.1689 0.1531 0.4842 1.1853 0.1172 0.491 1.2392 0.1172 0.332
4 16 1.2392 0.1172 0.332 1.1853 0.1172 0.491 1.1972 0.0793 0.4959 1.2516 0.0793 0.3354
4 16 1.2516 0.0793 0.3354 1.1972 0.0793 0.4959 1.2044 0.04 0.4989 1.2592 0.04 0.3374
4 16 1.2592 0.04 0.3374 1.2044 0.04 0.4989 1.2068 0 0.4999 1.2617 0 0.3381
4 16 0.9239 0.3063 0.3827 0.866 0.3063 0.5 0.9006 0.3036 0.52 0.9608 0.3036 0.398
4 16 0.9608 0.3036 0.398 0.9006 0.3036 0.52 0.9346 0.2958 0.5396 0.9971 0.2958 0.413
4 16 0.9971 0.2958 0.413 0.9346 0.2958 0.5396 0.9675 0.2829 0.5586 1.0322 0.2829 0.4276
4 16 1.0322 0.2829 0.4276 0.9675 0.2829 0.5586 0.9986 0.2652 0.5766 1.0654 0.2652 0.4413
4 16 1.0654 0.2652 0.4413 0.9986 0.2652 0.5766 1.0275 0.243 0.5932 1.0962 0.243 0.4541
4 16 1.0962 0.243 0.4541 1.0275 0.243 0.5932 1.0535 0.2165 0.6083 1.124 0.2165 0.4656
4 16 1.124 0.2165 0.4656 1.0535 0.2165 0.6083 1.0764 0.1864 0.6215 1.1484 0.1864 0.4757
4 16 1.1484 0.1864 0.4757 1.0764 0.1864 0.6215 1.0957 0.1531 0.6326 1.1689 0.1531 0.4842
4 16 1.1689 0.1531 0.4842 1.0957 0.1531 0.6326 1.111 0.1172 0.6415 1.1853 0.1172 0.491
4 16 1.1853 0.1172 0.491 1.111 0.1172 0.6415 1.1222 0.0793 0.6479 1.1972 0.0793 0.4959
4 16 1.1972 0.0793 0.4959 1.1222 0.0793 0.6479 1.1289 0.04 0.6518 1.2044 0.04 0.4989
4 16 1.2044 0.04 0.4989 1.1289 0.04 0.6518 1.1312 0 0.6531 1.2068 0 0.4999
4 16 0.866 0.3063 0.5 0.7934 0.3063 0.6088 0.8251 0.3036 0.6331 0.9006 0.3036 0.52
4 16 0.9006 0.3036 0.52 0.8251 0.3036 0.6331 0.8563 0.2958 0.6571 0.9346 0.2958 0.5396
4 16 0.9346 0.2958 0.5396 0.8563 0.2958 0.6571 0.8864 0.2829 0.6802 0.9675 0.2829 0.5586
4 16 0.9675 0.2829 0.5586 0.8864 0.2829 0.6802 0.9149 0.2652 0.702 0.9986 0.2652 0.5766
4 16 0.9986 0.2652 0.5766 0.9149 0.2652 0.702 0.9413 0.243 0.7223 1.0275 0.243 0.5932
4 16 1.0275 0.243 0.5932 0.9413 0.243 0.7223 0.9652 0.2165 0.7406 1.0535 0.2165 0.6083
4 16 1.0535 0.2165 0.6083 0.9652 0.2165 0.7406 0.9862 0.1864 0.7567 1.0764 0.1864 0.6215
4 16 1.0764 0.1864 0.6215 0.9862 0.1864 0.7567 1.0038 0.1531 0.7703 1.0957 0.1531 0.6326
4 16 1.0957 0.1531 0.6326 1.0038 0.1531 0.7703 1.0179 0.1172 0.7811 1.111 0.1172 0.6415
4 16 1.111 0.1172 0.6415 1.0179 0.1172 0.7811 1.0281 0.0793 0.7889 1.1222 0.0793 0.6479
4 16 1.1222 0.0793 0.6479 1.0281 0.0793 0.7889 1.0343 0.04 0.7936 1.1289 0.04 0.6518
4 16 1.1289 0.04 0.6518 1.0343 0.04 0.7936 1.0364 0 0.7952 1.1312 0 0.6531
4 16 0.7934 0.3063 0.6088 0.7071 0.3063 0.7071 0.7354 0.3036 0.7354 0.8251 0.3036 0.6331
4 16 0.8251 0.3036 0.6331 0.7354 0.3036 0.7354 0.7631 0.2958 0.7631 0.8563 0.2958 0.6571
4 16 0.8563 0.2958 0.6571 0.7631 0.2958 0.7631 0.79 0.2829 0.79 0.8864 0.2829 0.6802
4 16 0.8864 0.2829 0.6802 0.79 0.2829 0.79 0.8154 0.2652 0.8154 0.9149 0.2652 0.702
4 16 0.9149 0.2652 0.702 0.8154 0.2652 0.8154 0.8389 0.243 0.8389 0.9413 0.243 0.7223
4 16 0.9413 0.243 0.7223 0.8389 0.243 0.8389 0.8602 0.2165 0.8602 0.9652 0.2165 0.7406
4 16 0.9652 0.2165 0.7406 0.8602 0.2165 0.8602 0.8789 0.1864 0.8789 0.9862 0.1864 0.7567
4 16 0.9862 0.1864 0.7567 0.8789 0.1864 0.8789 0.8946 0.1531 0.8946 1.0038 0.1531 0.7703
4 16 1.0038 0.1531 0.7703 0.8946 0.1531 0.8946 0.9072 0.1172 0.9072 1.0179 0.1172 0.7811
4 16 1.0179 0.1172 0.7811 0.9072 0.1172 0.9072 0.9163 0.0793 0.9163 1.0281 0.0793 0.7889
4 16 1.0281 0.0793 0.7889 0.9163 0.0793 0.9163 0.9218 0.04 0.9218 1.0343 0.04 0.7936
4 16 1.0343 0.04 0.7936 0.9218 0.04 0.9218 0.9236 0 0.9236 1.0364 0 0.7952
4 16 0.7071 0.3063 0.7071 0.6088 0.3063 0.7934 0.6331 0.3036 0.8251 0.7354 0.3036 0.7354
4 16 0.7354 0.3036 0.7354 0.6331 0.3036 0.8251 0.6571 0.2958 0.8563 0.7631 0.2958 0.7631
4 16 0.7631 0.2958 0.7631 0.6571 0.2958 0.8563 0.6802 0.2829 0.8864 0.79 0.2829 0.79
4 16 0.79 0.2829 0.79 0.6802 0.2829 0.8864 0.702 0.2652 0.9149 0.8154 0.2652 0.8154
4 16 0.8154 0.2652 0.8154 0.702 0.2652 0.9149 0.7223 0.243 0.9413 0.8389 0.243 0.8389
4 16 0.8389 0.243 0.8389 0.7223 0.243 0.9413 0.7406 0.2165 0.9652 0.8602 0.2165 0.8602
4 16 0.8602 0.2165 0.8602 0.7406 0.2165 0.9652 0.7567 0.1864 0.9862 0.8789 0.1864 0.8789
4 16 0.8789 0.1864 0.8789 0.7567 0.1864 0.9862 0.7703 0.1531 1.0038 0.8946 0.1531 0.8946
4 16 0.8946 0.1531 0.8946 0.7703 0.1531 1.0038 0.7811 0.1172 1.0179 0.9072 0.1172 0.9072
4 16 0.9072 0.1172 0.9072 0.7811 0.1172 1.0179 0.7889 0.0793 1.0281 0.9163 0.0793 0.9163
4 16 0.9163 0.0793 0.9163 0.7889 0.0793 1.0281 0.7936 0.04 1.0343 0.9218 0.04 0.9218
4 16 0.9218 0.04 0.9218 0.7936 0.04 1.0343 0.7952 0 1.0364 0.9236 0 0.9236
4 16 0.6088 0.3063 0.7934 0.5 0.3063 0.866 0.52 0.3036 0.9006 0.6331 0.3036 0.8251
4 16 0.6331 0.3036 0.8251 0.52 0.3036 0.9006 0.5396 0.2958 0.9346 0.6571 0.2958 0.8563
4 16 0.6571 0.2958 0.8563 0.5396 0.2958 0.9346 0.5586 0.2829 0.9675 0.6802 0.2829 0.8864
4 16 0.6802 0.2829 0.8864 0.5586 0.2829 0.9675 0.5766 0.2652 0.9986 0.702 0.2652 0.9149
4 16 0.702 0.2652 0.9149 0.5766 0.2652 0.9986 0.5932 0.243 1.0275 0.7223 0.243 0.9413
4 16 0.7223 0.243 0.9413 0.5932 0.243 1.0275 0.6083 0.2165 1.0535 0.7406 0.2165 0.9652
4 16 0.7406 0.2165 0.9652 0.6083 0.2165 1.0535 0.6215 0.1864 1.0764 0.7567 0.1864 0.9862
4 16 0.7567 0.1864 0.9862 0.6215 0.1864 1.0764 0.6326 0.1531 1.0957 0.7703 0.1531 1.0038
4 16 0.7703 0.1531 1.0038 0.6326 0.1531 1.0957 0.6415 0.1172 1.111 0.7811 0.1172 1.0179
4 16 0.7811 0.1172 1.0179 0.6415 0.1172 1.111 0.6479 0.0793 1.1222 0.7889 0.0793 1.0281
4 16 0.7889 0.0793 1.0281 0.6479 0.0793 1.1222 0.6518 0.04 1.1289 0.7936 0.04 1.0343
4 16 0.7936 0.04 1.0343 0.6518 0.04 1.1289 0.6531 0 1.1312 0.7952 0 1.0364

0 // conditional lines
5 24 1 0.3063 0 0.9914 0.3063 0.1305 1.04 0.3036 0 0.9597 0.3063 0
5 24 1 0.3063 0 1.04 0.3036 0 0.9914 0.3063 0.1305 1 0.3063 -0.1317
5 24 1.04 0.3036 0 1.031 0.3036 0.1357 1.0793 0.2958 0 1 0.3063 0
5 24 1.04 0.3036 0 1.0793 0.2958 0 1.031 0.3036 0.1357 1.04 0.3036 -0.137
5 24 1.0793 0.2958 0 1.07 0.2958 0.1408 1.1172 0.2829 0 1.04 0.3036 0
5 24 1.0793 0.2958 0 1.1172 0.2829 0 1.07 0.2958 0.1408 1.0793 0.2958 -0.1421
5 24 1.1172 0.2829 0 1.1076 0.2829 0.1458 1.1531 0.2652 0 1.0793 0.2958 0
5 24 1.1172 0.2829 0 1.1531 0.2652 0 1.1076 0.2829 0.1458 1.1172 0.2829 -0.1471
5 24 1.1531 0.2652 0 1.1432 0.2652 0.1505 1.1864 0.243 0 1.1172 0.2829 0
5 24 1.1531 0.2652 0 1.1864 0.243 0 1.1432 0.2652 0.1505 1.1531 0.2652 -0.1519
5 24 1.1864 0.243 0 1.1762 0.243 0.1548 1.2165 0.2165 0 1.1531 0.2652 0
5 24 1.1864 0.243 0 1.2165 0.2165 0 1.1762 0.243 0.1548 1.1864 0.243 -0.1563
5 24 1.2165 0.2165 0 1.2061 0.2165 0.1588 1.243 0.1864 0 1.1864 0.243 0
5 24 1.2165 0.2165 0 1.243 0.1864 0 1.2061 0.2165 0.1588 1.2165 0.2165 -0.1602
5 24 1.243 0.1864 0 1.2323 0.1864 0.1622 1.2652 0.1531 0 1.2165 0.2165 0
5 24 1.243 0.1864 0 1.2652 0.1531 0 1.2323 0.1864 0.1622 1.243 0.1864 -0.1637
5 24 1.2652 0.1531 0 1.2543 0.1531 0.1651 1.2829 0.1172 0 1.243 0.1864 0
5 24 1.2652 0.1531 0 1.2829 0.1172 0 1.2543 0.1531 0.1651 1.2652 0.1531 -0.1666
5 24 1.2829 0.1172 0 1.2719 0.1172 0.1674 1.2958 0.0793 0 1.2652 0.1531 0
5 24 1.2829 0.1172 0 1.2958 0.0793 0 1.2719 0.1172 0.1674 1.2829 0.1172 -0.169
5 24 1.2958 0.0793 0 1.2847 0.0793 0.1691 1.3036 0.04 0 1.2829 0.1172 0
5 24 1.2958 0.0793 0 1.3036 0.04 0 1.2847 0.0793 0.1691 1.2958 0.0793 -0.1707
5 24 1.3036 0.04 0 1.2924 0.04 0.1701 1.3063 0 0 1.2958 0.0793 0
5 24 1.3036 0.04 0 1.3063 0 0 1.2924 0.04 0.1701 1.3036 0.04 -0.1717
5 24 1.3063 0 0 1.295 0 0.1705 1.3063 -0.0403 0 1.3036 0.04 0
5 24 0.9914 0.3063 0.1305 0.9659 0.3063 0.2588 1.031 0.3036 0.1357 0.9514 0.3063 0.1252
5 24 0.9914 0.3063 0.1305 1.031 0.3036 0.1357 0.9659 0.3063 0.2588 1 0.3063 0
5 24 1.031 0.3036 0.1357 1.0045 0.3036 0.2691 1.07 0.2958 0.1408 0.9914 0.3063 0.1305
5 24 1.031 0.3036 0.1357 1.07 0.2958 0.1408 1.0045 0.3036 0.2691 1.04 0.3036 0
5 24 1.07 0.2958 0.1408 1.0425 0.2958 0.2793 1.1076 0.2829 0.1458 1.031 0.3036 0.1357
5 24 1.07 0.2958 0.1408 1.1076 0.2829 0.1458 1.0425 0.2958 0.2793 1.0793 0.2958 0
5 24 1.1076 0.2829 0.1458 1.0791 0.2829 0.2891 1.1432 0.2652 0.1505 1.07 0.2958 0.1408
5 24 1.1076 0.2829 0.1458 1.1432 0.2652 0.1505 1.0791 0.2829 0.2891 1.1172 0.2829 0
5 24 1.1432 0.2652 0.1505 1.1138 0.2652 0.2984 1.1762 0.243 0.1548 1.1076 0.2829 0.1458
5 24 1.1432 0.2652 0.1505 1.1762 0.243 0.1548 1.1138 0.2652 0.2984 1.1531 0.2652 0
5 24 1.1762 0.243 0.1548 1.146 0.243 0.3071 1.2061 0.2165 0.1588 1.1432 0.2652 0.1505
5 24 1.1762 0.243 0.1548 1.2061 0.2165 0.1588 1.146 0.243 0.3071 1.1864 0.243 0
5 24 1.2061 0.2165 0.1588 1.1751 0.2165 0.3148 1.2323 0.1864 0.1622 1.1762 0.243 0.1548
5 24 1.2061 0.2165 0.1588 1.2323 0.1864 0.1622 1.1751 0.2165 0.3148 1.2165 0.2165 0
5 24 1.2323 0.1864 0.1622 1.2006 0.1864 0.3217 1.2543 0.1531 0.1651 1.2061 0.2165 0.1588
5 24 1.2323 0.1864 0.1622 1.2543 0.1531 0.1651 1.2006 0.1864 0.3217 1.243 0.1864 0
5 24 1.2543 0.1531 0.1651 1.2221 0.1531 0.3274 1.2719 0.1172 0.1674 1.2323 0.1864 0.1622
5 24 1.2543 0.1531 0.1651 1.2719 0.1172 0.1674 1.2221 0.1531 0.3274 1.2652 0.1531 0
5 24 1.2719 0.1172 0.1674 1.2392 0.1172 0.332 1.2847 0.0793 0.1691 1.2543 0.1531 0.1651
5 24 1.2719 0.1172 0.1674 1.2847 0.0793 0.1691 1.2392 0.1172 0.332 1.2829 0.1172 0
5 24 1.2847 0.0793 0.1691 1.2516 0.0793 0.3354 1.2924 0.04 0.1701 1.2719 0.1172 0.1674
5 24 1.2847 0.0793 0.1691 1.2924 0.04 0.1701 1.2516 0.0793 0.3354 1.2958 0.0793 0
5 24 1.2924 0.04 0.1701 1.2592 0.04 0.3374 1.295 0 0.1705 1.2847 0.0793 0.1691
5 24 1.2924 0.04 0.1701 1.295 0 0.1705 1.2592 0.04 0.3374 1.3036 0.04 0
5 24 1.295 0 0.1705 1.2617 0 0.3381 1.295 -0.0403 0.1705 1.2924 0.04 0.1701
5 24 0.9659 0.3063 0.2588 0.9239 0.3063 0.3827 1.0045 0.3036 0.2691 0.9269 0.3063 0.2484
5 24 0.9659 0.3063 0.2588 1.0045 0.3036 0.2691 0.9239 0.3063 0.3827 0.9914 0.3063 0.1305
5 24 1.0045 0.3036 0.2691 0.9608 0.3036 0.398 1.0425 0.2958 0.2793 0.9659 0.3063 0.2588
5 24 1.0045 0.3036 0.2691 1.0425 0.2958 0.2793 0.9608 0.3036 0.398 1.031 0.3036 0.1357
5 24 1.0425 0.2958 0.2793 0.9971 0.2958 0.413 1.0791 0.2829 0.2891 1.0045 0.3036 0.2691
5 24 1.0425 0.2958 0.2793 1.0791 0.2829 0.2891 0.9971 0.2958 0.413 1.07 0.2958 0.1408
5 24 1.0791 0.2829 0.2891 1.0322 0.2829 0.4276 1.1138 0.2652 0.2984 1.0425 0.2958 0.2793
5 24 1.0791 0.2829 0.2891 1.1138 0.2652 0.2984 1.0322 0.2829 0.4276 1.1076 0.2829 0.1458
5 24 1.1138 0.2652 0.2984 1.0654 0.2652 0.4413 1.146 0.243 0.3071 1.0791 0.2829 0.2891
5 24 1.1138 0.2652 0.2984 1.146 0.243 0.3071 1.0654 0.2652 0.4413 1.1432 0.2652 0.1505
5 24 1.146 0.243 0.3071 1.0962 0.243 0.4541 1.1751 0.2165 0.3148 1.1138 0.2652 0.2984
5 24 1.146 0.243 0.3071 1.1751 0.2165 0.3148 1.0962 0.243 0.4541 1.1762 0.243 0.1548
5 24 1.1751 0.2165 0.3148 1.124 0.2165 0.4656 1.2006 0.1864 0.3217 1.146 0.243 0.3071
5 24 1.1751 0.2165 0.3148 1.2006 0.1864 0.3217 1.124 0.2165 0.4656 1.2061 0.2165 0.1588
5 24 1.2006 0.1864 0.3217 1.1484 0.1864 0.4757 1.2221 0.1531 0.3274 1.1751 0.2165 0.3148
5 24 1.2006 0.1864 0.3217 1.2221 0.1531 0.3274 1.1484 0.1864 0.4757 1.2323 0.1864 0.1622
5 24 1.2221 0.1531 0.3274 1.1689 0.1531 0.4842 1.2392 0.1172 0.332 1.2006 0.1864 0.3217
5 24 1.2221 0.1531 0.3274 1.2392 0.1172 0.332 1.1689 0.1531 0.4842 1.2543 0.1531 0.1651
5 24 1.2392 0.1172 0.332 1.1853 0.1172 0.491 1.2516 0.0793 0.3354 1.2221 0.1531 0.3274
5 24 1.2392 0.1172 0.332 1.2516 0.0793 0.3354 1.1853 0.1172 0.491 1.2719 0.1172 0.1674
5 24 1.2516 0.0793 0.3354 1.1972 0.0793 0.4959 1.2592 0.04 0.3374 1.2392 0.1172 0.332
5 24 1.2516 0.0793 0.3354 1.2592 0.04 0.3374 1.1972 0.0793 0.4959 1.2847 0.0793 0.1691
5 24 1.2592 0.04 0.3374 1.2044 0.04 0.4989 1.2617 0 0.3381 1.2516 0.0793 0.3354
5 24 1.2592 0.04 0.3374 1.2617 0 0.3381 1.2044 0.04 0.4989 1.2924 0.04 0.1701
5 24 1.2617 0 0.3381 1.2068 0 0.4999 1.2617 -0.0403 0.3381 1.2592 0.04 0.3374
5 24 0.9239 0.3063 0.3827 0.866 0.3063 0.5 0.9608 0.3036 0.398 0.8866 0.3063 0.3673
5 24 0.9239 0.3063 0.3827 0.9608 0.3036 0.398 0.866 0.3063 0.5 0.9659 0.3063 0.2588
5 24 0.9608 0.3036 0.398 0.9006 0.3036 0.52 0.9971 0.2958 0.413 0.9239 0.3063 0.3827
5 24 0.9608 0.3036 0.398 0.9971 0.2958 0.413 0.9006 0.3036 0.52 1.0045 0.3036 0.2691
5 24 0.9971 0.2958 0.413 0.9346 0.2958 0.5396 1.0322 0.2829 0.4276 0.9608 0.3036 0.398
5 24 0.9971 0.2958 0.413 1.0322 0.2829 0.4276 0.9346 0.2958 0.5396 1.0425 0.2958 0.2793
5 24 1.0322 0.2829 0.4276 0.9675 0.2829 0.5586 1.0654 0.2652 0.4413 0.9971 0.2958 0.413
5 24 1.0322 0.2829 0.4276 1.0654 0.2652 0.4413 0.9675 0.2829 0.5586 1.0791 0.2829 0.2891
5 24 1.0654 0.2652 0.4413 0.9986 0.2652 0.5766 1.0962 0.243 0.4541 1.0322 0.2829 0.4276
5 24 1.0654 0.2652 0.4413 1.0962 0.243 0.4541 0.9986 0.2652 0.5766 1.1138 0.2652 0.2984
5 24 1.0962 0.243 0.4541 1.0275 0.243 0.5932 1.124 0.2165 0.4656 1.0654 0.2652 0.4413
5 24 1.0962 0.243 0.4541 1.124 0.2165 0.4656 1.0275 0.243 0.5932 1.146 0.243 0.3071
5 24 1.124 0.2165 0.4656 1.0535 0.2165 0.6083 1.1484 0.1864 0.4757 1.0962 0.243 0.4541
5 24 1.124 0.2165 0.4656 1.1484 0.1864 0.4757 1.0535 0.2165 0.6083 1.1751 0.2165 0.3148
5 24 1.1484 0.1864 0.4757 1.0764 0.1864 0.6215 1.1689 0.1531 0.4842 1.124 0.2165 0.4656
5 24 1.1484 0.1864 0.4757 1.1689 0.1531 0.4842 1.0764 0.1864 0.6215 1.2006 0.1864 0.3217
5 24 1.1689 0.1531 0.4842 1.0957 0.1531 0.6326 1.1853 0.1172 0.491 1.1484 0.1864 0.4757
5 24 1.1689 0.1531 0.4842 1.1853 0.1172 0.491 1.0957 0.1531 0.6326 1.2221 0.1531 0.3274
5 24 1.1853 0.1172 0.491 1.111 0.1172 0.6415 1.1972 0.0793 0.4959 1.1689 0.1531 0.4842
5 24 1.1853 0.1172 0.491 1.1972 0.0793 0.4959 1.111 0.1172 0.6415 1.2392 0.1172 0.332
5 24 1.1972 0.0793 0.4959 1.1222 0.0793 0.6479 1.2044 0.04 0.4989 1.1853 0.1172 0.491
5 24 1.1972 0.0793 0.4959 1.2044 0.04 0.4989 1.1222 0.0793 0.6479 1.2516 0.0793 0.3354
5 24 1.2044 0.04 0.4989 1.1289 0.04 0.6518 1.2068 0 0.4999 1.1972 0.0793 0.4959
5 24 1.2044 0.04 0.4989 1.2068 0 0.4999 1.1289 0.04 0.6518 1.2592 0.04 0.3374
5 24 1.2068 0 0.4999 1.1312 0 0.6531 1.2068 -0.0403 0.4999 1.2044 0.04 0.4989
5 24 0.866 0.3063 0.5 0.7934 0.3063 0.6088 0.9006 0.3036 0.52 0.8311 0.3063 0.4798
5 24 0.866 0.3063 0.5 0.9006 0.3036 0.52 0.7934 0.3063 0.6088 0.9239 0.3063 0.3827
5 24 0.9006 0.3036 0.52 0.8251 0.3036 0.6331 0.9346 0.2958 0.5396 0.866 0.3063 0.5
5 24 0.9006 0.3036 0.52 0.9346 0.2958 0.5396 0.8251 0.3036 0.6331 0.9608 0.3036 0.398
5 24 0.9346 0.2958 0.5396 0.8563 0.2958 0.6571 0.9675 0.2829 0.5586 0.9006 0.3036 0.52
5 24 0.9346 0.2958 0.5396 0.9675 0.2829 0.5586 0.8563 0.2958 0.6571 0.9971 0.2958 0.413
5 24 0.9675 0.2829 0.5586 0.8864 0.2829 0.6802 0.9986 0.2652 0.5766 0.9346 0.2958 0.5396
5 24 0.9675 0.2829 0.5586 0.9986 0.2652 0.5766 0.8864 0.2829 0.6802 1.0322 0.2829 0.4276
5 24 0.9986 0.2652 0.5766 0.9149 0.2652 0.702 1.0275 0.243 0.5932 0.9675 0.2829 0.5586
5 24 0.9986 0.2652 0.5766 1.0275 0.243 0.5932 0.9149 0.2652 0.702 1.0654 0.2652 0.4413
5 24 1.0275 0.243 0.5932 0.9413 0.243 0.7223 1.0535 0.2165 0.6083 0.9986 0.2652 0.5766
5 24 1.0275 0.243 0.5932 1.0535 0.2165 0.6083 0.9413 0.243 0.7223 1.0962 0.243 0.4541
5 24 1.0535 0.2165 0.6083 0.9652 0.2165 0.7406 1.0764 0.1864 0.6215 1.0275 0.243 0.5932
5 24 1.0535 0.2165 0.6083 1.0764 0.1864 0.6215 0.9652 0.2165 0.7406 1.124 0.2165 0.4656
5 24 1.0764 0.1864 0.6215 0.9862 0.1864 0.7567 1.0957 0.1531 0.6326 1.0535 0.2165 0.6083
5 24 1.0764 0.1864 0.6215 1.0957 0.1531 0.6326 0.9862 0.1864 0.7567 1.1484 0.1864 0.4757
5 24 1.0957 0.1531 0.6326 1.0038 0.1531 0.7703 1.111 0.1172 0.6415 1.0764 0.1864 0.6215
5 24 1.0957 0.1531 0.6326 1.111 0.1172 0.6415 1.0038 0.1531 0.7703 1.1689 0.1531 0.4842
5 24 1.111 0.1172 0.6415 1.0179 0.1172 0.7811 1.1222 0.0793 0.6479 1.0957 0.1531 0.6326
5 24 1.111 0.1172 0.6415 1.1222 0.0793 0.6479 1.0179 0.1172 0.7811 1.1853 0.1172 0.491
5 24 1.1222 0.0793 0.6479 1.0281 0.0793 0.7889 1.1289 0.04 0.6518 1.111 0.1172 0.6415
5 24 1.1222 0.0793 0.6479 1.1289 0.04 0.6518 1.0281 0.0793 0.7889 1.1972 0.0793 0.4959
5 24 1.1289 0.04 0.6518 1.0343 0.04 0.7936 1.1312 0 0.6531 1.1222 0.0793 0.6479
5 24 1.1289 0.04 0.6518 1.1312 0 0.6531 1.0343 0.04 0.7936 1.2044 0.04 0.4989
5 24 1.1312 0 0.6531 1.0364 0 0.7952 1.1312 -0.0403 0.6531 1.1289 0.04 0.6518
5 24 0.7934 0.3063 0.6088 0.7071 0.3063 0.7071 0.8251 0.3036 0.6331 0.7614 0.3063 0.5842
5 24 0.7934 0.3063 0.6088 0.8251 0.3036 0.6331 0.7071 0.3063 0.7071 0.866 0.3063 0.5
5 24 0.8251 0.3036 0.6331 0.7354 0.3036 0.7354 0.8563 0.2958 0.6571 0.7934 0.3063 0.6088
5 24 0.8251 0.3036 0.6331 0.8563 0.2958 0.6571 0.7354 0.3036 0.7354 0.9006 0.3036 0.52
5 24 0.8563 0.2958 0.6571 0.7631 0.2958 0.7631 0.8864 0.2829 0.6802 0.8251 0.3036 0.6331
5 24 0.8563 0.2958 0.6571 0.8864 0.2829 0.6802 0.7631 0.2958 0.7631 0.9346 0.2958 0.5396
5 24 0.8864 0.2829 0.6802 0.79 0.2829 0.79 0.9149 0.2652 0.702 0.8563 0.2958 0.6571
5 24 0.8864 0.2829 0.6802 0.9149 0.2652 0.702 0.79 0.2829 0.79 0.9675 0.2829 0.5586
5 24 0.9149 0.2652 0.702 0.8154 0.2652 0.8154 0.9413 0.243 0.7223 0.8864 0.2829 0.6802
5 24 0.9149 0.2652 0.702 0.9413 0.243 0.7223 0.8154 0.2652 0.8154 0.9986 0.2652 0.5766
5 24 0.9413 0.243 0.7223 0.8389 0.243 0.8389 0.9652 0.2165 0.7406 0.9149 0.2652 0.702
5 24 0.9413 0.243 0.7223 0.9652 0.2165 0.7406 0.8389 0.243 0.8389 1.0275 0.243 0.5932
5 24 0.9652 0.2165 0.7406 0.8602 0.2165 0.8602 0.9862 0.1864 0.7567 0.9413 0.243 0.7223
5 24 0.9652 0.2165 0.7406 0.9862 0.1864 0.7567 0.8602 0.2165 0.8602 1.0535 0.2165 0.6083
5 24 0.9862 0.1864 0.7567 0.8789 0.1864 0.8789 1.0038 0.1531 0.7703 0.9652 0.2165 0.7406
5 24 0.9862 0.1864 0.7567 1.0038 0.1531 0.7703 0.8789 0.1864 0.8789 1.0764 0.1864 0.6215
5 24 1.0038 0.1531 0.7703 0.8946 0.1531 0.8946 1.0179 0.1172 0.7811 0.9862 0.1864 0.7567
5 24 1.0038 0.1531 0.7703 1.0179 0.1172 0.7811 0.8946 0.1531 0.8946 1.0957 0.1531 0.6326
5 24 1.0179 0.1172 0.7811 0.9072 0.1172 0.9072 1.0281 0.0793 0.7889 1.0038 0.1531 0.7703
5 24 1.0179 0.1172 0.7811 1.0281 0.0793 0.7889 0.9072 0.1172 0.9072 1.111 0.1172 0.6415
5 24 1.0281 0.0793 0.7889 0.9163 0.0793 0.9163 1.0343 0.04 0.7936 1.0179 0.1172 0.7811
5 24 1.0281 0.0793 0.7889 1.0343 0.04 0.7936 0.9163 0.0793 0.9163 1.1222 0.0793 0.6479
5 24 1.0343 0.04 0.7936 0.9218 0.04 0.9218 1.0364 0 0.7952 1.0281 0.0793 0.7889
5 24 1.0343 0.04 0.7936 1.0364 0 0.7952 0.9218 0.04 0.9218 1.1289 0.04 0.6518
5 24 1.0364 0 0.7952 0.9236 0 0.9236 1.0364 -0.0403 0.7952 1.0343 0.04 0.7936
5 24 0.7071 0.3063 0.7071 0.6088 0.3063 0.7934 0.7354 0.3036 0.7354 0.6786 0.3063 0.6786
5 24 0.7071 0.3063 0.7071 0.7354 0.3036 0.7354 0.6088 0.3063 0.7934 0.7934 0.3063 0.6088
5 24 0.7354 0.3036 0.7354 0.6331 0.3036 0.8251 0.7631 0.2958 0.7631 0.7071 0.3063 0.7071
5 24 0.7354 0.3036 0.7354 0.7631 0.2958 0.7631 0.6331 0.3036 0.8251 0.8251 0.3036 0.6331
5 24 0.7631 0.2958 0.7631 0.6571 0.2958 0.8563 0.79 0.2829 0.79 0.7354 0.3036 0.7354
5 24 0.7631 0.2958 0.7631 0.79 0.2829 0.79 0.6571 0.2958 0.8563 0.8563 0.2958 0.6571
5 24 0.79 0.2829 0.79 0.6802 0.2829 0.8864 0.8154 0.2652 0.8154 0.7631 0.2958 0.7631
5 24 0.79 0.2829 0.79 0.8154 0.2652 0.8154 0.6802 0.2829 0.8864 0.8864 0.2829 0.6802
5 24 0.8154 0.2652 0.8154 0.702 0.2652 0.9149 0.8389 0.243 0.8389 0.79 0.2829 0.79
5 24 0.8154 0.2652 0.8154 0.8389 0.243 0.8389 0.702 0.2652 0.9149 0.9149 0.2652 0.702
5 24 0.8389 0.243 0.8389 0.7223 0.243 0.9413 0.8602 0.2165 0.8602 0.8154 0.2652 0.8154
5 24 0.8389 0.243 0.8389 0.8602 0.2165 0.8602 0.7223 0.243 0.9413 0.9413 0.243 0.7223
5 24 0.8602 0.2165 0.8602 0.7406 0.2165 0.9652 0.8789 0.1864 0.8789 0.8389 0.243 0.8389
5 24 0.8602 0.2165 0.8602 0.8789 0.1864 0.8789 0.7406 0.2165 0.9652 0.9652 0.2165 0.7406
5 24 0.8789 0.1864 0.8789 0.7567 0.1864 0.9862 0.8946 0.1531 0.8946 0.8602 0.2165 0.8602
5 24 0.8789 0.1864 0.8789 0.8946 0.1531 0.8946 0.7567 0.1864 0.9862 0.9862 0.1864 0.7567
5 24 0.8946 0.1531 0.8946 0.7703 0.1531 1.0038 0.9072 0.1172 0.9072 0.8789 0.1864 0.8789
5 24 0.8946 0.1531 0.8946 0.9072 0.1172 0.9072 0.7703 0.1531 1.0038 1.0038 0.1531 0.7703
5 24 0.9072 0.1172 0.9072 0.7811 0.1172 1.0179 0.9163 0.0793 0.9163 0.8946 0.1531 0.8946
5 24 0.9072 0.1172 0.9072 0.9163 0.0793 0.9163 0.7811 0.1172 1.0179 1.0179 0.1172 0.7811
5 24 0.9163 0.0793 0.9163 0.7889 0.0793 1.0281 0.9218 0.04 0.9218 0.9072 0.1172 0.9072
5 24 0.9163 0.0793 0.9163 0.9218 0.04 0.9218 0.7889 0.0793 1.0281 1.0281 0.0793 0.7889
5 24 0.9218 0.04 0.9218 0.7936 0.04 1.0343 0.9236 0 0.9236 0.9163 0.0793 0.9163
5 24 0.9218 0.04 0.9218 0.9236 0 0.9236 0.7936 0.04 1.0343 1.0343 0.04 0.7936
5 24 0.9236 0 0.9236 0.7952 0 1.0364 0.9236 -0.0403 0.9236 0.9218 0.04 0.9218
5 24 0.6088 0.3063 0.7934 0.5 0.3063 0.866 0.6331 0.3036 0.8251 0.5842 0.3063 0.7614
5 24 0.6088 0.3063 0.7934 0.6331 0.3036 0.8251 0.5 0.3063 0.866 0.7071 0.3063 0.7071
5 24 0.6331 0.3036 0.8251 0.52 0.3036 0.9006 0.6571 0.2958 0.8563 0.6088 0.3063 0.7934
5 24 0.6331 0.3036 0.8251 0.6571 0.2958 0.8563 0.52 0.3036 0.9006 0.7354 0.3036 0.7354
5 24 0.6571 0.2958 0.8563 0.5396 0.2958 0.9346 0.6802 0.2829 0.8864 0.6331 0.3036 0.8251
5 24 0.6571 0.2958 0.8563 0.6802 0.2829 0.8864 0.5396 0.2958 0.9346 0.7631 0.2958 0.7631
5 24 0.6802 0.2829 0.8864 0.5586 0.2829 0.9675 0.702 0.2652 0.9149 0.6571 0.2958 0.8563
5 24 0.6802 0.2829 0.8864 0.702 0.2652 0.9149 0.5586 0.2829 0.9675 0.79 0.2829 0.79
5 24 0.702 0.2652 0.9149 0.5766 0.2652 0.9986 0.7223 0.243 0.9413 0.6802 0.2829 0.8864
5 24 0.702 0.2652 0.9149 0.7223 0.243 0.9413 0.5766 0.2652 0.9986 0.8154 0.2652 0.8154
5 24 0.7223 0.243 0.9413 0.5932 0.243 1.0275 0.7406 0.2165 0.9652 0.702 0.2652 0.9149
5 24 0.7223 0.243 0.9413 0.7406 0.2165 0.9652 0.5932 0.243 1.0275 0.8389 0.243 0.8389
5 24 0.7406 0.2165 0.9652 0.6083 0.2165 1.0535 0.7567 0.1864 0.9862 0.7223 0.243 0.9413
5 24 0.7406 0.2165 0.9652 0.7567 0.1864 0.9862 0.6083 0.2165 1.0535 0.8602 0.2165 0.8602
5 24 0.7567 0.1864 0.9862 0.6215 0.1864 1.0764 0.7703 0.1531 1.0038 0.7406 0.2165 0.9652
5 24 0.7567 0.1864 0.9862 0.7703 0.1531 1.0038 0.6215 0.1864 1.0764 0.8789 0.1864 0.8789
5 24 0.7703 0.1531 1.0038 0.6326 0.1531 1.0957 0.7811 0.1172 1.0179 0.7567 0.1864 0.9862
5 24 0.7703 0.1531 1.0038 0.7811 0.1172 1.0179 0.6326 0.1531 1.0957 0.8946 0.1531 0.8946
5 24 0.7811 0.1172 1.0179 0.6415 0.1172 1.111 0.7889 0.0793 1.0281 0.7703 0.1531 1.0038
5 24 0.7811 0.1172 1.0179 0.7889 0.0793 1.0281 0.6415 0.1172 1.111 0.9072 0.1172 0.9072
5 24 0.7889 0.0793 1.0281 0.6479 0.0793 1.1222 0.7936 0.04 1.0343 0.7811 0.1172 1.0179
5 24 0.7889 0.0793 1.0281 0.7936 0.04 1.0343 0.6479 0.0793 1.1222 0.9163 0.0793 0.9163
5 24 0.7936 0.04 1.0343 0.6518 0.04 1.1289 0.7952 0 1.0364 0.7889 0.0793 1.0281
5 24 0.7936 0.04 1.0343 0.7952 0 1.0364 0.6518 0.04 1.1289 0.9218 0.04 0.9218
5 24 0.7952 0 1.0364 0.6531 0 1.1312 0.7952 -0.0403 1.0364 0.7936 0.04 1.0343
5 24 0.5 0.3063 0.866 0.52 0.3036 0.9006 0.386 0.3063 0.9319 0.6088 0.3063 0.7934
5 24 0.52 0.3036 0.9006 0.5396 0.2958 0.9346 0.4014 0.3036 0.9691 0.6331 0.3036 0.8251
5 24 0.5396 0.2958 0.9346 0.5586 0.2829 0.9675 0.4166 0.2958 1.0058 0.6571 0.2958 0.8563
5 24 0.5586 0.2829 0.9675 0.5766 0.2652 0.9986 0.4312 0.2829 1.0411 0.6802 0.2829 0.8864
5 24 0.5766 0.2652 0.9986 0.5932 0.243 1.0275 0.4451 0.2652 1.0746 0.702 0.2652 0.9149
5 24 0.5932 0.243 1.0275 0.6083 0.2165 1.0535 0.458 0.243 1.1056 0.7223 0.243 0.9413
5 24 0.6083 0.2165 1.0535 0.6215 0.1864 1.0764 0.4696 0.2165 1.1337 0.7406 0.2165 0.9652
5 24 0.6215 0.1864 1.0764 0.6326 0.1531 1.0957 0.4798 0.1864 1.1583 0.7567 0.1864 0.9862
5 24 0.6326 0.1531 1.0957 0.6415 0.1172 1.111 0.4884 0.1531 1.1791 0.7703 0.1531 1.0038
5 24 0.6415 0.1172 1.111 0.6479 0.0793 1.1222 0.4952 0.1172 1.1956 0.7811 0.1172 1.0179
5 24 0.6479 0.0793 1.1222 0.6518 0.04 1.1289 0.5002 0.0793 1.2076 0.7889 0.0793 1.0281
5 24 0.6518 0.04 1.1289 0.6531 0 1.1312 0.5032 0.04 1.2148 0.7936 0.04 1.0343
0 // Build by Primitive Generator 2
