0 Torus Inside  1 x 0.2000 x 0.125
0 Name: t08i2000.dat
0 Author: Max Martin Richter [MMR1988]
0 !LDRAW_ORG Primitive UPDATE 2013-02
0 !LICENSE Redistributable under CCAL version 2.0 : see CAreadme.txt
0 BFC CERTIFY CCW
0 !HISTORY 2013-12-23 [PTadmin] Official Update 2013-02
0 // Major Radius: 5
0 // Tube(Minor) Radius: 1
0 // Segments(Sweep): 2/16 = 0.125
0 // 1  9  0 0 0  1 0 0  0 1 0  0 0 1 4-4edge.dat
0 // 1  12  1 0 0 0.2000 0 0  0 0 0.2000  0 1 0  4-4edge.dat
4 16 0.8000 0.0000 0.0000 0.7932 0.0000 0.1044 0.7949 0.0261 0.1046 0.8017 0.0261 0.0000
4 16 0.7932 0.0000 0.1044 0.7727 0.0000 0.2071 0.7744 0.0261 0.2075 0.7949 0.0261 0.1046
4 16 0.7727 0.0000 0.2071 0.7391 0.0000 0.3062 0.7407 0.0261 0.3068 0.7744 0.0261 0.2075
4 16 0.8017 0.0261 0.0000 0.7949 0.0261 0.1046 0.7999 0.0518 0.1053 0.8068 0.0518 0.0000
4 16 0.7949 0.0261 0.1046 0.7744 0.0261 0.2075 0.7793 0.0518 0.2088 0.7999 0.0518 0.1053
4 16 0.7744 0.0261 0.2075 0.7407 0.0261 0.3068 0.7454 0.0518 0.3088 0.7793 0.0518 0.2088
4 16 0.8068 0.0518 0.0000 0.7999 0.0518 0.1053 0.8082 0.0765 0.1064 0.8152 0.0765 0.0000
4 16 0.7999 0.0518 0.1053 0.7793 0.0518 0.2088 0.7874 0.0765 0.2110 0.8082 0.0765 0.1064
4 16 0.7793 0.0518 0.2088 0.7454 0.0518 0.3088 0.7532 0.0765 0.3120 0.7874 0.0765 0.2110
4 16 0.8152 0.0765 0.0000 0.8082 0.0765 0.1064 0.8197 0.1000 0.1079 0.8268 0.1000 0.0000
4 16 0.8082 0.0765 0.1064 0.7874 0.0765 0.2110 0.7986 0.1000 0.2140 0.8197 0.1000 0.1079
4 16 0.7874 0.0765 0.2110 0.7532 0.0765 0.3120 0.7639 0.1000 0.3164 0.7986 0.1000 0.2140
4 16 0.8268 0.1000 0.0000 0.8197 0.1000 0.1079 0.8341 0.1218 0.1098 0.8413 0.1218 0.0000
4 16 0.8197 0.1000 0.1079 0.7986 0.1000 0.2140 0.8127 0.1218 0.2178 0.8341 0.1218 0.1098
4 16 0.7986 0.1000 0.2140 0.7639 0.1000 0.3164 0.7773 0.1218 0.3220 0.8127 0.1218 0.2178
4 16 0.8413 0.1218 0.0000 0.8341 0.1218 0.1098 0.8512 0.1414 0.1121 0.8586 0.1414 0.0000
4 16 0.8341 0.1218 0.1098 0.8127 0.1218 0.2178 0.8293 0.1414 0.2222 0.8512 0.1414 0.1121
4 16 0.8127 0.1218 0.2178 0.7773 0.1218 0.3220 0.7932 0.1414 0.3286 0.8293 0.1414 0.2222
4 16 0.8586 0.1414 0.0000 0.8512 0.1414 0.1121 0.8707 0.1587 0.1146 0.8782 0.1587 0.0000
4 16 0.8512 0.1414 0.1121 0.8293 0.1414 0.2222 0.8483 0.1587 0.2273 0.8707 0.1587 0.1146
4 16 0.8293 0.1414 0.2222 0.7932 0.1414 0.3286 0.8114 0.1587 0.3361 0.8483 0.1587 0.2273
4 16 0.8782 0.1587 0.0000 0.8707 0.1587 0.1146 0.8923 0.1732 0.1175 0.9000 0.1732 0.0000
4 16 0.8707 0.1587 0.1146 0.8483 0.1587 0.2273 0.8693 0.1732 0.2329 0.8923 0.1732 0.1175
4 16 0.8483 0.1587 0.2273 0.8114 0.1587 0.3361 0.8315 0.1732 0.3444 0.8693 0.1732 0.2329
4 16 0.9000 0.1732 0.0000 0.8923 0.1732 0.1175 0.9156 0.1848 0.1205 0.9235 0.1848 0.0000
4 16 0.8923 0.1732 0.1175 0.8693 0.1732 0.2329 0.8920 0.1848 0.2390 0.9156 0.1848 0.1205
4 16 0.8693 0.1732 0.2329 0.8315 0.1732 0.3444 0.8532 0.1848 0.3534 0.8920 0.1848 0.2390
4 16 0.9235 0.1848 0.0000 0.9156 0.1848 0.1205 0.9401 0.1932 0.1238 0.9482 0.1932 0.0000
4 16 0.9156 0.1848 0.1205 0.8920 0.1848 0.2390 0.9159 0.1932 0.2454 0.9401 0.1932 0.1238
4 16 0.8920 0.1848 0.2390 0.8532 0.1848 0.3534 0.8761 0.1932 0.3629 0.9159 0.1932 0.2454
4 16 0.9482 0.1932 0.0000 0.9401 0.1932 0.1238 0.9656 0.1983 0.1271 0.9739 0.1983 0.0000
4 16 0.9401 0.1932 0.1238 0.9159 0.1932 0.2454 0.9407 0.1983 0.2521 0.9656 0.1983 0.1271
4 16 0.9159 0.1932 0.2454 0.8761 0.1932 0.3629 0.8998 0.1983 0.3727 0.9407 0.1983 0.2521
4 16 0.9739 0.1983 0.0000 0.9656 0.1983 0.1271 0.9914 0.2000 0.1305 1.0000 0.2000 0.0000
4 16 0.9656 0.1983 0.1271 0.9407 0.1983 0.2521 0.9659 0.2000 0.2588 0.9914 0.2000 0.1305
4 16 0.9407 0.1983 0.2521 0.8998 0.1983 0.3727 0.9239 0.2000 0.3827 0.9659 0.2000 0.2588
4 16 0.7391 0.0000 0.3062 0.6928 0.0000 0.4000 0.6943 0.0261 0.4009 0.7407 0.0261 0.3068
4 16 0.6928 0.0000 0.4000 0.6347 0.0000 0.4870 0.6360 0.0261 0.4881 0.6943 0.0261 0.4009
4 16 0.6347 0.0000 0.4870 0.5657 0.0000 0.5657 0.5669 0.0261 0.5669 0.6360 0.0261 0.4881
4 16 0.7407 0.0261 0.3068 0.6943 0.0261 0.4009 0.6987 0.0518 0.4034 0.7454 0.0518 0.3088
4 16 0.6943 0.0261 0.4009 0.6360 0.0261 0.4881 0.6401 0.0518 0.4912 0.6987 0.0518 0.4034
4 16 0.6360 0.0261 0.4881 0.5669 0.0261 0.5669 0.5705 0.0518 0.5705 0.6401 0.0518 0.4912
4 16 0.7454 0.0518 0.3088 0.6987 0.0518 0.4034 0.7060 0.0765 0.4076 0.7532 0.0765 0.3120
4 16 0.6987 0.0518 0.4034 0.6401 0.0518 0.4912 0.6468 0.0765 0.4963 0.7060 0.0765 0.4076
4 16 0.6401 0.0518 0.4912 0.5705 0.0518 0.5705 0.5764 0.0765 0.5764 0.6468 0.0765 0.4963
4 16 0.7532 0.0765 0.3120 0.7060 0.0765 0.4076 0.7160 0.1000 0.4134 0.7639 0.1000 0.3164
4 16 0.7060 0.0765 0.4076 0.6468 0.0765 0.4963 0.6559 0.1000 0.5033 0.7160 0.1000 0.4134
4 16 0.6468 0.0765 0.4963 0.5764 0.0765 0.5764 0.5846 0.1000 0.5846 0.6559 0.1000 0.5033
4 16 0.7639 0.1000 0.3164 0.7160 0.1000 0.4134 0.7286 0.1218 0.4207 0.7773 0.1218 0.3220
4 16 0.7160 0.1000 0.4134 0.6559 0.1000 0.5033 0.6675 0.1218 0.5122 0.7286 0.1218 0.4207
4 16 0.6559 0.1000 0.5033 0.5846 0.1000 0.5846 0.5949 0.1218 0.5949 0.6675 0.1218 0.5122
4 16 0.7773 0.1218 0.3220 0.7286 0.1218 0.4207 0.7436 0.1414 0.4293 0.7932 0.1414 0.3286
4 16 0.7286 0.1218 0.4207 0.6675 0.1218 0.5122 0.6812 0.1414 0.5227 0.7436 0.1414 0.4293
4 16 0.6675 0.1218 0.5122 0.5949 0.1218 0.5949 0.6071 0.1414 0.6071 0.6812 0.1414 0.5227
4 16 0.7932 0.1414 0.3286 0.7436 0.1414 0.4293 0.7606 0.1587 0.4391 0.8114 0.1587 0.3361
4 16 0.7436 0.1414 0.4293 0.6812 0.1414 0.5227 0.6968 0.1587 0.5346 0.7606 0.1587 0.4391
4 16 0.6812 0.1414 0.5227 0.6071 0.1414 0.6071 0.6210 0.1587 0.6210 0.6968 0.1587 0.5346
4 16 0.8114 0.1587 0.3361 0.7606 0.1587 0.4391 0.7794 0.1732 0.4500 0.8315 0.1732 0.3444
4 16 0.7606 0.1587 0.4391 0.6968 0.1587 0.5346 0.7140 0.1732 0.5479 0.7794 0.1732 0.4500
4 16 0.6968 0.1587 0.5346 0.6210 0.1587 0.6210 0.6364 0.1732 0.6364 0.7140 0.1732 0.5479
4 16 0.8315 0.1732 0.3444 0.7794 0.1732 0.4500 0.7997 0.1848 0.4617 0.8532 0.1848 0.3534
4 16 0.7794 0.1732 0.4500 0.7140 0.1732 0.5479 0.7326 0.1848 0.5622 0.7997 0.1848 0.4617
4 16 0.7140 0.1732 0.5479 0.6364 0.1732 0.6364 0.6530 0.1848 0.6530 0.7326 0.1848 0.5622
4 16 0.8532 0.1848 0.3534 0.7997 0.1848 0.4617 0.8212 0.1932 0.4741 0.8761 0.1932 0.3629
4 16 0.7997 0.1848 0.4617 0.7326 0.1848 0.5622 0.7523 0.1932 0.5772 0.8212 0.1932 0.4741
4 16 0.7326 0.1848 0.5622 0.6530 0.1848 0.6530 0.6705 0.1932 0.6705 0.7523 0.1932 0.5772
4 16 0.8761 0.1932 0.3629 0.8212 0.1932 0.4741 0.8434 0.1983 0.4869 0.8998 0.1983 0.3727
4 16 0.8212 0.1932 0.4741 0.7523 0.1932 0.5772 0.7726 0.1983 0.5929 0.8434 0.1983 0.4869
4 16 0.7523 0.1932 0.5772 0.6705 0.1932 0.6705 0.6886 0.1983 0.6886 0.7726 0.1983 0.5929
4 16 0.8998 0.1983 0.3727 0.8434 0.1983 0.4869 0.8660 0.2000 0.5000 0.9239 0.2000 0.3827
4 16 0.8434 0.1983 0.4869 0.7726 0.1983 0.5929 0.7934 0.2000 0.6088 0.8660 0.2000 0.5000
4 16 0.7726 0.1983 0.5929 0.6886 0.1983 0.6886 0.7071 0.2000 0.7071 0.7934 0.2000 0.6088
0 // conditional lines
0 // Build by Primitive Generator 2
