0 ~Electric Motor Unit  6 x 18 x  4 - Selector Bush (Needs Work)
0 Name: u9272.dat
0 Author: Chris Dee [cwdee]
0 !LDRAW_ORG Unofficial_Part
0 !LICENSE Redistributable under CCAL version 2.0 : see CAreadme.txt

0 BFC CERTIFY CCW

0 // Needs Work: Hidden surfaces not modelled

1 16 0 -8 0 0.3827 0 0.9239 0 20 0 -0.9239 0 0.3827 axl2hole.dat
1 16 0 -8 0 3 0 0 0 1 0 0 0 3 4-4ring2.dat
1 16 0 -8 0 9 0 0 0 20 0 0 0 9 4-4cyli.dat
1 16 0 12 0 9 0 0 0 1 0 0 0 9 4-4disc.dat
1 16 0 4 0 10 0 0 0 1 0 0 0 -10 4-4ring1.dat
1 16 0 -4 0 10 0 0 0 8 0 0 0 -10 2-4cyli.dat
1 16 0 4 0 1 0 0 0 1 0 0 0 -1 1-4ring9.dat
1 16 0 4 0 -1 0 0 0 1 0 0 0 -1 1-4ring9.dat
1 16 0 -8 0 9 0 0 0 1 0 0 0 9 4-4edge.dat
2 24 2 -4 -9.602 2 -4 -14
2 24 2 -4 -14 0.5 -4 -19.5
2 24 0.5 -4 -19.5 -0.5 -4 -19.5
2 24 -0.5 -4 -19.5 -2 -4 -14
2 24 -2 -4 -14 -2 -4 -9.602
2 24 2 4 -9.602 2 4 -14
2 24 2 4 -14 0.5 4 -19.5
2 24 0.5 4 -19.5 -0.5 4 -19.5
2 24 -0.5 4 -19.5 -2 4 -14
2 24 -2 4 -14 -2 4 -9.602
4 16 2 -4 -9.602 2 -4 -14 2 4 -14 2 4 -9.602
4 16 2 -4 -14 0.5 -4 -19.5 0.5 4 -19.5 2 4 -14
4 16 0.5 -4 -19.5 -0.5 -4 -19.5 -0.5 4 -19.5 0.5 4 -19.5
4 16 -0.5 -4 -19.5 -2 -4 -14 -2 4 -14 -0.5 4 -19.5
4 16 -2 -4 -14 -2 -4 -9.602 -2 4 -9.602 -2 4 -14
4 16 -2 -4 -14 -0.5 -4 -19.5 0.5 -4 -19.5 2 -4 -14
2 24 2 -4 -9.602 2 4 -9.602
2 24 2 -4 -14 2 4 -14
2 24 0.5 -4 -19.5 0.5 4 -19.5
2 24 -0.5 -4 -19.5 -0.5 4 -19.5
2 24 -2 -4 -14 -2 4 -14
2 24 -2 -4 -9.602 -2 4 -9.602
4 16 15.322 4 -8.846 15.322 -1 -8.846 12.768 -4 -7.372 12.768 4 -7.372
4 16 10 -4 0 10 4 0 12.768 4 -7.372 12.768 -4 -7.372
4 16 -12.768 4 -7.372 -12.768 -4 -7.372 -15.322 -1 -8.846 -15.322 4 -8.846
4 16 -12.768 -4 -7.372 -12.768 4 -7.372 -10 4 0 -10 -4 0
