0 Minifig Helmet Snowtrooper
0 Name: 44360.dat
0 Author: Stan Isachenko [angmarec]
0 !LDRAW_ORG Unofficial_Part
0 !LICENSE Redistributable under CCAL version 2.0 : see CAreadme.txt

0 BFC CERTIFY CCW

0 !CATEGORY Minifig Headwear
0 !KEYWORDS Star Wars

0 !HISTORY 2011-10-28 {LEGO Digital Designer} Original part shape
0 !HISTORY 2014-01-09 [angmarec] File preparation for LDraw Parts Tracker

1 16 0 0 0 1 0 0 0 1 0 0 0 1 s\44360s01.dat
1 16 0 0 0 -1 0 0 0 1 0 0 0 1 s\44360s01.dat
1 16 0 -8 0 1 0 0 0 -2 0 0 0 1 stud4.dat
1 16 0 -8 0 6 0 0 0 -1 0 0 0 6 4-4disc.dat
0 BFC INVERTNEXT
1 16 0 -4 0 0 0 8 0 -6.4 0 8 0 0 t04o6250.dat
0 BFC INVERTNEXT
1 16 0 -4 0 8 0 0 0 -6.4 0 0 0 -8 t04o6250.dat
0 BFC INVERTNEXT
1 16 0 -4 0 0 0 -8 0 -6.4 0 -8 0 0 t04o6250.dat
0 BFC INVERTNEXT
1 16 0 -4 0 -8 0 0 0 -6.4 0 0 0 8 t04o6250.dat
0 // ////////
0 // backpack
4 16 -11.075 53.97 21.106 -11.075 52.504 22.997 -11.075 54.362 14.351 -11.075 54.985 17.403
4 16 -11.075 52.51 11.963 -11.075 54.362 14.351 -11.075 52.504 22.997 -11.075 24.485 16.688
3 16 -11.075 52.51 11.963 -11.075 24.485 16.688 -11.376 24.495 10.401
3 16 -10.53 21.193 11.371 -12.412 21.193 8.721 -11.633 21.696 10
4 16 -3.314 21.193 15.915 -7.288 21.193 14.186 -7.261 24.485 14.286 -3.754 24.485 15.809
3 16 -9.313 24.485 12.721 -10.53 21.193 11.371 -11.376 24.495 10.401
3 16 -7.288 21.193 14.186 -10.53 21.193 11.371 -9.313 24.485 12.721
3 16 -7.288 21.193 14.186 -9.313 24.485 12.721 -7.261 24.485 14.286
3 16 0 21.193 16.382 -3.314 21.193 15.915 -3.754 24.485 15.809
3 16 0 21.193 16.382 -3.754 24.485 15.809 0 24.485 16.41
3 16 -11.376 24.495 10.401 -11.913 48.314 10 -11.619 50.107 10.447
3 16 -11.376 24.495 10.401 -11.619 50.107 10.447 -11.075 52.51 11.963
4 16 -11.075 54.985 17.403 -14.075 54.985 17.403 -14.075 53.967 21.114 -11.075 53.97 21.106
3 16 -14.075 53.967 21.114 -14.075 52.333 23.123 -11.075 52.504 22.997
3 16 -11.075 53.97 21.106 -14.075 53.967 21.114 -11.075 52.504 22.997
3 16 -11.075 52.51 11.963 -14.075 52.655 12.086 -14.075 54.357 14.346
3 16 -11.075 54.362 14.351 -11.075 52.51 11.963 -14.075 54.357 14.346
4 16 -11.075 54.362 14.351 -14.075 54.357 14.346 -14.075 54.985 17.403 -11.075 54.985 17.403
4 16 -14.075 50.064 10.432 -11.619 50.107 10.447 -11.913 48.314 10 -14.075 48.315 10
4 16 -14.075 52.655 12.086 -11.075 52.51 11.963 -11.619 50.107 10.447 -14.075 50.064 10.432
3 16 -14.075 23.222 19.172 -14.075 22.045 17.597 -6.022 22.021 17.791
3 16 -14.075 21.735 13.687 -11.661 21.725 15.658 -14.075 21.735 15.391
3 16 -14.075 22.045 17.597 -14.075 21.735 15.391 -11.661 21.725 15.658
3 16 -14.075 22.045 17.597 -11.661 21.725 15.658 -6.022 22.021 17.791
3 16 -14.075 21.697 10 -11.376 24.495 10.401 -11.633 21.696 10
3 16 -14.075 48.315 10 -11.913 48.314 10 -14.075 21.697 10
3 16 -11.913 48.314 10 -11.376 24.495 10.401 -14.075 21.697 10
4 16 -14.075 21.735 13.687 -14.075 23.222 19.172 -14.075 24.314 19.701 -14.075 21.697 10
3 16 -7.261 24.485 14.286 -11.075 24.485 16.688 -3.754 24.485 15.809
3 16 -9.313 24.485 12.721 -11.075 24.485 16.688 -7.261 24.485 14.286
3 16 -11.376 24.495 10.401 -11.075 24.485 16.688 -9.313 24.485 12.721
3 16 6.022 22.021 17.791 14.075 23.222 19.172 0 22.51 18.562
3 16 14.075 23.222 19.172 -14.075 23.222 19.172 0 22.51 18.562
3 16 -14.075 23.222 19.172 -6.022 22.021 17.791 0 22.51 18.562
3 16 0 24.485 16.41 -3.754 24.485 15.809 -11.075 24.485 16.688
4 16 -14.075 48.315 10 -14.075 46.744 24.775 -14.075 49.863 24.392 -14.075 50.064 10.432
3 16 -11.376 24.495 10.401 -10.53 21.193 11.371 -11.633 21.696 10
4 16 -14.075 48.315 10 -14.075 21.697 10 -14.075 24.314 19.701 -14.075 46.744 24.775
4 16 -14.075 21.735 15.391 -14.075 22.045 17.597 -14.075 23.222 19.172 -14.075 21.735 13.687
4 16 -14.075 50.064 10.432 -14.075 49.863 24.392 -14.075 52.333 23.123 -14.075 52.655 12.086
4 16 -14.075 52.655 12.086 -14.075 52.333 23.123 -14.075 53.967 21.114 -14.075 54.357 14.346
3 16 -14.075 54.985 17.403 -14.075 54.357 14.346 -14.075 53.967 21.114
4 16 11.075 54.362 14.351 11.075 52.504 22.997 11.075 53.971 21.106 11.075 54.985 17.403
4 16 11.075 52.504 22.997 11.075 54.362 14.351 11.075 52.51 11.964 11.075 24.485 16.688
3 16 11.075 52.51 11.964 11.376 24.495 10.401 11.075 24.485 16.688
3 16 10.531 21.193 11.371 11.633 21.697 10 12.412 21.193 8.721
4 16 7.262 24.485 14.286 7.288 21.193 14.186 3.314 21.193 15.915 3.755 24.485 15.808
3 16 9.313 24.485 12.721 11.376 24.495 10.401 10.531 21.193 11.371
3 16 7.288 21.193 14.186 9.313 24.485 12.721 10.531 21.193 11.371
3 16 7.288 21.193 14.186 7.262 24.485 14.286 9.313 24.485 12.721
3 16 0 21.193 16.382 3.755 24.485 15.808 3.314 21.193 15.915
3 16 0 21.193 16.382 0 24.485 16.41 3.755 24.485 15.808
3 16 11.376 24.495 10.401 11.62 50.107 10.447 11.913 48.314 10
3 16 11.376 24.495 10.401 11.075 52.51 11.964 11.62 50.107 10.447
4 16 14.075 53.967 21.114 14.075 54.985 17.403 11.075 54.985 17.403 11.075 53.971 21.106
3 16 14.075 53.967 21.114 11.075 52.504 22.997 14.075 52.333 23.123
3 16 11.075 53.971 21.106 11.075 52.504 22.997 14.075 53.967 21.114
3 16 11.075 52.51 11.964 14.075 54.357 14.346 14.075 52.655 12.086
3 16 11.075 54.362 14.351 14.075 54.357 14.346 11.075 52.51 11.964
4 16 14.075 54.985 17.403 14.075 54.357 14.346 11.075 54.362 14.351 11.075 54.985 17.403
4 16 11.913 48.314 10 11.62 50.107 10.447 14.075 50.064 10.432 14.075 48.314 10
4 16 11.62 50.107 10.447 11.075 52.51 11.964 14.075 52.655 12.086 14.075 50.064 10.432
4 16 11.075 52.504 22.997 -11.075 52.504 22.997 -14.075 52.333 23.123 14.075 52.333 23.123
4 16 -14.075 52.333 23.123 -14.075 49.863 24.392 14.075 49.863 24.392 14.075 52.333 23.123
4 16 14.075 23.222 19.172 14.075 24.314 19.701 -14.075 24.314 19.701 -14.075 23.222 19.172
3 16 14.075 23.222 19.172 6.022 22.021 17.791 14.075 22.045 17.597
3 16 14.075 21.735 13.687 14.075 21.735 15.392 11.661 21.725 15.658
3 16 14.075 22.045 17.597 11.661 21.725 15.658 14.075 21.735 15.392
3 16 14.075 22.045 17.597 6.022 22.021 17.791 11.661 21.725 15.658
3 16 14.075 21.697 10 11.633 21.697 10 11.376 24.495 10.401
3 16 14.075 48.314 10 14.075 21.697 10 11.913 48.314 10
3 16 11.913 48.314 10 14.075 21.697 10 11.376 24.495 10.401
4 16 -14.075 49.863 24.392 -14.075 46.744 24.775 14.075 46.744 24.775 14.075 49.863 24.392
4 16 14.075 24.314 19.701 14.075 21.735 13.687 14.075 21.697 10 14.075 48.314 10
4 16 11.075 52.504 22.997 11.075 24.485 16.688 -11.075 24.485 16.688 -11.075 52.504 22.997
3 16 11.075 24.485 16.688 7.262 24.485 14.286 3.755 24.485 15.808
3 16 11.075 24.485 16.688 9.313 24.485 12.721 7.262 24.485 14.286
3 16 11.075 24.485 16.688 11.376 24.495 10.401 9.313 24.485 12.721
3 16 11.075 24.485 16.688 0 24.485 16.41 -11.075 24.485 16.688
3 16 3.755 24.485 15.808 0 24.485 16.41 11.075 24.485 16.688
4 16 14.075 49.863 24.392 14.075 46.744 24.775 14.075 48.314 10 14.075 50.064 10.432
3 16 10.531 21.193 11.371 11.376 24.495 10.401 11.633 21.697 10
4 16 -14.075 46.744 24.775 -14.075 24.314 19.701 14.075 24.314 19.701 14.075 46.744 24.775
3 16 14.075 24.314 19.701 14.075 48.314 10 14.075 46.744 24.775
4 16 14.075 23.222 19.172 14.075 22.045 17.597 14.075 21.735 15.392 14.075 21.735 13.687
3 16 14.075 21.735 13.687 14.075 24.314 19.701 14.075 23.222 19.172
4 16 14.075 52.333 23.123 14.075 49.863 24.392 14.075 50.064 10.432 14.075 52.655 12.086
4 16 14.075 53.967 21.114 14.075 52.333 23.123 14.075 52.655 12.086 14.075 54.357 14.346
3 16 14.075 54.985 17.403 14.075 53.967 21.114 14.075 54.357 14.346
4 16 -8.791 28.982 25.871 -8.164 28.814 25.871 -7.537 28.982 25.871 -9.25 29.441 25.871
4 16 -9.25 29.441 25.871 -7.537 28.982 25.871 -7.078 29.441 25.871 -9.418 30.068 25.871
4 16 -9.418 30.068 25.871 -7.078 29.441 25.871 -6.91 30.068 25.871 -9.25 30.695 25.871
4 16 -9.25 30.695 25.871 -6.91 30.068 25.871 -7.078 30.695 25.871 -8.791 31.154 25.871
4 16 -8.791 31.154 25.871 -7.078 30.695 25.871 -7.537 31.154 25.871 -8.164 31.322 25.871
4 16 -9.723 30.968 24.371 -9.25 30.695 25.871 -8.791 31.154 25.871 -9.064 31.627 24.371
4 16 -9.064 31.627 24.371 -8.791 31.154 25.871 -8.164 31.322 25.871 -8.164 31.868 24.371
4 16 -7.264 31.627 24.371 -7.537 31.154 25.871 -7.078 30.695 25.871 -6.605 30.968 24.371
4 16 -6.605 30.968 24.371 -7.078 30.695 25.871 -6.91 30.068 25.871 -6.364 30.068 24.371
4 16 -8.164 31.868 24.371 -8.164 31.322 25.871 -7.537 31.154 25.871 -7.264 31.627 24.371
4 16 -6.605 29.168 24.371 -7.078 29.441 25.871 -7.537 28.982 25.871 -7.264 28.509 24.371
4 16 -7.264 28.509 24.371 -7.537 28.982 25.871 -8.164 28.814 25.871 -8.164 28.268 24.371
4 16 -9.25 29.441 25.871 -9.723 29.168 24.371 -9.064 28.509 24.371 -8.791 28.982 25.871
4 16 -9.723 29.168 24.371 -9.25 29.441 25.871 -9.418 30.068 25.871 -9.964 30.068 24.371
4 16 -8.164 28.268 24.371 -8.164 28.814 25.871 -8.791 28.982 25.871 -9.064 28.509 24.371
4 16 -6.364 30.068 24.371 -6.91 30.068 25.871 -7.078 29.441 25.871 -6.605 29.168 24.371
4 16 -9.964 30.068 24.371 -9.418 30.068 25.871 -9.25 30.695 25.871 -9.723 30.968 24.371
4 16 -11.37 33.25 24.371 -11.37 33.25 21.737 -11.37 44.354 24.304 -11.37 44.354 24.371
4 16 -5.12 33.25 21.737 -11.37 33.25 21.737 -11.37 33.25 24.371 -5.121 33.25 24.371
4 16 -11.37 33.25 24.371 -11.37 44.354 24.371 -12.62 44.354 24.371 -12.62 25.672 24.371
4 16 -3.87 44.354 24.371 -5.12 44.354 24.371 -5.121 33.25 24.371 -3.87 25.672 24.371
4 16 -5.121 33.25 24.371 -11.37 33.25 24.371 -12.62 25.672 24.371 -3.87 25.672 24.371
4 16 -3.87 25.672 24.371 -3.87 25.672 20.03 -3.87 44.354 24.304 -3.87 44.354 24.371
4 16 -3.87 25.672 24.371 -12.62 25.672 24.371 -12.62 25.672 20.03 -3.87 25.672 20.03
4 16 -12.621 44.354 24.304 -12.62 25.672 20.03 -12.62 25.672 24.371 -12.62 44.354 24.371
4 16 -5.12 44.354 24.304 -5.12 33.25 21.737 -5.121 33.25 24.371 -5.12 44.354 24.371
4 16 0.016 31.302 23.604 4.711 31.302 23.604 4.711 37.406 24.979 0.016 37.406 24.979
4 16 4.711 37.625 24.003 4.711 37.406 24.979 4.711 31.302 23.604 4.711 31.167 22.549
4 16 4.711 37.406 24.979 4.711 37.625 24.003 0.016 37.625 24.003 0.016 37.406 24.979
4 16 0.016 31.302 23.604 0.016 37.406 24.979 0.016 37.625 24.003 0.016 31.167 22.549
4 16 4.711 31.167 22.549 4.711 31.302 23.604 0.016 31.302 23.604 0.016 31.167 22.549
4 16 12.711 44.032 25.446 -1.607 44.032 25.446 -1.607 30.032 22.293 12.711 30.032 22.293
4 16 -1.607 30.032 22.293 -1.607 44.032 25.446 -1.607 44.306 24.226 -1.607 29.863 20.974
4 16 12.711 44.032 25.446 12.711 44.307 24.226 -1.607 44.306 24.226 -1.607 44.032 25.446
4 16 12.711 29.863 20.974 12.711 44.307 24.226 12.711 44.032 25.446 12.711 30.032 22.293
4 16 -1.607 29.863 20.974 12.711 29.863 20.974 12.711 30.032 22.293 -1.607 30.032 22.293
4 16 3.157 39.795 26.029 1.446 39.795 26.029 0.58 39.28 24.376 4.023 39.28 24.375
4 16 4.023 42.665 25.138 3.157 41.491 26.411 3.157 39.795 26.029 4.023 39.28 24.375
4 16 3.157 39.795 26.029 3.157 41.491 26.411 1.446 41.49 26.411 1.446 39.795 26.029
4 16 0.58 42.665 25.138 1.446 41.49 26.411 3.157 41.491 26.411 4.023 42.665 25.138
4 16 0.58 39.28 24.376 1.446 39.795 26.029 1.446 41.49 26.411 0.58 42.665 25.138
0 // ////
2 24 -11.075 53.97 21.106 -11.075 52.504 22.997
5 24 -11.075 52.504 22.997 -11.075 54.362 14.351 -11.075 53.97 21.106 -11.075 52.51 11.963
2 24 -11.075 54.362 14.351 -11.075 54.985 17.403
2 24 -11.075 54.985 17.403 -11.075 53.97 21.106
2 24 -11.075 52.51 11.963 -11.075 54.362 14.351
2 24 -11.075 52.504 22.997 -11.075 24.485 16.688
5 24 -11.075 24.485 16.688 -11.075 52.51 11.963 -11.075 52.504 22.997 -11.376 24.495 10.401
2 24 -11.075 24.485 16.688 -11.376 24.495 10.401
2 24 -11.376 24.495 10.401 -11.075 52.51 11.963
2 24 -12.412 21.193 8.721 -11.633 21.696 10
5 24 -11.633 21.696 10 -10.53 21.193 11.371 -12.412 21.193 8.721 -11.376 24.495 10.401
2 24 -10.53 21.193 11.371 -12.412 21.193 8.721
5 24 -7.288 21.193 14.186 -7.261 24.485 14.286 -3.314 21.193 15.915 -9.313 24.485 12.721
2 24 -3.314 21.193 15.915 -7.288 21.193 14.186
2 24 -7.261 24.485 14.286 -3.754 24.485 15.809
5 24 -3.754 24.485 15.809 -3.314 21.193 15.915 -7.261 24.485 14.286 0 21.193 16.382
5 24 -10.53 21.193 11.371 -11.376 24.495 10.401 -9.313 24.485 12.721 -11.633 21.696 10
2 24 -11.376 24.495 10.401 -9.313 24.485 12.721
5 24 -9.313 24.485 12.721 -10.53 21.193 11.371 -11.376 24.495 10.401 -7.288 21.193 14.186
5 24 -9.313 24.485 12.721 -7.288 21.193 14.186 -10.53 21.193 11.371 -7.261 24.485 14.286
2 24 -7.288 21.193 14.186 -10.53 21.193 11.371
2 24 -9.313 24.485 12.721 -7.261 24.485 14.286
5 24 -3.754 24.485 15.809 0 21.193 16.382 -3.314 21.193 15.915 0 24.485 16.41
2 24 0 21.193 16.382 -3.314 21.193 15.915
2 24 -3.754 24.485 15.809 0 24.485 16.41
5 24 0 24.485 16.41 0 21.193 16.382 -3.754 24.485 15.809 3.755 24.485 15.808
5 24 -11.913 48.314 10 -11.619 50.107 10.447 -11.376 24.495 10.401 -14.075 50.064 10.432
2 24 -11.619 50.107 10.447 -11.376 24.495 10.401
5 24 -11.376 24.495 10.401 -11.913 48.314 10 -11.619 50.107 10.447 -14.075 21.697 10
2 24 -11.619 50.107 10.447 -11.075 52.51 11.963
2 24 -14.075 54.985 17.403 -14.075 53.967 21.114
5 24 -11.075 54.985 17.403 -14.075 54.985 17.403 -14.075 53.967 21.114 -11.075 54.362 14.351
5 24 -14.075 53.967 21.114 -11.075 53.97 21.106 -11.075 54.985 17.403 -11.075 52.504 22.997
5 24 -14.075 52.333 23.123 -11.075 52.504 22.997 -14.075 53.967 21.114 11.075 52.504 22.997
5 24 -11.075 52.504 22.997 -14.075 53.967 21.114 -14.075 52.333 23.123 -11.075 53.97 21.106
2 24 -14.075 53.967 21.114 -14.075 52.333 23.123
2 24 -14.075 52.655 12.086 -14.075 54.357 14.346
5 24 -14.075 54.357 14.346 -11.075 52.51 11.963 -14.075 52.655 12.086 -11.075 54.362 14.351
5 24 -11.075 52.51 11.963 -14.075 52.655 12.086 -14.075 54.357 14.346 -11.619 50.107 10.447
5 24 -14.075 54.357 14.346 -11.075 54.362 14.351 -11.075 52.51 11.963 -14.075 54.985 17.403
2 24 -14.075 54.357 14.346 -14.075 54.985 17.403
5 24 -14.075 50.064 10.432 -11.619 50.107 10.447 -11.913 48.314 10 -14.075 52.655 12.086
5 24 -11.913 48.314 10 -14.075 48.315 10 -14.075 50.064 10.432 -14.075 21.697 10
2 24 -14.075 48.315 10 -14.075 50.064 10.432
2 24 -14.075 50.064 10.432 -14.075 52.655 12.086
5 24 -14.075 22.045 17.597 -6.022 22.021 17.791 -14.075 23.222 19.172 -11.661 21.725 15.658
5 24 -6.022 22.021 17.791 -14.075 23.222 19.172 -14.075 22.045 17.597 0 22.51 18.562
2 24 -14.075 23.222 19.172 -14.075 22.045 17.597
5 24 -11.661 21.725 15.658 -14.075 21.735 15.391 -14.075 21.735 13.687 -14.075 22.045 17.597
2 24 -14.075 21.735 15.391 -14.075 21.735 13.687
2 24 -14.075 21.735 13.687 -11.661 21.725 15.658
5 24 -11.661 21.725 15.658 -14.075 22.045 17.597 -14.075 21.735 15.391 -6.022 22.021 17.791
2 24 -14.075 22.045 17.597 -14.075 21.735 15.391
2 24 -11.661 21.725 15.658 -6.022 22.021 17.791
5 24 -11.376 24.495 10.401 -11.633 21.696 10 -14.075 21.697 10 -10.53 21.193 11.371
2 24 -11.633 21.696 10 -14.075 21.697 10
5 24 -14.075 21.697 10 -11.376 24.495 10.401 -11.633 21.696 10 -11.913 48.314 10
5 24 -11.913 48.314 10 -14.075 21.697 10 -14.075 48.315 10 -11.376 24.495 10.401
2 24 -14.075 21.697 10 -14.075 48.315 10
5 24 -14.075 21.735 13.687 -14.075 23.222 19.172 -14.075 24.314 19.701 -14.075 21.735 15.391
2 24 -14.075 23.222 19.172 -14.075 24.314 19.701
5 24 -7.261 24.485 14.286 -11.075 24.485 16.688 -3.754 24.485 15.809 -9.313 24.485 12.721
5 24 -11.075 24.485 16.688 -3.754 24.485 15.809 -7.261 24.485 14.286 0 24.485 16.41
5 24 -9.313 24.485 12.721 -11.075 24.485 16.688 -7.261 24.485 14.286 -11.376 24.495 10.401
2 24 0 22.51 18.562 -6.022 22.021 17.791
2 24 -14.075 21.735 13.687 -14.075 21.697 10
5 24 6.022 22.021 17.791 14.075 23.222 19.172 0 22.51 18.562 14.075 22.045 17.597
5 24 14.075 23.222 19.172 0 22.51 18.562 6.022 22.021 17.791 -14.075 23.222 19.172
2 24 0 22.51 18.562 6.022 22.021 17.791
5 24 14.075 23.222 19.172 -14.075 23.222 19.172 0 22.51 18.562 -14.075 24.314 19.701
5 24 -14.075 23.222 19.172 0 22.51 18.562 14.075 23.222 19.172 -6.022 22.021 17.791
5 24 -11.075 24.485 16.688 0 24.485 16.41 -3.754 24.485 15.809 11.075 24.485 16.688
5 24 -14.075 48.315 10 -14.075 46.744 24.775 -14.075 49.863 24.392 -14.075 24.314 19.701
2 24 -14.075 46.744 24.775 -14.075 49.863 24.392
5 24 -14.075 49.863 24.392 -14.075 50.064 10.432 -14.075 48.315 10 -14.075 52.333 23.123
5 24 -14.075 21.697 10 -14.075 24.314 19.701 -14.075 48.315 10 -14.075 21.735 13.687
2 24 -14.075 24.314 19.701 -14.075 46.744 24.775
2 24 -14.075 49.863 24.392 -14.075 52.333 23.123
5 24 -14.075 52.333 23.123 -14.075 52.655 12.086 -14.075 50.064 10.432 -14.075 53.967 21.114
5 24 -14.075 53.967 21.114 -14.075 54.357 14.346 -14.075 52.655 12.086 -14.075 54.985 17.403
5 24 11.075 54.362 14.351 11.075 52.504 22.997 11.075 53.971 21.106 11.075 52.51 11.964
2 24 11.075 52.504 22.997 11.075 53.971 21.106
2 24 11.075 53.971 21.106 11.075 54.985 17.403
2 24 11.075 54.985 17.403 11.075 54.362 14.351
2 24 11.075 54.362 14.351 11.075 52.51 11.964
5 24 11.075 52.51 11.964 11.075 24.485 16.688 11.075 52.504 22.997 11.376 24.495 10.401
2 24 11.075 24.485 16.688 11.075 52.504 22.997
2 24 11.075 52.51 11.964 11.376 24.495 10.401
2 24 11.376 24.495 10.401 11.075 24.485 16.688
2 24 12.412 21.193 8.721 10.531 21.193 11.371
5 24 10.531 21.193 11.371 11.633 21.697 10 12.412 21.193 8.721 11.376 24.495 10.401
2 24 11.633 21.697 10 12.412 21.193 8.721
2 24 7.288 21.193 14.186 3.314 21.193 15.915
5 24 7.262 24.485 14.286 7.288 21.193 14.186 3.314 21.193 15.915 9.313 24.485 12.721
5 24 3.314 21.193 15.915 3.755 24.485 15.808 7.262 24.485 14.286 0 21.193 16.382
2 24 3.755 24.485 15.808 7.262 24.485 14.286
5 24 10.531 21.193 11.371 9.313 24.485 12.721 11.376 24.495 10.401 7.288 21.193 14.186
2 24 9.313 24.485 12.721 11.376 24.495 10.401
5 24 11.376 24.495 10.401 10.531 21.193 11.371 9.313 24.485 12.721 11.633 21.697 10
2 24 10.531 21.193 11.371 7.288 21.193 14.186
5 24 7.288 21.193 14.186 9.313 24.485 12.721 10.531 21.193 11.371 7.262 24.485 14.286
2 24 7.262 24.485 14.286 9.313 24.485 12.721
2 24 3.314 21.193 15.915 0 21.193 16.382
5 24 0 21.193 16.382 3.755 24.485 15.808 3.314 21.193 15.915 0 24.485 16.41
2 24 0 24.485 16.41 3.755 24.485 15.808
5 24 11.913 48.314 10 11.376 24.495 10.401 11.62 50.107 10.447 14.075 21.697 10
2 24 11.376 24.495 10.401 11.62 50.107 10.447
5 24 11.62 50.107 10.447 11.913 48.314 10 11.376 24.495 10.401 14.075 50.064 10.432
2 24 11.075 52.51 11.964 11.62 50.107 10.447
5 24 14.075 54.985 17.403 11.075 54.985 17.403 14.075 53.967 21.114 11.075 54.362 14.351
2 24 14.075 53.967 21.114 14.075 54.985 17.403
5 24 11.075 53.971 21.106 14.075 53.967 21.114 11.075 54.985 17.403 11.075 52.504 22.997
2 24 14.075 52.333 23.123 14.075 53.967 21.114
5 24 14.075 53.967 21.114 11.075 52.504 22.997 14.075 52.333 23.123 11.075 53.971 21.106
5 24 11.075 52.504 22.997 14.075 52.333 23.123 14.075 53.967 21.114 -14.075 52.333 23.123
5 24 14.075 52.655 12.086 11.075 52.51 11.964 14.075 54.357 14.346 11.62 50.107 10.447
5 24 11.075 52.51 11.964 14.075 54.357 14.346 14.075 52.655 12.086 11.075 54.362 14.351
2 24 14.075 54.357 14.346 14.075 52.655 12.086
5 24 11.075 54.362 14.351 14.075 54.357 14.346 11.075 52.51 11.964 14.075 54.985 17.403
2 24 14.075 54.985 17.403 14.075 54.357 14.346
5 24 11.62 50.107 10.447 14.075 50.064 10.432 11.913 48.314 10 14.075 52.655 12.086
2 24 14.075 50.064 10.432 14.075 48.314 10
5 24 14.075 48.314 10 11.913 48.314 10 14.075 50.064 10.432 14.075 21.697 10
2 24 14.075 52.655 12.086 14.075 50.064 10.432
2 24 11.075 52.504 22.997 -11.075 52.504 22.997
5 24 -14.075 49.863 24.392 14.075 49.863 24.392 -14.075 52.333 23.123 14.075 46.744 24.775
2 24 14.075 49.863 24.392 14.075 52.333 23.123
5 24 14.075 52.333 23.123 -14.075 52.333 23.123 14.075 49.863 24.392 11.075 52.504 22.997
5 24 14.075 24.314 19.701 -14.075 24.314 19.701 14.075 23.222 19.172 -14.075 46.744 24.775
2 24 14.075 23.222 19.172 14.075 24.314 19.701
2 24 14.075 22.045 17.597 14.075 23.222 19.172
5 24 6.022 22.021 17.791 14.075 22.045 17.597 14.075 23.222 19.172 11.661 21.725 15.658
2 24 11.661 21.725 15.658 14.075 21.735 13.687
2 24 14.075 21.735 13.687 14.075 21.735 15.392
5 24 14.075 21.735 15.392 11.661 21.725 15.658 14.075 21.735 13.687 14.075 22.045 17.597
2 24 14.075 21.735 15.392 14.075 22.045 17.597
5 24 14.075 22.045 17.597 11.661 21.725 15.658 14.075 21.735 15.392 6.022 22.021 17.791
2 24 6.022 22.021 17.791 11.661 21.725 15.658
5 24 11.376 24.495 10.401 14.075 21.697 10 11.633 21.697 10 11.913 48.314 10
2 24 14.075 21.697 10 11.633 21.697 10
5 24 11.633 21.697 10 11.376 24.495 10.401 14.075 21.697 10 10.531 21.193 11.371
2 24 14.075 48.314 10 14.075 21.697 10
5 24 14.075 21.697 10 11.913 48.314 10 14.075 48.314 10 11.376 24.495 10.401
5 24 -14.075 46.744 24.775 14.075 46.744 24.775 -14.075 49.863 24.392 14.075 24.314 19.701
2 24 14.075 46.744 24.775 14.075 49.863 24.392
2 24 14.075 21.735 13.687 14.075 21.697 10
5 24 14.075 24.314 19.701 14.075 21.735 13.687 14.075 21.697 10 14.075 23.222 19.172
2 24 11.075 24.485 16.688 -11.075 24.485 16.688
5 24 3.755 24.485 15.808 11.075 24.485 16.688 7.262 24.485 14.286 0 24.485 16.41
5 24 11.075 24.485 16.688 7.262 24.485 14.286 3.755 24.485 15.808 9.313 24.485 12.721
5 24 11.075 24.485 16.688 9.313 24.485 12.721 7.262 24.485 14.286 11.376 24.495 10.401
5 24 11.075 24.485 16.688 0 24.485 16.41 -11.075 24.485 16.688 3.755 24.485 15.808
5 24 14.075 46.744 24.775 14.075 48.314 10 14.075 49.863 24.392 14.075 24.314 19.701
5 24 14.075 50.064 10.432 14.075 49.863 24.392 14.075 48.314 10 14.075 52.333 23.123
2 24 14.075 24.314 19.701 14.075 46.744 24.775
5 24 14.075 48.314 10 14.075 24.314 19.701 14.075 21.697 10 14.075 46.744 24.775
5 24 14.075 23.222 19.172 14.075 21.735 13.687 14.075 24.314 19.701 14.075 21.735 15.392
5 24 14.075 52.655 12.086 14.075 52.333 23.123 14.075 50.064 10.432 14.075 53.967 21.114
5 24 14.075 54.357 14.346 14.075 53.967 21.114 14.075 52.655 12.086 14.075 54.985 17.403
2 24 -8.791 28.982 25.871 -8.164 28.814 25.871
2 24 -8.164 28.814 25.871 -7.537 28.982 25.871
2 24 -7.537 28.982 25.871 -7.078 29.441 25.871
5 24 -9.25 29.441 25.871 -7.537 28.982 25.871 -7.078 29.441 25.871 -8.791 28.982 25.871
5 24 -9.418 30.068 25.871 -7.078 29.441 25.871 -6.91 30.068 25.871 -9.25 29.441 25.871
2 24 -7.078 29.441 25.871 -6.91 30.068 25.871
5 24 -9.25 30.695 25.871 -6.91 30.068 25.871 -7.078 30.695 25.871 -9.418 30.068 25.871
2 24 -6.91 30.068 25.871 -7.078 30.695 25.871
2 24 -7.078 30.695 25.871 -7.537 31.154 25.871
5 24 -8.791 31.154 25.871 -7.078 30.695 25.871 -7.537 31.154 25.871 -9.25 30.695 25.871
2 24 -7.537 31.154 25.871 -8.164 31.322 25.871
2 24 -8.164 31.322 25.871 -8.791 31.154 25.871
2 24 -8.791 31.154 25.871 -9.25 30.695 25.871
2 24 -9.25 30.695 25.871 -9.418 30.068 25.871
2 24 -9.418 30.068 25.871 -9.25 29.441 25.871
2 24 -9.25 29.441 25.871 -8.791 28.982 25.871
5 24 -9.723 30.968 24.371 -9.25 30.695 25.871 -8.791 31.154 25.871 -9.964 30.068 24.371
2 24 -9.064 31.627 24.371 -9.723 30.968 24.371
5 24 -8.791 31.154 25.871 -9.064 31.627 24.371 -9.723 30.968 24.371 -8.164 31.322 25.871
2 24 -8.164 31.868 24.371 -9.064 31.627 24.371
5 24 -8.164 31.322 25.871 -8.164 31.868 24.371 -9.064 31.627 24.371 -7.537 31.154 25.871
5 24 -7.264 31.627 24.371 -7.537 31.154 25.871 -7.078 30.695 25.871 -8.164 31.868 24.371
2 24 -6.605 30.968 24.371 -7.264 31.627 24.371
5 24 -7.078 30.695 25.871 -6.605 30.968 24.371 -7.264 31.627 24.371 -6.91 30.068 25.871
2 24 -6.364 30.068 24.371 -6.605 30.968 24.371
5 24 -6.91 30.068 25.871 -6.364 30.068 24.371 -6.605 30.968 24.371 -7.078 29.441 25.871
2 24 -7.264 31.627 24.371 -8.164 31.868 24.371
5 24 -6.605 29.168 24.371 -7.078 29.441 25.871 -7.537 28.982 25.871 -6.364 30.068 24.371
2 24 -7.264 28.509 24.371 -6.605 29.168 24.371
5 24 -7.537 28.982 25.871 -7.264 28.509 24.371 -6.605 29.168 24.371 -8.164 28.814 25.871
5 24 -8.164 28.814 25.871 -8.164 28.268 24.371 -7.264 28.509 24.371 -8.791 28.982 25.871
2 24 -8.164 28.268 24.371 -7.264 28.509 24.371
5 24 -9.25 29.441 25.871 -9.723 29.168 24.371 -9.064 28.509 24.371 -9.418 30.068 25.871
2 24 -9.723 29.168 24.371 -9.064 28.509 24.371
5 24 -9.064 28.509 24.371 -8.791 28.982 25.871 -9.25 29.441 25.871 -8.164 28.268 24.371
5 24 -9.418 30.068 25.871 -9.964 30.068 24.371 -9.723 29.168 24.371 -9.25 30.695 25.871
2 24 -9.964 30.068 24.371 -9.723 29.168 24.371
2 24 -9.064 28.509 24.371 -8.164 28.268 24.371
2 24 -6.605 29.168 24.371 -6.364 30.068 24.371
2 24 -9.723 30.968 24.371 -9.964 30.068 24.371
2 24 -11.37 33.25 24.371 -11.37 33.25 21.737
2 24 -11.37 33.25 21.737 -11.37 44.354 24.304
2 24 -11.37 44.354 24.371 -11.37 33.25 24.371
2 24 -11.37 44.354 24.304 -11.37 44.354 24.371
2 24 -5.12 33.25 21.737 -11.37 33.25 21.737
2 24 -5.121 33.25 24.371 -5.12 33.25 21.737
2 24 -11.37 33.25 24.371 -5.121 33.25 24.371
2 24 -11.37 44.354 24.371 -12.62 44.354 24.371
5 24 -12.62 25.672 24.371 -11.37 33.25 24.371 -12.62 44.354 24.371 -5.121 33.25 24.371
2 24 -12.62 44.354 24.371 -12.62 25.672 24.371
2 24 -3.87 44.354 24.371 -5.12 44.354 24.371
2 24 -5.12 44.354 24.371 -5.121 33.25 24.371
2 24 -3.87 25.672 24.371 -3.87 44.354 24.371
5 24 -5.121 33.25 24.371 -3.87 25.672 24.371 -3.87 44.354 24.371 -12.62 25.672 24.371
2 24 -12.62 25.672 24.371 -3.87 25.672 24.371
2 24 -3.87 25.672 20.03 -3.87 44.354 24.304
2 24 -3.87 25.672 24.371 -3.87 25.672 20.03
2 24 -3.87 44.354 24.304 -3.87 44.354 24.371
2 24 -12.62 25.672 24.371 -12.62 25.672 20.03
2 24 -12.62 25.672 20.03 -3.87 25.672 20.03
2 24 -12.621 44.354 24.304 -12.62 25.672 20.03
2 24 -12.62 44.354 24.371 -12.621 44.354 24.304
2 24 -5.12 44.354 24.304 -5.12 33.25 21.737
2 24 -5.12 44.354 24.371 -5.12 44.354 24.304
2 24 0.016 31.302 23.604 4.711 31.302 23.604
2 24 4.711 31.302 23.604 4.711 37.406 24.979
2 24 0.016 37.406 24.979 0.016 31.302 23.604
2 24 4.711 37.406 24.979 0.016 37.406 24.979
2 24 4.711 37.625 24.003 4.711 37.406 24.979
2 24 4.711 31.167 22.549 4.711 37.625 24.003
2 24 4.711 31.302 23.604 4.711 31.167 22.549
2 24 4.711 37.625 24.003 0.016 37.625 24.003
2 24 0.016 37.625 24.003 0.016 37.406 24.979
2 24 0.016 31.167 22.549 0.016 31.302 23.604
2 24 0.016 37.625 24.003 0.016 31.167 22.549
2 24 0.016 31.167 22.549 4.711 31.167 22.549
2 24 12.711 44.032 25.446 -1.607 44.032 25.446
2 24 -1.607 44.032 25.446 -1.607 30.032 22.293
2 24 12.711 30.032 22.293 12.711 44.032 25.446
2 24 -1.607 30.032 22.293 12.711 30.032 22.293
2 24 -1.607 44.032 25.446 -1.607 44.306 24.226
2 24 -1.607 29.863 20.974 -1.607 30.032 22.293
2 24 -1.607 44.306 24.226 -1.607 29.863 20.974
2 24 12.711 44.032 25.446 12.711 44.307 24.226
2 24 12.711 44.307 24.226 -1.607 44.306 24.226
2 24 12.711 29.863 20.974 12.711 44.307 24.226
2 24 12.711 30.032 22.293 12.711 29.863 20.974
2 24 -1.607 29.863 20.974 12.711 29.863 20.974
2 24 3.157 39.795 26.029 1.446 39.795 26.029
2 24 1.446 39.795 26.029 0.58 39.28 24.376
2 24 4.023 39.28 24.375 3.157 39.795 26.029
2 24 0.58 39.28 24.376 4.023 39.28 24.375
2 24 4.023 42.665 25.138 3.157 41.491 26.411
2 24 3.157 41.491 26.411 3.157 39.795 26.029
2 24 4.023 39.28 24.375 4.023 42.665 25.138
2 24 3.157 41.491 26.411 1.446 41.49 26.411
2 24 1.446 41.49 26.411 1.446 39.795 26.029
2 24 0.58 42.665 25.138 1.446 41.49 26.411
2 24 4.023 42.665 25.138 0.58 42.665 25.138
2 24 0.58 42.665 25.138 0.58 39.28 24.376
