0 MINIFIGURE ARM W.WING (Needs Work)
0 Name: 10303.dat
0 Author: <AuthorRealName> [<AuthorLDrawName>]
0 !LDRAW_ORG Unofficial_Part
0 !LICENSE Redistributable under CCAL version 2.0 : see CAreadme.txt

0 BFC CERTIFY CCW

0 !HISTORY 2013-08-14 {LEGO Digital Designer} Original part shape
0 !HISTORY 2013-08-14 [<AuthorLDrawName>] File preparation for LDraw Parts Tracker

0 // Needs Work: Clean necessary

0 // Outside
3 16 0 5.758 -3.406 0 6.625 0.009 0 0 0 
3 16 0 6.625 0.009 0 5.831 3.379 0 0 0 
3 16 0 0 0 0 0 -6.744 0 3.413 -5.964 
3 16 -22.021 2.76 -6.072 -22.807 0 -5.449 -19.176 3.039 -1.576 
3 16 -19.176 3.039 -1.576 -22.807 0 -5.449 -20.042 0 -0.831 
3 16 -16.16 0 3.232 -15.328 3.25 2.212 -20.042 0 -0.831 
3 16 -19.176 3.039 -1.576 -20.042 0 -0.831 -15.328 3.25 2.212 
3 16 -11.24 0 5.903 -10.474 3.356 4.651 -16.16 0 3.232 
3 16 -16.16 0 3.232 -10.474 3.356 4.651 -15.328 3.25 2.212 
3 16 -5.539 0 6.743 -5.262 3.394 5.642 -11.24 0 5.903 
3 16 -11.24 0 5.903 -5.262 3.394 5.642 -10.474 3.356 4.651 
3 16 0 0 6.631 0 3.346 5.796 -5.539 0 6.743 
3 16 -5.539 0 6.743 0 3.346 5.796 -5.262 3.394 5.642 
3 16 0 3.346 5.796 0 5.831 3.379 -5.262 3.394 5.642 
3 16 0 5.831 3.379 -4.846 5.878 3.236 -5.262 3.394 5.642 
3 16 -5.262 3.394 5.642 -4.846 5.878 3.236 -10.474 3.356 4.651 
3 16 -10.474 3.356 4.651 -4.846 5.878 3.236 -9.611 5.761 2.191 
3 16 -10.474 3.356 4.651 -9.611 5.761 2.191 -15.328 3.25 2.212 
3 16 -15.328 3.25 2.212 -9.611 5.761 2.191 -14.024 5.522 -0.11 
3 16 -15.328 3.25 2.212 -14.024 5.522 -0.11 -19.176 3.039 -1.576 
3 16 -19.176 3.039 -1.576 -14.024 5.522 -0.11 -17.641 5.17 -3.466 
3 16 -19.176 3.039 -1.576 -17.641 5.17 -3.466 -22.021 2.76 -6.072 
3 16 -17.641 5.17 -3.466 -20.455 4.724 -7.452 -22.021 2.76 -6.072 
3 16 -23.47 2.422 -9.722 -23.918 0 -9.425 -22.021 2.76 -6.072 
3 16 -23.918 0 -9.425 -22.807 0 -5.449 -22.021 2.76 -6.072 
3 16 -22.01 4.152 -10.689 -23.47 2.422 -9.722 -20.455 4.724 -7.452 
3 16 -20.455 4.724 -7.452 -23.47 2.422 -9.722 -22.021 2.76 -6.072 
3 16 -23.47 2.422 -9.722 -22.01 4.152 -10.689 -21.818 2.064 -10.815 
3 16 -22.01 4.152 -10.689 -21.016 2.742 -11.346 -21.818 2.064 -10.815 
3 16 -23.918 0 -9.425 -23.47 2.422 -9.722 -22.503 0 -10.362 
3 16 -23.47 2.422 -9.722 -21.818 2.064 -10.815 -22.503 0 -10.362 
3 16 0 5.831 3.379 0 6.625 0.009 -4.846 5.878 3.236 
3 16 -4.344 6.687 -0.15 -4.846 5.878 3.236 0 6.625 0.009 
3 16 -4.846 5.878 3.236 -4.344 6.687 -0.15 -9.611 5.761 2.191 
3 16 -9.611 5.761 2.191 -4.344 6.687 -0.15 -8.578 6.543 -1.104 
3 16 -9.611 5.761 2.191 -8.578 6.543 -1.104 -14.024 5.522 -0.11 
3 16 -14.024 5.522 -0.11 -8.578 6.543 -1.104 -12.454 6.252 -3.027 
3 16 -14.024 5.522 -0.11 -12.454 6.252 -3.027 -17.641 5.17 -3.466 
3 16 -17.641 5.17 -3.466 -12.454 6.252 -3.027 -15.732 5.877 -5.847 
3 16 -17.641 5.17 -3.466 -15.732 5.877 -5.847 -20.455 4.724 -7.452 
3 16 -20.455 4.724 -7.452 -15.732 5.877 -5.847 -18.386 5.41 -9.258 
3 16 -20.455 4.724 -7.452 -18.386 5.41 -9.258 -22.01 4.152 -10.689 
3 16 -20.001 4.782 -12.018 -22.01 4.152 -10.689 -18.386 5.41 -9.258 
3 16 0 6.625 0.009 0 5.758 -3.406 -4.344 6.687 -0.15 
3 16 -3.855 5.832 -3.626 -4.344 6.687 -0.15 0 5.758 -3.406 
3 16 -4.344 6.687 -0.15 -3.855 5.832 -3.626 -8.578 6.543 -1.104 
3 16 -8.578 6.543 -1.104 -3.855 5.832 -3.626 -7.633 5.702 -4.276 
3 16 -8.578 6.543 -1.104 -7.633 5.702 -4.276 -12.454 6.252 -3.027 
3 16 -7.633 5.702 -4.276 -11.129 5.441 -5.595 -12.454 6.252 -3.027 
3 16 -12.454 6.252 -3.027 -11.129 5.441 -5.595 -15.732 5.877 -5.847 
3 16 -15.732 5.877 -5.847 -11.129 5.441 -5.595 -14.077 5.118 -7.997 
3 16 -15.732 5.877 -5.847 -14.077 5.118 -7.997 -18.386 5.41 -9.258 
3 16 -18.386 5.41 -9.258 -14.077 5.118 -7.997 -16.417 4.717 -10.995 
3 16 -18.386 5.41 -9.258 -16.417 4.717 -10.995 -20.001 4.782 -12.018 
3 16 -18.01 4.168 -13.336 -20.001 4.782 -12.018 -16.417 4.717 -10.995 
3 16 0 5.758 -3.406 0 3.413 -5.964 -3.855 5.832 -3.626 
3 16 -3.489 3.457 -6.291 -3.855 5.832 -3.626 0 3.413 -5.964 
3 16 -3.855 5.832 -3.626 -3.489 3.457 -6.291 -7.633 5.702 -4.276 
3 16 -7.633 5.702 -4.276 -3.489 3.457 -6.291 -6.97 3.368 -6.586 
3 16 -7.633 5.702 -4.276 -6.97 3.368 -6.586 -11.129 5.441 -5.595 
3 16 -11.129 5.441 -5.595 -6.97 3.368 -6.586 -10.295 3.2 -7.311 
3 16 -11.129 5.441 -5.595 -10.295 3.2 -7.311 -14.077 5.118 -7.997 
3 16 -14.077 5.118 -7.997 -10.295 3.2 -7.311 -13.015 2.993 -9.44 
3 16 -14.077 5.118 -7.997 -13.015 2.993 -9.44 -16.417 4.717 -10.995 
3 16 -16.417 4.717 -10.995 -13.015 2.993 -9.44 -15.056 2.737 -12.213 
3 16 -16.601 2.389 -14.269 -18.01 4.168 -13.336 -15.056 2.737 -12.213 
3 16 -15.056 2.737 -12.213 -18.01 4.168 -13.336 -16.417 4.717 -10.995 
3 16 0 3.413 -5.964 0 0 -6.744 -3.489 3.457 -6.291 
3 16 0 0 -6.744 -3.225 0 -7.148 -3.489 3.457 -6.291 
3 16 -3.489 3.457 -6.291 -3.225 0 -7.148 -6.97 3.368 -6.586 
3 16 -6.97 3.368 -6.586 -3.225 0 -7.148 -6.723 0 -7.318 
3 16 -6.97 3.368 -6.586 -6.723 0 -7.318 -10.295 3.2 -7.311 
3 16 -6.723 0 -7.318 -9.646 0 -7.687 -10.295 3.2 -7.311 
3 16 -10.295 3.2 -7.311 -9.646 0 -7.687 -13.015 2.993 -9.44 
3 16 -13.015 2.993 -9.44 -9.646 0 -7.687 -12.643 0 -9.874 
3 16 -13.015 2.993 -9.44 -12.643 0 -9.874 -15.056 2.737 -12.213 
3 16 -15.056 2.737 -12.213 -12.643 0 -9.874 -14.611 0 -12.701 
3 16 -16.087 0 -14.609 -16.601 2.389 -14.269 -14.611 0 -12.701 
3 16 -14.611 0 -12.701 -16.601 2.389 -14.269 -15.056 2.737 -12.213 
3 16 -16.601 2.389 -14.269 -18.21 2.094 -13.203 -18.01 4.168 -13.336 
3 16 -18.21 2.094 -13.203 -19.031 2.764 -12.66 -18.01 4.168 -13.336 
3 16 -18.01 4.168 -13.336 -19.031 2.764 -12.66 -20.001 4.782 -12.018 
3 16 -20.025 3 -12.002 -20.001 4.782 -12.018 -19.031 2.764 -12.66 
3 16 -19.031 2.764 -12.66 -18.21 2.094 -13.203 -8.761 2.653 2.428 
3 16 -18.21 2.094 -13.203 -8.055 1.986 1.961 -8.761 2.653 2.428 
3 16 -20.025 3 -12.002 -19.031 2.764 -12.66 -9.625 2.977 3 
3 16 -9.625 2.977 3 -19.031 2.764 -12.66 -8.761 2.653 2.428 
3 16 -21.016 2.742 -11.346 -20.025 3 -12.002 -10.534 2.911 3.601 
3 16 -10.534 2.911 3.601 -20.025 3 -12.002 -9.625 2.977 3 
3 16 -10.534 2.911 3.601 -13.182 1.856 2.558 -21.016 2.742 -11.346 
3 16 -21.016 2.742 -11.346 -13.182 1.856 2.558 -21.818 2.064 -10.815 
3 16 -13.182 1.856 2.558 -14.224 0 2.148 -21.818 2.064 -10.815 
3 16 -21.818 2.064 -10.815 -14.224 0 2.148 -22.503 0 -10.362 
3 16 -7.429 0 1.546 -10.534 0 3.601 -8.055 1.986 1.961 
3 16 -8.055 1.986 1.961 -10.534 0 3.601 -8.761 2.653 2.428 
3 16 -8.761 2.653 2.428 -10.534 0 3.601 -9.625 2.977 3 
3 16 -9.625 2.977 3 -10.534 0 3.601 -10.534 2.911 3.601 
3 16 -14.224 0 2.148 -13.182 1.856 2.558 -10.534 0 3.601 
3 16 -10.534 2.911 3.601 -10.534 0 3.601 -13.182 1.856 2.558 
3 16 0 0 0 0 3.346 5.796 0 0 6.631 
3 16 0 0 0 0 5.831 3.379 0 3.346 5.796 
3 16 0 3.413 -5.964 0 5.758 -3.406 0 0 0 
3 16 -22.01 4.152 -10.689 -20.001 4.782 -12.018 -21.016 2.742 -11.346 
3 16 -20.001 4.782 -12.018 -20.025 3 -12.002 -21.016 2.742 -11.346 
3 16 -16.087 0 -14.609 -17.502 0 -13.672 -16.601 2.389 -14.269 
3 16 -17.502 0 -13.672 -18.21 2.094 -13.203 -16.601 2.389 -14.269 
3 16 -18.21 2.094 -13.203 -17.502 0 -13.672 -8.055 1.986 1.961 
3 16 -7.429 0 1.546 -8.055 1.986 1.961 -17.502 0 -13.672 
3 16 0 -5.758 -3.406 0 0 0 0 -6.625 0.009 
3 16 0 -6.625 0.009 0 0 0 0 -5.831 3.379 
3 16 0 0 0 0 -3.413 -5.964 0 0 -6.744 
3 16 -22.021 -2.76 -6.072 -19.176 -3.039 -1.576 -22.807 0 -5.449 
3 16 -19.176 -3.039 -1.576 -20.042 0 -0.831 -22.807 0 -5.449 
3 16 -16.16 0 3.232 -20.042 0 -0.831 -15.328 -3.25 2.212 
3 16 -19.176 -3.039 -1.576 -15.328 -3.25 2.212 -20.042 0 -0.831 
3 16 -11.24 0 5.903 -16.16 0 3.232 -10.474 -3.356 4.651 
3 16 -16.16 0 3.232 -15.328 -3.25 2.212 -10.474 -3.356 4.651 
3 16 -5.539 0 6.743 -11.24 0 5.903 -5.262 -3.394 5.642 
3 16 -11.24 0 5.903 -10.474 -3.356 4.651 -5.262 -3.394 5.642 
3 16 0 0 6.631 -5.539 0 6.743 0 -3.346 5.796 
3 16 -5.539 0 6.743 -5.262 -3.394 5.642 0 -3.346 5.796 
3 16 0 -3.346 5.796 -5.262 -3.394 5.642 0 -5.831 3.379 
3 16 0 -5.831 3.379 -5.262 -3.394 5.642 -4.846 -5.878 3.236 
3 16 -5.262 -3.394 5.642 -10.474 -3.356 4.651 -4.846 -5.878 3.236 
3 16 -10.474 -3.356 4.651 -9.611 -5.761 2.191 -4.846 -5.878 3.236 
3 16 -10.474 -3.356 4.651 -15.328 -3.25 2.212 -9.611 -5.761 2.191 
3 16 -15.328 -3.25 2.212 -14.024 -5.522 -0.11 -9.611 -5.761 2.191 
3 16 -15.328 -3.25 2.212 -19.176 -3.039 -1.576 -14.024 -5.522 -0.11 
3 16 -19.176 -3.039 -1.576 -17.641 -5.17 -3.466 -14.024 -5.522 -0.11 
3 16 -19.176 -3.039 -1.576 -22.021 -2.76 -6.072 -17.641 -5.17 -3.466 
3 16 -17.641 -5.17 -3.466 -22.021 -2.76 -6.072 -20.455 -4.724 -7.452 
3 16 -23.47 -2.422 -9.722 -22.021 -2.76 -6.072 -23.918 0 -9.425 
3 16 -23.918 0 -9.425 -22.021 -2.76 -6.072 -22.807 0 -5.449 
3 16 -22.01 -4.152 -10.689 -20.455 -4.724 -7.452 -23.47 -2.422 -9.722 
3 16 -20.455 -4.724 -7.452 -22.021 -2.76 -6.072 -23.47 -2.422 -9.722 
3 16 -23.47 -2.422 -9.722 -21.818 -2.064 -10.815 -22.01 -4.152 -10.689 
3 16 -22.01 -4.152 -10.689 -21.818 -2.064 -10.815 -21.016 -2.742 -11.346 
3 16 -23.918 0 -9.425 -22.503 0 -10.362 -23.47 -2.422 -9.722 
3 16 -23.47 -2.422 -9.722 -22.503 0 -10.362 -21.818 -2.064 -10.815 
3 16 0 -5.831 3.379 -4.846 -5.878 3.236 0 -6.625 0.009 
3 16 -4.344 -6.687 -0.15 0 -6.625 0.009 -4.846 -5.878 3.236 
3 16 -4.846 -5.878 3.236 -9.611 -5.761 2.191 -4.344 -6.687 -0.15 
3 16 -9.611 -5.761 2.191 -8.578 -6.543 -1.104 -4.344 -6.687 -0.15 
3 16 -9.611 -5.761 2.191 -14.024 -5.522 -0.11 -8.578 -6.543 -1.104 
3 16 -14.024 -5.522 -0.11 -12.454 -6.252 -3.027 -8.578 -6.543 -1.104 
3 16 -14.024 -5.522 -0.11 -17.641 -5.17 -3.466 -12.454 -6.252 -3.027 
3 16 -17.641 -5.17 -3.466 -15.732 -5.877 -5.847 -12.454 -6.252 -3.027 
3 16 -17.641 -5.17 -3.466 -20.455 -4.724 -7.452 -15.732 -5.877 -5.847 
3 16 -20.455 -4.724 -7.452 -18.386 -5.41 -9.258 -15.732 -5.877 -5.847 
3 16 -20.455 -4.724 -7.452 -22.01 -4.152 -10.689 -18.386 -5.41 -9.258 
3 16 -20.001 -4.782 -12.018 -18.386 -5.41 -9.258 -22.01 -4.152 -10.689 
3 16 0 -6.625 0.009 -4.344 -6.687 -0.15 0 -5.758 -3.406 
3 16 -3.855 -5.832 -3.626 0 -5.758 -3.406 -4.344 -6.687 -0.15 
3 16 -4.344 -6.687 -0.15 -8.578 -6.543 -1.104 -3.855 -5.832 -3.626 
3 16 -8.578 -6.543 -1.104 -7.633 -5.702 -4.276 -3.855 -5.832 -3.626 
3 16 -8.578 -6.543 -1.104 -12.454 -6.252 -3.027 -7.633 -5.702 -4.276 
3 16 -7.633 -5.702 -4.276 -12.454 -6.252 -3.027 -11.129 -5.441 -5.595 
3 16 -12.454 -6.252 -3.027 -15.732 -5.877 -5.847 -11.129 -5.441 -5.595 
3 16 -15.732 -5.877 -5.847 -14.077 -5.118 -7.997 -11.129 -5.441 -5.595 
3 16 -15.732 -5.877 -5.847 -18.386 -5.41 -9.258 -14.077 -5.118 -7.997 
3 16 -18.386 -5.41 -9.258 -16.417 -4.717 -10.995 -14.077 -5.118 -7.997 
3 16 -18.386 -5.41 -9.258 -20.001 -4.782 -12.018 -16.417 -4.717 -10.995 
3 16 -18.01 -4.168 -13.336 -16.417 -4.717 -10.995 -20.001 -4.782 -12.018 
3 16 0 -5.758 -3.406 -3.855 -5.832 -3.626 0 -3.413 -5.964 
3 16 -3.489 -3.457 -6.291 0 -3.413 -5.964 -3.855 -5.832 -3.626 
3 16 -3.855 -5.832 -3.626 -7.633 -5.702 -4.276 -3.489 -3.457 -6.291 
3 16 -7.633 -5.702 -4.276 -6.97 -3.368 -6.586 -3.489 -3.457 -6.291 
3 16 -7.633 -5.702 -4.276 -11.129 -5.441 -5.595 -6.97 -3.368 -6.586 
3 16 -11.129 -5.441 -5.595 -10.295 -3.2 -7.311 -6.97 -3.368 -6.586 
3 16 -11.129 -5.441 -5.595 -14.077 -5.118 -7.997 -10.295 -3.2 -7.311 
3 16 -14.077 -5.118 -7.997 -13.015 -2.993 -9.44 -10.295 -3.2 -7.311 
3 16 -14.077 -5.118 -7.997 -16.417 -4.717 -10.995 -13.015 -2.993 -9.44 
3 16 -16.417 -4.717 -10.995 -15.056 -2.737 -12.213 -13.015 -2.993 -9.44 
3 16 -16.601 -2.389 -14.269 -15.056 -2.737 -12.213 -18.01 -4.168 -13.336 
3 16 -15.056 -2.737 -12.213 -16.417 -4.717 -10.995 -18.01 -4.168 -13.336 
3 16 0 -3.413 -5.964 -3.489 -3.457 -6.291 0 0 -6.744 
3 16 0 0 -6.744 -3.489 -3.457 -6.291 -3.225 0 -7.148 
3 16 -3.489 -3.457 -6.291 -6.97 -3.368 -6.586 -3.225 0 -7.148 
3 16 -6.97 -3.368 -6.586 -6.723 0 -7.318 -3.225 0 -7.148 
3 16 -6.97 -3.368 -6.586 -10.295 -3.2 -7.311 -6.723 0 -7.318 
3 16 -6.723 0 -7.318 -10.295 -3.2 -7.311 -9.646 0 -7.687 
3 16 -10.295 -3.2 -7.311 -13.015 -2.993 -9.44 -9.646 0 -7.687 
3 16 -13.015 -2.993 -9.44 -12.643 0 -9.874 -9.646 0 -7.687 
3 16 -13.015 -2.993 -9.44 -15.056 -2.737 -12.213 -12.643 0 -9.874 
3 16 -15.056 -2.737 -12.213 -14.611 0 -12.701 -12.643 0 -9.874 
3 16 -16.087 0 -14.609 -14.611 0 -12.701 -16.601 -2.389 -14.269 
3 16 -14.611 0 -12.701 -15.056 -2.737 -12.213 -16.601 -2.389 -14.269 
3 16 -16.601 -2.389 -14.269 -18.01 -4.168 -13.336 -18.21 -2.094 -13.203 
3 16 -18.21 -2.094 -13.203 -18.01 -4.168 -13.336 -19.031 -2.764 -12.66 
3 16 -18.01 -4.168 -13.336 -20.001 -4.782 -12.018 -19.031 -2.764 -12.66 
3 16 -20.025 -3 -12.002 -19.031 -2.764 -12.66 -20.001 -4.782 -12.018 
3 16 -19.031 -2.764 -12.66 -8.761 -2.653 2.428 -18.21 -2.094 -13.203 
3 16 -18.21 -2.094 -13.203 -8.761 -2.653 2.428 -8.055 -1.986 1.961 
3 16 -20.025 -3 -12.002 -9.625 -2.977 3 -19.031 -2.764 -12.66 
3 16 -9.625 -2.977 3 -8.761 -2.653 2.428 -19.031 -2.764 -12.66 
3 16 -21.016 -2.742 -11.346 -10.534 -2.911 3.601 -20.025 -3 -12.002 
3 16 -10.534 -2.911 3.601 -9.625 -2.977 3 -20.025 -3 -12.002 
3 16 -10.534 -2.911 3.601 -21.016 -2.742 -11.346 -13.182 -1.856 2.558 
3 16 -21.016 -2.742 -11.346 -21.818 -2.064 -10.815 -13.182 -1.856 2.558 
3 16 -13.182 -1.856 2.558 -21.818 -2.064 -10.815 -14.224 0 2.148 
3 16 -21.818 -2.064 -10.815 -22.503 0 -10.362 -14.224 0 2.148 
3 16 -7.429 0 1.546 -8.055 -1.986 1.961 -10.534 0 3.601 
3 16 -8.055 -1.986 1.961 -8.761 -2.653 2.428 -10.534 0 3.601 
3 16 -8.761 -2.653 2.428 -9.625 -2.977 3 -10.534 0 3.601 
3 16 -9.625 -2.977 3 -10.534 -2.911 3.601 -10.534 0 3.601 
3 16 -14.224 0 2.148 -10.534 0 3.601 -13.182 -1.856 2.558 
3 16 -10.534 -2.911 3.601 -13.182 -1.856 2.558 -10.534 0 3.601 
3 16 0 0 0 0 0 6.631 0 -3.346 5.796 
3 16 0 0 0 0 -3.346 5.796 0 -5.831 3.379 
3 16 0 -3.413 -5.964 0 0 0 0 -5.758 -3.406 
3 16 -22.01 -4.152 -10.689 -21.016 -2.742 -11.346 -20.001 -4.782 -12.018 
3 16 -20.001 -4.782 -12.018 -21.016 -2.742 -11.346 -20.025 -3 -12.002 
3 16 -16.087 0 -14.609 -16.601 -2.389 -14.269 -17.502 0 -13.672 
3 16 -17.502 0 -13.672 -16.601 -2.389 -14.269 -18.21 -2.094 -13.203 
3 16 -18.21 -2.094 -13.203 -8.055 -1.986 1.961 -17.502 0 -13.672 
3 16 -7.429 0 1.546 -17.502 0 -13.672 -8.055 -1.986 1.961 
3 16 -39.546 -1 0.404 -38.757 -1 0.307 -35.397 -1 4.226 
3 16 -32.915 -1 11.215 -33.744 -1 7.774 -32.026 -1 10.218 
3 16 -38.757 -1 0.307 -22.413 -1 -5.48 -35.397 -1 4.226 
3 16 -22.413 -1 -5.48 -19.75 -1 -1.074 -35.397 -1 4.226 
3 16 -32.026 -1 10.218 -33.744 -1 7.774 -19.549 -1 -0.872 
3 16 -19.549 -1 -0.872 -33.744 -1 7.774 -19.75 -1 -1.074 
3 16 -19.75 -1 -1.074 -33.744 -1 7.774 -35.397 -1 4.226 
3 16 -39.546 1 0.404 -35.397 1 4.226 -38.757 1 0.307 
3 16 -32.915 1 11.215 -32.026 1 10.218 -33.744 1 7.774 
3 16 -38.757 1 0.307 -35.397 1 4.226 -22.413 1 -5.48 
3 16 -22.413 1 -5.48 -35.397 1 4.226 -19.75 1 -1.074 
3 16 -32.026 1 10.218 -19.549 1 -0.872 -33.744 1 7.774 
3 16 -19.549 1 -0.872 -19.75 1 -1.074 -33.744 1 7.774 
3 16 -19.75 1 -1.074 -35.397 1 4.226 -33.744 1 7.774 
3 16 -32.915 1 11.215 -33.744 1 7.774 -32.996 0 10.882 
3 16 -32.915 -1 11.215 -32.996 0 10.882 -33.744 -1 7.774 
3 16 -33.744 1 7.774 -33.744 -1 7.774 -32.996 0 10.882 
3 16 -33.744 -1 7.774 -33.744 1 7.774 -35.397 -1 4.226 
3 16 -33.744 1 7.774 -35.397 1 4.226 -35.397 -1 4.226 
3 16 -39.546 1 0.404 -39.272 0 0.656 -35.397 1 4.226 
3 16 -39.546 -1 0.404 -35.397 -1 4.226 -39.272 0 0.656 
3 16 -35.397 1 4.226 -39.272 0 0.656 -35.397 -1 4.226 
3 16 -17.534 -1 22.851 -16.997 -1 22.16 -12.962 -1 22.568 
3 16 -5.561 -1 25.502 -10.341 -1 23.078 -5.627 -1 24.622 
3 16 -16.997 -1 22.16 -9.122 -1 5.871 -12.962 -1 22.568 
3 16 -4.062 -1 6.452 -5.627 -1 24.622 -5.459 -1 6.415 
3 16 -5.459 -1 6.415 -5.627 -1 24.622 -10.341 -1 23.078 
3 16 -5.459 -1 6.415 -10.341 -1 23.078 -9.122 -1 5.871 
3 16 -9.122 -1 5.871 -10.341 -1 23.078 -12.962 -1 22.568 
3 16 -17.534 1 22.851 -12.962 1 22.568 -16.997 1 22.16 
3 16 -5.561 1 25.502 -5.627 1 24.622 -10.341 1 23.078 
3 16 -16.997 1 22.16 -12.962 1 22.568 -9.122 1 5.871 
3 16 -4.062 1 6.452 -5.459 1 6.415 -5.627 1 24.622 
3 16 -5.459 1 6.415 -10.341 1 23.078 -5.627 1 24.622 
3 16 -5.459 1 6.415 -9.122 1 5.871 -10.341 1 23.078 
3 16 -9.122 1 5.871 -12.962 1 22.568 -10.341 1 23.078 
3 16 -5.561 -1 25.502 -5.801 0 25.38 -10.341 -1 23.078 
3 16 -5.561 1 25.502 -10.341 1 23.078 -5.801 0 25.38 
3 16 -10.341 -1 23.078 -5.801 0 25.38 -10.341 1 23.078 
3 16 -10.341 -1 23.078 -10.341 1 23.078 -12.962 -1 22.568 
3 16 -10.341 1 23.078 -12.962 1 22.568 -12.962 -1 22.568 
3 16 -17.534 1 22.851 -17.164 0 22.828 -12.962 1 22.568 
3 16 -17.534 -1 22.851 -12.962 -1 22.568 -17.164 0 22.828 
3 16 -12.962 1 22.568 -17.164 0 22.828 -12.962 -1 22.568 
3 16 -20.404 -1 21.493 -23.78 -1 16.951 -20.211 -1 20.638 
3 16 -30.677 -1 13.573 -29.678 -1 12.885 -26.692 -1 14.915 
3 16 -20.211 -1 20.638 -23.78 -1 16.951 -12.887 -1 4.516 
3 16 -29.678 -1 12.885 -16.956 -1 1.822 -26.692 -1 14.915 
3 16 -12.887 -1 4.516 -23.78 -1 16.951 -15.912 -1 2.913 
3 16 -16.956 -1 1.822 -15.912 -1 2.913 -26.692 -1 14.915 
3 16 -23.78 -1 16.951 -26.692 -1 14.915 -15.912 -1 2.913 
3 16 -20.404 1 21.493 -20.211 1 20.638 -23.78 1 16.951 
3 16 -30.677 1 13.573 -26.692 1 14.915 -29.678 1 12.885 
3 16 -20.211 1 20.638 -12.887 1 4.516 -23.78 1 16.951 
3 16 -29.678 1 12.885 -26.692 1 14.915 -16.956 1 1.822 
3 16 -12.887 1 4.516 -15.912 1 2.913 -23.78 1 16.951 
3 16 -16.956 1 1.822 -26.692 1 14.915 -15.912 1 2.913 
3 16 -23.78 1 16.951 -15.912 1 2.913 -26.692 1 14.915 
3 16 -20.404 1 21.493 -23.78 1 16.951 -20.622 0 21.2 
3 16 -20.404 -1 21.493 -20.622 0 21.2 -23.78 -1 16.951 
3 16 -23.78 1 16.951 -23.78 -1 16.951 -20.622 0 21.2 
3 16 -23.78 -1 16.951 -23.78 1 16.951 -26.692 -1 14.915 
3 16 -23.78 1 16.951 -26.692 1 14.915 -26.692 -1 14.915 
3 16 -30.677 1 13.573 -30.351 0 13.683 -26.692 1 14.915 
3 16 -30.677 -1 13.573 -26.692 -1 14.915 -30.351 0 13.683 
3 16 -26.692 1 14.915 -30.351 0 13.683 -26.692 -1 14.915 
3 16 -39.007 1.77 -0.401 -39.867 1.632 -0.179 -38.757 1 0.307 
3 16 -38.757 1 0.307 -39.867 1.632 -0.179 -39.546 1 0.404 
3 16 -40.027 0 -3.285 -40.809 0 -2.844 -39.936 1.023 -3.028 
3 16 -39.936 1.023 -3.028 -40.809 0 -2.844 -40.725 0.942 -2.606 
3 16 -39.936 1.023 -3.028 -40.725 0.942 -2.606 -39.687 1.77 -2.324 
3 16 -39.687 1.77 -2.324 -40.725 0.942 -2.606 -40.495 1.632 -1.956 
3 16 -39.687 1.77 -2.324 -40.495 1.632 -1.956 -39.347 2.043 -1.363 
3 16 -39.347 2.043 -1.363 -40.495 1.632 -1.956 -40.181 1.884 -1.068 
3 16 -39.347 2.043 -1.363 -40.181 1.884 -1.068 -39.007 1.77 -0.401 
3 16 -39.007 1.77 -0.401 -40.181 1.884 -1.068 -39.867 1.632 -0.179 
3 16 -39.867 1.632 -0.179 -40.647 1.249 -0.138 -39.546 1 0.404 
3 16 -39.546 1 0.404 -40.647 1.249 -0.138 -40.471 0.721 0.36 
3 16 -39.546 1 0.404 -40.471 0.721 0.36 -39.272 0 0.656 
3 16 -39.272 0 0.656 -40.471 0.721 0.36 -40.407 0 0.542 
3 16 -40.809 0 -2.844 -41.369 0 -2.177 -40.725 0.942 -2.606 
3 16 -40.725 0.942 -2.606 -41.369 0 -2.177 -41.304 0.721 -1.995 
3 16 -40.725 0.942 -2.606 -41.304 0.721 -1.995 -40.495 1.632 -1.956 
3 16 -40.495 1.632 -1.956 -41.304 0.721 -1.995 -41.128 1.249 -1.497 
3 16 -40.495 1.632 -1.956 -41.128 1.249 -1.497 -40.181 1.884 -1.068 
3 16 -40.181 1.884 -1.068 -41.128 1.249 -1.497 -40.888 1.442 -0.817 
3 16 -40.181 1.884 -1.068 -40.888 1.442 -0.817 -39.867 1.632 -0.179 
3 16 -39.867 1.632 -0.179 -40.888 1.442 -0.817 -40.647 1.249 -0.138 
3 16 -40.647 1.249 -0.138 -41.23 0.676 -0.282 -40.471 0.721 0.36 
3 16 -40.471 0.721 0.36 -41.23 0.676 -0.282 -41.135 0.39 -0.013 
3 16 -40.471 0.721 0.36 -41.135 0.39 -0.013 -40.407 0 0.542 
3 16 -40.407 0 0.542 -41.135 0.39 -0.013 -41.1 0 0.086 
3 16 -41.369 0 -2.177 -41.621 0 -1.386 -41.304 0.721 -1.995 
3 16 -41.304 0.721 -1.995 -41.621 0 -1.386 -41.586 0.39 -1.288 
3 16 -41.304 0.721 -1.995 -41.586 0.39 -1.288 -41.128 1.249 -1.497 
3 16 -41.128 1.249 -1.497 -41.586 0.39 -1.288 -41.491 0.676 -1.018 
3 16 -41.128 1.249 -1.497 -41.491 0.676 -1.018 -40.888 1.442 -0.817 
3 16 -40.888 1.442 -0.817 -41.491 0.676 -1.018 -41.36 0.781 -0.65 
3 16 -40.888 1.442 -0.817 -41.36 0.781 -0.65 -40.647 1.249 -0.138 
3 16 -40.647 1.249 -0.138 -41.36 0.781 -0.65 -41.23 0.676 -0.282 
3 16 -41.23 0.676 -0.282 -41.526 0 -0.592 -41.135 0.39 -0.013 
3 16 -41.135 0.39 -0.013 -41.526 0 -0.592 -41.1 0 0.086 
3 16 -41.621 0 -1.386 -41.526 0 -0.592 -41.586 0.39 -1.288 
3 16 -41.586 0.39 -1.288 -41.526 0 -0.592 -41.491 0.676 -1.018 
3 16 -41.491 0.676 -1.018 -41.526 0 -0.592 -41.36 0.781 -0.65 
3 16 -41.36 0.781 -0.65 -41.526 0 -0.592 -41.23 0.676 -0.282 
3 16 -38.757 1 0.307 -22.413 1 -5.48 -39.007 1.77 -0.401 
3 16 -39.007 1.77 -0.401 -22.413 1 -5.48 -22.356 1.558 -5.812 
3 16 -22.637 2.047 -7.273 -39.347 2.043 -1.363 -22.356 1.558 -5.812 
3 16 -22.356 1.558 -5.812 -39.347 2.043 -1.363 -39.007 1.77 -0.401 
3 16 -23.051 1.774 -8.208 -39.687 1.77 -2.324 -22.637 2.047 -7.273 
3 16 -22.637 2.047 -7.273 -39.687 1.77 -2.324 -39.347 2.043 -1.363 
3 16 -23.466 1.027 -8.853 -39.936 1.023 -3.028 -23.051 1.774 -8.208 
3 16 -23.051 1.774 -8.208 -39.936 1.023 -3.028 -39.687 1.77 -2.324 
3 16 -23.804 0 -9.024 -40.027 0 -3.285 -23.466 1.027 -8.853 
3 16 -40.027 0 -3.285 -39.936 1.023 -3.028 -23.466 1.027 -8.853 
3 16 -30.18 1.777 12.318 -31.395 1.639 13.279 -29.678 1 12.885 
3 16 -29.678 1 12.885 -31.395 1.639 13.279 -30.677 1 13.573 
3 16 -32.026 1 10.218 -32.915 1 11.215 -31.526 1.777 10.786 
3 16 -31.526 1.777 10.786 -32.915 1 11.215 -32.638 1.639 11.864 
3 16 -31.526 1.777 10.786 -32.638 1.639 11.864 -30.853 2.05 11.552 
3 16 -30.853 2.05 11.552 -32.638 1.639 11.864 -32.017 1.891 12.572 
3 16 -30.853 2.05 11.552 -32.017 1.891 12.572 -30.18 1.777 12.318 
3 16 -30.18 1.777 12.318 -32.017 1.891 12.572 -31.395 1.639 13.279 
3 16 -31.395 1.639 13.279 -32.293 1.256 13.774 -30.677 1 13.573 
3 16 -30.677 1 13.573 -32.293 1.256 13.774 -31.945 0.728 14.171 
3 16 -30.677 1 13.573 -31.945 0.728 14.171 -30.351 0 13.683 
3 16 -30.351 0 13.683 -31.945 0.728 14.171 -31.817 0 14.316 
3 16 -32.996 0 10.882 -33.722 0 12.149 -32.915 1 11.215 
3 16 -32.915 1 11.215 -33.722 0 12.149 -33.594 0.728 12.294 
3 16 -32.915 1 11.215 -33.594 0.728 12.294 -32.638 1.639 11.864 
3 16 -32.638 1.639 11.864 -33.594 0.728 12.294 -33.246 1.256 12.691 
3 16 -32.638 1.639 11.864 -33.246 1.256 12.691 -32.017 1.891 12.572 
3 16 -32.017 1.891 12.572 -33.246 1.256 12.691 -32.769 1.449 13.232 
3 16 -32.017 1.891 12.572 -32.769 1.449 13.232 -31.395 1.639 13.279 
3 16 -31.395 1.639 13.279 -32.769 1.449 13.232 -32.293 1.256 13.774 
3 16 -32.293 1.256 13.774 -32.823 0.683 13.8 -31.945 0.728 14.171 
3 16 -31.945 0.728 14.171 -32.823 0.683 13.8 -32.635 0.397 14.014 
3 16 -31.945 0.728 14.171 -32.635 0.397 14.014 -31.817 0 14.316 
3 16 -31.817 0 14.316 -32.635 0.397 14.014 -32.566 0 14.093 
3 16 -33.722 0 12.149 -33.596 0 12.92 -33.594 0.728 12.294 
3 16 -33.594 0.728 12.294 -33.596 0 12.92 -33.527 0.397 12.999 
3 16 -33.594 0.728 12.294 -33.527 0.397 12.999 -33.246 1.256 12.691 
3 16 -33.246 1.256 12.691 -33.527 0.397 12.999 -33.339 0.683 13.213 
3 16 -33.246 1.256 12.691 -33.339 0.683 13.213 -32.769 1.449 13.232 
3 16 -32.769 1.449 13.232 -33.339 0.683 13.213 -33.081 0.787 13.506 
3 16 -32.769 1.449 13.232 -33.081 0.787 13.506 -32.293 1.256 13.774 
3 16 -32.293 1.256 13.774 -33.081 0.787 13.506 -32.823 0.683 13.8 
3 16 -32.823 0.683 13.8 -33.213 0 13.623 -32.635 0.397 14.014 
3 16 -32.635 0.397 14.014 -33.213 0 13.623 -32.566 0 14.093 
3 16 -33.596 0 12.92 -33.213 0 13.623 -33.527 0.397 12.999 
3 16 -33.527 0.397 12.999 -33.213 0 13.623 -33.339 0.683 13.213 
3 16 -33.339 0.683 13.213 -33.213 0 13.623 -33.081 0.787 13.506 
3 16 -33.081 0.787 13.506 -33.213 0 13.623 -32.823 0.683 13.8 
3 16 -29.678 1 12.885 -16.956 1 1.822 -30.18 1.777 12.318 
3 16 -30.18 1.777 12.318 -16.956 1 1.822 -17.256 1.861 1.02 
3 16 -17.911 2.146 0.175 -30.853 2.05 11.552 -17.256 1.861 1.02 
3 16 -17.256 1.861 1.02 -30.853 2.05 11.552 -30.18 1.777 12.318 
3 16 -18.746 1.861 -0.51 -31.526 1.777 10.786 -17.911 2.146 0.175 
3 16 -17.911 2.146 0.175 -31.526 1.777 10.786 -30.853 2.05 11.552 
3 16 -19.549 1 -0.872 -32.026 1 10.218 -18.746 1.861 -0.51 
3 16 -18.746 1.861 -0.51 -32.026 1 10.218 -31.526 1.777 10.786 
3 16 -17.682 1.777 21.833 -18.128 1.639 22.602 -16.997 1 22.16 
3 16 -16.997 1 22.16 -18.128 1.639 22.602 -17.534 1 22.851 
3 16 -20.211 1 20.638 -20.404 1 21.493 -19.529 1.777 20.968 
3 16 -19.529 1.777 20.968 -20.404 1 21.493 -19.834 1.639 21.802 
3 16 -19.529 1.777 20.968 -19.834 1.639 21.802 -18.605 2.051 21.4 
3 16 -18.605 2.051 21.4 -19.834 1.639 21.802 -18.981 1.892 22.202 
3 16 -18.605 2.051 21.4 -18.981 1.892 22.202 -17.682 1.777 21.833 
3 16 -17.682 1.777 21.833 -18.981 1.892 22.202 -18.128 1.639 22.602 
3 16 -18.128 1.639 22.602 -18.646 1.256 23.187 -17.534 1 22.851 
3 16 -17.534 1 22.851 -18.646 1.256 23.187 -18.168 0.728 23.411 
3 16 -17.534 1 22.851 -18.168 0.728 23.411 -17.164 0 22.828 
3 16 -17.164 0 22.828 -18.168 0.728 23.411 -17.993 0 23.493 
3 16 -20.622 0 21.2 -20.605 0 22.268 -20.404 1 21.493 
3 16 -20.404 1 21.493 -20.605 0 22.268 -20.43 0.728 22.351 
3 16 -20.404 1 21.493 -20.43 0.728 22.351 -19.834 1.639 21.802 
3 16 -19.834 1.639 21.802 -20.43 0.728 22.351 -19.952 1.256 22.575 
3 16 -19.834 1.639 21.802 -19.952 1.256 22.575 -18.981 1.892 22.202 
3 16 -18.981 1.892 22.202 -19.952 1.256 22.575 -19.299 1.45 22.881 
3 16 -18.981 1.892 22.202 -19.299 1.45 22.881 -18.128 1.639 22.602 
3 16 -18.128 1.639 22.602 -19.299 1.45 22.881 -18.646 1.256 23.187 
3 16 -18.646 1.256 23.187 -19.159 0.683 23.5 -18.168 0.728 23.411 
3 16 -18.168 0.728 23.411 -19.159 0.683 23.5 -18.9 0.398 23.622 
3 16 -18.168 0.728 23.411 -18.9 0.398 23.622 -17.993 0 23.493 
3 16 -17.993 0 23.493 -18.9 0.398 23.622 -18.805 0 23.666 
3 16 -20.605 0 22.268 -20.219 0 23.003 -20.43 0.728 22.351 
3 16 -20.43 0.728 22.351 -20.219 0 23.003 -20.124 0.398 23.048 
3 16 -20.43 0.728 22.351 -20.124 0.398 23.048 -19.952 1.256 22.575 
3 16 -19.952 1.256 22.575 -20.124 0.398 23.048 -19.865 0.683 23.169 
3 16 -19.952 1.256 22.575 -19.865 0.683 23.169 -19.299 1.45 22.881 
3 16 -19.299 1.45 22.881 -19.865 0.683 23.169 -19.512 0.788 23.335 
3 16 -19.299 1.45 22.881 -19.512 0.788 23.335 -18.646 1.256 23.187 
3 16 -18.646 1.256 23.187 -19.512 0.788 23.335 -19.159 0.683 23.5 
3 16 -19.159 0.683 23.5 -19.587 0 23.494 -18.9 0.398 23.622 
3 16 -18.9 0.398 23.622 -19.587 0 23.494 -18.805 0 23.666 
3 16 -20.219 0 23.003 -19.587 0 23.494 -20.124 0.398 23.048 
3 16 -20.124 0.398 23.048 -19.587 0 23.494 -19.865 0.683 23.169 
3 16 -19.865 0.683 23.169 -19.587 0 23.494 -19.512 0.788 23.335 
3 16 -19.512 0.788 23.335 -19.587 0 23.494 -19.159 0.683 23.5 
3 16 -16.997 1 22.16 -9.122 1 5.871 -17.682 1.777 21.833 
3 16 -17.682 1.777 21.833 -9.122 1 5.871 -9.83 1.978 5.35 
3 16 -10.714 2.279 5.06 -18.605 2.051 21.4 -9.83 1.978 5.35 
3 16 -9.83 1.978 5.35 -18.605 2.051 21.4 -17.682 1.777 21.833 
3 16 -11.946 1.975 4.546 -19.529 1.777 20.968 -10.714 2.279 5.06 
3 16 -10.714 2.279 5.06 -19.529 1.777 20.968 -18.605 2.051 21.4 
3 16 -12.887 1 4.516 -20.211 1 20.638 -11.946 1.975 4.546 
3 16 -11.946 1.975 4.546 -20.211 1 20.638 -19.529 1.777 20.968 
3 16 -2.872 1.933 24.858 -3.029 1.783 25.803 -2.142 1.121 24.921 
3 16 -2.142 1.121 24.921 -3.029 1.783 25.803 -2.355 1.032 25.861 
3 16 -2.142 1.121 24.921 -2.355 1.032 25.861 -1.875 0 24.944 
3 16 -1.875 0 24.944 -2.355 1.032 25.861 -2.108 0 25.882 
3 16 -5.627 1 24.622 -5.561 1 25.502 -4.866 1.933 24.687 
3 16 -4.866 1.933 24.687 -5.561 1 25.502 -4.872 1.783 25.644 
3 16 -4.866 1.933 24.687 -4.872 1.783 25.644 -3.869 2.23 24.772 
3 16 -3.869 2.23 24.772 -4.872 1.783 25.644 -3.951 2.057 25.724 
3 16 -3.869 2.23 24.772 -3.951 2.057 25.724 -2.872 1.933 24.858 
3 16 -2.872 1.933 24.858 -3.951 2.057 25.724 -3.029 1.783 25.803 
3 16 -3.029 1.783 25.803 -3.308 1.366 26.518 -2.355 1.032 25.861 
3 16 -2.355 1.032 25.861 -3.308 1.366 26.518 -2.792 0.792 26.562 
3 16 -2.355 1.032 25.861 -2.792 0.792 26.562 -2.108 0 25.882 
3 16 -2.108 0 25.882 -2.792 0.792 26.562 -2.603 0 26.578 
3 16 -5.801 0 25.38 -5.424 0 26.336 -5.561 1 25.502 
3 16 -5.561 1 25.502 -5.424 0 26.336 -5.235 0.792 26.352 
3 16 -5.561 1 25.502 -5.235 0.792 26.352 -4.872 1.783 25.644 
3 16 -4.872 1.783 25.644 -5.235 0.792 26.352 -4.719 1.366 26.396 
3 16 -4.872 1.783 25.644 -4.719 1.366 26.396 -3.951 2.057 25.724 
3 16 -3.951 2.057 25.724 -4.719 1.366 26.396 -4.014 1.576 26.457 
3 16 -3.951 2.057 25.724 -4.014 1.576 26.457 -3.029 1.783 25.803 
3 16 -3.029 1.783 25.803 -4.014 1.576 26.457 -3.308 1.366 26.518 
3 16 -3.308 1.366 26.518 -3.668 0.743 26.903 -2.792 0.792 26.562 
3 16 -2.792 0.792 26.562 -3.668 0.743 26.903 -3.388 0.432 26.927 
3 16 -2.792 0.792 26.562 -3.388 0.432 26.927 -2.603 0 26.578 
3 16 -2.603 0 26.578 -3.388 0.432 26.927 -3.286 0 26.936 
3 16 -5.424 0 26.336 -4.812 0 26.805 -5.235 0.792 26.352 
3 16 -5.235 0.792 26.352 -4.812 0 26.805 -4.71 0.432 26.814 
3 16 -5.235 0.792 26.352 -4.71 0.432 26.814 -4.719 1.366 26.396 
3 16 -4.719 1.366 26.396 -4.71 0.432 26.814 -4.431 0.743 26.838 
3 16 -4.719 1.366 26.396 -4.431 0.743 26.838 -4.014 1.576 26.457 
3 16 -4.014 1.576 26.457 -4.431 0.743 26.838 -4.049 0.856 26.87 
3 16 -4.014 1.576 26.457 -4.049 0.856 26.87 -3.308 1.366 26.518 
3 16 -3.308 1.366 26.518 -4.049 0.856 26.87 -3.668 0.743 26.903 
3 16 -3.668 0.743 26.903 -4.063 0 27.033 -3.388 0.432 26.927 
3 16 -3.388 0.432 26.927 -4.063 0 27.033 -3.286 0 26.936 
3 16 -4.812 0 26.805 -4.063 0 27.033 -4.71 0.432 26.814 
3 16 -4.71 0.432 26.814 -4.063 0 27.033 -4.431 0.743 26.838 
3 16 -4.431 0.743 26.838 -4.063 0 27.033 -4.049 0.856 26.87 
3 16 -4.049 0.856 26.87 -4.063 0 27.033 -3.668 0.743 26.903 
3 16 -1.875 0 24.944 -0.304 0 6.64 -2.142 1.121 24.921 
3 16 -2.142 1.121 24.921 -0.304 0 6.64 -0.547 1.124 6.361 
3 16 -2.142 1.121 24.921 -0.547 1.124 6.361 -2.872 1.933 24.858 
3 16 -2.872 1.933 24.858 -0.547 1.124 6.361 -1.267 1.936 6.182 
3 16 -2.064 2.234 6.102 -3.869 2.23 24.772 -1.267 1.936 6.182 
3 16 -1.267 1.936 6.182 -3.869 2.23 24.772 -2.872 1.933 24.858 
3 16 -3.276 1.936 6.172 -4.866 1.933 24.687 -2.064 2.234 6.102 
3 16 -2.064 2.234 6.102 -4.866 1.933 24.687 -3.869 2.23 24.772 
3 16 -4.062 1 6.452 -5.627 1 24.622 -3.276 1.936 6.172 
3 16 -3.276 1.936 6.172 -5.627 1 24.622 -4.866 1.933 24.687 
3 16 -39.007 -1.77 -0.401 -38.757 -1 0.307 -39.867 -1.632 -0.179 
3 16 -38.757 -1 0.307 -39.546 -1 0.404 -39.867 -1.632 -0.179 
3 16 -40.027 0 -3.285 -39.936 -1.023 -3.028 -40.809 0 -2.844 
3 16 -39.936 -1.023 -3.028 -40.725 -0.942 -2.606 -40.809 0 -2.844 
3 16 -39.936 -1.023 -3.028 -39.687 -1.77 -2.324 -40.725 -0.942 -2.606 
3 16 -39.687 -1.77 -2.324 -40.495 -1.632 -1.956 -40.725 -0.942 -2.606 
3 16 -39.687 -1.77 -2.324 -39.347 -2.043 -1.363 -40.495 -1.632 -1.956 
3 16 -39.347 -2.043 -1.363 -40.181 -1.884 -1.068 -40.495 -1.632 -1.956 
3 16 -39.347 -2.043 -1.363 -39.007 -1.77 -0.401 -40.181 -1.884 -1.068 
3 16 -39.007 -1.77 -0.401 -39.867 -1.632 -0.179 -40.181 -1.884 -1.068 
3 16 -39.867 -1.632 -0.179 -39.546 -1 0.404 -40.647 -1.249 -0.138 
3 16 -39.546 -1 0.404 -40.471 -0.721 0.36 -40.647 -1.249 -0.138 
3 16 -39.546 -1 0.404 -39.272 0 0.656 -40.471 -0.721 0.36 
3 16 -39.272 0 0.656 -40.407 0 0.542 -40.471 -0.721 0.36 
3 16 -40.809 0 -2.844 -40.725 -0.942 -2.606 -41.369 0 -2.177 
3 16 -40.725 -0.942 -2.606 -41.304 -0.721 -1.995 -41.369 0 -2.177 
3 16 -40.725 -0.942 -2.606 -40.495 -1.632 -1.956 -41.304 -0.721 -1.995 
3 16 -40.495 -1.632 -1.956 -41.128 -1.249 -1.497 -41.304 -0.721 -1.995 
3 16 -40.495 -1.632 -1.956 -40.181 -1.884 -1.068 -41.128 -1.249 -1.497 
3 16 -40.181 -1.884 -1.068 -40.888 -1.442 -0.817 -41.128 -1.249 -1.497 
3 16 -40.181 -1.884 -1.068 -39.867 -1.632 -0.179 -40.888 -1.442 -0.817 
3 16 -39.867 -1.632 -0.179 -40.647 -1.249 -0.138 -40.888 -1.442 -0.817 
3 16 -40.647 -1.249 -0.138 -40.471 -0.721 0.36 -41.23 -0.676 -0.282 
3 16 -40.471 -0.721 0.36 -41.135 -0.39 -0.013 -41.23 -0.676 -0.282 
3 16 -40.471 -0.721 0.36 -40.407 0 0.542 -41.135 -0.39 -0.013 
3 16 -40.407 0 0.542 -41.1 0 0.086 -41.135 -0.39 -0.013 
3 16 -41.369 0 -2.177 -41.304 -0.721 -1.995 -41.621 0 -1.386 
3 16 -41.304 -0.721 -1.995 -41.586 -0.39 -1.288 -41.621 0 -1.386 
3 16 -41.304 -0.721 -1.995 -41.128 -1.249 -1.497 -41.586 -0.39 -1.288 
3 16 -41.128 -1.249 -1.497 -41.491 -0.676 -1.018 -41.586 -0.39 -1.288 
3 16 -41.128 -1.249 -1.497 -40.888 -1.442 -0.817 -41.491 -0.676 -1.018 
3 16 -40.888 -1.442 -0.817 -41.36 -0.781 -0.65 -41.491 -0.676 -1.018 
3 16 -40.888 -1.442 -0.817 -40.647 -1.249 -0.138 -41.36 -0.781 -0.65 
3 16 -40.647 -1.249 -0.138 -41.23 -0.676 -0.282 -41.36 -0.781 -0.65 
3 16 -41.23 -0.676 -0.282 -41.135 -0.39 -0.013 -41.526 0 -0.592 
3 16 -41.135 -0.39 -0.013 -41.1 0 0.086 -41.526 0 -0.592 
3 16 -41.621 0 -1.386 -41.586 -0.39 -1.288 -41.526 0 -0.592 
3 16 -41.586 -0.39 -1.288 -41.491 -0.676 -1.018 -41.526 0 -0.592 
3 16 -41.491 -0.676 -1.018 -41.36 -0.781 -0.65 -41.526 0 -0.592 
3 16 -41.36 -0.781 -0.65 -41.23 -0.676 -0.282 -41.526 0 -0.592 
3 16 -38.757 -1 0.307 -39.007 -1.77 -0.401 -22.413 -1 -5.48 
3 16 -39.007 -1.77 -0.401 -22.356 -1.558 -5.812 -22.413 -1 -5.48 
3 16 -22.637 -2.047 -7.273 -22.356 -1.558 -5.812 -39.347 -2.043 -1.363 
3 16 -22.356 -1.558 -5.812 -39.007 -1.77 -0.401 -39.347 -2.043 -1.363 
3 16 -23.051 -1.774 -8.208 -22.637 -2.047 -7.273 -39.687 -1.77 -2.324 
3 16 -22.637 -2.047 -7.273 -39.347 -2.043 -1.363 -39.687 -1.77 -2.324 
3 16 -23.466 -1.027 -8.853 -23.051 -1.774 -8.208 -39.936 -1.023 -3.028 
3 16 -23.051 -1.774 -8.208 -39.687 -1.77 -2.324 -39.936 -1.023 -3.028 
3 16 -23.804 0 -9.024 -23.466 -1.027 -8.853 -40.027 0 -3.285 
3 16 -40.027 0 -3.285 -23.466 -1.027 -8.853 -39.936 -1.023 -3.028 
3 16 -30.18 -1.777 12.318 -29.678 -1 12.885 -31.395 -1.639 13.279 
3 16 -29.678 -1 12.885 -30.677 -1 13.573 -31.395 -1.639 13.279 
3 16 -32.026 -1 10.218 -31.526 -1.777 10.786 -32.915 -1 11.215 
3 16 -31.526 -1.777 10.786 -32.638 -1.639 11.864 -32.915 -1 11.215 
3 16 -31.526 -1.777 10.786 -30.853 -2.05 11.552 -32.638 -1.639 11.864 
3 16 -30.853 -2.05 11.552 -32.017 -1.891 12.572 -32.638 -1.639 11.864 
3 16 -30.853 -2.05 11.552 -30.18 -1.777 12.318 -32.017 -1.891 12.572 
3 16 -30.18 -1.777 12.318 -31.395 -1.639 13.279 -32.017 -1.891 12.572 
3 16 -31.395 -1.639 13.279 -30.677 -1 13.573 -32.293 -1.256 13.774 
3 16 -30.677 -1 13.573 -31.945 -0.728 14.171 -32.293 -1.256 13.774 
3 16 -30.677 -1 13.573 -30.351 0 13.683 -31.945 -0.728 14.171 
3 16 -30.351 0 13.683 -31.817 0 14.316 -31.945 -0.728 14.171 
3 16 -32.996 0 10.882 -32.915 -1 11.215 -33.722 0 12.149 
3 16 -32.915 -1 11.215 -33.594 -0.728 12.294 -33.722 0 12.149 
3 16 -32.915 -1 11.215 -32.638 -1.639 11.864 -33.594 -0.728 12.294 
3 16 -32.638 -1.639 11.864 -33.246 -1.256 12.691 -33.594 -0.728 12.294 
3 16 -32.638 -1.639 11.864 -32.017 -1.891 12.572 -33.246 -1.256 12.691 
3 16 -32.017 -1.891 12.572 -32.769 -1.449 13.232 -33.246 -1.256 12.691 
3 16 -32.017 -1.891 12.572 -31.395 -1.639 13.279 -32.769 -1.449 13.232 
3 16 -31.395 -1.639 13.279 -32.293 -1.256 13.774 -32.769 -1.449 13.232 
3 16 -32.293 -1.256 13.774 -31.945 -0.728 14.171 -32.823 -0.683 13.8 
3 16 -31.945 -0.728 14.171 -32.635 -0.397 14.014 -32.823 -0.683 13.8 
3 16 -31.945 -0.728 14.171 -31.817 0 14.316 -32.635 -0.397 14.014 
3 16 -31.817 0 14.316 -32.566 0 14.093 -32.635 -0.397 14.014 
3 16 -33.722 0 12.149 -33.594 -0.728 12.294 -33.596 0 12.92 
3 16 -33.594 -0.728 12.294 -33.527 -0.397 12.999 -33.596 0 12.92 
3 16 -33.594 -0.728 12.294 -33.246 -1.256 12.691 -33.527 -0.397 12.999 
3 16 -33.246 -1.256 12.691 -33.339 -0.683 13.213 -33.527 -0.397 12.999 
3 16 -33.246 -1.256 12.691 -32.769 -1.449 13.232 -33.339 -0.683 13.213 
3 16 -32.769 -1.449 13.232 -33.081 -0.787 13.506 -33.339 -0.683 13.213 
3 16 -32.769 -1.449 13.232 -32.293 -1.256 13.774 -33.081 -0.787 13.506 
3 16 -32.293 -1.256 13.774 -32.823 -0.683 13.8 -33.081 -0.787 13.506 
3 16 -32.823 -0.683 13.8 -32.635 -0.397 14.014 -33.213 0 13.623 
3 16 -32.635 -0.397 14.014 -32.566 0 14.093 -33.213 0 13.623 
3 16 -33.596 0 12.92 -33.527 -0.397 12.999 -33.213 0 13.623 
3 16 -33.527 -0.397 12.999 -33.339 -0.683 13.213 -33.213 0 13.623 
3 16 -33.339 -0.683 13.213 -33.081 -0.787 13.506 -33.213 0 13.623 
3 16 -33.081 -0.787 13.506 -32.823 -0.683 13.8 -33.213 0 13.623 
3 16 -29.678 -1 12.885 -30.18 -1.777 12.318 -16.956 -1 1.822 
3 16 -30.18 -1.777 12.318 -17.256 -1.861 1.02 -16.956 -1 1.822 
3 16 -17.911 -2.146 0.175 -17.256 -1.861 1.02 -30.853 -2.05 11.552 
3 16 -17.256 -1.861 1.02 -30.18 -1.777 12.318 -30.853 -2.05 11.552 
3 16 -18.746 -1.861 -0.51 -17.911 -2.146 0.175 -31.526 -1.777 10.786 
3 16 -17.911 -2.146 0.175 -30.853 -2.05 11.552 -31.526 -1.777 10.786 
3 16 -19.549 -1 -0.872 -18.746 -1.861 -0.51 -32.026 -1 10.218 
3 16 -18.746 -1.861 -0.51 -31.526 -1.777 10.786 -32.026 -1 10.218 
3 16 -17.682 -1.777 21.833 -16.997 -1 22.16 -18.128 -1.639 22.602 
3 16 -16.997 -1 22.16 -17.534 -1 22.851 -18.128 -1.639 22.602 
3 16 -20.211 -1 20.638 -19.529 -1.777 20.968 -20.404 -1 21.493 
3 16 -19.529 -1.777 20.968 -19.834 -1.639 21.802 -20.404 -1 21.493 
3 16 -19.529 -1.777 20.968 -18.605 -2.051 21.4 -19.834 -1.639 21.802 
3 16 -18.605 -2.051 21.4 -18.981 -1.892 22.202 -19.834 -1.639 21.802 
3 16 -18.605 -2.051 21.4 -17.682 -1.777 21.833 -18.981 -1.892 22.202 
3 16 -17.682 -1.777 21.833 -18.128 -1.639 22.602 -18.981 -1.892 22.202 
3 16 -18.128 -1.639 22.602 -17.534 -1 22.851 -18.646 -1.256 23.187 
3 16 -17.534 -1 22.851 -18.168 -0.728 23.411 -18.646 -1.256 23.187 
3 16 -17.534 -1 22.851 -17.164 0 22.828 -18.168 -0.728 23.411 
3 16 -17.164 0 22.828 -17.993 0 23.493 -18.168 -0.728 23.411 
3 16 -20.622 0 21.2 -20.404 -1 21.493 -20.605 0 22.268 
3 16 -20.404 -1 21.493 -20.43 -0.728 22.351 -20.605 0 22.268 
3 16 -20.404 -1 21.493 -19.834 -1.639 21.802 -20.43 -0.728 22.351 
3 16 -19.834 -1.639 21.802 -19.952 -1.256 22.575 -20.43 -0.728 22.351 
3 16 -19.834 -1.639 21.802 -18.981 -1.892 22.202 -19.952 -1.256 22.575 
3 16 -18.981 -1.892 22.202 -19.299 -1.45 22.881 -19.952 -1.256 22.575 
3 16 -18.981 -1.892 22.202 -18.128 -1.639 22.602 -19.299 -1.45 22.881 
3 16 -18.128 -1.639 22.602 -18.646 -1.256 23.187 -19.299 -1.45 22.881 
3 16 -18.646 -1.256 23.187 -18.168 -0.728 23.411 -19.159 -0.683 23.5 
3 16 -18.168 -0.728 23.411 -18.9 -0.398 23.622 -19.159 -0.683 23.5 
3 16 -18.168 -0.728 23.411 -17.993 0 23.493 -18.9 -0.398 23.622 
3 16 -17.993 0 23.493 -18.805 0 23.666 -18.9 -0.398 23.622 
3 16 -20.605 0 22.268 -20.43 -0.728 22.351 -20.219 0 23.003 
3 16 -20.43 -0.728 22.351 -20.124 -0.398 23.048 -20.219 0 23.003 
3 16 -20.43 -0.728 22.351 -19.952 -1.256 22.575 -20.124 -0.398 23.048 
3 16 -19.952 -1.256 22.575 -19.865 -0.683 23.169 -20.124 -0.398 23.048 
3 16 -19.952 -1.256 22.575 -19.299 -1.45 22.881 -19.865 -0.683 23.169 
3 16 -19.299 -1.45 22.881 -19.512 -0.788 23.335 -19.865 -0.683 23.169 
3 16 -19.299 -1.45 22.881 -18.646 -1.256 23.187 -19.512 -0.788 23.335 
3 16 -18.646 -1.256 23.187 -19.159 -0.683 23.5 -19.512 -0.788 23.335 
3 16 -19.159 -0.683 23.5 -18.9 -0.398 23.622 -19.587 0 23.494 
3 16 -18.9 -0.398 23.622 -18.805 0 23.666 -19.587 0 23.494 
3 16 -20.219 0 23.003 -20.124 -0.398 23.048 -19.587 0 23.494 
3 16 -20.124 -0.398 23.048 -19.865 -0.683 23.169 -19.587 0 23.494 
3 16 -19.865 -0.683 23.169 -19.512 -0.788 23.335 -19.587 0 23.494 
3 16 -19.512 -0.788 23.335 -19.159 -0.683 23.5 -19.587 0 23.494 
3 16 -16.997 -1 22.16 -17.682 -1.777 21.833 -9.122 -1 5.871 
3 16 -17.682 -1.777 21.833 -9.83 -1.978 5.35 -9.122 -1 5.871 
3 16 -10.714 -2.279 5.06 -9.83 -1.978 5.35 -18.605 -2.051 21.4 
3 16 -9.83 -1.978 5.35 -17.682 -1.777 21.833 -18.605 -2.051 21.4 
3 16 -11.946 -1.975 4.546 -10.714 -2.279 5.06 -19.529 -1.777 20.968 
3 16 -10.714 -2.279 5.06 -18.605 -2.051 21.4 -19.529 -1.777 20.968 
3 16 -12.887 -1 4.516 -11.946 -1.975 4.546 -20.211 -1 20.638 
3 16 -11.946 -1.975 4.546 -19.529 -1.777 20.968 -20.211 -1 20.638 
3 16 -2.872 -1.933 24.858 -2.142 -1.121 24.921 -3.029 -1.783 25.803 
3 16 -2.142 -1.121 24.921 -2.355 -1.032 25.861 -3.029 -1.783 25.803 
3 16 -2.142 -1.121 24.921 -1.875 0 24.944 -2.355 -1.032 25.861 
3 16 -1.875 0 24.944 -2.108 0 25.882 -2.355 -1.032 25.861 
3 16 -5.627 -1 24.622 -4.866 -1.933 24.687 -5.561 -1 25.502 
3 16 -4.866 -1.933 24.687 -4.872 -1.783 25.644 -5.561 -1 25.502 
3 16 -4.866 -1.933 24.687 -3.869 -2.23 24.772 -4.872 -1.783 25.644 
3 16 -3.869 -2.23 24.772 -3.951 -2.057 25.724 -4.872 -1.783 25.644 
3 16 -3.869 -2.23 24.772 -2.872 -1.933 24.858 -3.951 -2.057 25.724 
3 16 -2.872 -1.933 24.858 -3.029 -1.783 25.803 -3.951 -2.057 25.724 
3 16 -3.029 -1.783 25.803 -2.355 -1.032 25.861 -3.308 -1.366 26.518 
3 16 -2.355 -1.032 25.861 -2.792 -0.792 26.562 -3.308 -1.366 26.518 
3 16 -2.355 -1.032 25.861 -2.108 0 25.882 -2.792 -0.792 26.562 
3 16 -2.108 0 25.882 -2.603 0 26.578 -2.792 -0.792 26.562 
3 16 -5.801 0 25.38 -5.561 -1 25.502 -5.424 0 26.336 
3 16 -5.561 -1 25.502 -5.235 -0.792 26.352 -5.424 0 26.336 
3 16 -5.561 -1 25.502 -4.872 -1.783 25.644 -5.235 -0.792 26.352 
3 16 -4.872 -1.783 25.644 -4.719 -1.366 26.396 -5.235 -0.792 26.352 
3 16 -4.872 -1.783 25.644 -3.951 -2.057 25.724 -4.719 -1.366 26.396 
3 16 -3.951 -2.057 25.724 -4.014 -1.576 26.457 -4.719 -1.366 26.396 
3 16 -3.951 -2.057 25.724 -3.029 -1.783 25.803 -4.014 -1.576 26.457 
3 16 -3.029 -1.783 25.803 -3.308 -1.366 26.518 -4.014 -1.576 26.457 
3 16 -3.308 -1.366 26.518 -2.792 -0.792 26.562 -3.668 -0.743 26.903 
3 16 -2.792 -0.792 26.562 -3.388 -0.432 26.927 -3.668 -0.743 26.903 
3 16 -2.792 -0.792 26.562 -2.603 0 26.578 -3.388 -0.432 26.927 
3 16 -2.603 0 26.578 -3.286 0 26.936 -3.388 -0.432 26.927 
3 16 -5.424 0 26.336 -5.235 -0.792 26.352 -4.812 0 26.805 
3 16 -5.235 -0.792 26.352 -4.71 -0.432 26.814 -4.812 0 26.805 
3 16 -5.235 -0.792 26.352 -4.719 -1.366 26.396 -4.71 -0.432 26.814 
3 16 -4.719 -1.366 26.396 -4.431 -0.743 26.838 -4.71 -0.432 26.814 
3 16 -4.719 -1.366 26.396 -4.014 -1.576 26.457 -4.431 -0.743 26.838 
3 16 -4.014 -1.576 26.457 -4.049 -0.856 26.87 -4.431 -0.743 26.838 
3 16 -4.014 -1.576 26.457 -3.308 -1.366 26.518 -4.049 -0.856 26.87 
3 16 -3.308 -1.366 26.518 -3.668 -0.743 26.903 -4.049 -0.856 26.87 
3 16 -3.668 -0.743 26.903 -3.388 -0.432 26.927 -4.063 0 27.033 
3 16 -3.388 -0.432 26.927 -3.286 0 26.936 -4.063 0 27.033 
3 16 -4.812 0 26.805 -4.71 -0.432 26.814 -4.063 0 27.033 
3 16 -4.71 -0.432 26.814 -4.431 -0.743 26.838 -4.063 0 27.033 
3 16 -4.431 -0.743 26.838 -4.049 -0.856 26.87 -4.063 0 27.033 
3 16 -4.049 -0.856 26.87 -3.668 -0.743 26.903 -4.063 0 27.033 
3 16 -1.875 0 24.944 -2.142 -1.121 24.921 -0.304 0 6.64 
3 16 -2.142 -1.121 24.921 -0.547 -1.124 6.361 -0.304 0 6.64 
3 16 -2.142 -1.121 24.921 -2.872 -1.933 24.858 -0.547 -1.124 6.361 
3 16 -2.872 -1.933 24.858 -1.267 -1.936 6.182 -0.547 -1.124 6.361 
3 16 -2.064 -2.234 6.102 -1.267 -1.936 6.182 -3.869 -2.23 24.772 
3 16 -1.267 -1.936 6.182 -2.872 -1.933 24.858 -3.869 -2.23 24.772 
3 16 -3.276 -1.936 6.172 -2.064 -2.234 6.102 -4.866 -1.933 24.687 
3 16 -2.064 -2.234 6.102 -3.869 -2.23 24.772 -4.866 -1.933 24.687 
3 16 -4.062 -1 6.452 -3.276 -1.936 6.172 -5.627 -1 24.622 
3 16 -3.276 -1.936 6.172 -4.866 -1.933 24.687 -5.627 -1 24.622 
2 24 0 5.758 -3.406 0 6.625 0.009 
2 24 0 6.625 0.009 0 5.831 3.379 
2 24 0 0 -6.744 0 3.413 -5.964 
2 24 0 0 6.631 0 3.346 5.796 
2 24 0 3.346 5.796 0 5.831 3.379 
2 24 -23.47 2.422 -9.722 -23.918 0 -9.425 
2 24 -22.01 4.152 -10.689 -23.47 2.422 -9.722 
2 24 -21.016 2.742 -11.346 -21.818 2.064 -10.815 
2 24 -21.818 2.064 -10.815 -22.503 0 -10.362 
2 24 -20.001 4.782 -12.018 -22.01 4.152 -10.689 
2 24 -18.01 4.168 -13.336 -20.001 4.782 -12.018 
2 24 0 5.758 -3.406 0 3.413 -5.964 
2 24 -16.601 2.389 -14.269 -18.01 4.168 -13.336 
2 24 -16.087 0 -14.609 -16.601 2.389 -14.269 
2 24 -18.21 2.094 -13.203 -19.031 2.764 -12.66 
2 24 -19.031 2.764 -12.66 -20.025 3 -12.002 
2 24 -8.055 1.986 1.961 -8.761 2.653 2.428 
2 24 -8.761 2.653 2.428 -9.625 2.977 3 
2 24 -21.016 2.742 -11.346 -20.025 3 -12.002 
2 24 -9.625 2.977 3 -10.534 2.911 3.601 
2 24 -10.534 2.911 3.601 -13.182 1.856 2.558 
2 24 -13.182 1.856 2.558 -14.224 0 2.148 
2 24 -8.055 1.986 1.961 -7.429 0 1.546 
2 24 -10.534 0 3.601 -10.534 2.911 3.601 
2 24 -17.502 0 -13.672 -18.21 2.094 -13.203 
2 24 0 -6.625 0.009 0 -5.758 -3.406 
2 24 0 -5.831 3.379 0 -6.625 0.009 
2 24 0 -3.413 -5.964 0 0 -6.744 
2 24 0 -3.346 5.796 0 0 6.631 
2 24 0 -5.831 3.379 0 -3.346 5.796 
2 24 -23.918 0 -9.425 -23.47 -2.422 -9.722 
2 24 -23.47 -2.422 -9.722 -22.01 -4.152 -10.689 
2 24 -21.818 -2.064 -10.815 -21.016 -2.742 -11.346 
2 24 -22.503 0 -10.362 -21.818 -2.064 -10.815 
2 24 -22.01 -4.152 -10.689 -20.001 -4.782 -12.018 
2 24 -20.001 -4.782 -12.018 -18.01 -4.168 -13.336 
2 24 0 -3.413 -5.964 0 -5.758 -3.406 
2 24 -18.01 -4.168 -13.336 -16.601 -2.389 -14.269 
2 24 -16.601 -2.389 -14.269 -16.087 0 -14.609 
2 24 -19.031 -2.764 -12.66 -18.21 -2.094 -13.203 
2 24 -20.025 -3 -12.002 -19.031 -2.764 -12.66 
2 24 -8.761 -2.653 2.428 -8.055 -1.986 1.961 
2 24 -9.625 -2.977 3 -8.761 -2.653 2.428 
2 24 -20.025 -3 -12.002 -21.016 -2.742 -11.346 
2 24 -10.534 -2.911 3.601 -9.625 -2.977 3 
2 24 -13.182 -1.856 2.558 -10.534 -2.911 3.601 
2 24 -14.224 0 2.148 -13.182 -1.856 2.558 
2 24 -7.429 0 1.546 -8.055 -1.986 1.961 
2 24 -10.534 -2.911 3.601 -10.534 0 3.601 
2 24 -18.21 -2.094 -13.203 -17.502 0 -13.672 
2 24 -39.546 -1 0.404 -38.757 -1 0.307 
2 24 -35.397 -1 4.226 -39.546 -1 0.404 
2 24 -32.915 -1 11.215 -33.744 -1 7.774 
2 24 -32.026 -1 10.218 -32.915 -1 11.215 
2 24 -38.757 -1 0.307 -22.413 -1 -5.48 
2 24 -22.413 -1 -5.48 -19.75 -1 -1.074 
2 24 -19.549 -1 -0.872 -32.026 -1 10.218 
2 24 -19.75 -1 -1.074 -19.549 -1 -0.872 
2 24 -33.744 -1 7.774 -35.397 -1 4.226 
2 24 -39.546 1 0.404 -35.397 1 4.226 
2 24 -38.757 1 0.307 -39.546 1 0.404 
2 24 -32.915 1 11.215 -32.026 1 10.218 
2 24 -33.744 1 7.774 -32.915 1 11.215 
2 24 -22.413 1 -5.48 -38.757 1 0.307 
2 24 -19.75 1 -1.074 -22.413 1 -5.48 
2 24 -32.026 1 10.218 -19.549 1 -0.872 
2 24 -19.549 1 -0.872 -19.75 1 -1.074 
2 24 -35.397 1 4.226 -33.744 1 7.774 
2 24 -32.996 0 10.882 -32.915 1 11.215 
2 24 -32.915 -1 11.215 -32.996 0 10.882 
2 24 -39.546 1 0.404 -39.272 0 0.656 
2 24 -39.272 0 0.656 -39.546 -1 0.404 
2 24 -17.534 -1 22.851 -16.997 -1 22.16 
2 24 -12.962 -1 22.568 -17.534 -1 22.851 
2 24 -5.561 -1 25.502 -10.341 -1 23.078 
2 24 -5.627 -1 24.622 -5.561 -1 25.502 
2 24 -16.997 -1 22.16 -9.122 -1 5.871 
2 24 -4.062 -1 6.452 -5.627 -1 24.622 
2 24 -5.459 -1 6.415 -4.062 -1 6.452 
2 24 -9.122 -1 5.871 -5.459 -1 6.415 
2 24 -10.341 -1 23.078 -12.962 -1 22.568 
2 24 -17.534 1 22.851 -12.962 1 22.568 
2 24 -16.997 1 22.16 -17.534 1 22.851 
2 24 -5.561 1 25.502 -5.627 1 24.622 
2 24 -10.341 1 23.078 -5.561 1 25.502 
2 24 -9.122 1 5.871 -16.997 1 22.16 
2 24 -4.062 1 6.452 -5.459 1 6.415 
2 24 -5.627 1 24.622 -4.062 1 6.452 
2 24 -5.459 1 6.415 -9.122 1 5.871 
2 24 -12.962 1 22.568 -10.341 1 23.078 
2 24 -5.561 -1 25.502 -5.801 0 25.38 
2 24 -5.801 0 25.38 -5.561 1 25.502 
2 24 -17.534 1 22.851 -17.164 0 22.828 
2 24 -17.164 0 22.828 -17.534 -1 22.851 
2 24 -20.404 -1 21.493 -23.78 -1 16.951 
2 24 -20.211 -1 20.638 -20.404 -1 21.493 
2 24 -30.677 -1 13.573 -29.678 -1 12.885 
2 24 -26.692 -1 14.915 -30.677 -1 13.573 
2 24 -12.887 -1 4.516 -20.211 -1 20.638 
2 24 -29.678 -1 12.885 -16.956 -1 1.822 
2 24 -15.912 -1 2.913 -12.887 -1 4.516 
2 24 -16.956 -1 1.822 -15.912 -1 2.913 
2 24 -23.78 -1 16.951 -26.692 -1 14.915 
2 24 -20.404 1 21.493 -20.211 1 20.638 
2 24 -23.78 1 16.951 -20.404 1 21.493 
2 24 -30.677 1 13.573 -26.692 1 14.915 
2 24 -29.678 1 12.885 -30.677 1 13.573 
2 24 -20.211 1 20.638 -12.887 1 4.516 
2 24 -16.956 1 1.822 -29.678 1 12.885 
2 24 -12.887 1 4.516 -15.912 1 2.913 
2 24 -15.912 1 2.913 -16.956 1 1.822 
2 24 -26.692 1 14.915 -23.78 1 16.951 
2 24 -20.622 0 21.2 -20.404 1 21.493 
2 24 -20.404 -1 21.493 -20.622 0 21.2 
2 24 -30.677 1 13.573 -30.351 0 13.683 
2 24 -30.351 0 13.683 -30.677 -1 13.573 
2 24 -22.413 1 -5.48 -22.356 1.558 -5.812 
2 24 -22.356 1.558 -5.812 -22.637 2.047 -7.273 
2 24 -22.637 2.047 -7.273 -23.051 1.774 -8.208 
2 24 -23.051 1.774 -8.208 -23.466 1.027 -8.853 
2 24 -23.466 1.027 -8.853 -23.804 0 -9.024 
2 24 -16.956 1 1.822 -17.256 1.861 1.02 
2 24 -17.256 1.861 1.02 -17.911 2.146 0.175 
2 24 -17.911 2.146 0.175 -18.746 1.861 -0.51 
2 24 -18.746 1.861 -0.51 -19.549 1 -0.872 
2 24 -9.122 1 5.871 -9.83 1.978 5.35 
2 24 -9.83 1.978 5.35 -10.714 2.279 5.06 
2 24 -10.714 2.279 5.06 -11.946 1.975 4.546 
2 24 -11.946 1.975 4.546 -12.887 1 4.516 
2 24 -0.304 0 6.64 -0.547 1.124 6.361 
2 24 -0.547 1.124 6.361 -1.267 1.936 6.182 
2 24 -1.267 1.936 6.182 -2.064 2.234 6.102 
2 24 -2.064 2.234 6.102 -3.276 1.936 6.172 
2 24 -3.276 1.936 6.172 -4.062 1 6.452 
2 24 -22.356 -1.558 -5.812 -22.413 -1 -5.48 
2 24 -22.637 -2.047 -7.273 -22.356 -1.558 -5.812 
2 24 -23.051 -1.774 -8.208 -22.637 -2.047 -7.273 
2 24 -23.466 -1.027 -8.853 -23.051 -1.774 -8.208 
2 24 -23.804 0 -9.024 -23.466 -1.027 -8.853 
2 24 -17.256 -1.861 1.02 -16.956 -1 1.822 
2 24 -17.911 -2.146 0.175 -17.256 -1.861 1.02 
2 24 -18.746 -1.861 -0.51 -17.911 -2.146 0.175 
2 24 -19.549 -1 -0.872 -18.746 -1.861 -0.51 
2 24 -9.83 -1.978 5.35 -9.122 -1 5.871 
2 24 -10.714 -2.279 5.06 -9.83 -1.978 5.35 
2 24 -11.946 -1.975 4.546 -10.714 -2.279 5.06 
2 24 -12.887 -1 4.516 -11.946 -1.975 4.546 
2 24 -0.547 -1.124 6.361 -0.304 0 6.64 
2 24 -1.267 -1.936 6.182 -0.547 -1.124 6.361 
2 24 -2.064 -2.234 6.102 -1.267 -1.936 6.182 
2 24 -3.276 -1.936 6.172 -2.064 -2.234 6.102 
2 24 -4.062 -1 6.452 -3.276 -1.936 6.172 

