0 HEART W/ Ø3,2 SHAFT (Needs Work)
0 Name: 15745.dat
0 Author: <AuthorRealName> [<AuthorLDrawName>]
0 !LDRAW_ORG Unofficial_Part
0 !LICENSE Redistributable under CCAL version 2.0 : see CAreadme.txt

0 BFC CERTIFY CCW

0 !HISTORY 2014-05-16 {LEGO Digital Designer} Original part shape
0 !HISTORY 2014-05-16 [<AuthorLDrawName>] File preparation for LDraw Parts Tracker

0 // Needs Work: Clean necessary

0 // Outside
3 16 0 -29.75 -0.75 -4.148 -32.002 -0.75 0 -27.734 -4 
3 16 0 -29.75 0.75 0 -27.734 4 -4.148 -32.002 0.75 
3 16 0 -27.734 4 -7.308 -29.421 4 -4.148 -32.002 0.75 
3 16 0 -27.734 4 0 -21.186 5.825 -7.308 -29.421 4 
3 16 -4.148 -32.002 0.75 -7.308 -29.421 4 -8.717 -32.002 0.75 
3 16 -4.148 -32.002 -0.75 -7.308 -29.421 -4 0 -27.734 -4 
3 16 -4.148 -32.002 -0.75 -8.717 -32.002 -0.75 -7.308 -29.421 -4 
3 16 -8.717 -32.002 -0.75 -12.411 -28.474 -0.75 -7.308 -29.421 -4 
3 16 -8.717 -32.002 0.75 -7.308 -29.421 4 -12.411 -28.474 0.75 
3 16 -7.308 -29.421 4 -10.486 -22.904 4 -12.411 -28.474 0.75 
3 16 -7.308 -29.421 4 0 -21.186 5.825 -10.486 -22.904 4 
3 16 0 -21.186 5.825 -6.486 -15.689 4 -10.486 -22.904 4 
3 16 0 -21.186 5.825 0 -11.48 4 -6.486 -15.689 4 
3 16 -6.486 -15.689 4 -11.176 -18.693 0.75 -10.486 -22.904 4 
3 16 -6.486 -15.689 4 -8.418 -14.639 0.75 -11.176 -18.693 0.75 
3 16 -10.486 -22.904 4 -13.135 -23.462 0.75 -12.411 -28.474 0.75 
3 16 -10.486 -22.904 4 -11.176 -18.693 0.75 -13.135 -23.462 0.75 
3 16 -12.411 -28.474 -0.75 -10.486 -22.904 -4 -7.308 -29.421 -4 
3 16 -12.411 -28.474 -0.75 -13.135 -23.462 -0.75 -10.486 -22.904 -4 
3 16 -13.135 -23.462 -0.75 -11.176 -18.693 -0.75 -10.486 -22.904 -4 
3 16 -11.176 -18.693 -0.75 -6.486 -15.689 -4 -10.486 -22.904 -4 
3 16 -11.176 -18.693 -0.75 -8.418 -14.639 -0.75 -6.486 -15.689 -4 
3 16 -7.308 -29.421 -4 -4.76 -26.49 -5.154 -2.119 -26.654 -5.157 
3 16 -7.308 -29.421 -4 -6.474 -24.881 -5.126 -4.76 -26.49 -5.154 
3 16 -2.119 -26.654 -5.157 0 -25.697 -5.14 0 -27.734 -4 
3 16 -6.474 -24.881 -5.126 -10.486 -22.904 -4 -6.455 -20.53 -5.05 
3 16 -6.455 -20.53 -5.05 -6.486 -15.689 -4 -4.426 -16.634 -4.982 
3 16 -4.426 -16.634 -4.982 -6.486 -15.689 -4 -2.583 -15.097 -4.955 
3 16 -2.583 -15.097 -4.955 0 -11.48 -4 0 -13.669 -4.93 
3 16 -2.119 -26.654 -5.157 0 -13.669 -4.93 0 -25.697 -5.14 
3 16 -2.583 -15.097 -4.955 0 -13.669 -4.93 -2.119 -26.654 -5.157 
3 16 -2.583 -15.097 -4.955 -2.119 -26.654 -5.157 -4.76 -26.49 -5.154 
3 16 -4.426 -16.634 -4.982 -2.583 -15.097 -4.955 -4.76 -26.49 -5.154 
3 16 -6.474 -24.881 -5.126 -4.426 -16.634 -4.982 -4.76 -26.49 -5.154 
3 16 -6.474 -24.881 -5.126 -6.455 -20.53 -5.05 -4.426 -16.634 -4.982 
3 16 -6.486 -15.689 -4 0 -11.48 -4 -2.583 -15.097 -4.955 
3 16 -6.486 -15.689 -4 -6.455 -20.53 -5.05 -10.486 -22.904 -4 
3 16 -6.474 -24.881 -5.126 -7.308 -29.421 -4 -10.486 -22.904 -4 
3 16 0 -27.734 -4 -7.308 -29.421 -4 -2.119 -26.654 -5.157 
3 16 -6.486 -15.689 -4 -1.912 -12.27 -3.502 0 -11.48 -4 
3 16 -6.486 -15.689 -4 -3.502 -11.864 -1.912 -1.912 -12.27 -3.502 
3 16 -6.486 -15.689 -4 -3.899 -11.211 -0.884 -3.502 -11.864 -1.912 
3 16 -6.486 -15.689 -4 -8.418 -14.639 -0.75 -3.899 -11.211 -0.884 
3 16 -8.418 -14.639 -0.75 -8.418 -14.639 0.75 -3.899 -11.211 -0.884 
3 16 -3.899 -11.211 0.884 -3.899 -11.211 -0.884 -8.418 -14.639 0.75 
3 16 -8.418 -14.639 0.75 -8.418 -14.639 -0.75 -11.176 -18.693 0.75 
3 16 -8.418 -14.639 -0.75 -11.176 -18.693 -0.75 -11.176 -18.693 0.75 
3 16 -13.135 -23.462 -0.75 -13.135 -23.462 0.75 -11.176 -18.693 -0.75 
3 16 -13.135 -23.462 0.75 -11.176 -18.693 0.75 -11.176 -18.693 -0.75 
3 16 -12.411 -28.474 -0.75 -12.411 -28.474 0.75 -13.135 -23.462 -0.75 
3 16 -12.411 -28.474 0.75 -13.135 -23.462 0.75 -13.135 -23.462 -0.75 
3 16 -8.418 -14.639 0.75 -6.486 -15.689 4 -3.899 -11.211 0.884 
3 16 -3.899 -11.211 0.884 -6.486 -15.689 4 -3.502 -11.864 1.912 
3 16 -6.486 -15.689 4 -1.912 -12.27 3.502 -3.502 -11.864 1.912 
3 16 -6.486 -15.689 4 0 -11.48 4 -1.912 -12.27 3.502 
3 16 -12.411 -28.474 0.75 -12.411 -28.474 -0.75 -8.717 -32.002 0.75 
3 16 -12.411 -28.474 -0.75 -8.717 -32.002 -0.75 -8.717 -32.002 0.75 
3 16 -8.717 -32.002 0.75 -8.717 -32.002 -0.75 -4.148 -32.002 0.75 
3 16 -8.717 -32.002 -0.75 -4.148 -32.002 -0.75 -4.148 -32.002 0.75 
3 16 -4.148 -32.002 0.75 -4.148 -32.002 -0.75 0 -29.75 0.75 
3 16 -4.148 -32.002 -0.75 0 -29.75 -0.75 0 -29.75 0.75 
3 16 0 0 4 -2 0 3.464 0 -11.48 4 
3 16 -2 0 3.464 -1.912 -12.27 3.502 0 -11.48 4 
3 16 -2 0 3.464 -3.464 0 2 -1.912 -12.27 3.502 
3 16 -3.502 -11.864 1.912 -1.912 -12.27 3.502 -3.464 0 2 
3 16 -3.464 0 2 -3.899 -11.211 0.884 -3.502 -11.864 1.912 
3 16 -3.464 0 2 -4 0 0 -3.899 -11.211 0.884 
3 16 -4 0 0 -3.899 -11.211 -0.884 -3.899 -11.211 0.884 
3 16 -4 0 0 -3.464 0 -2 -3.899 -11.211 -0.884 
3 16 -3.464 0 -2 -3.502 -11.864 -1.912 -3.899 -11.211 -0.884 
3 16 -1.912 -12.27 -3.502 -3.502 -11.864 -1.912 -2 0 -3.464 
3 16 -2 0 -3.464 -3.502 -11.864 -1.912 -3.464 0 -2 
3 16 0 0 -4 -1.912 -12.27 -3.502 -2 0 -3.464 
3 16 0 0 -4 0 -11.48 -4 -1.912 -12.27 -3.502 
3 16 0 0 0 -2 0 3.464 0 0 4 
3 16 0 0 0 -3.464 0 2 -2 0 3.464 
3 16 0 0 0 -4 0 0 -3.464 0 2 
3 16 -3.464 0 -2 -4 0 0 0 0 0 
3 16 -2 0 -3.464 -3.464 0 -2 0 0 0 
3 16 0 0 -4 -2 0 -3.464 0 0 0 
3 16 0 -29.75 -0.75 0 -27.734 -4 4.148 -32.002 -0.75 
3 16 0 -29.75 0.75 4.148 -32.002 0.75 0 -27.734 4 
3 16 0 -27.734 4 4.148 -32.002 0.75 7.308 -29.421 4 
3 16 0 -27.734 4 7.308 -29.421 4 0 -21.186 5.825 
3 16 4.148 -32.002 0.75 8.717 -32.002 0.75 7.308 -29.421 4 
3 16 4.148 -32.002 -0.75 0 -27.734 -4 7.308 -29.421 -4 
3 16 4.148 -32.002 -0.75 7.308 -29.421 -4 8.717 -32.002 -0.75 
3 16 8.717 -32.002 -0.75 7.308 -29.421 -4 12.411 -28.474 -0.75 
3 16 8.717 -32.002 0.75 12.411 -28.474 0.75 7.308 -29.421 4 
3 16 7.308 -29.421 4 12.411 -28.474 0.75 10.486 -22.904 4 
3 16 7.308 -29.421 4 10.486 -22.904 4 0 -21.186 5.825 
3 16 0 -21.186 5.825 10.486 -22.904 4 6.486 -15.689 4 
3 16 0 -21.186 5.825 6.486 -15.689 4 0 -11.48 4 
3 16 6.486 -15.689 4 10.486 -22.904 4 11.176 -18.693 0.75 
3 16 6.486 -15.689 4 11.176 -18.693 0.75 8.418 -14.639 0.75 
3 16 10.486 -22.904 4 12.411 -28.474 0.75 13.135 -23.462 0.75 
3 16 10.486 -22.904 4 13.135 -23.462 0.75 11.176 -18.693 0.75 
3 16 12.411 -28.474 -0.75 7.308 -29.421 -4 10.486 -22.904 -4 
3 16 12.411 -28.474 -0.75 10.486 -22.904 -4 13.135 -23.462 -0.75 
3 16 13.135 -23.462 -0.75 10.486 -22.904 -4 11.176 -18.693 -0.75 
3 16 11.176 -18.693 -0.75 10.486 -22.904 -4 6.486 -15.689 -4 
3 16 11.176 -18.693 -0.75 6.486 -15.689 -4 8.418 -14.639 -0.75 
3 16 7.308 -29.421 -4 2.119 -26.654 -5.157 4.76 -26.49 -5.154 
3 16 7.308 -29.421 -4 4.76 -26.49 -5.154 6.474 -24.881 -5.126 
3 16 2.119 -26.654 -5.157 0 -27.734 -4 0 -25.697 -5.14 
3 16 6.474 -24.881 -5.126 6.455 -20.53 -5.05 10.486 -22.904 -4 
3 16 6.455 -20.53 -5.05 4.426 -16.634 -4.982 6.486 -15.689 -4 
3 16 4.426 -16.634 -4.982 2.583 -15.097 -4.955 6.486 -15.689 -4 
3 16 2.583 -15.097 -4.955 0 -13.669 -4.93 0 -11.48 -4 
3 16 2.119 -26.654 -5.157 0 -25.697 -5.14 0 -13.669 -4.93 
3 16 2.583 -15.097 -4.955 2.119 -26.654 -5.157 0 -13.669 -4.93 
3 16 2.583 -15.097 -4.955 4.76 -26.49 -5.154 2.119 -26.654 -5.157 
3 16 4.426 -16.634 -4.982 4.76 -26.49 -5.154 2.583 -15.097 -4.955 
3 16 6.474 -24.881 -5.126 4.76 -26.49 -5.154 4.426 -16.634 -4.982 
3 16 6.474 -24.881 -5.126 4.426 -16.634 -4.982 6.455 -20.53 -5.05 
3 16 6.486 -15.689 -4 2.583 -15.097 -4.955 0 -11.48 -4 
3 16 6.486 -15.689 -4 10.486 -22.904 -4 6.455 -20.53 -5.05 
3 16 6.474 -24.881 -5.126 10.486 -22.904 -4 7.308 -29.421 -4 
3 16 0 -27.734 -4 2.119 -26.654 -5.157 7.308 -29.421 -4 
3 16 6.486 -15.689 -4 0 -11.48 -4 1.912 -12.27 -3.502 
3 16 6.486 -15.689 -4 1.912 -12.27 -3.502 3.502 -11.864 -1.912 
3 16 6.486 -15.689 -4 3.502 -11.864 -1.912 3.899 -11.211 -0.884 
3 16 6.486 -15.689 -4 3.899 -11.211 -0.884 8.418 -14.639 -0.75 
3 16 8.418 -14.639 -0.75 3.899 -11.211 -0.884 8.418 -14.639 0.75 
3 16 3.899 -11.211 0.884 8.418 -14.639 0.75 3.899 -11.211 -0.884 
3 16 8.418 -14.639 0.75 11.176 -18.693 0.75 8.418 -14.639 -0.75 
3 16 8.418 -14.639 -0.75 11.176 -18.693 0.75 11.176 -18.693 -0.75 
3 16 13.135 -23.462 -0.75 11.176 -18.693 -0.75 13.135 -23.462 0.75 
3 16 13.135 -23.462 0.75 11.176 -18.693 -0.75 11.176 -18.693 0.75 
3 16 12.411 -28.474 -0.75 13.135 -23.462 -0.75 12.411 -28.474 0.75 
3 16 12.411 -28.474 0.75 13.135 -23.462 -0.75 13.135 -23.462 0.75 
3 16 8.418 -14.639 0.75 3.899 -11.211 0.884 6.486 -15.689 4 
3 16 3.899 -11.211 0.884 3.502 -11.864 1.912 6.486 -15.689 4 
3 16 6.486 -15.689 4 3.502 -11.864 1.912 1.912 -12.27 3.502 
3 16 6.486 -15.689 4 1.912 -12.27 3.502 0 -11.48 4 
3 16 12.411 -28.474 0.75 8.717 -32.002 0.75 12.411 -28.474 -0.75 
3 16 12.411 -28.474 -0.75 8.717 -32.002 0.75 8.717 -32.002 -0.75 
3 16 8.717 -32.002 0.75 4.148 -32.002 0.75 8.717 -32.002 -0.75 
3 16 8.717 -32.002 -0.75 4.148 -32.002 0.75 4.148 -32.002 -0.75 
3 16 4.148 -32.002 0.75 0 -29.75 0.75 4.148 -32.002 -0.75 
3 16 4.148 -32.002 -0.75 0 -29.75 0.75 0 -29.75 -0.75 
3 16 0 0 4 0 -11.48 4 2 0 3.464 
3 16 2 0 3.464 0 -11.48 4 1.912 -12.27 3.502 
3 16 2 0 3.464 1.912 -12.27 3.502 3.464 0 2 
3 16 3.502 -11.864 1.912 3.464 0 2 1.912 -12.27 3.502 
3 16 3.464 0 2 3.502 -11.864 1.912 3.899 -11.211 0.884 
3 16 3.464 0 2 3.899 -11.211 0.884 4 0 0 
3 16 4 0 0 3.899 -11.211 0.884 3.899 -11.211 -0.884 
3 16 4 0 0 3.899 -11.211 -0.884 3.464 0 -2 
3 16 3.464 0 -2 3.899 -11.211 -0.884 3.502 -11.864 -1.912 
3 16 1.912 -12.27 -3.502 2 0 -3.464 3.502 -11.864 -1.912 
3 16 2 0 -3.464 3.464 0 -2 3.502 -11.864 -1.912 
3 16 0 0 -4 2 0 -3.464 1.912 -12.27 -3.502 
3 16 0 0 -4 1.912 -12.27 -3.502 0 -11.48 -4 
3 16 0 0 0 0 0 4 2 0 3.464 
3 16 0 0 0 2 0 3.464 3.464 0 2 
3 16 0 0 0 3.464 0 2 4 0 0 
3 16 3.464 0 -2 0 0 0 4 0 0 
3 16 2 0 -3.464 0 0 0 3.464 0 -2 
3 16 0 0 -4 0 0 0 2 0 -3.464 
2 24 0 -29.75 -0.75 -4.148 -32.002 -0.75 
2 24 -4.148 -32.002 -0.75 0 -27.734 -4 
2 24 0 -27.734 -4 0 -29.75 -0.75 
2 24 0 -29.75 0.75 0 -27.734 4 
2 24 0 -27.734 4 -4.148 -32.002 0.75 
2 24 -4.148 -32.002 0.75 0 -29.75 0.75 
2 24 0 -27.734 4 -7.308 -29.421 4 
2 24 0 -27.734 4 0 -21.186 5.825 
2 24 0 -21.186 5.825 -7.308 -29.421 4 
2 24 -7.308 -29.421 4 -8.717 -32.002 0.75 
2 24 -8.717 -32.002 0.75 -4.148 -32.002 0.75 
2 24 -7.308 -29.421 -4 0 -27.734 -4 
2 24 -4.148 -32.002 -0.75 -8.717 -32.002 -0.75 
2 24 -8.717 -32.002 -0.75 -7.308 -29.421 -4 
2 24 -8.717 -32.002 -0.75 -12.411 -28.474 -0.75 
2 24 -12.411 -28.474 -0.75 -7.308 -29.421 -4 
2 24 -7.308 -29.421 4 -12.411 -28.474 0.75 
2 24 -12.411 -28.474 0.75 -8.717 -32.002 0.75 
2 24 -7.308 -29.421 4 -10.486 -22.904 4 
2 24 -10.486 -22.904 4 -12.411 -28.474 0.75 
2 24 0 -21.186 5.825 -10.486 -22.904 4 
2 24 0 -21.186 5.825 -6.486 -15.689 4 
2 24 -6.486 -15.689 4 -10.486 -22.904 4 
2 24 0 -21.186 5.825 0 -11.48 4 
2 24 0 -11.48 4 -6.486 -15.689 4 
2 24 -6.486 -15.689 4 -11.176 -18.693 0.75 
2 24 -11.176 -18.693 0.75 -10.486 -22.904 4 
2 24 -6.486 -15.689 4 -8.418 -14.639 0.75 
2 24 -8.418 -14.639 0.75 -11.176 -18.693 0.75 
2 24 -10.486 -22.904 4 -13.135 -23.462 0.75 
2 24 -13.135 -23.462 0.75 -12.411 -28.474 0.75 
2 24 -11.176 -18.693 0.75 -13.135 -23.462 0.75 
2 24 -12.411 -28.474 -0.75 -10.486 -22.904 -4 
2 24 -10.486 -22.904 -4 -7.308 -29.421 -4 
2 24 -12.411 -28.474 -0.75 -13.135 -23.462 -0.75 
2 24 -13.135 -23.462 -0.75 -10.486 -22.904 -4 
2 24 -13.135 -23.462 -0.75 -11.176 -18.693 -0.75 
2 24 -11.176 -18.693 -0.75 -10.486 -22.904 -4 
2 24 -11.176 -18.693 -0.75 -6.486 -15.689 -4 
2 24 -6.486 -15.689 -4 -10.486 -22.904 -4 
2 24 -11.176 -18.693 -0.75 -8.418 -14.639 -0.75 
2 24 -8.418 -14.639 -0.75 -6.486 -15.689 -4 
2 24 -7.308 -29.421 -4 -4.76 -26.49 -5.154 
2 24 -4.76 -26.49 -5.154 -2.119 -26.654 -5.157 
2 24 -2.119 -26.654 -5.157 -7.308 -29.421 -4 
2 24 -7.308 -29.421 -4 -6.474 -24.881 -5.126 
2 24 -6.474 -24.881 -5.126 -4.76 -26.49 -5.154 
2 24 -2.119 -26.654 -5.157 0 -25.697 -5.14 
2 24 0 -25.697 -5.14 0 -27.734 -4 
2 24 0 -27.734 -4 -2.119 -26.654 -5.157 
2 24 -6.474 -24.881 -5.126 -10.486 -22.904 -4 
2 24 -10.486 -22.904 -4 -6.455 -20.53 -5.05 
2 24 -6.455 -20.53 -5.05 -6.474 -24.881 -5.126 
2 24 -6.455 -20.53 -5.05 -6.486 -15.689 -4 
2 24 -6.486 -15.689 -4 -4.426 -16.634 -4.982 
2 24 -4.426 -16.634 -4.982 -6.455 -20.53 -5.05 
2 24 -6.486 -15.689 -4 -2.583 -15.097 -4.955 
2 24 -2.583 -15.097 -4.955 -4.426 -16.634 -4.982 
2 24 -2.583 -15.097 -4.955 0 -11.48 -4 
2 24 0 -11.48 -4 0 -13.669 -4.93 
2 24 0 -13.669 -4.93 -2.583 -15.097 -4.955 
2 24 -6.486 -15.689 -4 0 -11.48 -4 
2 24 -1.912 -12.27 -3.502 0 -11.48 -4 
2 24 -3.502 -11.864 -1.912 -1.912 -12.27 -3.502 
2 24 -6.486 -15.689 -4 -3.899 -11.211 -0.884 
2 24 -3.899 -11.211 -0.884 -3.502 -11.864 -1.912 
2 24 -8.418 -14.639 -0.75 -3.899 -11.211 -0.884 
2 24 -8.418 -14.639 -0.75 -8.418 -14.639 0.75 
2 24 -3.899 -11.211 0.884 -3.899 -11.211 -0.884 
2 24 -8.418 -14.639 0.75 -3.899 -11.211 0.884 
2 24 -11.176 -18.693 -0.75 -11.176 -18.693 0.75 
2 24 -13.135 -23.462 -0.75 -13.135 -23.462 0.75 
2 24 -12.411 -28.474 -0.75 -12.411 -28.474 0.75 
2 24 -6.486 -15.689 4 -3.899 -11.211 0.884 
2 24 -3.502 -11.864 1.912 -3.899 -11.211 0.884 
2 24 -1.912 -12.27 3.502 -3.502 -11.864 1.912 
2 24 0 -11.48 4 -1.912 -12.27 3.502 
2 24 -8.717 -32.002 -0.75 -8.717 -32.002 0.75 
2 24 -4.148 -32.002 -0.75 -4.148 -32.002 0.75 
2 24 0 -29.75 -0.75 0 -29.75 0.75 
2 24 0 0 4 -2 0 3.464 
2 24 -2 0 3.464 -3.464 0 2 
2 24 -3.464 0 2 -4 0 0 
2 24 -4 0 0 -3.464 0 -2 
2 24 -3.464 0 -2 -2 0 -3.464 
2 24 -2 0 -3.464 0 0 -4 
2 24 0 -27.734 -4 4.148 -32.002 -0.75 
2 24 4.148 -32.002 -0.75 0 -29.75 -0.75 
2 24 0 -29.75 0.75 4.148 -32.002 0.75 
2 24 4.148 -32.002 0.75 0 -27.734 4 
2 24 7.308 -29.421 4 0 -27.734 4 
2 24 7.308 -29.421 4 0 -21.186 5.825 
2 24 4.148 -32.002 0.75 8.717 -32.002 0.75 
2 24 8.717 -32.002 0.75 7.308 -29.421 4 
2 24 0 -27.734 -4 7.308 -29.421 -4 
2 24 7.308 -29.421 -4 8.717 -32.002 -0.75 
2 24 8.717 -32.002 -0.75 4.148 -32.002 -0.75 
2 24 7.308 -29.421 -4 12.411 -28.474 -0.75 
2 24 12.411 -28.474 -0.75 8.717 -32.002 -0.75 
2 24 8.717 -32.002 0.75 12.411 -28.474 0.75 
2 24 12.411 -28.474 0.75 7.308 -29.421 4 
2 24 12.411 -28.474 0.75 10.486 -22.904 4 
2 24 10.486 -22.904 4 7.308 -29.421 4 
2 24 10.486 -22.904 4 0 -21.186 5.825 
2 24 10.486 -22.904 4 6.486 -15.689 4 
2 24 6.486 -15.689 4 0 -21.186 5.825 
2 24 6.486 -15.689 4 0 -11.48 4 
2 24 10.486 -22.904 4 11.176 -18.693 0.75 
2 24 11.176 -18.693 0.75 6.486 -15.689 4 
2 24 11.176 -18.693 0.75 8.418 -14.639 0.75 
2 24 8.418 -14.639 0.75 6.486 -15.689 4 
2 24 12.411 -28.474 0.75 13.135 -23.462 0.75 
2 24 13.135 -23.462 0.75 10.486 -22.904 4 
2 24 13.135 -23.462 0.75 11.176 -18.693 0.75 
2 24 7.308 -29.421 -4 10.486 -22.904 -4 
2 24 10.486 -22.904 -4 12.411 -28.474 -0.75 
2 24 10.486 -22.904 -4 13.135 -23.462 -0.75 
2 24 13.135 -23.462 -0.75 12.411 -28.474 -0.75 
2 24 10.486 -22.904 -4 11.176 -18.693 -0.75 
2 24 11.176 -18.693 -0.75 13.135 -23.462 -0.75 
2 24 10.486 -22.904 -4 6.486 -15.689 -4 
2 24 6.486 -15.689 -4 11.176 -18.693 -0.75 
2 24 6.486 -15.689 -4 8.418 -14.639 -0.75 
2 24 8.418 -14.639 -0.75 11.176 -18.693 -0.75 
2 24 7.308 -29.421 -4 2.119 -26.654 -5.157 
2 24 2.119 -26.654 -5.157 4.76 -26.49 -5.154 
2 24 4.76 -26.49 -5.154 7.308 -29.421 -4 
2 24 4.76 -26.49 -5.154 6.474 -24.881 -5.126 
2 24 6.474 -24.881 -5.126 7.308 -29.421 -4 
2 24 2.119 -26.654 -5.157 0 -27.734 -4 
2 24 0 -25.697 -5.14 2.119 -26.654 -5.157 
2 24 6.474 -24.881 -5.126 6.455 -20.53 -5.05 
2 24 6.455 -20.53 -5.05 10.486 -22.904 -4 
2 24 10.486 -22.904 -4 6.474 -24.881 -5.126 
2 24 6.455 -20.53 -5.05 4.426 -16.634 -4.982 
2 24 4.426 -16.634 -4.982 6.486 -15.689 -4 
2 24 6.486 -15.689 -4 6.455 -20.53 -5.05 
2 24 4.426 -16.634 -4.982 2.583 -15.097 -4.955 
2 24 2.583 -15.097 -4.955 6.486 -15.689 -4 
2 24 2.583 -15.097 -4.955 0 -13.669 -4.93 
2 24 0 -11.48 -4 2.583 -15.097 -4.955 
2 24 0 -11.48 -4 6.486 -15.689 -4 
2 24 0 -11.48 -4 1.912 -12.27 -3.502 
2 24 1.912 -12.27 -3.502 3.502 -11.864 -1.912 
2 24 3.502 -11.864 -1.912 3.899 -11.211 -0.884 
2 24 3.899 -11.211 -0.884 6.486 -15.689 -4 
2 24 3.899 -11.211 -0.884 8.418 -14.639 -0.75 
2 24 8.418 -14.639 0.75 8.418 -14.639 -0.75 
2 24 3.899 -11.211 0.884 8.418 -14.639 0.75 
2 24 3.899 -11.211 -0.884 3.899 -11.211 0.884 
2 24 11.176 -18.693 0.75 11.176 -18.693 -0.75 
2 24 13.135 -23.462 0.75 13.135 -23.462 -0.75 
2 24 12.411 -28.474 0.75 12.411 -28.474 -0.75 
2 24 3.899 -11.211 0.884 6.486 -15.689 4 
2 24 3.899 -11.211 0.884 3.502 -11.864 1.912 
2 24 3.502 -11.864 1.912 1.912 -12.27 3.502 
2 24 1.912 -12.27 3.502 0 -11.48 4 
2 24 8.717 -32.002 0.75 8.717 -32.002 -0.75 
2 24 4.148 -32.002 0.75 4.148 -32.002 -0.75 
2 24 2 0 3.464 0 0 4 
2 24 3.464 0 2 2 0 3.464 
2 24 4 0 0 3.464 0 2 
2 24 3.464 0 -2 4 0 0 
2 24 2 0 -3.464 3.464 0 -2 
2 24 0 0 -4 2 0 -3.464 

