0 Sticker 1.1 x 1.9 with Blue Restaurant Icon
0 Name: 164565d.dat
0 Author: Zoltan Keri [kzoltan82]
0 !LDRAW_ORG Unofficial_Part
0 !LICENSE Redistributable under CCAL version 2.0 : see CAreadme.txt

0 !KEYWORDS Train, Set 4558, Set 10001, Metroliner

0 BFC CERTIFY CW

1 16 0 -0.25 0 19 0 0 0 0.25 0 0 0 11 box5-12.dat

3 16 -0.69 -0.25 7.172 -1.798 -0.25 7.172 0 -0.25 11
3 16 3.257 -0.25 -8.012 19 -0.25 -11 2.979 -0.25 -8.199
3 16 -3.197 -0.25 -7.478 -4.034 -0.25 2.425 -3.197 -0.25 0.957
3 16 1.472 -0.25 -7.393 -1.448 -0.25 -7.478 -1.448 -0.25 -6.555
3 16 -3.197 -0.25 0.957 -4.034 -0.25 2.425 -3.352 -0.25 1.441
3 16 1.472 -0.25 -7.393 1.541 -0.25 -7.734 -1.448 -0.25 -7.478
3 16 -3.197 -0.25 -7.478 -19 -0.25 -11 -4.034 -0.25 2.425
3 16 -1.448 -0.25 -7.478 1.541 -0.25 -7.734 -1.519 -0.25 -7.807
3 16 -3.606 -0.25 6.87 -3.139 -0.25 6.87 -3.606 -0.25 4.45
3 16 -1.519 -0.25 -7.807 1.541 -0.25 -7.734 0 -0.25 -11
3 16 -3.606 -0.25 4.45 -3.139 -0.25 6.87 -3.139 -0.25 4.45
3 16 -1.519 -0.25 -7.807 0 -0.25 -11 -1.711 -0.25 -8.068
3 16 -3.897 -0.25 7.172 -3.139 -0.25 6.87 -3.606 -0.25 6.87
3 16 -1.711 -0.25 -8.068 0 -0.25 -11 -1.992 -0.25 -8.239
3 16 -3.897 -0.25 7.172 -2.848 -0.25 7.172 -3.139 -0.25 6.87
3 16 0 -0.25 -11 -2.331 -0.25 -8.3 -1.992 -0.25 -8.239
3 16 -2.556 -0.25 6.87 -2.09 -0.25 4.45 -2.556 -0.25 4.45
3 16 0 -0.25 -11 -2.686 -0.25 -8.239 -2.331 -0.25 -8.3
3 16 -2.556 -0.25 6.87 -2.09 -0.25 6.87 -2.09 -0.25 4.45
3 16 0 -0.25 -11 -2.954 -0.25 -8.068 -2.686 -0.25 -8.239
3 16 -2.848 -0.25 7.172 -2.09 -0.25 6.87 -2.556 -0.25 6.87
3 16 -19 -0.25 -11 -2.954 -0.25 -8.068 0 -0.25 -11
3 16 -2.848 -0.25 7.172 -1.798 -0.25 7.172 -2.09 -0.25 6.87
3 16 -19 -0.25 -11 -3.133 -0.25 -7.807 -2.954 -0.25 -8.068
3 16 -1.507 -0.25 6.87 -0.982 -0.25 4.45 -1.507 -0.25 4.45
3 16 -19 -0.25 -11 -3.197 -0.25 -7.478 -3.133 -0.25 -7.807
3 16 -1.507 -0.25 6.87 -0.982 -0.25 6.87 -0.982 -0.25 4.45
3 16 -19 -0.25 -11 -19 -0.25 11 -4.034 -0.25 2.425
3 16 -1.798 -0.25 7.172 -0.982 -0.25 6.87 -1.507 -0.25 6.87
3 16 -4.034 -0.25 2.425 -19 -0.25 11 -4.189 -0.25 3.075
3 16 -1.798 -0.25 7.172 -0.69 -0.25 7.172 -0.982 -0.25 6.87
3 16 -19 -0.25 11 -4.189 -0.25 6.87 -4.189 -0.25 3.075
3 16 -0.399 -0.25 6.87 0.719 -0.25 6.29 -0.399 -0.25 5.5
3 16 -19 -0.25 11 -3.897 -0.25 7.172 -4.189 -0.25 6.87
3 16 -0.399 -0.25 5.5 0.605 -0.25 5.722 0.605 -0.25 5.5
3 16 -19 -0.25 11 0 -0.25 11 -3.897 -0.25 7.172
3 16 -0.399 -0.25 5.5 0.719 -0.25 6.29 0.605 -0.25 5.722
3 16 -3.897 -0.25 7.172 0 -0.25 11 -2.848 -0.25 7.172
3 16 -0.69 -0.25 7.172 0 -0.25 11 -0.399 -0.25 6.87
3 16 -2.848 -0.25 7.172 0 -0.25 11 -1.798 -0.25 7.172
3 16 -0.399 -0.25 6.87 0 -0.25 11 0.719 -0.25 6.29
3 16 0.605 -0.25 -1.255 -0.399 -0.25 3.075 0.605 -0.25 5.5
3 16 0 -0.25 11 1.031 -0.25 6.753 0.719 -0.25 6.29
3 16 0.605 -0.25 5.5 -0.399 -0.25 3.075 -0.399 -0.25 5.5
3 16 0 -0.25 11 1.494 -0.25 7.065 1.031 -0.25 6.753
3 16 0.605 -0.25 -1.255 -0.563 -0.25 2.424 -0.399 -0.25 3.075
3 16 0 -0.25 11 2.063 -0.25 7.179 1.494 -0.25 7.065
3 16 0.605 -0.25 -1.255 -1.284 -0.25 1.444 -0.563 -0.25 2.424
3 16 0 -0.25 11 2.631 -0.25 7.065 2.063 -0.25 7.179
3 16 0.605 -0.25 -1.255 -1.448 -0.25 0.957 -1.284 -0.25 1.444
3 16 0 -0.25 11 3.094 -0.25 6.753 2.631 -0.25 7.065
3 16 0.605 -0.25 -1.255 -1.448 -0.25 -6.555 -1.448 -0.25 0.957
3 16 19 -0.25 11 3.094 -0.25 6.753 0 -0.25 11
3 16 0.605 -0.25 -1.255 1.472 -0.25 -1.718 -1.448 -0.25 -6.555
3 16 19 -0.25 11 3.406 -0.25 6.29 3.094 -0.25 6.753
3 16 -1.448 -0.25 -6.555 1.472 -0.25 -1.718 1.472 -0.25 -7.393
3 16 19 -0.25 11 3.52 -0.25 5.722 3.406 -0.25 6.29
3 16 3.52 -0.25 -1.255 1.472 -0.25 -1.718 0.605 -0.25 -1.255
3 16 19 -0.25 11 3.52 -0.25 -1.255 3.52 -0.25 5.722
3 16 1.728 -0.25 -8.012 0 -0.25 -11 1.541 -0.25 -7.734
3 16 19 -0.25 -11 3.52 -0.25 -1.255 19 -0.25 11
3 16 2.006 -0.25 -8.199 0 -0.25 -11 1.728 -0.25 -8.012
3 16 3.52 -0.25 -1.255 3.513 -0.25 -1.718 1.472 -0.25 -1.718
3 16 2.347 -0.25 -8.268 0 -0.25 -11 2.006 -0.25 -8.199
3 16 19 -0.25 -11 3.513 -0.25 -1.718 3.52 -0.25 -1.255
3 16 2.347 -0.25 -8.268 2.638 -0.25 -8.268 0 -0.25 -11
3 16 19 -0.25 -11 3.513 -0.25 -7.393 3.513 -0.25 -1.718
3 16 2.638 -0.25 -8.268 2.979 -0.25 -8.199 0 -0.25 -11
3 16 19 -0.25 -11 3.444 -0.25 -7.734 3.513 -0.25 -7.393
3 16 2.979 -0.25 -8.199 19 -0.25 -11 0 -0.25 -11
3 16 19 -0.25 -11 3.257 -0.25 -8.012 3.444 -0.25 -7.734
3 1 2.063 -0.25 7.179 3.52 -0.25 5.722 0.605 -0.25 5.722
3 1 2.347 -0.25 -8.268 1.472 -0.25 -7.393 3.513 -0.25 -7.393
3 1 -4.189 -0.25 3.075 -2.556 -0.25 4.45 -4.034 -0.25 2.425
3 1 3.52 -0.25 -1.255 0.605 -0.25 -1.255 3.52 -0.25 5.722
3 1 3.406 -0.25 6.29 3.52 -0.25 5.722 3.094 -0.25 6.753
3 1 2.631 -0.25 7.065 3.094 -0.25 6.753 2.063 -0.25 7.179
3 1 1.494 -0.25 7.065 2.063 -0.25 7.179 1.031 -0.25 6.753
3 1 0.719 -0.25 6.29 1.031 -0.25 6.753 0.605 -0.25 5.722
3 1 0.605 -0.25 -1.255 0.605 -0.25 5.722 3.52 -0.25 5.722
3 1 3.094 -0.25 6.753 3.52 -0.25 5.722 2.063 -0.25 7.179
3 1 1.031 -0.25 6.753 2.063 -0.25 7.179 0.605 -0.25 5.722
3 1 3.513 -0.25 -1.718 1.472 -0.25 -7.393 1.472 -0.25 -1.718
3 1 1.472 -0.25 -7.393 1.728 -0.25 -8.012 1.541 -0.25 -7.734
3 1 1.728 -0.25 -8.012 2.347 -0.25 -8.268 2.006 -0.25 -8.199
3 1 2.347 -0.25 -8.268 3.513 -0.25 -7.393 2.638 -0.25 -8.268
3 1 2.979 -0.25 -8.199 2.638 -0.25 -8.268 3.257 -0.25 -8.012
3 1 3.444 -0.25 -7.734 3.257 -0.25 -8.012 3.513 -0.25 -7.393
3 1 3.513 -0.25 -1.718 3.513 -0.25 -7.393 1.472 -0.25 -7.393
3 1 1.728 -0.25 -8.012 1.472 -0.25 -7.393 2.347 -0.25 -8.268
3 1 3.257 -0.25 -8.012 2.638 -0.25 -8.268 3.513 -0.25 -7.393
3 1 -3.197 -0.25 0.957 -1.448 -0.25 0.957 -3.197 -0.25 -7.478
3 1 -3.133 -0.25 -7.807 -2.686 -0.25 -8.239 -2.954 -0.25 -8.068
3 1 -2.686 -0.25 -8.239 -3.133 -0.25 -7.807 -3.197 -0.25 -7.478
3 1 -1.992 -0.25 -8.239 -1.448 -0.25 -7.478 -1.711 -0.25 -8.068
3 1 -1.519 -0.25 -7.807 -1.711 -0.25 -8.068 -1.448 -0.25 -7.478
3 1 -1.284 -0.25 1.444 -2.09 -0.25 4.45 -0.563 -0.25 2.424
3 1 -1.448 -0.25 -7.478 -2.331 -0.25 -8.3 -3.197 -0.25 -7.478
3 1 -0.563 -0.25 2.424 -1.507 -0.25 4.45 -0.399 -0.25 3.075
3 1 -2.331 -0.25 -8.3 -2.686 -0.25 -8.239 -3.197 -0.25 -7.478
3 1 -1.448 -0.25 0.957 -3.352 -0.25 1.441 -1.284 -0.25 1.444
3 1 -0.399 -0.25 6.87 -0.982 -0.25 6.87 -0.69 -0.25 7.172
3 1 -1.507 -0.25 4.45 -2.09 -0.25 6.87 -1.507 -0.25 6.87
3 1 -0.399 -0.25 6.87 -0.982 -0.25 4.45 -0.982 -0.25 6.87
3 1 -1.507 -0.25 6.87 -2.09 -0.25 6.87 -1.798 -0.25 7.172
3 1 -0.399 -0.25 3.075 -0.982 -0.25 4.45 -0.399 -0.25 6.87
3 1 -1.507 -0.25 4.45 -2.09 -0.25 4.45 -2.09 -0.25 6.87
3 1 -0.399 -0.25 3.075 -1.507 -0.25 4.45 -0.982 -0.25 4.45
3 1 -1.992 -0.25 -8.239 -2.331 -0.25 -8.3 -1.448 -0.25 -7.478
3 1 -4.189 -0.25 3.075 -3.139 -0.25 4.45 -2.556 -0.25 4.45
3 1 -3.197 -0.25 -7.478 -1.448 -0.25 0.957 -1.448 -0.25 -7.478
3 1 -4.189 -0.25 6.87 -3.606 -0.25 4.45 -4.189 -0.25 3.075
3 1 -3.352 -0.25 1.441 -1.448 -0.25 0.957 -3.197 -0.25 0.957
3 1 -0.563 -0.25 2.424 -2.09 -0.25 4.45 -1.507 -0.25 4.45
3 1 -2.556 -0.25 4.45 -3.139 -0.25 6.87 -2.556 -0.25 6.87
3 1 -1.284 -0.25 1.444 -3.352 -0.25 1.441 -2.09 -0.25 4.45
3 1 -3.897 -0.25 7.172 -3.606 -0.25 6.87 -4.189 -0.25 6.87
3 1 -3.352 -0.25 1.441 -2.556 -0.25 4.45 -2.09 -0.25 4.45
3 1 -2.556 -0.25 6.87 -3.139 -0.25 6.87 -2.848 -0.25 7.172
3 1 -3.606 -0.25 4.45 -4.189 -0.25 6.87 -3.606 -0.25 6.87
3 1 -2.556 -0.25 4.45 -3.139 -0.25 4.45 -3.139 -0.25 6.87
3 1 -3.606 -0.25 4.45 -3.139 -0.25 4.45 -4.189 -0.25 3.075
3 1 -3.352 -0.25 1.441 -4.034 -0.25 2.425 -2.556 -0.25 4.45
0
