0 GLAS FOR TRAINFRONT 2X6X2 (Needs Work)
0 Name: 17457.dat
0 Author: <AuthorRealName> [<AuthorLDrawName>]
0 !LDRAW_ORG Unofficial_Part
0 !LICENSE Redistributable under CCAL version 2.0 : see CAreadme.txt

0 BFC CERTIFY CCW

0 !HISTORY 2014-10-16 {LEGO Digital Designer} Original part shape
0 !HISTORY 2014-10-16 [<AuthorLDrawName>] File preparation for LDraw Parts Tracker

0 // Needs Work: Clean necessary

0 // Outside
3 16 -3.5 -44.25 30 -3.5 -44.25 12.303 -3.5 -8 30 
3 16 -3.5 -8 30 -3.5 -44.25 12.303 -3.5 -8 12.303 
3 16 8.801 -8 -6.5 8.801 -8 -3.533 12.303 -8 -3.5 
3 16 12.303 -8 -3.5 8.801 -8 -3.533 -3.5 -8 12.303 
3 16 -6.419 -8 11.382 -3.5 -8 12.303 8.801 -8 -3.533 
3 16 -6.419 -8 11.382 -6.5 -8 30 -3.5 -8 12.303 
3 16 -3.5 -8 12.303 -6.5 -8 30 -3.5 -8 30 
3 16 12.303 -44.25 -3.5 8.801 -44.25 -3.533 8.801 -44.25 -6.5 
3 16 12.303 -44.25 -3.5 -3.5 -44.25 12.303 8.801 -44.25 -3.533 
3 16 8.801 -44.25 -3.533 -3.5 -44.25 12.303 -6.577 -44.25 11.979 
3 16 -6.577 -44.25 11.979 -3.5 -44.25 12.303 -6.5 -44.25 30 
3 16 -3.5 -44.25 30 -6.5 -44.25 30 -3.5 -44.25 12.303 
3 16 44.218 -11.498 -3.5 44.218 -11.498 -5.25 44.218 -40.752 -3.5 
3 16 44.218 -40.752 -3.5 44.218 -11.498 -5.25 44.218 -40.752 -5.25 
3 16 14.38 -40.752 -3.5 44.218 -40.752 -3.5 14.38 -40.752 -5.25 
3 16 14.38 -40.752 -5.25 44.218 -40.752 -3.5 44.218 -40.752 -5.25 
3 16 44.218 -11.498 -5.25 14.38 -11.498 -5.25 44.218 -40.752 -5.25 
3 16 44.218 -40.752 -5.25 14.38 -11.498 -5.25 14.38 -40.752 -5.25 
3 16 14.38 -11.498 -5.25 14.38 -11.498 -3.5 14.38 -40.752 -5.25 
3 16 14.38 -40.752 -5.25 14.38 -11.498 -3.5 14.38 -40.752 -3.5 
3 16 44.218 -11.498 -3.5 14.38 -11.498 -3.5 44.218 -11.498 -5.25 
3 16 44.218 -11.498 -5.25 14.38 -11.498 -3.5 14.38 -11.498 -5.25 
3 16 -6.577 -44.25 11.979 -6.5 -44.25 30 -6.419 -8 11.382 
3 16 -6.419 -8 11.382 -6.5 -44.25 30 -6.5 -8 30 
3 16 12.303 -8 -3.5 -3.5 -8 12.303 12.303 -44.25 -3.5 
3 16 12.303 -44.25 -3.5 -3.5 -8 12.303 -3.5 -44.25 12.303 
3 16 8.801 -44.25 -6.5 8.801 -44.25 -3.533 8.801 -8 -6.5 
3 16 8.801 -8 -6.5 8.801 -44.25 -3.533 8.801 -8 -3.533 
3 16 -6.419 -8 11.382 8.801 -8 -3.533 -6.577 -44.25 11.979 
3 16 -6.577 -44.25 11.979 8.801 -8 -3.533 8.801 -44.25 -3.533 
3 16 -6.5 -44.25 30 -3.5 -44.25 30 -6.5 -8 30 
3 16 -6.5 -8 30 -3.5 -44.25 30 -3.5 -8 30 
3 16 12.303 -8 -3.5 14.38 -11.498 -3.5 44.218 -11.498 -3.5 
3 16 12.303 -44.25 -3.5 14.38 -40.752 -3.5 12.303 -8 -3.5 
3 16 12.303 -8 -3.5 14.38 -40.752 -3.5 14.38 -11.498 -3.5 
3 16 12.303 -8 -3.5 44.218 -11.498 -3.5 87.697 -8 -3.5 
3 16 87.697 -8 -3.5 44.218 -11.498 -3.5 55.782 -11.498 -3.5 
3 16 14.38 -40.752 -3.5 12.303 -44.25 -3.5 44.218 -40.752 -3.5 
3 16 55.782 -40.752 -3.5 44.218 -40.752 -3.5 12.303 -44.25 -3.5 
3 16 44.218 -11.498 -3.5 44.218 -40.752 -3.5 55.782 -11.498 -3.5 
3 16 55.782 -11.498 -3.5 44.218 -40.752 -3.5 55.782 -40.752 -3.5 
3 16 55.782 -40.752 -3.5 12.303 -44.25 -3.5 87.697 -44.25 -3.5 
3 16 87.697 -44.25 -3.5 85.62 -40.752 -3.5 55.782 -40.752 -3.5 
3 16 103.5 -44.25 30 103.5 -8 30 103.5 -44.25 12.303 
3 16 103.5 -8 30 103.5 -8 12.303 103.5 -44.25 12.303 
3 16 8.801 -8 -6.5 12.303 -8 -3.5 91.199 -8 -6.5 
3 16 91.199 -8 -6.5 12.303 -8 -3.5 87.697 -8 -3.5 
3 16 91.199 -8 -6.5 87.697 -8 -3.5 91.199 -8 -3.533 
3 16 87.697 -8 -3.5 103.5 -8 12.303 91.199 -8 -3.533 
3 16 106.419 -8 11.382 91.199 -8 -3.533 103.5 -8 12.303 
3 16 106.419 -8 11.382 103.5 -8 12.303 106.5 -8 30 
3 16 103.5 -8 12.303 103.5 -8 30 106.5 -8 30 
3 16 12.303 -44.25 -3.5 8.801 -44.25 -6.5 87.697 -44.25 -3.5 
3 16 8.801 -44.25 -6.5 91.199 -44.25 -6.5 87.697 -44.25 -3.5 
3 16 87.697 -44.25 -3.5 91.199 -44.25 -6.5 91.199 -44.25 -3.533 
3 16 87.697 -44.25 -3.5 91.199 -44.25 -3.533 103.5 -44.25 12.303 
3 16 91.199 -44.25 -3.533 106.577 -44.25 11.979 103.5 -44.25 12.303 
3 16 106.577 -44.25 11.979 106.5 -44.25 30 103.5 -44.25 12.303 
3 16 103.5 -44.25 30 103.5 -44.25 12.303 106.5 -44.25 30 
3 16 8.801 -44.25 -6.5 8.801 -8 -6.5 91.199 -44.25 -6.5 
3 16 8.801 -8 -6.5 91.199 -8 -6.5 91.199 -44.25 -6.5 
3 16 55.782 -11.498 -3.5 55.782 -40.752 -3.5 55.782 -11.498 -5.25 
3 16 55.782 -40.752 -3.5 55.782 -40.752 -5.25 55.782 -11.498 -5.25 
3 16 85.62 -40.752 -3.5 85.62 -40.752 -5.25 55.782 -40.752 -3.5 
3 16 85.62 -40.752 -5.25 55.782 -40.752 -5.25 55.782 -40.752 -3.5 
3 16 55.782 -11.498 -5.25 55.782 -40.752 -5.25 85.62 -11.498 -5.25 
3 16 55.782 -40.752 -5.25 85.62 -40.752 -5.25 85.62 -11.498 -5.25 
3 16 85.62 -11.498 -5.25 85.62 -40.752 -5.25 85.62 -11.498 -3.5 
3 16 85.62 -40.752 -5.25 85.62 -40.752 -3.5 85.62 -11.498 -3.5 
3 16 55.782 -11.498 -3.5 55.782 -11.498 -5.25 85.62 -11.498 -3.5 
3 16 55.782 -11.498 -5.25 85.62 -11.498 -5.25 85.62 -11.498 -3.5 
3 16 106.577 -44.25 11.979 106.419 -8 11.382 106.5 -44.25 30 
3 16 106.419 -8 11.382 106.5 -8 30 106.5 -44.25 30 
3 16 87.697 -8 -3.5 87.697 -44.25 -3.5 103.5 -8 12.303 
3 16 87.697 -44.25 -3.5 103.5 -44.25 12.303 103.5 -8 12.303 
3 16 91.199 -44.25 -6.5 91.199 -8 -6.5 91.199 -44.25 -3.533 
3 16 91.199 -8 -6.5 91.199 -8 -3.533 91.199 -44.25 -3.533 
3 16 106.419 -8 11.382 106.577 -44.25 11.979 91.199 -8 -3.533 
3 16 106.577 -44.25 11.979 91.199 -44.25 -3.533 91.199 -8 -3.533 
3 16 106.5 -44.25 30 106.5 -8 30 103.5 -44.25 30 
3 16 106.5 -8 30 103.5 -8 30 103.5 -44.25 30 
3 16 87.697 -8 -3.5 55.782 -11.498 -3.5 85.62 -11.498 -3.5 
3 16 87.697 -44.25 -3.5 87.697 -8 -3.5 85.62 -40.752 -3.5 
3 16 87.697 -8 -3.5 85.62 -11.498 -3.5 85.62 -40.752 -3.5 
3 16 98.75 -8 0.836 98.75 -8 4.018 108.375 -8 10.461 
3 16 98.75 -8 4.018 106.419 -8 11.382 108.375 -8 10.461 
3 16 108.375 -8 10.461 106.419 -8 11.382 108.375 -8 18.75 
3 16 106.419 -8 11.382 106.5 -8 18.75 108.375 -8 18.75 
3 16 98.752 -44.25 0.839 108.375 -44.25 10.461 98.75 -44.25 4.018 
3 16 98.75 -44.25 4.018 108.375 -44.25 10.461 106.577 -44.25 11.979 
3 16 108.375 -44.25 10.461 108.375 -44.25 18.75 106.577 -44.25 11.979 
3 16 108.375 -44.25 18.75 106.5 -44.25 18.75 106.577 -44.25 11.979 
3 16 108.375 -44.25 10.461 108.375 -8 10.461 108.375 -44.25 18.75 
3 16 108.375 -8 10.461 108.375 -8 18.75 108.375 -44.25 18.75 
3 16 108.375 -42.375 21.998 108.375 -43.748 20.625 108.375 -40.5 22.5 
3 16 108.375 -44.25 18.75 108.375 -40.5 22.5 108.375 -43.748 20.625 
3 16 108.375 -40.5 22.5 108.375 -44.25 18.75 108.375 -8 18.75 
3 16 108.375 -40.5 22.5 108.375 -8 18.75 108.375 -11.75 22.5 
3 16 108.375 -11.75 22.5 108.375 -8 18.75 108.375 -8.502 20.625 
3 16 108.375 -8.502 20.625 108.375 -9.875 21.998 108.375 -11.75 22.5 
3 16 108.375 -8.502 20.625 108.375 -8 18.75 106.5 -8.502 20.625 
3 16 108.375 -8 18.75 106.5 -8 18.75 106.5 -8.502 20.625 
3 16 108.375 -9.875 21.998 108.375 -8.502 20.625 106.5 -9.875 21.998 
3 16 108.375 -8.502 20.625 106.5 -8.502 20.625 106.5 -9.875 21.998 
3 16 108.375 -11.75 22.5 108.375 -9.875 21.998 106.5 -11.75 22.5 
3 16 108.375 -9.875 21.998 106.5 -9.875 21.998 106.5 -11.75 22.5 
3 16 108.375 -40.5 22.5 108.375 -11.75 22.5 106.5 -40.5 22.5 
3 16 108.375 -11.75 22.5 106.5 -11.75 22.5 106.5 -40.5 22.5 
3 16 108.375 -42.375 21.998 108.375 -40.5 22.5 106.5 -42.375 21.998 
3 16 108.375 -40.5 22.5 106.5 -40.5 22.5 106.5 -42.375 21.998 
3 16 108.375 -43.748 20.625 108.375 -42.375 21.998 106.5 -43.748 20.625 
3 16 108.375 -42.375 21.998 106.5 -42.375 21.998 106.5 -43.748 20.625 
3 16 108.375 -44.25 18.75 108.375 -43.748 20.625 106.5 -44.25 18.75 
3 16 108.375 -43.748 20.625 106.5 -43.748 20.625 106.5 -44.25 18.75 
3 16 108.375 -8 10.461 108.375 -44.25 10.461 98.75 -8 0.836 
3 16 108.375 -44.25 10.461 98.752 -44.25 0.839 98.75 -8 0.836 
3 16 96.875 -8.502 -1.039 98.75 -8 0.836 95 -11.75 -2.914 
3 16 95.502 -9.875 -2.412 96.875 -8.502 -1.039 95 -11.75 -2.914 
3 16 98.752 -44.25 0.839 95 -11.75 -2.914 98.75 -8 0.836 
3 16 95 -11.75 -2.914 98.752 -44.25 0.839 95 -40.5 -2.914 
3 16 95 -40.5 -2.914 98.752 -44.25 0.839 96.897 -43.76 -1.017 
3 16 96.897 -43.76 -1.017 95.509 -42.386 -2.405 95 -40.5 -2.914 
3 16 96.897 -43.76 -1.017 98.752 -44.25 0.839 96.897 -43.76 2.165 
3 16 98.752 -44.25 0.839 98.75 -44.25 4.018 96.897 -43.76 2.165 
3 16 95.509 -42.386 -2.405 96.897 -43.76 -1.017 95.509 -42.386 0.777 
3 16 96.897 -43.76 -1.017 96.897 -43.76 2.165 95.509 -42.386 0.777 
3 16 95 -40.5 -2.914 95.509 -42.386 -2.405 95 -40.5 0.268 
3 16 95.509 -42.386 -2.405 95.509 -42.386 0.777 95 -40.5 0.268 
3 16 95 -11.75 -2.914 95 -40.5 -2.914 95 -11.75 0.268 
3 16 95 -40.5 -2.914 95 -40.5 0.268 95 -11.75 0.268 
3 16 95 -11.75 -2.914 95 -11.75 0.268 95.502 -9.875 -2.412 
3 16 95.502 -9.875 -2.412 95 -11.75 0.268 95.502 -9.875 0.77 
3 16 95.502 -9.875 -2.412 95.502 -9.875 0.77 96.875 -8.502 -1.039 
3 16 96.875 -8.502 -1.039 95.502 -9.875 0.77 96.875 -8.502 2.143 
3 16 96.875 -8.502 -1.039 96.875 -8.502 2.143 98.75 -8 0.836 
3 16 98.75 -8 0.836 96.875 -8.502 2.143 98.75 -8 4.018 
3 16 57.75 -8 -6.5 84.75 -8 -6.5 57.75 -8 -8.375 
3 16 84.75 -8 -6.5 84.75 -8 -8.375 57.75 -8 -8.375 
3 16 57.75 -44.25 -8.375 84.75 -44.25 -8.375 57.75 -44.25 -6.5 
3 16 84.75 -44.25 -8.375 84.75 -44.25 -6.5 57.75 -44.25 -6.5 
3 16 54.502 -9.875 -8.375 54 -11.75 -8.375 54.502 -9.875 -6.5 
3 16 54 -11.75 -8.375 54 -11.75 -6.5 54.502 -9.875 -6.5 
3 16 55.875 -8.502 -8.375 54.502 -9.875 -8.375 55.875 -8.502 -6.5 
3 16 54.502 -9.875 -8.375 54.502 -9.875 -6.5 55.875 -8.502 -6.5 
3 16 57.75 -8 -8.375 55.875 -8.502 -8.375 57.75 -8 -6.5 
3 16 55.875 -8.502 -8.375 55.875 -8.502 -6.5 57.75 -8 -6.5 
3 16 54 -40.5 -6.5 54 -11.75 -6.5 54 -40.5 -8.375 
3 16 54 -11.75 -6.5 54 -11.75 -8.375 54 -40.5 -8.375 
3 16 54.502 -42.375 -6.5 54 -40.5 -6.5 54.502 -42.375 -8.375 
3 16 54 -40.5 -6.5 54 -40.5 -8.375 54.502 -42.375 -8.375 
3 16 55.875 -43.748 -6.5 54.502 -42.375 -6.5 55.875 -43.748 -8.375 
3 16 54.502 -42.375 -6.5 54.502 -42.375 -8.375 55.875 -43.748 -8.375 
3 16 57.75 -44.25 -6.5 55.875 -43.748 -6.5 57.75 -44.25 -8.375 
3 16 55.875 -43.748 -6.5 55.875 -43.748 -8.375 57.75 -44.25 -8.375 
3 16 86.625 -43.748 -6.5 84.75 -44.25 -6.5 86.625 -43.748 -8.375 
3 16 84.75 -44.25 -6.5 84.75 -44.25 -8.375 86.625 -43.748 -8.375 
3 16 87.998 -42.375 -6.5 86.625 -43.748 -6.5 87.998 -42.375 -8.375 
3 16 86.625 -43.748 -6.5 86.625 -43.748 -8.375 87.998 -42.375 -8.375 
3 16 88.5 -40.5 -6.5 87.998 -42.375 -6.5 88.5 -40.5 -8.375 
3 16 87.998 -42.375 -6.5 87.998 -42.375 -8.375 88.5 -40.5 -8.375 
3 16 87.998 -42.375 -8.375 86.625 -43.748 -8.375 88.5 -40.5 -8.375 
3 16 86.625 -43.748 -8.375 84.75 -44.25 -8.375 88.5 -40.5 -8.375 
3 16 88.5 -40.5 -8.375 54 -11.75 -8.375 88.5 -11.75 -8.375 
3 16 54 -40.5 -8.375 88.5 -40.5 -8.375 84.75 -44.25 -8.375 
3 16 57.75 -44.25 -8.375 54 -40.5 -8.375 84.75 -44.25 -8.375 
3 16 54 -40.5 -8.375 57.75 -44.25 -8.375 55.875 -43.748 -8.375 
3 16 55.875 -43.748 -8.375 54.502 -42.375 -8.375 54 -40.5 -8.375 
3 16 87.998 -9.875 -8.375 88.5 -11.75 -8.375 86.625 -8.502 -8.375 
3 16 84.75 -8 -8.375 86.625 -8.502 -8.375 88.5 -11.75 -8.375 
3 16 57.75 -8 -8.375 84.75 -8 -8.375 88.5 -11.75 -8.375 
3 16 54.502 -9.875 -8.375 55.875 -8.502 -8.375 54 -11.75 -8.375 
3 16 55.875 -8.502 -8.375 57.75 -8 -8.375 54 -11.75 -8.375 
3 16 88.5 -40.5 -8.375 54 -40.5 -8.375 54 -11.75 -8.375 
3 16 57.75 -8 -8.375 88.5 -11.75 -8.375 54 -11.75 -8.375 
3 16 88.5 -11.75 -6.5 88.5 -40.5 -6.5 88.5 -11.75 -8.375 
3 16 88.5 -40.5 -6.5 88.5 -40.5 -8.375 88.5 -11.75 -8.375 
3 16 87.998 -9.875 -6.5 88.5 -11.75 -6.5 87.998 -9.875 -8.375 
3 16 88.5 -11.75 -6.5 88.5 -11.75 -8.375 87.998 -9.875 -8.375 
3 16 86.625 -8.502 -6.5 87.998 -9.875 -6.5 86.625 -8.502 -8.375 
3 16 87.998 -9.875 -6.5 87.998 -9.875 -8.375 86.625 -8.502 -8.375 
3 16 84.75 -8 -6.5 86.625 -8.502 -6.5 84.75 -8 -8.375 
3 16 86.625 -8.502 -6.5 86.625 -8.502 -8.375 84.75 -8 -8.375 
3 16 1.25 -8 0.836 -8.375 -8 10.461 1.25 -8 4.018 
3 16 1.25 -8 4.018 -8.375 -8 10.461 -6.419 -8 11.382 
3 16 -8.375 -8 10.461 -8.375 -8 18.75 -6.419 -8 11.382 
3 16 -6.419 -8 11.382 -8.375 -8 18.75 -6.5 -8 18.75 
3 16 1.248 -44.25 0.839 1.25 -44.25 4.018 -8.375 -44.25 10.461 
3 16 1.25 -44.25 4.018 -6.577 -44.25 11.979 -8.375 -44.25 10.461 
3 16 -8.375 -44.25 10.461 -6.577 -44.25 11.979 -8.375 -44.25 18.75 
3 16 -8.375 -44.25 18.75 -6.577 -44.25 11.979 -6.5 -44.25 18.75 
3 16 -8.375 -44.25 10.461 -8.375 -44.25 18.75 -8.375 -8 10.461 
3 16 -8.375 -8 10.461 -8.375 -44.25 18.75 -8.375 -8 18.75 
3 16 -8.375 -42.375 21.998 -8.375 -40.5 22.5 -8.375 -43.748 20.625 
3 16 -8.375 -44.25 18.75 -8.375 -43.748 20.625 -8.375 -40.5 22.5 
3 16 -8.375 -40.5 22.5 -8.375 -8 18.75 -8.375 -44.25 18.75 
3 16 -8.375 -40.5 22.5 -8.375 -11.75 22.5 -8.375 -8 18.75 
3 16 -8.375 -11.75 22.5 -8.375 -8.502 20.625 -8.375 -8 18.75 
3 16 -8.375 -8.502 20.625 -8.375 -11.75 22.5 -8.375 -9.875 21.998 
3 16 -8.375 -8.502 20.625 -6.5 -8.502 20.625 -8.375 -8 18.75 
3 16 -8.375 -8 18.75 -6.5 -8.502 20.625 -6.5 -8 18.75 
3 16 -8.375 -9.875 21.998 -6.5 -9.875 21.998 -8.375 -8.502 20.625 
3 16 -8.375 -8.502 20.625 -6.5 -9.875 21.998 -6.5 -8.502 20.625 
3 16 -8.375 -11.75 22.5 -6.5 -11.75 22.5 -8.375 -9.875 21.998 
3 16 -8.375 -9.875 21.998 -6.5 -11.75 22.5 -6.5 -9.875 21.998 
3 16 -8.375 -40.5 22.5 -6.5 -40.5 22.5 -8.375 -11.75 22.5 
3 16 -8.375 -11.75 22.5 -6.5 -40.5 22.5 -6.5 -11.75 22.5 
3 16 -8.375 -42.375 21.998 -6.5 -42.375 21.998 -8.375 -40.5 22.5 
3 16 -8.375 -40.5 22.5 -6.5 -42.375 21.998 -6.5 -40.5 22.5 
3 16 -8.375 -43.748 20.625 -6.5 -43.748 20.625 -8.375 -42.375 21.998 
3 16 -8.375 -42.375 21.998 -6.5 -43.748 20.625 -6.5 -42.375 21.998 
3 16 -8.375 -44.25 18.75 -6.5 -44.25 18.75 -8.375 -43.748 20.625 
3 16 -8.375 -43.748 20.625 -6.5 -44.25 18.75 -6.5 -43.748 20.625 
3 16 -8.375 -8 10.461 1.25 -8 0.836 -8.375 -44.25 10.461 
3 16 -8.375 -44.25 10.461 1.25 -8 0.836 1.248 -44.25 0.839 
3 16 3.125 -8.502 -1.039 5 -11.75 -2.914 1.25 -8 0.836 
3 16 4.498 -9.875 -2.412 5 -11.75 -2.914 3.125 -8.502 -1.039 
3 16 1.248 -44.25 0.839 1.25 -8 0.836 5 -11.75 -2.914 
3 16 5 -11.75 -2.914 5 -40.5 -2.914 1.248 -44.25 0.839 
3 16 5 -40.5 -2.914 3.103 -43.76 -1.017 1.248 -44.25 0.839 
3 16 3.103 -43.76 -1.017 5 -40.5 -2.914 4.491 -42.386 -2.405 
3 16 3.103 -43.76 -1.017 3.103 -43.76 2.165 1.248 -44.25 0.839 
3 16 1.248 -44.25 0.839 3.103 -43.76 2.165 1.25 -44.25 4.018 
3 16 4.491 -42.386 -2.405 4.491 -42.386 0.777 3.103 -43.76 -1.017 
3 16 3.103 -43.76 -1.017 4.491 -42.386 0.777 3.103 -43.76 2.165 
3 16 5 -40.5 -2.914 5 -40.5 0.268 4.491 -42.386 -2.405 
3 16 4.491 -42.386 -2.405 5 -40.5 0.268 4.491 -42.386 0.777 
3 16 5 -11.75 -2.914 5 -11.75 0.268 5 -40.5 -2.914 
3 16 5 -40.5 -2.914 5 -11.75 0.268 5 -40.5 0.268 
3 16 5 -11.75 -2.914 4.498 -9.875 -2.412 5 -11.75 0.268 
3 16 4.498 -9.875 -2.412 4.498 -9.875 0.77 5 -11.75 0.268 
3 16 4.498 -9.875 -2.412 3.125 -8.502 -1.039 4.498 -9.875 0.77 
3 16 3.125 -8.502 -1.039 3.125 -8.502 2.143 4.498 -9.875 0.77 
3 16 3.125 -8.502 -1.039 1.25 -8 0.836 3.125 -8.502 2.143 
3 16 1.25 -8 0.836 1.25 -8 4.018 3.125 -8.502 2.143 
3 16 42.25 -8 -6.5 42.25 -8 -8.375 15.25 -8 -6.5 
3 16 15.25 -8 -6.5 42.25 -8 -8.375 15.25 -8 -8.375 
3 16 42.25 -44.25 -8.375 42.25 -44.25 -6.5 15.25 -44.25 -8.375 
3 16 15.25 -44.25 -8.375 42.25 -44.25 -6.5 15.25 -44.25 -6.5 
3 16 45.498 -9.875 -8.375 45.498 -9.875 -6.5 46 -11.75 -8.375 
3 16 46 -11.75 -8.375 45.498 -9.875 -6.5 46 -11.75 -6.5 
3 16 44.125 -8.502 -8.375 44.125 -8.502 -6.5 45.498 -9.875 -8.375 
3 16 45.498 -9.875 -8.375 44.125 -8.502 -6.5 45.498 -9.875 -6.5 
3 16 42.25 -8 -8.375 42.25 -8 -6.5 44.125 -8.502 -8.375 
3 16 44.125 -8.502 -8.375 42.25 -8 -6.5 44.125 -8.502 -6.5 
3 16 46 -40.5 -6.5 46 -40.5 -8.375 46 -11.75 -6.5 
3 16 46 -11.75 -6.5 46 -40.5 -8.375 46 -11.75 -8.375 
3 16 45.498 -42.375 -6.5 45.498 -42.375 -8.375 46 -40.5 -6.5 
3 16 46 -40.5 -6.5 45.498 -42.375 -8.375 46 -40.5 -8.375 
3 16 44.125 -43.748 -6.5 44.125 -43.748 -8.375 45.498 -42.375 -6.5 
3 16 45.498 -42.375 -6.5 44.125 -43.748 -8.375 45.498 -42.375 -8.375 
3 16 42.25 -44.25 -6.5 42.25 -44.25 -8.375 44.125 -43.748 -6.5 
3 16 44.125 -43.748 -6.5 42.25 -44.25 -8.375 44.125 -43.748 -8.375 
3 16 13.375 -43.748 -6.5 13.375 -43.748 -8.375 15.25 -44.25 -6.5 
3 16 15.25 -44.25 -6.5 13.375 -43.748 -8.375 15.25 -44.25 -8.375 
3 16 12.002 -42.375 -6.5 12.002 -42.375 -8.375 13.375 -43.748 -6.5 
3 16 13.375 -43.748 -6.5 12.002 -42.375 -8.375 13.375 -43.748 -8.375 
3 16 11.5 -40.5 -6.5 11.5 -40.5 -8.375 12.002 -42.375 -6.5 
3 16 12.002 -42.375 -6.5 11.5 -40.5 -8.375 12.002 -42.375 -8.375 
3 16 12.002 -42.375 -8.375 11.5 -40.5 -8.375 13.375 -43.748 -8.375 
3 16 13.375 -43.748 -8.375 11.5 -40.5 -8.375 15.25 -44.25 -8.375 
3 16 11.5 -40.5 -8.375 11.5 -11.75 -8.375 46 -11.75 -8.375 
3 16 46 -40.5 -8.375 15.25 -44.25 -8.375 11.5 -40.5 -8.375 
3 16 42.25 -44.25 -8.375 15.25 -44.25 -8.375 46 -40.5 -8.375 
3 16 46 -40.5 -8.375 44.125 -43.748 -8.375 42.25 -44.25 -8.375 
3 16 44.125 -43.748 -8.375 46 -40.5 -8.375 45.498 -42.375 -8.375 
3 16 12.002 -9.875 -8.375 13.375 -8.502 -8.375 11.5 -11.75 -8.375 
3 16 15.25 -8 -8.375 11.5 -11.75 -8.375 13.375 -8.502 -8.375 
3 16 42.25 -8 -8.375 11.5 -11.75 -8.375 15.25 -8 -8.375 
3 16 45.498 -9.875 -8.375 46 -11.75 -8.375 44.125 -8.502 -8.375 
3 16 44.125 -8.502 -8.375 46 -11.75 -8.375 42.25 -8 -8.375 
3 16 11.5 -40.5 -8.375 46 -11.75 -8.375 46 -40.5 -8.375 
3 16 42.25 -8 -8.375 46 -11.75 -8.375 11.5 -11.75 -8.375 
3 16 11.5 -11.75 -6.5 11.5 -11.75 -8.375 11.5 -40.5 -6.5 
3 16 11.5 -40.5 -6.5 11.5 -11.75 -8.375 11.5 -40.5 -8.375 
3 16 12.002 -9.875 -6.5 12.002 -9.875 -8.375 11.5 -11.75 -6.5 
3 16 11.5 -11.75 -6.5 12.002 -9.875 -8.375 11.5 -11.75 -8.375 
3 16 13.375 -8.502 -6.5 13.375 -8.502 -8.375 12.002 -9.875 -6.5 
3 16 12.002 -9.875 -6.5 13.375 -8.502 -8.375 12.002 -9.875 -8.375 
3 16 15.25 -8 -6.5 15.25 -8 -8.375 13.375 -8.502 -6.5 
3 16 13.375 -8.502 -6.5 15.25 -8 -8.375 13.375 -8.502 -8.375 
2 24 -3.5 -44.25 30 -3.5 -44.25 12.303 
2 24 -3.5 -8 30 -3.5 -44.25 30 
2 24 -3.5 -44.25 12.303 -3.5 -8 12.303 
2 24 -3.5 -8 12.303 -3.5 -8 30 
2 24 8.801 -8 -6.5 8.801 -8 -3.533 
2 24 -3.5 -8 12.303 12.303 -8 -3.5 
2 24 8.801 -8 -3.533 -6.419 -8 11.382 
2 24 -6.419 -8 11.382 -6.5 -8 30 
2 24 -6.5 -8 30 -3.5 -8 30 
2 24 8.801 -44.25 -3.533 8.801 -44.25 -6.5 
2 24 12.303 -44.25 -3.5 -3.5 -44.25 12.303 
2 24 -6.577 -44.25 11.979 8.801 -44.25 -3.533 
2 24 -6.5 -44.25 30 -6.577 -44.25 11.979 
2 24 -3.5 -44.25 30 -6.5 -44.25 30 
2 24 44.218 -11.498 -3.5 44.218 -11.498 -5.25 
2 24 44.218 -40.752 -3.5 44.218 -11.498 -3.5 
2 24 44.218 -11.498 -5.25 44.218 -40.752 -5.25 
2 24 44.218 -40.752 -5.25 44.218 -40.752 -3.5 
2 24 14.38 -40.752 -3.5 44.218 -40.752 -3.5 
2 24 14.38 -40.752 -5.25 14.38 -40.752 -3.5 
2 24 44.218 -40.752 -5.25 14.38 -40.752 -5.25 
2 24 44.218 -11.498 -5.25 14.38 -11.498 -5.25 
2 24 14.38 -11.498 -5.25 14.38 -40.752 -5.25 
2 24 14.38 -11.498 -5.25 14.38 -11.498 -3.5 
2 24 14.38 -11.498 -3.5 14.38 -40.752 -3.5 
2 24 44.218 -11.498 -3.5 14.38 -11.498 -3.5 
2 24 -6.419 -8 11.382 -6.577 -44.25 11.979 
2 24 -6.5 -44.25 30 -6.5 -8 30 
2 24 12.303 -44.25 -3.5 12.303 -8 -3.5 
2 24 8.801 -8 -6.5 8.801 -44.25 -6.5 
2 24 8.801 -44.25 -3.533 8.801 -8 -3.533 
2 24 87.697 -8 -3.5 12.303 -8 -3.5 
2 24 55.782 -40.752 -3.5 55.782 -11.498 -3.5 
2 24 12.303 -44.25 -3.5 87.697 -44.25 -3.5 
2 24 85.62 -40.752 -3.5 55.782 -40.752 -3.5 
2 24 103.5 -44.25 30 103.5 -8 30 
2 24 103.5 -44.25 12.303 103.5 -44.25 30 
2 24 103.5 -8 30 103.5 -8 12.303 
2 24 103.5 -8 12.303 103.5 -44.25 12.303 
2 24 91.199 -8 -6.5 8.801 -8 -6.5 
2 24 91.199 -8 -3.533 91.199 -8 -6.5 
2 24 87.697 -8 -3.5 103.5 -8 12.303 
2 24 106.419 -8 11.382 91.199 -8 -3.533 
2 24 106.5 -8 30 106.419 -8 11.382 
2 24 103.5 -8 30 106.5 -8 30 
2 24 8.801 -44.25 -6.5 91.199 -44.25 -6.5 
2 24 91.199 -44.25 -6.5 91.199 -44.25 -3.533 
2 24 103.5 -44.25 12.303 87.697 -44.25 -3.5 
2 24 91.199 -44.25 -3.533 106.577 -44.25 11.979 
2 24 106.577 -44.25 11.979 106.5 -44.25 30 
2 24 106.5 -44.25 30 103.5 -44.25 30 
2 24 91.199 -8 -6.5 91.199 -44.25 -6.5 
2 24 55.782 -11.498 -5.25 55.782 -11.498 -3.5 
2 24 55.782 -40.752 -3.5 55.782 -40.752 -5.25 
2 24 55.782 -40.752 -5.25 55.782 -11.498 -5.25 
2 24 85.62 -40.752 -3.5 85.62 -40.752 -5.25 
2 24 85.62 -40.752 -5.25 55.782 -40.752 -5.25 
2 24 85.62 -11.498 -5.25 55.782 -11.498 -5.25 
2 24 85.62 -40.752 -5.25 85.62 -11.498 -5.25 
2 24 85.62 -11.498 -3.5 85.62 -11.498 -5.25 
2 24 85.62 -40.752 -3.5 85.62 -11.498 -3.5 
2 24 85.62 -11.498 -3.5 55.782 -11.498 -3.5 
2 24 106.577 -44.25 11.979 106.419 -8 11.382 
2 24 106.5 -8 30 106.5 -44.25 30 
2 24 87.697 -8 -3.5 87.697 -44.25 -3.5 
2 24 91.199 -8 -3.533 91.199 -44.25 -3.533 
2 24 108.375 -8 10.461 98.75 -8 0.836 
2 24 98.75 -8 4.018 106.419 -8 11.382 
2 24 108.375 -8 18.75 108.375 -8 10.461 
2 24 106.419 -8 11.382 106.5 -8 18.75 
2 24 98.752 -44.25 0.839 108.375 -44.25 10.461 
2 24 106.577 -44.25 11.979 98.75 -44.25 4.018 
2 24 108.375 -44.25 10.461 108.375 -44.25 18.75 
2 24 106.5 -44.25 18.75 106.577 -44.25 11.979 
2 24 108.375 -44.25 10.461 108.375 -8 10.461 
2 24 108.375 -42.375 21.998 108.375 -43.748 20.625 
2 24 108.375 -40.5 22.5 108.375 -42.375 21.998 
2 24 108.375 -43.748 20.625 108.375 -44.25 18.75 
2 24 108.375 -11.75 22.5 108.375 -40.5 22.5 
2 24 108.375 -8 18.75 108.375 -8.502 20.625 
2 24 108.375 -8.502 20.625 108.375 -9.875 21.998 
2 24 108.375 -9.875 21.998 108.375 -11.75 22.5 
2 24 106.5 -8 18.75 106.5 -8.502 20.625 
2 24 106.5 -8.502 20.625 106.5 -9.875 21.998 
2 24 106.5 -9.875 21.998 106.5 -11.75 22.5 
2 24 106.5 -11.75 22.5 106.5 -40.5 22.5 
2 24 106.5 -40.5 22.5 106.5 -42.375 21.998 
2 24 106.5 -42.375 21.998 106.5 -43.748 20.625 
2 24 106.5 -43.748 20.625 106.5 -44.25 18.75 
2 24 96.875 -8.502 -1.039 98.75 -8 0.836 
2 24 95.502 -9.875 -2.412 96.875 -8.502 -1.039 
2 24 95 -11.75 -2.914 95.502 -9.875 -2.412 
2 24 95 -40.5 -2.914 95 -11.75 -2.914 
2 24 98.752 -44.25 0.839 96.897 -43.76 -1.017 
2 24 96.897 -43.76 -1.017 95.509 -42.386 -2.405 
2 24 95.509 -42.386 -2.405 95 -40.5 -2.914 
2 24 98.75 -44.25 4.018 96.897 -43.76 2.165 
2 24 96.897 -43.76 2.165 95.509 -42.386 0.777 
2 24 95.509 -42.386 0.777 95 -40.5 0.268 
2 24 95 -40.5 0.268 95 -11.75 0.268 
2 24 95 -11.75 0.268 95.502 -9.875 0.77 
2 24 95.502 -9.875 0.77 96.875 -8.502 2.143 
2 24 96.875 -8.502 2.143 98.75 -8 4.018 
2 24 57.75 -8 -6.5 84.75 -8 -6.5 
2 24 84.75 -8 -8.375 57.75 -8 -8.375 
2 24 57.75 -44.25 -8.375 84.75 -44.25 -8.375 
2 24 84.75 -44.25 -6.5 57.75 -44.25 -6.5 
2 24 54.502 -9.875 -8.375 54 -11.75 -8.375 
2 24 54 -11.75 -6.5 54.502 -9.875 -6.5 
2 24 55.875 -8.502 -8.375 54.502 -9.875 -8.375 
2 24 54.502 -9.875 -6.5 55.875 -8.502 -6.5 
2 24 57.75 -8 -8.375 55.875 -8.502 -8.375 
2 24 55.875 -8.502 -6.5 57.75 -8 -6.5 
2 24 54 -40.5 -6.5 54 -11.75 -6.5 
2 24 54 -11.75 -8.375 54 -40.5 -8.375 
2 24 54.502 -42.375 -6.5 54 -40.5 -6.5 
2 24 54 -40.5 -8.375 54.502 -42.375 -8.375 
2 24 55.875 -43.748 -6.5 54.502 -42.375 -6.5 
2 24 54.502 -42.375 -8.375 55.875 -43.748 -8.375 
2 24 57.75 -44.25 -6.5 55.875 -43.748 -6.5 
2 24 55.875 -43.748 -8.375 57.75 -44.25 -8.375 
2 24 86.625 -43.748 -6.5 84.75 -44.25 -6.5 
2 24 84.75 -44.25 -8.375 86.625 -43.748 -8.375 
2 24 87.998 -42.375 -6.5 86.625 -43.748 -6.5 
2 24 86.625 -43.748 -8.375 87.998 -42.375 -8.375 
2 24 88.5 -40.5 -6.5 87.998 -42.375 -6.5 
2 24 87.998 -42.375 -8.375 88.5 -40.5 -8.375 
2 24 88.5 -11.75 -8.375 88.5 -40.5 -8.375 
2 24 87.998 -9.875 -8.375 88.5 -11.75 -8.375 
2 24 86.625 -8.502 -8.375 87.998 -9.875 -8.375 
2 24 84.75 -8 -8.375 86.625 -8.502 -8.375 
2 24 88.5 -11.75 -6.5 88.5 -40.5 -6.5 
2 24 87.998 -9.875 -6.5 88.5 -11.75 -6.5 
2 24 86.625 -8.502 -6.5 87.998 -9.875 -6.5 
2 24 84.75 -8 -6.5 86.625 -8.502 -6.5 
2 24 1.25 -8 0.836 -8.375 -8 10.461 
2 24 -6.419 -8 11.382 1.25 -8 4.018 
2 24 -8.375 -8 10.461 -8.375 -8 18.75 
2 24 -6.5 -8 18.75 -6.419 -8 11.382 
2 24 -8.375 -44.25 10.461 1.248 -44.25 0.839 
2 24 1.25 -44.25 4.018 -6.577 -44.25 11.979 
2 24 -8.375 -44.25 18.75 -8.375 -44.25 10.461 
2 24 -6.577 -44.25 11.979 -6.5 -44.25 18.75 
2 24 -8.375 -8 10.461 -8.375 -44.25 10.461 
2 24 -8.375 -42.375 21.998 -8.375 -40.5 22.5 
2 24 -8.375 -43.748 20.625 -8.375 -42.375 21.998 
2 24 -8.375 -44.25 18.75 -8.375 -43.748 20.625 
2 24 -8.375 -40.5 22.5 -8.375 -11.75 22.5 
2 24 -8.375 -8.502 20.625 -8.375 -8 18.75 
2 24 -8.375 -11.75 22.5 -8.375 -9.875 21.998 
2 24 -8.375 -9.875 21.998 -8.375 -8.502 20.625 
2 24 -6.5 -8.502 20.625 -6.5 -8 18.75 
2 24 -6.5 -9.875 21.998 -6.5 -8.502 20.625 
2 24 -6.5 -11.75 22.5 -6.5 -9.875 21.998 
2 24 -6.5 -40.5 22.5 -6.5 -11.75 22.5 
2 24 -6.5 -42.375 21.998 -6.5 -40.5 22.5 
2 24 -6.5 -43.748 20.625 -6.5 -42.375 21.998 
2 24 -6.5 -44.25 18.75 -6.5 -43.748 20.625 
2 24 1.25 -8 0.836 3.125 -8.502 -1.039 
2 24 4.498 -9.875 -2.412 5 -11.75 -2.914 
2 24 3.125 -8.502 -1.039 4.498 -9.875 -2.412 
2 24 5 -11.75 -2.914 5 -40.5 -2.914 
2 24 3.103 -43.76 -1.017 1.248 -44.25 0.839 
2 24 5 -40.5 -2.914 4.491 -42.386 -2.405 
2 24 4.491 -42.386 -2.405 3.103 -43.76 -1.017 
2 24 3.103 -43.76 2.165 1.25 -44.25 4.018 
2 24 4.491 -42.386 0.777 3.103 -43.76 2.165 
2 24 5 -40.5 0.268 4.491 -42.386 0.777 
2 24 5 -11.75 0.268 5 -40.5 0.268 
2 24 4.498 -9.875 0.77 5 -11.75 0.268 
2 24 3.125 -8.502 2.143 4.498 -9.875 0.77 
2 24 1.25 -8 4.018 3.125 -8.502 2.143 
2 24 15.25 -8 -6.5 42.25 -8 -6.5 
2 24 42.25 -8 -8.375 15.25 -8 -8.375 
2 24 15.25 -44.25 -8.375 42.25 -44.25 -8.375 
2 24 42.25 -44.25 -6.5 15.25 -44.25 -6.5 
2 24 46 -11.75 -8.375 45.498 -9.875 -8.375 
2 24 45.498 -9.875 -6.5 46 -11.75 -6.5 
2 24 45.498 -9.875 -8.375 44.125 -8.502 -8.375 
2 24 44.125 -8.502 -6.5 45.498 -9.875 -6.5 
2 24 44.125 -8.502 -8.375 42.25 -8 -8.375 
2 24 42.25 -8 -6.5 44.125 -8.502 -6.5 
2 24 46 -11.75 -6.5 46 -40.5 -6.5 
2 24 46 -40.5 -8.375 46 -11.75 -8.375 
2 24 46 -40.5 -6.5 45.498 -42.375 -6.5 
2 24 45.498 -42.375 -8.375 46 -40.5 -8.375 
2 24 45.498 -42.375 -6.5 44.125 -43.748 -6.5 
2 24 44.125 -43.748 -8.375 45.498 -42.375 -8.375 
2 24 44.125 -43.748 -6.5 42.25 -44.25 -6.5 
2 24 42.25 -44.25 -8.375 44.125 -43.748 -8.375 
2 24 15.25 -44.25 -6.5 13.375 -43.748 -6.5 
2 24 13.375 -43.748 -8.375 15.25 -44.25 -8.375 
2 24 13.375 -43.748 -6.5 12.002 -42.375 -6.5 
2 24 12.002 -42.375 -8.375 13.375 -43.748 -8.375 
2 24 12.002 -42.375 -6.5 11.5 -40.5 -6.5 
2 24 11.5 -40.5 -8.375 12.002 -42.375 -8.375 
2 24 11.5 -40.5 -8.375 11.5 -11.75 -8.375 
2 24 12.002 -9.875 -8.375 13.375 -8.502 -8.375 
2 24 11.5 -11.75 -8.375 12.002 -9.875 -8.375 
2 24 13.375 -8.502 -8.375 15.25 -8 -8.375 
2 24 11.5 -40.5 -6.5 11.5 -11.75 -6.5 
2 24 11.5 -11.75 -6.5 12.002 -9.875 -6.5 
2 24 12.002 -9.875 -6.5 13.375 -8.502 -6.5 
2 24 13.375 -8.502 -6.5 15.25 -8 -6.5 

