0 MINI HAT NO. 26 (Needs Work)
0 Name: 18822.dat
0 Author: <AuthorRealName> [<AuthorLDrawName>]
0 !LDRAW_ORG Unofficial_Part
0 !LICENSE Redistributable under CCAL version 2.0 : see CAreadme.txt

0 BFC CERTIFY CCW

0 !HISTORY 2016-03-18 {LEGO Digital Designer} Original part shape
0 !HISTORY 2016-03-18 [<AuthorLDrawName>] File preparation for LDraw Parts Tracker

0 // Needs Work: Clean necessary

0 // Outside
3 16 -4.919 -13.533 -9.37 -2.361 -14.127 -6.338 -5.755 -13.906 -9.273 
3 16 -5.755 -13.906 -9.273 -6.245 -12.09 -12.21 -4.919 -13.533 -9.37 
3 16 -4.919 -13.533 -9.37 -6.245 -12.09 -12.21 -5.47 -12.042 -12.166 
3 16 -5.47 -12.042 -12.166 -6.245 -12.09 -12.21 -4.203 -9.592 -15.969 
3 16 -4.203 -9.592 -15.969 -6.245 -12.09 -12.21 -4.947 -9.208 -16.351 
3 16 -4.919 -13.533 -9.37 -5.47 -12.042 -12.166 -4.064 -14.024 -9.925 
3 16 -4.064 -14.024 -9.925 -5.47 -12.042 -12.166 -4.546 -12.916 -12.89 
3 16 -5.47 -12.042 -12.166 -4.203 -9.592 -15.969 -4.546 -12.916 -12.89 
3 16 -4.546 -12.916 -12.89 -4.203 -9.592 -15.969 -3.443 -10.436 -16.321 
3 16 -3.443 -10.436 -16.321 -4.203 -9.592 -15.969 -0.534 -6.854 -18.406 
3 16 -0.534 -6.854 -18.406 3.2 -3.265 -18.701 1.582 -8.372 -17.507 
3 16 -1.209 -6.049 -17.998 -0.534 -6.854 -18.406 -4.203 -9.592 -15.969 
3 16 3.2 -3.265 -18.701 -1.209 -6.049 -17.998 2.801 -2.355 -18.262 
3 16 2.801 -2.355 -18.262 -1.209 -6.049 -17.998 2.356 -1.844 -18.675 
3 16 2.356 -1.844 -18.675 -1.209 -6.049 -17.998 -1.853 -5.714 -18.623 
3 16 -1.853 -5.714 -18.623 -1.209 -6.049 -17.998 -4.947 -9.208 -16.351 
3 16 -4.947 -9.208 -16.351 -1.209 -6.049 -17.998 -4.203 -9.592 -15.969 
3 16 2.356 -1.844 -18.675 6.16 1.274 -17.146 2.801 -2.355 -18.262 
3 16 2.801 -2.355 -18.262 6.16 1.274 -17.146 6.674 0.744 -17.055 
3 16 6.16 1.274 -17.146 11.816 5.615 -12.531 6.674 0.744 -17.055 
3 16 6.674 0.744 -17.055 11.816 5.615 -12.531 12.223 5.145 -12.648 
3 16 3.2 -3.265 -18.701 2.801 -2.355 -18.262 7.254 0.337 -17.434 
3 16 7.254 0.337 -17.434 2.801 -2.355 -18.262 6.674 0.744 -17.055 
3 16 7.254 0.337 -17.434 6.674 0.744 -17.055 12.616 4.69 -13.012 
3 16 12.616 4.69 -13.012 6.674 0.744 -17.055 12.223 5.145 -12.648 
3 16 12.223 5.145 -12.648 13.818 6.19 -11.082 12.616 4.69 -13.012 
3 16 -3.012 -14.208 -9.523 -2.224 -13.767 -9.278 -2.44 -14.29 -7.696 
3 16 -1.789 -13.932 -9.192 -2.224 -13.767 -9.278 -0.745 -12.994 -11.847 
3 16 -0.745 -12.994 -11.847 -2.224 -13.767 -9.278 -1.672 -12.513 -12.059 
3 16 -2.224 -13.767 -9.278 -3.012 -14.208 -9.523 -1.672 -12.513 -12.059 
3 16 -1.672 -12.513 -12.059 -3.012 -14.208 -9.523 -2.737 -13.231 -12.643 
3 16 -1.672 -12.513 -12.059 -2.737 -13.231 -12.643 -0.155 -10.801 -14.417 
3 16 -0.155 -10.801 -14.417 -2.737 -13.231 -12.643 -1.207 -11.134 -15.788 
3 16 -1.672 -12.513 -12.059 -0.155 -10.801 -14.417 -0.745 -12.994 -11.847 
3 16 -0.745 -12.994 -11.847 -0.155 -10.801 -14.417 0.759 -11.516 -14.299 
3 16 -3.012 -14.208 -9.523 -4.064 -14.024 -9.925 -2.737 -13.231 -12.643 
3 16 -2.737 -13.231 -12.643 -4.064 -14.024 -9.925 -4.546 -12.916 -12.89 
3 16 -4.546 -12.916 -12.89 -3.443 -10.436 -16.321 -2.737 -13.231 -12.643 
3 16 -2.737 -13.231 -12.643 -3.443 -10.436 -16.321 -1.207 -11.134 -15.788 
3 16 -3.443 -10.436 -16.321 -0.534 -6.854 -18.406 -1.207 -11.134 -15.788 
3 16 -1.207 -11.134 -15.788 -0.534 -6.854 -18.406 1.582 -8.372 -17.507 
3 16 -1.207 -11.134 -15.788 1.582 -8.372 -17.507 -0.155 -10.801 -14.417 
3 16 -0.155 -10.801 -14.417 1.582 -8.372 -17.507 2.4 -8.418 -16.1 
3 16 -0.155 -10.801 -14.417 2.4 -8.418 -16.1 0.759 -11.516 -14.299 
3 16 0.759 -11.516 -14.299 2.4 -8.418 -16.1 3.323 -9.373 -16.175 
3 16 -1.209 -6.049 -17.998 3.2 -3.265 -18.701 -0.534 -6.854 -18.406 
3 16 1.582 -8.372 -17.507 3.2 -3.265 -18.701 5.249 -4.943 -18.086 
3 16 3.323 -9.373 -16.175 2.4 -8.418 -16.1 6.393 -6.577 -16.938 
3 16 6.393 -6.577 -16.938 2.4 -8.418 -16.1 5.653 -5.499 -16.773 
3 16 1.582 -8.372 -17.507 5.249 -4.943 -18.086 2.4 -8.418 -16.1 
3 16 2.4 -8.418 -16.1 5.249 -4.943 -18.086 5.653 -5.499 -16.773 
3 16 6.393 -6.577 -16.938 5.653 -5.499 -16.773 9.853 -3.526 -16.445 
3 16 9.853 -3.526 -16.445 5.653 -5.499 -16.773 8.953 -2.684 -16.367 
3 16 5.653 -5.499 -16.773 5.249 -4.943 -18.086 8.953 -2.684 -16.367 
3 16 8.953 -2.684 -16.367 5.249 -4.943 -18.086 8.703 -1.879 -17.387 
3 16 3.2 -3.265 -18.701 7.254 0.337 -17.434 5.249 -4.943 -18.086 
3 16 5.249 -4.943 -18.086 7.254 0.337 -17.434 8.703 -1.879 -17.387 
3 16 8.703 -1.879 -17.387 7.254 0.337 -17.434 12.801 1.896 -14.555 
3 16 12.801 1.896 -14.555 7.254 0.337 -17.434 12.616 4.69 -13.012 
3 16 8.953 -2.684 -16.367 8.703 -1.879 -17.387 12.912 1.016 -14.105 
3 16 12.912 1.016 -14.105 8.703 -1.879 -17.387 12.801 1.896 -14.555 
3 16 9.853 -3.526 -16.445 8.953 -2.684 -16.367 13.628 -0.038 -14.299 
3 16 13.628 -0.038 -14.299 8.953 -2.684 -16.367 12.912 1.016 -14.105 
3 16 11.816 5.615 -12.531 8.833 8.535 -10.747 13.818 6.19 -11.082 
3 16 8.833 8.535 -10.747 12.002 10.567 -7.524 13.818 6.19 -11.082 
3 16 12.002 10.567 -7.524 15.759 4.614 -10.459 13.818 6.19 -11.082 
3 16 13.818 6.19 -11.082 15.759 4.614 -10.459 12.616 4.69 -13.012 
3 16 15.759 4.614 -10.459 12.801 1.896 -14.555 12.616 4.69 -13.012 
3 16 12.912 1.016 -14.105 12.801 1.896 -14.555 15.741 3.614 -10.506 
3 16 15.741 3.614 -10.506 12.801 1.896 -14.555 15.759 4.614 -10.459 
3 16 13.628 -0.038 -14.299 12.912 1.016 -14.105 16.318 2.863 -10.669 
3 16 16.318 2.863 -10.669 12.912 1.016 -14.105 15.741 3.614 -10.506 
3 16 18.079 5.905 -5.524 17.789 5.064 -6.753 17.416 5.447 -6.895 
3 16 17.416 5.447 -6.895 17.789 5.064 -6.753 15.741 3.614 -10.506 
3 16 15.741 3.614 -10.506 17.789 5.064 -6.753 16.318 2.863 -10.669 
3 16 17.381 6.095 -6.866 17.416 5.447 -6.895 15.759 4.614 -10.459 
3 16 15.759 4.614 -10.459 17.416 5.447 -6.895 15.741 3.614 -10.506 
3 16 -2.082 -14.173 -5.64 -3.362 -14.346 -5.138 -2.361 -14.127 -6.338 
3 16 -4.925 -14.645 -3.989 -7.399 -13.731 -8.323 -3.362 -14.346 -5.138 
3 16 -7.399 -13.731 -8.323 -5.755 -13.906 -9.273 -3.362 -14.346 -5.138 
3 16 -5.755 -13.906 -9.273 -2.361 -14.127 -6.338 -3.362 -14.346 -5.138 
3 16 -6.245 -12.09 -12.21 -5.755 -13.906 -9.273 -8.122 -11.335 -11.509 
3 16 -8.122 -11.335 -11.509 -5.755 -13.906 -9.273 -7.399 -13.731 -8.323 
3 16 -4.947 -9.208 -16.351 -6.245 -12.09 -12.21 -6.393 -7.834 -15.778 
3 16 -6.393 -7.834 -15.778 -6.245 -12.09 -12.21 -8.122 -11.335 -11.509 
3 16 -1.853 -5.714 -18.623 -4.947 -9.208 -16.351 -3.009 -4.201 -18.226 
3 16 -3.009 -4.201 -18.226 -4.947 -9.208 -16.351 -6.393 -7.834 -15.778 
3 16 5.769 4.579 -15.051 4.952 3.276 -16.162 4.682 3.909 -15.386 
3 16 11.816 5.615 -12.531 6.16 1.274 -17.146 5.769 4.579 -15.051 
3 16 6.16 1.274 -17.146 4.952 3.276 -16.162 5.769 4.579 -15.051 
3 16 11.816 5.615 -12.531 5.769 4.579 -15.051 8.833 8.535 -10.747 
3 16 3.671 4.602 -14.5 8.833 8.535 -10.747 4.524 4.331 -15.169 
3 16 5.769 4.579 -15.051 4.524 4.331 -15.169 8.833 8.535 -10.747 
3 16 1.128 -0.151 -17.977 2.356 -1.844 -18.675 -3.009 -4.201 -18.226 
3 16 -3.009 -4.201 -18.226 2.356 -1.844 -18.675 -1.853 -5.714 -18.623 
3 16 4.952 3.276 -16.162 6.16 1.274 -17.146 1.128 -0.151 -17.977 
3 16 1.128 -0.151 -17.977 6.16 1.274 -17.146 2.356 -1.844 -18.675 
3 16 -6.371 -6.733 -15.225 -7.567 -7.826 -13.603 -6.777 -5.968 -15.031 
3 16 -6.777 -5.968 -15.031 -4.717 -3.034 -16.578 -6.371 -6.733 -15.225 
3 16 -6.371 -6.733 -15.225 -4.717 -3.034 -16.578 -3.082 -3.095 -17.102 
3 16 -6.393 -7.834 -15.778 -6.371 -6.733 -15.225 -3.009 -4.201 -18.226 
3 16 -3.009 -4.201 -18.226 -6.371 -6.733 -15.225 -3.082 -3.095 -17.102 
3 16 -4.717 -3.034 -16.578 0.354 1.262 -16.671 -3.082 -3.095 -17.102 
3 16 -3.082 -3.095 -17.102 0.354 1.262 -16.671 0.747 0.623 -16.854 
3 16 -3.009 -4.201 -18.226 -3.082 -3.095 -17.102 1.128 -0.151 -17.977 
3 16 1.128 -0.151 -17.977 -3.082 -3.095 -17.102 0.747 0.623 -16.854 
3 16 1.128 -0.151 -17.977 0.747 0.623 -16.854 4.952 3.276 -16.162 
3 16 4.952 3.276 -16.162 0.747 0.623 -16.854 4.682 3.909 -15.386 
3 16 0.747 0.623 -16.854 0.354 1.262 -16.671 4.682 3.909 -15.386 
3 16 4.682 3.909 -15.386 0.354 1.262 -16.671 4.524 4.331 -15.169 
3 16 4.524 4.331 -15.169 0.354 1.262 -16.671 3.671 4.602 -14.5 
3 16 3.671 4.602 -14.5 0.354 1.262 -16.671 0.075 1.766 -16.109 
3 16 -1.262 -14.207 -7.527 -1.789 -13.932 -9.192 1.193 -13.707 -10.625 
3 16 1.193 -13.707 -10.625 -1.789 -13.932 -9.192 -0.745 -12.994 -11.847 
3 16 5.755 -10.435 -14.714 6.586 -10.1 -12.631 3.322 -12.425 -12.898 
3 16 6.586 -10.1 -12.631 3.591 -12.599 -10.755 3.322 -12.425 -12.898 
3 16 3.591 -12.599 -10.755 2.854 -13.005 -10.316 3.322 -12.425 -12.898 
3 16 3.322 -12.425 -12.898 2.854 -13.005 -10.316 1.193 -13.707 -10.625 
3 16 1.01 -13.852 -8.109 1.193 -13.707 -10.625 2.871 -13.15 -9.32 
3 16 2.854 -13.005 -10.316 2.871 -13.15 -9.32 1.193 -13.707 -10.625 
3 16 1.193 -13.707 -10.625 1.01 -13.852 -8.109 -1.262 -14.207 -7.527 
3 16 -1.262 -14.207 -7.527 1.01 -13.852 -8.109 -0.261 -13.986 -6.272 
3 16 1.193 -13.707 -10.625 -0.745 -12.994 -11.847 3.322 -12.425 -12.898 
3 16 3.322 -12.425 -12.898 -0.745 -12.994 -11.847 0.759 -11.516 -14.299 
3 16 0.759 -11.516 -14.299 3.323 -9.373 -16.175 3.322 -12.425 -12.898 
3 16 3.322 -12.425 -12.898 3.323 -9.373 -16.175 5.755 -10.435 -14.714 
3 16 3.323 -9.373 -16.175 6.393 -6.577 -16.938 5.755 -10.435 -14.714 
3 16 5.755 -10.435 -14.714 6.393 -6.577 -16.938 8.487 -8.081 -15.403 
3 16 6.393 -6.577 -16.938 9.853 -3.526 -16.445 8.487 -8.081 -15.403 
3 16 8.487 -8.081 -15.403 9.853 -3.526 -16.445 11.281 -5.584 -15.082 
3 16 9.853 -3.526 -16.445 13.628 -0.038 -14.299 11.281 -5.584 -15.082 
3 16 11.281 -5.584 -15.082 13.628 -0.038 -14.299 14.974 -2.182 -12.7 
3 16 14.974 -2.182 -12.7 13.628 -0.038 -14.299 17.004 0.006 -10 
3 16 17.004 0.006 -10 13.628 -0.038 -14.299 16.318 2.863 -10.669 
3 16 17.004 0.006 -10 16.318 2.863 -10.669 18.79 2.438 -6.138 
3 16 18.79 2.438 -6.138 16.318 2.863 -10.669 17.789 5.064 -6.753 
3 16 5.755 -10.435 -14.714 8.487 -8.081 -15.403 6.586 -10.1 -12.631 
3 16 6.586 -10.1 -12.631 8.487 -8.081 -15.403 8.787 -8.18 -12.842 
3 16 8.787 -8.18 -12.842 8.487 -8.081 -15.403 9.534 -7.604 -12.242 
3 16 9.534 -7.604 -12.242 8.487 -8.081 -15.403 11.281 -5.584 -15.082 
3 16 9.534 -7.604 -12.242 11.281 -5.584 -15.082 10.711 -6.364 -12.852 
3 16 11.319 -5.836 -12.679 10.711 -6.364 -12.852 11.646 -5.545 -13.167 
3 16 10.711 -6.364 -12.852 11.281 -5.584 -15.082 11.646 -5.545 -13.167 
3 16 11.646 -5.545 -13.167 11.281 -5.584 -15.082 12.886 -4.896 -12.87 
3 16 12.886 -4.896 -12.87 11.281 -5.584 -15.082 14.974 -2.182 -12.7 
3 16 12.886 -4.896 -12.87 14.974 -2.182 -12.7 14.801 -2.965 -11.235 
3 16 -2.361 -14.127 -6.338 -4.064 -14.024 -9.925 -2.44 -14.29 -7.696 
3 16 -2.44 -14.29 -7.696 -4.064 -14.024 -9.925 -3.012 -14.208 -9.523 
3 16 -1.262 -14.207 -7.527 -2.44 -14.29 -7.696 -1.789 -13.932 -9.192 
3 16 15.359 -6.85 -8.478 18.09 -6.011 -3.958 15.683 -7.492 -7.74 
3 16 18.09 -6.011 -3.958 16.532 -10.191 -3.393 15.683 -7.492 -7.74 
3 16 15.683 -7.492 -7.74 16.532 -10.191 -3.393 15.034 -10.682 -5.831 
3 16 10.281 -8.613 -11.778 12.883 -7.736 -9.808 15.683 -7.492 -7.74 
3 16 12.162 -10.842 -8.793 15.683 -7.492 -7.74 15.034 -10.682 -5.831 
3 16 8.787 -8.18 -12.842 9.534 -7.604 -12.242 10.281 -8.613 -11.778 
3 16 10.281 -8.613 -11.778 9.534 -7.604 -12.242 10.51 -7.824 -11.467 
3 16 8.753 -10 -11.723 10.281 -8.613 -11.778 12.162 -10.842 -8.793 
3 16 10.51 -7.824 -11.467 12.883 -7.736 -9.808 10.281 -8.613 -11.778 
3 16 15.683 -7.492 -7.74 12.162 -10.842 -8.793 10.281 -8.613 -11.778 
3 16 13.473 -6.726 -10.419 12.883 -7.736 -9.808 11.472 -6.672 -12.024 
3 16 11.472 -6.672 -12.024 12.883 -7.736 -9.808 10.51 -7.824 -11.467 
3 16 11.472 -6.672 -12.024 10.51 -7.824 -11.467 10.711 -6.364 -12.852 
3 16 10.711 -6.364 -12.852 10.51 -7.824 -11.467 9.534 -7.604 -12.242 
3 16 12.886 -4.896 -12.87 11.834 -5.77 -11.909 11.646 -5.545 -13.167 
3 16 11.646 -5.545 -13.167 11.834 -5.77 -11.909 11.319 -5.836 -12.679 
3 16 10.711 -6.364 -12.852 11.319 -5.836 -12.679 11.472 -6.672 -12.024 
3 16 11.472 -6.672 -12.024 11.319 -5.836 -12.679 11.834 -5.77 -11.909 
3 16 11.472 -6.672 -12.024 11.834 -5.77 -11.909 13.473 -6.726 -10.419 
3 16 13.473 -6.726 -10.419 11.834 -5.77 -11.909 13.705 -5.401 -9.928 
3 16 11.834 -5.77 -11.909 12.886 -4.896 -12.87 13.705 -5.401 -9.928 
3 16 13.705 -5.401 -9.928 12.886 -4.896 -12.87 15.041 -4.445 -10.896 
3 16 13.473 -6.726 -10.419 13.705 -5.401 -9.928 15.359 -6.85 -8.478 
3 16 13.705 -5.401 -9.928 17.633 -4.33 -3.813 15.359 -6.85 -8.478 
3 16 15.359 -6.85 -8.478 17.633 -4.33 -3.813 18.09 -6.011 -3.958 
3 16 19.042 -3.163 -4.459 17.633 -4.33 -3.813 17.58 -3.678 -7.764 
3 16 17.633 -4.33 -3.813 13.705 -5.401 -9.928 17.58 -3.678 -7.764 
3 16 13.705 -5.401 -9.928 15.041 -4.445 -10.896 17.58 -3.678 -7.764 
3 16 14.974 -2.182 -12.7 17.004 0.006 -10 14.801 -2.965 -11.235 
3 16 14.801 -2.965 -11.235 17.004 0.006 -10 16.533 -1.137 -8.986 
3 16 18.79 2.438 -6.138 18.376 1.282 -5.464 17.004 0.006 -10 
3 16 17.004 0.006 -10 18.376 1.282 -5.464 16.533 -1.137 -8.986 
3 16 15.041 -4.445 -10.896 12.886 -4.896 -12.87 14.801 -2.965 -11.235 
3 16 17.58 -3.678 -7.764 15.041 -4.445 -10.896 16.533 -1.137 -8.986 
3 16 16.533 -1.137 -8.986 15.041 -4.445 -10.896 14.801 -2.965 -11.235 
3 16 6.586 -10.1 -12.631 8.787 -8.18 -12.842 7.161 -10.001 -12.427 
3 16 7.161 -10.001 -12.427 8.787 -8.18 -12.842 8.753 -10 -11.723 
3 16 10.281 -8.613 -11.778 8.753 -10 -11.723 8.787 -8.18 -12.842 
3 16 7.161 -10.001 -12.427 8.753 -10 -11.723 8.511 -10.491 -11.3 
3 16 8.753 -10 -11.723 12.162 -10.842 -8.793 8.511 -10.491 -11.3 
3 16 8.511 -10.491 -11.3 12.162 -10.842 -8.793 11.579 -11.236 -8.206 
3 16 8.511 -10.491 -11.3 11.579 -11.236 -8.206 8.207 -11.092 -11.289 
3 16 8.207 -11.092 -11.289 11.579 -11.236 -8.206 11.554 -12.261 -8.088 
3 16 4.605 -15.665 4.75 5.807 -15.215 4.925 5.19 -14.574 7.435 
3 16 5.19 -14.574 7.435 5.807 -15.215 4.925 6.239 -13.947 8.117 
3 16 5.807 -15.215 4.925 4.605 -15.665 4.75 4.016 -16.006 1.499 
3 16 4.016 -16.006 1.499 4.605 -15.665 4.75 2.863 -16.234 2.209 
3 16 4.016 -16.006 1.499 2.863 -16.234 2.209 1.046 -15.935 -1.509 
3 16 1.046 -15.935 -1.509 2.863 -16.234 2.209 -0.151 -16.521 -0.145 
3 16 5.19 -14.574 7.435 6.239 -13.947 8.117 5.573 -12.065 12.051 
3 16 5.19 -14.574 7.435 5.573 -12.065 12.051 4.426 -13.926 8.134 
3 16 -0.982 -16.036 0.851 -0.151 -16.521 -0.145 1.338 -15.52 3.193 
3 16 1.338 -15.52 3.193 -0.151 -16.521 -0.145 2.863 -16.234 2.209 
3 16 1.338 -15.52 3.193 2.863 -16.234 2.209 3.095 -14.904 5.264 
3 16 3.095 -14.904 5.264 2.863 -16.234 2.209 4.605 -15.665 4.75 
3 16 4.605 -15.665 4.75 5.19 -14.574 7.435 3.095 -14.904 5.264 
3 16 3.095 -14.904 5.264 5.19 -14.574 7.435 4.426 -13.926 8.134 
3 16 -0.866 -16.113 5.89 -2.29 -16.48 2.354 1.338 -15.52 3.193 
3 16 1.338 -15.52 3.193 -2.29 -16.48 2.354 -0.982 -16.036 0.851 
3 16 0.819 -15.021 8.583 -0.866 -16.113 5.89 3.095 -14.904 5.264 
3 16 3.095 -14.904 5.264 -0.866 -16.113 5.89 1.338 -15.52 3.193 
3 16 3.026 -13.663 10.938 0.819 -15.021 8.583 4.426 -13.926 8.134 
3 16 4.426 -13.926 8.134 0.819 -15.021 8.583 3.095 -14.904 5.264 
3 16 3.805 -8.396 16.562 2.893 -11.055 15.372 5.573 -12.065 12.051 
3 16 3.805 -8.396 16.562 5.573 -12.065 12.051 4.754 -10.315 15.109 
3 16 5.573 -12.065 12.051 2.893 -11.055 15.372 3.295 -11.756 14.546 
3 16 5.573 -12.065 12.051 3.295 -11.756 14.546 3.026 -13.663 10.938 
3 16 -4.871 -15.762 2.332 -2.29 -16.48 2.354 -4.401 -15.546 6.691 
3 16 -4.401 -15.546 6.691 -2.29 -16.48 2.354 -0.866 -16.113 5.89 
3 16 -4.401 -15.546 6.691 -0.866 -16.113 5.89 -2.718 -14.425 10.654 
3 16 -2.718 -14.425 10.654 -0.866 -16.113 5.89 0.819 -15.021 8.583 
3 16 -2.718 -14.425 10.654 0.819 -15.021 8.583 -0.137 -13.14 13.487 
3 16 -0.137 -13.14 13.487 0.819 -15.021 8.583 3.026 -13.663 10.938 
3 16 3.026 -13.663 10.938 3.295 -11.756 14.546 -0.137 -13.14 13.487 
3 16 2.893 -11.055 15.372 2.113 -11.587 15.136 3.295 -11.756 14.546 
3 16 -0.137 -13.14 13.487 3.295 -11.756 14.546 2.113 -11.587 15.136 
3 16 -2.718 -14.425 10.654 -0.137 -13.14 13.487 -4.246 -13.363 11.364 
3 16 -4.246 -13.363 11.364 -0.137 -13.14 13.487 -1.411 -11.708 14.345 
3 16 -4.401 -15.546 6.691 -2.718 -14.425 10.654 -6.198 -14.505 7.098 
3 16 -6.198 -14.505 7.098 -2.718 -14.425 10.654 -4.246 -13.363 11.364 
3 16 -4.401 -15.546 6.691 -6.198 -14.505 7.098 -4.871 -15.762 2.332 
3 16 -4.871 -15.762 2.332 -6.198 -14.505 7.098 -6.761 -14.768 2.176 
3 16 -2.29 -16.48 2.354 -4.871 -15.762 2.332 -2.629 -15.856 -0.241 
3 16 -2.629 -15.856 -0.241 -4.871 -15.762 2.332 -4.486 -15.044 -1.354 
3 16 -4.486 -15.044 -1.354 -4.871 -15.762 2.332 -6.253 -14.427 -1.075 
3 16 -6.253 -14.427 -1.075 -4.871 -15.762 2.332 -6.761 -14.768 2.176 
3 16 -0.137 -13.14 13.487 2.113 -11.587 15.136 -1.411 -11.708 14.345 
3 16 -1.411 -11.708 14.345 2.113 -11.587 15.136 1.154 -10.081 15.704 
3 16 2.113 -11.587 15.136 2.893 -11.055 15.372 1.154 -10.081 15.704 
3 16 3.602 -8.254 16.801 1.154 -10.081 15.704 3.805 -8.396 16.562 
3 16 1.154 -10.081 15.704 2.893 -11.055 15.372 3.805 -8.396 16.562 
3 16 3.602 -8.254 16.801 3.805 -8.396 16.562 8.153 -5.707 17.6 
3 16 3.805 -8.396 16.562 6.751 -7.449 16.532 8.153 -5.707 17.6 
3 16 6.751 -7.449 16.532 7.442 -7.293 16.888 8.153 -5.707 17.6 
3 16 8.817 -9.021 14.428 6.751 -7.449 16.532 5.663 -10.11 15.583 
3 16 5.663 -10.11 15.583 6.751 -7.449 16.532 3.805 -8.396 16.562 
3 16 5.663 -10.11 15.583 4.754 -10.315 15.109 6.81 -12.242 12.504 
3 16 6.81 -12.242 12.504 4.754 -10.315 15.109 5.573 -12.065 12.051 
3 16 6.81 -12.242 12.504 5.573 -12.065 12.051 7.377 -14.099 8.635 
3 16 7.377 -14.099 8.635 5.573 -12.065 12.051 6.239 -13.947 8.117 
3 16 7.377 -14.099 8.635 6.239 -13.947 8.117 7.142 -15.585 5.071 
3 16 7.142 -15.585 5.071 6.239 -13.947 8.117 5.807 -15.215 4.925 
3 16 7.142 -15.585 5.071 5.807 -15.215 4.925 5.955 -16.905 0.926 
3 16 5.955 -16.905 0.926 5.807 -15.215 4.925 4.016 -16.006 1.499 
3 16 5.955 -16.905 0.926 4.016 -16.006 1.499 3.567 -17.015 -2.817 
3 16 3.567 -17.015 -2.817 4.016 -16.006 1.499 1.046 -15.935 -1.509 
3 16 -2.629 -15.856 -0.241 -0.982 -16.036 0.851 -2.29 -16.48 2.354 
3 16 5.573 -12.065 12.051 3.026 -13.663 10.938 4.426 -13.926 8.134 
3 16 -0.261 -13.986 -6.272 1.01 -13.852 -8.109 4.929 -15.846 -4.283 
3 16 4.929 -15.846 -4.283 1.01 -13.852 -8.109 5.976 -15.665 -4.989 
3 16 3.567 -17.015 -2.817 4.562 -16.616 -3.633 5.955 -16.905 0.926 
3 16 5.955 -16.905 0.926 4.562 -16.616 -3.633 8.031 -16.239 -0.273 
3 16 4.929 -15.846 -4.283 8.031 -16.239 -0.273 4.562 -16.616 -3.633 
3 16 7.142 -15.585 5.071 5.955 -16.905 0.926 11.106 -14.099 2.875 
3 16 5.955 -16.905 0.926 8.031 -16.239 -0.273 11.106 -14.099 2.875 
3 16 8.031 -16.239 -0.273 10.162 -14.855 -0.919 11.106 -14.099 2.875 
3 16 7.377 -14.099 8.635 7.142 -15.585 5.071 11.183 -12.571 7.175 
3 16 11.183 -12.571 7.175 7.142 -15.585 5.071 11.106 -14.099 2.875 
3 16 6.81 -12.242 12.504 7.377 -14.099 8.635 10.565 -11.006 10.769 
3 16 10.565 -11.006 10.769 7.377 -14.099 8.635 11.183 -12.571 7.175 
3 16 5.663 -10.11 15.583 6.81 -12.242 12.504 8.817 -9.021 14.428 
3 16 8.817 -9.021 14.428 6.81 -12.242 12.504 10.565 -11.006 10.769 
3 16 9.712 -9.041 15.289 8.817 -9.021 14.428 11.918 -11.282 11.725 
3 16 11.918 -11.282 11.725 8.817 -9.021 14.428 10.565 -11.006 10.769 
3 16 11.918 -11.282 11.725 10.565 -11.006 10.769 12.709 -13.332 7.485 
3 16 12.709 -13.332 7.485 10.565 -11.006 10.769 11.183 -12.571 7.175 
3 16 12.709 -13.332 7.485 11.183 -12.571 7.175 12.56 -14.671 2.993 
3 16 12.56 -14.671 2.993 11.183 -12.571 7.175 11.106 -14.099 2.875 
3 16 12.56 -14.671 2.993 11.106 -14.099 2.875 11.514 -15.171 -1.282 
3 16 11.514 -15.171 -1.282 11.106 -14.099 2.875 10.162 -14.855 -0.919 
3 16 10.162 -14.855 -0.919 8.031 -16.239 -0.273 7.477 -14.726 -5.795 
3 16 7.477 -14.726 -5.795 8.031 -16.239 -0.273 5.976 -15.665 -4.989 
3 16 11.514 -15.171 -1.282 10.162 -14.855 -0.919 10.911 -15.22 -2.791 
3 16 10.162 -14.855 -0.919 7.477 -14.726 -5.795 10.911 -15.22 -2.791 
3 16 10.911 -15.22 -2.791 7.477 -14.726 -5.795 8.525 -14.935 -6.477 
3 16 2.854 -13.005 -10.316 8.525 -14.935 -6.477 2.871 -13.15 -9.32 
3 16 2.871 -13.15 -9.32 8.525 -14.935 -6.477 7.477 -14.726 -5.795 
3 16 7.477 -14.726 -5.795 5.976 -15.665 -4.989 2.871 -13.15 -9.32 
3 16 2.871 -13.15 -9.32 5.976 -15.665 -4.989 1.01 -13.852 -8.109 
3 16 8.525 -14.935 -6.477 11.554 -12.261 -8.088 10.911 -15.22 -2.791 
3 16 10.911 -15.22 -2.791 11.554 -12.261 -8.088 14.061 -12.661 -4.449 
3 16 10.911 -15.22 -2.791 14.061 -12.661 -4.449 11.514 -15.171 -1.282 
3 16 11.514 -15.171 -1.282 14.061 -12.661 -4.449 14.987 -12.61 -2.528 
3 16 11.514 -15.171 -1.282 14.987 -12.61 -2.528 12.56 -14.671 2.993 
3 16 12.56 -14.671 2.993 14.987 -12.61 -2.528 16.16 -12.014 2.337 
3 16 14.034 -8.895 12.808 11.918 -11.282 11.725 15.776 -10.584 7.712 
3 16 15.776 -10.584 7.712 11.918 -11.282 11.725 12.709 -13.332 7.485 
3 16 15.776 -10.584 7.712 12.709 -13.332 7.485 16.16 -12.014 2.337 
3 16 16.16 -12.014 2.337 12.709 -13.332 7.485 12.56 -14.671 2.993 
3 16 2.854 -13.005 -10.316 3.591 -12.599 -10.755 8.525 -14.935 -6.477 
3 16 11.554 -12.261 -8.088 8.525 -14.935 -6.477 8.207 -11.092 -11.289 
3 16 8.525 -14.935 -6.477 3.591 -12.599 -10.755 8.207 -11.092 -11.289 
3 16 8.207 -11.092 -11.289 3.591 -12.599 -10.755 7.161 -10.001 -12.427 
3 16 3.591 -12.599 -10.755 6.586 -10.1 -12.631 7.161 -10.001 -12.427 
3 16 14.061 -12.661 -4.449 11.554 -12.261 -8.088 14.019 -11.226 -4.793 
3 16 14.019 -11.226 -4.793 11.554 -12.261 -8.088 11.579 -11.236 -8.206 
3 16 14.019 -11.226 -4.793 11.579 -11.236 -8.206 15.034 -10.682 -5.831 
3 16 15.034 -10.682 -5.831 11.579 -11.236 -8.206 12.162 -10.842 -8.793 
3 16 14.987 -12.61 -2.528 14.061 -12.661 -4.449 15.077 -10.863 -2.774 
3 16 15.077 -10.863 -2.774 14.061 -12.661 -4.449 14.019 -11.226 -4.793 
3 16 16.16 -12.014 2.337 14.987 -12.61 -2.528 16.268 -9.807 1.721 
3 16 16.268 -9.807 1.721 14.987 -12.61 -2.528 15.077 -10.863 -2.774 
3 16 15.776 -10.584 7.712 16.16 -12.014 2.337 15.993 -8.592 7.239 
3 16 15.993 -8.592 7.239 16.16 -12.014 2.337 16.268 -9.807 1.721 
3 16 14.034 -8.895 12.808 15.776 -10.584 7.712 14.504 -7.655 12.522 
3 16 14.504 -7.655 12.522 15.776 -10.584 7.712 15.993 -8.592 7.239 
3 16 14.034 -8.895 12.808 14.504 -7.655 12.522 11.432 -7.602 15.683 
3 16 11.432 -7.602 15.683 14.504 -7.655 12.522 11.601 -6.741 15.822 
3 16 15.077 -10.863 -2.774 14.019 -11.226 -4.793 16.532 -10.191 -3.393 
3 16 16.532 -10.191 -3.393 14.019 -11.226 -4.793 15.034 -10.682 -5.831 
3 16 15.077 -10.863 -2.774 16.532 -10.191 -3.393 16.268 -9.807 1.721 
3 16 16.268 -9.807 1.721 16.532 -10.191 -3.393 17.83 -9.069 1.223 
3 16 14.504 -7.655 12.522 15.993 -8.592 7.239 15.819 -6.98 13.157 
3 16 15.819 -6.98 13.157 15.993 -8.592 7.239 17.986 -7.711 7.128 
3 16 15.993 -8.592 7.239 16.268 -9.807 1.721 17.986 -7.711 7.128 
3 16 17.986 -7.711 7.128 16.268 -9.807 1.721 17.83 -9.069 1.223 
3 16 15.819 -6.98 13.157 12.522 -6.335 16.071 14.504 -7.655 12.522 
3 16 14.504 -7.655 12.522 12.522 -6.335 16.071 11.601 -6.741 15.822 
3 16 18.572 -1.931 11.835 20.245 -2.181 5.514 18.089 3.456 10.958 
3 16 18.089 3.456 10.958 20.245 -2.181 5.514 20.135 3.525 5.384 
3 16 20.14 -2.651 0.23 20.25 2.582 -0.228 20.245 -2.181 5.514 
3 16 20.245 -2.181 5.514 20.25 2.582 -0.228 20.135 3.525 5.384 
3 16 20.25 2.582 -0.228 20.14 -2.651 0.23 18.838 0.574 -4.953 
3 16 18.838 0.574 -4.953 20.14 -2.651 0.23 19.042 -3.163 -4.459 
3 16 18.376 1.282 -5.464 18.838 0.574 -4.953 16.533 -1.137 -8.986 
3 16 16.533 -1.137 -8.986 18.838 0.574 -4.953 17.58 -3.678 -7.764 
3 16 18.838 0.574 -4.953 19.042 -3.163 -4.459 17.58 -3.678 -7.764 
3 16 16.532 -10.191 -3.393 18.09 -6.011 -3.958 17.83 -9.069 1.223 
3 16 17.83 -9.069 1.223 18.09 -6.011 -3.958 19.217 -5.197 0.458 
3 16 17.986 -7.711 7.128 17.83 -9.069 1.223 19.185 -4.61 5.492 
3 16 19.185 -4.61 5.492 17.83 -9.069 1.223 19.217 -5.197 0.458 
3 16 19.027 -3.802 0.441 19.28 -3.378 5.073 19.217 -5.197 0.458 
3 16 19.217 -5.197 0.458 19.28 -3.378 5.073 19.185 -4.61 5.492 
3 16 19.027 -3.802 0.441 19.217 -5.197 0.458 17.633 -4.33 -3.813 
3 16 17.633 -4.33 -3.813 19.217 -5.197 0.458 18.09 -6.011 -3.958 
3 16 17.633 -4.33 -3.813 19.042 -3.163 -4.459 19.027 -3.802 0.441 
3 16 19.027 -3.802 0.441 19.042 -3.163 -4.459 20.14 -2.651 0.23 
3 16 19.027 -3.802 0.441 20.14 -2.651 0.23 19.28 -3.378 5.073 
3 16 19.28 -3.378 5.073 20.14 -2.651 0.23 20.245 -2.181 5.514 
3 16 19.28 -3.378 5.073 20.245 -2.181 5.514 17.23 -3.543 11.469 
3 16 17.23 -3.543 11.469 20.245 -2.181 5.514 18.572 -1.931 11.835 
3 16 19.28 -3.378 5.073 17.23 -3.543 11.469 19.185 -4.61 5.492 
3 16 19.185 -4.61 5.492 17.23 -3.543 11.469 17.269 -4.579 11.626 
3 16 15.819 -6.98 13.157 17.986 -7.711 7.128 17.269 -4.579 11.626 
3 16 17.269 -4.579 11.626 17.986 -7.711 7.128 19.185 -4.61 5.492 
3 16 17.23 -3.543 11.469 13.999 -3.807 15.414 17.269 -4.579 11.626 
3 16 17.269 -4.579 11.626 13.999 -3.807 15.414 14.126 -4.699 15.392 
3 16 11.733 -4.032 16.942 12.92 -4.528 16.268 13.999 -3.807 15.414 
3 16 13.999 -3.807 15.414 12.92 -4.528 16.268 14.126 -4.699 15.392 
3 16 -5.713 -14.191 -3.058 -6.814 -13.751 -5.653 -4.925 -14.645 -3.989 
3 16 -7.556 -13.134 -6.506 -7.399 -13.731 -8.323 -6.814 -13.751 -5.653 
3 16 -7.399 -13.731 -8.323 -4.925 -14.645 -3.989 -6.814 -13.751 -5.653 
3 16 -7.556 -13.134 -6.506 -7.994 -12.998 -7.942 -7.399 -13.731 -8.323 
3 16 -6.393 -7.834 -15.778 -8.122 -11.335 -11.509 -7.567 -7.826 -13.603 
3 16 -7.567 -7.826 -13.603 -8.122 -11.335 -11.509 -8.084 -8.177 -12.781 
3 16 -8.084 -8.177 -12.781 -8.122 -11.335 -11.509 -8.413 -12.067 -9.552 
3 16 -8.122 -11.335 -11.509 -7.399 -13.731 -8.323 -8.413 -12.067 -9.552 
3 16 -8.413 -12.067 -9.552 -7.399 -13.731 -8.323 -7.994 -12.998 -7.942 
3 16 -7.994 -12.998 -7.942 -8.535 -12.355 -8.53 -8.413 -12.067 -9.552 
3 16 -7.162 -5.538 -14.287 -6.777 -5.968 -15.031 -8.618 -7.548 -12.45 
3 16 -8.084 -8.177 -12.781 -8.618 -7.548 -12.45 -7.567 -7.826 -13.603 
3 16 -8.618 -7.548 -12.45 -6.777 -5.968 -15.031 -7.567 -7.826 -13.603 
3 16 -8.084 -8.177 -12.781 -12.999 -9.354 -9.311 -8.618 -7.548 -12.45 
3 16 -8.618 -7.548 -12.45 -12.999 -9.354 -9.311 -12.704 -8.127 -9.09 
3 16 -8.084 -8.177 -12.781 -8.413 -12.067 -9.552 -12.999 -9.354 -9.311 
3 16 -12.999 -9.354 -9.311 -8.413 -12.067 -9.552 -11.789 -12.736 -6.799 
3 16 -8.413 -12.067 -9.552 -8.535 -12.355 -8.53 -11.789 -12.736 -6.799 
3 16 -11.789 -12.736 -6.799 -8.535 -12.355 -8.53 -10.543 -12.6 -6.05 
3 16 -8.535 -12.355 -8.53 -7.994 -12.998 -7.942 -10.543 -12.6 -6.05 
3 16 -10.543 -12.6 -6.05 -7.994 -12.998 -7.942 -10.107 -13.821 -4.58 
3 16 -7.994 -12.998 -7.942 -7.556 -13.134 -6.506 -10.107 -13.821 -4.58 
3 16 -10.107 -13.821 -4.58 -7.556 -13.134 -6.506 -9.137 -13.872 -3.296 
3 16 -7.556 -13.134 -6.506 -6.814 -13.751 -5.653 -9.137 -13.872 -3.296 
3 16 -9.137 -13.872 -3.296 -6.814 -13.751 -5.653 -8.422 -14.937 -2.256 
3 16 -6.814 -13.751 -5.653 -5.713 -14.191 -3.058 -8.422 -14.937 -2.256 
3 16 -8.422 -14.937 -2.256 -5.713 -14.191 -3.058 -6.253 -14.427 -1.075 
3 16 -1.283 -13.895 -6.364 -2.44 -14.29 -7.696 -1.262 -14.207 -7.527 
3 16 -2.361 -14.127 -6.338 -2.44 -14.29 -7.696 -1.283 -13.895 -6.364 
3 16 -1.283 -13.895 -6.364 -1.262 -14.207 -7.527 -0.261 -13.986 -6.272 
3 16 -2.361 -14.127 -6.338 -1.283 -13.895 -6.364 -2.082 -14.173 -5.64 
3 16 4.562 -16.616 -3.633 -2.082 -14.173 -5.64 -0.261 -13.986 -6.272 
3 16 -2.082 -14.173 -5.64 -1.283 -13.895 -6.364 -0.261 -13.986 -6.272 
3 16 -0.261 -13.986 -6.272 4.929 -15.846 -4.283 4.562 -16.616 -3.633 
3 16 4.562 -16.616 -3.633 3.567 -17.015 -2.817 -2.082 -14.173 -5.64 
3 16 -2.082 -14.173 -5.64 3.567 -17.015 -2.817 -3.362 -14.346 -5.138 
3 16 1.046 -15.935 -1.509 -3.362 -14.346 -5.138 3.567 -17.015 -2.817 
3 16 -4.925 -14.645 -3.989 -3.362 -14.346 -5.138 -0.151 -16.521 -0.145 
3 16 -0.151 -16.521 -0.145 -3.362 -14.346 -5.138 1.046 -15.935 -1.509 
3 16 -5.713 -14.191 -3.058 -4.925 -14.645 -3.989 -4.486 -15.044 -1.354 
3 16 -4.486 -15.044 -1.354 -4.925 -14.645 -3.989 -2.629 -15.856 -0.241 
3 16 -2.629 -15.856 -0.241 -4.925 -14.645 -3.989 -0.151 -16.521 -0.145 
3 16 -0.151 -16.521 -0.145 -0.982 -16.036 0.851 -2.629 -15.856 -0.241 
3 16 -4.486 -15.044 -1.354 -6.253 -14.427 -1.075 -5.713 -14.191 -3.058 
3 16 -8.422 -14.937 -2.256 -6.253 -14.427 -1.075 -9.137 -15.681 2.141 
3 16 -9.137 -15.681 2.141 -6.253 -14.427 -1.075 -6.761 -14.768 2.176 
3 16 -9.137 -15.681 2.141 -6.761 -14.768 2.176 -8.261 -15.452 7.339 
3 16 -8.261 -15.452 7.339 -6.761 -14.768 2.176 -6.198 -14.505 7.098 
3 16 -8.261 -15.452 7.339 -6.198 -14.505 7.098 -6.524 -14.628 11.248 
3 16 -6.524 -14.628 11.248 -6.198 -14.505 7.098 -4.246 -13.363 11.364 
3 16 -6.524 -14.628 11.248 -4.246 -13.363 11.364 -3.444 -12.604 15.159 
3 16 -3.444 -12.604 15.159 -4.246 -13.363 11.364 -1.411 -11.708 14.345 
3 16 -3.444 -12.604 15.159 -1.411 -11.708 14.345 0.035 -10.274 17.141 
3 16 0.035 -10.274 17.141 -1.411 -11.708 14.345 1.154 -10.081 15.704 
3 16 0.035 -10.274 17.141 1.154 -10.081 15.704 2.641 -8.107 18.15 
3 16 2.641 -8.107 18.15 1.154 -10.081 15.704 3.602 -8.254 16.801 
3 16 2.641 -8.107 18.15 3.602 -8.254 16.801 7.651 -5.137 18.534 
3 16 7.651 -5.137 18.534 3.602 -8.254 16.801 8.153 -5.707 17.6 
3 16 8.153 -5.707 17.6 7.442 -7.293 16.888 9.089 -6.081 17.209 
3 16 -12.704 -8.127 -9.09 -12.999 -9.354 -9.311 -15.868 -8.1 -4.989 
3 16 -15.868 -8.1 -4.989 -12.999 -9.354 -9.311 -16.373 -9.749 -5.003 
3 16 -12.999 -9.354 -9.311 -11.789 -12.736 -6.799 -16.373 -9.749 -5.003 
3 16 -16.373 -9.749 -5.003 -11.789 -12.736 -6.799 -14.666 -12.668 -2.87 
3 16 -10.543 -12.6 -6.05 -13.235 -12.628 -1.984 -11.789 -12.736 -6.799 
3 16 -11.789 -12.736 -6.799 -13.235 -12.628 -1.984 -14.666 -12.668 -2.87 
3 16 -10.543 -12.6 -6.05 -10.107 -13.821 -4.58 -13.235 -12.628 -1.984 
3 16 -13.235 -12.628 -1.984 -10.107 -13.821 -4.58 -11.863 -14.424 0.33 
3 16 -10.107 -13.821 -4.58 -9.137 -13.872 -3.296 -11.863 -14.424 0.33 
3 16 -11.863 -14.424 0.33 -9.137 -13.872 -3.296 -10.556 -14.311 0.981 
3 16 -9.137 -13.872 -3.296 -8.422 -14.937 -2.256 -10.556 -14.311 0.981 
3 16 -10.556 -14.311 0.981 -8.422 -14.937 -2.256 -9.137 -15.681 2.141 
3 16 -4.737 -2.279 -15.694 -4.717 -3.034 -16.578 -6.4 -4.16 -14.858 
3 16 -4.717 -3.034 -16.578 -6.777 -5.968 -15.031 -6.4 -4.16 -14.858 
3 16 -6.777 -5.968 -15.031 -7.162 -5.538 -14.287 -6.4 -4.16 -14.858 
3 16 -1.862 0.578 -14.707 -0.025 2.052 -13.865 0.075 1.766 -16.109 
3 16 -4.717 -3.034 -16.578 -4.737 -2.279 -15.694 0.075 1.766 -16.109 
3 16 0.075 1.766 -16.109 -4.737 -2.279 -15.694 -1.862 0.578 -14.707 
3 16 -1.862 0.578 -14.707 -1.461 0.987 -13.963 -0.025 2.052 -13.865 
3 16 0.075 1.766 -16.109 -0.025 2.052 -13.865 3.671 4.602 -14.5 
3 16 8.833 8.535 -10.747 3.671 4.602 -14.5 8.244 8.344 -10.118 
3 16 8.244 8.344 -10.118 3.671 4.602 -14.5 3.919 5.121 -12.434 
3 16 0.195 2.536 -12.41 3.919 5.121 -12.434 -0.025 2.052 -13.865 
3 16 3.919 5.121 -12.434 3.671 4.602 -14.5 -0.025 2.052 -13.865 
3 16 8.244 8.344 -10.118 10.962 10.383 -7.051 8.833 8.535 -10.747 
3 16 8.833 8.535 -10.747 10.962 10.383 -7.051 12.002 10.567 -7.524 
3 16 16.503 11.948 -1.44 17.371 9.787 -3.116 12.002 10.567 -7.524 
3 16 17.371 9.787 -3.116 16.185 8.421 -6.565 12.002 10.567 -7.524 
3 16 12.002 10.567 -7.524 16.185 8.421 -6.565 15.759 4.614 -10.459 
3 16 17.381 6.095 -6.866 15.759 4.614 -10.459 16.185 8.421 -6.565 
3 16 17.451 8.82 -3.464 16.185 8.421 -6.565 17.371 9.787 -3.116 
3 16 18.023 8.276 -3.623 19.924 4.432 -1.241 18.079 5.905 -5.524 
3 16 17.789 5.064 -6.753 18.079 5.905 -5.524 18.79 2.438 -6.138 
3 16 19.924 4.432 -1.241 18.79 2.438 -6.138 18.079 5.905 -5.524 
3 16 18.023 8.276 -3.623 18.079 5.905 -5.524 16.185 8.421 -6.565 
3 16 18.079 5.905 -5.524 17.381 6.095 -6.866 16.185 8.421 -6.565 
3 16 13.029 12.409 -0.5 16.503 11.948 -1.44 12.812 11.956 -2.656 
3 16 10.962 10.383 -7.051 12.812 11.956 -2.656 12.002 10.567 -7.524 
3 16 12.002 10.567 -7.524 12.812 11.956 -2.656 16.503 11.948 -1.44 
3 16 -15.868 -8.1 -4.989 -16.373 -9.749 -5.003 -18.368 -7.441 1.41 
3 16 -18.368 -7.441 1.41 -16.373 -9.749 -5.003 -18.473 -8.741 1.709 
3 16 -16.373 -9.749 -5.003 -14.666 -12.668 -2.87 -18.473 -8.741 1.709 
3 16 -18.473 -8.741 1.709 -14.666 -12.668 -2.87 -16.374 -11.826 2.807 
3 16 -14.666 -12.668 -2.87 -13.235 -12.628 -1.984 -16.374 -11.826 2.807 
3 16 -16.374 -11.826 2.807 -13.235 -12.628 -1.984 -14.927 -11.894 3.266 
3 16 -13.235 -12.628 -1.984 -11.863 -14.424 0.33 -14.927 -11.894 3.266 
3 16 -14.927 -11.894 3.266 -11.863 -14.424 0.33 -12.416 -14.044 5.505 
3 16 -11.863 -14.424 0.33 -10.556 -14.311 0.981 -12.416 -14.044 5.505 
3 16 -12.416 -14.044 5.505 -10.556 -14.311 0.981 -10.728 -13.921 6.117 
3 16 -10.556 -14.311 0.981 -9.137 -15.681 2.141 -10.728 -13.921 6.117 
3 16 -10.728 -13.921 6.117 -9.137 -15.681 2.141 -8.261 -15.452 7.339 
3 16 17.707 4.187 10.709 15.583 4.109 14.491 18.089 3.456 10.958 
3 16 18.089 3.456 10.958 15.583 4.109 14.491 18.572 -1.931 11.835 
3 16 18.572 -1.931 11.835 15.583 4.109 14.491 15.175 -2.411 16.531 
3 16 13.999 -3.807 15.414 17.23 -3.543 11.469 15.175 -2.411 16.531 
3 16 15.175 -2.411 16.531 17.23 -3.543 11.469 18.572 -1.931 11.835 
3 16 11.733 -4.032 16.942 13.999 -3.807 15.414 12.86 -2.86 18.097 
3 16 12.86 -2.86 18.097 13.999 -3.807 15.414 15.175 -2.411 16.531 
3 16 2.641 -8.107 18.15 0.289 -6.787 18.391 0.035 -10.274 17.141 
3 16 0.035 -10.274 17.141 0.289 -6.787 18.391 -3.693 -8.845 17.002 
3 16 -0.84 -6.55 19.52 0.289 -6.787 18.391 4.663 -4.502 20.038 
3 16 7.513 -3.959 19.494 4.663 -4.502 20.038 7.505 -4.321 18.946 
3 16 4.663 -4.502 20.038 0.289 -6.787 18.391 7.505 -4.321 18.946 
3 16 0.289 -6.787 18.391 -0.84 -6.55 19.52 -3.693 -8.845 17.002 
3 16 -3.693 -8.845 17.002 -0.84 -6.55 19.52 -5.227 -8.597 17.915 
3 16 0.035 -10.274 17.141 -3.693 -8.845 17.002 -3.444 -12.604 15.159 
3 16 -3.444 -12.604 15.159 -3.693 -8.845 17.002 -6.969 -10.884 14.541 
3 16 -3.444 -12.604 15.159 -6.969 -10.884 14.541 -6.524 -14.628 11.248 
3 16 -6.524 -14.628 11.248 -6.969 -10.884 14.541 -9.456 -12.857 10.556 
3 16 -6.524 -14.628 11.248 -9.456 -12.857 10.556 -8.261 -15.452 7.339 
3 16 -8.261 -15.452 7.339 -9.456 -12.857 10.556 -10.728 -13.921 6.117 
3 16 -12.416 -14.044 5.505 -10.728 -13.921 6.117 -11.451 -12.774 10.4 
3 16 -11.451 -12.774 10.4 -10.728 -13.921 6.117 -9.456 -12.857 10.556 
3 16 -11.451 -12.774 10.4 -9.456 -12.857 10.556 -9.052 -10.833 14.701 
3 16 -9.052 -10.833 14.701 -9.456 -12.857 10.556 -6.969 -10.884 14.541 
3 16 -3.693 -8.845 17.002 -5.227 -8.597 17.915 -6.969 -10.884 14.541 
3 16 -6.969 -10.884 14.541 -5.227 -8.597 17.915 -9.052 -10.833 14.701 
3 16 -14.927 -11.894 3.266 -12.416 -14.044 5.505 -13.91 -10.641 9.688 
3 16 -13.91 -10.641 9.688 -12.416 -14.044 5.505 -11.451 -12.774 10.4 
3 16 -13.91 -10.641 9.688 -11.451 -12.774 10.4 -10.874 -8.822 14.887 
3 16 -10.874 -8.822 14.887 -11.451 -12.774 10.4 -9.052 -10.833 14.701 
3 16 -10.874 -8.822 14.887 -9.052 -10.833 14.701 -6.698 -6.963 18.317 
3 16 -6.698 -6.963 18.317 -9.052 -10.833 14.701 -5.227 -8.597 17.915 
3 16 -6.698 -6.963 18.317 -5.227 -8.597 17.915 -1.881 -5.11 20.256 
3 16 -1.881 -5.11 20.256 -5.227 -8.597 17.915 -0.84 -6.55 19.52 
3 16 -1.881 -5.11 20.256 -0.84 -6.55 19.52 2.707 -3.353 21.074 
3 16 2.707 -3.353 21.074 -0.84 -6.55 19.52 4.663 -4.502 20.038 
3 16 -1.881 -5.11 20.256 -2.997 -4.701 21.414 -6.698 -6.963 18.317 
3 16 -6.698 -6.963 18.317 -2.997 -4.701 21.414 -8.003 -6.702 19.444 
3 16 -6.698 -6.963 18.317 -8.003 -6.702 19.444 -10.874 -8.822 14.887 
3 16 -10.874 -8.822 14.887 -8.003 -6.702 19.444 -12.854 -8.952 15.186 
3 16 -10.874 -8.822 14.887 -12.854 -8.952 15.186 -13.91 -10.641 9.688 
3 16 -13.91 -10.641 9.688 -12.854 -8.952 15.186 -15.706 -10.527 9.667 
3 16 -13.91 -10.641 9.688 -15.706 -10.527 9.667 -14.927 -11.894 3.266 
3 16 -14.927 -11.894 3.266 -15.706 -10.527 9.667 -16.374 -11.826 2.807 
3 16 2.707 -3.353 21.074 1.623 -3.099 21.849 -1.881 -5.11 20.256 
3 16 -1.881 -5.11 20.256 1.623 -3.099 21.849 -2.997 -4.701 21.414 
3 16 5.12 5.057 19.768 8.905 6.493 17.857 4.093 6.855 19.394 
3 16 17.512 4.943 10.986 12.746 5.912 16.182 15.583 4.109 14.491 
3 16 12.746 5.912 16.182 12.86 -2.86 18.097 15.583 4.109 14.491 
3 16 15.583 4.109 14.491 12.86 -2.86 18.097 15.175 -2.411 16.531 
3 16 19.424 4.533 5.441 17.707 4.187 10.709 20.135 3.525 5.384 
3 16 20.135 3.525 5.384 17.707 4.187 10.709 18.089 3.456 10.958 
3 16 17.512 4.943 10.986 17.707 4.187 10.709 18.943 4.871 6.76 
3 16 18.943 4.871 6.76 17.707 4.187 10.709 19.424 4.533 5.441 
3 16 19.8 3.429 -0.578 19.424 4.533 5.441 20.25 2.582 -0.228 
3 16 20.25 2.582 -0.228 19.424 4.533 5.441 20.135 3.525 5.384 
3 16 20.25 2.582 -0.228 18.838 0.574 -4.953 19.8 3.429 -0.578 
3 16 19.8 3.429 -0.578 18.838 0.574 -4.953 18.376 1.282 -5.464 
3 16 19.8 3.429 -0.578 18.376 1.282 -5.464 19.924 4.432 -1.241 
3 16 19.924 4.432 -1.241 18.376 1.282 -5.464 18.79 2.438 -6.138 
3 16 19.424 4.533 5.441 19.8 3.429 -0.578 20.113 5.678 4.389 
3 16 20.113 5.678 4.389 19.8 3.429 -0.578 19.924 4.432 -1.241 
3 16 8.905 6.493 17.857 8.635 7.234 17.305 4.093 6.855 19.394 
3 16 4.093 6.855 19.394 8.635 7.234 17.305 3.877 7.646 18.67 
3 16 8.635 7.234 17.305 8.905 6.493 17.857 12.168 6.861 15.435 
3 16 12.168 6.861 15.435 8.905 6.493 17.857 12.746 5.912 16.182 
3 16 12.168 6.861 15.435 12.746 5.912 16.182 16.734 5.887 10.74 
3 16 16.734 5.887 10.74 12.746 5.912 16.182 17.512 4.943 10.986 
3 16 16.734 5.887 10.74 18.943 4.871 6.76 16.943 7.264 10.829 
3 16 19.424 4.533 5.441 20.113 5.678 4.389 18.943 4.871 6.76 
3 16 20.113 5.678 4.389 16.943 7.264 10.829 18.943 4.871 6.76 
3 16 17.512 4.943 10.986 18.943 4.871 6.76 16.734 5.887 10.74 
3 16 12.168 6.861 15.435 16.734 5.887 10.74 13.586 8.031 14.568 
3 16 13.586 8.031 14.568 16.734 5.887 10.74 16.943 7.264 10.829 
3 16 8.635 7.234 17.305 12.168 6.861 15.435 8.458 8.834 17.572 
3 16 8.458 8.834 17.572 12.168 6.861 15.435 13.586 8.031 14.568 
3 16 8.635 7.234 17.305 8.458 8.834 17.572 3.877 7.646 18.67 
3 16 3.877 7.646 18.67 8.458 8.834 17.572 3.546 9.222 18.838 
3 16 -14.804 -5.666 15.085 -12.854 -8.952 15.186 -10.177 -3.208 19.481 
3 16 -10.177 -3.208 19.481 -12.854 -8.952 15.186 -8.003 -6.702 19.444 
3 16 -5.532 -0.682 21.421 -2.997 -4.701 21.414 -0.565 1.964 21.827 
3 16 -0.565 1.964 21.827 -2.997 -4.701 21.414 1.623 -3.099 21.849 
3 16 -10.177 -3.208 19.481 -8.003 -6.702 19.444 -5.532 -0.682 21.421 
3 16 -5.532 -0.682 21.421 -8.003 -6.702 19.444 -2.997 -4.701 21.414 
3 16 -12.854 -8.952 15.186 -14.804 -5.666 15.085 -15.706 -10.527 9.667 
3 16 -15.706 -10.527 9.667 -14.804 -5.666 15.085 -17.589 -7.459 8.921 
3 16 -18.473 -8.741 1.709 -16.374 -11.826 2.807 -17.589 -7.459 8.921 
3 16 -17.589 -7.459 8.921 -16.374 -11.826 2.807 -15.706 -10.527 9.667 
3 16 6.751 -7.449 16.532 8.817 -9.021 14.428 7.442 -7.293 16.888 
3 16 7.442 -7.293 16.888 8.817 -9.021 14.428 9.712 -9.041 15.289 
3 16 7.651 -5.137 18.534 11.733 -4.032 16.942 7.505 -4.321 18.946 
3 16 -0.565 1.964 21.827 5.633 4.518 20.443 -0.224 3.032 20.875 
3 16 -0.224 3.032 20.875 5.633 4.518 20.443 5.12 5.057 19.768 
3 16 17.269 -4.579 11.626 14.126 -4.699 15.392 15.819 -6.98 13.157 
3 16 15.819 -6.98 13.157 14.126 -4.699 15.392 12.522 -6.335 16.071 
3 16 14.126 -4.699 15.392 12.92 -4.528 16.268 12.522 -6.335 16.071 
3 16 12.522 -6.335 16.071 12.92 -4.528 16.268 10.255 -5.833 17.124 
3 16 11.601 -6.741 15.822 9.089 -6.081 17.209 11.432 -7.602 15.683 
3 16 12.92 -4.528 16.268 11.733 -4.032 16.942 10.255 -5.833 17.124 
3 16 8.153 -5.707 17.6 9.089 -6.081 17.209 11.733 -4.032 16.942 
3 16 10.255 -5.833 17.124 11.733 -4.032 16.942 9.089 -6.081 17.209 
3 16 11.432 -7.602 15.683 9.712 -9.041 15.289 14.034 -8.895 12.808 
3 16 14.034 -8.895 12.808 9.712 -9.041 15.289 11.918 -11.282 11.725 
3 16 7.442 -7.293 16.888 9.712 -9.041 15.289 9.089 -6.081 17.209 
3 16 9.089 -6.081 17.209 9.712 -9.041 15.289 11.432 -7.602 15.683 
3 16 7.651 -5.137 18.534 8.153 -5.707 17.6 11.733 -4.032 16.942 
3 16 7.651 -5.137 18.534 7.505 -4.321 18.946 2.641 -8.107 18.15 
3 16 2.641 -8.107 18.15 7.505 -4.321 18.946 0.289 -6.787 18.391 
3 16 7.505 -4.321 18.946 11.733 -4.032 16.942 7.513 -3.959 19.494 
3 16 7.513 -3.959 19.494 11.733 -4.032 16.942 12.86 -2.86 18.097 
3 16 2.707 -3.353 21.074 6.729 -1.723 21.045 1.623 -3.099 21.849 
3 16 1.623 -3.099 21.849 6.729 -1.723 21.045 -0.565 1.964 21.827 
3 16 -0.565 1.964 21.827 6.729 -1.723 21.045 5.633 4.518 20.443 
3 16 6.729 -1.723 21.045 4.663 -4.502 20.038 7.513 -3.959 19.494 
3 16 12.746 5.912 16.182 8.905 6.493 17.857 12.86 -2.86 18.097 
3 16 12.86 -2.86 18.097 8.905 6.493 17.857 6.729 -1.723 21.045 
3 16 7.513 -3.959 19.494 12.86 -2.86 18.097 6.729 -1.723 21.045 
3 16 8.905 6.493 17.857 5.633 4.518 20.443 6.729 -1.723 21.045 
3 16 -5.532 -0.682 21.421 -0.565 1.964 21.827 -6.207 0.294 20.052 
3 16 -6.207 0.294 20.052 -0.565 1.964 21.827 -0.224 3.032 20.875 
3 16 -5.532 -0.682 21.421 -6.207 0.294 20.052 -10.177 -3.208 19.481 
3 16 -10.177 -3.208 19.481 -6.207 0.294 20.052 -10.764 -2.082 17.882 
3 16 -10.177 -3.208 19.481 -10.764 -2.082 17.882 -14.804 -5.666 15.085 
3 16 -14.804 -5.666 15.085 -10.764 -2.082 17.882 -14.454 -3.975 14.355 
3 16 -17.589 -7.459 8.921 -14.804 -5.666 15.085 -17.379 -5.931 8.41 
3 16 -17.379 -5.931 8.41 -14.804 -5.666 15.085 -14.454 -3.975 14.355 
3 16 -17.589 -7.459 8.921 -17.379 -5.931 8.41 -18.473 -8.741 1.709 
3 16 -18.473 -8.741 1.709 -17.379 -5.931 8.41 -18.368 -7.441 1.41 
3 16 -0.224 3.032 20.875 -0.978 4.485 21.02 -6.207 0.294 20.052 
3 16 -6.207 0.294 20.052 -0.978 4.485 21.02 -7.437 1.604 20.423 
3 16 -6.207 0.294 20.052 -7.437 1.604 20.423 -10.764 -2.082 17.882 
3 16 -10.764 -2.082 17.882 -7.437 1.604 20.423 -11.75 -0.45 18.225 
3 16 -10.764 -2.082 17.882 -11.75 -0.45 18.225 -14.454 -3.975 14.355 
3 16 -14.454 -3.975 14.355 -11.75 -0.45 18.225 -15.935 -2.747 14.082 
3 16 -14.454 -3.975 14.355 -15.935 -2.747 14.082 -17.379 -5.931 8.41 
3 16 -17.379 -5.931 8.41 -15.935 -2.747 14.082 -18.7 -4.421 8.651 
3 16 -18.368 -7.441 1.41 -17.379 -5.931 8.41 -19.423 -6.066 1.274 
3 16 -19.423 -6.066 1.274 -17.379 -5.931 8.41 -18.7 -4.421 8.651 
3 16 -15.868 -8.1 -4.989 -18.368 -7.441 1.41 -17.079 -6.793 -5.676 
3 16 -17.079 -6.793 -5.676 -18.368 -7.441 1.41 -19.423 -6.066 1.274 
3 16 -8.618 -7.548 -12.45 -12.704 -8.127 -9.09 -11.307 -6.538 -12.718 
3 16 -11.307 -6.538 -12.718 -12.704 -8.127 -9.09 -14.201 -6.803 -9.99 
3 16 -12.704 -8.127 -9.09 -15.868 -8.1 -4.989 -14.201 -6.803 -9.99 
3 16 -14.201 -6.803 -9.99 -15.868 -8.1 -4.989 -17.079 -6.793 -5.676 
3 16 -12.728 -3.66 -12.524 -16.553 -3.203 -8.921 -12.355 -2.939 -13.505 
3 16 -12.728 -3.66 -12.524 -12.355 -2.939 -13.505 -8.209 -3.989 -14.522 
3 16 -8.209 -3.989 -14.522 -12.355 -2.939 -13.505 -7.156 -2.476 -15.608 
3 16 -4.737 -2.279 -15.694 -6.4 -4.16 -14.858 -7.156 -2.476 -15.608 
3 16 -7.156 -2.476 -15.608 -6.4 -4.16 -14.858 -8.209 -3.989 -14.522 
3 16 -6.4 -4.16 -14.858 -7.162 -5.538 -14.287 -8.209 -3.989 -14.522 
3 16 -8.209 -3.989 -14.522 -7.162 -5.538 -14.287 -8.548 -5.153 -14.446 
3 16 -8.209 -3.989 -14.522 -8.548 -5.153 -14.446 -12.728 -3.66 -12.524 
3 16 -12.728 -3.66 -12.524 -8.548 -5.153 -14.446 -13.123 -4.367 -12.351 
3 16 -8.548 -5.153 -14.446 -11.307 -6.538 -12.718 -13.123 -4.367 -12.351 
3 16 -13.123 -4.367 -12.351 -11.307 -6.538 -12.718 -14.201 -6.803 -9.99 
3 16 -7.162 -5.538 -14.287 -8.618 -7.548 -12.45 -8.548 -5.153 -14.446 
3 16 -8.548 -5.153 -14.446 -8.618 -7.548 -12.45 -11.307 -6.538 -12.718 
3 16 -13.123 -4.367 -12.351 -14.201 -6.803 -9.99 -16.553 -3.203 -8.921 
3 16 -16.553 -3.203 -8.921 -14.201 -6.803 -9.99 -17.079 -6.793 -5.676 
3 16 -7.156 -2.476 -15.608 -6.095 0.502 -15.591 -4.737 -2.279 -15.694 
3 16 -4.737 -2.279 -15.694 -6.095 0.502 -15.591 -1.862 0.578 -14.707 
3 16 -6.095 0.502 -15.591 -7.156 -2.476 -15.608 -12.29 0.868 -13.885 
3 16 -12.29 0.868 -13.885 -7.156 -2.476 -15.608 -12.355 -2.939 -13.505 
3 16 -6.095 0.502 -15.591 -12.29 0.868 -13.885 -7.088 1.173 -14.441 
3 16 -7.088 1.173 -14.441 -12.29 0.868 -13.885 -11.902 1.661 -12.229 
3 16 -1.461 0.987 -13.963 -1.862 0.578 -14.707 -4.003 1.139 -14.053 
3 16 -4.003 1.139 -14.053 -1.862 0.578 -14.707 -6.095 0.502 -15.591 
3 16 -6.095 0.502 -15.591 -7.088 1.173 -14.441 -4.003 1.139 -14.053 
3 16 -4.003 1.139 -14.053 -7.088 1.173 -14.441 -11.091 3.594 -12.036 
3 16 -7.088 1.173 -14.441 -11.651 3.064 -12.386 -11.091 3.594 -12.036 
3 16 -12.355 -2.939 -13.505 -16.553 -3.203 -8.921 -12.29 0.868 -13.885 
3 16 -12.29 0.868 -13.885 -16.553 -3.203 -8.921 -17.092 1.628 -9.083 
3 16 -12.29 0.868 -13.885 -17.092 1.628 -9.083 -11.902 1.661 -12.229 
3 16 -11.902 1.661 -12.229 -17.092 1.628 -9.083 -15.491 2.785 -8.339 
3 16 -11.091 3.594 -12.036 -11.651 3.064 -12.386 -14.194 5.717 -8.57 
3 16 -14.194 5.717 -8.57 -11.651 3.064 -12.386 -15.192 5.065 -8.649 
3 16 -3.049 2.347 -13.94 -9.884 6.776 -11.725 -5.977 5.009 -11.546 
3 16 -9.884 6.776 -11.725 -8.347 6.866 -9.996 -5.977 5.009 -11.546 
3 16 0.195 2.536 -12.41 -0.025 2.052 -13.865 -5.977 5.009 -11.546 
3 16 -5.977 5.009 -11.546 -0.025 2.052 -13.865 -3.049 2.347 -13.94 
3 16 -0.025 2.052 -13.865 -1.461 0.987 -13.963 -3.049 2.347 -13.94 
3 16 -3.049 2.347 -13.94 -1.461 0.987 -13.963 -4.003 1.139 -14.053 
3 16 -3.049 2.347 -13.94 -4.003 1.139 -14.053 -11.152 4.543 -12.266 
3 16 -11.152 4.543 -12.266 -4.003 1.139 -14.053 -11.091 3.594 -12.036 
3 16 -3.049 2.347 -13.94 -11.152 4.543 -12.266 -9.884 6.776 -11.725 
3 16 -11.091 3.594 -12.036 -14.194 5.717 -8.57 -11.152 4.543 -12.266 
3 16 -11.152 4.543 -12.266 -14.194 5.717 -8.57 -14.144 6.64 -9.017 
3 16 -11.152 4.543 -12.266 -14.144 6.64 -9.017 -9.884 6.776 -11.725 
3 16 -9.884 6.776 -11.725 -14.144 6.64 -9.017 -12.152 8.63 -8.918 
3 16 -9.884 6.776 -11.725 -12.152 8.63 -8.918 -8.347 6.866 -9.996 
3 16 -8.347 6.866 -9.996 -12.152 8.63 -8.918 -10.598 8.713 -7.591 
3 16 18.023 8.276 -3.623 19.013 9.34 1.286 19.924 4.432 -1.241 
3 16 19.924 4.432 -1.241 19.013 9.34 1.286 20.113 5.678 4.389 
3 16 17.451 8.82 -3.464 18.661 9.814 1.099 18.023 8.276 -3.623 
3 16 18.023 8.276 -3.623 18.661 9.814 1.099 19.013 9.34 1.286 
3 16 17.451 8.82 -3.464 17.371 9.787 -3.116 18.661 9.814 1.099 
3 16 18.661 9.814 1.099 17.371 9.787 -3.116 18.492 10.378 1.082 
3 16 18.661 9.814 1.099 18.947 10.015 2.48 19.013 9.34 1.286 
3 16 19.562 8.034 4.704 18.604 8.989 6.121 18.589 8.429 6.379 
3 16 16.991 8.417 10.381 16.943 7.264 10.829 19.072 7.853 6.415 
3 16 16.943 7.264 10.829 20.113 5.678 4.389 19.072 7.853 6.415 
3 16 20.113 5.678 4.389 19.562 8.034 4.704 19.072 7.853 6.415 
3 16 18.604 8.989 6.121 19.562 8.034 4.704 18.947 10.015 2.48 
3 16 20.113 5.678 4.389 19.013 9.34 1.286 19.562 8.034 4.704 
3 16 19.562 8.034 4.704 19.013 9.34 1.286 18.947 10.015 2.48 
3 16 17.371 9.787 -3.116 16.503 11.948 -1.44 18.492 10.378 1.082 
3 16 18.492 10.378 1.082 16.503 11.948 -1.44 17.847 11.756 1.696 
3 16 18.492 10.378 1.082 17.847 11.756 1.696 18.947 10.015 2.48 
3 16 17.847 11.756 1.696 18.297 11.638 5.157 18.947 10.015 2.48 
3 16 18.947 10.015 2.48 18.297 11.638 5.157 18.604 8.989 6.121 
3 16 18.604 8.989 6.121 18.297 11.638 5.157 16.532 10.231 9.417 
3 16 18.297 11.638 5.157 16.434 12.286 8.343 16.532 10.231 9.417 
3 16 19.072 7.853 6.415 18.589 8.429 6.379 16.991 8.417 10.381 
3 16 16.991 8.417 10.381 18.589 8.429 6.379 16.224 9.226 9.76 
3 16 18.604 8.989 6.121 16.532 10.231 9.417 18.589 8.429 6.379 
3 16 18.589 8.429 6.379 16.532 10.231 9.417 16.224 9.226 9.76 
3 16 -7.088 1.173 -14.441 -11.902 1.661 -12.229 -11.651 3.064 -12.386 
3 16 -11.902 1.661 -12.229 -15.491 2.785 -8.339 -11.651 3.064 -12.386 
3 16 -11.651 3.064 -12.386 -15.491 2.785 -8.339 -15.192 5.065 -8.649 
3 16 -16.553 -3.203 -8.921 -17.079 -6.793 -5.676 -20.38 -1.856 -0.052 
3 16 -20.38 -1.856 -0.052 -17.079 -6.793 -5.676 -19.423 -6.066 1.274 
3 16 -18.7 -4.421 8.651 -19.989 -0.788 7.559 -19.423 -6.066 1.274 
3 16 -19.423 -6.066 1.274 -19.989 -0.788 7.559 -20.38 -1.856 -0.052 
3 16 -18.299 -0.23 11.404 -19.989 -0.788 7.559 -18.771 -1.907 10.108 
3 16 -19.989 -0.788 7.559 -18.7 -4.421 8.651 -18.771 -1.907 10.108 
3 16 -18.7 -4.421 8.651 -15.935 -2.747 14.082 -18.771 -1.907 10.108 
3 16 -15.935 -2.747 14.082 -17.308 -1.476 12.718 -18.771 -1.907 10.108 
3 16 -17.308 -1.476 12.718 -17.48 -0.711 11.957 -18.771 -1.907 10.108 
3 16 -17.308 -1.476 12.718 -15.935 -2.747 14.082 -13.2 0.713 17.134 
3 16 -13.2 0.713 17.134 -15.935 -2.747 14.082 -11.75 -0.45 18.225 
3 16 -17.48 -0.711 11.957 -17.308 -1.476 12.718 -13.419 1.476 16.23 
3 16 -13.419 1.476 16.23 -17.308 -1.476 12.718 -13.2 0.713 17.134 
3 16 -18.299 -0.23 11.404 -17.48 -0.711 11.957 -14.005 2.399 16.442 
3 16 -14.005 2.399 16.442 -17.48 -0.711 11.957 -13.419 1.476 16.23 
3 16 -13.2 0.713 17.134 -11.75 -0.45 18.225 -8.415 2.646 19.903 
3 16 -8.415 2.646 19.903 -11.75 -0.45 18.225 -7.437 1.604 20.423 
3 16 -7.485 3.823 19.956 -8.8 3.236 19.075 -8.415 2.646 19.903 
3 16 -13.419 1.476 16.23 -13.2 0.713 17.134 -8.8 3.236 19.075 
3 16 -8.8 3.236 19.075 -13.2 0.713 17.134 -8.415 2.646 19.903 
3 16 -13.419 1.476 16.23 -8.8 3.236 19.075 -14.005 2.399 16.442 
3 16 -14.005 2.399 16.442 -8.8 3.236 19.075 -8.916 4.048 19.358 
3 16 4.093 6.855 19.394 -2.438 7.887 19.637 -0.978 4.485 21.02 
3 16 -0.978 4.485 21.02 -2.438 7.887 19.637 -7.485 3.823 19.956 
3 16 -8.389 8.379 17.731 -8.916 4.048 19.358 -2.438 7.887 19.637 
3 16 -8.916 4.048 19.358 -7.485 3.823 19.956 -2.438 7.887 19.637 
3 16 -8.16 10.679 16.933 -7.913 9.118 16.961 -2.316 10.215 18.842 
3 16 -2.316 10.215 18.842 -7.913 9.118 16.961 -2.123 8.627 18.762 
3 16 -8.389 8.379 17.731 -2.438 7.887 19.637 -7.913 9.118 16.961 
3 16 -7.913 9.118 16.961 -2.438 7.887 19.637 -2.123 8.627 18.762 
3 16 -8.389 8.379 17.731 -11.746 8.2 15.761 -8.916 4.048 19.358 
3 16 -8.916 4.048 19.358 -11.746 8.2 15.761 -14.005 2.399 16.442 
3 16 -11.746 8.2 15.761 -14.119 6.527 15.085 -14.005 2.399 16.442 
3 16 -14.259 9.476 12.714 -16.308 7.332 10.366 -13.851 8.167 12.879 
3 16 -14.259 9.476 12.714 -13.851 8.167 12.879 -8.16 10.679 16.933 
3 16 -8.16 10.679 16.933 -13.851 8.167 12.879 -7.913 9.118 16.961 
3 16 -13.851 8.167 12.879 -11.746 8.2 15.761 -7.913 9.118 16.961 
3 16 -7.913 9.118 16.961 -11.746 8.2 15.761 -8.389 8.379 17.731 
3 16 -11.746 8.2 15.761 -13.851 8.167 12.879 -16.308 7.332 10.366 
3 16 -19.989 -0.788 7.559 -18.299 -0.23 11.404 -19.568 4.55 8.502 
3 16 -19.568 4.55 8.502 -18.299 -0.23 11.404 -14.119 6.527 15.085 
3 16 -18.299 -0.23 11.404 -14.005 2.399 16.442 -14.119 6.527 15.085 
3 16 -19.568 4.55 8.502 -20.047 2.676 -1.402 -19.989 -0.788 7.559 
3 16 -19.989 -0.788 7.559 -20.047 2.676 -1.402 -20.38 -1.856 -0.052 
3 16 -17.092 1.628 -9.083 -16.553 -3.203 -8.921 -20.047 2.676 -1.402 
3 16 -20.047 2.676 -1.402 -16.553 -3.203 -8.921 -20.38 -1.856 -0.052 
3 16 -18.701 5.668 3.5 -17.953 6.356 7.593 -14.434 10.57 11.168 
3 16 -14.434 10.57 11.168 -17.953 6.356 7.593 -14.295 10.362 12.129 
3 16 -17.953 6.356 7.593 -16.308 7.332 10.366 -14.295 10.362 12.129 
3 16 -14.295 10.362 12.129 -16.308 7.332 10.366 -14.259 9.476 12.714 
3 16 -14.434 10.57 11.168 -14.295 10.362 12.129 -7.594 14.414 14.685 
3 16 -7.594 14.414 14.685 -14.295 10.362 12.129 -7.757 13.871 15.609 
3 16 -14.434 10.57 11.168 -7.594 14.414 14.685 -14.736 11.277 10.817 
3 16 -14.736 11.277 10.817 -7.594 14.414 14.685 -7.9 15.282 14.502 
3 16 -15.491 2.785 -8.339 -18.112 4.675 -0.879 -15.192 5.065 -8.649 
3 16 -15.192 5.065 -8.649 -18.112 4.675 -0.879 -17.565 7.764 -1.527 
3 16 -14.194 5.717 -8.57 -15.192 5.065 -8.649 -16.671 8.195 -1.869 
3 16 -16.671 8.195 -1.869 -15.192 5.065 -8.649 -17.565 7.764 -1.527 
3 16 -14.144 6.64 -9.017 -14.194 5.717 -8.57 -16.534 8.901 -2.785 
3 16 -16.534 8.901 -2.785 -14.194 5.717 -8.57 -16.671 8.195 -1.869 
3 16 -17.092 1.628 -9.083 -20.047 2.676 -1.402 -15.491 2.785 -8.339 
3 16 -15.491 2.785 -8.339 -20.047 2.676 -1.402 -18.112 4.675 -0.879 
3 16 -17.953 6.356 7.593 -18.701 5.668 3.5 -19.568 4.55 8.502 
3 16 -19.568 4.55 8.502 -18.701 5.668 3.5 -20.047 2.676 -1.402 
3 16 -20.047 2.676 -1.402 -18.701 5.668 3.5 -18.112 4.675 -0.879 
3 16 -11.746 8.2 15.761 -16.308 7.332 10.366 -14.119 6.527 15.085 
3 16 -14.119 6.527 15.085 -16.308 7.332 10.366 -19.568 4.55 8.502 
3 16 -16.308 7.332 10.366 -17.953 6.356 7.593 -19.568 4.55 8.502 
3 16 5.12 5.057 19.768 4.093 6.855 19.394 -0.224 3.032 20.875 
3 16 -0.224 3.032 20.875 4.093 6.855 19.394 -0.978 4.485 21.02 
3 16 -14.259 9.476 12.714 -8.16 10.679 16.933 -14.295 10.362 12.129 
3 16 -14.295 10.362 12.129 -8.16 10.679 16.933 -7.757 13.871 15.609 
3 16 -0.978 4.485 21.02 -7.485 3.823 19.956 -7.437 1.604 20.423 
3 16 -7.437 1.604 20.423 -7.485 3.823 19.956 -8.415 2.646 19.903 
3 16 3.877 7.646 18.67 3.546 9.222 18.838 -2.123 8.627 18.762 
3 16 -2.123 8.627 18.762 3.546 9.222 18.838 -2.316 10.215 18.842 
3 16 4.093 6.855 19.394 3.877 7.646 18.67 -2.438 7.887 19.637 
3 16 -2.438 7.887 19.637 3.877 7.646 18.67 -2.123 8.627 18.762 
3 16 -14.144 6.64 -9.017 -16.534 8.901 -2.785 -12.152 8.63 -8.918 
3 16 -16.965 9.733 -0.551 -15.511 11.61 -1.786 -16.534 8.901 -2.785 
3 16 -12.152 8.63 -8.918 -16.534 8.901 -2.785 -15.511 11.61 -1.786 
3 16 -17.085 10.977 1.531 -17.158 10.159 1.936 -17.144 11.464 4.12 
3 16 -16.671 8.195 -1.869 -17.565 7.764 -1.527 -17.158 10.159 1.936 
3 16 -17.158 10.159 1.936 -17.565 7.764 -1.527 -17.671 9.835 2.651 
3 16 -16.534 8.901 -2.785 -16.671 8.195 -1.869 -16.965 9.733 -0.551 
3 16 -16.671 8.195 -1.869 -17.158 10.159 1.936 -16.965 9.733 -0.551 
3 16 -17.158 10.159 1.936 -17.085 10.977 1.531 -16.965 9.733 -0.551 
3 16 -17.671 9.835 2.651 -17.565 7.764 -1.527 -18.701 5.668 3.5 
3 16 -18.701 5.668 3.5 -17.565 7.764 -1.527 -18.112 4.675 -0.879 
3 16 -18.701 5.668 3.5 -14.736 11.277 10.817 -17.671 9.835 2.651 
3 16 -17.671 9.835 2.651 -14.736 11.277 10.817 -17.144 11.464 4.12 
3 16 -14.736 11.277 10.817 -15.088 15.262 4.41 -17.144 11.464 4.12 
3 16 -17.144 11.464 4.12 -15.088 15.262 4.41 -17.085 10.977 1.531 
3 16 -16.965 9.733 -0.551 -17.085 10.977 1.531 -15.511 11.61 -1.786 
3 16 -15.088 15.262 4.41 -15.511 11.61 -1.786 -17.085 10.977 1.531 
3 16 16.532 10.231 9.417 12.974 11.498 13.445 16.224 9.226 9.76 
3 16 16.224 9.226 9.76 12.974 11.498 13.445 12.877 10.205 13.451 
3 16 16.991 8.417 10.381 16.224 9.226 9.76 13.602 9.389 14.158 
3 16 13.602 9.389 14.158 16.224 9.226 9.76 12.877 10.205 13.451 
3 16 13.586 8.031 14.568 16.943 7.264 10.829 13.602 9.389 14.158 
3 16 13.602 9.389 14.158 16.943 7.264 10.829 16.991 8.417 10.381 
3 16 8.458 8.834 17.572 13.586 8.031 14.568 8.421 10.125 17.064 
3 16 8.421 10.125 17.064 13.586 8.031 14.568 13.602 9.389 14.158 
3 16 13.602 9.389 14.158 12.877 10.205 13.451 8.421 10.125 17.064 
3 16 8.421 10.125 17.064 12.877 10.205 13.451 7.852 10.915 16.267 
3 16 12.877 10.205 13.451 12.974 11.498 13.445 7.852 10.915 16.267 
3 16 7.852 10.915 16.267 12.974 11.498 13.445 8.058 12.236 16.129 
3 16 8.458 8.834 17.572 8.421 10.125 17.064 3.546 9.222 18.838 
3 16 3.546 9.222 18.838 8.421 10.125 17.064 3.573 10.806 18.311 
3 16 8.421 10.125 17.064 7.852 10.915 16.267 3.573 10.806 18.311 
3 16 3.573 10.806 18.311 7.852 10.915 16.267 3.61 11.327 17.57 
3 16 8.058 12.236 16.129 3.707 12.51 17.406 7.852 10.915 16.267 
3 16 7.852 10.915 16.267 3.707 12.51 17.406 3.61 11.327 17.57 
3 16 -2.316 10.215 18.842 3.546 9.222 18.838 -0.911 11.788 18.304 
3 16 -0.911 11.788 18.304 3.546 9.222 18.838 3.573 10.806 18.311 
3 16 3.573 10.806 18.311 3.61 11.327 17.57 -0.911 11.788 18.304 
3 16 3.61 11.327 17.57 3.707 12.51 17.406 -0.911 11.788 18.304 
3 16 -8.16 10.679 16.933 -2.316 10.215 18.842 -7.757 13.871 15.609 
3 16 -1.679 15.577 16.631 -7.757 13.871 15.609 -0.911 11.788 18.304 
3 16 -7.757 13.871 15.609 -2.316 10.215 18.842 -0.911 11.788 18.304 
3 16 -7.9 15.282 14.502 -7.594 14.414 14.685 -1.754 17.223 15.609 
3 16 -1.754 17.223 15.609 -7.594 14.414 14.685 -1.452 16.094 15.643 
3 16 -7.757 13.871 15.609 -1.679 15.577 16.631 -7.594 14.414 14.685 
3 16 -7.594 14.414 14.685 -1.679 15.577 16.631 -1.452 16.094 15.643 
3 16 -1.679 15.577 16.631 3.103 15.803 16.142 -1.452 16.094 15.643 
3 16 -1.452 16.094 15.643 3.103 15.803 16.142 3.022 16.345 15.408 
3 16 -1.754 17.223 15.609 -1.452 16.094 15.643 2.809 17.486 15.701 
3 16 2.809 17.486 15.701 -1.452 16.094 15.643 3.022 16.345 15.408 
3 16 12.974 11.498 13.445 16.532 10.231 9.417 12.996 13.96 11.937 
3 16 12.996 13.96 11.937 16.532 10.231 9.417 16.434 12.286 8.343 
3 16 8.058 12.236 16.129 12.974 11.498 13.445 8.06 15.167 14.772 
3 16 8.06 15.167 14.772 12.974 11.498 13.445 12.996 13.96 11.937 
3 16 8.058 12.236 16.129 8.06 15.167 14.772 3.707 12.51 17.406 
3 16 3.707 12.51 17.406 8.06 15.167 14.772 3.103 15.803 16.142 
3 16 3.707 12.51 17.406 3.103 15.803 16.142 -0.911 11.788 18.304 
3 16 -0.911 11.788 18.304 3.103 15.803 16.142 -1.679 15.577 16.631 
3 16 3.103 15.803 16.142 8.06 15.167 14.772 3.022 16.345 15.408 
3 16 3.022 16.345 15.408 8.06 15.167 14.772 7.908 15.859 13.981 
3 16 2.809 17.486 15.701 3.022 16.345 15.408 8.18 17.37 14.108 
3 16 8.18 17.37 14.108 3.022 16.345 15.408 7.908 15.859 13.981 
3 16 7.908 15.859 13.981 8.06 15.167 14.772 12.425 14.96 11.083 
3 16 12.425 14.96 11.083 8.06 15.167 14.772 12.996 13.96 11.937 
3 16 7.908 15.859 13.981 12.425 14.96 11.083 8.18 17.37 14.108 
3 16 8.18 17.37 14.108 12.425 14.96 11.083 12.794 16.114 10.62 
3 16 12.425 14.96 11.083 15.116 13.934 7.098 12.794 16.114 10.62 
3 16 12.794 16.114 10.62 15.116 13.934 7.098 14.995 14.594 6.773 
3 16 12.425 14.96 11.083 12.996 13.96 11.937 15.116 13.934 7.098 
3 16 15.116 13.934 7.098 12.996 13.96 11.937 16.434 12.286 8.343 
3 16 15.116 13.934 7.098 16.434 12.286 8.343 15.778 13.413 4.813 
3 16 15.778 13.413 4.813 16.434 12.286 8.343 18.297 11.638 5.157 
3 16 15.116 13.934 7.098 15.778 13.413 4.813 14.995 14.594 6.773 
3 16 13.029 12.409 -0.5 15.709 13.07 3.513 16.503 11.948 -1.44 
3 16 16.503 11.948 -1.44 15.709 13.07 3.513 17.847 11.756 1.696 
3 16 17.847 11.756 1.696 15.709 13.07 3.513 18.297 11.638 5.157 
3 16 15.709 13.07 3.513 15.778 13.413 4.813 18.297 11.638 5.157 
3 16 15.709 13.07 3.513 13.029 12.409 -0.5 15.105 14.217 3.322 
3 16 14.995 14.594 6.773 15.778 13.413 4.813 14.443 15.866 6.12 
3 16 15.709 13.07 3.513 15.105 14.217 3.322 15.778 13.413 4.813 
3 16 15.778 13.413 4.813 15.105 14.217 3.322 14.443 15.866 6.12 
3 16 14.995 14.594 6.773 14.443 15.866 6.12 12.794 16.114 10.62 
3 16 12.794 16.114 10.62 14.443 15.866 6.12 11.756 17.797 9.732 
3 16 12.794 16.114 10.62 11.756 17.797 9.732 8.18 17.37 14.108 
3 16 8.18 17.37 14.108 11.756 17.797 9.732 7.571 19.107 12.476 
3 16 2.809 17.486 15.701 2.564 19.415 14.287 -1.754 17.223 15.609 
3 16 -1.754 17.223 15.609 2.564 19.415 14.287 -1.962 19.386 14.217 
3 16 2.564 19.415 14.287 2.809 17.486 15.701 7.571 19.107 12.476 
3 16 7.571 19.107 12.476 2.809 17.486 15.701 8.18 17.37 14.108 
3 16 -7.9 15.282 14.502 -1.754 17.223 15.609 -7.527 18.954 12.082 
3 16 -7.527 18.954 12.082 -1.754 17.223 15.609 -1.962 19.386 14.217 
3 16 -7.527 18.954 12.082 -11.476 18.017 9.113 -7.9 15.282 14.502 
3 16 -7.9 15.282 14.502 -11.476 18.017 9.113 -14.736 11.277 10.817 
3 16 -11.476 18.017 9.113 -15.088 15.262 4.41 -14.736 11.277 10.817 
3 16 -10.598 8.713 -7.591 -12.152 8.63 -8.918 -12.728 11.06 -2.893 
3 16 -12.728 11.06 -2.893 -12.152 8.63 -8.918 -15.511 11.61 -1.786 
3 16 -15.088 15.262 4.41 -11.476 18.017 9.113 -12.56 14.944 3.611 
3 16 -12.56 14.944 3.611 -11.476 18.017 9.113 -10.299 17.633 8.072 
3 16 -11.476 18.017 9.113 -7.527 18.954 12.082 -10.299 17.633 8.072 
3 16 -10.299 17.633 8.072 -7.527 18.954 12.082 -6.778 18.803 11.179 
3 16 -6.778 18.803 11.179 -7.527 18.954 12.082 -2.058 19.176 12.924 
3 16 -2.058 19.176 12.924 -7.527 18.954 12.082 -1.962 19.386 14.217 
3 16 -2.058 19.176 12.924 -1.962 19.386 14.217 2.39 19.094 12.855 
3 16 2.39 19.094 12.855 -1.962 19.386 14.217 2.564 19.415 14.287 
3 16 2.564 19.415 14.287 7.571 19.107 12.476 2.39 19.094 12.855 
3 16 2.39 19.094 12.855 7.571 19.107 12.476 6.953 18.513 11.085 
3 16 7.571 19.107 12.476 11.756 17.797 9.732 6.953 18.513 11.085 
3 16 6.953 18.513 11.085 11.756 17.797 9.732 10.316 16.979 8.041 
3 16 11.756 17.797 9.732 14.443 15.866 6.12 10.316 16.979 8.041 
3 16 10.316 16.979 8.041 14.443 15.866 6.12 12.068 15.252 5.005 
3 16 14.443 15.866 6.12 15.105 14.217 3.322 12.068 15.252 5.005 
3 16 12.068 15.252 5.005 15.105 14.217 3.322 12.846 13.682 2.36 
3 16 13.029 12.409 -0.5 12.846 13.682 2.36 15.105 14.217 3.322 
3 16 7.605 2.17 -10.144 8.244 8.344 -10.118 3.809 4.12 -12.425 
3 16 8.244 8.344 -10.118 3.919 5.121 -12.434 3.809 4.12 -12.425 
3 16 3.809 4.12 -12.425 3.832 0.058 -12.333 7.605 2.17 -10.144 
3 16 3.514 -6.483 -11.383 6.396 -6.27 -9.758 3.832 0.058 -12.333 
3 16 6.396 -6.27 -9.758 7.605 2.17 -10.144 3.832 0.058 -12.333 
3 16 8.244 8.344 -10.118 7.605 2.17 -10.144 10.962 10.383 -7.051 
3 16 10.962 10.383 -7.051 7.605 2.17 -10.144 10.692 2.097 -7.245 
3 16 10.962 10.383 -7.051 10.692 2.097 -7.245 12.812 11.956 -2.656 
3 16 12.812 11.956 -2.656 10.692 2.097 -7.245 12.708 2.533 -2.439 
3 16 -5.977 5.009 -11.546 -9.342 2.424 -8.925 -5.908 0.172 -11.491 
3 16 -5.977 5.009 -11.546 -8.347 6.866 -9.996 -9.342 2.424 -8.925 
3 16 -8.347 6.866 -9.996 -10.598 8.713 -7.591 -9.342 2.424 -8.925 
3 16 -12.728 11.06 -2.893 -12.577 2.852 -3.126 -10.598 8.713 -7.591 
3 16 -9.342 2.424 -8.925 -10.598 8.713 -7.591 -12.577 2.852 -3.126 
3 16 -7.151 4.619 10.843 -6.778 18.803 11.179 -2.79 5.226 12.7 
3 16 -2.79 5.226 12.7 -6.778 18.803 11.179 -2.058 19.176 12.924 
3 16 10.316 16.979 8.041 10.217 4.425 8.017 6.953 18.513 11.085 
3 16 6.953 18.513 11.085 10.217 4.425 8.017 6.914 4.781 10.986 
3 16 10.316 16.979 8.041 12.068 15.252 5.005 10.217 4.425 8.017 
3 16 10.217 4.425 8.017 12.068 15.252 5.005 12.439 3.887 3.247 
3 16 12.068 15.252 5.005 12.846 13.682 2.36 12.439 3.887 3.247 
3 16 12.846 13.682 2.36 13.029 12.409 -0.5 12.439 3.887 3.247 
3 16 12.439 3.887 3.247 13.029 12.409 -0.5 12.708 2.533 -2.439 
3 16 12.812 11.956 -2.656 12.708 2.533 -2.439 13.029 12.409 -0.5 
3 16 11.648 -6.215 2.588 12.439 3.887 3.247 11.723 -6.445 -2.15 
3 16 11.723 -6.445 -2.15 12.439 3.887 3.247 12.708 2.533 -2.439 
3 16 -5.977 5.009 -11.546 -5.908 0.172 -11.491 -5.476 0.819 -10.129 
3 16 -5.977 5.009 -11.546 -5.476 0.819 -10.129 0.195 2.536 -12.41 
3 16 0.195 2.536 -12.41 -5.476 0.819 -10.129 -0.085 0.741 -11.308 
3 16 3.919 5.121 -12.434 0.195 2.536 -12.41 3.809 4.12 -12.425 
3 16 3.468 0.751 -10.81 3.809 4.12 -12.425 -0.085 0.741 -11.308 
3 16 3.809 4.12 -12.425 0.195 2.536 -12.41 -0.085 0.741 -11.308 
3 16 3.832 0.058 -12.333 3.809 4.12 -12.425 3.468 0.751 -10.81 
3 16 -12.577 2.852 -3.126 -12.728 11.06 -2.893 -12.562 3.541 2.732 
3 16 -12.562 3.541 2.732 -12.728 11.06 -2.893 -12.56 14.944 3.611 
3 16 -11.26 -6.434 -3.723 -12.577 2.852 -3.126 -11.797 -6.627 1.522 
3 16 -11.797 -6.627 1.522 -12.577 2.852 -3.126 -12.562 3.541 2.732 
3 16 3.468 0.751 -10.81 3.144 -6.141 -10.261 3.832 0.058 -12.333 
3 16 3.832 0.058 -12.333 3.144 -6.141 -10.261 3.514 -6.483 -11.383 
3 16 -5.476 0.819 -10.129 -5.908 0.172 -11.491 -4.883 -6.014 -9.568 
3 16 -4.883 -6.014 -9.568 -5.908 0.172 -11.491 -5.416 -6.768 -10.571 
3 16 -0.124 -5.842 -10.524 -0.085 0.741 -11.308 -4.883 -6.014 -9.568 
3 16 -4.883 -6.014 -9.568 -0.085 0.741 -11.308 -5.476 0.819 -10.129 
3 16 -0.085 0.741 -11.308 -0.124 -5.842 -10.524 3.468 0.751 -10.81 
3 16 3.468 0.751 -10.81 -0.124 -5.842 -10.524 3.144 -6.141 -10.261 
3 16 -4.19 -10.922 -8.125 -4.197 -8.045 -8.187 -5.416 -6.768 -10.571 
3 16 -5.416 -6.768 -10.571 -4.197 -8.045 -8.187 -4.883 -6.014 -9.568 
3 16 -8.233 -6.454 -8.527 -4.19 -10.922 -8.125 -5.416 -6.768 -10.571 
3 16 -11.26 -6.434 -3.723 -8 -10.431 -4.619 -8.233 -6.454 -8.527 
3 16 -8.233 -6.454 -8.527 -8 -10.431 -4.619 -4.19 -10.922 -8.125 
3 16 -11.797 -6.627 1.522 -9.237 -10.431 0 -11.26 -6.434 -3.723 
3 16 -11.26 -6.434 -3.723 -9.237 -10.431 0 -8 -10.431 -4.619 
3 16 -2.9 -6.379 11.492 -4.619 -10.431 8 -6.968 -6.469 9.536 
3 16 6.192 -6.364 10.183 4.619 -10.472 8 2.004 -6.389 11.536 
3 16 4.619 -10.472 8 0.948 -10.431 9.018 2.004 -6.389 11.536 
3 16 8 -10.431 4.619 4.619 -10.472 8 9.338 -6.369 7.438 
3 16 9.338 -6.369 7.438 4.619 -10.472 8 6.192 -6.364 10.183 
3 16 11.723 -6.445 -2.15 9.237 -10.431 0 11.648 -6.215 2.588 
3 16 3.144 -6.141 -10.261 -0.124 -5.842 -10.524 2.862 -7.789 -8.808 
3 16 2.862 -7.789 -8.808 -0.124 -5.842 -10.524 0 -7.948 -9.237 
3 16 -4.883 -6.014 -9.568 -4.197 -8.045 -8.187 -0.124 -5.842 -10.524 
3 16 -0.124 -5.842 -10.524 -4.197 -8.045 -8.187 0 -7.948 -9.237 
3 16 2.865 -10.431 -8.816 3.514 -6.483 -11.383 2.862 -7.789 -8.808 
3 16 2.862 -7.789 -8.808 3.514 -6.483 -11.383 3.144 -6.141 -10.261 
3 16 4.619 0 8 4.619 -10.472 8 8 0 4.619 
3 16 8 0 4.619 4.619 -10.472 8 8 -10.431 4.619 
3 16 -9.237 0 0 -8 0 -4.619 -9.237 -10.431 0 
3 16 -9.237 -10.431 0 -8 0 -4.619 -8 -10.431 -4.619 
3 16 -4.19 -10.922 -8.125 -8 -10.431 -4.619 -4.197 -8.045 -8.187 
3 16 -4.197 -8.045 -8.187 -8 -10.431 -4.619 -8 0 -4.619 
3 16 -8 0 -4.619 -4.619 0 -8 -4.197 -8.045 -8.187 
3 16 -4.619 0 -8 0 0 -9.237 -4.197 -8.045 -8.187 
3 16 -4.197 -8.045 -8.187 0 0 -9.237 0 -7.948 -9.237 
3 16 4.619 0 -8 2.862 -7.789 -8.808 0 0 -9.237 
3 16 0 0 -9.237 2.862 -7.789 -8.808 0 -7.948 -9.237 
3 16 4.619 0 -8 8 0 -4.619 8 -10.431 -4.619 
3 16 8 -10.431 -4.619 2.865 -10.431 -8.816 2.862 -7.789 -8.808 
3 16 8 -10.431 -4.619 2.862 -7.789 -8.808 4.619 0 -8 
3 16 -8 -10.431 4.619 -8 0 4.619 -9.237 -10.431 0 
3 16 -9.237 -10.431 0 -8 0 4.619 -9.237 0 0 
3 16 -4.619 -10.431 8 -4.619 0 8 -8 -10.431 4.619 
3 16 -8 -10.431 4.619 -4.619 0 8 -8 0 4.619 
3 16 0 -10.431 9.237 0 0 9.237 -4.619 -10.431 8 
3 16 -4.619 -10.431 8 0 0 9.237 -4.619 0 8 
3 16 4.619 0 8 0 0 9.237 4.619 -10.472 8 
3 16 4.619 -10.472 8 0 0 9.237 0 -10.431 9.237 
3 16 9.237 -10.431 0 9.237 0 0 8 -10.431 4.619 
3 16 8 -10.431 4.619 9.237 0 0 8 0 4.619 
3 16 8 -10.431 -4.619 8 0 -4.619 9.237 -10.431 0 
3 16 9.237 -10.431 0 8 0 -4.619 9.237 0 0 
3 16 -9.908 -6.359 6.52 -8 -10.431 4.619 -11.797 -6.627 1.522 
3 16 -11.797 -6.627 1.522 -8 -10.431 4.619 -9.237 -10.431 0 
3 16 2.865 -10.431 -8.816 8 -10.431 -4.619 6.396 -6.27 -9.758 
3 16 6.396 -6.27 -9.758 8 -10.431 -4.619 9.52 -6.295 -6.747 
3 16 6.192 -6.364 10.183 6.914 4.781 10.986 9.338 -6.369 7.438 
3 16 9.338 -6.369 7.438 6.914 4.781 10.986 10.217 4.425 8.017 
3 16 9.338 -6.369 7.438 10.217 4.425 8.017 11.648 -6.215 2.588 
3 16 11.648 -6.215 2.588 10.217 4.425 8.017 12.439 3.887 3.247 
3 16 9.237 -10.431 0 8 -10.431 4.619 11.648 -6.215 2.588 
3 16 11.648 -6.215 2.588 8 -10.431 4.619 9.338 -6.369 7.438 
3 16 -4.619 -10.431 8 -8 -10.431 4.619 -6.968 -6.469 9.536 
3 16 -6.968 -6.469 9.536 -8 -10.431 4.619 -9.908 -6.359 6.52 
3 16 -4.619 -10.431 8 -2.9 -6.379 11.492 0 -10.431 9.237 
3 16 0.948 -10.431 9.018 0 -10.431 9.237 2.004 -6.389 11.536 
3 16 2.004 -6.389 11.536 0 -10.431 9.237 -2.9 -6.379 11.492 
3 16 -10.38 4.078 7.788 -9.908 -6.359 6.52 -12.562 3.541 2.732 
3 16 -12.562 3.541 2.732 -9.908 -6.359 6.52 -11.797 -6.627 1.522 
3 16 -8.233 -6.454 -8.527 -9.342 2.424 -8.925 -11.26 -6.434 -3.723 
3 16 -11.26 -6.434 -3.723 -9.342 2.424 -8.925 -12.577 2.852 -3.126 
3 16 -9.342 2.424 -8.925 -8.233 -6.454 -8.527 -5.908 0.172 -11.491 
3 16 -5.908 0.172 -11.491 -8.233 -6.454 -8.527 -5.416 -6.768 -10.571 
3 16 9.237 -10.431 0 11.723 -6.445 -2.15 8 -10.431 -4.619 
3 16 8 -10.431 -4.619 11.723 -6.445 -2.15 9.52 -6.295 -6.747 
3 16 11.723 -6.445 -2.15 12.708 2.533 -2.439 9.52 -6.295 -6.747 
3 16 9.52 -6.295 -6.747 12.708 2.533 -2.439 10.692 2.097 -7.245 
3 16 3.514 -6.483 -11.383 2.865 -10.431 -8.816 6.396 -6.27 -9.758 
3 16 9.52 -6.295 -6.747 10.692 2.097 -7.245 6.396 -6.27 -9.758 
3 16 6.396 -6.27 -9.758 10.692 2.097 -7.245 7.605 2.17 -10.144 
3 16 2.004 -6.389 11.536 2.469 5.296 12.746 6.192 -6.364 10.183 
3 16 6.192 -6.364 10.183 2.469 5.296 12.746 6.914 4.781 10.986 
3 16 -2.9 -6.379 11.492 -2.79 5.226 12.7 2.004 -6.389 11.536 
3 16 2.004 -6.389 11.536 -2.79 5.226 12.7 2.469 5.296 12.746 
3 16 -2.79 5.226 12.7 -2.9 -6.379 11.492 -7.151 4.619 10.843 
3 16 -7.151 4.619 10.843 -2.9 -6.379 11.492 -6.968 -6.469 9.536 
3 16 -7.151 4.619 10.843 -6.968 -6.469 9.536 -10.38 4.078 7.788 
3 16 -10.38 4.078 7.788 -6.968 -6.469 9.536 -9.908 -6.359 6.52 
3 16 -12.562 3.541 2.732 -12.56 14.944 3.611 -10.38 4.078 7.788 
3 16 -10.38 4.078 7.788 -12.56 14.944 3.611 -10.299 17.633 8.072 
3 16 -6.778 18.803 11.179 -7.151 4.619 10.843 -10.299 17.633 8.072 
3 16 -10.299 17.633 8.072 -7.151 4.619 10.843 -10.38 4.078 7.788 
3 16 6.953 18.513 11.085 6.914 4.781 10.986 2.39 19.094 12.855 
3 16 2.39 19.094 12.855 6.914 4.781 10.986 2.469 5.296 12.746 
3 16 -2.79 5.226 12.7 -2.058 19.176 12.924 2.469 5.296 12.746 
3 16 2.469 5.296 12.746 -2.058 19.176 12.924 2.39 19.094 12.855 
3 16 18.492 10.378 1.082 18.947 10.015 2.48 18.661 9.814 1.099 
3 16 16.185 8.421 -6.565 17.451 8.82 -3.464 18.023 8.276 -3.623 
3 16 18.079 5.905 -5.524 17.416 5.447 -6.895 17.381 6.095 -6.866 
3 16 -2.44 -14.29 -7.696 -2.224 -13.767 -9.278 -1.789 -13.932 -9.192 
3 16 -2.361 -14.127 -6.338 -4.919 -13.533 -9.37 -4.064 -14.024 -9.925 
3 16 12.223 5.145 -12.648 11.816 5.615 -12.531 13.818 6.19 -11.082 
3 16 7.161 -10.001 -12.427 8.511 -10.491 -11.3 8.207 -11.092 -11.289 
3 16 13.473 -6.726 -10.419 15.359 -6.85 -8.478 12.883 -7.736 -9.808 
3 16 12.883 -7.736 -9.808 15.359 -6.85 -8.478 15.683 -7.492 -7.74 
3 16 6.729 -1.723 21.045 2.707 -3.353 21.074 4.663 -4.502 20.038 
3 16 3.805 -8.396 16.562 4.754 -10.315 15.109 5.663 -10.11 15.583 
3 16 8.031 -16.239 -0.273 4.929 -15.846 -4.283 5.976 -15.665 -4.989 
3 16 -18.701 5.668 3.5 -14.434 10.57 11.168 -14.736 11.277 10.817 
3 16 5.769 4.579 -15.051 4.682 3.909 -15.386 4.524 4.331 -15.169 
3 16 -6.371 -6.733 -15.225 -6.393 -7.834 -15.778 -7.567 -7.826 -13.603 
3 16 -16.553 -3.203 -8.921 -12.728 -3.66 -12.524 -13.123 -4.367 -12.351 
3 16 -18.771 -1.907 10.108 -17.48 -0.711 11.957 -18.299 -0.23 11.404 
3 16 -8.916 4.048 19.358 -8.8 3.236 19.075 -7.485 3.823 19.956 
3 16 5.633 4.518 20.443 8.905 6.493 17.857 5.12 5.057 19.768 
3 16 19.562 8.034 4.704 18.589 8.429 6.379 19.072 7.853 6.415 
3 16 15.583 4.109 14.491 17.707 4.187 10.709 17.512 4.943 10.986 
3 16 -17.144 11.464 4.12 -17.158 10.159 1.936 -17.671 9.835 2.651 
3 16 0.354 1.262 -16.671 -4.717 -3.034 -16.578 0.075 1.766 -16.109 
3 16 9.089 -6.081 17.209 11.601 -6.741 15.822 10.255 -5.833 17.124 
3 16 10.255 -5.833 17.124 11.601 -6.741 15.822 12.522 -6.335 16.071 
3 16 -12.728 11.06 -2.893 -15.511 11.61 -1.786 -12.56 14.944 3.611 
3 16 -12.56 14.944 3.611 -15.511 11.61 -1.786 -15.088 15.262 4.41 
2 24 -4.919 -13.533 -9.37 -2.361 -14.127 -6.338 
2 24 -2.361 -14.127 -6.338 -5.755 -13.906 -9.273 
2 24 -5.755 -13.906 -9.273 -6.245 -12.09 -12.21 
2 24 -5.47 -12.042 -12.166 -4.919 -13.533 -9.37 
2 24 -4.203 -9.592 -15.969 -5.47 -12.042 -12.166 
2 24 -6.245 -12.09 -12.21 -4.947 -9.208 -16.351 
2 24 -4.546 -12.916 -12.89 -4.064 -14.024 -9.925 
2 24 -3.443 -10.436 -16.321 -4.546 -12.916 -12.89 
2 24 -0.534 -6.854 -18.406 -3.443 -10.436 -16.321 
2 24 -0.534 -6.854 -18.406 3.2 -3.265 -18.701 
2 24 -4.203 -9.592 -15.969 -1.209 -6.049 -17.998 
2 24 -1.209 -6.049 -17.998 2.801 -2.355 -18.262 
2 24 -1.853 -5.714 -18.623 2.356 -1.844 -18.675 
2 24 -4.947 -9.208 -16.351 -1.853 -5.714 -18.623 
2 24 2.356 -1.844 -18.675 6.16 1.274 -17.146 
2 24 6.674 0.744 -17.055 2.801 -2.355 -18.262 
2 24 6.16 1.274 -17.146 11.816 5.615 -12.531 
2 24 12.223 5.145 -12.648 6.674 0.744 -17.055 
2 24 7.254 0.337 -17.434 3.2 -3.265 -18.701 
2 24 12.616 4.69 -13.012 7.254 0.337 -17.434 
2 24 12.223 5.145 -12.648 13.818 6.19 -11.082 
2 24 13.818 6.19 -11.082 12.616 4.69 -13.012 
2 24 -2.224 -13.767 -9.278 -2.44 -14.29 -7.696 
2 24 -2.44 -14.29 -7.696 -3.012 -14.208 -9.523 
2 24 -0.745 -12.994 -11.847 -1.789 -13.932 -9.192 
2 24 -2.224 -13.767 -9.278 -1.672 -12.513 -12.059 
2 24 -3.012 -14.208 -9.523 -2.737 -13.231 -12.643 
2 24 -0.155 -10.801 -14.417 -1.672 -12.513 -12.059 
2 24 -2.737 -13.231 -12.643 -1.207 -11.134 -15.788 
2 24 0.759 -11.516 -14.299 -0.745 -12.994 -11.847 
2 24 1.582 -8.372 -17.507 -1.207 -11.134 -15.788 
2 24 2.4 -8.418 -16.1 -0.155 -10.801 -14.417 
2 24 3.323 -9.373 -16.175 0.759 -11.516 -14.299 
2 24 5.249 -4.943 -18.086 1.582 -8.372 -17.507 
2 24 6.393 -6.577 -16.938 3.323 -9.373 -16.175 
2 24 2.4 -8.418 -16.1 5.653 -5.499 -16.773 
2 24 9.853 -3.526 -16.445 6.393 -6.577 -16.938 
2 24 5.653 -5.499 -16.773 8.953 -2.684 -16.367 
2 24 5.249 -4.943 -18.086 8.703 -1.879 -17.387 
2 24 12.801 1.896 -14.555 8.703 -1.879 -17.387 
2 24 12.912 1.016 -14.105 8.953 -2.684 -16.367 
2 24 13.628 -0.038 -14.299 9.853 -3.526 -16.445 
2 24 13.818 6.19 -11.082 11.816 5.615 -12.531 
2 24 8.833 8.535 -10.747 12.002 10.567 -7.524 
2 24 15.759 4.614 -10.459 12.801 1.896 -14.555 
2 24 15.741 3.614 -10.506 12.912 1.016 -14.105 
2 24 16.318 2.863 -10.669 13.628 -0.038 -14.299 
2 24 18.079 5.905 -5.524 17.789 5.064 -6.753 
2 24 17.416 5.447 -6.895 18.079 5.905 -5.524 
2 24 15.741 3.614 -10.506 17.416 5.447 -6.895 
2 24 17.789 5.064 -6.753 16.318 2.863 -10.669 
2 24 15.759 4.614 -10.459 17.381 6.095 -6.866 
2 24 -2.082 -14.173 -5.64 -3.362 -14.346 -5.138 
2 24 -4.925 -14.645 -3.989 -7.399 -13.731 -8.323 
2 24 -3.362 -14.346 -5.138 -4.925 -14.645 -3.989 
2 24 -7.399 -13.731 -8.323 -8.122 -11.335 -11.509 
2 24 -8.122 -11.335 -11.509 -6.393 -7.834 -15.778 
2 24 -6.393 -7.834 -15.778 -3.009 -4.201 -18.226 
2 24 5.769 4.579 -15.051 4.952 3.276 -16.162 
2 24 4.682 3.909 -15.386 5.769 4.579 -15.051 
2 24 3.671 4.602 -14.5 8.833 8.535 -10.747 
2 24 5.769 4.579 -15.051 4.524 4.331 -15.169 
2 24 -3.009 -4.201 -18.226 1.128 -0.151 -17.977 
2 24 1.128 -0.151 -17.977 4.952 3.276 -16.162 
2 24 -6.371 -6.733 -15.225 -7.567 -7.826 -13.603 
2 24 -7.567 -7.826 -13.603 -6.777 -5.968 -15.031 
2 24 -6.777 -5.968 -15.031 -4.717 -3.034 -16.578 
2 24 -3.082 -3.095 -17.102 -6.371 -6.733 -15.225 
2 24 -4.717 -3.034 -16.578 0.354 1.262 -16.671 
2 24 0.747 0.623 -16.854 -3.082 -3.095 -17.102 
2 24 0.747 0.623 -16.854 4.682 3.909 -15.386 
2 24 0.354 1.262 -16.671 4.524 4.331 -15.169 
2 24 0.075 1.766 -16.109 3.671 4.602 -14.5 
2 24 1.193 -13.707 -10.625 -1.262 -14.207 -7.527 
2 24 3.322 -12.425 -12.898 5.755 -10.435 -14.714 
2 24 6.586 -10.1 -12.631 3.591 -12.599 -10.755 
2 24 3.591 -12.599 -10.755 2.854 -13.005 -10.316 
2 24 1.193 -13.707 -10.625 3.322 -12.425 -12.898 
2 24 2.871 -13.15 -9.32 1.01 -13.852 -8.109 
2 24 2.854 -13.005 -10.316 2.871 -13.15 -9.32 
2 24 1.01 -13.852 -8.109 -0.261 -13.986 -6.272 
2 24 8.487 -8.081 -15.403 5.755 -10.435 -14.714 
2 24 11.281 -5.584 -15.082 8.487 -8.081 -15.403 
2 24 14.974 -2.182 -12.7 11.281 -5.584 -15.082 
2 24 17.004 0.006 -10 14.974 -2.182 -12.7 
2 24 18.79 2.438 -6.138 17.004 0.006 -10 
2 24 8.787 -8.18 -12.842 6.586 -10.1 -12.631 
2 24 9.534 -7.604 -12.242 8.787 -8.18 -12.842 
2 24 10.711 -6.364 -12.852 9.534 -7.604 -12.242 
2 24 11.319 -5.836 -12.679 10.711 -6.364 -12.852 
2 24 11.646 -5.545 -13.167 11.319 -5.836 -12.679 
2 24 12.886 -4.896 -12.87 11.646 -5.545 -13.167 
2 24 14.801 -2.965 -11.235 12.886 -4.896 -12.87 
2 24 -2.361 -14.127 -6.338 -4.064 -14.024 -9.925 
2 24 -2.44 -14.29 -7.696 -2.361 -14.127 -6.338 
2 24 -1.262 -14.207 -7.527 -2.44 -14.29 -7.696 
2 24 -2.44 -14.29 -7.696 -1.789 -13.932 -9.192 
2 24 15.359 -6.85 -8.478 18.09 -6.011 -3.958 
2 24 15.683 -7.492 -7.74 15.359 -6.85 -8.478 
2 24 16.532 -10.191 -3.393 15.034 -10.682 -5.831 
2 24 12.883 -7.736 -9.808 15.683 -7.492 -7.74 
2 24 15.683 -7.492 -7.74 10.281 -8.613 -11.778 
2 24 15.034 -10.682 -5.831 12.162 -10.842 -8.793 
2 24 10.281 -8.613 -11.778 8.787 -8.18 -12.842 
2 24 9.534 -7.604 -12.242 10.51 -7.824 -11.467 
2 24 12.162 -10.842 -8.793 8.753 -10 -11.723 
2 24 10.51 -7.824 -11.467 12.883 -7.736 -9.808 
2 24 11.472 -6.672 -12.024 13.473 -6.726 -10.419 
2 24 10.711 -6.364 -12.852 11.472 -6.672 -12.024 
2 24 11.834 -5.77 -11.909 11.319 -5.836 -12.679 
2 24 11.834 -5.77 -11.909 13.705 -5.401 -9.928 
2 24 12.886 -4.896 -12.87 15.041 -4.445 -10.896 
2 24 15.359 -6.85 -8.478 13.473 -6.726 -10.419 
2 24 13.705 -5.401 -9.928 17.633 -4.33 -3.813 
2 24 17.58 -3.678 -7.764 19.042 -3.163 -4.459 
2 24 15.041 -4.445 -10.896 17.58 -3.678 -7.764 
2 24 16.533 -1.137 -8.986 14.801 -2.965 -11.235 
2 24 18.376 1.282 -5.464 16.533 -1.137 -8.986 
2 24 8.753 -10 -11.723 7.161 -10.001 -12.427 
2 24 8.511 -10.491 -11.3 7.161 -10.001 -12.427 
2 24 11.579 -11.236 -8.206 8.511 -10.491 -11.3 
2 24 11.554 -12.261 -8.088 8.207 -11.092 -11.289 
2 24 5.19 -14.574 7.435 4.605 -15.665 4.75 
2 24 5.807 -15.215 4.925 6.239 -13.947 8.117 
2 24 4.016 -16.006 1.499 5.807 -15.215 4.925 
2 24 4.605 -15.665 4.75 2.863 -16.234 2.209 
2 24 1.046 -15.935 -1.509 4.016 -16.006 1.499 
2 24 2.863 -16.234 2.209 -0.151 -16.521 -0.145 
2 24 6.239 -13.947 8.117 5.573 -12.065 12.051 
2 24 5.573 -12.065 12.051 5.19 -14.574 7.435 
2 24 5.573 -12.065 12.051 4.426 -13.926 8.134 
2 24 1.338 -15.52 3.193 -0.982 -16.036 0.851 
2 24 3.095 -14.904 5.264 1.338 -15.52 3.193 
2 24 4.426 -13.926 8.134 3.095 -14.904 5.264 
2 24 -0.866 -16.113 5.89 -2.29 -16.48 2.354 
2 24 0.819 -15.021 8.583 -0.866 -16.113 5.89 
2 24 3.026 -13.663 10.938 0.819 -15.021 8.583 
2 24 3.805 -8.396 16.562 2.893 -11.055 15.372 
2 24 5.573 -12.065 12.051 4.754 -10.315 15.109 
2 24 4.754 -10.315 15.109 3.805 -8.396 16.562 
2 24 2.893 -11.055 15.372 3.295 -11.756 14.546 
2 24 3.295 -11.756 14.546 3.026 -13.663 10.938 
2 24 -4.401 -15.546 6.691 -4.871 -15.762 2.332 
2 24 -2.718 -14.425 10.654 -4.401 -15.546 6.691 
2 24 -0.137 -13.14 13.487 -2.718 -14.425 10.654 
2 24 2.893 -11.055 15.372 2.113 -11.587 15.136 
2 24 2.113 -11.587 15.136 -0.137 -13.14 13.487 
2 24 -1.411 -11.708 14.345 -4.246 -13.363 11.364 
2 24 -4.246 -13.363 11.364 -6.198 -14.505 7.098 
2 24 -6.198 -14.505 7.098 -6.761 -14.768 2.176 
2 24 -2.629 -15.856 -0.241 -2.29 -16.48 2.354 
2 24 -4.871 -15.762 2.332 -4.486 -15.044 -1.354 
2 24 -4.486 -15.044 -1.354 -2.629 -15.856 -0.241 
2 24 -6.761 -14.768 2.176 -6.253 -14.427 -1.075 
2 24 1.154 -10.081 15.704 -1.411 -11.708 14.345 
2 24 3.602 -8.254 16.801 1.154 -10.081 15.704 
2 24 8.153 -5.707 17.6 3.602 -8.254 16.801 
2 24 8.817 -9.021 14.428 6.751 -7.449 16.532 
2 24 3.805 -8.396 16.562 5.663 -10.11 15.583 
2 24 6.81 -12.242 12.504 5.663 -10.11 15.583 
2 24 7.377 -14.099 8.635 6.81 -12.242 12.504 
2 24 7.142 -15.585 5.071 7.377 -14.099 8.635 
2 24 5.955 -16.905 0.926 7.142 -15.585 5.071 
2 24 3.567 -17.015 -2.817 5.955 -16.905 0.926 
2 24 -2.629 -15.856 -0.241 -0.982 -16.036 0.851 
2 24 4.929 -15.846 -4.283 -0.261 -13.986 -6.272 
2 24 1.01 -13.852 -8.109 5.976 -15.665 -4.989 
2 24 4.562 -16.616 -3.633 8.031 -16.239 -0.273 
2 24 4.929 -15.846 -4.283 8.031 -16.239 -0.273 
2 24 10.162 -14.855 -0.919 11.106 -14.099 2.875 
2 24 11.106 -14.099 2.875 11.183 -12.571 7.175 
2 24 11.183 -12.571 7.175 10.565 -11.006 10.769 
2 24 10.565 -11.006 10.769 8.817 -9.021 14.428 
2 24 11.918 -11.282 11.725 9.712 -9.041 15.289 
2 24 12.709 -13.332 7.485 11.918 -11.282 11.725 
2 24 12.56 -14.671 2.993 12.709 -13.332 7.485 
2 24 11.514 -15.171 -1.282 12.56 -14.671 2.993 
2 24 7.477 -14.726 -5.795 10.162 -14.855 -0.919 
2 24 8.031 -16.239 -0.273 5.976 -15.665 -4.989 
2 24 10.911 -15.22 -2.791 11.514 -15.171 -1.282 
2 24 8.525 -14.935 -6.477 10.911 -15.22 -2.791 
2 24 2.854 -13.005 -10.316 8.525 -14.935 -6.477 
2 24 7.477 -14.726 -5.795 2.871 -13.15 -9.32 
2 24 11.554 -12.261 -8.088 14.061 -12.661 -4.449 
2 24 14.061 -12.661 -4.449 14.987 -12.61 -2.528 
2 24 14.987 -12.61 -2.528 16.16 -12.014 2.337 
2 24 15.776 -10.584 7.712 14.034 -8.895 12.808 
2 24 16.16 -12.014 2.337 15.776 -10.584 7.712 
2 24 7.161 -10.001 -12.427 8.207 -11.092 -11.289 
2 24 11.579 -11.236 -8.206 14.019 -11.226 -4.793 
2 24 14.019 -11.226 -4.793 15.077 -10.863 -2.774 
2 24 15.077 -10.863 -2.774 16.268 -9.807 1.721 
2 24 16.268 -9.807 1.721 15.993 -8.592 7.239 
2 24 15.993 -8.592 7.239 14.504 -7.655 12.522 
2 24 11.432 -7.602 15.683 14.034 -8.895 12.808 
2 24 14.504 -7.655 12.522 11.601 -6.741 15.822 
2 24 16.532 -10.191 -3.393 17.83 -9.069 1.223 
2 24 17.986 -7.711 7.128 15.819 -6.98 13.157 
2 24 17.83 -9.069 1.223 17.986 -7.711 7.128 
2 24 15.819 -6.98 13.157 12.522 -6.335 16.071 
2 24 18.572 -1.931 11.835 20.245 -2.181 5.514 
2 24 20.135 3.525 5.384 18.089 3.456 10.958 
2 24 20.245 -2.181 5.514 20.14 -2.651 0.23 
2 24 20.25 2.582 -0.228 20.135 3.525 5.384 
2 24 18.838 0.574 -4.953 20.25 2.582 -0.228 
2 24 20.14 -2.651 0.23 19.042 -3.163 -4.459 
2 24 18.838 0.574 -4.953 17.58 -3.678 -7.764 
2 24 18.09 -6.011 -3.958 19.217 -5.197 0.458 
2 24 19.217 -5.197 0.458 19.185 -4.61 5.492 
2 24 19.027 -3.802 0.441 19.28 -3.378 5.073 
2 24 17.633 -4.33 -3.813 19.027 -3.802 0.441 
2 24 17.23 -3.543 11.469 19.28 -3.378 5.073 
2 24 17.269 -4.579 11.626 19.185 -4.61 5.492 
2 24 17.23 -3.543 11.469 13.999 -3.807 15.414 
2 24 14.126 -4.699 15.392 17.269 -4.579 11.626 
2 24 11.733 -4.032 16.942 12.92 -4.528 16.268 
2 24 13.999 -3.807 15.414 11.733 -4.032 16.942 
2 24 12.92 -4.528 16.268 14.126 -4.699 15.392 
2 24 -5.713 -14.191 -3.058 -6.814 -13.751 -5.653 
2 24 -6.814 -13.751 -5.653 -7.556 -13.134 -6.506 
2 24 -7.556 -13.134 -6.506 -7.994 -12.998 -7.942 
2 24 -7.567 -7.826 -13.603 -6.393 -7.834 -15.778 
2 24 -8.413 -12.067 -9.552 -8.084 -8.177 -12.781 
2 24 -7.994 -12.998 -7.942 -8.535 -12.355 -8.53 
2 24 -8.535 -12.355 -8.53 -8.413 -12.067 -9.552 
2 24 -8.618 -7.548 -12.45 -7.162 -5.538 -14.287 
2 24 -8.084 -8.177 -12.781 -12.999 -9.354 -9.311 
2 24 -12.704 -8.127 -9.09 -8.618 -7.548 -12.45 
2 24 -8.413 -12.067 -9.552 -11.789 -12.736 -6.799 
2 24 -8.535 -12.355 -8.53 -10.543 -12.6 -6.05 
2 24 -7.994 -12.998 -7.942 -10.107 -13.821 -4.58 
2 24 -7.556 -13.134 -6.506 -9.137 -13.872 -3.296 
2 24 -6.814 -13.751 -5.653 -8.422 -14.937 -2.256 
2 24 -5.713 -14.191 -3.058 -6.253 -14.427 -1.075 
2 24 -0.261 -13.986 -6.272 -1.283 -13.895 -6.364 
2 24 -1.283 -13.895 -6.364 -2.082 -14.173 -5.64 
2 24 4.562 -16.616 -3.633 -2.082 -14.173 -5.64 
2 24 3.567 -17.015 -2.817 -3.362 -14.346 -5.138 
2 24 1.046 -15.935 -1.509 -3.362 -14.346 -5.138 
2 24 -0.151 -16.521 -0.145 -4.925 -14.645 -3.989 
2 24 -4.486 -15.044 -1.354 -5.713 -14.191 -3.058 
2 24 -9.137 -15.681 2.141 -8.422 -14.937 -2.256 
2 24 -8.261 -15.452 7.339 -9.137 -15.681 2.141 
2 24 -6.524 -14.628 11.248 -8.261 -15.452 7.339 
2 24 -3.444 -12.604 15.159 -6.524 -14.628 11.248 
2 24 0.035 -10.274 17.141 -3.444 -12.604 15.159 
2 24 2.641 -8.107 18.15 0.035 -10.274 17.141 
2 24 7.651 -5.137 18.534 2.641 -8.107 18.15 
2 24 -15.868 -8.1 -4.989 -12.704 -8.127 -9.09 
2 24 -12.999 -9.354 -9.311 -16.373 -9.749 -5.003 
2 24 -11.789 -12.736 -6.799 -14.666 -12.668 -2.87 
2 24 -10.543 -12.6 -6.05 -13.235 -12.628 -1.984 
2 24 -10.107 -13.821 -4.58 -11.863 -14.424 0.33 
2 24 -9.137 -13.872 -3.296 -10.556 -14.311 0.981 
2 24 -6.4 -4.16 -14.858 -4.737 -2.279 -15.694 
2 24 -7.162 -5.538 -14.287 -6.4 -4.16 -14.858 
2 24 0.075 1.766 -16.109 -4.717 -3.034 -16.578 
2 24 -4.737 -2.279 -15.694 -1.862 0.578 -14.707 
2 24 -1.862 0.578 -14.707 -1.461 0.987 -13.963 
2 24 -1.461 0.987 -13.963 -0.025 2.052 -13.865 
2 24 3.919 5.121 -12.434 8.244 8.344 -10.118 
2 24 0.195 2.536 -12.41 3.919 5.121 -12.434 
2 24 -0.025 2.052 -13.865 0.195 2.536 -12.41 
2 24 8.244 8.344 -10.118 10.962 10.383 -7.051 
2 24 12.002 10.567 -7.524 16.503 11.948 -1.44 
2 24 17.371 9.787 -3.116 16.185 8.421 -6.565 
2 24 17.451 8.82 -3.464 16.185 8.421 -6.565 
2 24 19.924 4.432 -1.241 18.79 2.438 -6.138 
2 24 16.185 8.421 -6.565 18.023 8.276 -3.623 
2 24 18.079 5.905 -5.524 17.381 6.095 -6.866 
2 24 12.812 11.956 -2.656 13.029 12.409 -0.5 
2 24 10.962 10.383 -7.051 12.812 11.956 -2.656 
2 24 -18.368 -7.441 1.41 -15.868 -8.1 -4.989 
2 24 -16.373 -9.749 -5.003 -18.473 -8.741 1.709 
2 24 -14.666 -12.668 -2.87 -16.374 -11.826 2.807 
2 24 -13.235 -12.628 -1.984 -14.927 -11.894 3.266 
2 24 -11.863 -14.424 0.33 -12.416 -14.044 5.505 
2 24 -10.556 -14.311 0.981 -10.728 -13.921 6.117 
2 24 17.707 4.187 10.709 15.583 4.109 14.491 
2 24 15.583 4.109 14.491 18.089 3.456 10.958 
2 24 15.175 -2.411 16.531 18.572 -1.931 11.835 
2 24 15.175 -2.411 16.531 12.86 -2.86 18.097 
2 24 0.289 -6.787 18.391 -3.693 -8.845 17.002 
2 24 4.663 -4.502 20.038 -0.84 -6.55 19.52 
2 24 7.513 -3.959 19.494 4.663 -4.502 20.038 
2 24 0.289 -6.787 18.391 7.505 -4.321 18.946 
2 24 -0.84 -6.55 19.52 -5.227 -8.597 17.915 
2 24 -3.693 -8.845 17.002 -6.969 -10.884 14.541 
2 24 -6.969 -10.884 14.541 -9.456 -12.857 10.556 
2 24 -9.456 -12.857 10.556 -10.728 -13.921 6.117 
2 24 -11.451 -12.774 10.4 -12.416 -14.044 5.505 
2 24 -9.052 -10.833 14.701 -11.451 -12.774 10.4 
2 24 -5.227 -8.597 17.915 -9.052 -10.833 14.701 
2 24 -13.91 -10.641 9.688 -14.927 -11.894 3.266 
2 24 -10.874 -8.822 14.887 -13.91 -10.641 9.688 
2 24 -6.698 -6.963 18.317 -10.874 -8.822 14.887 
2 24 -1.881 -5.11 20.256 -6.698 -6.963 18.317 
2 24 2.707 -3.353 21.074 -1.881 -5.11 20.256 
2 24 -2.997 -4.701 21.414 -8.003 -6.702 19.444 
2 24 -8.003 -6.702 19.444 -12.854 -8.952 15.186 
2 24 -12.854 -8.952 15.186 -15.706 -10.527 9.667 
2 24 -15.706 -10.527 9.667 -16.374 -11.826 2.807 
2 24 1.623 -3.099 21.849 -2.997 -4.701 21.414 
2 24 5.12 5.057 19.768 8.905 6.493 17.857 
2 24 8.905 6.493 17.857 4.093 6.855 19.394 
2 24 17.512 4.943 10.986 12.746 5.912 16.182 
2 24 15.583 4.109 14.491 17.512 4.943 10.986 
2 24 19.424 4.533 5.441 17.707 4.187 10.709 
2 24 18.943 4.871 6.76 17.512 4.943 10.986 
2 24 19.424 4.533 5.441 18.943 4.871 6.76 
2 24 19.8 3.429 -0.578 19.424 4.533 5.441 
2 24 18.376 1.282 -5.464 19.8 3.429 -0.578 
2 24 19.924 4.432 -1.241 20.113 5.678 4.389 
2 24 8.635 7.234 17.305 3.877 7.646 18.67 
2 24 12.168 6.861 15.435 8.635 7.234 17.305 
2 24 8.905 6.493 17.857 12.746 5.912 16.182 
2 24 16.734 5.887 10.74 12.168 6.861 15.435 
2 24 16.734 5.887 10.74 18.943 4.871 6.76 
2 24 20.113 5.678 4.389 16.943 7.264 10.829 
2 24 16.943 7.264 10.829 13.586 8.031 14.568 
2 24 13.586 8.031 14.568 8.458 8.834 17.572 
2 24 8.458 8.834 17.572 3.546 9.222 18.838 
2 24 -10.177 -3.208 19.481 -14.804 -5.666 15.085 
2 24 -0.565 1.964 21.827 -5.532 -0.682 21.421 
2 24 -5.532 -0.682 21.421 -10.177 -3.208 19.481 
2 24 -14.804 -5.666 15.085 -17.589 -7.459 8.921 
2 24 -17.589 -7.459 8.921 -18.473 -8.741 1.709 
2 24 9.712 -9.041 15.289 7.442 -7.293 16.888 
2 24 7.651 -5.137 18.534 11.733 -4.032 16.942 
2 24 11.733 -4.032 16.942 7.505 -4.321 18.946 
2 24 -0.565 1.964 21.827 5.633 4.518 20.443 
2 24 5.12 5.057 19.768 -0.224 3.032 20.875 
2 24 10.255 -5.833 17.124 12.522 -6.335 16.071 
2 24 11.601 -6.741 15.822 9.089 -6.081 17.209 
2 24 9.089 -6.081 17.209 11.432 -7.602 15.683 
2 24 11.733 -4.032 16.942 8.153 -5.707 17.6 
2 24 9.089 -6.081 17.209 10.255 -5.833 17.124 
2 24 12.86 -2.86 18.097 7.513 -3.959 19.494 
2 24 2.707 -3.353 21.074 6.729 -1.723 21.045 
2 24 6.729 -1.723 21.045 1.623 -3.099 21.849 
2 24 6.729 -1.723 21.045 4.663 -4.502 20.038 
2 24 8.905 6.493 17.857 5.633 4.518 20.443 
2 24 -0.224 3.032 20.875 -6.207 0.294 20.052 
2 24 -6.207 0.294 20.052 -10.764 -2.082 17.882 
2 24 -10.764 -2.082 17.882 -14.454 -3.975 14.355 
2 24 -14.454 -3.975 14.355 -17.379 -5.931 8.41 
2 24 -17.379 -5.931 8.41 -18.368 -7.441 1.41 
2 24 -0.978 4.485 21.02 -7.437 1.604 20.423 
2 24 -7.437 1.604 20.423 -11.75 -0.45 18.225 
2 24 -11.75 -0.45 18.225 -15.935 -2.747 14.082 
2 24 -15.935 -2.747 14.082 -18.7 -4.421 8.651 
2 24 -18.7 -4.421 8.651 -19.423 -6.066 1.274 
2 24 -19.423 -6.066 1.274 -17.079 -6.793 -5.676 
2 24 -14.201 -6.803 -9.99 -11.307 -6.538 -12.718 
2 24 -17.079 -6.793 -5.676 -14.201 -6.803 -9.99 
2 24 -12.728 -3.66 -12.524 -16.553 -3.203 -8.921 
2 24 -16.553 -3.203 -8.921 -12.355 -2.939 -13.505 
2 24 -8.209 -3.989 -14.522 -12.728 -3.66 -12.524 
2 24 -12.355 -2.939 -13.505 -7.156 -2.476 -15.608 
2 24 -7.156 -2.476 -15.608 -4.737 -2.279 -15.694 
2 24 -6.4 -4.16 -14.858 -8.209 -3.989 -14.522 
2 24 -7.162 -5.538 -14.287 -8.548 -5.153 -14.446 
2 24 -8.548 -5.153 -14.446 -13.123 -4.367 -12.351 
2 24 -8.548 -5.153 -14.446 -11.307 -6.538 -12.718 
2 24 -16.553 -3.203 -8.921 -13.123 -4.367 -12.351 
2 24 -6.095 0.502 -15.591 -1.862 0.578 -14.707 
2 24 -12.29 0.868 -13.885 -6.095 0.502 -15.591 
2 24 -11.902 1.661 -12.229 -7.088 1.173 -14.441 
2 24 -4.003 1.139 -14.053 -1.461 0.987 -13.963 
2 24 -11.091 3.594 -12.036 -4.003 1.139 -14.053 
2 24 -7.088 1.173 -14.441 -11.651 3.064 -12.386 
2 24 -17.092 1.628 -9.083 -12.29 0.868 -13.885 
2 24 -15.491 2.785 -8.339 -11.902 1.661 -12.229 
2 24 -14.194 5.717 -8.57 -11.091 3.594 -12.036 
2 24 -11.651 3.064 -12.386 -15.192 5.065 -8.649 
2 24 -3.049 2.347 -13.94 -9.884 6.776 -11.725 
2 24 -8.347 6.866 -9.996 -5.977 5.009 -11.546 
2 24 -5.977 5.009 -11.546 0.195 2.536 -12.41 
2 24 -0.025 2.052 -13.865 -3.049 2.347 -13.94 
2 24 -11.152 4.543 -12.266 -3.049 2.347 -13.94 
2 24 -14.144 6.64 -9.017 -11.152 4.543 -12.266 
2 24 -12.152 8.63 -8.918 -9.884 6.776 -11.725 
2 24 -10.598 8.713 -7.591 -8.347 6.866 -9.996 
2 24 18.023 8.276 -3.623 19.013 9.34 1.286 
2 24 17.451 8.82 -3.464 18.661 9.814 1.099 
2 24 17.371 9.787 -3.116 18.492 10.378 1.082 
2 24 18.661 9.814 1.099 18.947 10.015 2.48 
2 24 18.947 10.015 2.48 19.013 9.34 1.286 
2 24 19.562 8.034 4.704 18.604 8.989 6.121 
2 24 18.589 8.429 6.379 19.562 8.034 4.704 
2 24 19.072 7.853 6.415 16.991 8.417 10.381 
2 24 19.562 8.034 4.704 19.072 7.853 6.415 
2 24 16.503 11.948 -1.44 17.847 11.756 1.696 
2 24 18.947 10.015 2.48 18.492 10.378 1.082 
2 24 17.847 11.756 1.696 18.297 11.638 5.157 
2 24 16.532 10.231 9.417 18.604 8.989 6.121 
2 24 18.297 11.638 5.157 16.434 12.286 8.343 
2 24 18.589 8.429 6.379 16.224 9.226 9.76 
2 24 -18.771 -1.907 10.108 -18.299 -0.23 11.404 
2 24 -17.308 -1.476 12.718 -18.771 -1.907 10.108 
2 24 -17.48 -0.711 11.957 -18.771 -1.907 10.108 
2 24 -13.2 0.713 17.134 -17.308 -1.476 12.718 
2 24 -13.419 1.476 16.23 -17.48 -0.711 11.957 
2 24 -14.005 2.399 16.442 -18.299 -0.23 11.404 
2 24 -8.415 2.646 19.903 -13.2 0.713 17.134 
2 24 -7.485 3.823 19.956 -8.8 3.236 19.075 
2 24 -8.415 2.646 19.903 -7.485 3.823 19.956 
2 24 -8.8 3.236 19.075 -13.419 1.476 16.23 
2 24 -8.916 4.048 19.358 -14.005 2.399 16.442 
2 24 4.093 6.855 19.394 -2.438 7.887 19.637 
2 24 -0.978 4.485 21.02 4.093 6.855 19.394 
2 24 -2.438 7.887 19.637 -8.389 8.379 17.731 
2 24 -8.916 4.048 19.358 -7.485 3.823 19.956 
2 24 -2.316 10.215 18.842 -8.16 10.679 16.933 
2 24 -7.913 9.118 16.961 -2.123 8.627 18.762 
2 24 -8.389 8.379 17.731 -11.746 8.2 15.761 
2 24 -11.746 8.2 15.761 -14.119 6.527 15.085 
2 24 -14.259 9.476 12.714 -16.308 7.332 10.366 
2 24 -16.308 7.332 10.366 -13.851 8.167 12.879 
2 24 -8.16 10.679 16.933 -14.259 9.476 12.714 
2 24 -13.851 8.167 12.879 -7.913 9.118 16.961 
2 24 -16.308 7.332 10.366 -11.746 8.2 15.761 
2 24 -14.119 6.527 15.085 -19.568 4.55 8.502 
2 24 -19.568 4.55 8.502 -20.047 2.676 -1.402 
2 24 -20.047 2.676 -1.402 -17.092 1.628 -9.083 
2 24 -18.701 5.668 3.5 -17.953 6.356 7.593 
2 24 -14.434 10.57 11.168 -18.701 5.668 3.5 
2 24 -17.953 6.356 7.593 -14.295 10.362 12.129 
2 24 -17.953 6.356 7.593 -16.308 7.332 10.366 
2 24 -7.594 14.414 14.685 -14.434 10.57 11.168 
2 24 -14.295 10.362 12.129 -7.757 13.871 15.609 
2 24 -7.9 15.282 14.502 -14.736 11.277 10.817 
2 24 -15.491 2.785 -8.339 -18.112 4.675 -0.879 
2 24 -17.565 7.764 -1.527 -15.192 5.065 -8.649 
2 24 -16.671 8.195 -1.869 -14.194 5.717 -8.57 
2 24 -16.534 8.901 -2.785 -14.144 6.64 -9.017 
2 24 -18.701 5.668 3.5 -18.112 4.675 -0.879 
2 24 -2.123 8.627 18.762 3.877 7.646 18.67 
2 24 3.546 9.222 18.838 -2.316 10.215 18.842 
2 24 -16.534 8.901 -2.785 -16.965 9.733 -0.551 
2 24 -15.511 11.61 -1.786 -12.152 8.63 -8.918 
2 24 -17.158 10.159 1.936 -17.144 11.464 4.12 
2 24 -17.144 11.464 4.12 -17.085 10.977 1.531 
2 24 -17.158 10.159 1.936 -16.671 8.195 -1.869 
2 24 -17.565 7.764 -1.527 -17.671 9.835 2.651 
2 24 -17.085 10.977 1.531 -16.965 9.733 -0.551 
2 24 -18.701 5.668 3.5 -14.736 11.277 10.817 
2 24 -17.144 11.464 4.12 -17.671 9.835 2.651 
2 24 -15.088 15.262 4.41 -15.511 11.61 -1.786 
2 24 16.532 10.231 9.417 12.974 11.498 13.445 
2 24 12.877 10.205 13.451 16.224 9.226 9.76 
2 24 13.602 9.389 14.158 16.991 8.417 10.381 
2 24 13.602 9.389 14.158 8.421 10.125 17.064 
2 24 12.877 10.205 13.451 7.852 10.915 16.267 
2 24 12.974 11.498 13.445 8.058 12.236 16.129 
2 24 8.421 10.125 17.064 3.573 10.806 18.311 
2 24 7.852 10.915 16.267 3.61 11.327 17.57 
2 24 8.058 12.236 16.129 3.707 12.51 17.406 
2 24 3.573 10.806 18.311 -0.911 11.788 18.304 
2 24 3.61 11.327 17.57 -0.911 11.788 18.304 
2 24 3.707 12.51 17.406 -0.911 11.788 18.304 
2 24 -1.679 15.577 16.631 -7.757 13.871 15.609 
2 24 -1.754 17.223 15.609 -7.9 15.282 14.502 
2 24 -7.594 14.414 14.685 -1.452 16.094 15.643 
2 24 -1.679 15.577 16.631 3.103 15.803 16.142 
2 24 3.022 16.345 15.408 -1.452 16.094 15.643 
2 24 2.809 17.486 15.701 -1.754 17.223 15.609 
2 24 16.434 12.286 8.343 12.996 13.96 11.937 
2 24 12.996 13.96 11.937 8.06 15.167 14.772 
2 24 8.06 15.167 14.772 3.103 15.803 16.142 
2 24 7.908 15.859 13.981 3.022 16.345 15.408 
2 24 8.18 17.37 14.108 2.809 17.486 15.701 
2 24 12.425 14.96 11.083 7.908 15.859 13.981 
2 24 12.794 16.114 10.62 8.18 17.37 14.108 
2 24 12.425 14.96 11.083 15.116 13.934 7.098 
2 24 14.995 14.594 6.773 12.794 16.114 10.62 
2 24 15.778 13.413 4.813 15.116 13.934 7.098 
2 24 15.778 13.413 4.813 14.995 14.594 6.773 
2 24 13.029 12.409 -0.5 15.709 13.07 3.513 
2 24 15.709 13.07 3.513 15.778 13.413 4.813 
2 24 13.029 12.409 -0.5 15.105 14.217 3.322 
2 24 15.105 14.217 3.322 14.443 15.866 6.12 
2 24 14.443 15.866 6.12 11.756 17.797 9.732 
2 24 11.756 17.797 9.732 7.571 19.107 12.476 
2 24 2.564 19.415 14.287 -1.962 19.386 14.217 
2 24 7.571 19.107 12.476 2.564 19.415 14.287 
2 24 -1.962 19.386 14.217 -7.527 18.954 12.082 
2 24 -7.527 18.954 12.082 -11.476 18.017 9.113 
2 24 -11.476 18.017 9.113 -15.088 15.262 4.41 
2 24 -12.728 11.06 -2.893 -10.598 8.713 -7.591 
2 24 -10.299 17.633 8.072 -12.56 14.944 3.611 
2 24 -6.778 18.803 11.179 -10.299 17.633 8.072 
2 24 -2.058 19.176 12.924 -6.778 18.803 11.179 
2 24 2.39 19.094 12.855 -2.058 19.176 12.924 
2 24 6.953 18.513 11.085 2.39 19.094 12.855 
2 24 10.316 16.979 8.041 6.953 18.513 11.085 
2 24 12.068 15.252 5.005 10.316 16.979 8.041 
2 24 12.846 13.682 2.36 12.068 15.252 5.005 
2 24 13.029 12.409 -0.5 12.846 13.682 2.36 
2 24 3.919 5.121 -12.434 3.809 4.12 -12.425 
2 24 3.809 4.12 -12.425 3.832 0.058 -12.333 
2 24 3.832 0.058 -12.333 3.514 -6.483 -11.383 
2 24 -5.908 0.172 -11.491 -5.977 5.009 -11.546 
2 24 -5.476 0.819 -10.129 -5.977 5.009 -11.546 
2 24 -5.476 0.819 -10.129 -0.085 0.741 -11.308 
2 24 3.468 0.751 -10.81 3.809 4.12 -12.425 
2 24 -0.085 0.741 -11.308 3.468 0.751 -10.81 
2 24 -12.728 11.06 -2.893 -12.56 14.944 3.611 
2 24 3.468 0.751 -10.81 3.144 -6.141 -10.261 
2 24 -4.883 -6.014 -9.568 -5.476 0.819 -10.129 
2 24 -5.908 0.172 -11.491 -5.416 -6.768 -10.571 
2 24 -4.883 -6.014 -9.568 -0.124 -5.842 -10.524 
2 24 -0.124 -5.842 -10.524 3.144 -6.141 -10.261 
2 24 -4.19 -10.922 -8.125 -4.197 -8.045 -8.187 
2 24 -5.416 -6.768 -10.571 -4.19 -10.922 -8.125 
2 24 -4.197 -8.045 -8.187 -4.883 -6.014 -9.568 
2 24 -8 -10.431 -4.619 -4.19 -10.922 -8.125 
2 24 -9.237 -10.431 0 -8 -10.431 -4.619 
2 24 4.619 -10.472 8 0.948 -10.431 9.018 
2 24 8 -10.431 4.619 4.619 -10.472 8 
2 24 2.862 -7.789 -8.808 3.144 -6.141 -10.261 
2 24 0 -7.948 -9.237 2.862 -7.789 -8.808 
2 24 -4.197 -8.045 -8.187 0 -7.948 -9.237 
2 24 2.865 -10.431 -8.816 3.514 -6.483 -11.383 
2 24 2.862 -7.789 -8.808 2.865 -10.431 -8.816 
2 24 8 0 4.619 4.619 0 8 
2 24 -9.237 0 0 -8 0 -4.619 
2 24 -8 0 -4.619 -4.619 0 -8 
2 24 -4.619 0 -8 0 0 -9.237 
2 24 0 0 -9.237 4.619 0 -8 
2 24 4.619 0 -8 8 0 -4.619 
2 24 8 -10.431 -4.619 2.865 -10.431 -8.816 
2 24 -9.237 -10.431 0 -8 -10.431 4.619 
2 24 -8 0 4.619 -9.237 0 0 
2 24 -8 -10.431 4.619 -4.619 -10.431 8 
2 24 -4.619 0 8 -8 0 4.619 
2 24 -4.619 -10.431 8 0 -10.431 9.237 
2 24 0 0 9.237 -4.619 0 8 
2 24 4.619 0 8 0 0 9.237 
2 24 0 -10.431 9.237 4.619 -10.472 8 
2 24 8 -10.431 4.619 9.237 -10.431 0 
2 24 9.237 0 0 8 0 4.619 
2 24 9.237 -10.431 0 8 -10.431 -4.619 
2 24 8 0 -4.619 9.237 0 0 
2 24 0.948 -10.431 9.018 0 -10.431 9.237 

0 // Stud4
3 16 5.47 0 3.158 8 0 4.619 6.317 0 0 
3 16 6.317 0 0 8 0 4.619 9.237 0 0 
3 16 3.158 0 5.47 4.619 0 8 5.47 0 3.158 
3 16 5.47 0 3.158 4.619 0 8 8 0 4.619 
3 16 0 0 6.317 0 0 9.237 3.158 0 5.47 
3 16 3.158 0 5.47 0 0 9.237 4.619 0 8 
3 16 -3.158 0 5.47 -4.619 0 8 0 0 6.317 
3 16 0 0 6.317 -4.619 0 8 0 0 9.237 
3 16 -5.47 0 3.158 -8 0 4.619 -3.158 0 5.47 
3 16 -3.158 0 5.47 -8 0 4.619 -4.619 0 8 
3 16 -6.317 0 0 -9.237 0 0 -5.47 0 3.158 
3 16 -5.47 0 3.158 -9.237 0 0 -8 0 4.619 
3 16 -5.47 0 -3.158 -8 0 -4.619 -6.317 0 0 
3 16 -6.317 0 0 -8 0 -4.619 -9.237 0 0 
3 16 -3.158 0 -5.47 -4.619 0 -8 -5.47 0 -3.158 
3 16 -5.47 0 -3.158 -4.619 0 -8 -8 0 -4.619 
3 16 0 0 -6.317 0 0 -9.237 -3.158 0 -5.47 
3 16 -3.158 0 -5.47 0 0 -9.237 -4.619 0 -8 
3 16 3.158 0 -5.47 4.619 0 -8 0 0 -6.317 
3 16 0 0 -6.317 4.619 0 -8 0 0 -9.237 
3 16 5.47 0 -3.158 8 0 -4.619 3.158 0 -5.47 
3 16 3.158 0 -5.47 8 0 -4.619 4.619 0 -8 
3 16 6.317 0 0 9.237 0 0 5.47 0 -3.158 
3 16 5.47 0 -3.158 9.237 0 0 8 0 -4.619 
3 16 5.47 -12 3.158 5.47 0 3.158 6.317 -12 0 
3 16 6.317 -12 0 5.47 0 3.158 6.317 0 0 
3 16 3.158 -12 5.47 3.158 0 5.47 5.47 -12 3.158 
3 16 5.47 -12 3.158 3.158 0 5.47 5.47 0 3.158 
3 16 3.158 -12 5.47 0 -12 6.317 3.158 0 5.47 
3 16 3.158 0 5.47 0 -12 6.317 0 0 6.317 
3 16 -3.158 -12 5.47 -3.158 0 5.47 0 -12 6.317 
3 16 0 -12 6.317 -3.158 0 5.47 0 0 6.317 
3 16 -5.47 -12 3.158 -5.47 0 3.158 -3.158 -12 5.47 
3 16 -3.158 -12 5.47 -5.47 0 3.158 -3.158 0 5.47 
3 16 -6.317 -12 0 -6.317 0 0 -5.47 -12 3.158 
3 16 -5.47 -12 3.158 -6.317 0 0 -5.47 0 3.158 
3 16 -5.47 -12 -3.158 -5.47 0 -3.158 -6.317 -12 0 
3 16 -6.317 -12 0 -5.47 0 -3.158 -6.317 0 0 
3 16 -3.158 -12 -5.47 -3.158 0 -5.47 -5.47 -12 -3.158 
3 16 -5.47 -12 -3.158 -3.158 0 -5.47 -5.47 0 -3.158 
3 16 0 -12 -6.317 0 0 -6.317 -3.158 -12 -5.47 
3 16 -3.158 -12 -5.47 0 0 -6.317 -3.158 0 -5.47 
3 16 3.158 -12 -5.47 3.158 0 -5.47 0 -12 -6.317 
3 16 0 -12 -6.317 3.158 0 -5.47 0 0 -6.317 
3 16 5.47 -12 -3.158 5.47 0 -3.158 3.158 -12 -5.47 
3 16 3.158 -12 -5.47 5.47 0 -3.158 3.158 0 -5.47 
3 16 6.317 -12 0 6.317 0 0 5.47 -12 -3.158 
3 16 5.47 -12 -3.158 6.317 0 0 5.47 0 -3.158 
3 16 5.47 -12 3.158 6.317 -12 0 0 -12 0 
3 16 3.158 -12 5.47 5.47 -12 3.158 0 -12 0 
3 16 0 -12 6.317 3.158 -12 5.47 0 -12 0 
3 16 -3.158 -12 5.47 0 -12 6.317 0 -12 0 
3 16 -5.47 -12 3.158 -3.158 -12 5.47 0 -12 0 
3 16 -6.317 -12 0 -5.47 -12 3.158 0 -12 0 
3 16 -5.47 -12 -3.158 -6.317 -12 0 0 -12 0 
3 16 -3.158 -12 -5.47 -5.47 -12 -3.158 0 -12 0 
3 16 0 -12 -6.317 -3.158 -12 -5.47 0 -12 0 
3 16 3.158 -12 -5.47 0 -12 -6.317 0 -12 0 
3 16 5.47 -12 -3.158 3.158 -12 -5.47 0 -12 0 
3 16 6.317 -12 0 5.47 -12 -3.158 0 -12 0 
2 24 6.317 0 0 5.47 0 3.158 
2 24 8 0 4.619 9.237 0 0 
2 24 5.47 0 3.158 3.158 0 5.47 
2 24 4.619 0 8 8 0 4.619 
2 24 3.158 0 5.47 0 0 6.317 
2 24 0 0 9.237 4.619 0 8 
2 24 0 0 6.317 -3.158 0 5.47 
2 24 -4.619 0 8 0 0 9.237 
2 24 -3.158 0 5.47 -5.47 0 3.158 
2 24 -8 0 4.619 -4.619 0 8 
2 24 -5.47 0 3.158 -6.317 0 0 
2 24 -9.237 0 0 -8 0 4.619 
2 24 -6.317 0 0 -5.47 0 -3.158 
2 24 -8 0 -4.619 -9.237 0 0 
2 24 -5.47 0 -3.158 -3.158 0 -5.47 
2 24 -4.619 0 -8 -8 0 -4.619 
2 24 -3.158 0 -5.47 0 0 -6.317 
2 24 0 0 -9.237 -4.619 0 -8 
2 24 0 0 -6.317 3.158 0 -5.47 
2 24 4.619 0 -8 0 0 -9.237 
2 24 3.158 0 -5.47 5.47 0 -3.158 
2 24 8 0 -4.619 4.619 0 -8 
2 24 5.47 0 -3.158 6.317 0 0 
2 24 9.237 0 0 8 0 -4.619 
2 24 6.317 -12 0 5.47 -12 3.158 
2 24 5.47 -12 3.158 3.158 -12 5.47 
2 24 3.158 -12 5.47 0 -12 6.317 
2 24 0 -12 6.317 -3.158 -12 5.47 
2 24 -3.158 -12 5.47 -5.47 -12 3.158 
2 24 -5.47 -12 3.158 -6.317 -12 0 
2 24 -6.317 -12 0 -5.47 -12 -3.158 
2 24 -5.47 -12 -3.158 -3.158 -12 -5.47 
2 24 -3.158 -12 -5.47 0 -12 -6.317 
2 24 0 -12 -6.317 3.158 -12 -5.47 
2 24 3.158 -12 -5.47 5.47 -12 -3.158 
2 24 5.47 -12 -3.158 6.317 -12 0 

