0 ARCH 1X12X3 (Needs Work)
0 Name: 18838.dat
0 Author: <AuthorRealName> [<AuthorLDrawName>]
0 !LDRAW_ORG Unofficial_Part
0 !LICENSE Redistributable under CCAL version 2.0 : see CAreadme.txt

0 BFC CERTIFY CCW

0 !HISTORY 2014-05-16 {LEGO Digital Designer} Original part shape
0 !HISTORY 2014-05-16 [<AuthorLDrawName>] File preparation for LDraw Parts Tracker

0 // Needs Work: Clean necessary

0 // Outside
3 16 210 -5.349 10 199.823 -17.51 10 210 -24 10 
3 16 210 -48 10 210 -24 10 190 -48 10 
3 16 190 -48 10 210 -24 10 199.823 -17.51 10 
3 16 199.823 -17.51 10 188.181 -28.271 10 190 -48 10 
3 16 188.181 -28.271 10 175.268 -37.455 10 190 -48 10 
3 16 190 -72 10 190 -48 10 161.289 -44.917 10 
3 16 161.289 -44.917 10 190 -48 10 175.268 -37.455 10 
3 16 131.057 -54.219 10 110 -56.02 10 190 -72 10 
3 16 190 -72 10 146.47 -50.536 10 131.057 -54.219 10 
3 16 190 -72 10 161.289 -44.917 10 146.47 -50.536 10 
3 16 230 0 10 210 0 10 210 -5.349 10 
3 16 210 0 -10 210 -5.349 6.657 210 0 10 
3 16 210 0 10 210 -5.349 6.657 210 -5.349 10 
3 16 210 -5.349 -10 210 -5.349 -6.257 210 0 -10 
3 16 210 0 -10 210 -5.349 -6.257 210 -5.349 6.657 
3 16 230 0 10 210 -5.349 10 230 -24 10 
3 16 230 -24 10 210 -5.349 10 210 -24 10 
3 16 210 -5.349 -10 210 0 -10 230 0 -10 
3 16 230 0 -10 230 0 10 230 -24 -10 
3 16 230 -24 -10 230 0 10 230 -24 10 
3 16 230 0 -10 230 -24 -10 210 -5.349 -10 
3 16 210 -5.349 -10 230 -24 -10 210 -24 -10 
3 16 210 -21.25 -6.257 210 -21.25 6.657 210 -5.349 -6.257 
3 16 210 -5.349 -6.257 210 -21.25 6.657 210 -5.349 6.657 
3 16 210 -21.25 6.657 210 -21.25 -6.257 206.125 -21.25 6.657 
3 16 206.125 -21.25 6.657 210 -21.25 -6.257 206.125 -21.25 -6.257 
3 16 111.875 -69.25 -6.257 111.875 -69.25 6.657 186.125 -69.25 -6.257 
3 16 186.125 -69.25 -6.257 111.875 -69.25 6.657 186.125 -69.25 6.657 
3 16 200 -17.324 6.657 210 -5.349 6.657 206.125 -21.25 6.657 
3 16 206.125 -21.25 6.657 210 -5.349 6.657 210 -21.25 6.657 
3 16 111.875 -56.006 6.657 132.567 -53.949 6.657 111.875 -69.25 6.657 
3 16 111.875 -69.25 6.657 132.567 -53.949 6.657 186.125 -69.25 6.657 
3 16 132.567 -53.949 6.657 147.689 -50.154 6.657 186.125 -69.25 6.657 
3 16 147.689 -50.154 6.657 162.218 -44.49 6.657 186.125 -69.25 6.657 
3 16 162.218 -44.49 6.657 175.919 -37.049 6.657 186.125 -69.25 6.657 
3 16 186.125 -69.25 6.657 175.919 -37.049 6.657 186.125 -37.3 6.657 
3 16 175.919 -37.049 6.657 188.577 -27.948 6.657 186.125 -37.3 6.657 
3 16 186.125 -37.3 6.657 188.577 -27.948 6.657 190 -37.3 6.657 
3 16 188.577 -27.948 6.657 206.125 -45.25 6.657 190 -37.3 6.657 
3 16 206.125 -45.25 6.657 190 -45.25 6.657 190 -37.3 6.657 
3 16 206.125 -45.25 6.657 188.577 -27.948 6.657 206.125 -21.25 6.657 
3 16 206.125 -21.25 6.657 188.577 -27.948 6.657 200 -17.324 6.657 
3 16 111.875 -69.25 6.657 111.875 -69.25 -6.257 111.875 -56.006 6.657 
3 16 111.875 -56.006 6.657 111.875 -69.25 -6.257 111.875 -56.006 -6.257 
3 16 186.125 -69.25 -6.257 186.125 -69.25 6.657 186.125 -37.3 -6.257 
3 16 186.125 -37.3 -6.257 186.125 -69.25 6.657 186.125 -37.3 6.657 
3 16 190 -37.3 -6.257 190 -37.3 6.657 190 -45.25 -6.257 
3 16 190 -45.25 -6.257 190 -37.3 6.657 190 -45.25 6.657 
3 16 206.125 -45.25 -6.257 206.125 -45.25 6.657 206.125 -21.25 -6.257 
3 16 206.125 -21.25 -6.257 206.125 -45.25 6.657 206.125 -21.25 6.657 
3 16 199.823 -17.51 10 210 -5.349 10 200 -17.324 6.657 
3 16 200 -17.324 6.657 210 -5.349 10 210 -5.349 6.657 
3 16 188.181 -28.271 10 199.823 -17.51 10 188.577 -27.948 6.657 
3 16 188.577 -27.948 6.657 199.823 -17.51 10 200 -17.324 6.657 
3 16 175.268 -37.455 10 188.181 -28.271 10 175.919 -37.049 6.657 
3 16 175.919 -37.049 6.657 188.181 -28.271 10 188.577 -27.948 6.657 
3 16 161.289 -44.917 10 175.268 -37.455 10 162.218 -44.49 6.657 
3 16 162.218 -44.49 6.657 175.268 -37.455 10 175.919 -37.049 6.657 
3 16 146.47 -50.536 10 161.289 -44.917 10 147.689 -50.154 6.657 
3 16 147.689 -50.154 6.657 161.289 -44.917 10 162.218 -44.49 6.657 
3 16 131.057 -54.219 10 146.47 -50.536 10 132.567 -53.949 6.657 
3 16 132.567 -53.949 6.657 146.47 -50.536 10 147.689 -50.154 6.657 
3 16 110 -56.02 10 131.057 -54.219 10 111.875 -56.006 6.657 
3 16 111.875 -56.006 6.657 131.057 -54.219 10 132.567 -53.949 6.657 
3 16 110 -56.02 -10 110 -56.02 10 111.875 -56.006 -6.257 
3 16 111.875 -56.006 -6.257 110 -56.02 10 111.875 -56.006 6.657 
3 16 200 -17.324 -6.257 206.125 -21.25 -6.257 210 -5.349 -6.257 
3 16 210 -5.349 -6.257 206.125 -21.25 -6.257 210 -21.25 -6.257 
3 16 206.125 -45.25 -6.257 206.125 -21.25 -6.257 190 -37.3 -6.257 
3 16 190 -37.3 -6.257 206.125 -21.25 -6.257 188.577 -27.948 -6.257 
3 16 188.577 -27.948 -6.257 206.125 -21.25 -6.257 200 -17.324 -6.257 
3 16 162.218 -44.49 -6.257 186.125 -69.25 -6.257 175.919 -37.049 -6.257 
3 16 175.919 -37.049 -6.257 186.125 -69.25 -6.257 186.125 -37.3 -6.257 
3 16 111.875 -56.006 -6.257 111.875 -69.25 -6.257 132.567 -53.949 -6.257 
3 16 132.567 -53.949 -6.257 111.875 -69.25 -6.257 186.125 -69.25 -6.257 
3 16 186.125 -69.25 -6.257 147.689 -50.154 -6.257 132.567 -53.949 -6.257 
3 16 186.125 -69.25 -6.257 162.218 -44.49 -6.257 147.689 -50.154 -6.257 
3 16 110 -56.02 -10 111.875 -56.006 -6.257 131.057 -54.219 -10 
3 16 131.057 -54.219 -10 111.875 -56.006 -6.257 132.567 -53.949 -6.257 
3 16 131.057 -54.219 -10 132.567 -53.949 -6.257 146.47 -50.536 -10 
3 16 146.47 -50.536 -10 132.567 -53.949 -6.257 147.689 -50.154 -6.257 
3 16 146.47 -50.536 -10 147.689 -50.154 -6.257 161.289 -44.917 -10 
3 16 161.289 -44.917 -10 147.689 -50.154 -6.257 162.218 -44.49 -6.257 
3 16 161.289 -44.917 -10 162.218 -44.49 -6.257 175.268 -37.455 -10 
3 16 175.268 -37.455 -10 162.218 -44.49 -6.257 175.919 -37.049 -6.257 
3 16 175.268 -37.455 -10 175.919 -37.049 -6.257 188.181 -28.271 -10 
3 16 188.181 -28.271 -10 175.919 -37.049 -6.257 188.577 -27.948 -6.257 
3 16 188.181 -28.271 -10 188.577 -27.948 -6.257 199.823 -17.51 -10 
3 16 199.823 -17.51 -10 188.577 -27.948 -6.257 200 -17.324 -6.257 
3 16 199.823 -17.51 -10 200 -17.324 -6.257 210 -5.349 -10 
3 16 210 -5.349 -10 200 -17.324 -6.257 210 -5.349 -6.257 
3 16 190 -72 10 190 -72 -10 190 -48 10 
3 16 190 -48 10 190 -72 -10 190 -48 -10 
3 16 210 -5.349 -10 210 -24 -10 199.823 -17.51 -10 
3 16 210 -48 -10 190 -48 -10 210 -24 -10 
3 16 210 -24 -10 190 -48 -10 199.823 -17.51 -10 
3 16 199.823 -17.51 -10 190 -48 -10 188.181 -28.271 -10 
3 16 188.181 -28.271 -10 190 -48 -10 175.268 -37.455 -10 
3 16 30 -72 -10 110 -56.02 -10 190 -72 -10 
3 16 190 -72 -10 110 -56.02 -10 131.057 -54.219 -10 
3 16 131.057 -54.219 -10 146.47 -50.536 -10 190 -72 -10 
3 16 146.47 -50.536 -10 161.289 -44.917 -10 190 -72 -10 
3 16 190 -72 -10 161.289 -44.917 -10 190 -48 -10 
3 16 190 -48 -10 161.289 -44.917 -10 175.268 -37.455 -10 
3 16 210 -48 -10 210 -48 10 190 -48 -10 
3 16 190 -48 -10 210 -48 10 190 -48 10 
3 16 210 -48 10 210 -48 -10 210 -24 10 
3 16 210 -24 10 210 -48 -10 210 -24 -10 
3 16 230 -24 -10 230 -24 10 210 -24 -10 
3 16 210 -24 -10 230 -24 10 210 -24 10 
3 16 10 -5.349 10 10 -24 10 20.177 -17.51 10 
3 16 10 -48 10 30 -48 10 10 -24 10 
3 16 10 -24 10 30 -48 10 20.177 -17.51 10 
3 16 20.177 -17.51 10 30 -48 10 31.819 -28.271 10 
3 16 31.819 -28.271 10 30 -48 10 44.732 -37.455 10 
3 16 30 -72 10 58.711 -44.917 10 30 -48 10 
3 16 30 -48 10 58.711 -44.917 10 44.732 -37.455 10 
3 16 190 -72 10 110 -56.02 10 30 -72 10 
3 16 30 -72 10 110 -56.02 10 88.943 -54.219 10 
3 16 30 -72 10 88.943 -54.219 10 73.53 -50.536 10 
3 16 30 -72 10 73.53 -50.536 10 58.711 -44.917 10 
3 16 30 -72 -10 190 -72 -10 30 -72 10 
3 16 30 -72 10 190 -72 -10 190 -72 10 
3 16 -10 0 10 10 -5.349 10 10 0 10 
3 16 10 0 -10 10 0 10 10 -5.349 6.657 
3 16 10 -5.349 6.657 10 0 10 10 -5.349 10 
3 16 10 -5.349 -10 10 0 -10 10 -5.349 -6.257 
3 16 10 -5.349 -6.257 10 0 -10 10 -5.349 6.657 
3 16 -10 0 10 -10 -24 10 10 -5.349 10 
3 16 10 -5.349 10 -10 -24 10 10 -24 10 
3 16 10 -5.349 -10 -10 0 -10 10 0 -10 
3 16 -10 0 -10 -10 -24 -10 -10 0 10 
3 16 -10 0 10 -10 -24 -10 -10 -24 10 
3 16 -10 0 -10 10 -5.349 -10 -10 -24 -10 
3 16 -10 -24 -10 10 -5.349 -10 10 -24 -10 
3 16 10 -21.25 -6.257 10 -5.349 -6.257 10 -21.25 6.657 
3 16 10 -21.25 6.657 10 -5.349 -6.257 10 -5.349 6.657 
3 16 10 -21.25 6.657 13.75 -21.25 6.657 10 -21.25 -6.257 
3 16 10 -21.25 -6.257 13.75 -21.25 6.657 13.75 -21.25 -6.257 
3 16 108.125 -69.25 -6.257 33.75 -69.25 -6.257 108.125 -69.25 6.657 
3 16 108.125 -69.25 6.657 33.75 -69.25 -6.257 33.75 -69.25 6.657 
3 16 20 -17.324 6.657 13.75 -21.25 6.657 10 -5.349 6.657 
3 16 10 -5.349 6.657 13.75 -21.25 6.657 10 -21.25 6.657 
3 16 108.125 -56.006 6.657 108.125 -69.25 6.657 87.433 -53.949 6.657 
3 16 87.433 -53.949 6.657 108.125 -69.25 6.657 33.75 -69.25 6.657 
3 16 87.433 -53.949 6.657 33.75 -69.25 6.657 72.311 -50.154 6.657 
3 16 72.311 -50.154 6.657 33.75 -69.25 6.657 57.782 -44.49 6.657 
3 16 57.782 -44.49 6.657 33.75 -69.25 6.657 44.081 -37.049 6.657 
3 16 44.081 -37.049 6.657 33.75 -69.25 6.657 33.75 -37.3 6.657 
3 16 20 -17.324 6.657 31.423 -27.948 6.657 13.75 -21.25 6.657 
3 16 13.75 -45.25 6.657 13.75 -21.25 6.657 30 -37.3 6.657 
3 16 30 -37.3 6.657 13.75 -21.25 6.657 31.423 -27.948 6.657 
3 16 108.125 -69.25 6.657 108.125 -56.006 6.657 108.125 -69.25 -6.257 
3 16 108.125 -69.25 -6.257 108.125 -56.006 6.657 108.125 -56.006 -6.257 
3 16 33.75 -69.25 -6.257 33.75 -37.3 -6.257 33.75 -69.25 6.657 
3 16 33.75 -69.25 6.657 33.75 -37.3 -6.257 33.75 -37.3 6.657 
3 16 30 -37.3 -6.257 30 -45.25 -6.257 30 -37.3 6.657 
3 16 30 -37.3 6.657 30 -45.25 -6.257 30 -45.25 6.657 
3 16 13.75 -45.25 -6.257 13.75 -21.25 -6.257 13.75 -45.25 6.657 
3 16 13.75 -45.25 6.657 13.75 -21.25 -6.257 13.75 -21.25 6.657 
3 16 20.177 -17.51 10 20 -17.324 6.657 10 -5.349 10 
3 16 10 -5.349 10 20 -17.324 6.657 10 -5.349 6.657 
3 16 31.819 -28.271 10 31.423 -27.948 6.657 20.177 -17.51 10 
3 16 20.177 -17.51 10 31.423 -27.948 6.657 20 -17.324 6.657 
3 16 44.732 -37.455 10 44.081 -37.049 6.657 31.819 -28.271 10 
3 16 31.819 -28.271 10 44.081 -37.049 6.657 31.423 -27.948 6.657 
3 16 58.711 -44.917 10 57.782 -44.49 6.657 44.732 -37.455 10 
3 16 44.732 -37.455 10 57.782 -44.49 6.657 44.081 -37.049 6.657 
3 16 73.53 -50.536 10 72.311 -50.154 6.657 58.711 -44.917 10 
3 16 58.711 -44.917 10 72.311 -50.154 6.657 57.782 -44.49 6.657 
3 16 88.943 -54.219 10 87.433 -53.949 6.657 73.53 -50.536 10 
3 16 73.53 -50.536 10 87.433 -53.949 6.657 72.311 -50.154 6.657 
3 16 110 -56.02 10 108.125 -56.006 6.657 88.943 -54.219 10 
3 16 88.943 -54.219 10 108.125 -56.006 6.657 87.433 -53.949 6.657 
3 16 110 -56.02 -10 108.125 -56.006 -6.257 110 -56.02 10 
3 16 110 -56.02 10 108.125 -56.006 -6.257 108.125 -56.006 6.657 
3 16 20 -17.324 -6.257 10 -5.349 -6.257 13.75 -21.25 -6.257 
3 16 13.75 -21.25 -6.257 10 -5.349 -6.257 10 -21.25 -6.257 
3 16 20 -17.324 -6.257 13.75 -21.25 -6.257 31.423 -27.948 -6.257 
3 16 31.423 -27.948 -6.257 13.75 -21.25 -6.257 13.75 -45.25 -6.257 
3 16 44.081 -37.049 -6.257 31.423 -27.948 -6.257 33.75 -37.3 -6.257 
3 16 33.75 -37.3 -6.257 31.423 -27.948 -6.257 30 -37.3 -6.257 
3 16 31.423 -27.948 -6.257 13.75 -45.25 -6.257 30 -37.3 -6.257 
3 16 13.75 -45.25 -6.257 30 -45.25 -6.257 30 -37.3 -6.257 
3 16 57.782 -44.49 -6.257 44.081 -37.049 -6.257 33.75 -69.25 -6.257 
3 16 33.75 -69.25 -6.257 44.081 -37.049 -6.257 33.75 -37.3 -6.257 
3 16 108.125 -56.006 -6.257 87.433 -53.949 -6.257 108.125 -69.25 -6.257 
3 16 108.125 -69.25 -6.257 87.433 -53.949 -6.257 33.75 -69.25 -6.257 
3 16 33.75 -69.25 -6.257 87.433 -53.949 -6.257 72.311 -50.154 -6.257 
3 16 33.75 -69.25 -6.257 72.311 -50.154 -6.257 57.782 -44.49 -6.257 
3 16 110 -56.02 -10 88.943 -54.219 -10 108.125 -56.006 -6.257 
3 16 108.125 -56.006 -6.257 88.943 -54.219 -10 87.433 -53.949 -6.257 
3 16 88.943 -54.219 -10 73.53 -50.536 -10 87.433 -53.949 -6.257 
3 16 87.433 -53.949 -6.257 73.53 -50.536 -10 72.311 -50.154 -6.257 
3 16 73.53 -50.536 -10 58.711 -44.917 -10 72.311 -50.154 -6.257 
3 16 72.311 -50.154 -6.257 58.711 -44.917 -10 57.782 -44.49 -6.257 
3 16 58.711 -44.917 -10 44.732 -37.455 -10 57.782 -44.49 -6.257 
3 16 57.782 -44.49 -6.257 44.732 -37.455 -10 44.081 -37.049 -6.257 
3 16 44.732 -37.455 -10 31.819 -28.271 -10 44.081 -37.049 -6.257 
3 16 44.081 -37.049 -6.257 31.819 -28.271 -10 31.423 -27.948 -6.257 
3 16 31.819 -28.271 -10 20.177 -17.51 -10 31.423 -27.948 -6.257 
3 16 31.423 -27.948 -6.257 20.177 -17.51 -10 20 -17.324 -6.257 
3 16 20.177 -17.51 -10 10 -5.349 -10 20 -17.324 -6.257 
3 16 20 -17.324 -6.257 10 -5.349 -10 10 -5.349 -6.257 
3 16 30 -72 10 30 -48 10 30 -72 -10 
3 16 30 -72 -10 30 -48 10 30 -48 -10 
3 16 10 -5.349 -10 20.177 -17.51 -10 10 -24 -10 
3 16 10 -48 -10 10 -24 -10 30 -48 -10 
3 16 30 -48 -10 10 -24 -10 20.177 -17.51 -10 
3 16 20.177 -17.51 -10 31.819 -28.271 -10 30 -48 -10 
3 16 31.819 -28.271 -10 44.732 -37.455 -10 30 -48 -10 
3 16 110 -56.02 -10 30 -72 -10 88.943 -54.219 -10 
3 16 88.943 -54.219 -10 30 -72 -10 73.53 -50.536 -10 
3 16 73.53 -50.536 -10 30 -72 -10 58.711 -44.917 -10 
3 16 30 -72 -10 30 -48 -10 58.711 -44.917 -10 
3 16 58.711 -44.917 -10 30 -48 -10 44.732 -37.455 -10 
3 16 10 -48 -10 30 -48 -10 10 -48 10 
3 16 10 -48 10 30 -48 -10 30 -48 10 
3 16 10 -48 10 10 -24 10 10 -48 -10 
3 16 10 -48 -10 10 -24 10 10 -24 -10 
3 16 -10 -24 -10 10 -24 -10 -10 -24 10 
3 16 -10 -24 10 10 -24 -10 10 -24 10 
3 16 190 -45.25 6.657 206.125 -45.25 6.657 190 -45.25 -6.257 
3 16 190 -45.25 -6.257 206.125 -45.25 6.657 206.125 -45.25 -6.257 
3 16 175.919 -37.049 -6.257 186.125 -37.3 -6.257 188.577 -27.948 -6.257 
3 16 188.577 -27.948 -6.257 186.125 -37.3 -6.257 190 -37.3 -6.257 
3 16 190 -37.3 -6.257 190 -45.25 -6.257 206.125 -45.25 -6.257 
3 16 190 -37.3 -6.257 186.125 -37.3 -6.257 190 -37.3 6.657 
3 16 190 -37.3 6.657 186.125 -37.3 -6.257 186.125 -37.3 6.657 
3 16 30 -45.25 -6.257 13.75 -45.25 -6.257 30 -45.25 6.657 
3 16 30 -45.25 6.657 13.75 -45.25 -6.257 13.75 -45.25 6.657 
3 16 44.081 -37.049 6.657 33.75 -37.3 6.657 31.423 -27.948 6.657 
3 16 31.423 -27.948 6.657 33.75 -37.3 6.657 30 -37.3 6.657 
3 16 30 -37.3 6.657 30 -45.25 6.657 13.75 -45.25 6.657 
3 16 30 -37.3 6.657 33.75 -37.3 6.657 30 -37.3 -6.257 
3 16 30 -37.3 -6.257 33.75 -37.3 6.657 33.75 -37.3 -6.257 
3 16 151.747 -55.25 6.657 151.747 -69.25 6.657 151.747 -55.25 -6.257 
3 16 151.747 -55.25 -6.257 151.747 -69.25 6.657 151.747 -69.25 -6.257 
3 16 148.253 -55.25 6.657 151.747 -55.25 6.657 148.253 -55.25 -6.257 
3 16 148.253 -55.25 -6.257 151.747 -55.25 6.657 151.747 -55.25 -6.257 
3 16 148.253 -69.25 6.657 148.253 -55.25 6.657 148.253 -69.25 -6.257 
3 16 148.253 -69.25 -6.257 148.253 -55.25 6.657 148.253 -55.25 -6.257 
3 16 71.747 -55.25 6.657 71.747 -69.25 6.657 71.747 -55.25 -6.257 
3 16 71.747 -55.25 -6.257 71.747 -69.25 6.657 71.747 -69.25 -6.257 
3 16 68.253 -55.25 6.657 71.747 -55.25 6.657 68.253 -55.25 -6.257 
3 16 68.253 -55.25 -6.257 71.747 -55.25 6.657 71.747 -55.25 -6.257 
3 16 68.253 -69.25 6.657 68.253 -55.25 6.657 68.253 -69.25 -6.257 
3 16 68.253 -69.25 -6.257 68.253 -55.25 6.657 68.253 -55.25 -6.257 
2 24 210 -5.349 10 199.823 -17.51 10 
2 24 210 -48 10 210 -24 10 
2 24 190 -48 10 210 -48 10 
2 24 199.823 -17.51 10 188.181 -28.271 10 
2 24 188.181 -28.271 10 175.268 -37.455 10 
2 24 190 -72 10 190 -48 10 
2 24 175.268 -37.455 10 161.289 -44.917 10 
2 24 131.057 -54.219 10 110 -56.02 10 
2 24 146.47 -50.536 10 131.057 -54.219 10 
2 24 161.289 -44.917 10 146.47 -50.536 10 
2 24 230 0 10 210 0 10 
2 24 210 0 10 210 -5.349 10 
2 24 210 0 10 210 0 -10 
2 24 210 -5.349 6.657 210 -5.349 10 
2 24 210 -5.349 -10 210 -5.349 -6.257 
2 24 210 0 -10 210 -5.349 -10 
2 24 230 -24 10 230 0 10 
2 24 210 -24 10 230 -24 10 
2 24 210 0 -10 230 0 -10 
2 24 230 0 -10 230 0 10 
2 24 230 -24 -10 230 0 -10 
2 24 230 -24 10 230 -24 -10 
2 24 230 -24 -10 210 -24 -10 
2 24 210 -21.25 -6.257 210 -21.25 6.657 
2 24 210 -5.349 -6.257 210 -21.25 -6.257 
2 24 210 -21.25 6.657 210 -5.349 6.657 
2 24 206.125 -21.25 6.657 210 -21.25 6.657 
2 24 210 -21.25 -6.257 206.125 -21.25 -6.257 
2 24 206.125 -21.25 -6.257 206.125 -21.25 6.657 
2 24 111.875 -69.25 -6.257 111.875 -69.25 6.657 
2 24 186.125 -69.25 -6.257 111.875 -69.25 -6.257 
2 24 111.875 -69.25 6.657 186.125 -69.25 6.657 
2 24 186.125 -69.25 6.657 186.125 -69.25 -6.257 
2 24 200 -17.324 6.657 210 -5.349 6.657 
2 24 111.875 -56.006 6.657 132.567 -53.949 6.657 
2 24 111.875 -69.25 6.657 111.875 -56.006 6.657 
2 24 132.567 -53.949 6.657 147.689 -50.154 6.657 
2 24 147.689 -50.154 6.657 162.218 -44.49 6.657 
2 24 162.218 -44.49 6.657 175.919 -37.049 6.657 
2 24 186.125 -37.3 6.657 186.125 -69.25 6.657 
2 24 175.919 -37.049 6.657 188.577 -27.948 6.657 
2 24 190 -37.3 6.657 186.125 -37.3 6.657 
2 24 206.125 -45.25 6.657 190 -45.25 6.657 
2 24 190 -45.25 6.657 190 -37.3 6.657 
2 24 206.125 -21.25 6.657 206.125 -45.25 6.657 
2 24 188.577 -27.948 6.657 200 -17.324 6.657 
2 24 111.875 -69.25 -6.257 111.875 -56.006 -6.257 
2 24 111.875 -56.006 -6.257 111.875 -56.006 6.657 
2 24 186.125 -37.3 -6.257 186.125 -69.25 -6.257 
2 24 186.125 -37.3 6.657 186.125 -37.3 -6.257 
2 24 190 -37.3 -6.257 190 -37.3 6.657 
2 24 190 -45.25 -6.257 190 -37.3 -6.257 
2 24 190 -45.25 6.657 190 -45.25 -6.257 
2 24 206.125 -45.25 -6.257 206.125 -45.25 6.657 
2 24 206.125 -21.25 -6.257 206.125 -45.25 -6.257 
2 24 210 -5.349 -6.257 200 -17.324 -6.257 
2 24 200 -17.324 -6.257 188.577 -27.948 -6.257 
2 24 175.919 -37.049 -6.257 162.218 -44.49 -6.257 
2 24 132.567 -53.949 -6.257 111.875 -56.006 -6.257 
2 24 147.689 -50.154 -6.257 132.567 -53.949 -6.257 
2 24 162.218 -44.49 -6.257 147.689 -50.154 -6.257 
2 24 131.057 -54.219 -10 110 -56.02 -10 
2 24 146.47 -50.536 -10 131.057 -54.219 -10 
2 24 161.289 -44.917 -10 146.47 -50.536 -10 
2 24 175.268 -37.455 -10 161.289 -44.917 -10 
2 24 188.181 -28.271 -10 175.268 -37.455 -10 
2 24 175.919 -37.049 -6.257 188.577 -27.948 -6.257 
2 24 199.823 -17.51 -10 188.181 -28.271 -10 
2 24 210 -5.349 -10 199.823 -17.51 -10 
2 24 190 -72 10 190 -72 -10 
2 24 190 -72 -10 190 -48 -10 
2 24 190 -48 -10 190 -48 10 
2 24 210 -48 -10 190 -48 -10 
2 24 210 -24 -10 210 -48 -10 
2 24 190 -72 -10 30 -72 -10 
2 24 210 -48 -10 210 -48 10 
2 24 210 -24 -10 210 -24 10 
2 24 20.177 -17.51 10 10 -5.349 10 
2 24 10 -48 10 30 -48 10 
2 24 10 -24 10 10 -48 10 
2 24 31.819 -28.271 10 20.177 -17.51 10 
2 24 44.732 -37.455 10 31.819 -28.271 10 
2 24 30 -48 10 30 -72 10 
2 24 58.711 -44.917 10 44.732 -37.455 10 
2 24 30 -72 10 190 -72 10 
2 24 110 -56.02 10 88.943 -54.219 10 
2 24 88.943 -54.219 10 73.53 -50.536 10 
2 24 73.53 -50.536 10 58.711 -44.917 10 
2 24 30 -72 10 30 -72 -10 
2 24 10 -5.349 10 10 0 10 
2 24 10 0 10 -10 0 10 
2 24 10 0 -10 10 0 10 
2 24 10 -5.349 10 10 -5.349 6.657 
2 24 10 -5.349 -10 10 0 -10 
2 24 10 -5.349 -6.257 10 -5.349 -10 
2 24 -10 0 10 -10 -24 10 
2 24 -10 -24 10 10 -24 10 
2 24 -10 0 -10 10 0 -10 
2 24 -10 0 -10 -10 -24 -10 
2 24 -10 0 10 -10 0 -10 
2 24 -10 -24 -10 -10 -24 10 
2 24 10 -24 -10 -10 -24 -10 
2 24 10 -21.25 -6.257 10 -5.349 -6.257 
2 24 10 -21.25 6.657 10 -21.25 -6.257 
2 24 10 -5.349 6.657 10 -21.25 6.657 
2 24 10 -21.25 6.657 13.75 -21.25 6.657 
2 24 13.75 -21.25 6.657 13.75 -21.25 -6.257 
2 24 13.75 -21.25 -6.257 10 -21.25 -6.257 
2 24 108.125 -69.25 -6.257 33.75 -69.25 -6.257 
2 24 108.125 -69.25 6.657 108.125 -69.25 -6.257 
2 24 33.75 -69.25 -6.257 33.75 -69.25 6.657 
2 24 33.75 -69.25 6.657 108.125 -69.25 6.657 
2 24 10 -5.349 6.657 20 -17.324 6.657 
2 24 108.125 -56.006 6.657 108.125 -69.25 6.657 
2 24 87.433 -53.949 6.657 108.125 -56.006 6.657 
2 24 72.311 -50.154 6.657 87.433 -53.949 6.657 
2 24 57.782 -44.49 6.657 72.311 -50.154 6.657 
2 24 44.081 -37.049 6.657 57.782 -44.49 6.657 
2 24 33.75 -69.25 6.657 33.75 -37.3 6.657 
2 24 20 -17.324 6.657 31.423 -27.948 6.657 
2 24 13.75 -45.25 6.657 13.75 -21.25 6.657 
2 24 108.125 -56.006 6.657 108.125 -56.006 -6.257 
2 24 108.125 -56.006 -6.257 108.125 -69.25 -6.257 
2 24 33.75 -69.25 -6.257 33.75 -37.3 -6.257 
2 24 33.75 -37.3 -6.257 33.75 -37.3 6.657 
2 24 30 -37.3 -6.257 30 -45.25 -6.257 
2 24 30 -37.3 6.657 30 -37.3 -6.257 
2 24 30 -45.25 -6.257 30 -45.25 6.657 
2 24 30 -45.25 6.657 30 -37.3 6.657 
2 24 13.75 -45.25 -6.257 13.75 -21.25 -6.257 
2 24 13.75 -45.25 6.657 13.75 -45.25 -6.257 
2 24 44.081 -37.049 6.657 31.423 -27.948 6.657 
2 24 20 -17.324 -6.257 10 -5.349 -6.257 
2 24 31.423 -27.948 -6.257 20 -17.324 -6.257 
2 24 44.081 -37.049 -6.257 31.423 -27.948 -6.257 
2 24 30 -37.3 -6.257 33.75 -37.3 -6.257 
2 24 13.75 -45.25 -6.257 30 -45.25 -6.257 
2 24 57.782 -44.49 -6.257 44.081 -37.049 -6.257 
2 24 108.125 -56.006 -6.257 87.433 -53.949 -6.257 
2 24 87.433 -53.949 -6.257 72.311 -50.154 -6.257 
2 24 72.311 -50.154 -6.257 57.782 -44.49 -6.257 
2 24 110 -56.02 -10 88.943 -54.219 -10 
2 24 88.943 -54.219 -10 73.53 -50.536 -10 
2 24 73.53 -50.536 -10 58.711 -44.917 -10 
2 24 58.711 -44.917 -10 44.732 -37.455 -10 
2 24 44.732 -37.455 -10 31.819 -28.271 -10 
2 24 31.819 -28.271 -10 20.177 -17.51 -10 
2 24 20.177 -17.51 -10 10 -5.349 -10 
2 24 30 -48 10 30 -48 -10 
2 24 30 -48 -10 30 -72 -10 
2 24 10 -48 -10 10 -24 -10 
2 24 30 -48 -10 10 -48 -10 
2 24 10 -48 10 10 -48 -10 
2 24 10 -24 10 10 -24 -10 
2 24 206.125 -45.25 -6.257 190 -45.25 -6.257 
2 24 186.125 -37.3 -6.257 190 -37.3 -6.257 
2 24 13.75 -45.25 6.657 30 -45.25 6.657 
2 24 33.75 -37.3 6.657 30 -37.3 6.657 
2 24 151.747 -55.25 6.657 151.747 -69.25 6.657 
2 24 151.747 -55.25 -6.257 151.747 -55.25 6.657 
2 24 151.747 -69.25 6.657 151.747 -69.25 -6.257 
2 24 151.747 -69.25 -6.257 151.747 -55.25 -6.257 
2 24 148.253 -55.25 6.657 151.747 -55.25 6.657 
2 24 148.253 -55.25 -6.257 148.253 -55.25 6.657 
2 24 151.747 -55.25 -6.257 148.253 -55.25 -6.257 
2 24 148.253 -69.25 6.657 148.253 -55.25 6.657 
2 24 148.253 -69.25 -6.257 148.253 -69.25 6.657 
2 24 148.253 -55.25 -6.257 148.253 -69.25 -6.257 
2 24 71.747 -55.25 6.657 71.747 -69.25 6.657 
2 24 71.747 -55.25 -6.257 71.747 -55.25 6.657 
2 24 71.747 -69.25 6.657 71.747 -69.25 -6.257 
2 24 71.747 -69.25 -6.257 71.747 -55.25 -6.257 
2 24 68.253 -55.25 6.657 71.747 -55.25 6.657 
2 24 68.253 -55.25 -6.257 68.253 -55.25 6.657 
2 24 71.747 -55.25 -6.257 68.253 -55.25 -6.257 
2 24 68.253 -69.25 6.657 68.253 -55.25 6.657 
2 24 68.253 -69.25 -6.257 68.253 -69.25 6.657 
2 24 68.253 -55.25 -6.257 68.253 -69.25 -6.257 

0 // Inside
3 16 226.25 -21.22 6.25 226.25 -21.22 -6.25 213.75 -21.22 6.25 
3 16 213.75 -21.22 6.25 226.25 -21.22 -6.25 213.75 -21.22 -6.25 
3 16 213.75 0 -6.25 213.75 0 6.25 213.75 -21.22 -6.25 
3 16 213.75 -21.22 -6.25 213.75 0 6.25 213.75 -21.22 6.25 
3 16 213.75 0 6.25 226.25 0 6.25 213.75 -21.22 6.25 
3 16 213.75 -21.22 6.25 226.25 0 6.25 226.25 -21.22 6.25 
3 16 226.25 0 -6.25 213.75 0 -6.25 226.25 -21.22 -6.25 
3 16 226.25 -21.22 -6.25 213.75 0 -6.25 213.75 -21.22 -6.25 
3 16 226.25 0 6.25 226.25 0 -6.25 226.25 -21.22 6.25 
3 16 226.25 -21.22 6.25 226.25 0 -6.25 226.25 -21.22 -6.25 
3 16 213.75 0 6.25 213.75 0 -6.25 210 0 10 
3 16 210 0 -10 210 0 10 213.75 0 -6.25 
3 16 210 0 10 230 0 10 213.75 0 6.25 
3 16 213.75 0 6.25 230 0 10 226.25 0 6.25 
3 16 210 0 -10 213.75 0 -6.25 230 0 -10 
3 16 213.75 0 -6.25 226.25 0 -6.25 230 0 -10 
3 16 226.25 0 -6.25 226.25 0 6.25 230 0 -10 
3 16 230 0 -10 226.25 0 6.25 230 0 10 
2 24 226.25 -21.22 6.25 226.25 -21.22 -6.25 
2 24 213.75 -21.22 6.25 226.25 -21.22 6.25 
2 24 226.25 -21.22 -6.25 213.75 -21.22 -6.25 
2 24 213.75 -21.22 -6.25 213.75 -21.22 6.25 
2 24 213.75 0 -6.25 213.75 0 6.25 
2 24 213.75 -21.22 -6.25 213.75 0 -6.25 
2 24 213.75 0 6.25 213.75 -21.22 6.25 
2 24 213.75 0 6.25 226.25 0 6.25 
2 24 226.25 0 6.25 226.25 -21.22 6.25 
2 24 226.25 0 -6.25 213.75 0 -6.25 
2 24 226.25 -21.22 -6.25 226.25 0 -6.25 
2 24 226.25 0 6.25 226.25 0 -6.25 
2 24 210 0 -10 210 0 10 
2 24 210 0 10 230 0 10 
2 24 230 0 -10 210 0 -10 
2 24 230 0 10 230 0 -10 

0 // Inside
3 16 -6.25 -21.22 6.25 6.25 -21.22 6.25 -6.25 -21.22 -6.25 
3 16 6.25 -21.22 6.25 6.25 -21.22 -6.25 -6.25 -21.22 -6.25 
3 16 6.25 0 -6.25 6.25 -21.22 -6.25 6.25 0 6.25 
3 16 6.25 -21.22 -6.25 6.25 -21.22 6.25 6.25 0 6.25 
3 16 6.25 0 6.25 6.25 -21.22 6.25 -6.25 0 6.25 
3 16 6.25 -21.22 6.25 -6.25 -21.22 6.25 -6.25 0 6.25 
3 16 -6.25 0 -6.25 -6.25 -21.22 -6.25 6.25 0 -6.25 
3 16 -6.25 -21.22 -6.25 6.25 -21.22 -6.25 6.25 0 -6.25 
3 16 -6.25 0 6.25 -6.25 -21.22 6.25 -6.25 0 -6.25 
3 16 -6.25 -21.22 6.25 -6.25 -21.22 -6.25 -6.25 0 -6.25 
3 16 6.25 0 6.25 10 0 10 6.25 0 -6.25 
3 16 10 0 -10 6.25 0 -6.25 10 0 10 
3 16 10 0 10 6.25 0 6.25 -10 0 10 
3 16 6.25 0 6.25 -6.25 0 6.25 -10 0 10 
3 16 10 0 -10 -10 0 -10 6.25 0 -6.25 
3 16 6.25 0 -6.25 -10 0 -10 -6.25 0 -6.25 
3 16 -6.25 0 -6.25 -10 0 -10 -6.25 0 6.25 
3 16 -10 0 -10 -10 0 10 -6.25 0 6.25 
2 24 -6.25 -21.22 6.25 6.25 -21.22 6.25 
2 24 -6.25 -21.22 -6.25 -6.25 -21.22 6.25 
2 24 6.25 -21.22 6.25 6.25 -21.22 -6.25 
2 24 6.25 -21.22 -6.25 -6.25 -21.22 -6.25 
2 24 6.25 0 -6.25 6.25 -21.22 -6.25 
2 24 6.25 0 6.25 6.25 0 -6.25 
2 24 6.25 -21.22 6.25 6.25 0 6.25 
2 24 -6.25 0 6.25 6.25 0 6.25 
2 24 -6.25 -21.22 6.25 -6.25 0 6.25 
2 24 -6.25 0 -6.25 -6.25 -21.22 -6.25 
2 24 6.25 0 -6.25 -6.25 0 -6.25 
2 24 -6.25 0 -6.25 -6.25 0 6.25 
2 24 10 0 10 10 0 -10 
2 24 -10 0 10 10 0 10 
2 24 10 0 -10 -10 0 -10 
2 24 -10 0 -10 -10 0 10 

0 // Stud
3 16 185.304 -76.45 3.062 185.304 -72 3.062 183.062 -76.45 5.304 
3 16 185.304 -72 3.062 183.062 -72 5.304 183.062 -76.45 5.304 
3 16 183.062 -76.45 5.304 183.062 -72 5.304 180 -76.45 6.125 
3 16 183.062 -72 5.304 180 -72 6.125 180 -76.45 6.125 
3 16 180 -76.45 6.125 180 -72 6.125 176.938 -76.45 5.304 
3 16 180 -72 6.125 176.938 -72 5.304 176.938 -76.45 5.304 
3 16 176.938 -76.45 5.304 176.938 -72 5.304 174.696 -76.45 3.062 
3 16 176.938 -72 5.304 174.696 -72 3.062 174.696 -76.45 3.062 
3 16 174.696 -76.45 3.062 174.696 -72 3.062 173.875 -76.45 0 
3 16 174.696 -72 3.062 173.875 -72 0 173.875 -76.45 0 
3 16 173.875 -76.45 0 173.875 -72 0 174.696 -76.45 -3.062 
3 16 173.875 -72 0 174.696 -72 -3.062 174.696 -76.45 -3.062 
3 16 174.696 -76.45 -3.062 174.696 -72 -3.062 176.938 -76.45 -5.304 
3 16 174.696 -72 -3.062 176.938 -72 -5.304 176.938 -76.45 -5.304 
3 16 176.938 -76.45 -5.304 176.938 -72 -5.304 180 -76.45 -6.125 
3 16 176.938 -72 -5.304 180 -72 -6.125 180 -76.45 -6.125 
3 16 180 -76.45 -6.125 180 -72 -6.125 183.062 -76.45 -5.304 
3 16 180 -72 -6.125 183.062 -72 -5.304 183.062 -76.45 -5.304 
3 16 183.062 -76.45 -5.304 183.062 -72 -5.304 185.304 -76.45 -3.062 
3 16 183.062 -72 -5.304 185.304 -72 -3.062 185.304 -76.45 -3.062 
3 16 185.304 -76.45 -3.062 185.304 -72 -3.062 186.125 -76.45 0 
3 16 185.304 -72 -3.062 186.125 -72 0 186.125 -76.45 0 
3 16 186.125 -76.45 0 186.125 -72 0 185.304 -76.45 3.062 
3 16 186.125 -72 0 185.304 -72 3.062 185.304 -76.45 3.062 
3 16 185.304 -76.45 3.062 183.062 -76.45 5.304 180 -76.45 0 
3 16 183.062 -76.45 5.304 180 -76.45 6.125 180 -76.45 0 
3 16 180 -76.45 6.125 176.938 -76.45 5.304 180 -76.45 0 
3 16 176.938 -76.45 5.304 174.696 -76.45 3.062 180 -76.45 0 
3 16 174.696 -76.45 3.062 173.875 -76.45 0 180 -76.45 0 
3 16 173.875 -76.45 0 174.696 -76.45 -3.062 180 -76.45 0 
3 16 174.696 -76.45 -3.062 176.938 -76.45 -5.304 180 -76.45 0 
3 16 176.938 -76.45 -5.304 180 -76.45 -6.125 180 -76.45 0 
3 16 180 -76.45 -6.125 183.062 -76.45 -5.304 180 -76.45 0 
3 16 183.062 -76.45 -5.304 185.304 -76.45 -3.062 180 -76.45 0 
3 16 185.304 -76.45 -3.062 186.125 -76.45 0 180 -76.45 0 
3 16 186.125 -76.45 0 185.304 -76.45 3.062 180 -76.45 0 
2 24 183.062 -76.45 5.304 185.304 -76.45 3.062 
2 24 185.304 -72 3.062 183.062 -72 5.304 
2 24 180 -76.45 6.125 183.062 -76.45 5.304 
2 24 183.062 -72 5.304 180 -72 6.125 
2 24 176.938 -76.45 5.304 180 -76.45 6.125 
2 24 180 -72 6.125 176.938 -72 5.304 
2 24 174.696 -76.45 3.062 176.938 -76.45 5.304 
2 24 176.938 -72 5.304 174.696 -72 3.062 
2 24 173.875 -76.45 0 174.696 -76.45 3.062 
2 24 174.696 -72 3.062 173.875 -72 0 
2 24 174.696 -76.45 -3.062 173.875 -76.45 0 
2 24 173.875 -72 0 174.696 -72 -3.062 
2 24 176.938 -76.45 -5.304 174.696 -76.45 -3.062 
2 24 174.696 -72 -3.062 176.938 -72 -5.304 
2 24 180 -76.45 -6.125 176.938 -76.45 -5.304 
2 24 176.938 -72 -5.304 180 -72 -6.125 
2 24 183.062 -76.45 -5.304 180 -76.45 -6.125 
2 24 180 -72 -6.125 183.062 -72 -5.304 
2 24 185.304 -76.45 -3.062 183.062 -76.45 -5.304 
2 24 183.062 -72 -5.304 185.304 -72 -3.062 
2 24 186.125 -76.45 0 185.304 -76.45 -3.062 
2 24 185.304 -72 -3.062 186.125 -72 0 
2 24 185.304 -76.45 3.062 186.125 -76.45 0 
2 24 186.125 -72 0 185.304 -72 3.062 

0 // Stud
3 16 165.304 -76.45 3.062 165.304 -72 3.062 163.062 -76.45 5.304 
3 16 165.304 -72 3.062 163.062 -72 5.304 163.062 -76.45 5.304 
3 16 163.062 -76.45 5.304 163.062 -72 5.304 160 -76.45 6.125 
3 16 163.062 -72 5.304 160 -72 6.125 160 -76.45 6.125 
3 16 160 -76.45 6.125 160 -72 6.125 156.938 -76.45 5.304 
3 16 160 -72 6.125 156.938 -72 5.304 156.938 -76.45 5.304 
3 16 156.938 -76.45 5.304 156.938 -72 5.304 154.696 -76.45 3.062 
3 16 156.938 -72 5.304 154.696 -72 3.062 154.696 -76.45 3.062 
3 16 154.696 -76.45 3.062 154.696 -72 3.062 153.875 -76.45 0 
3 16 154.696 -72 3.062 153.875 -72 0 153.875 -76.45 0 
3 16 153.875 -76.45 0 153.875 -72 0 154.696 -76.45 -3.062 
3 16 153.875 -72 0 154.696 -72 -3.062 154.696 -76.45 -3.062 
3 16 154.696 -76.45 -3.062 154.696 -72 -3.062 156.938 -76.45 -5.304 
3 16 154.696 -72 -3.062 156.938 -72 -5.304 156.938 -76.45 -5.304 
3 16 156.938 -76.45 -5.304 156.938 -72 -5.304 160 -76.45 -6.125 
3 16 156.938 -72 -5.304 160 -72 -6.125 160 -76.45 -6.125 
3 16 160 -76.45 -6.125 160 -72 -6.125 163.062 -76.45 -5.304 
3 16 160 -72 -6.125 163.062 -72 -5.304 163.062 -76.45 -5.304 
3 16 163.062 -76.45 -5.304 163.062 -72 -5.304 165.304 -76.45 -3.062 
3 16 163.062 -72 -5.304 165.304 -72 -3.062 165.304 -76.45 -3.062 
3 16 165.304 -76.45 -3.062 165.304 -72 -3.062 166.125 -76.45 0 
3 16 165.304 -72 -3.062 166.125 -72 0 166.125 -76.45 0 
3 16 166.125 -76.45 0 166.125 -72 0 165.304 -76.45 3.062 
3 16 166.125 -72 0 165.304 -72 3.062 165.304 -76.45 3.062 
3 16 165.304 -76.45 3.062 163.062 -76.45 5.304 160 -76.45 0 
3 16 163.062 -76.45 5.304 160 -76.45 6.125 160 -76.45 0 
3 16 160 -76.45 6.125 156.938 -76.45 5.304 160 -76.45 0 
3 16 156.938 -76.45 5.304 154.696 -76.45 3.062 160 -76.45 0 
3 16 154.696 -76.45 3.062 153.875 -76.45 0 160 -76.45 0 
3 16 153.875 -76.45 0 154.696 -76.45 -3.062 160 -76.45 0 
3 16 154.696 -76.45 -3.062 156.938 -76.45 -5.304 160 -76.45 0 
3 16 156.938 -76.45 -5.304 160 -76.45 -6.125 160 -76.45 0 
3 16 160 -76.45 -6.125 163.062 -76.45 -5.304 160 -76.45 0 
3 16 163.062 -76.45 -5.304 165.304 -76.45 -3.062 160 -76.45 0 
3 16 165.304 -76.45 -3.062 166.125 -76.45 0 160 -76.45 0 
3 16 166.125 -76.45 0 165.304 -76.45 3.062 160 -76.45 0 
2 24 163.062 -76.45 5.304 165.304 -76.45 3.062 
2 24 165.304 -72 3.062 163.062 -72 5.304 
2 24 160 -76.45 6.125 163.062 -76.45 5.304 
2 24 163.062 -72 5.304 160 -72 6.125 
2 24 156.938 -76.45 5.304 160 -76.45 6.125 
2 24 160 -72 6.125 156.938 -72 5.304 
2 24 154.696 -76.45 3.062 156.938 -76.45 5.304 
2 24 156.938 -72 5.304 154.696 -72 3.062 
2 24 153.875 -76.45 0 154.696 -76.45 3.062 
2 24 154.696 -72 3.062 153.875 -72 0 
2 24 154.696 -76.45 -3.062 153.875 -76.45 0 
2 24 153.875 -72 0 154.696 -72 -3.062 
2 24 156.938 -76.45 -5.304 154.696 -76.45 -3.062 
2 24 154.696 -72 -3.062 156.938 -72 -5.304 
2 24 160 -76.45 -6.125 156.938 -76.45 -5.304 
2 24 156.938 -72 -5.304 160 -72 -6.125 
2 24 163.062 -76.45 -5.304 160 -76.45 -6.125 
2 24 160 -72 -6.125 163.062 -72 -5.304 
2 24 165.304 -76.45 -3.062 163.062 -76.45 -5.304 
2 24 163.062 -72 -5.304 165.304 -72 -3.062 
2 24 166.125 -76.45 0 165.304 -76.45 -3.062 
2 24 165.304 -72 -3.062 166.125 -72 0 
2 24 165.304 -76.45 3.062 166.125 -76.45 0 
2 24 166.125 -72 0 165.304 -72 3.062 

0 // Stud
3 16 145.304 -76.45 3.062 145.304 -72 3.062 143.063 -76.45 5.304 
3 16 145.304 -72 3.062 143.063 -72 5.304 143.063 -76.45 5.304 
3 16 143.063 -76.45 5.304 143.063 -72 5.304 140 -76.45 6.125 
3 16 143.063 -72 5.304 140 -72 6.125 140 -76.45 6.125 
3 16 140 -76.45 6.125 140 -72 6.125 136.938 -76.45 5.304 
3 16 140 -72 6.125 136.938 -72 5.304 136.938 -76.45 5.304 
3 16 136.938 -76.45 5.304 136.938 -72 5.304 134.696 -76.45 3.062 
3 16 136.938 -72 5.304 134.696 -72 3.062 134.696 -76.45 3.062 
3 16 134.696 -76.45 3.062 134.696 -72 3.062 133.875 -76.45 0 
3 16 134.696 -72 3.062 133.875 -72 0 133.875 -76.45 0 
3 16 133.875 -76.45 0 133.875 -72 0 134.696 -76.45 -3.062 
3 16 133.875 -72 0 134.696 -72 -3.062 134.696 -76.45 -3.062 
3 16 134.696 -76.45 -3.062 134.696 -72 -3.062 136.938 -76.45 -5.304 
3 16 134.696 -72 -3.062 136.938 -72 -5.304 136.938 -76.45 -5.304 
3 16 136.938 -76.45 -5.304 136.938 -72 -5.304 140 -76.45 -6.125 
3 16 136.938 -72 -5.304 140 -72 -6.125 140 -76.45 -6.125 
3 16 140 -76.45 -6.125 140 -72 -6.125 143.063 -76.45 -5.304 
3 16 140 -72 -6.125 143.063 -72 -5.304 143.063 -76.45 -5.304 
3 16 143.063 -76.45 -5.304 143.063 -72 -5.304 145.304 -76.45 -3.062 
3 16 143.063 -72 -5.304 145.304 -72 -3.062 145.304 -76.45 -3.062 
3 16 145.304 -76.45 -3.062 145.304 -72 -3.062 146.125 -76.45 0 
3 16 145.304 -72 -3.062 146.125 -72 0 146.125 -76.45 0 
3 16 146.125 -76.45 0 146.125 -72 0 145.304 -76.45 3.062 
3 16 146.125 -72 0 145.304 -72 3.062 145.304 -76.45 3.062 
3 16 145.304 -76.45 3.062 143.063 -76.45 5.304 140 -76.45 0 
3 16 143.063 -76.45 5.304 140 -76.45 6.125 140 -76.45 0 
3 16 140 -76.45 6.125 136.938 -76.45 5.304 140 -76.45 0 
3 16 136.938 -76.45 5.304 134.696 -76.45 3.062 140 -76.45 0 
3 16 134.696 -76.45 3.062 133.875 -76.45 0 140 -76.45 0 
3 16 133.875 -76.45 0 134.696 -76.45 -3.062 140 -76.45 0 
3 16 134.696 -76.45 -3.062 136.938 -76.45 -5.304 140 -76.45 0 
3 16 136.938 -76.45 -5.304 140 -76.45 -6.125 140 -76.45 0 
3 16 140 -76.45 -6.125 143.063 -76.45 -5.304 140 -76.45 0 
3 16 143.063 -76.45 -5.304 145.304 -76.45 -3.062 140 -76.45 0 
3 16 145.304 -76.45 -3.062 146.125 -76.45 0 140 -76.45 0 
3 16 146.125 -76.45 0 145.304 -76.45 3.062 140 -76.45 0 
2 24 143.063 -76.45 5.304 145.304 -76.45 3.062 
2 24 145.304 -72 3.062 143.063 -72 5.304 
2 24 140 -76.45 6.125 143.063 -76.45 5.304 
2 24 143.063 -72 5.304 140 -72 6.125 
2 24 136.938 -76.45 5.304 140 -76.45 6.125 
2 24 140 -72 6.125 136.938 -72 5.304 
2 24 134.696 -76.45 3.062 136.938 -76.45 5.304 
2 24 136.938 -72 5.304 134.696 -72 3.062 
2 24 133.875 -76.45 0 134.696 -76.45 3.062 
2 24 134.696 -72 3.062 133.875 -72 0 
2 24 134.696 -76.45 -3.062 133.875 -76.45 0 
2 24 133.875 -72 0 134.696 -72 -3.062 
2 24 136.938 -76.45 -5.304 134.696 -76.45 -3.062 
2 24 134.696 -72 -3.062 136.938 -72 -5.304 
2 24 140 -76.45 -6.125 136.938 -76.45 -5.304 
2 24 136.938 -72 -5.304 140 -72 -6.125 
2 24 143.063 -76.45 -5.304 140 -76.45 -6.125 
2 24 140 -72 -6.125 143.063 -72 -5.304 
2 24 145.304 -76.45 -3.062 143.063 -76.45 -5.304 
2 24 143.063 -72 -5.304 145.304 -72 -3.062 
2 24 146.125 -76.45 0 145.304 -76.45 -3.062 
2 24 145.304 -72 -3.062 146.125 -72 0 
2 24 145.304 -76.45 3.062 146.125 -76.45 0 
2 24 146.125 -72 0 145.304 -72 3.062 

0 // Stud
3 16 125.304 -76.45 3.062 125.304 -72 3.062 123.063 -76.45 5.304 
3 16 125.304 -72 3.062 123.063 -72 5.304 123.063 -76.45 5.304 
3 16 123.063 -76.45 5.304 123.063 -72 5.304 120 -76.45 6.125 
3 16 123.063 -72 5.304 120 -72 6.125 120 -76.45 6.125 
3 16 120 -76.45 6.125 120 -72 6.125 116.938 -76.45 5.304 
3 16 120 -72 6.125 116.938 -72 5.304 116.938 -76.45 5.304 
3 16 116.938 -76.45 5.304 116.938 -72 5.304 114.696 -76.45 3.062 
3 16 116.938 -72 5.304 114.696 -72 3.062 114.696 -76.45 3.062 
3 16 114.696 -76.45 3.062 114.696 -72 3.062 113.875 -76.45 0 
3 16 114.696 -72 3.062 113.875 -72 0 113.875 -76.45 0 
3 16 113.875 -76.45 0 113.875 -72 0 114.696 -76.45 -3.062 
3 16 113.875 -72 0 114.696 -72 -3.062 114.696 -76.45 -3.062 
3 16 114.696 -76.45 -3.062 114.696 -72 -3.062 116.938 -76.45 -5.304 
3 16 114.696 -72 -3.062 116.938 -72 -5.304 116.938 -76.45 -5.304 
3 16 116.938 -76.45 -5.304 116.938 -72 -5.304 120 -76.45 -6.125 
3 16 116.938 -72 -5.304 120 -72 -6.125 120 -76.45 -6.125 
3 16 120 -76.45 -6.125 120 -72 -6.125 123.063 -76.45 -5.304 
3 16 120 -72 -6.125 123.063 -72 -5.304 123.063 -76.45 -5.304 
3 16 123.063 -76.45 -5.304 123.063 -72 -5.304 125.304 -76.45 -3.062 
3 16 123.063 -72 -5.304 125.304 -72 -3.062 125.304 -76.45 -3.062 
3 16 125.304 -76.45 -3.062 125.304 -72 -3.062 126.125 -76.45 0 
3 16 125.304 -72 -3.062 126.125 -72 0 126.125 -76.45 0 
3 16 126.125 -76.45 0 126.125 -72 0 125.304 -76.45 3.062 
3 16 126.125 -72 0 125.304 -72 3.062 125.304 -76.45 3.062 
3 16 125.304 -76.45 3.062 123.063 -76.45 5.304 120 -76.45 0 
3 16 123.063 -76.45 5.304 120 -76.45 6.125 120 -76.45 0 
3 16 120 -76.45 6.125 116.938 -76.45 5.304 120 -76.45 0 
3 16 116.938 -76.45 5.304 114.696 -76.45 3.062 120 -76.45 0 
3 16 114.696 -76.45 3.062 113.875 -76.45 0 120 -76.45 0 
3 16 113.875 -76.45 0 114.696 -76.45 -3.062 120 -76.45 0 
3 16 114.696 -76.45 -3.062 116.938 -76.45 -5.304 120 -76.45 0 
3 16 116.938 -76.45 -5.304 120 -76.45 -6.125 120 -76.45 0 
3 16 120 -76.45 -6.125 123.063 -76.45 -5.304 120 -76.45 0 
3 16 123.063 -76.45 -5.304 125.304 -76.45 -3.062 120 -76.45 0 
3 16 125.304 -76.45 -3.062 126.125 -76.45 0 120 -76.45 0 
3 16 126.125 -76.45 0 125.304 -76.45 3.062 120 -76.45 0 
2 24 123.063 -76.45 5.304 125.304 -76.45 3.062 
2 24 125.304 -72 3.062 123.063 -72 5.304 
2 24 120 -76.45 6.125 123.063 -76.45 5.304 
2 24 123.063 -72 5.304 120 -72 6.125 
2 24 116.938 -76.45 5.304 120 -76.45 6.125 
2 24 120 -72 6.125 116.938 -72 5.304 
2 24 114.696 -76.45 3.062 116.938 -76.45 5.304 
2 24 116.938 -72 5.304 114.696 -72 3.062 
2 24 113.875 -76.45 0 114.696 -76.45 3.062 
2 24 114.696 -72 3.062 113.875 -72 0 
2 24 114.696 -76.45 -3.062 113.875 -76.45 0 
2 24 113.875 -72 0 114.696 -72 -3.062 
2 24 116.938 -76.45 -5.304 114.696 -76.45 -3.062 
2 24 114.696 -72 -3.062 116.938 -72 -5.304 
2 24 120 -76.45 -6.125 116.938 -76.45 -5.304 
2 24 116.938 -72 -5.304 120 -72 -6.125 
2 24 123.063 -76.45 -5.304 120 -76.45 -6.125 
2 24 120 -72 -6.125 123.063 -72 -5.304 
2 24 125.304 -76.45 -3.062 123.063 -76.45 -5.304 
2 24 123.063 -72 -5.304 125.304 -72 -3.062 
2 24 126.125 -76.45 0 125.304 -76.45 -3.062 
2 24 125.304 -72 -3.062 126.125 -72 0 
2 24 125.304 -76.45 3.062 126.125 -76.45 0 
2 24 126.125 -72 0 125.304 -72 3.062 

0 // Stud
3 16 105.304 -76.45 3.062 105.304 -72 3.062 103.063 -76.45 5.304 
3 16 105.304 -72 3.062 103.063 -72 5.304 103.063 -76.45 5.304 
3 16 103.063 -76.45 5.304 103.063 -72 5.304 100 -76.45 6.125 
3 16 103.063 -72 5.304 100 -72 6.125 100 -76.45 6.125 
3 16 100 -76.45 6.125 100 -72 6.125 96.938 -76.45 5.304 
3 16 100 -72 6.125 96.938 -72 5.304 96.938 -76.45 5.304 
3 16 96.938 -76.45 5.304 96.938 -72 5.304 94.696 -76.45 3.062 
3 16 96.938 -72 5.304 94.696 -72 3.062 94.696 -76.45 3.062 
3 16 94.696 -76.45 3.062 94.696 -72 3.062 93.875 -76.45 0 
3 16 94.696 -72 3.062 93.875 -72 0 93.875 -76.45 0 
3 16 93.875 -76.45 0 93.875 -72 0 94.696 -76.45 -3.062 
3 16 93.875 -72 0 94.696 -72 -3.062 94.696 -76.45 -3.062 
3 16 94.696 -76.45 -3.062 94.696 -72 -3.062 96.938 -76.45 -5.304 
3 16 94.696 -72 -3.062 96.938 -72 -5.304 96.938 -76.45 -5.304 
3 16 96.938 -76.45 -5.304 96.938 -72 -5.304 100 -76.45 -6.125 
3 16 96.938 -72 -5.304 100 -72 -6.125 100 -76.45 -6.125 
3 16 100 -76.45 -6.125 100 -72 -6.125 103.063 -76.45 -5.304 
3 16 100 -72 -6.125 103.063 -72 -5.304 103.063 -76.45 -5.304 
3 16 103.063 -76.45 -5.304 103.063 -72 -5.304 105.304 -76.45 -3.062 
3 16 103.063 -72 -5.304 105.304 -72 -3.062 105.304 -76.45 -3.062 
3 16 105.304 -76.45 -3.062 105.304 -72 -3.062 106.125 -76.45 0 
3 16 105.304 -72 -3.062 106.125 -72 0 106.125 -76.45 0 
3 16 106.125 -76.45 0 106.125 -72 0 105.304 -76.45 3.062 
3 16 106.125 -72 0 105.304 -72 3.062 105.304 -76.45 3.062 
3 16 105.304 -76.45 3.062 103.063 -76.45 5.304 100 -76.45 0 
3 16 103.063 -76.45 5.304 100 -76.45 6.125 100 -76.45 0 
3 16 100 -76.45 6.125 96.938 -76.45 5.304 100 -76.45 0 
3 16 96.938 -76.45 5.304 94.696 -76.45 3.062 100 -76.45 0 
3 16 94.696 -76.45 3.062 93.875 -76.45 0 100 -76.45 0 
3 16 93.875 -76.45 0 94.696 -76.45 -3.062 100 -76.45 0 
3 16 94.696 -76.45 -3.062 96.938 -76.45 -5.304 100 -76.45 0 
3 16 96.938 -76.45 -5.304 100 -76.45 -6.125 100 -76.45 0 
3 16 100 -76.45 -6.125 103.063 -76.45 -5.304 100 -76.45 0 
3 16 103.063 -76.45 -5.304 105.304 -76.45 -3.062 100 -76.45 0 
3 16 105.304 -76.45 -3.062 106.125 -76.45 0 100 -76.45 0 
3 16 106.125 -76.45 0 105.304 -76.45 3.062 100 -76.45 0 
2 24 103.063 -76.45 5.304 105.304 -76.45 3.062 
2 24 105.304 -72 3.062 103.063 -72 5.304 
2 24 100 -76.45 6.125 103.063 -76.45 5.304 
2 24 103.063 -72 5.304 100 -72 6.125 
2 24 96.938 -76.45 5.304 100 -76.45 6.125 
2 24 100 -72 6.125 96.938 -72 5.304 
2 24 94.696 -76.45 3.062 96.938 -76.45 5.304 
2 24 96.938 -72 5.304 94.696 -72 3.062 
2 24 93.875 -76.45 0 94.696 -76.45 3.062 
2 24 94.696 -72 3.062 93.875 -72 0 
2 24 94.696 -76.45 -3.062 93.875 -76.45 0 
2 24 93.875 -72 0 94.696 -72 -3.062 
2 24 96.938 -76.45 -5.304 94.696 -76.45 -3.062 
2 24 94.696 -72 -3.062 96.938 -72 -5.304 
2 24 100 -76.45 -6.125 96.938 -76.45 -5.304 
2 24 96.938 -72 -5.304 100 -72 -6.125 
2 24 103.063 -76.45 -5.304 100 -76.45 -6.125 
2 24 100 -72 -6.125 103.063 -72 -5.304 
2 24 105.304 -76.45 -3.062 103.063 -76.45 -5.304 
2 24 103.063 -72 -5.304 105.304 -72 -3.062 
2 24 106.125 -76.45 0 105.304 -76.45 -3.062 
2 24 105.304 -72 -3.062 106.125 -72 0 
2 24 105.304 -76.45 3.062 106.125 -76.45 0 
2 24 106.125 -72 0 105.304 -72 3.062 

0 // Stud
3 16 85.304 -76.45 3.062 85.304 -72 3.062 83.063 -76.45 5.304 
3 16 85.304 -72 3.062 83.063 -72 5.304 83.063 -76.45 5.304 
3 16 83.063 -76.45 5.304 83.063 -72 5.304 80 -76.45 6.125 
3 16 83.063 -72 5.304 80 -72 6.125 80 -76.45 6.125 
3 16 80 -76.45 6.125 80 -72 6.125 76.938 -76.45 5.304 
3 16 80 -72 6.125 76.938 -72 5.304 76.938 -76.45 5.304 
3 16 76.938 -76.45 5.304 76.938 -72 5.304 74.696 -76.45 3.062 
3 16 76.938 -72 5.304 74.696 -72 3.062 74.696 -76.45 3.062 
3 16 74.696 -76.45 3.062 74.696 -72 3.062 73.875 -76.45 0 
3 16 74.696 -72 3.062 73.875 -72 0 73.875 -76.45 0 
3 16 73.875 -76.45 0 73.875 -72 0 74.696 -76.45 -3.062 
3 16 73.875 -72 0 74.696 -72 -3.062 74.696 -76.45 -3.062 
3 16 74.696 -76.45 -3.062 74.696 -72 -3.062 76.938 -76.45 -5.304 
3 16 74.696 -72 -3.062 76.938 -72 -5.304 76.938 -76.45 -5.304 
3 16 76.938 -76.45 -5.304 76.938 -72 -5.304 80 -76.45 -6.125 
3 16 76.938 -72 -5.304 80 -72 -6.125 80 -76.45 -6.125 
3 16 80 -76.45 -6.125 80 -72 -6.125 83.063 -76.45 -5.304 
3 16 80 -72 -6.125 83.063 -72 -5.304 83.063 -76.45 -5.304 
3 16 83.063 -76.45 -5.304 83.063 -72 -5.304 85.304 -76.45 -3.062 
3 16 83.063 -72 -5.304 85.304 -72 -3.062 85.304 -76.45 -3.062 
3 16 85.304 -76.45 -3.062 85.304 -72 -3.062 86.125 -76.45 0 
3 16 85.304 -72 -3.062 86.125 -72 0 86.125 -76.45 0 
3 16 86.125 -76.45 0 86.125 -72 0 85.304 -76.45 3.062 
3 16 86.125 -72 0 85.304 -72 3.062 85.304 -76.45 3.062 
3 16 85.304 -76.45 3.062 83.063 -76.45 5.304 80 -76.45 0 
3 16 83.063 -76.45 5.304 80 -76.45 6.125 80 -76.45 0 
3 16 80 -76.45 6.125 76.938 -76.45 5.304 80 -76.45 0 
3 16 76.938 -76.45 5.304 74.696 -76.45 3.062 80 -76.45 0 
3 16 74.696 -76.45 3.062 73.875 -76.45 0 80 -76.45 0 
3 16 73.875 -76.45 0 74.696 -76.45 -3.062 80 -76.45 0 
3 16 74.696 -76.45 -3.062 76.938 -76.45 -5.304 80 -76.45 0 
3 16 76.938 -76.45 -5.304 80 -76.45 -6.125 80 -76.45 0 
3 16 80 -76.45 -6.125 83.063 -76.45 -5.304 80 -76.45 0 
3 16 83.063 -76.45 -5.304 85.304 -76.45 -3.062 80 -76.45 0 
3 16 85.304 -76.45 -3.062 86.125 -76.45 0 80 -76.45 0 
3 16 86.125 -76.45 0 85.304 -76.45 3.062 80 -76.45 0 
2 24 83.063 -76.45 5.304 85.304 -76.45 3.062 
2 24 85.304 -72 3.062 83.063 -72 5.304 
2 24 80 -76.45 6.125 83.063 -76.45 5.304 
2 24 83.063 -72 5.304 80 -72 6.125 
2 24 76.938 -76.45 5.304 80 -76.45 6.125 
2 24 80 -72 6.125 76.938 -72 5.304 
2 24 74.696 -76.45 3.062 76.938 -76.45 5.304 
2 24 76.938 -72 5.304 74.696 -72 3.062 
2 24 73.875 -76.45 0 74.696 -76.45 3.062 
2 24 74.696 -72 3.062 73.875 -72 0 
2 24 74.696 -76.45 -3.062 73.875 -76.45 0 
2 24 73.875 -72 0 74.696 -72 -3.062 
2 24 76.938 -76.45 -5.304 74.696 -76.45 -3.062 
2 24 74.696 -72 -3.062 76.938 -72 -5.304 
2 24 80 -76.45 -6.125 76.938 -76.45 -5.304 
2 24 76.938 -72 -5.304 80 -72 -6.125 
2 24 83.063 -76.45 -5.304 80 -76.45 -6.125 
2 24 80 -72 -6.125 83.063 -72 -5.304 
2 24 85.304 -76.45 -3.062 83.063 -76.45 -5.304 
2 24 83.063 -72 -5.304 85.304 -72 -3.062 
2 24 86.125 -76.45 0 85.304 -76.45 -3.062 
2 24 85.304 -72 -3.062 86.125 -72 0 
2 24 85.304 -76.45 3.062 86.125 -76.45 0 
2 24 86.125 -72 0 85.304 -72 3.062 

0 // Stud
3 16 65.304 -76.45 3.062 65.304 -72 3.062 63.063 -76.45 5.304 
3 16 65.304 -72 3.062 63.063 -72 5.304 63.063 -76.45 5.304 
3 16 63.063 -76.45 5.304 63.063 -72 5.304 60 -76.45 6.125 
3 16 63.063 -72 5.304 60 -72 6.125 60 -76.45 6.125 
3 16 60 -76.45 6.125 60 -72 6.125 56.938 -76.45 5.304 
3 16 60 -72 6.125 56.938 -72 5.304 56.938 -76.45 5.304 
3 16 56.938 -76.45 5.304 56.938 -72 5.304 54.696 -76.45 3.062 
3 16 56.938 -72 5.304 54.696 -72 3.062 54.696 -76.45 3.062 
3 16 54.696 -76.45 3.062 54.696 -72 3.062 53.875 -76.45 0 
3 16 54.696 -72 3.062 53.875 -72 0 53.875 -76.45 0 
3 16 53.875 -76.45 0 53.875 -72 0 54.696 -76.45 -3.062 
3 16 53.875 -72 0 54.696 -72 -3.062 54.696 -76.45 -3.062 
3 16 54.696 -76.45 -3.062 54.696 -72 -3.062 56.938 -76.45 -5.304 
3 16 54.696 -72 -3.062 56.938 -72 -5.304 56.938 -76.45 -5.304 
3 16 56.938 -76.45 -5.304 56.938 -72 -5.304 60 -76.45 -6.125 
3 16 56.938 -72 -5.304 60 -72 -6.125 60 -76.45 -6.125 
3 16 60 -76.45 -6.125 60 -72 -6.125 63.063 -76.45 -5.304 
3 16 60 -72 -6.125 63.063 -72 -5.304 63.063 -76.45 -5.304 
3 16 63.063 -76.45 -5.304 63.063 -72 -5.304 65.304 -76.45 -3.062 
3 16 63.063 -72 -5.304 65.304 -72 -3.062 65.304 -76.45 -3.062 
3 16 65.304 -76.45 -3.062 65.304 -72 -3.062 66.125 -76.45 0 
3 16 65.304 -72 -3.062 66.125 -72 0 66.125 -76.45 0 
3 16 66.125 -76.45 0 66.125 -72 0 65.304 -76.45 3.062 
3 16 66.125 -72 0 65.304 -72 3.062 65.304 -76.45 3.062 
3 16 65.304 -76.45 3.062 63.063 -76.45 5.304 60 -76.45 0 
3 16 63.063 -76.45 5.304 60 -76.45 6.125 60 -76.45 0 
3 16 60 -76.45 6.125 56.938 -76.45 5.304 60 -76.45 0 
3 16 56.938 -76.45 5.304 54.696 -76.45 3.062 60 -76.45 0 
3 16 54.696 -76.45 3.062 53.875 -76.45 0 60 -76.45 0 
3 16 53.875 -76.45 0 54.696 -76.45 -3.062 60 -76.45 0 
3 16 54.696 -76.45 -3.062 56.938 -76.45 -5.304 60 -76.45 0 
3 16 56.938 -76.45 -5.304 60 -76.45 -6.125 60 -76.45 0 
3 16 60 -76.45 -6.125 63.063 -76.45 -5.304 60 -76.45 0 
3 16 63.063 -76.45 -5.304 65.304 -76.45 -3.062 60 -76.45 0 
3 16 65.304 -76.45 -3.062 66.125 -76.45 0 60 -76.45 0 
3 16 66.125 -76.45 0 65.304 -76.45 3.062 60 -76.45 0 
2 24 63.063 -76.45 5.304 65.304 -76.45 3.062 
2 24 65.304 -72 3.062 63.063 -72 5.304 
2 24 60 -76.45 6.125 63.063 -76.45 5.304 
2 24 63.063 -72 5.304 60 -72 6.125 
2 24 56.938 -76.45 5.304 60 -76.45 6.125 
2 24 60 -72 6.125 56.938 -72 5.304 
2 24 54.696 -76.45 3.062 56.938 -76.45 5.304 
2 24 56.938 -72 5.304 54.696 -72 3.062 
2 24 53.875 -76.45 0 54.696 -76.45 3.062 
2 24 54.696 -72 3.062 53.875 -72 0 
2 24 54.696 -76.45 -3.062 53.875 -76.45 0 
2 24 53.875 -72 0 54.696 -72 -3.062 
2 24 56.938 -76.45 -5.304 54.696 -76.45 -3.062 
2 24 54.696 -72 -3.062 56.938 -72 -5.304 
2 24 60 -76.45 -6.125 56.938 -76.45 -5.304 
2 24 56.938 -72 -5.304 60 -72 -6.125 
2 24 63.063 -76.45 -5.304 60 -76.45 -6.125 
2 24 60 -72 -6.125 63.063 -72 -5.304 
2 24 65.304 -76.45 -3.062 63.063 -76.45 -5.304 
2 24 63.063 -72 -5.304 65.304 -72 -3.062 
2 24 66.125 -76.45 0 65.304 -76.45 -3.062 
2 24 65.304 -72 -3.062 66.125 -72 0 
2 24 65.304 -76.45 3.062 66.125 -76.45 0 
2 24 66.125 -72 0 65.304 -72 3.062 

0 // Stud
3 16 45.304 -76.45 3.062 45.304 -72 3.062 43.063 -76.45 5.304 
3 16 45.304 -72 3.062 43.063 -72 5.304 43.063 -76.45 5.304 
3 16 43.063 -76.45 5.304 43.063 -72 5.304 40 -76.45 6.125 
3 16 43.063 -72 5.304 40 -72 6.125 40 -76.45 6.125 
3 16 40 -76.45 6.125 40 -72 6.125 36.938 -76.45 5.304 
3 16 40 -72 6.125 36.938 -72 5.304 36.938 -76.45 5.304 
3 16 36.938 -76.45 5.304 36.938 -72 5.304 34.696 -76.45 3.062 
3 16 36.938 -72 5.304 34.696 -72 3.062 34.696 -76.45 3.062 
3 16 34.696 -76.45 3.062 34.696 -72 3.062 33.875 -76.45 0 
3 16 34.696 -72 3.062 33.875 -72 0 33.875 -76.45 0 
3 16 33.875 -76.45 0 33.875 -72 0 34.696 -76.45 -3.062 
3 16 33.875 -72 0 34.696 -72 -3.062 34.696 -76.45 -3.062 
3 16 34.696 -76.45 -3.062 34.696 -72 -3.062 36.938 -76.45 -5.304 
3 16 34.696 -72 -3.062 36.938 -72 -5.304 36.938 -76.45 -5.304 
3 16 36.938 -76.45 -5.304 36.938 -72 -5.304 40 -76.45 -6.125 
3 16 36.938 -72 -5.304 40 -72 -6.125 40 -76.45 -6.125 
3 16 40 -76.45 -6.125 40 -72 -6.125 43.063 -76.45 -5.304 
3 16 40 -72 -6.125 43.063 -72 -5.304 43.063 -76.45 -5.304 
3 16 43.063 -76.45 -5.304 43.063 -72 -5.304 45.304 -76.45 -3.062 
3 16 43.063 -72 -5.304 45.304 -72 -3.062 45.304 -76.45 -3.062 
3 16 45.304 -76.45 -3.062 45.304 -72 -3.062 46.125 -76.45 0 
3 16 45.304 -72 -3.062 46.125 -72 0 46.125 -76.45 0 
3 16 46.125 -76.45 0 46.125 -72 0 45.304 -76.45 3.062 
3 16 46.125 -72 0 45.304 -72 3.062 45.304 -76.45 3.062 
3 16 45.304 -76.45 3.062 43.063 -76.45 5.304 40 -76.45 0 
3 16 43.063 -76.45 5.304 40 -76.45 6.125 40 -76.45 0 
3 16 40 -76.45 6.125 36.938 -76.45 5.304 40 -76.45 0 
3 16 36.938 -76.45 5.304 34.696 -76.45 3.062 40 -76.45 0 
3 16 34.696 -76.45 3.062 33.875 -76.45 0 40 -76.45 0 
3 16 33.875 -76.45 0 34.696 -76.45 -3.062 40 -76.45 0 
3 16 34.696 -76.45 -3.062 36.938 -76.45 -5.304 40 -76.45 0 
3 16 36.938 -76.45 -5.304 40 -76.45 -6.125 40 -76.45 0 
3 16 40 -76.45 -6.125 43.063 -76.45 -5.304 40 -76.45 0 
3 16 43.063 -76.45 -5.304 45.304 -76.45 -3.062 40 -76.45 0 
3 16 45.304 -76.45 -3.062 46.125 -76.45 0 40 -76.45 0 
3 16 46.125 -76.45 0 45.304 -76.45 3.062 40 -76.45 0 
2 24 43.063 -76.45 5.304 45.304 -76.45 3.062 
2 24 45.304 -72 3.062 43.063 -72 5.304 
2 24 40 -76.45 6.125 43.063 -76.45 5.304 
2 24 43.063 -72 5.304 40 -72 6.125 
2 24 36.938 -76.45 5.304 40 -76.45 6.125 
2 24 40 -72 6.125 36.938 -72 5.304 
2 24 34.696 -76.45 3.062 36.938 -76.45 5.304 
2 24 36.938 -72 5.304 34.696 -72 3.062 
2 24 33.875 -76.45 0 34.696 -76.45 3.062 
2 24 34.696 -72 3.062 33.875 -72 0 
2 24 34.696 -76.45 -3.062 33.875 -76.45 0 
2 24 33.875 -72 0 34.696 -72 -3.062 
2 24 36.938 -76.45 -5.304 34.696 -76.45 -3.062 
2 24 34.696 -72 -3.062 36.938 -72 -5.304 
2 24 40 -76.45 -6.125 36.938 -76.45 -5.304 
2 24 36.938 -72 -5.304 40 -72 -6.125 
2 24 43.063 -76.45 -5.304 40 -76.45 -6.125 
2 24 40 -72 -6.125 43.063 -72 -5.304 
2 24 45.304 -76.45 -3.062 43.063 -76.45 -5.304 
2 24 43.063 -72 -5.304 45.304 -72 -3.062 
2 24 46.125 -76.45 0 45.304 -76.45 -3.062 
2 24 45.304 -72 -3.062 46.125 -72 0 
2 24 45.304 -76.45 3.062 46.125 -76.45 0 
2 24 46.125 -72 0 45.304 -72 3.062 

0 // Stud
3 16 205.304 -52.45 3.062 205.304 -48 3.062 203.063 -52.45 5.304 
3 16 205.304 -48 3.062 203.063 -48 5.304 203.063 -52.45 5.304 
3 16 203.063 -52.45 5.304 203.063 -48 5.304 200 -52.45 6.125 
3 16 203.063 -48 5.304 200 -48 6.125 200 -52.45 6.125 
3 16 200 -52.45 6.125 200 -48 6.125 196.938 -52.45 5.304 
3 16 200 -48 6.125 196.938 -48 5.304 196.938 -52.45 5.304 
3 16 196.938 -52.45 5.304 196.938 -48 5.304 194.696 -52.45 3.062 
3 16 196.938 -48 5.304 194.696 -48 3.062 194.696 -52.45 3.062 
3 16 194.696 -52.45 3.062 194.696 -48 3.062 193.875 -52.45 0 
3 16 194.696 -48 3.062 193.875 -48 0 193.875 -52.45 0 
3 16 193.875 -52.45 0 193.875 -48 0 194.696 -52.45 -3.062 
3 16 193.875 -48 0 194.696 -48 -3.062 194.696 -52.45 -3.062 
3 16 194.696 -52.45 -3.062 194.696 -48 -3.062 196.938 -52.45 -5.304 
3 16 194.696 -48 -3.062 196.938 -48 -5.304 196.938 -52.45 -5.304 
3 16 196.938 -52.45 -5.304 196.938 -48 -5.304 200 -52.45 -6.125 
3 16 196.938 -48 -5.304 200 -48 -6.125 200 -52.45 -6.125 
3 16 200 -52.45 -6.125 200 -48 -6.125 203.063 -52.45 -5.304 
3 16 200 -48 -6.125 203.063 -48 -5.304 203.063 -52.45 -5.304 
3 16 203.063 -52.45 -5.304 203.063 -48 -5.304 205.304 -52.45 -3.062 
3 16 203.063 -48 -5.304 205.304 -48 -3.062 205.304 -52.45 -3.062 
3 16 205.304 -52.45 -3.062 205.304 -48 -3.062 206.125 -52.45 0 
3 16 205.304 -48 -3.062 206.125 -48 0 206.125 -52.45 0 
3 16 206.125 -52.45 0 206.125 -48 0 205.304 -52.45 3.062 
3 16 206.125 -48 0 205.304 -48 3.062 205.304 -52.45 3.062 
3 16 205.304 -52.45 3.062 203.063 -52.45 5.304 200 -52.45 0 
3 16 203.063 -52.45 5.304 200 -52.45 6.125 200 -52.45 0 
3 16 200 -52.45 6.125 196.938 -52.45 5.304 200 -52.45 0 
3 16 196.938 -52.45 5.304 194.696 -52.45 3.062 200 -52.45 0 
3 16 194.696 -52.45 3.062 193.875 -52.45 0 200 -52.45 0 
3 16 193.875 -52.45 0 194.696 -52.45 -3.062 200 -52.45 0 
3 16 194.696 -52.45 -3.062 196.938 -52.45 -5.304 200 -52.45 0 
3 16 196.938 -52.45 -5.304 200 -52.45 -6.125 200 -52.45 0 
3 16 200 -52.45 -6.125 203.063 -52.45 -5.304 200 -52.45 0 
3 16 203.063 -52.45 -5.304 205.304 -52.45 -3.062 200 -52.45 0 
3 16 205.304 -52.45 -3.062 206.125 -52.45 0 200 -52.45 0 
3 16 206.125 -52.45 0 205.304 -52.45 3.062 200 -52.45 0 
2 24 203.063 -52.45 5.304 205.304 -52.45 3.062 
2 24 205.304 -48 3.062 203.063 -48 5.304 
2 24 200 -52.45 6.125 203.063 -52.45 5.304 
2 24 203.063 -48 5.304 200 -48 6.125 
2 24 196.938 -52.45 5.304 200 -52.45 6.125 
2 24 200 -48 6.125 196.938 -48 5.304 
2 24 194.696 -52.45 3.062 196.938 -52.45 5.304 
2 24 196.938 -48 5.304 194.696 -48 3.062 
2 24 193.875 -52.45 0 194.696 -52.45 3.062 
2 24 194.696 -48 3.062 193.875 -48 0 
2 24 194.696 -52.45 -3.062 193.875 -52.45 0 
2 24 193.875 -48 0 194.696 -48 -3.062 
2 24 196.938 -52.45 -5.304 194.696 -52.45 -3.062 
2 24 194.696 -48 -3.062 196.938 -48 -5.304 
2 24 200 -52.45 -6.125 196.938 -52.45 -5.304 
2 24 196.938 -48 -5.304 200 -48 -6.125 
2 24 203.063 -52.45 -5.304 200 -52.45 -6.125 
2 24 200 -48 -6.125 203.063 -48 -5.304 
2 24 205.304 -52.45 -3.062 203.063 -52.45 -5.304 
2 24 203.063 -48 -5.304 205.304 -48 -3.062 
2 24 206.125 -52.45 0 205.304 -52.45 -3.062 
2 24 205.304 -48 -3.062 206.125 -48 0 
2 24 205.304 -52.45 3.062 206.125 -52.45 0 
2 24 206.125 -48 0 205.304 -48 3.062 

0 // Stud
3 16 25.304 -52.45 3.062 25.304 -48 3.062 23.062 -52.45 5.304 
3 16 25.304 -48 3.062 23.062 -48 5.304 23.062 -52.45 5.304 
3 16 23.062 -52.45 5.304 23.062 -48 5.304 20 -52.45 6.125 
3 16 23.062 -48 5.304 20 -48 6.125 20 -52.45 6.125 
3 16 20 -52.45 6.125 20 -48 6.125 16.938 -52.45 5.304 
3 16 20 -48 6.125 16.938 -48 5.304 16.938 -52.45 5.304 
3 16 16.938 -52.45 5.304 16.938 -48 5.304 14.696 -52.45 3.062 
3 16 16.938 -48 5.304 14.696 -48 3.062 14.696 -52.45 3.062 
3 16 14.696 -52.45 3.062 14.696 -48 3.062 13.875 -52.45 0 
3 16 14.696 -48 3.062 13.875 -48 0 13.875 -52.45 0 
3 16 13.875 -52.45 0 13.875 -48 0 14.696 -52.45 -3.062 
3 16 13.875 -48 0 14.696 -48 -3.062 14.696 -52.45 -3.062 
3 16 14.696 -52.45 -3.062 14.696 -48 -3.062 16.938 -52.45 -5.304 
3 16 14.696 -48 -3.062 16.938 -48 -5.304 16.938 -52.45 -5.304 
3 16 16.938 -52.45 -5.304 16.938 -48 -5.304 20 -52.45 -6.125 
3 16 16.938 -48 -5.304 20 -48 -6.125 20 -52.45 -6.125 
3 16 20 -52.45 -6.125 20 -48 -6.125 23.062 -52.45 -5.304 
3 16 20 -48 -6.125 23.062 -48 -5.304 23.062 -52.45 -5.304 
3 16 23.062 -52.45 -5.304 23.062 -48 -5.304 25.304 -52.45 -3.062 
3 16 23.062 -48 -5.304 25.304 -48 -3.062 25.304 -52.45 -3.062 
3 16 25.304 -52.45 -3.062 25.304 -48 -3.062 26.125 -52.45 0 
3 16 25.304 -48 -3.062 26.125 -48 0 26.125 -52.45 0 
3 16 26.125 -52.45 0 26.125 -48 0 25.304 -52.45 3.062 
3 16 26.125 -48 0 25.304 -48 3.062 25.304 -52.45 3.062 
3 16 25.304 -52.45 3.062 23.062 -52.45 5.304 20 -52.45 0 
3 16 23.062 -52.45 5.304 20 -52.45 6.125 20 -52.45 0 
3 16 20 -52.45 6.125 16.938 -52.45 5.304 20 -52.45 0 
3 16 16.938 -52.45 5.304 14.696 -52.45 3.062 20 -52.45 0 
3 16 14.696 -52.45 3.062 13.875 -52.45 0 20 -52.45 0 
3 16 13.875 -52.45 0 14.696 -52.45 -3.062 20 -52.45 0 
3 16 14.696 -52.45 -3.062 16.938 -52.45 -5.304 20 -52.45 0 
3 16 16.938 -52.45 -5.304 20 -52.45 -6.125 20 -52.45 0 
3 16 20 -52.45 -6.125 23.062 -52.45 -5.304 20 -52.45 0 
3 16 23.062 -52.45 -5.304 25.304 -52.45 -3.062 20 -52.45 0 
3 16 25.304 -52.45 -3.062 26.125 -52.45 0 20 -52.45 0 
3 16 26.125 -52.45 0 25.304 -52.45 3.062 20 -52.45 0 
2 24 23.062 -52.45 5.304 25.304 -52.45 3.062 
2 24 25.304 -48 3.062 23.062 -48 5.304 
2 24 20 -52.45 6.125 23.062 -52.45 5.304 
2 24 23.062 -48 5.304 20 -48 6.125 
2 24 16.938 -52.45 5.304 20 -52.45 6.125 
2 24 20 -48 6.125 16.938 -48 5.304 
2 24 14.696 -52.45 3.062 16.938 -52.45 5.304 
2 24 16.938 -48 5.304 14.696 -48 3.062 
2 24 13.875 -52.45 0 14.696 -52.45 3.062 
2 24 14.696 -48 3.062 13.875 -48 0 
2 24 14.696 -52.45 -3.062 13.875 -52.45 0 
2 24 13.875 -48 0 14.696 -48 -3.062 
2 24 16.938 -52.45 -5.304 14.696 -52.45 -3.062 
2 24 14.696 -48 -3.062 16.938 -48 -5.304 
2 24 20 -52.45 -6.125 16.938 -52.45 -5.304 
2 24 16.938 -48 -5.304 20 -48 -6.125 
2 24 23.062 -52.45 -5.304 20 -52.45 -6.125 
2 24 20 -48 -6.125 23.062 -48 -5.304 
2 24 25.304 -52.45 -3.062 23.062 -52.45 -5.304 
2 24 23.062 -48 -5.304 25.304 -48 -3.062 
2 24 26.125 -52.45 0 25.304 -52.45 -3.062 
2 24 25.304 -48 -3.062 26.125 -48 0 
2 24 25.304 -52.45 3.062 26.125 -52.45 0 
2 24 26.125 -48 0 25.304 -48 3.062 

0 // Stud
3 16 225.304 -28.45 3.062 225.304 -24 3.062 223.063 -28.45 5.304 
3 16 225.304 -24 3.062 223.063 -24 5.304 223.063 -28.45 5.304 
3 16 223.063 -28.45 5.304 223.063 -24 5.304 220 -28.45 6.125 
3 16 223.063 -24 5.304 220 -24 6.125 220 -28.45 6.125 
3 16 220 -28.45 6.125 220 -24 6.125 216.938 -28.45 5.304 
3 16 220 -24 6.125 216.938 -24 5.304 216.938 -28.45 5.304 
3 16 216.938 -28.45 5.304 216.938 -24 5.304 214.696 -28.45 3.062 
3 16 216.938 -24 5.304 214.696 -24 3.062 214.696 -28.45 3.062 
3 16 214.696 -28.45 3.062 214.696 -24 3.062 213.875 -28.45 0 
3 16 214.696 -24 3.062 213.875 -24 0 213.875 -28.45 0 
3 16 213.875 -28.45 0 213.875 -24 0 214.696 -28.45 -3.062 
3 16 213.875 -24 0 214.696 -24 -3.062 214.696 -28.45 -3.062 
3 16 214.696 -28.45 -3.062 214.696 -24 -3.062 216.938 -28.45 -5.304 
3 16 214.696 -24 -3.062 216.938 -24 -5.304 216.938 -28.45 -5.304 
3 16 216.938 -28.45 -5.304 216.938 -24 -5.304 220 -28.45 -6.125 
3 16 216.938 -24 -5.304 220 -24 -6.125 220 -28.45 -6.125 
3 16 220 -28.45 -6.125 220 -24 -6.125 223.063 -28.45 -5.304 
3 16 220 -24 -6.125 223.063 -24 -5.304 223.063 -28.45 -5.304 
3 16 223.063 -28.45 -5.304 223.063 -24 -5.304 225.304 -28.45 -3.062 
3 16 223.063 -24 -5.304 225.304 -24 -3.062 225.304 -28.45 -3.062 
3 16 225.304 -28.45 -3.062 225.304 -24 -3.062 226.125 -28.45 0 
3 16 225.304 -24 -3.062 226.125 -24 0 226.125 -28.45 0 
3 16 226.125 -28.45 0 226.125 -24 0 225.304 -28.45 3.062 
3 16 226.125 -24 0 225.304 -24 3.062 225.304 -28.45 3.062 
3 16 225.304 -28.45 3.062 223.063 -28.45 5.304 220 -28.45 0 
3 16 223.063 -28.45 5.304 220 -28.45 6.125 220 -28.45 0 
3 16 220 -28.45 6.125 216.938 -28.45 5.304 220 -28.45 0 
3 16 216.938 -28.45 5.304 214.696 -28.45 3.062 220 -28.45 0 
3 16 214.696 -28.45 3.062 213.875 -28.45 0 220 -28.45 0 
3 16 213.875 -28.45 0 214.696 -28.45 -3.062 220 -28.45 0 
3 16 214.696 -28.45 -3.062 216.938 -28.45 -5.304 220 -28.45 0 
3 16 216.938 -28.45 -5.304 220 -28.45 -6.125 220 -28.45 0 
3 16 220 -28.45 -6.125 223.063 -28.45 -5.304 220 -28.45 0 
3 16 223.063 -28.45 -5.304 225.304 -28.45 -3.062 220 -28.45 0 
3 16 225.304 -28.45 -3.062 226.125 -28.45 0 220 -28.45 0 
3 16 226.125 -28.45 0 225.304 -28.45 3.062 220 -28.45 0 
2 24 223.063 -28.45 5.304 225.304 -28.45 3.062 
2 24 225.304 -24 3.062 223.063 -24 5.304 
2 24 220 -28.45 6.125 223.063 -28.45 5.304 
2 24 223.063 -24 5.304 220 -24 6.125 
2 24 216.938 -28.45 5.304 220 -28.45 6.125 
2 24 220 -24 6.125 216.938 -24 5.304 
2 24 214.696 -28.45 3.062 216.938 -28.45 5.304 
2 24 216.938 -24 5.304 214.696 -24 3.062 
2 24 213.875 -28.45 0 214.696 -28.45 3.062 
2 24 214.696 -24 3.062 213.875 -24 0 
2 24 214.696 -28.45 -3.062 213.875 -28.45 0 
2 24 213.875 -24 0 214.696 -24 -3.062 
2 24 216.938 -28.45 -5.304 214.696 -28.45 -3.062 
2 24 214.696 -24 -3.062 216.938 -24 -5.304 
2 24 220 -28.45 -6.125 216.938 -28.45 -5.304 
2 24 216.938 -24 -5.304 220 -24 -6.125 
2 24 223.063 -28.45 -5.304 220 -28.45 -6.125 
2 24 220 -24 -6.125 223.063 -24 -5.304 
2 24 225.304 -28.45 -3.062 223.063 -28.45 -5.304 
2 24 223.063 -24 -5.304 225.304 -24 -3.062 
2 24 226.125 -28.45 0 225.304 -28.45 -3.062 
2 24 225.304 -24 -3.062 226.125 -24 0 
2 24 225.304 -28.45 3.062 226.125 -28.45 0 
2 24 226.125 -24 0 225.304 -24 3.062 

0 // Stud
3 16 5.304 -28.45 3.062 5.304 -24 3.062 3.062 -28.45 5.304 
3 16 5.304 -24 3.062 3.062 -24 5.304 3.062 -28.45 5.304 
3 16 3.062 -28.45 5.304 3.062 -24 5.304 0 -28.45 6.125 
3 16 3.062 -24 5.304 0 -24 6.125 0 -28.45 6.125 
3 16 0 -28.45 6.125 0 -24 6.125 -3.062 -28.45 5.304 
3 16 0 -24 6.125 -3.062 -24 5.304 -3.062 -28.45 5.304 
3 16 -3.062 -28.45 5.304 -3.062 -24 5.304 -5.304 -28.45 3.062 
3 16 -3.062 -24 5.304 -5.304 -24 3.062 -5.304 -28.45 3.062 
3 16 -5.304 -28.45 3.062 -5.304 -24 3.062 -6.125 -28.45 0 
3 16 -5.304 -24 3.062 -6.125 -24 0 -6.125 -28.45 0 
3 16 -6.125 -28.45 0 -6.125 -24 0 -5.304 -28.45 -3.062 
3 16 -6.125 -24 0 -5.304 -24 -3.062 -5.304 -28.45 -3.062 
3 16 -5.304 -28.45 -3.062 -5.304 -24 -3.062 -3.062 -28.45 -5.304 
3 16 -5.304 -24 -3.062 -3.062 -24 -5.304 -3.062 -28.45 -5.304 
3 16 -3.062 -28.45 -5.304 -3.062 -24 -5.304 0 -28.45 -6.125 
3 16 -3.062 -24 -5.304 0 -24 -6.125 0 -28.45 -6.125 
3 16 0 -28.45 -6.125 0 -24 -6.125 3.062 -28.45 -5.304 
3 16 0 -24 -6.125 3.062 -24 -5.304 3.062 -28.45 -5.304 
3 16 3.062 -28.45 -5.304 3.062 -24 -5.304 5.304 -28.45 -3.062 
3 16 3.062 -24 -5.304 5.304 -24 -3.062 5.304 -28.45 -3.062 
3 16 5.304 -28.45 -3.062 5.304 -24 -3.062 6.125 -28.45 0 
3 16 5.304 -24 -3.062 6.125 -24 0 6.125 -28.45 0 
3 16 6.125 -28.45 0 6.125 -24 0 5.304 -28.45 3.062 
3 16 6.125 -24 0 5.304 -24 3.062 5.304 -28.45 3.062 
3 16 5.304 -28.45 3.062 3.062 -28.45 5.304 0 -28.45 0 
3 16 3.062 -28.45 5.304 0 -28.45 6.125 0 -28.45 0 
3 16 0 -28.45 6.125 -3.062 -28.45 5.304 0 -28.45 0 
3 16 -3.062 -28.45 5.304 -5.304 -28.45 3.062 0 -28.45 0 
3 16 -5.304 -28.45 3.062 -6.125 -28.45 0 0 -28.45 0 
3 16 -6.125 -28.45 0 -5.304 -28.45 -3.062 0 -28.45 0 
3 16 -5.304 -28.45 -3.062 -3.062 -28.45 -5.304 0 -28.45 0 
3 16 -3.062 -28.45 -5.304 0 -28.45 -6.125 0 -28.45 0 
3 16 0 -28.45 -6.125 3.062 -28.45 -5.304 0 -28.45 0 
3 16 3.062 -28.45 -5.304 5.304 -28.45 -3.062 0 -28.45 0 
3 16 5.304 -28.45 -3.062 6.125 -28.45 0 0 -28.45 0 
3 16 6.125 -28.45 0 5.304 -28.45 3.062 0 -28.45 0 
2 24 3.062 -28.45 5.304 5.304 -28.45 3.062 
2 24 5.304 -24 3.062 3.062 -24 5.304 
2 24 0 -28.45 6.125 3.062 -28.45 5.304 
2 24 3.062 -24 5.304 0 -24 6.125 
2 24 -3.062 -28.45 5.304 0 -28.45 6.125 
2 24 0 -24 6.125 -3.062 -24 5.304 
2 24 -5.304 -28.45 3.062 -3.062 -28.45 5.304 
2 24 -3.062 -24 5.304 -5.304 -24 3.062 
2 24 -6.125 -28.45 0 -5.304 -28.45 3.062 
2 24 -5.304 -24 3.062 -6.125 -24 0 
2 24 -5.304 -28.45 -3.062 -6.125 -28.45 0 
2 24 -6.125 -24 0 -5.304 -24 -3.062 
2 24 -3.062 -28.45 -5.304 -5.304 -28.45 -3.062 
2 24 -5.304 -24 -3.062 -3.062 -24 -5.304 
2 24 0 -28.45 -6.125 -3.062 -28.45 -5.304 
2 24 -3.062 -24 -5.304 0 -24 -6.125 
2 24 3.062 -28.45 -5.304 0 -28.45 -6.125 
2 24 0 -24 -6.125 3.062 -24 -5.304 
2 24 5.304 -28.45 -3.062 3.062 -28.45 -5.304 
2 24 3.062 -24 -5.304 5.304 -24 -3.062 
2 24 6.125 -28.45 0 5.304 -28.45 -3.062 
2 24 5.304 -24 -3.062 6.125 -24 0 
2 24 5.304 -28.45 3.062 6.125 -28.45 0 
2 24 6.125 -24 0 5.304 -24 3.062 

