0 MINI HAT NO. 2 (Needs Work)
0 Name: 20643.dat
0 Author: <AuthorRealName> [<AuthorLDrawName>]
0 !LDRAW_ORG Unofficial_Part
0 !LICENSE Redistributable under CCAL version 2.0 : see CAreadme.txt

0 BFC CERTIFY CCW

0 !HISTORY 2016-03-18 {LEGO Digital Designer} Original part shape
0 !HISTORY 2016-03-18 [<AuthorLDrawName>] File preparation for LDraw Parts Tracker

0 // Needs Work: Clean necessary

0 // Outside
3 16 11.4 24.8 -11.593 14.056 23.673 -7.904 16.121 21.814 -3.806 
3 16 14.056 23.673 -7.904 15.495 23.538 -0.435 16.121 21.814 -3.806 
3 16 16.951 19.978 -0.245 16.665 20.686 -2.412 15.495 23.538 -0.435 
3 16 16.665 20.686 -2.412 16.121 21.814 -3.806 15.495 23.538 -0.435 
3 16 16.121 21.814 -3.806 15.287 20.688 -4.962 11.4 24.8 -11.593 
3 16 11.4 24.8 -11.593 15.287 20.688 -4.962 11.494 23.441 -12.371 
3 16 15.287 20.688 -4.962 16.121 21.814 -3.806 16.093 20.031 -3.523 
3 16 16.093 20.031 -3.523 16.121 21.814 -3.806 16.665 20.686 -2.412 
3 16 16.686 18.925 -3.019 16.093 20.031 -3.523 16.665 20.686 -2.412 
3 16 16.686 18.925 -3.019 16.029 18.751 -5.197 16.093 20.031 -3.523 
3 16 16.093 20.031 -3.523 16.029 18.751 -5.197 15.287 20.688 -4.962 
3 16 11.494 23.441 -12.371 15.287 20.688 -4.962 12.142 21.615 -12.995 
3 16 12.142 21.615 -12.995 15.287 20.688 -4.962 16.029 18.751 -5.197 
3 16 12.142 21.615 -12.995 5.887 27.185 -16.108 11.494 23.441 -12.371 
3 16 11.494 23.441 -12.371 5.887 27.185 -16.108 5.938 29.151 -14.964 
3 16 11.494 23.441 -12.371 5.938 29.151 -14.964 11.4 24.8 -11.593 
3 16 5.887 27.185 -16.108 -0.002 32.991 -17.251 5.938 29.151 -14.964 
3 16 5.938 29.151 -14.964 -0.002 32.991 -17.251 -0.031 33.82 -16.36 
3 16 5.386 25.809 -16.268 5.887 27.185 -16.108 7.979 22.677 -15.299 
3 16 12.142 21.615 -12.995 11.421 20.757 -13.267 5.887 27.185 -16.108 
3 16 11.421 20.757 -13.267 7.979 22.677 -15.299 5.887 27.185 -16.108 
3 16 11.421 20.757 -13.267 10.611 19.434 -13.847 7.979 22.677 -15.299 
3 16 16.029 18.751 -5.197 15.083 18.005 -6.545 12.142 21.615 -12.995 
3 16 12.142 21.615 -12.995 15.083 18.005 -6.545 11.421 20.757 -13.267 
3 16 7.635 21.466 -16.154 5.268 24.083 -16.85 7.979 22.677 -15.299 
3 16 7.979 22.677 -15.299 5.268 24.083 -16.85 5.386 25.809 -16.268 
3 16 7.979 22.677 -15.299 10.611 19.434 -13.847 7.635 21.466 -16.154 
3 16 7.635 21.466 -16.154 10.611 19.434 -13.847 10.214 18.249 -15.224 
3 16 16.951 19.978 -0.245 15.495 23.538 -0.435 16.483 21.211 1.458 
3 16 13.611 23.763 7.858 13.99 22.116 8.287 15.495 23.538 -0.435 
3 16 16.483 21.211 1.458 15.495 23.538 -0.435 13.99 22.116 8.287 
3 16 14.703 18.64 8.166 16.449 18.512 2.241 14.683 19.934 8.401 
3 16 14.683 19.934 8.401 16.449 18.512 2.241 16.64 20.138 1.821 
3 16 11.963 16.896 10.504 14.703 18.64 8.166 11.441 18.112 11.361 
3 16 11.441 18.112 11.361 14.703 18.64 8.166 14.683 19.934 8.401 
3 16 11.441 18.112 11.361 14.683 19.934 8.401 13.863 20.846 8.099 
3 16 14.683 19.934 8.401 16.64 20.138 1.821 13.863 20.846 8.099 
3 16 13.863 20.846 8.099 16.64 20.138 1.821 16.483 21.211 1.458 
3 16 16.483 21.211 1.458 13.99 22.116 8.287 13.863 20.846 8.099 
3 16 11.441 18.112 11.361 13.863 20.846 8.099 13.99 22.116 8.287 
3 16 11.963 16.896 10.504 11.441 18.112 11.361 10.488 17.199 11.907 
3 16 11.441 18.112 11.361 10.754 20.189 11.886 10.488 17.199 11.907 
3 16 -0.002 32.991 -17.251 5.887 27.185 -16.108 -0.002 32.034 -17.451 
3 16 -0.002 32.034 -17.451 5.887 27.185 -16.108 5.386 25.809 -16.268 
3 16 -0.002 32.034 -17.451 5.386 25.809 -16.268 -0.002 29.295 -18.543 
3 16 -0.002 29.295 -18.543 5.386 25.809 -16.268 5.268 24.083 -16.85 
3 16 15.622 10.453 -7.549 15.004 9.451 -13.105 10.611 19.434 -13.847 
3 16 10.611 19.434 -13.847 15.004 9.451 -13.105 10.214 18.249 -15.224 
3 16 15.839 12.031 3.826 16.381 10.878 2.522 15.932 13.41 3.786 
3 16 15.932 13.41 3.786 16.381 10.878 2.522 16.278 14.515 2.265 
3 16 14.531 14.013 4.272 14.645 11.559 4.384 15.932 13.41 3.786 
3 16 15.932 13.41 3.786 14.645 11.559 4.384 15.839 12.031 3.826 
3 16 14.645 11.559 4.384 14.953 10.358 3.165 15.839 12.031 3.826 
3 16 15.839 12.031 3.826 14.953 10.358 3.165 16.381 10.878 2.522 
3 16 14.531 14.013 4.272 15.932 13.41 3.786 14.935 15.13 2.872 
3 16 14.935 15.13 2.872 15.932 13.41 3.786 16.278 14.515 2.265 
3 16 16.449 18.512 2.241 15.138 17.975 2.305 16.278 14.515 2.265 
3 16 16.278 14.515 2.265 15.138 17.975 2.305 14.935 15.13 2.872 
3 16 16.449 18.512 2.241 14.703 18.64 8.166 15.138 17.975 2.305 
3 16 15.138 17.975 2.305 14.703 18.64 8.166 13.84 18.142 7.852 
3 16 14.703 18.64 8.166 11.963 16.896 10.504 13.84 18.142 7.852 
3 16 13.84 18.142 7.852 11.963 16.896 10.504 11.696 16.015 10.432 
3 16 11.963 16.896 10.504 10.488 17.199 11.907 11.696 16.015 10.432 
3 16 11.696 16.015 10.432 10.488 17.199 11.907 9.521 16.945 11.929 
3 16 13.973 -0.507 -4.827 12.18 -1.527 -6.698 15.445 6.236 -13.242 
3 16 12.18 -1.527 -6.698 13.144 3.666 -15.859 15.445 6.236 -13.242 
3 16 13.144 3.666 -15.859 12.18 -1.527 -6.698 10.283 -3.377 -8.893 
3 16 9.755 -6.501 -1.02 8.962 -6.099 -2.986 13.973 -0.507 -4.827 
3 16 13.973 -0.507 -4.827 8.962 -6.099 -2.986 12.18 -1.527 -6.698 
3 16 12.18 -1.527 -6.698 8.962 -6.099 -2.986 10.283 -3.377 -8.893 
3 16 10.283 -3.377 -8.893 8.962 -6.099 -2.986 7.426 -6.915 -4.738 
3 16 8.962 -6.099 -2.986 5.986 -8.865 -1.319 7.426 -6.915 -4.738 
3 16 7.426 -6.915 -4.738 5.986 -8.865 -1.319 5.764 -8.708 -2.138 
3 16 9.755 -6.501 -1.02 6.631 -8.789 -0.54 8.962 -6.099 -2.986 
3 16 8.962 -6.099 -2.986 6.631 -8.789 -0.54 5.986 -8.865 -1.319 
3 16 15.788 2.349 -0.94 13.973 -0.507 -4.827 16.182 4.662 -3.514 
3 16 16.182 4.662 -3.514 13.973 -0.507 -4.827 15.445 6.236 -13.242 
3 16 16.182 4.662 -3.514 15.445 6.236 -13.242 15.622 10.453 -7.549 
3 16 15.004 9.451 -13.105 15.622 10.453 -7.549 15.445 6.236 -13.242 
3 16 15.788 2.349 -0.94 16.182 4.662 -3.514 16.43 4.099 1.764 
3 16 16.381 10.878 2.522 16.182 4.662 -3.514 15.622 10.453 -7.549 
3 16 16.381 10.878 2.522 16.43 4.099 1.764 16.182 4.662 -3.514 
3 16 11.421 20.757 -13.267 15.083 18.005 -6.545 10.611 19.434 -13.847 
3 16 15.083 18.005 -6.545 15.622 10.453 -7.549 10.611 19.434 -13.847 
3 16 15.979 7.274 4.451 16.43 4.099 1.764 16.381 10.878 2.522 
3 16 16.686 18.925 -3.019 15.622 10.453 -7.549 15.083 18.005 -6.545 
3 16 15.083 18.005 -6.545 16.029 18.751 -5.197 16.686 18.925 -3.019 
3 16 16.381 10.878 2.522 15.622 10.453 -7.549 16.686 18.925 -3.019 
3 16 16.381 10.878 2.522 16.686 18.925 -3.019 16.278 14.515 2.265 
3 16 16.278 14.515 2.265 16.686 18.925 -3.019 16.449 18.512 2.241 
3 16 16.449 18.512 2.241 16.686 18.925 -3.019 16.64 20.138 1.821 
3 16 16.483 21.211 1.458 16.64 20.138 1.821 16.951 19.978 -0.245 
3 16 16.64 20.138 1.821 16.686 18.925 -3.019 16.951 19.978 -0.245 
3 16 16.686 18.925 -3.019 16.665 20.686 -2.412 16.951 19.978 -0.245 
3 16 13.011 -2.43 5.627 14.532 3.724 8.914 11.904 -0.929 12.952 
3 16 11.904 -0.929 12.952 14.532 3.724 8.914 12.319 0.589 13.006 
3 16 12.092 -3.974 3.505 15.788 2.349 -0.94 13.011 -2.43 5.627 
3 16 14.835 5.595 8.268 14.532 3.724 8.914 16.43 4.099 1.764 
3 16 13.011 -2.43 5.627 16.43 4.099 1.764 14.532 3.724 8.914 
3 16 13.011 -2.43 5.627 15.788 2.349 -0.94 16.43 4.099 1.764 
3 16 14.835 5.595 8.268 16.43 4.099 1.764 15.979 7.274 4.451 
3 16 15.788 2.349 -0.94 12.092 -3.974 3.505 13.973 -0.507 -4.827 
3 16 11.114 -5.101 3.661 9.755 -6.501 -1.02 12.092 -3.974 3.505 
3 16 12.092 -3.974 3.505 9.755 -6.501 -1.02 13.973 -0.507 -4.827 
3 16 11.114 -5.101 3.661 8.027 -7.653 6.015 9.755 -6.501 -1.02 
3 16 9.755 -6.501 -1.02 8.027 -7.653 6.015 6.631 -8.789 -0.54 
3 16 2.908 -8.402 16.913 1.709 -8.119 19.298 -0.002 -8.955 16.842 
3 16 -0.002 -8.955 16.842 1.709 -8.119 19.298 -0.002 -8.214 19.791 
3 16 4.781 -9.061 11.81 2.908 -8.402 16.913 -0.002 -10.615 11.439 
3 16 -0.002 -10.615 11.439 2.908 -8.402 16.913 -0.002 -8.955 16.842 
3 16 -0.002 -10.615 11.439 -0.002 -11.671 4.903 4.781 -9.061 11.81 
3 16 4.781 -9.061 11.81 -0.002 -11.671 4.903 8.027 -7.653 6.015 
3 16 5.764 -8.708 -2.138 5.986 -8.865 -1.319 3.219 -9.936 -1.77 
3 16 -0.002 -11.052 -0.641 3.219 -9.936 -1.77 -0.002 -11.671 4.903 
3 16 3.219 -9.936 -1.77 5.986 -8.865 -1.319 -0.002 -11.671 4.903 
3 16 5.986 -8.865 -1.319 6.631 -8.789 -0.54 -0.002 -11.671 4.903 
3 16 -0.002 -11.671 4.903 6.631 -8.789 -0.54 8.027 -7.653 6.015 
3 16 13.144 3.666 -15.859 10.283 -3.377 -8.893 7.887 1.746 -18.249 
3 16 7.887 1.746 -18.249 10.283 -3.377 -8.893 5.35 -5.747 -9.513 
3 16 10.283 -3.377 -8.893 7.426 -6.915 -4.738 5.35 -5.747 -9.513 
3 16 3.219 -9.936 -1.77 5.35 -5.747 -9.513 5.764 -8.708 -2.138 
3 16 7.426 -6.915 -4.738 5.764 -8.708 -2.138 5.35 -5.747 -9.513 
3 16 5.35 -5.747 -9.513 3.219 -9.936 -1.77 -0.002 -7.325 -9.947 
3 16 -0.002 -7.325 -9.947 3.219 -9.936 -1.77 -0.002 -11.052 -0.641 
3 16 7.887 1.746 -18.249 5.35 -5.747 -9.513 -0.002 -1.001 -19.733 
3 16 -0.002 -1.001 -19.733 5.35 -5.747 -9.513 -0.002 -7.325 -9.947 
3 16 15.979 7.274 4.451 16.381 10.878 2.522 14.777 8.44 4.434 
3 16 14.777 8.44 4.434 16.381 10.878 2.522 14.953 10.358 3.165 
3 16 14.835 5.595 8.268 15.979 7.274 4.451 13.532 6.631 8.249 
3 16 13.532 6.631 8.249 15.979 7.274 4.451 14.777 8.44 4.434 
3 16 13.532 6.631 8.249 13.247 4.378 8.922 14.835 5.595 8.268 
3 16 14.835 5.595 8.268 13.247 4.378 8.922 14.532 3.724 8.914 
3 16 10.19 1.025 13.268 12.319 0.589 13.006 13.247 4.378 8.922 
3 16 13.247 4.378 8.922 12.319 0.589 13.006 14.532 3.724 8.914 
3 16 10.026 -1.236 13.075 11.904 -0.929 12.952 10.19 1.025 13.268 
3 16 10.19 1.025 13.268 11.904 -0.929 12.952 12.319 0.589 13.006 
3 16 10.026 -1.236 13.075 11.073 -2.751 6.074 11.904 -0.929 12.952 
3 16 11.904 -0.929 12.952 11.073 -2.751 6.074 13.011 -2.43 5.627 
3 16 12.092 -3.974 3.505 13.011 -2.43 5.627 10.514 -3.711 4.909 
3 16 10.514 -3.711 4.909 13.011 -2.43 5.627 11.073 -2.751 6.074 
3 16 12.092 -3.974 3.505 10.514 -3.711 4.909 11.114 -5.101 3.661 
3 16 11.114 -5.101 3.661 10.514 -3.711 4.909 10.1 -4.318 4.881 
3 16 8.027 -7.653 6.015 11.114 -5.101 3.661 8.1 -6.179 6.116 
3 16 8.1 -6.179 6.116 11.114 -5.101 3.661 10.1 -4.318 4.881 
3 16 4.781 -9.061 11.81 8.027 -7.653 6.015 5.195 -7.468 11.155 
3 16 5.195 -7.468 11.155 8.027 -7.653 6.015 8.1 -6.179 6.116 
3 16 2.908 -8.402 16.913 4.781 -9.061 11.81 3.438 -6.938 16.49 
3 16 3.438 -6.938 16.49 4.781 -9.061 11.81 5.195 -7.468 11.155 
3 16 1.709 -8.119 19.298 2.908 -8.402 16.913 1.953 -6.622 19.236 
3 16 1.953 -6.622 19.236 2.908 -8.402 16.913 3.438 -6.938 16.49 
3 16 -0.002 -8.214 19.791 1.709 -8.119 19.298 -0.002 -6.756 19.842 
3 16 -0.002 -6.756 19.842 1.709 -8.119 19.298 1.953 -6.622 19.236 
3 16 10.754 20.189 11.886 9.529 19.732 11.98 10.488 17.199 11.907 
3 16 10.488 17.199 11.907 9.529 19.732 11.98 9.521 16.945 11.929 
3 16 10.754 20.189 11.886 9.856 21.033 12.849 9.529 19.732 11.98 
3 16 9.529 19.732 11.98 9.856 21.033 12.849 9.21 20.056 12.728 
3 16 15.004 9.451 -13.105 15.445 6.236 -13.242 12.359 8.643 -13.002 
3 16 12.359 8.643 -13.002 15.445 6.236 -13.242 12.127 6.514 -13.805 
3 16 15.445 6.236 -13.242 13.144 3.666 -15.859 12.127 6.514 -13.805 
3 16 12.127 6.514 -13.805 13.144 3.666 -15.859 10.542 5.072 -15.582 
3 16 6.405 3.445 -17.533 10.542 5.072 -15.582 7.887 1.746 -18.249 
3 16 7.887 1.746 -18.249 10.542 5.072 -15.582 13.144 3.666 -15.859 
3 16 6.405 3.445 -17.533 7.887 1.746 -18.249 -0.002 0.716 -19.155 
3 16 -0.002 0.716 -19.155 7.887 1.746 -18.249 -0.002 -1.001 -19.733 
3 16 5.467 3.877 -14.867 6.405 3.445 -17.533 -0.002 1.742 -15.544 
3 16 -0.002 1.742 -15.544 6.405 3.445 -17.533 -0.002 0.716 -19.155 
3 16 9.187 5.345 -13.376 10.542 5.072 -15.582 5.467 3.877 -14.867 
3 16 5.467 3.877 -14.867 10.542 5.072 -15.582 6.405 3.445 -17.533 
3 16 9.187 5.345 -13.376 5.467 3.877 -14.867 6.395 6.364 -14.778 
3 16 6.395 6.364 -14.778 5.467 3.877 -14.867 -0.002 8.387 -16.362 
3 16 -0.002 8.387 -16.362 5.467 3.877 -14.867 -0.002 1.742 -15.544 
3 16 10.542 5.072 -15.582 9.187 5.345 -13.376 12.127 6.514 -13.805 
3 16 9.187 5.345 -13.376 8.253 6.348 -10.335 12.127 6.514 -13.805 
3 16 10.599 8.973 -7.762 12.359 8.643 -13.002 8.253 6.348 -10.335 
3 16 12.359 8.643 -13.002 12.127 6.514 -13.805 8.253 6.348 -10.335 
3 16 6.395 6.364 -14.778 -0.002 8.387 -16.362 5.643 7.29 -11.985 
3 16 5.643 7.29 -11.985 -0.002 8.387 -16.362 0.014 9.413 -13.291 
3 16 8.253 6.348 -10.335 9.187 5.345 -13.376 5.643 7.29 -11.985 
3 16 5.643 7.29 -11.985 9.187 5.345 -13.376 6.395 6.364 -14.778 
3 16 0.156 11.273 -13.272 0.026 11.745 -16.088 4.445 13.401 -12.603 
3 16 4.445 13.401 -12.603 0.026 11.745 -16.088 4.92 14.157 -15.185 
3 16 9.269 13.289 -9.5 4.445 13.401 -12.603 9.952 13.959 -12.216 
3 16 9.952 13.959 -12.216 4.445 13.401 -12.603 4.92 14.157 -15.185 
3 16 4.445 13.401 -12.603 5.371 28.658 -12.466 0.156 11.273 -13.272 
3 16 0.156 11.273 -13.272 5.371 28.658 -12.466 -0.173 33.518 -14.164 
3 16 11.121 24.206 6.43 5.274 24.025 11.563 13.611 23.763 7.858 
3 16 13.611 23.763 7.858 5.274 24.025 11.563 5.171 23.61 14.81 
3 16 4.87 24.403 11.854 1.226 25.331 12.694 4.932 24.179 15.161 
3 16 1.226 25.331 12.694 1.476 24.729 18.205 4.932 24.179 15.161 
3 16 4.932 24.179 15.161 1.476 24.729 18.205 4.27 24.115 18.241 
3 16 -0.065 24.366 12.728 0.357 23.589 17.85 1.226 25.331 12.694 
3 16 1.226 25.331 12.694 0.357 23.589 17.85 1.476 24.729 18.205 
3 16 -5.383 23.644 14.77 -5.698 24.013 11.481 -10.871 23.548 10.911 
3 16 -10.871 23.548 10.911 -5.698 24.013 11.481 -9.21 24.29 9.21 
3 16 -10.871 23.548 10.911 -9.21 24.29 9.21 -14.252 23.59 5.654 
3 16 -14.252 23.59 5.654 -9.21 24.29 9.21 -11.967 24.29 4.853 
3 16 -15.499 23.538 -0.435 -13.025 24.29 0 -14.06 23.673 -7.904 
3 16 -14.06 23.673 -7.904 -13.025 24.29 0 -11.492 24.874 -6.559 
3 16 -9.896 25.08 -8.883 -11.941 24.312 -11.826 -11.492 24.874 -6.559 
3 16 -11.492 24.874 -6.559 -11.941 24.312 -11.826 -14.06 23.673 -7.904 
3 16 -11.941 24.312 -11.826 -9.896 25.08 -8.883 -5.942 29.151 -14.964 
3 16 -5.942 29.151 -14.964 -9.896 25.08 -8.883 -5.097 29.088 -12.779 
3 16 -0.031 33.82 -16.36 -0.173 33.518 -14.164 5.938 29.151 -14.964 
3 16 5.938 29.151 -14.964 -0.173 33.518 -14.164 5.371 28.658 -12.466 
3 16 14.056 23.673 -7.904 11.4 24.8 -11.593 11.252 24.778 -6.512 
3 16 11.252 24.778 -6.512 11.4 24.8 -11.593 8.591 25.317 -10.167 
3 16 14.056 23.673 -7.904 11.252 24.778 -6.512 15.495 23.538 -0.435 
3 16 15.495 23.538 -0.435 11.252 24.778 -6.512 13.025 24.29 0 
3 16 15.495 23.538 -0.435 13.025 24.29 0 13.611 23.763 7.858 
3 16 13.611 23.763 7.858 13.025 24.29 0 11.121 24.206 6.43 
3 16 11.28 8.268 -6.512 11.252 24.778 -6.512 10.599 8.973 -7.762 
3 16 10.599 8.973 -7.762 11.252 24.778 -6.512 9.269 13.289 -9.5 
3 16 8.591 25.317 -10.167 9.269 13.289 -9.5 11.252 24.778 -6.512 
3 16 9.269 13.289 -9.5 8.591 25.317 -10.167 4.445 13.401 -12.603 
3 16 4.445 13.401 -12.603 8.591 25.317 -10.167 5.371 28.658 -12.466 
3 16 -0.173 33.518 -14.164 -5.097 29.088 -12.779 0.156 11.273 -13.272 
3 16 0.156 11.273 -13.272 -5.097 29.088 -12.779 -5.368 13.493 -12.158 
3 16 -5.097 29.088 -12.779 -9.896 25.08 -8.883 -5.368 13.493 -12.158 
3 16 -5.368 13.493 -12.158 -9.896 25.08 -8.883 -9.355 13.384 -9.507 
3 16 -10.587 8.176 -7.903 -11.492 24.874 -6.559 -11.273 7.184 -6.571 
3 16 -11.492 24.874 -6.559 -10.587 8.176 -7.903 -9.896 25.08 -8.883 
3 16 -10.587 8.176 -7.903 -9.355 13.384 -9.507 -9.896 25.08 -8.883 
3 16 -11.492 24.874 -6.559 -13.025 24.29 0 -11.273 7.184 -6.571 
3 16 -11.273 7.184 -6.571 -13.025 24.29 0 -13.025 8.268 0 
3 16 -13.025 24.29 0 -11.967 24.29 4.853 -13.025 8.268 0 
3 16 -13.025 8.268 0 -11.967 24.29 4.853 -11.941 8.268 4.915 
3 16 -9.21 8.268 9.21 -11.941 8.268 4.915 -9.21 24.29 9.21 
3 16 -9.21 24.29 9.21 -11.941 8.268 4.915 -11.967 24.29 4.853 
3 16 -5.152 24.579 11.735 -4.96 9.42 11.728 -5.698 24.013 11.481 
3 16 -9.21 24.29 9.21 -5.698 24.013 11.481 -9.21 8.268 9.21 
3 16 -9.21 8.268 9.21 -5.698 24.013 11.481 -4.96 9.42 11.728 
3 16 5.274 24.025 11.563 6.648 9.135 10.828 -0.065 24.366 12.728 
3 16 4.87 24.403 11.854 5.274 24.025 11.563 -0.065 24.366 12.728 
3 16 -0.065 24.366 12.728 6.648 9.135 10.828 -0.01 9.823 12.692 
3 16 -0.065 24.366 12.728 1.226 25.331 12.694 4.87 24.403 11.854 
3 16 11.121 24.206 6.43 11.28 8.268 6.512 5.274 24.025 11.563 
3 16 5.274 24.025 11.563 11.28 8.268 6.512 6.648 9.135 10.828 
3 16 11.28 8.268 6.512 11.121 24.206 6.43 13.025 8.268 0 
3 16 13.025 8.268 0 11.121 24.206 6.43 13.025 24.29 0 
3 16 13.025 8.268 0 13.025 24.29 0 11.28 8.268 -6.512 
3 16 11.28 8.268 -6.512 13.025 24.29 0 11.252 24.778 -6.512 
3 16 -9.355 13.384 -9.507 -10.371 13.481 -12.307 -5.368 13.493 -12.158 
3 16 -5.368 13.493 -12.158 -10.371 13.481 -12.307 -6.135 13.991 -14.627 
3 16 5.605 2.217 -10.189 5.643 7.29 -11.985 0 2.071 -11.605 
3 16 0 2.071 -11.605 5.643 7.29 -11.985 0.014 9.413 -13.291 
3 16 -11.273 7.184 -6.571 -11.28 2.071 -5.802 -8.289 6.368 -10.319 
3 16 -11.28 2.071 -5.802 -6.053 2.1 -10.276 -8.289 6.368 -10.319 
3 16 -6.053 2.1 -10.276 -5.94 7.188 -11.903 -8.289 6.368 -10.319 
3 16 -5.94 7.188 -11.903 -6.053 2.1 -10.276 0.014 9.413 -13.291 
3 16 0.014 9.413 -13.291 -6.053 2.1 -10.276 0 2.071 -11.605 
3 16 8.049 0.794 5.06 9.978 2.329 5.98 9.115 0.616 0.169 
3 16 9.115 0.616 0.169 9.978 2.329 5.98 11.552 2.245 0.142 
3 16 5.782 -0.098 7.2 7.26 -1.37 8.648 8.049 0.794 5.06 
3 16 8.049 0.794 5.06 7.26 -1.37 8.648 9.978 2.329 5.98 
3 16 -0.108 -4.528 9.176 6.476 -3.514 7.978 -0.034 -0.169 8.739 
3 16 -0.034 -0.169 8.739 6.476 -3.514 7.978 5.782 -0.098 7.2 
3 16 5.782 -0.098 7.2 6.476 -3.514 7.978 6.927 -2.677 9.222 
3 16 7.26 -1.37 8.648 5.782 -0.098 7.2 6.927 -2.677 9.222 
3 16 -6.53 -3.351 9.027 -4.471 -0.395 7.697 -6.887 0.38 7.6 
3 16 -6.887 0.38 7.6 -4.471 -0.395 7.697 -6.111 0.331 6.873 
3 16 -7.89 0.629 4.552 -6.887 0.38 7.6 -6.111 0.331 6.873 
3 16 -8.082 0.578 -4.322 -11.28 2.071 -5.802 -9.295 0.638 0.072 
3 16 -9.295 0.638 0.072 -11.28 2.071 -5.802 -13.025 2.071 0 
3 16 -4.707 0.621 -8.233 -6.053 2.1 -10.276 -8.082 0.578 -4.322 
3 16 -8.082 0.578 -4.322 -6.053 2.1 -10.276 -11.28 2.071 -5.802 
3 16 -0.099 0.584 -9.316 0 2.071 -11.605 -4.707 0.621 -8.233 
3 16 -4.707 0.621 -8.233 0 2.071 -11.605 -6.053 2.1 -10.276 
3 16 4.661 0.551 -7.788 5.605 2.217 -10.189 -0.099 0.584 -9.316 
3 16 -0.099 0.584 -9.316 5.605 2.217 -10.189 0 2.071 -11.605 
3 16 7.752 0.541 -4.369 9.714 1.955 -5.668 4.661 0.551 -7.788 
3 16 4.661 0.551 -7.788 9.714 1.955 -5.668 5.605 2.217 -10.189 
3 16 9.714 1.955 -5.668 7.752 0.541 -4.369 11.552 2.245 0.142 
3 16 11.552 2.245 0.142 7.752 0.541 -4.369 9.115 0.616 0.169 
3 16 5.39 0 3.112 8.049 0.794 5.06 6.224 0 0 
3 16 6.224 0 0 8.049 0.794 5.06 9.115 0.616 0.169 
3 16 0.068 0.305 8.225 -0.034 -0.169 8.739 4.11 0 7.118 
3 16 4.11 0 7.118 -0.034 -0.169 8.739 5.782 -0.098 7.2 
3 16 -4.471 -0.395 7.697 -0.034 -0.169 8.739 -4.11 0 7.118 
3 16 -4.11 0 7.118 -0.034 -0.169 8.739 0.068 0.305 8.225 
3 16 -7.89 0.629 4.552 -6.111 0.331 6.873 -5.39 0 3.112 
3 16 -3.112 0 5.39 -5.39 0 3.112 -4.11 0 7.118 
3 16 -4.11 0 7.118 -5.39 0 3.112 -6.111 0.331 6.873 
3 16 -6.111 0.331 6.873 -4.471 -0.395 7.697 -4.11 0 7.118 
3 16 -6.224 0 0 -9.295 0.638 0.072 -5.39 0 3.112 
3 16 -5.39 0 3.112 -9.295 0.638 0.072 -7.89 0.629 4.552 
3 16 -9.295 0.638 0.072 -6.224 0 0 -8.082 0.578 -4.322 
3 16 -8.082 0.578 -4.322 -6.224 0 0 -5.39 0 -3.112 
3 16 -3.112 0 -5.39 -4.707 0.621 -8.233 -5.39 0 -3.112 
3 16 -5.39 0 -3.112 -4.707 0.621 -8.233 -8.082 0.578 -4.322 
3 16 -4.707 0.621 -8.233 -3.112 0 -5.39 -0.099 0.584 -9.316 
3 16 -0.099 0.584 -9.316 -3.112 0 -5.39 0 0 -6.224 
3 16 -0.099 0.584 -9.316 0 0 -6.224 4.661 0.551 -7.788 
3 16 4.661 0.551 -7.788 0 0 -6.224 3.112 0 -5.39 
3 16 5.39 0 -3.112 7.752 0.541 -4.369 3.112 0 -5.39 
3 16 3.112 0 -5.39 7.752 0.541 -4.369 4.661 0.551 -7.788 
3 16 6.224 0 0 9.115 0.616 0.169 5.39 0 -3.112 
3 16 5.39 0 -3.112 9.115 0.616 0.169 7.752 0.541 -4.369 
3 16 0 0 6.224 0.068 0.305 8.225 3.112 0 5.39 
3 16 3.112 0 5.39 0.068 0.305 8.225 4.11 0 7.118 
3 16 5.782 -0.098 7.2 8.049 0.794 5.06 4.11 0 7.118 
3 16 4.11 0 7.118 8.049 0.794 5.06 5.39 0 3.112 
3 16 3.112 0 5.39 4.11 0 7.118 5.39 0 3.112 
3 16 -3.112 0 5.39 -4.11 0 7.118 0 0 6.224 
3 16 0 0 6.224 -4.11 0 7.118 0.068 0.305 8.225 
3 16 -6.589 6.283 -14.739 -9.226 5.332 -13.545 -5.94 7.188 -11.903 
3 16 -5.94 7.188 -11.903 -9.226 5.332 -13.545 -8.289 6.368 -10.319 
3 16 -5.94 7.188 -11.903 0.014 9.413 -13.291 -6.589 6.283 -14.739 
3 16 -6.589 6.283 -14.739 0.014 9.413 -13.291 -0.002 8.387 -16.362 
3 16 11.552 2.245 0.142 13.025 8.268 0 9.714 1.955 -5.668 
3 16 9.714 1.955 -5.668 13.025 8.268 0 11.28 8.268 -6.512 
3 16 9.978 2.329 5.98 11.28 8.268 6.512 11.552 2.245 0.142 
3 16 11.552 2.245 0.142 11.28 8.268 6.512 13.025 8.268 0 
3 16 6.927 -2.677 9.222 6.648 9.135 10.828 7.26 -1.37 8.648 
3 16 7.26 -1.37 8.648 6.648 9.135 10.828 9.978 2.329 5.98 
3 16 6.648 9.135 10.828 11.28 8.268 6.512 9.978 2.329 5.98 
3 16 6.648 9.135 10.828 6.927 -2.677 9.222 -0.01 9.823 12.692 
3 16 -0.01 9.823 12.692 6.927 -2.677 9.222 -0.392 -4.73 11.982 
3 16 -4.784 -4.11 11.181 -6.938 -2.194 10.242 -4.96 9.42 11.728 
3 16 -4.96 9.42 11.728 -6.938 -2.194 10.242 -9.21 8.268 9.21 
3 16 -6.938 -2.194 10.242 -7.635 1.721 8.46 -9.21 8.268 9.21 
3 16 -9.21 8.268 9.21 -7.635 1.721 8.46 -11.941 8.268 4.915 
3 16 -11.941 8.268 4.915 -7.635 1.721 8.46 -11.308 2.998 4.656 
3 16 -13.025 2.071 0 -13.025 8.268 0 -11.308 2.998 4.656 
3 16 -11.308 2.998 4.656 -13.025 8.268 0 -11.941 8.268 4.915 
3 16 -11.273 7.184 -6.571 -13.025 8.268 0 -13.025 2.071 0 
3 16 -11.273 7.184 -6.571 -13.025 2.071 0 -11.28 2.071 -5.802 
3 16 0.026 11.745 -16.088 -6.135 13.991 -14.627 -0.499 13.028 -16.839 
3 16 -0.499 13.028 -16.839 -6.135 13.991 -14.627 -5.89 15.214 -15.39 
3 16 -5.89 15.214 -15.39 -6.135 13.991 -14.627 -9.836 14.848 -13.133 
3 16 -9.836 14.848 -13.133 -6.135 13.991 -14.627 -10.371 13.481 -12.307 
3 16 7.405 18.701 -14.5 4.342 19.959 -16.606 6.478 20.223 -15.256 
3 16 6.478 20.223 -15.256 4.342 19.959 -16.606 0.05 21.684 -18.121 
3 16 4.342 19.959 -16.606 2.253 19.103 -17.396 0.05 21.684 -18.121 
3 16 -5.444 18.828 -15.849 -5.558 20.234 -16.04 -1.591 19.246 -17.557 
3 16 -5.558 20.234 -16.04 0.05 21.684 -18.121 -1.591 19.246 -17.557 
3 16 0.05 21.684 -18.121 2.253 19.103 -17.396 -1.591 19.246 -17.557 
3 16 -1.591 19.246 -17.557 2.253 19.103 -17.396 1.128 16.002 -17.135 
3 16 2.253 19.103 -17.396 3.803 16.318 -16.442 1.128 16.002 -17.135 
3 16 3.803 16.318 -16.442 4.92 14.157 -15.185 1.128 16.002 -17.135 
3 16 0.026 11.745 -16.088 -0.499 13.028 -16.839 4.92 14.157 -15.185 
3 16 4.92 14.157 -15.185 -0.499 13.028 -16.839 1.128 16.002 -17.135 
3 16 9.952 13.959 -12.216 4.92 14.157 -15.185 9.382 15.377 -13.187 
3 16 9.382 15.377 -13.187 4.92 14.157 -15.185 3.803 16.318 -16.442 
3 16 4.932 24.179 15.161 5.171 23.61 14.81 4.87 24.403 11.854 
3 16 4.87 24.403 11.854 5.171 23.61 14.81 5.274 24.025 11.563 
3 16 -8.076 18.124 -14.603 -6.999 19.77 -15.281 -5.444 18.828 -15.849 
3 16 -5.444 18.828 -15.849 -6.999 19.77 -15.281 -5.558 20.234 -16.04 
3 16 -4.96 9.42 11.728 -5.152 24.579 11.735 -0.065 24.366 12.728 
3 16 -5.152 24.579 11.735 -1.4 25.3 12.666 -0.065 24.366 12.728 
3 16 -0.01 9.823 12.692 -4.96 9.42 11.728 -0.065 24.366 12.728 
3 16 -4.784 -4.11 11.181 -4.96 9.42 11.728 -0.392 -4.73 11.982 
3 16 -0.392 -4.73 11.982 -4.96 9.42 11.728 -0.01 9.823 12.692 
3 16 -1.905 24.602 19.179 0.357 23.589 17.85 -1.4 25.3 12.666 
3 16 -1.4 25.3 12.666 0.357 23.589 17.85 -0.065 24.366 12.728 
3 16 -5.152 24.579 11.735 -4.612 23.849 18.568 -1.4 25.3 12.666 
3 16 -1.4 25.3 12.666 -4.612 23.849 18.568 -1.905 24.602 19.179 
3 16 -5.698 24.013 11.481 -5.383 23.644 14.77 -5.152 24.579 11.735 
3 16 -5.152 24.579 11.735 -5.383 23.644 14.77 -4.612 23.849 18.568 
3 16 -5.383 23.644 14.77 -4.84 21.658 15.569 -4.612 23.849 18.568 
3 16 -4.612 23.849 18.568 -4.84 21.658 15.569 -3.941 20.896 17.567 
3 16 -0.086 20.602 18.451 -1.905 24.602 19.179 -3.941 20.896 17.567 
3 16 -3.941 20.896 17.567 -1.905 24.602 19.179 -4.612 23.849 18.568 
3 16 -1.905 24.602 19.179 -0.086 20.602 18.451 0.357 23.589 17.85 
3 16 0.357 23.589 17.85 -0.086 20.602 18.451 0.804 20.423 17.638 
3 16 4.27 24.115 18.241 1.476 24.729 18.205 3.38 20.579 17.448 
3 16 3.38 20.579 17.448 1.476 24.729 18.205 0.804 20.423 17.638 
3 16 1.476 24.729 18.205 0.357 23.589 17.85 0.804 20.423 17.638 
3 16 -0.392 -4.73 11.982 6.927 -2.677 9.222 -0.108 -4.528 9.176 
3 16 -0.108 -4.528 9.176 6.927 -2.677 9.222 6.476 -3.514 7.978 
3 16 -9.295 0.638 0.072 -13.025 2.071 0 -7.89 0.629 4.552 
3 16 -7.635 1.721 8.46 -6.887 0.38 7.6 -11.308 2.998 4.656 
3 16 -13.025 2.071 0 -11.308 2.998 4.656 -7.89 0.629 4.552 
3 16 -7.89 0.629 4.552 -11.308 2.998 4.656 -6.887 0.38 7.6 
3 16 -7.635 1.721 8.46 -6.938 -2.194 10.242 -6.887 0.38 7.6 
3 16 -6.887 0.38 7.6 -6.938 -2.194 10.242 -6.53 -3.351 9.027 
3 16 -0.031 33.82 -16.36 -0.002 32.991 -17.251 -5.942 29.151 -14.964 
3 16 -5.942 29.151 -14.964 -0.002 32.991 -17.251 -5.891 27.185 -16.108 
3 16 -5.891 27.185 -16.108 -12.146 21.615 -12.995 -5.942 29.151 -14.964 
3 16 -12.146 21.615 -12.995 -11.498 23.441 -12.371 -5.942 29.151 -14.964 
3 16 -11.498 23.441 -12.371 -11.941 24.312 -11.826 -5.942 29.151 -14.964 
3 16 -14.06 23.673 -7.904 -14.811 22.899 -8.211 -15.499 23.538 -0.435 
3 16 -14.811 22.899 -8.211 -16.125 21.814 -3.806 -15.499 23.538 -0.435 
3 16 -15.499 23.538 -0.435 -16.125 21.814 -3.806 -16.721 21.65 -0.448 
3 16 -11.941 24.312 -11.826 -14.811 22.899 -8.211 -14.06 23.673 -7.904 
3 16 -16.955 19.978 -0.245 -16.721 21.65 -0.448 -16.669 20.686 -2.412 
3 16 -16.669 20.686 -2.412 -16.721 21.65 -0.448 -16.125 21.814 -3.806 
3 16 -11.498 23.441 -12.371 -14.121 21.674 -8.925 -11.941 24.312 -11.826 
3 16 -11.941 24.312 -11.826 -14.121 21.674 -8.925 -14.811 22.899 -8.211 
3 16 -16.125 21.814 -3.806 -14.811 22.899 -8.211 -15.291 20.688 -4.962 
3 16 -15.291 20.688 -4.962 -14.811 22.899 -8.211 -14.121 21.674 -8.925 
3 16 -15.291 20.688 -4.962 -16.097 20.031 -3.523 -16.125 21.814 -3.806 
3 16 -16.125 21.814 -3.806 -16.097 20.031 -3.523 -16.669 20.686 -2.412 
3 16 -16.691 18.925 -3.019 -16.783 19.616 -2.364 -16.097 20.031 -3.523 
3 16 -16.097 20.031 -3.523 -16.783 19.616 -2.364 -16.669 20.686 -2.412 
3 16 -15.291 20.688 -4.962 -16.033 18.751 -5.197 -16.097 20.031 -3.523 
3 16 -16.097 20.031 -3.523 -16.033 18.751 -5.197 -16.691 18.925 -3.019 
3 16 -16.033 18.751 -5.197 -15.291 20.688 -4.962 -14.763 19.712 -8.999 
3 16 -14.763 19.712 -8.999 -15.291 20.688 -4.962 -14.121 21.674 -8.925 
3 16 -11.498 23.441 -12.371 -12.146 21.615 -12.995 -14.121 21.674 -8.925 
3 16 -14.121 21.674 -8.925 -12.146 21.615 -12.995 -14.763 19.712 -8.999 
3 16 -0.002 32.991 -17.251 -0.002 32.034 -17.451 -5.891 27.185 -16.108 
3 16 -5.891 27.185 -16.108 -0.002 32.034 -17.451 -5.39 25.809 -16.268 
3 16 -5.891 27.185 -16.108 -5.39 25.809 -16.268 -12.146 21.615 -12.995 
3 16 -12.146 21.615 -12.995 -5.39 25.809 -16.268 -11.425 20.757 -13.267 
3 16 -5.39 25.809 -16.268 -7.983 22.677 -15.299 -11.425 20.757 -13.267 
3 16 -7.983 22.677 -15.299 -12.807 16.332 -12.203 -11.425 20.757 -13.267 
3 16 -11.425 20.757 -13.267 -12.807 16.332 -12.203 -13.741 18.891 -9.957 
3 16 -14.763 19.712 -8.999 -12.146 21.615 -12.995 -13.741 18.891 -9.957 
3 16 -13.741 18.891 -9.957 -12.146 21.615 -12.995 -11.425 20.757 -13.267 
3 16 -16.033 18.751 -5.197 -14.763 19.712 -8.999 -15.087 18.005 -6.545 
3 16 -15.087 18.005 -6.545 -14.763 19.712 -8.999 -13.741 18.891 -9.957 
3 16 -13.741 18.891 -9.957 -12.807 16.332 -12.203 -15.087 18.005 -6.545 
3 16 -15.087 18.005 -6.545 -12.807 16.332 -12.203 -14.781 12.526 -9.463 
3 16 -0.002 32.034 -17.451 -0.002 29.295 -18.543 -5.39 25.809 -16.268 
3 16 -5.39 25.809 -16.268 -0.002 29.295 -18.543 -4.503 25.326 -17.108 
3 16 -5.39 25.809 -16.268 -4.503 25.326 -17.108 -7.983 22.677 -15.299 
3 16 -7.983 22.677 -15.299 -4.503 25.326 -17.108 -7.639 21.466 -16.154 
3 16 -7.983 22.677 -15.299 -7.639 21.466 -16.154 -12.807 16.332 -12.203 
3 16 -12.807 16.332 -12.203 -7.639 21.466 -16.154 -12.394 14.95 -14.315 
3 16 -12.394 14.95 -14.315 -14.462 11.092 -13.186 -12.807 16.332 -12.203 
3 16 -12.807 16.332 -12.203 -14.462 11.092 -13.186 -14.781 12.526 -9.463 
3 16 -16.691 18.925 -3.019 -16.033 18.751 -5.197 -16.354 17.846 -2.852 
3 16 -16.354 17.846 -2.852 -16.033 18.751 -5.197 -15.087 18.005 -6.545 
3 16 -16.721 21.65 -0.448 -15.278 22.428 5.824 -15.499 23.538 -0.435 
3 16 -15.499 23.538 -0.435 -15.278 22.428 5.824 -14.252 23.59 5.654 
3 16 -16.955 19.978 -0.245 -15.317 21.213 4.807 -16.721 21.65 -0.448 
3 16 -16.721 21.65 -0.448 -15.317 21.213 4.807 -15.278 22.428 5.824 
3 16 -16.955 19.978 -0.245 -16.722 18.604 0.369 -15.317 21.213 4.807 
3 16 -15.317 21.213 4.807 -16.722 18.604 0.369 -16.015 20.156 5.168 
3 16 -16.722 18.604 0.369 -16.955 19.978 -0.245 -16.783 19.616 -2.364 
3 16 -16.783 19.616 -2.364 -16.955 19.978 -0.245 -16.669 20.686 -2.412 
3 16 -16.691 18.925 -3.019 -16.354 17.846 -2.852 -16.783 19.616 -2.364 
3 16 -16.783 19.616 -2.364 -16.354 17.846 -2.852 -16.722 18.604 0.369 
3 16 -16.722 18.604 0.369 -16.231 17.794 1.187 -16.015 20.156 5.168 
3 16 -16.015 20.156 5.168 -16.231 17.794 1.187 -15.934 18.844 5.245 
3 16 -16.015 20.156 5.168 -15.934 18.844 5.245 -13.29 19.339 9.916 
3 16 -13.29 19.339 9.916 -15.934 18.844 5.245 -12.911 17.98 9.83 
3 16 -13.29 19.339 9.916 -12.911 17.98 9.83 -11.445 18.112 11.361 
3 16 -11.445 18.112 11.361 -12.911 17.98 9.83 -11.109 16.589 11.323 
3 16 -10.871 23.548 10.911 -14.252 23.59 5.654 -12.788 21.257 9.903 
3 16 -12.788 21.257 9.903 -14.252 23.59 5.654 -15.278 22.428 5.824 
3 16 -13.025 24.29 0 -15.499 23.538 -0.435 -11.967 24.29 4.853 
3 16 -11.967 24.29 4.853 -15.499 23.538 -0.435 -14.252 23.59 5.654 
3 16 -12.85 20.006 9.85 -13.29 19.339 9.916 -11.792 20.214 11.051 
3 16 -11.792 20.214 11.051 -13.29 19.339 9.916 -11.445 18.112 11.361 
3 16 -13.29 19.339 9.916 -12.85 20.006 9.85 -16.015 20.156 5.168 
3 16 -16.015 20.156 5.168 -12.85 20.006 9.85 -15.317 21.213 4.807 
3 16 -15.317 21.213 4.807 -12.85 20.006 9.85 -15.278 22.428 5.824 
3 16 -15.278 22.428 5.824 -12.85 20.006 9.85 -12.788 21.257 9.903 
3 16 -12.788 21.257 9.903 -12.85 20.006 9.85 -11.792 20.214 11.051 
3 16 -10.485 18.247 11.981 -11.445 18.112 11.361 -11.109 16.589 11.323 
3 16 -10.485 18.247 11.981 -10.758 20.189 11.886 -11.445 18.112 11.361 
3 16 -11.445 18.112 11.361 -10.758 20.189 11.886 -11.792 20.214 11.051 
3 16 -10.871 23.548 10.911 -12.788 21.257 9.903 -10.758 20.189 11.886 
3 16 -10.758 20.189 11.886 -12.788 21.257 9.903 -11.792 20.214 11.051 
3 16 -5.383 23.644 14.77 -10.871 23.548 10.911 -8.609 20.907 13.953 
3 16 -10.871 23.548 10.911 -10.758 20.189 11.886 -8.609 20.907 13.953 
3 16 -5.383 23.644 14.77 -8.609 20.907 13.953 -4.84 21.658 15.569 
3 16 -4.84 21.658 15.569 -8.609 20.907 13.953 -3.613 17.458 16.37 
3 16 -3.858 16.481 16.271 -3.613 17.458 16.37 -4.823 16.472 15.631 
3 16 -3.613 17.458 16.37 -8.609 20.907 13.953 -4.823 16.472 15.631 
3 16 -4.823 16.472 15.631 -3.005 12.875 15.949 -3.858 16.481 16.271 
3 16 -3.858 16.481 16.271 -3.005 12.875 15.949 -2.494 13.615 16.455 
3 16 -3.005 12.875 15.949 0.354 12.16 16.24 -2.494 13.615 16.455 
3 16 -2.494 13.615 16.455 0.354 12.16 16.24 0.399 13.561 16.831 
3 16 0.399 13.561 16.831 0.354 12.16 16.24 2.502 13.899 16.387 
3 16 2.502 13.899 16.387 0.354 12.16 16.24 3.022 12.964 15.964 
3 16 3.831 17.211 16.277 4.013 16.338 16.239 4.92 16.92 15.629 
3 16 4.92 16.92 15.629 4.013 16.338 16.239 3.022 12.964 15.964 
3 16 4.013 16.338 16.239 2.502 13.899 16.387 3.022 12.964 15.964 
3 16 3.831 17.211 16.277 4.92 16.92 15.629 4.385 20.316 15.715 
3 16 4.385 20.316 15.715 4.92 16.92 15.629 6.819 19.794 15.109 
3 16 3.831 17.211 16.277 2.913 17.465 17.544 4.013 16.338 16.239 
3 16 4.013 16.338 16.239 2.913 17.465 17.544 2.834 16.707 18.015 
3 16 -3.613 17.458 16.37 -3.858 16.481 16.271 -3.262 17.529 17.284 
3 16 -3.858 16.481 16.271 -2.401 17.412 18.523 -3.262 17.529 17.284 
3 16 -3.262 17.529 17.284 -2.401 17.412 18.523 -2.442 17.903 17.854 
3 16 2.834 16.707 18.015 2.913 17.465 17.544 0.611 17.496 18.21 
3 16 0.611 17.496 18.21 2.913 17.465 17.544 0.453 18.407 17.863 
3 16 0.156 11.273 -13.272 -5.368 13.493 -12.158 0.026 11.745 -16.088 
3 16 0.026 11.745 -16.088 -5.368 13.493 -12.158 -6.135 13.991 -14.627 
3 16 -0.031 33.82 -16.36 -5.942 29.151 -14.964 -0.173 33.518 -14.164 
3 16 -0.173 33.518 -14.164 -5.942 29.151 -14.964 -5.097 29.088 -12.779 
3 16 0.453 18.407 17.863 -0.147 18.492 18.202 0.611 17.496 18.21 
3 16 0.611 17.496 18.21 -0.147 18.492 18.202 -1.083 17.989 18.556 
3 16 -0.147 18.492 18.202 -1.319 18.47 18.062 -1.083 17.989 18.556 
3 16 -2.401 17.412 18.523 -1.083 17.989 18.556 -2.442 17.903 17.854 
3 16 -2.442 17.903 17.854 -1.083 17.989 18.556 -1.319 18.47 18.062 
3 16 -2.401 17.412 18.523 -3.858 16.481 16.271 -1.486 15.442 18.603 
3 16 -1.486 15.442 18.603 -3.858 16.481 16.271 -2.494 13.615 16.455 
3 16 -2.494 13.615 16.455 0.399 13.561 16.831 -1.486 15.442 18.603 
3 16 -1.486 15.442 18.603 0.399 13.561 16.831 0.185 15.352 18.479 
3 16 0.185 15.352 18.479 0.399 13.561 16.831 1.955 15.356 18.013 
3 16 1.955 15.356 18.013 0.399 13.561 16.831 2.502 13.899 16.387 
3 16 2.502 13.899 16.387 4.013 16.338 16.239 1.955 15.356 18.013 
3 16 1.955 15.356 18.013 4.013 16.338 16.239 2.834 16.707 18.015 
3 16 -4.84 21.658 15.569 -3.613 17.458 16.37 -3.941 20.896 17.567 
3 16 -3.941 20.896 17.567 -3.613 17.458 16.37 -3.262 17.529 17.284 
3 16 -1.319 18.47 18.062 -0.086 20.602 18.451 -3.941 20.896 17.567 
3 16 -3.941 20.896 17.567 -3.262 17.529 17.284 -2.442 17.903 17.854 
3 16 -3.941 20.896 17.567 -2.442 17.903 17.854 -1.319 18.47 18.062 
3 16 -1.319 18.47 18.062 -0.147 18.492 18.202 -0.086 20.602 18.451 
3 16 -0.086 20.602 18.451 -0.147 18.492 18.202 0.804 20.423 17.638 
3 16 0.804 20.423 17.638 -0.147 18.492 18.202 0.453 18.407 17.863 
3 16 3.38 20.579 17.448 0.804 20.423 17.638 2.913 17.465 17.544 
3 16 2.913 17.465 17.544 0.804 20.423 17.638 0.453 18.407 17.863 
3 16 -2.401 17.412 18.523 -1.486 15.442 18.603 -1.083 17.989 18.556 
3 16 0.611 17.496 18.21 -1.083 17.989 18.556 0.185 15.352 18.479 
3 16 0.185 15.352 18.479 -1.083 17.989 18.556 -1.486 15.442 18.603 
3 16 2.834 16.707 18.015 0.611 17.496 18.21 1.955 15.356 18.013 
3 16 1.955 15.356 18.013 0.611 17.496 18.21 0.185 15.352 18.479 
3 16 -4.503 25.326 -17.108 -0.002 29.295 -18.543 -2.332 25.866 -16.864 
3 16 -2.332 25.866 -16.864 -0.002 29.295 -18.543 0.161 27.62 -17.277 
3 16 -7.639 21.466 -16.154 -4.503 25.326 -17.108 -6.915 20.457 -15.787 
3 16 -6.915 20.457 -15.787 -4.503 25.326 -17.108 -2.332 25.866 -16.864 
3 16 -7.639 21.466 -16.154 -6.915 20.457 -15.787 -12.394 14.95 -14.315 
3 16 -12.394 14.95 -14.315 -6.915 20.457 -15.787 -10.528 14.344 -14.012 
3 16 -14.462 11.092 -13.186 -12.394 14.95 -14.315 -12.065 10.41 -13.108 
3 16 -12.065 10.41 -13.108 -12.394 14.95 -14.315 -10.528 14.344 -14.012 
3 16 -2.332 25.866 -16.864 0.161 27.62 -17.277 -1.096 25.627 -17.302 
3 16 -1.096 25.627 -17.302 0.161 27.62 -17.277 -0.005 26.07 -17.44 
3 16 -0.005 26.07 -17.44 0.498 24.65 -17.375 -1.096 25.627 -17.302 
3 16 -1.096 25.627 -17.302 0.498 24.65 -17.375 -0.88 24.218 -17.364 
3 16 -0.88 24.218 -17.364 0.498 24.65 -17.375 -0.435 22.689 -17.334 
3 16 5.42 21.181 -15.147 -0.435 22.689 -17.334 4.596 22.378 -15.516 
3 16 -0.435 22.689 -17.334 0.498 24.65 -17.375 4.596 22.378 -15.516 
3 16 -0.435 22.689 -17.334 5.42 21.181 -15.147 0.05 21.684 -18.121 
3 16 0.05 21.684 -18.121 5.42 21.181 -15.147 6.478 20.223 -15.256 
3 16 -5.764 21.017 -15.151 -4.74 22.446 -15.632 -0.435 22.689 -17.334 
3 16 -4.74 22.446 -15.632 -1.855 23.325 -16.956 -0.435 22.689 -17.334 
3 16 -1.855 23.325 -16.956 -0.88 24.218 -17.364 -0.435 22.689 -17.334 
3 16 0.05 21.684 -18.121 -5.558 20.234 -16.04 -0.435 22.689 -17.334 
3 16 -0.435 22.689 -17.334 -5.558 20.234 -16.04 -5.764 21.017 -15.151 
3 16 -15.087 18.005 -6.545 -14.781 12.526 -9.463 -16.221 15.313 -4.676 
3 16 -16.221 15.313 -4.676 -14.781 12.526 -9.463 -15.626 10.453 -7.549 
3 16 -15.087 18.005 -6.545 -16.221 15.313 -4.676 -16.354 17.846 -2.852 
3 16 -16.305 15.477 1.389 -16.231 17.794 1.187 -16.221 15.313 -4.676 
3 16 -16.221 15.313 -4.676 -16.231 17.794 1.187 -16.354 17.846 -2.852 
3 16 -16.722 18.604 0.369 -16.354 17.846 -2.852 -16.231 17.794 1.187 
3 16 -15.626 10.453 -7.549 -16.186 4.662 -3.514 -16.221 15.313 -4.676 
3 16 -15.792 2.349 -0.94 -16.434 4.099 1.764 -16.186 4.662 -3.514 
3 16 -16.221 15.313 -4.676 -16.186 4.662 -3.514 -16.434 4.099 1.764 
3 16 -16.305 15.477 1.389 -16.221 15.313 -4.676 -16.385 10.878 2.522 
3 16 -15.983 7.274 4.451 -16.385 10.878 2.522 -16.434 4.099 1.764 
3 16 -16.221 15.313 -4.676 -16.434 4.099 1.764 -16.385 10.878 2.522 
3 16 -16.385 10.878 2.522 -15.843 12.031 3.826 -16.305 15.477 1.389 
3 16 -16.305 15.477 1.389 -15.843 12.031 3.826 -15.936 13.41 3.786 
3 16 -15.45 6.236 -13.242 -13.977 -0.507 -4.827 -16.186 4.662 -3.514 
3 16 -13.977 -0.507 -4.827 -15.792 2.349 -0.94 -16.186 4.662 -3.514 
3 16 -16.186 4.662 -3.514 -15.626 10.453 -7.549 -15.45 6.236 -13.242 
3 16 -15.45 6.236 -13.242 -15.626 10.453 -7.549 -14.462 11.092 -13.186 
3 16 -15.626 10.453 -7.549 -14.781 12.526 -9.463 -14.462 11.092 -13.186 
3 16 -15.843 12.031 3.826 -14.649 11.559 4.384 -15.936 13.41 3.786 
3 16 -15.936 13.41 3.786 -14.649 11.559 4.384 -14.535 14.013 4.272 
3 16 -16.385 10.878 2.522 -14.958 10.358 3.165 -15.843 12.031 3.826 
3 16 -15.843 12.031 3.826 -14.958 10.358 3.165 -14.649 11.559 4.384 
3 16 -16.305 15.477 1.389 -15.936 13.41 3.786 -15.138 15.864 2.165 
3 16 -15.138 15.864 2.165 -15.936 13.41 3.786 -14.535 14.013 4.272 
3 16 -16.231 17.794 1.187 -16.305 15.477 1.389 -15.22 17.478 1.959 
3 16 -15.22 17.478 1.959 -16.305 15.477 1.389 -15.138 15.864 2.165 
3 16 -16.231 17.794 1.187 -15.22 17.478 1.959 -15.934 18.844 5.245 
3 16 -15.934 18.844 5.245 -15.22 17.478 1.959 -14.96 18.32 4.762 
3 16 -14.96 18.32 4.762 -14.167 18.224 7.578 -15.934 18.844 5.245 
3 16 -15.934 18.844 5.245 -14.167 18.224 7.578 -12.911 17.98 9.83 
3 16 -12.911 17.98 9.83 -14.167 18.224 7.578 -12.751 17.433 9.064 
3 16 -12.911 17.98 9.83 -12.751 17.433 9.064 -11.109 16.589 11.323 
3 16 -11.109 16.589 11.323 -12.751 17.433 9.064 -10.34 16.105 11.276 
3 16 -11.109 16.589 11.323 -10.34 16.105 11.276 -10.485 18.247 11.981 
3 16 -10.485 18.247 11.981 -10.34 16.105 11.276 -9.475 18.307 11.967 
3 16 -14.958 10.358 3.165 -16.385 10.878 2.522 -14.781 8.44 4.434 
3 16 -14.781 8.44 4.434 -16.385 10.878 2.522 -15.983 7.274 4.451 
3 16 -15.792 2.349 -0.94 -13.977 -0.507 -4.827 -12.096 -3.974 3.505 
3 16 -13.977 -0.507 -4.827 -9.76 -6.501 -1.02 -12.096 -3.974 3.505 
3 16 -12.096 -3.974 3.505 -9.76 -6.501 -1.02 -8.031 -7.653 6.015 
3 16 -6.635 -8.789 -0.54 -8.031 -7.653 6.015 -9.76 -6.501 -1.02 
3 16 -5.769 -8.708 -2.138 -3.223 -9.936 -1.77 -5.99 -8.865 -1.319 
3 16 -0.002 -11.052 -0.641 -0.002 -11.671 4.903 -3.223 -9.936 -1.77 
3 16 -3.223 -9.936 -1.77 -0.002 -11.671 4.903 -5.99 -8.865 -1.319 
3 16 -5.99 -8.865 -1.319 -0.002 -11.671 4.903 -6.635 -8.789 -0.54 
3 16 -13.977 -0.507 -4.827 -15.45 6.236 -13.242 -12.184 -1.527 -6.698 
3 16 -12.184 -1.527 -6.698 -15.45 6.236 -13.242 -13.148 3.666 -15.859 
3 16 -12.184 -1.527 -6.698 -13.148 3.666 -15.859 -10.287 -3.377 -8.893 
3 16 -9.76 -6.501 -1.02 -13.977 -0.507 -4.827 -8.966 -6.099 -2.986 
3 16 -8.966 -6.099 -2.986 -13.977 -0.507 -4.827 -12.184 -1.527 -6.698 
3 16 -12.184 -1.527 -6.698 -10.287 -3.377 -8.893 -8.966 -6.099 -2.986 
3 16 -8.966 -6.099 -2.986 -10.287 -3.377 -8.893 -7.43 -6.915 -4.738 
3 16 -8.966 -6.099 -2.986 -7.43 -6.915 -4.738 -5.99 -8.865 -1.319 
3 16 -5.99 -8.865 -1.319 -7.43 -6.915 -4.738 -5.769 -8.708 -2.138 
3 16 -9.76 -6.501 -1.02 -8.966 -6.099 -2.986 -6.635 -8.789 -0.54 
3 16 -6.635 -8.789 -0.54 -8.966 -6.099 -2.986 -5.99 -8.865 -1.319 
3 16 -14.839 5.595 8.268 -15.983 7.274 4.451 -16.434 4.099 1.764 
3 16 -12.096 -3.974 3.505 -13.015 -2.43 5.627 -15.792 2.349 -0.94 
3 16 -15.792 2.349 -0.94 -13.015 -2.43 5.627 -16.434 4.099 1.764 
3 16 -16.434 4.099 1.764 -13.015 -2.43 5.627 -14.194 2.922 9.484 
3 16 -14.194 2.922 9.484 -14.839 5.595 8.268 -16.434 4.099 1.764 
3 16 -12.323 0.589 13.006 -14.194 2.922 9.484 -11.908 -0.929 12.952 
3 16 -11.908 -0.929 12.952 -14.194 2.922 9.484 -13.015 -2.43 5.627 
3 16 -0.002 -8.214 19.791 -1.713 -8.119 19.298 -0.002 -8.955 16.842 
3 16 -0.002 -8.955 16.842 -1.713 -8.119 19.298 -2.912 -8.402 16.913 
3 16 -0.002 -8.955 16.842 -2.912 -8.402 16.913 -0.002 -10.615 11.439 
3 16 -0.002 -10.615 11.439 -2.912 -8.402 16.913 -4.785 -9.061 11.81 
3 16 -0.002 -10.615 11.439 -4.785 -9.061 11.81 -0.002 -11.671 4.903 
3 16 -4.785 -9.061 11.81 -8.031 -7.653 6.015 -0.002 -11.671 4.903 
3 16 -0.002 -11.671 4.903 -8.031 -7.653 6.015 -6.635 -8.789 -0.54 
3 16 -13.148 3.666 -15.859 -7.892 1.746 -18.249 -10.287 -3.377 -8.893 
3 16 -10.287 -3.377 -8.893 -7.892 1.746 -18.249 -5.354 -5.747 -9.513 
3 16 -10.287 -3.377 -8.893 -5.354 -5.747 -9.513 -7.43 -6.915 -4.738 
3 16 -3.223 -9.936 -1.77 -5.769 -8.708 -2.138 -5.354 -5.747 -9.513 
3 16 -7.43 -6.915 -4.738 -5.354 -5.747 -9.513 -5.769 -8.708 -2.138 
3 16 -0.002 -11.052 -0.641 -3.223 -9.936 -1.77 -0.002 -7.325 -9.947 
3 16 -0.002 -7.325 -9.947 -3.223 -9.936 -1.77 -5.354 -5.747 -9.513 
3 16 -7.892 1.746 -18.249 -0.002 -1.001 -19.733 -5.354 -5.747 -9.513 
3 16 -5.354 -5.747 -9.513 -0.002 -1.001 -19.733 -0.002 -7.325 -9.947 
3 16 -14.781 8.44 4.434 -15.983 7.274 4.451 -13.737 6.687 8.094 
3 16 -13.737 6.687 8.094 -15.983 7.274 4.451 -14.839 5.595 8.268 
3 16 -13.737 6.687 8.094 -14.839 5.595 8.268 -13.128 3.828 9.212 
3 16 -13.128 3.828 9.212 -14.839 5.595 8.268 -14.194 2.922 9.484 
3 16 -14.194 2.922 9.484 -12.323 0.589 13.006 -13.128 3.828 9.212 
3 16 -13.128 3.828 9.212 -12.323 0.589 13.006 -10.194 1.025 13.268 
3 16 -10.03 -1.236 13.075 -10.194 1.025 13.268 -11.908 -0.929 12.952 
3 16 -11.908 -0.929 12.952 -10.194 1.025 13.268 -12.323 0.589 13.006 
3 16 -10.03 -1.236 13.075 -11.908 -0.929 12.952 -11.077 -2.751 6.074 
3 16 -11.077 -2.751 6.074 -11.908 -0.929 12.952 -13.015 -2.43 5.627 
3 16 -11.077 -2.751 6.074 -13.015 -2.43 5.627 -10.519 -3.711 4.909 
3 16 -10.519 -3.711 4.909 -13.015 -2.43 5.627 -12.096 -3.974 3.505 
3 16 -12.096 -3.974 3.505 -8.031 -7.653 6.015 -10.519 -3.711 4.909 
3 16 -10.519 -3.711 4.909 -8.031 -7.653 6.015 -8.104 -6.179 6.116 
3 16 -8.104 -6.179 6.116 -8.031 -7.653 6.015 -5.2 -7.468 11.155 
3 16 -5.2 -7.468 11.155 -8.031 -7.653 6.015 -4.785 -9.061 11.81 
3 16 -5.2 -7.468 11.155 -4.785 -9.061 11.81 -3.442 -6.938 16.49 
3 16 -3.442 -6.938 16.49 -4.785 -9.061 11.81 -2.912 -8.402 16.913 
3 16 -3.442 -6.938 16.49 -2.912 -8.402 16.913 -1.957 -6.622 19.236 
3 16 -1.957 -6.622 19.236 -2.912 -8.402 16.913 -1.713 -8.119 19.298 
3 16 -1.957 -6.622 19.236 -1.713 -8.119 19.298 -0.002 -6.756 19.842 
3 16 -0.002 -6.756 19.842 -1.713 -8.119 19.298 -0.002 -8.214 19.791 
3 16 -9.475 18.307 11.967 -9.533 19.732 11.98 -10.485 18.247 11.981 
3 16 -10.485 18.247 11.981 -9.533 19.732 11.98 -10.758 20.189 11.886 
3 16 -10.758 20.189 11.886 -9.533 19.732 11.98 -8.609 20.907 13.953 
3 16 -8.609 20.907 13.953 -9.533 19.732 11.98 -8.57 19.777 13.395 
3 16 -4.823 16.472 15.631 -8.609 20.907 13.953 -5.47 16.52 14.431 
3 16 -5.47 16.52 14.431 -8.609 20.907 13.953 -8.57 19.777 13.395 
3 16 3.022 12.964 15.964 0.354 12.16 16.24 2.989 12.062 14.887 
3 16 2.989 12.062 14.887 0.354 12.16 16.24 -0.117 11.542 15.167 
3 16 4.92 16.92 15.629 3.022 12.964 15.964 5.047 15.91 14.623 
3 16 5.047 15.91 14.623 3.022 12.964 15.964 2.989 12.062 14.887 
3 16 5.047 15.91 14.623 7.333 19.058 14.082 4.92 16.92 15.629 
3 16 4.92 16.92 15.629 7.333 19.058 14.082 6.819 19.794 15.109 
3 16 2.913 17.465 17.544 3.831 17.211 16.277 3.38 20.579 17.448 
3 16 3.38 20.579 17.448 3.831 17.211 16.277 4.385 20.316 15.715 
3 16 4.932 24.179 15.161 4.27 24.115 18.241 5.171 23.61 14.81 
3 16 5.171 23.61 14.81 4.27 24.115 18.241 3.38 20.579 17.448 
3 16 3.38 20.579 17.448 4.385 20.316 15.715 5.171 23.61 14.81 
3 16 5.171 23.61 14.81 4.385 20.316 15.715 6.819 19.794 15.109 
3 16 6.819 19.794 15.109 9.856 21.033 12.849 5.171 23.61 14.81 
3 16 5.171 23.61 14.81 9.856 21.033 12.849 13.611 23.763 7.858 
3 16 13.611 23.763 7.858 9.856 21.033 12.849 13.99 22.116 8.287 
3 16 9.856 21.033 12.849 10.754 20.189 11.886 13.99 22.116 8.287 
3 16 10.754 20.189 11.886 11.441 18.112 11.361 13.99 22.116 8.287 
3 16 7.333 19.058 14.082 9.21 20.056 12.728 6.819 19.794 15.109 
3 16 6.819 19.794 15.109 9.21 20.056 12.728 9.856 21.033 12.849 
3 16 -15.45 6.236 -13.242 -14.462 11.092 -13.186 -12.269 6.668 -13.702 
3 16 -12.269 6.668 -13.702 -14.462 11.092 -13.186 -12.065 10.41 -13.108 
3 16 -10.546 5.072 -15.582 -13.148 3.666 -15.859 -12.269 6.668 -13.702 
3 16 -12.269 6.668 -13.702 -13.148 3.666 -15.859 -15.45 6.236 -13.242 
3 16 -13.148 3.666 -15.859 -10.546 5.072 -15.582 -7.892 1.746 -18.249 
3 16 -7.892 1.746 -18.249 -10.546 5.072 -15.582 -6.409 3.445 -17.533 
3 16 -6.409 3.445 -17.533 -0.002 0.716 -19.155 -7.892 1.746 -18.249 
3 16 -7.892 1.746 -18.249 -0.002 0.716 -19.155 -0.002 -1.001 -19.733 
3 16 -5.471 3.877 -14.867 -0.002 1.742 -15.544 -6.409 3.445 -17.533 
3 16 -6.409 3.445 -17.533 -0.002 1.742 -15.544 -0.002 0.716 -19.155 
3 16 -5.471 3.877 -14.867 -6.409 3.445 -17.533 -9.226 5.332 -13.545 
3 16 -9.226 5.332 -13.545 -6.409 3.445 -17.533 -10.546 5.072 -15.582 
3 16 -9.226 5.332 -13.545 -6.589 6.283 -14.739 -5.471 3.877 -14.867 
3 16 -0.002 1.742 -15.544 -5.471 3.877 -14.867 -0.002 8.387 -16.362 
3 16 -0.002 8.387 -16.362 -5.471 3.877 -14.867 -6.589 6.283 -14.739 
3 16 -10.587 8.176 -7.903 -12.065 10.41 -13.108 -9.355 13.384 -9.507 
3 16 -9.355 13.384 -9.507 -12.065 10.41 -13.108 -10.371 13.481 -12.307 
3 16 -12.065 10.41 -13.108 -10.528 14.344 -14.012 -10.371 13.481 -12.307 
3 16 -9.836 14.848 -13.133 -9.12 15.916 -12.94 -5.89 15.214 -15.39 
3 16 -5.89 15.214 -15.39 -9.12 15.916 -12.94 -5.558 16.699 -14.371 
3 16 -0.499 13.028 -16.839 -5.89 15.214 -15.39 -0.439 14.715 -15.862 
3 16 -0.439 14.715 -15.862 -5.89 15.214 -15.39 -5.558 16.699 -14.371 
3 16 -0.499 13.028 -16.839 -0.439 14.715 -15.862 1.128 16.002 -17.135 
3 16 1.128 16.002 -17.135 -0.439 14.715 -15.862 0.058 16.489 -16.188 
3 16 1.128 16.002 -17.135 0.058 16.489 -16.188 -1.591 19.246 -17.557 
3 16 -1.591 19.246 -17.557 0.058 16.489 -16.188 -1.773 18.363 -16.167 
3 16 -1.591 19.246 -17.557 -1.773 18.363 -16.167 -5.444 18.828 -15.849 
3 16 -5.444 18.828 -15.849 -1.773 18.363 -16.167 -5.476 17.663 -14.745 
3 16 -5.444 18.828 -15.849 -5.476 17.663 -14.745 -8.076 18.124 -14.603 
3 16 -8.076 18.124 -14.603 -5.476 17.663 -14.745 -8.482 17.015 -13.374 
3 16 -0.439 14.715 -15.862 -5.558 16.699 -14.371 0.058 16.489 -16.188 
3 16 0.058 16.489 -16.188 -5.558 16.699 -14.371 -1.773 18.363 -16.167 
3 16 -1.773 18.363 -16.167 -5.558 16.699 -14.371 -5.476 17.663 -14.745 
3 16 -5.476 17.663 -14.745 -5.558 16.699 -14.371 -8.482 17.015 -13.374 
3 16 -8.482 17.015 -13.374 -5.558 16.699 -14.371 -9.12 15.916 -12.94 
3 16 -10.371 13.481 -12.307 -10.528 14.344 -14.012 -9.836 14.848 -13.133 
3 16 -9.12 15.916 -12.94 -9.836 14.848 -13.133 -10.528 14.344 -14.012 
3 16 -8.482 17.015 -13.374 -9.12 15.916 -12.94 -8.076 18.124 -14.603 
3 16 -8.076 18.124 -14.603 -9.12 15.916 -12.94 -10.528 14.344 -14.012 
3 16 -8.076 18.124 -14.603 -10.528 14.344 -14.012 -6.915 20.457 -15.787 
3 16 -6.915 20.457 -15.787 -6.999 19.77 -15.281 -8.076 18.124 -14.603 
3 16 -3.122 24.224 -15.831 -2.332 25.866 -16.864 -1.096 25.627 -17.302 
3 16 -3.122 24.224 -15.831 -1.096 25.627 -17.302 -1.855 23.325 -16.956 
3 16 -1.855 23.325 -16.956 -1.096 25.627 -17.302 -0.88 24.218 -17.364 
3 16 -4.74 22.446 -15.632 -3.122 24.224 -15.831 -1.855 23.325 -16.956 
3 16 -6.999 19.77 -15.281 -5.764 21.017 -15.151 -5.558 20.234 -16.04 
3 16 -6.915 20.457 -15.787 -2.332 25.866 -16.864 -4.74 22.446 -15.632 
3 16 -2.332 25.866 -16.864 -3.122 24.224 -15.831 -4.74 22.446 -15.632 
3 16 -4.74 22.446 -15.632 -5.764 21.017 -15.151 -6.915 20.457 -15.787 
3 16 -6.915 20.457 -15.787 -5.764 21.017 -15.151 -6.999 19.77 -15.281 
3 16 2.253 19.103 -17.396 4.342 19.959 -16.606 3.087 19.137 -16.4 
3 16 3.087 19.137 -16.4 4.342 19.959 -16.606 4.316 19.6 -16.373 
3 16 2.253 19.103 -17.396 3.087 19.137 -16.4 3.803 16.318 -16.442 
3 16 3.803 16.318 -16.442 3.087 19.137 -16.4 4.348 17.325 -15.507 
3 16 3.803 16.318 -16.442 4.348 17.325 -15.507 9.382 15.377 -13.187 
3 16 9.382 15.377 -13.187 4.348 17.325 -15.507 8.705 16.442 -13.074 
3 16 4.342 19.959 -16.606 7.405 18.701 -14.5 4.316 19.6 -16.373 
3 16 4.316 19.6 -16.373 7.405 18.701 -14.5 7.725 18.067 -14.037 
3 16 3.087 19.137 -16.4 4.316 19.6 -16.373 4.807 18.478 -15.589 
3 16 3.087 19.137 -16.4 4.807 18.478 -15.589 4.348 17.325 -15.507 
3 16 8.705 16.442 -13.074 4.348 17.325 -15.507 7.725 18.067 -14.037 
3 16 7.725 18.067 -14.037 4.348 17.325 -15.507 4.807 18.478 -15.589 
3 16 4.316 19.6 -16.373 7.725 18.067 -14.037 4.807 18.478 -15.589 
3 16 0.161 27.62 -17.277 4.596 22.378 -15.516 -0.005 26.07 -17.44 
3 16 4.596 22.378 -15.516 0.498 24.65 -17.375 -0.005 26.07 -17.44 
3 16 9.382 15.377 -13.187 8.705 16.442 -13.074 9.847 15.468 -14.278 
3 16 8.705 16.442 -13.074 7.725 18.067 -14.037 9.847 15.468 -14.278 
3 16 6.478 20.223 -15.256 7.112 20.302 -15.833 7.405 18.701 -14.5 
3 16 7.405 18.701 -14.5 7.112 20.302 -15.833 7.725 18.067 -14.037 
3 16 9.847 15.468 -14.278 7.725 18.067 -14.037 7.112 20.302 -15.833 
3 16 9.382 15.377 -13.187 9.847 15.468 -14.278 9.952 13.959 -12.216 
3 16 9.847 15.468 -14.278 12.359 8.643 -13.002 9.952 13.959 -12.216 
3 16 12.359 8.643 -13.002 10.599 8.973 -7.762 9.952 13.959 -12.216 
3 16 9.952 13.959 -12.216 10.599 8.973 -7.762 9.269 13.289 -9.5 
3 16 -10.587 8.176 -7.903 -11.273 7.184 -6.571 -10.163 7.328 -8.459 
3 16 -10.163 7.328 -8.459 -11.273 7.184 -6.571 -8.289 6.368 -10.319 
3 16 -10.546 5.072 -15.582 -12.269 6.668 -13.702 -9.226 5.332 -13.545 
3 16 -9.226 5.332 -13.545 -12.269 6.668 -13.702 -8.289 6.368 -10.319 
3 16 -8.289 6.368 -10.319 -12.269 6.668 -13.702 -10.163 7.328 -8.459 
3 16 -10.163 7.328 -8.459 -12.269 6.668 -13.702 -10.587 8.176 -7.903 
3 16 -10.587 8.176 -7.903 -12.269 6.668 -13.702 -12.065 10.41 -13.108 
3 16 10.599 8.973 -7.762 8.253 6.348 -10.335 11.28 8.268 -6.512 
3 16 11.28 8.268 -6.512 8.253 6.348 -10.335 9.714 1.955 -5.668 
3 16 9.714 1.955 -5.668 8.253 6.348 -10.335 5.605 2.217 -10.189 
3 16 8.253 6.348 -10.335 5.643 7.29 -11.985 5.605 2.217 -10.189 
3 16 5.268 24.083 -16.85 7.635 21.466 -16.154 5.023 23.436 -16.619 
3 16 5.023 23.436 -16.619 7.635 21.466 -16.154 7.112 20.302 -15.833 
3 16 12.359 8.643 -13.002 9.847 15.468 -14.278 15.004 9.451 -13.105 
3 16 15.004 9.451 -13.105 9.847 15.468 -14.278 10.214 18.249 -15.224 
3 16 9.847 15.468 -14.278 7.112 20.302 -15.833 10.214 18.249 -15.224 
3 16 10.214 18.249 -15.224 7.112 20.302 -15.833 7.635 21.466 -16.154 
3 16 11.4 24.8 -11.593 5.938 29.151 -14.964 8.591 25.317 -10.167 
3 16 8.591 25.317 -10.167 5.938 29.151 -14.964 5.371 28.658 -12.466 
3 16 -0.002 29.295 -18.543 5.268 24.083 -16.85 0.161 27.62 -17.277 
3 16 0.161 27.62 -17.277 5.268 24.083 -16.85 5.023 23.436 -16.619 
3 16 0.161 27.62 -17.277 5.023 23.436 -16.619 4.596 22.378 -15.516 
3 16 4.596 22.378 -15.516 5.023 23.436 -16.619 5.42 21.181 -15.147 
3 16 5.42 21.181 -15.147 5.023 23.436 -16.619 7.112 20.302 -15.833 
3 16 6.478 20.223 -15.256 5.42 21.181 -15.147 7.112 20.302 -15.833 
3 16 -3.012 11.988 14.86 -3.005 12.875 15.949 -5.47 16.52 14.431 
3 16 -5.47 16.52 14.431 -3.005 12.875 15.949 -4.823 16.472 15.631 
3 16 0.354 12.16 16.24 -3.005 12.875 15.949 -0.117 11.542 15.167 
3 16 -0.117 11.542 15.167 -3.005 12.875 15.949 -3.012 11.988 14.86 
3 16 -4.471 -0.395 7.697 -4.152 -4.778 8.603 -0.034 -0.169 8.739 
3 16 -0.034 -0.169 8.739 -4.152 -4.778 8.603 -0.108 -4.528 9.176 
3 16 -0.108 -4.528 9.176 -4.152 -4.778 8.603 -0.392 -4.73 11.982 
3 16 -0.392 -4.73 11.982 -4.152 -4.778 8.603 -4.784 -4.11 11.181 
3 16 -4.471 -0.395 7.697 -6.53 -3.351 9.027 -4.152 -4.778 8.603 
3 16 -4.152 -4.778 8.603 -6.53 -3.351 9.027 -4.784 -4.11 11.181 
3 16 -6.53 -3.351 9.027 -6.938 -2.194 10.242 -4.784 -4.11 11.181 
2 24 16.121 21.814 -3.806 11.4 24.8 -11.593 
2 24 14.056 23.673 -7.904 15.495 23.538 -0.435 
2 24 16.665 20.686 -2.412 16.121 21.814 -3.806 
2 24 16.665 20.686 -2.412 16.686 18.925 -3.019 
2 24 16.686 18.925 -3.019 16.029 18.751 -5.197 
2 24 16.029 18.751 -5.197 12.142 21.615 -12.995 
2 24 12.142 21.615 -12.995 5.887 27.185 -16.108 
2 24 5.938 29.151 -14.964 11.4 24.8 -11.593 
2 24 5.887 27.185 -16.108 -0.002 32.991 -17.251 
2 24 -0.002 32.991 -17.251 -0.031 33.82 -16.36 
2 24 -0.031 33.82 -16.36 5.938 29.151 -14.964 
2 24 11.421 20.757 -13.267 7.979 22.677 -15.299 
2 24 10.611 19.434 -13.847 7.979 22.677 -15.299 
2 24 15.083 18.005 -6.545 11.421 20.757 -13.267 
2 24 7.635 21.466 -16.154 5.268 24.083 -16.85 
2 24 10.214 18.249 -15.224 7.635 21.466 -16.154 
2 24 15.495 23.538 -0.435 13.611 23.763 7.858 
2 24 13.99 22.116 8.287 16.483 21.211 1.458 
2 24 14.703 18.64 8.166 16.449 18.512 2.241 
2 24 16.64 20.138 1.821 14.683 19.934 8.401 
2 24 11.963 16.896 10.504 14.703 18.64 8.166 
2 24 14.683 19.934 8.401 11.441 18.112 11.361 
2 24 16.64 20.138 1.821 16.483 21.211 1.458 
2 24 13.99 22.116 8.287 11.441 18.112 11.361 
2 24 10.488 17.199 11.907 11.963 16.896 10.504 
2 24 10.754 20.189 11.886 10.488 17.199 11.907 
2 24 -0.002 32.034 -17.451 -0.002 32.991 -17.251 
2 24 -0.002 29.295 -18.543 -0.002 32.034 -17.451 
2 24 5.268 24.083 -16.85 -0.002 29.295 -18.543 
2 24 10.611 19.434 -13.847 15.622 10.453 -7.549 
2 24 15.004 9.451 -13.105 10.214 18.249 -15.224 
2 24 15.839 12.031 3.826 16.381 10.878 2.522 
2 24 15.932 13.41 3.786 15.839 12.031 3.826 
2 24 16.278 14.515 2.265 15.932 13.41 3.786 
2 24 14.531 14.013 4.272 14.645 11.559 4.384 
2 24 15.932 13.41 3.786 14.531 14.013 4.272 
2 24 14.645 11.559 4.384 15.839 12.031 3.826 
2 24 14.645 11.559 4.384 14.953 10.358 3.165 
2 24 14.935 15.13 2.872 14.531 14.013 4.272 
2 24 16.278 14.515 2.265 16.449 18.512 2.241 
2 24 15.138 17.975 2.305 14.935 15.13 2.872 
2 24 13.84 18.142 7.852 15.138 17.975 2.305 
2 24 11.696 16.015 10.432 13.84 18.142 7.852 
2 24 9.521 16.945 11.929 11.696 16.015 10.432 
2 24 15.445 6.236 -13.242 13.973 -0.507 -4.827 
2 24 13.144 3.666 -15.859 15.445 6.236 -13.242 
2 24 10.283 -3.377 -8.893 13.144 3.666 -15.859 
2 24 13.973 -0.507 -4.827 9.755 -6.501 -1.02 
2 24 7.426 -6.915 -4.738 10.283 -3.377 -8.893 
2 24 5.986 -8.865 -1.319 5.764 -8.708 -2.138 
2 24 5.764 -8.708 -2.138 7.426 -6.915 -4.738 
2 24 9.755 -6.501 -1.02 6.631 -8.789 -0.54 
2 24 6.631 -8.789 -0.54 5.986 -8.865 -1.319 
2 24 15.622 10.453 -7.549 16.182 4.662 -3.514 
2 24 15.445 6.236 -13.242 15.004 9.451 -13.105 
2 24 16.381 10.878 2.522 15.979 7.274 4.451 
2 24 11.904 -0.929 12.952 13.011 -2.43 5.627 
2 24 14.532 3.724 8.914 12.319 0.589 13.006 
2 24 12.319 0.589 13.006 11.904 -0.929 12.952 
2 24 13.011 -2.43 5.627 12.092 -3.974 3.505 
2 24 14.835 5.595 8.268 14.532 3.724 8.914 
2 24 15.979 7.274 4.451 14.835 5.595 8.268 
2 24 12.092 -3.974 3.505 11.114 -5.101 3.661 
2 24 11.114 -5.101 3.661 8.027 -7.653 6.015 
2 24 2.908 -8.402 16.913 1.709 -8.119 19.298 
2 24 1.709 -8.119 19.298 -0.002 -8.214 19.791 
2 24 4.781 -9.061 11.81 2.908 -8.402 16.913 
2 24 8.027 -7.653 6.015 4.781 -9.061 11.81 
2 24 7.887 1.746 -18.249 13.144 3.666 -15.859 
2 24 -0.002 -1.001 -19.733 7.887 1.746 -18.249 
2 24 14.953 10.358 3.165 14.777 8.44 4.434 
2 24 13.532 6.631 8.249 14.835 5.595 8.268 
2 24 14.777 8.44 4.434 13.532 6.631 8.249 
2 24 13.532 6.631 8.249 13.247 4.378 8.922 
2 24 10.19 1.025 13.268 12.319 0.589 13.006 
2 24 13.247 4.378 8.922 10.19 1.025 13.268 
2 24 10.026 -1.236 13.075 11.904 -0.929 12.952 
2 24 10.19 1.025 13.268 10.026 -1.236 13.075 
2 24 10.026 -1.236 13.075 11.073 -2.751 6.074 
2 24 11.073 -2.751 6.074 10.514 -3.711 4.909 
2 24 10.514 -3.711 4.909 10.1 -4.318 4.881 
2 24 10.1 -4.318 4.881 8.1 -6.179 6.116 
2 24 8.1 -6.179 6.116 5.195 -7.468 11.155 
2 24 5.195 -7.468 11.155 3.438 -6.938 16.49 
2 24 1.953 -6.622 19.236 1.709 -8.119 19.298 
2 24 3.438 -6.938 16.49 1.953 -6.622 19.236 
2 24 1.953 -6.622 19.236 -0.002 -6.756 19.842 
2 24 10.754 20.189 11.886 9.529 19.732 11.98 
2 24 9.529 19.732 11.98 9.521 16.945 11.929 
2 24 10.754 20.189 11.886 9.856 21.033 12.849 
2 24 9.21 20.056 12.728 9.529 19.732 11.98 
2 24 12.127 6.514 -13.805 12.359 8.643 -13.002 
2 24 10.542 5.072 -15.582 12.127 6.514 -13.805 
2 24 6.405 3.445 -17.533 10.542 5.072 -15.582 
2 24 -0.002 0.716 -19.155 6.405 3.445 -17.533 
2 24 -0.002 1.742 -15.544 5.467 3.877 -14.867 
2 24 -0.002 0.716 -19.155 -0.002 1.742 -15.544 
2 24 5.467 3.877 -14.867 9.187 5.345 -13.376 
2 24 6.395 6.364 -14.778 9.187 5.345 -13.376 
2 24 -0.002 8.387 -16.362 6.395 6.364 -14.778 
2 24 9.187 5.345 -13.376 8.253 6.348 -10.335 
2 24 8.253 6.348 -10.335 10.599 8.973 -7.762 
2 24 -0.002 8.387 -16.362 0.014 9.413 -13.291 
2 24 0.014 9.413 -13.291 5.643 7.29 -11.985 
2 24 5.643 7.29 -11.985 8.253 6.348 -10.335 
2 24 4.445 13.401 -12.603 0.156 11.273 -13.272 
2 24 0.026 11.745 -16.088 4.92 14.157 -15.185 
2 24 9.269 13.289 -9.5 4.445 13.401 -12.603 
2 24 9.952 13.959 -12.216 9.269 13.289 -9.5 
2 24 4.92 14.157 -15.185 9.952 13.959 -12.216 
2 24 5.371 28.658 -12.466 -0.173 33.518 -14.164 
2 24 11.121 24.206 6.43 5.274 24.025 11.563 
2 24 5.274 24.025 11.563 5.171 23.61 14.81 
2 24 5.171 23.61 14.81 13.611 23.763 7.858 
2 24 4.87 24.403 11.854 1.226 25.331 12.694 
2 24 4.932 24.179 15.161 4.87 24.403 11.854 
2 24 1.226 25.331 12.694 1.476 24.729 18.205 
2 24 1.476 24.729 18.205 4.27 24.115 18.241 
2 24 4.27 24.115 18.241 4.932 24.179 15.161 
2 24 -0.065 24.366 12.728 0.357 23.589 17.85 
2 24 1.226 25.331 12.694 -0.065 24.366 12.728 
2 24 0.357 23.589 17.85 1.476 24.729 18.205 
2 24 -5.383 23.644 14.77 -5.698 24.013 11.481 
2 24 -10.871 23.548 10.911 -5.383 23.644 14.77 
2 24 -5.698 24.013 11.481 -9.21 24.29 9.21 
2 24 -14.252 23.59 5.654 -10.871 23.548 10.911 
2 24 -9.21 24.29 9.21 -11.967 24.29 4.853 
2 24 -14.06 23.673 -7.904 -15.499 23.538 -0.435 
2 24 -13.025 24.29 0 -11.492 24.874 -6.559 
2 24 -11.492 24.874 -6.559 -9.896 25.08 -8.883 
2 24 -5.942 29.151 -14.964 -11.941 24.312 -11.826 
2 24 -9.896 25.08 -8.883 -5.097 29.088 -12.779 
2 24 -0.031 33.82 -16.36 -0.173 33.518 -14.164 
2 24 8.591 25.317 -10.167 11.252 24.778 -6.512 
2 24 11.252 24.778 -6.512 13.025 24.29 0 
2 24 13.025 24.29 0 11.121 24.206 6.43 
2 24 9.269 13.289 -9.5 10.599 8.973 -7.762 
2 24 8.591 25.317 -10.167 5.371 28.658 -12.466 
2 24 -0.173 33.518 -14.164 -5.097 29.088 -12.779 
2 24 -5.368 13.493 -12.158 0.156 11.273 -13.272 
2 24 -9.355 13.384 -9.507 -5.368 13.493 -12.158 
2 24 -10.587 8.176 -7.903 -9.355 13.384 -9.507 
2 24 -13.025 24.29 0 -11.967 24.29 4.853 
2 24 -5.698 24.013 11.481 -5.152 24.579 11.735 
2 24 4.87 24.403 11.854 5.274 24.025 11.563 
2 24 -9.355 13.384 -9.507 -10.371 13.481 -12.307 
2 24 -10.371 13.481 -12.307 -6.135 13.991 -14.627 
2 24 -8.289 6.368 -10.319 -11.273 7.184 -6.571 
2 24 -11.28 2.071 -5.802 -6.053 2.1 -10.276 
2 24 -5.94 7.188 -11.903 -8.289 6.368 -10.319 
2 24 0.014 9.413 -13.291 -5.94 7.188 -11.903 
2 24 8.049 0.794 5.06 9.978 2.329 5.98 
2 24 5.782 -0.098 7.2 7.26 -1.37 8.648 
2 24 8.049 0.794 5.06 5.782 -0.098 7.2 
2 24 7.26 -1.37 8.648 9.978 2.329 5.98 
2 24 -0.108 -4.528 9.176 6.476 -3.514 7.978 
2 24 6.476 -3.514 7.978 5.782 -0.098 7.2 
2 24 5.782 -0.098 7.2 -0.034 -0.169 8.739 
2 24 6.476 -3.514 7.978 6.927 -2.677 9.222 
2 24 6.927 -2.677 9.222 7.26 -1.37 8.648 
2 24 -6.887 0.38 7.6 -6.53 -3.351 9.027 
2 24 -4.471 -0.395 7.697 -6.111 0.331 6.873 
2 24 -6.111 0.331 6.873 -6.887 0.38 7.6 
2 24 -7.89 0.629 4.552 -6.887 0.38 7.6 
2 24 -11.28 2.071 -5.802 -13.025 2.071 0 
2 24 6.224 0 0 5.39 0 3.112 
2 24 4.11 0 7.118 0.068 0.305 8.225 
2 24 5.782 -0.098 7.2 4.11 0 7.118 
2 24 -4.471 -0.395 7.697 -0.034 -0.169 8.739 
2 24 0.068 0.305 8.225 -4.11 0 7.118 
2 24 -3.112 0 5.39 -5.39 0 3.112 
2 24 -5.39 0 3.112 -6.224 0 0 
2 24 -6.224 0 0 -5.39 0 -3.112 
2 24 -5.39 0 -3.112 -3.112 0 -5.39 
2 24 -3.112 0 -5.39 0 0 -6.224 
2 24 0 0 -6.224 3.112 0 -5.39 
2 24 3.112 0 -5.39 5.39 0 -3.112 
2 24 5.39 0 -3.112 6.224 0 0 
2 24 3.112 0 5.39 0 0 6.224 
2 24 5.39 0 3.112 3.112 0 5.39 
2 24 0 0 6.224 -3.112 0 5.39 
2 24 -6.589 6.283 -14.739 -9.226 5.332 -13.545 
2 24 -9.226 5.332 -13.545 -8.289 6.368 -10.319 
2 24 -0.002 8.387 -16.362 -6.589 6.283 -14.739 
2 24 6.927 -2.677 9.222 -0.392 -4.73 11.982 
2 24 -4.784 -4.11 11.181 -6.938 -2.194 10.242 
2 24 -6.938 -2.194 10.242 -7.635 1.721 8.46 
2 24 -11.308 2.998 4.656 -13.025 2.071 0 
2 24 0.026 11.745 -16.088 -6.135 13.991 -14.627 
2 24 -5.89 15.214 -15.39 -0.499 13.028 -16.839 
2 24 -9.836 14.848 -13.133 -5.89 15.214 -15.39 
2 24 -10.371 13.481 -12.307 -9.836 14.848 -13.133 
2 24 7.405 18.701 -14.5 4.342 19.959 -16.606 
2 24 6.478 20.223 -15.256 7.405 18.701 -14.5 
2 24 0.05 21.684 -18.121 6.478 20.223 -15.256 
2 24 4.342 19.959 -16.606 2.253 19.103 -17.396 
2 24 -1.591 19.246 -17.557 -5.444 18.828 -15.849 
2 24 -5.558 20.234 -16.04 0.05 21.684 -18.121 
2 24 1.128 16.002 -17.135 -1.591 19.246 -17.557 
2 24 2.253 19.103 -17.396 3.803 16.318 -16.442 
2 24 -0.499 13.028 -16.839 1.128 16.002 -17.135 
2 24 9.382 15.377 -13.187 9.952 13.959 -12.216 
2 24 3.803 16.318 -16.442 9.382 15.377 -13.187 
2 24 4.932 24.179 15.161 5.171 23.61 14.81 
2 24 -8.076 18.124 -14.603 -6.999 19.77 -15.281 
2 24 -5.444 18.828 -15.849 -8.076 18.124 -14.603 
2 24 -6.999 19.77 -15.281 -5.558 20.234 -16.04 
2 24 -5.152 24.579 11.735 -1.4 25.3 12.666 
2 24 -1.4 25.3 12.666 -0.065 24.366 12.728 
2 24 -0.392 -4.73 11.982 -4.784 -4.11 11.181 
2 24 -1.905 24.602 19.179 0.357 23.589 17.85 
2 24 -1.4 25.3 12.666 -1.905 24.602 19.179 
2 24 -5.152 24.579 11.735 -4.612 23.849 18.568 
2 24 -4.612 23.849 18.568 -1.905 24.602 19.179 
2 24 -5.383 23.644 14.77 -4.84 21.658 15.569 
2 24 -3.941 20.896 17.567 -4.612 23.849 18.568 
2 24 -0.086 20.602 18.451 -1.905 24.602 19.179 
2 24 0.804 20.423 17.638 0.357 23.589 17.85 
2 24 3.38 20.579 17.448 4.27 24.115 18.241 
2 24 -7.635 1.721 8.46 -6.887 0.38 7.6 
2 24 -6.938 -2.194 10.242 -6.53 -3.351 9.027 
2 24 -5.942 29.151 -14.964 -0.031 33.82 -16.36 
2 24 -0.002 32.991 -17.251 -5.891 27.185 -16.108 
2 24 -5.891 27.185 -16.108 -12.146 21.615 -12.995 
2 24 -14.811 22.899 -8.211 -16.125 21.814 -3.806 
2 24 -11.941 24.312 -11.826 -14.811 22.899 -8.211 
2 24 -16.125 21.814 -3.806 -16.669 20.686 -2.412 
2 24 -16.691 18.925 -3.019 -16.783 19.616 -2.364 
2 24 -16.783 19.616 -2.364 -16.669 20.686 -2.412 
2 24 -16.033 18.751 -5.197 -16.691 18.925 -3.019 
2 24 -14.763 19.712 -8.999 -16.033 18.751 -5.197 
2 24 -12.146 21.615 -12.995 -14.763 19.712 -8.999 
2 24 -7.983 22.677 -15.299 -11.425 20.757 -13.267 
2 24 -7.983 22.677 -15.299 -12.807 16.332 -12.203 
2 24 -13.741 18.891 -9.957 -11.425 20.757 -13.267 
2 24 -13.741 18.891 -9.957 -15.087 18.005 -6.545 
2 24 -12.807 16.332 -12.203 -14.781 12.526 -9.463 
2 24 -0.002 29.295 -18.543 -4.503 25.326 -17.108 
2 24 -4.503 25.326 -17.108 -7.639 21.466 -16.154 
2 24 -7.639 21.466 -16.154 -12.394 14.95 -14.315 
2 24 -12.394 14.95 -14.315 -14.462 11.092 -13.186 
2 24 -15.087 18.005 -6.545 -16.354 17.846 -2.852 
2 24 -16.721 21.65 -0.448 -15.278 22.428 5.824 
2 24 -14.252 23.59 5.654 -15.499 23.538 -0.435 
2 24 -16.722 18.604 0.369 -16.015 20.156 5.168 
2 24 -16.231 17.794 1.187 -15.934 18.844 5.245 
2 24 -13.29 19.339 9.916 -16.015 20.156 5.168 
2 24 -15.934 18.844 5.245 -12.911 17.98 9.83 
2 24 -11.445 18.112 11.361 -13.29 19.339 9.916 
2 24 -12.911 17.98 9.83 -11.109 16.589 11.323 
2 24 -15.278 22.428 5.824 -12.788 21.257 9.903 
2 24 -11.445 18.112 11.361 -11.792 20.214 11.051 
2 24 -11.792 20.214 11.051 -12.788 21.257 9.903 
2 24 -11.109 16.589 11.323 -10.485 18.247 11.981 
2 24 -10.485 18.247 11.981 -10.758 20.189 11.886 
2 24 -10.758 20.189 11.886 -8.609 20.907 13.953 
2 24 -3.613 17.458 16.37 -4.84 21.658 15.569 
2 24 -3.858 16.481 16.271 -3.613 17.458 16.37 
2 24 -8.609 20.907 13.953 -4.823 16.472 15.631 
2 24 -4.823 16.472 15.631 -3.005 12.875 15.949 
2 24 -2.494 13.615 16.455 -3.858 16.481 16.271 
2 24 -3.005 12.875 15.949 0.354 12.16 16.24 
2 24 0.399 13.561 16.831 -2.494 13.615 16.455 
2 24 2.502 13.899 16.387 0.399 13.561 16.831 
2 24 0.354 12.16 16.24 3.022 12.964 15.964 
2 24 3.831 17.211 16.277 4.013 16.338 16.239 
2 24 3.022 12.964 15.964 4.92 16.92 15.629 
2 24 4.013 16.338 16.239 2.502 13.899 16.387 
2 24 4.385 20.316 15.715 3.831 17.211 16.277 
2 24 4.92 16.92 15.629 6.819 19.794 15.109 
2 24 3.831 17.211 16.277 2.913 17.465 17.544 
2 24 2.834 16.707 18.015 4.013 16.338 16.239 
2 24 -3.262 17.529 17.284 -3.613 17.458 16.37 
2 24 -3.858 16.481 16.271 -2.401 17.412 18.523 
2 24 -2.442 17.903 17.854 -3.262 17.529 17.284 
2 24 0.611 17.496 18.21 2.834 16.707 18.015 
2 24 2.913 17.465 17.544 0.453 18.407 17.863 
2 24 0.453 18.407 17.863 0.611 17.496 18.21 
2 24 0.453 18.407 17.863 -0.147 18.492 18.202 
2 24 -1.083 17.989 18.556 0.611 17.496 18.21 
2 24 -0.147 18.492 18.202 -1.319 18.47 18.062 
2 24 -2.401 17.412 18.523 -1.083 17.989 18.556 
2 24 -1.319 18.47 18.062 -2.442 17.903 17.854 
2 24 0.399 13.561 16.831 0.185 15.352 18.479 
2 24 -3.262 17.529 17.284 -3.941 20.896 17.567 
2 24 -0.147 18.492 18.202 -0.086 20.602 18.451 
2 24 0.453 18.407 17.863 0.804 20.423 17.638 
2 24 2.913 17.465 17.544 3.38 20.579 17.448 
2 24 0.185 15.352 18.479 0.611 17.496 18.21 
2 24 0.161 27.62 -17.277 -2.332 25.866 -16.864 
2 24 -2.332 25.866 -16.864 -6.915 20.457 -15.787 
2 24 -6.915 20.457 -15.787 -10.528 14.344 -14.012 
2 24 -10.528 14.344 -14.012 -12.065 10.41 -13.108 
2 24 -1.096 25.627 -17.302 -2.332 25.866 -16.864 
2 24 0.161 27.62 -17.277 -0.005 26.07 -17.44 
2 24 -0.005 26.07 -17.44 0.498 24.65 -17.375 
2 24 -0.88 24.218 -17.364 -1.096 25.627 -17.302 
2 24 5.42 21.181 -15.147 -0.435 22.689 -17.334 
2 24 4.596 22.378 -15.516 5.42 21.181 -15.147 
2 24 0.498 24.65 -17.375 4.596 22.378 -15.516 
2 24 5.42 21.181 -15.147 6.478 20.223 -15.256 
2 24 -5.764 21.017 -15.151 -4.74 22.446 -15.632 
2 24 -0.435 22.689 -17.334 -5.764 21.017 -15.151 
2 24 -4.74 22.446 -15.632 -1.855 23.325 -16.956 
2 24 -1.855 23.325 -16.956 -0.88 24.218 -17.364 
2 24 -14.781 12.526 -9.463 -15.626 10.453 -7.549 
2 24 -16.305 15.477 1.389 -16.231 17.794 1.187 
2 24 -15.626 10.453 -7.549 -16.186 4.662 -3.514 
2 24 -15.983 7.274 4.451 -16.385 10.878 2.522 
2 24 -16.385 10.878 2.522 -15.843 12.031 3.826 
2 24 -15.843 12.031 3.826 -15.936 13.41 3.786 
2 24 -15.936 13.41 3.786 -16.305 15.477 1.389 
2 24 -15.45 6.236 -13.242 -13.977 -0.507 -4.827 
2 24 -14.462 11.092 -13.186 -15.45 6.236 -13.242 
2 24 -15.843 12.031 3.826 -14.649 11.559 4.384 
2 24 -14.649 11.559 4.384 -14.535 14.013 4.272 
2 24 -14.535 14.013 4.272 -15.936 13.41 3.786 
2 24 -14.958 10.358 3.165 -14.649 11.559 4.384 
2 24 -14.535 14.013 4.272 -15.138 15.864 2.165 
2 24 -15.138 15.864 2.165 -15.22 17.478 1.959 
2 24 -15.22 17.478 1.959 -14.96 18.32 4.762 
2 24 -14.96 18.32 4.762 -14.167 18.224 7.578 
2 24 -14.167 18.224 7.578 -12.751 17.433 9.064 
2 24 -12.751 17.433 9.064 -10.34 16.105 11.276 
2 24 -10.34 16.105 11.276 -9.475 18.307 11.967 
2 24 -14.781 8.44 4.434 -14.958 10.358 3.165 
2 24 -13.977 -0.507 -4.827 -9.76 -6.501 -1.02 
2 24 -8.031 -7.653 6.015 -12.096 -3.974 3.505 
2 24 -9.76 -6.501 -1.02 -6.635 -8.789 -0.54 
2 24 -5.99 -8.865 -1.319 -5.769 -8.708 -2.138 
2 24 -6.635 -8.789 -0.54 -5.99 -8.865 -1.319 
2 24 -15.45 6.236 -13.242 -13.148 3.666 -15.859 
2 24 -13.148 3.666 -15.859 -10.287 -3.377 -8.893 
2 24 -10.287 -3.377 -8.893 -7.43 -6.915 -4.738 
2 24 -7.43 -6.915 -4.738 -5.769 -8.708 -2.138 
2 24 -14.839 5.595 8.268 -15.983 7.274 4.451 
2 24 -12.096 -3.974 3.505 -13.015 -2.43 5.627 
2 24 -14.194 2.922 9.484 -14.839 5.595 8.268 
2 24 -12.323 0.589 13.006 -14.194 2.922 9.484 
2 24 -11.908 -0.929 12.952 -12.323 0.589 13.006 
2 24 -13.015 -2.43 5.627 -11.908 -0.929 12.952 
2 24 -0.002 -8.214 19.791 -1.713 -8.119 19.298 
2 24 -1.713 -8.119 19.298 -2.912 -8.402 16.913 
2 24 -2.912 -8.402 16.913 -4.785 -9.061 11.81 
2 24 -4.785 -9.061 11.81 -8.031 -7.653 6.015 
2 24 -13.148 3.666 -15.859 -7.892 1.746 -18.249 
2 24 -7.892 1.746 -18.249 -0.002 -1.001 -19.733 
2 24 -13.737 6.687 8.094 -14.781 8.44 4.434 
2 24 -14.839 5.595 8.268 -13.737 6.687 8.094 
2 24 -13.128 3.828 9.212 -13.737 6.687 8.094 
2 24 -12.323 0.589 13.006 -10.194 1.025 13.268 
2 24 -10.194 1.025 13.268 -13.128 3.828 9.212 
2 24 -10.03 -1.236 13.075 -10.194 1.025 13.268 
2 24 -11.908 -0.929 12.952 -10.03 -1.236 13.075 
2 24 -11.077 -2.751 6.074 -10.03 -1.236 13.075 
2 24 -10.519 -3.711 4.909 -11.077 -2.751 6.074 
2 24 -8.104 -6.179 6.116 -10.519 -3.711 4.909 
2 24 -5.2 -7.468 11.155 -8.104 -6.179 6.116 
2 24 -3.442 -6.938 16.49 -5.2 -7.468 11.155 
2 24 -1.957 -6.622 19.236 -3.442 -6.938 16.49 
2 24 -1.713 -8.119 19.298 -1.957 -6.622 19.236 
2 24 -0.002 -6.756 19.842 -1.957 -6.622 19.236 
2 24 -9.475 18.307 11.967 -9.533 19.732 11.98 
2 24 -9.533 19.732 11.98 -8.57 19.777 13.395 
2 24 -8.57 19.777 13.395 -5.47 16.52 14.431 
2 24 -0.117 11.542 15.167 2.989 12.062 14.887 
2 24 2.989 12.062 14.887 5.047 15.91 14.623 
2 24 5.047 15.91 14.623 7.333 19.058 14.082 
2 24 4.385 20.316 15.715 5.171 23.61 14.81 
2 24 6.819 19.794 15.109 9.856 21.033 12.849 
2 24 7.333 19.058 14.082 9.21 20.056 12.728 
2 24 -12.065 10.41 -13.108 -12.269 6.668 -13.702 
2 24 -12.269 6.668 -13.702 -10.546 5.072 -15.582 
2 24 -10.546 5.072 -15.582 -6.409 3.445 -17.533 
2 24 -6.409 3.445 -17.533 -0.002 0.716 -19.155 
2 24 -5.471 3.877 -14.867 -0.002 1.742 -15.544 
2 24 -9.226 5.332 -13.545 -5.471 3.877 -14.867 
2 24 -9.836 14.848 -13.133 -9.12 15.916 -12.94 
2 24 -9.12 15.916 -12.94 -5.558 16.699 -14.371 
2 24 -5.558 16.699 -14.371 -0.439 14.715 -15.862 
2 24 -0.439 14.715 -15.862 0.058 16.489 -16.188 
2 24 0.058 16.489 -16.188 -1.773 18.363 -16.167 
2 24 -1.773 18.363 -16.167 -5.476 17.663 -14.745 
2 24 -5.476 17.663 -14.745 -8.482 17.015 -13.374 
2 24 -8.482 17.015 -13.374 -8.076 18.124 -14.603 
2 24 -9.12 15.916 -12.94 -8.482 17.015 -13.374 
2 24 -3.122 24.224 -15.831 -2.332 25.866 -16.864 
2 24 -4.74 22.446 -15.632 -3.122 24.224 -15.831 
2 24 -6.999 19.77 -15.281 -5.764 21.017 -15.151 
2 24 4.316 19.6 -16.373 3.087 19.137 -16.4 
2 24 3.087 19.137 -16.4 4.348 17.325 -15.507 
2 24 4.348 17.325 -15.507 8.705 16.442 -13.074 
2 24 8.705 16.442 -13.074 9.382 15.377 -13.187 
2 24 7.405 18.701 -14.5 7.725 18.067 -14.037 
2 24 7.725 18.067 -14.037 4.316 19.6 -16.373 
2 24 7.725 18.067 -14.037 8.705 16.442 -13.074 
2 24 0.161 27.62 -17.277 4.596 22.378 -15.516 
2 24 7.112 20.302 -15.833 9.847 15.468 -14.278 
2 24 9.847 15.468 -14.278 12.359 8.643 -13.002 
2 24 -11.273 7.184 -6.571 -10.163 7.328 -8.459 
2 24 -10.163 7.328 -8.459 -10.587 8.176 -7.903 
2 24 -8.289 6.368 -10.319 -10.163 7.328 -8.459 
2 24 7.112 20.302 -15.833 5.023 23.436 -16.619 
2 24 5.023 23.436 -16.619 0.161 27.62 -17.277 
2 24 -5.47 16.52 14.431 -3.012 11.988 14.86 
2 24 -3.012 11.988 14.86 -0.117 11.542 15.167 
2 24 -4.471 -0.395 7.697 -4.152 -4.778 8.603 
2 24 -4.152 -4.778 8.603 -0.108 -4.528 9.176 
2 24 -4.152 -4.778 8.603 -4.784 -4.11 11.181 
2 24 -6.53 -3.351 9.027 -4.784 -4.11 11.181 

0 // Stud4
3 16 5.39 -5.222 3.112 5.39 0 3.112 6.224 -5.222 0 
3 16 6.224 -5.222 0 5.39 0 3.112 6.224 0 0 
3 16 5.39 0 3.112 5.39 -5.222 3.112 3.112 0 5.39 
3 16 3.112 0 5.39 5.39 -5.222 3.112 3.112 -5.222 5.39 
3 16 -0.021 -4.142 5.993 0 0 6.224 3.112 -5.222 5.39 
3 16 3.112 -5.222 5.39 0 0 6.224 3.112 0 5.39 
3 16 -3.112 -5.222 5.39 -3.112 0 5.39 -0.021 -4.142 5.993 
3 16 -0.021 -4.142 5.993 -3.112 0 5.39 0 0 6.224 
3 16 -3.112 0 5.39 -3.112 -5.222 5.39 -5.39 0 3.112 
3 16 -5.39 0 3.112 -3.112 -5.222 5.39 -5.39 -5.222 3.112 
3 16 -5.39 0 3.112 -5.39 -5.222 3.112 -6.224 0 0 
3 16 -6.224 0 0 -5.39 -5.222 3.112 -6.224 -5.222 0 
3 16 -6.224 0 0 -6.224 -5.222 0 -5.39 0 -3.112 
3 16 -5.39 0 -3.112 -6.224 -5.222 0 -5.39 -5.222 -3.112 
3 16 -5.39 0 -3.112 -5.39 -5.222 -3.112 -3.112 0 -5.39 
3 16 -3.112 0 -5.39 -5.39 -5.222 -3.112 -3.112 -5.222 -5.39 
3 16 -3.112 0 -5.39 -3.112 -5.222 -5.39 0 0 -6.224 
3 16 0 0 -6.224 -3.112 -5.222 -5.39 0 -5.222 -6.224 
3 16 0 0 -6.224 0 -5.222 -6.224 3.112 0 -5.39 
3 16 3.112 0 -5.39 0 -5.222 -6.224 3.112 -5.222 -5.39 
3 16 3.112 0 -5.39 3.112 -5.222 -5.39 5.39 0 -3.112 
3 16 5.39 0 -3.112 3.112 -5.222 -5.39 5.39 -5.222 -3.112 
3 16 5.39 0 -3.112 5.39 -5.222 -3.112 6.224 0 0 
3 16 6.224 0 0 5.39 -5.222 -3.112 6.224 -5.222 0 
3 16 -6.224 -5.222 0 0 -5.129 0.018 -5.39 -5.222 -3.112 
3 16 5.39 -5.222 3.112 6.224 -5.222 0 0 -5.129 0.018 
3 16 0 -5.129 0.018 6.224 -5.222 0 5.39 -5.222 -3.112 
3 16 0 -5.129 0.018 5.39 -5.222 -3.112 3.112 -5.222 -5.39 
3 16 0 -5.129 0.018 3.112 -5.222 -5.39 0 -5.222 -6.224 
3 16 0 -5.129 0.018 0 -5.222 -6.224 -3.112 -5.222 -5.39 
3 16 0 -5.129 0.018 -3.112 -5.222 -5.39 -5.39 -5.222 -3.112 
3 16 -5.39 -5.222 3.112 0 -5.129 0.018 -6.224 -5.222 0 
3 16 -3.112 -5.222 5.39 0 -5.129 0.018 -5.39 -5.222 3.112 
3 16 -0.021 -4.142 5.993 0 -5.129 0.018 -3.112 -5.222 5.39 
3 16 3.112 -5.222 5.39 0 -5.129 0.018 -0.021 -4.142 5.993 
3 16 5.39 -5.222 3.112 0 -5.129 0.018 3.112 -5.222 5.39 
2 24 6.224 -5.222 0 5.39 -5.222 3.112 
2 24 5.39 0 3.112 6.224 0 0 
2 24 3.112 0 5.39 5.39 0 3.112 
2 24 5.39 -5.222 3.112 3.112 -5.222 5.39 
2 24 3.112 -5.222 5.39 -0.021 -4.142 5.993 
2 24 0 0 6.224 3.112 0 5.39 
2 24 -0.021 -4.142 5.993 -3.112 -5.222 5.39 
2 24 -3.112 0 5.39 0 0 6.224 
2 24 -5.39 0 3.112 -3.112 0 5.39 
2 24 -3.112 -5.222 5.39 -5.39 -5.222 3.112 
2 24 -6.224 0 0 -5.39 0 3.112 
2 24 -5.39 -5.222 3.112 -6.224 -5.222 0 
2 24 -5.39 0 -3.112 -6.224 0 0 
2 24 -6.224 -5.222 0 -5.39 -5.222 -3.112 
2 24 -3.112 0 -5.39 -5.39 0 -3.112 
2 24 -5.39 -5.222 -3.112 -3.112 -5.222 -5.39 
2 24 0 0 -6.224 -3.112 0 -5.39 
2 24 -3.112 -5.222 -5.39 0 -5.222 -6.224 
2 24 3.112 0 -5.39 0 0 -6.224 
2 24 0 -5.222 -6.224 3.112 -5.222 -5.39 
2 24 5.39 0 -3.112 3.112 0 -5.39 
2 24 3.112 -5.222 -5.39 5.39 -5.222 -3.112 
2 24 6.224 0 0 5.39 0 -3.112 
2 24 5.39 -5.222 -3.112 6.224 -5.222 0 

0 // Outside
3 16 15.138 17.975 2.305 13.84 18.142 7.852 14.935 15.13 2.872 
3 16 14.935 15.13 2.872 13.84 18.142 7.852 13.501 16.676 8.709 
3 16 14.935 15.13 2.872 13.501 16.676 8.709 14.531 14.013 4.272 
3 16 14.531 14.013 4.272 13.501 16.676 8.709 13.984 13.14 7.041 
3 16 13.984 13.14 7.041 13.501 16.676 8.709 12.183 15.024 10.674 
3 16 13.984 13.14 7.041 14.777 8.44 4.434 14.645 11.559 4.384 
3 16 14.777 8.44 4.434 14.953 10.358 3.165 14.645 11.559 4.384 
3 16 14.645 11.559 4.384 14.531 14.013 4.272 13.984 13.14 7.041 
3 16 13.84 18.142 7.852 11.696 16.015 10.432 13.501 16.676 8.709 
3 16 13.501 16.676 8.709 11.696 16.015 10.432 12.183 15.024 10.674 
3 16 9.643 13.992 14.145 12.183 15.024 10.674 9.521 16.945 11.929 
3 16 9.521 16.945 11.929 12.183 15.024 10.674 11.696 16.015 10.432 
3 16 9.529 19.732 11.98 9.21 20.056 12.728 8.27 18.054 13.89 
3 16 8.27 18.054 13.89 9.21 20.056 12.728 7.333 19.058 14.082 
3 16 8.27 18.054 13.89 7.333 19.058 14.082 6.069 15.804 15.075 
3 16 6.069 15.804 15.075 7.333 19.058 14.082 5.047 15.91 14.623 
3 16 8.27 18.054 13.89 6.069 15.804 15.075 9.643 13.992 14.145 
3 16 9.643 13.992 14.145 6.069 15.804 15.075 6.749 12.19 17.427 
3 16 6.069 15.804 15.075 5.007 13.07 17.264 6.749 12.19 17.427 
3 16 6.069 15.804 15.075 5.047 15.91 14.623 5.007 13.07 17.264 
3 16 5.007 13.07 17.264 5.047 15.91 14.623 2.989 12.062 14.887 
3 16 13.984 13.14 7.041 12.183 15.024 10.674 10.929 11.455 14.012 
3 16 10.929 11.455 14.012 12.183 15.024 10.674 9.643 13.992 14.145 
3 16 10.929 11.455 14.012 9.643 13.992 14.145 9.769 10.446 15.218 
3 16 9.769 10.446 15.218 9.643 13.992 14.145 6.749 12.19 17.427 
3 16 4.473 9.541 15.256 6.171 9.845 16.015 2.989 12.062 14.887 
3 16 2.989 12.062 14.887 6.171 9.845 16.015 5.007 13.07 17.264 
3 16 5.007 13.07 17.264 6.171 9.845 16.015 6.749 12.19 17.427 
3 16 6.749 12.19 17.427 6.171 9.845 16.015 9.769 10.446 15.218 
3 16 9.769 10.446 15.218 6.171 9.845 16.015 9.33 8.293 14.939 
3 16 6.171 9.845 16.015 4.473 9.541 15.256 5.808 8.4 17.269 
3 16 5.808 8.4 17.269 4.473 9.541 15.256 4.036 7.948 15.573 
3 16 9.33 8.293 14.939 6.171 9.845 16.015 8.024 6.482 16.776 
3 16 8.024 6.482 16.776 6.171 9.845 16.015 5.808 8.4 17.269 
3 16 4.999 3.953 20.108 8.024 6.482 16.776 3.982 6.238 19.967 
3 16 3.982 6.238 19.967 8.024 6.482 16.776 5.808 8.4 17.269 
3 16 5.808 8.4 17.269 4.036 7.948 15.573 3.982 6.238 19.967 
3 16 1.515 4.894 17.59 3.982 6.238 19.967 1.489 6.063 15.98 
3 16 3.982 6.238 19.967 4.036 7.948 15.573 1.489 6.063 15.98 
3 16 1.515 4.894 17.59 1.489 6.063 15.98 -1.515 4.894 17.59 
3 16 -1.515 4.894 17.59 1.489 6.063 15.98 -1.489 6.063 15.98 
3 16 4.999 3.953 20.108 3.982 6.238 19.967 3.181 2.509 17.876 
3 16 3.181 2.509 17.876 3.982 6.238 19.967 1.515 4.894 17.59 
3 16 3.181 2.509 17.876 1.515 4.894 17.59 -3.181 2.509 17.876 
3 16 -3.181 2.509 17.876 1.515 4.894 17.59 -1.515 4.894 17.59 
3 16 3.181 2.509 17.876 3.894 2.472 17.148 4.999 3.953 20.108 
3 16 4.999 3.953 20.108 3.894 2.472 17.148 8.024 6.482 16.776 
3 16 3.894 2.472 17.148 7.637 4.557 14.345 8.024 6.482 16.776 
3 16 10.256 4.87 12.966 12.418 6.564 10.044 9.33 8.293 14.939 
3 16 9.33 8.293 14.939 12.418 6.564 10.044 10.929 11.455 14.012 
3 16 10.929 11.455 14.012 9.769 10.446 15.218 9.33 8.293 14.939 
3 16 10.256 4.87 12.966 9.33 8.293 14.939 8.889 5.4 13.649 
3 16 9.33 8.293 14.939 8.024 6.482 16.776 8.889 5.4 13.649 
3 16 8.024 6.482 16.776 7.637 4.557 14.345 8.889 5.4 13.649 
3 16 14.777 8.44 4.434 13.984 13.14 7.041 13.532 6.631 8.249 
3 16 10.929 11.455 14.012 12.418 6.564 10.044 13.984 13.14 7.041 
3 16 13.984 13.14 7.041 12.418 6.564 10.044 13.532 6.631 8.249 
3 16 13.532 6.631 8.249 12.418 6.564 10.044 13.247 4.378 8.922 
3 16 7.637 4.557 14.345 3.894 2.472 17.148 7.899 3.773 14.183 
3 16 7.899 3.773 14.183 3.894 2.472 17.148 3.933 1.835 16.773 
3 16 7.637 4.557 14.345 7.899 3.773 14.183 8.889 5.4 13.649 
3 16 8.889 5.4 13.649 7.899 3.773 14.183 10.256 4.87 12.966 
3 16 9.296 3.083 13.827 10.256 4.87 12.966 7.899 3.773 14.183 
3 16 8.603 2.547 14.514 9.296 3.083 13.827 7.899 3.773 14.183 
3 16 7.899 3.773 14.183 3.933 1.835 16.773 8.603 2.547 14.514 
3 16 8.603 2.547 14.514 3.933 1.835 16.773 5.096 0.111 18.457 
3 16 3.933 1.835 16.773 0 0.94 18.201 5.096 0.111 18.457 
3 16 5.096 0.111 18.457 0 0.94 18.201 0 -2.307 21.38 
3 16 12.418 6.564 10.044 10.256 4.87 12.966 13.247 4.378 8.922 
3 16 9.296 3.083 13.827 10.19 1.025 13.268 10.256 4.87 12.966 
3 16 10.19 1.025 13.268 13.247 4.378 8.922 10.256 4.87 12.966 
3 16 9.296 3.083 13.827 8.603 2.547 14.514 10.19 1.025 13.268 
3 16 8.603 2.547 14.514 8.351 -3.246 13.984 10.19 1.025 13.268 
3 16 8.1 -6.179 6.116 10.1 -4.318 4.881 8.468 -4.476 10.099 
3 16 10.1 -4.318 4.881 10.514 -3.711 4.909 8.468 -4.476 10.099 
3 16 10.514 -3.711 4.909 11.073 -2.751 6.074 8.468 -4.476 10.099 
3 16 8.468 -4.476 10.099 11.073 -2.751 6.074 9.022 -3.595 11.38 
3 16 9.022 -3.595 11.38 11.073 -2.751 6.074 10.026 -1.236 13.075 
3 16 10.19 1.025 13.268 8.351 -3.246 13.984 10.026 -1.236 13.075 
3 16 8.351 -3.246 13.984 9.022 -3.595 11.38 10.026 -1.236 13.075 
3 16 5.041 -2.128 18.386 8.351 -3.246 13.984 5.096 0.111 18.457 
3 16 5.096 0.111 18.457 8.351 -3.246 13.984 8.603 2.547 14.514 
3 16 5.096 0.111 18.457 0 -2.307 21.38 5.041 -2.128 18.386 
3 16 5.041 -2.128 18.386 0 -2.307 21.38 1.318 -3.836 21.2 
3 16 0 -2.307 21.38 0 -5.38 21.467 1.318 -3.836 21.2 
3 16 1.318 -3.836 21.2 0 -5.38 21.467 1.29 -5.19 20.893 
3 16 2.471 -5.398 19.677 1.29 -5.19 20.893 1.953 -6.622 19.236 
3 16 1.953 -6.622 19.236 1.29 -5.19 20.893 -0.002 -6.756 19.842 
3 16 -0.002 -6.756 19.842 1.29 -5.19 20.893 0 -5.38 21.467 
3 16 2.471 -5.398 19.677 1.953 -6.622 19.236 4.328 -5.904 17.147 
3 16 4.328 -5.904 17.147 1.953 -6.622 19.236 3.438 -6.938 16.49 
3 16 4.328 -5.904 17.147 3.438 -6.938 16.49 6.492 -5.953 12.059 
3 16 6.492 -5.953 12.059 3.438 -6.938 16.49 5.195 -7.468 11.155 
3 16 6.492 -5.953 12.059 5.195 -7.468 11.155 8.468 -4.476 10.099 
3 16 8.468 -4.476 10.099 5.195 -7.468 11.155 8.1 -6.179 6.116 
3 16 8.468 -4.476 10.099 9.022 -3.595 11.38 6.83 -4.068 12.9 
3 16 6.83 -4.068 12.9 9.022 -3.595 11.38 8.351 -3.246 13.984 
3 16 5.041 -2.128 18.386 4.324 -3.508 16.683 8.351 -3.246 13.984 
3 16 8.351 -3.246 13.984 4.324 -3.508 16.683 6.83 -4.068 12.9 
3 16 5.041 -2.128 18.386 1.318 -3.836 21.2 4.324 -3.508 16.683 
3 16 1.318 -3.836 21.2 1.29 -5.19 20.893 4.324 -3.508 16.683 
3 16 1.29 -5.19 20.893 2.471 -5.398 19.677 4.324 -3.508 16.683 
3 16 2.471 -5.398 19.677 4.328 -5.904 17.147 4.324 -3.508 16.683 
3 16 4.324 -3.508 16.683 4.328 -5.904 17.147 6.83 -4.068 12.9 
3 16 6.83 -4.068 12.9 4.328 -5.904 17.147 6.492 -5.953 12.059 
3 16 6.492 -5.953 12.059 8.468 -4.476 10.099 6.83 -4.068 12.9 
3 16 4.473 9.541 15.256 2.989 12.062 14.887 0 8.752 15.507 
3 16 0 8.752 15.507 2.989 12.062 14.887 -0.117 11.542 15.167 
3 16 4.473 9.541 15.256 0 8.752 15.507 4.036 7.948 15.573 
3 16 4.036 7.948 15.573 0 8.752 15.507 1.489 6.063 15.98 
3 16 1.489 6.063 15.98 0 8.752 15.507 -1.489 6.063 15.98 
3 16 -4.473 9.541 15.256 -4.036 7.948 15.573 0 8.752 15.507 
3 16 -1.489 6.063 15.98 0 8.752 15.507 -4.036 7.948 15.573 
3 16 -14.167 18.224 7.578 -12.908 15.789 9.499 -12.751 17.433 9.064 
3 16 -11.534 14.517 11.826 -10.34 16.105 11.276 -12.908 15.789 9.499 
3 16 -12.908 15.789 9.499 -10.34 16.105 11.276 -12.751 17.433 9.064 
3 16 -8.644 18.892 13.417 -8.57 19.777 13.395 -9.533 19.732 11.98 
3 16 -6.069 15.804 15.075 -8.644 18.892 13.417 -9.475 18.307 11.967 
3 16 -9.475 18.307 11.967 -8.644 18.892 13.417 -9.533 19.732 11.98 
3 16 -6.069 15.804 15.075 -5.47 16.52 14.431 -8.644 18.892 13.417 
3 16 -8.644 18.892 13.417 -5.47 16.52 14.431 -8.57 19.777 13.395 
3 16 -9.475 18.307 11.967 -10.34 16.105 11.276 -6.069 15.804 15.075 
3 16 -10.34 16.105 11.276 -11.534 14.517 11.826 -6.069 15.804 15.075 
3 16 -6.749 12.19 17.427 -5.007 13.07 17.264 -11.534 14.517 11.826 
3 16 -5.007 13.07 17.264 -6.069 15.804 15.075 -11.534 14.517 11.826 
3 16 -6.069 15.804 15.075 -5.007 13.07 17.264 -5.47 16.52 14.431 
3 16 -5.47 16.52 14.431 -5.007 13.07 17.264 -3.012 11.988 14.86 
3 16 -15.22 17.478 1.959 -15.138 15.864 2.165 -14.96 18.32 4.762 
3 16 -15.138 15.864 2.165 -14.535 14.013 4.272 -14.96 18.32 4.762 
3 16 -14.96 18.32 4.762 -14.535 14.013 4.272 -14.167 18.224 7.578 
3 16 -14.167 18.224 7.578 -14.535 14.013 4.272 -12.908 15.789 9.499 
3 16 -14.535 14.013 4.272 -13.489 12.445 9.004 -12.908 15.789 9.499 
3 16 -13.489 12.445 9.004 -11.534 14.517 11.826 -12.908 15.789 9.499 
3 16 -13.489 12.445 9.004 -12.164 12.068 12.26 -11.534 14.517 11.826 
3 16 -11.534 14.517 11.826 -12.164 12.068 12.26 -6.749 12.19 17.427 
3 16 -12.164 12.068 12.26 -9.769 10.446 15.218 -6.749 12.19 17.427 
3 16 -4.473 9.541 15.256 -3.012 11.988 14.86 -6.171 9.845 16.015 
3 16 -3.012 11.988 14.86 -5.007 13.07 17.264 -6.171 9.845 16.015 
3 16 -5.007 13.07 17.264 -6.749 12.19 17.427 -6.171 9.845 16.015 
3 16 -6.749 12.19 17.427 -9.769 10.446 15.218 -6.171 9.845 16.015 
3 16 -9.769 10.446 15.218 -9.764 9.519 14.777 -6.171 9.845 16.015 
3 16 -9.764 9.519 14.777 -9.33 8.293 14.939 -6.171 9.845 16.015 
3 16 -6.171 9.845 16.015 -5.808 8.4 17.269 -4.473 9.541 15.256 
3 16 -4.473 9.541 15.256 -5.808 8.4 17.269 -4.036 7.948 15.573 
3 16 -5.808 8.4 17.269 -6.171 9.845 16.015 -8.024 6.482 16.776 
3 16 -8.024 6.482 16.776 -6.171 9.845 16.015 -9.33 8.293 14.939 
3 16 -5.808 8.4 17.269 -8.024 6.482 16.776 -3.982 6.238 19.967 
3 16 -3.982 6.238 19.967 -8.024 6.482 16.776 -4.999 3.953 20.108 
3 16 -5.808 8.4 17.269 -3.982 6.238 19.967 -4.036 7.948 15.573 
3 16 -4.036 7.948 15.573 -3.982 6.238 19.967 -1.489 6.063 15.98 
3 16 -1.489 6.063 15.98 -3.982 6.238 19.967 -1.515 4.894 17.59 
3 16 -1.515 4.894 17.59 -3.982 6.238 19.967 -3.181 2.509 17.876 
3 16 -3.181 2.509 17.876 -3.982 6.238 19.967 -4.999 3.953 20.108 
3 16 -12.164 12.068 12.26 -13.489 12.445 9.004 -13.737 6.687 8.094 
3 16 -14.535 14.013 4.272 -14.649 11.559 4.384 -13.489 12.445 9.004 
3 16 -13.737 6.687 8.094 -13.489 12.445 9.004 -14.781 8.44 4.434 
3 16 -14.958 10.358 3.165 -14.781 8.44 4.434 -14.649 11.559 4.384 
3 16 -14.781 8.44 4.434 -13.489 12.445 9.004 -14.649 11.559 4.384 
3 16 -3.894 2.472 17.148 -3.933 1.835 16.773 -3.181 2.509 17.876 
3 16 -3.181 2.509 17.876 -3.933 1.835 16.773 0 0.94 18.201 
3 16 -3.181 2.509 17.876 0 0.94 18.201 3.181 2.509 17.876 
3 16 0 0.94 18.201 3.933 1.835 16.773 3.181 2.509 17.876 
3 16 3.894 2.472 17.148 3.181 2.509 17.876 3.933 1.835 16.773 
3 16 -3.181 2.509 17.876 -4.999 3.953 20.108 -3.894 2.472 17.148 
3 16 -4.999 3.953 20.108 -8.024 6.482 16.776 -3.894 2.472 17.148 
3 16 -8.024 6.482 16.776 -7.637 4.557 14.345 -3.894 2.472 17.148 
3 16 -9.764 9.519 14.777 -10.469 6.241 12.853 -9.33 8.293 14.939 
3 16 -10.469 6.241 12.853 -7.637 4.557 14.345 -9.33 8.293 14.939 
3 16 -9.33 8.293 14.939 -7.637 4.557 14.345 -8.024 6.482 16.776 
3 16 -9.769 10.446 15.218 -12.164 12.068 12.26 -9.764 9.519 14.777 
3 16 -9.764 9.519 14.777 -12.164 12.068 12.26 -13.737 6.687 8.094 
3 16 -13.737 6.687 8.094 -10.895 6.105 12.369 -9.764 9.519 14.777 
3 16 -10.895 6.105 12.369 -10.469 6.241 12.853 -9.764 9.519 14.777 
3 16 -7.637 4.557 14.345 -7.899 3.773 14.183 -3.894 2.472 17.148 
3 16 -3.894 2.472 17.148 -7.899 3.773 14.183 -3.933 1.835 16.773 
3 16 -8.603 2.547 14.514 -7.899 3.773 14.183 -9.969 3.827 13.218 
3 16 -10.895 6.105 12.369 -9.969 3.827 13.218 -10.469 6.241 12.853 
3 16 -7.637 4.557 14.345 -10.469 6.241 12.853 -7.899 3.773 14.183 
3 16 -9.969 3.827 13.218 -7.899 3.773 14.183 -10.469 6.241 12.853 
3 16 -5.096 0.111 18.457 -3.933 1.835 16.773 -8.603 2.547 14.514 
3 16 -8.603 2.547 14.514 -3.933 1.835 16.773 -7.899 3.773 14.183 
3 16 0 -2.307 21.38 0 0.94 18.201 -5.096 0.111 18.457 
3 16 -5.096 0.111 18.457 0 0.94 18.201 -3.933 1.835 16.773 
3 16 -8.603 2.547 14.514 -8.351 -3.246 13.984 -5.096 0.111 18.457 
3 16 -5.096 0.111 18.457 -8.351 -3.246 13.984 -5.041 -2.128 18.386 
3 16 -5.096 0.111 18.457 -5.041 -2.128 18.386 0 -2.307 21.38 
3 16 0 -2.307 21.38 -5.041 -2.128 18.386 -1.318 -3.836 21.2 
3 16 -1.29 -5.19 20.893 0 -5.38 21.467 -1.318 -3.836 21.2 
3 16 -1.318 -3.836 21.2 0 -5.38 21.467 0 -2.307 21.38 
3 16 -2.471 -5.398 19.677 -1.957 -6.622 19.236 -1.29 -5.19 20.893 
3 16 -1.957 -6.622 19.236 -0.002 -6.756 19.842 -1.29 -5.19 20.893 
3 16 -0.002 -6.756 19.842 0 -5.38 21.467 -1.29 -5.19 20.893 
3 16 -2.471 -5.398 19.677 -4.328 -5.904 17.147 -1.957 -6.622 19.236 
3 16 -1.957 -6.622 19.236 -4.328 -5.904 17.147 -3.442 -6.938 16.49 
3 16 -4.328 -5.904 17.147 -6.492 -5.953 12.059 -3.442 -6.938 16.49 
3 16 -3.442 -6.938 16.49 -6.492 -5.953 12.059 -5.2 -7.468 11.155 
3 16 -8.104 -6.179 6.116 -5.2 -7.468 11.155 -8.468 -4.476 10.099 
3 16 -8.468 -4.476 10.099 -5.2 -7.468 11.155 -6.492 -5.953 12.059 
3 16 -2.471 -5.398 19.677 -4.324 -3.508 16.683 -4.328 -5.904 17.147 
3 16 -5.041 -2.128 18.386 -4.324 -3.508 16.683 -1.318 -3.836 21.2 
3 16 -1.29 -5.19 20.893 -1.318 -3.836 21.2 -2.471 -5.398 19.677 
3 16 -1.318 -3.836 21.2 -4.324 -3.508 16.683 -2.471 -5.398 19.677 
3 16 -4.324 -3.508 16.683 -6.83 -4.068 12.9 -4.328 -5.904 17.147 
3 16 -4.328 -5.904 17.147 -6.83 -4.068 12.9 -6.492 -5.953 12.059 
3 16 -6.83 -4.068 12.9 -4.324 -3.508 16.683 -8.351 -3.246 13.984 
3 16 -8.351 -3.246 13.984 -4.324 -3.508 16.683 -5.041 -2.128 18.386 
3 16 -8.351 -3.246 13.984 -8.468 -4.476 10.099 -6.83 -4.068 12.9 
3 16 -4.473 9.541 15.256 0 8.752 15.507 -3.012 11.988 14.86 
3 16 -3.012 11.988 14.86 0 8.752 15.507 -0.117 11.542 15.167 
3 16 -8.468 -4.476 10.099 -6.492 -5.953 12.059 -6.83 -4.068 12.9 
3 16 -13.737 6.687 8.094 -13.128 3.828 9.212 -10.895 6.105 12.369 
3 16 -10.194 1.025 13.268 -9.969 3.827 13.218 -13.128 3.828 9.212 
3 16 -13.128 3.828 9.212 -9.969 3.827 13.218 -10.895 6.105 12.369 
3 16 -9.969 3.827 13.218 -10.194 1.025 13.268 -8.603 2.547 14.514 
3 16 -8.603 2.547 14.514 -10.194 1.025 13.268 -8.351 -3.246 13.984 
3 16 -8.104 -6.179 6.116 -8.468 -4.476 10.099 -10.519 -3.711 4.909 
3 16 -10.519 -3.711 4.909 -8.468 -4.476 10.099 -11.077 -2.751 6.074 
3 16 -11.077 -2.751 6.074 -8.468 -4.476 10.099 -10.03 -1.236 13.075 
3 16 -10.194 1.025 13.268 -10.03 -1.236 13.075 -8.351 -3.246 13.984 
3 16 -8.468 -4.476 10.099 -8.351 -3.246 13.984 -10.03 -1.236 13.075 
3 16 9.529 19.732 11.98 8.27 18.054 13.89 9.521 16.945 11.929 
3 16 9.521 16.945 11.929 8.27 18.054 13.89 9.643 13.992 14.145 
2 24 15.138 17.975 2.305 13.84 18.142 7.852 
2 24 14.935 15.13 2.872 15.138 17.975 2.305 
2 24 13.84 18.142 7.852 13.501 16.676 8.709 
2 24 14.531 14.013 4.272 14.935 15.13 2.872 
2 24 13.501 16.676 8.709 12.183 15.024 10.674 
2 24 14.777 8.44 4.434 14.953 10.358 3.165 
2 24 14.953 10.358 3.165 14.645 11.559 4.384 
2 24 14.645 11.559 4.384 14.531 14.013 4.272 
2 24 13.84 18.142 7.852 11.696 16.015 10.432 
2 24 9.643 13.992 14.145 12.183 15.024 10.674 
2 24 11.696 16.015 10.432 9.521 16.945 11.929 
2 24 9.529 19.732 11.98 9.21 20.056 12.728 
2 24 8.27 18.054 13.89 9.529 19.732 11.98 
2 24 9.21 20.056 12.728 7.333 19.058 14.082 
2 24 6.069 15.804 15.075 8.27 18.054 13.89 
2 24 7.333 19.058 14.082 5.047 15.91 14.623 
2 24 6.749 12.19 17.427 9.643 13.992 14.145 
2 24 6.069 15.804 15.075 5.007 13.07 17.264 
2 24 5.047 15.91 14.623 2.989 12.062 14.887 
2 24 2.989 12.062 14.887 5.007 13.07 17.264 
2 24 10.929 11.455 14.012 13.984 13.14 7.041 
2 24 9.769 10.446 15.218 10.929 11.455 14.012 
2 24 2.989 12.062 14.887 4.473 9.541 15.256 
2 24 6.171 9.845 16.015 6.749 12.19 17.427 
2 24 9.33 8.293 14.939 9.769 10.446 15.218 
2 24 5.808 8.4 17.269 6.171 9.845 16.015 
2 24 4.473 9.541 15.256 4.036 7.948 15.573 
2 24 8.024 6.482 16.776 9.33 8.293 14.939 
2 24 4.999 3.953 20.108 8.024 6.482 16.776 
2 24 5.808 8.4 17.269 3.982 6.238 19.967 
2 24 1.515 4.894 17.59 3.982 6.238 19.967 
2 24 4.036 7.948 15.573 1.489 6.063 15.98 
2 24 -1.515 4.894 17.59 1.515 4.894 17.59 
2 24 1.489 6.063 15.98 -1.489 6.063 15.98 
2 24 3.181 2.509 17.876 4.999 3.953 20.108 
2 24 1.515 4.894 17.59 3.181 2.509 17.876 
2 24 -1.515 4.894 17.59 -3.181 2.509 17.876 
2 24 3.181 2.509 17.876 3.894 2.472 17.148 
2 24 3.894 2.472 17.148 7.637 4.557 14.345 
2 24 8.889 5.4 13.649 10.256 4.87 12.966 
2 24 7.637 4.557 14.345 8.889 5.4 13.649 
2 24 13.532 6.631 8.249 14.777 8.44 4.434 
2 24 13.247 4.378 8.922 13.532 6.631 8.249 
2 24 3.933 1.835 16.773 7.899 3.773 14.183 
2 24 9.296 3.083 13.827 10.256 4.87 12.966 
2 24 8.603 2.547 14.514 9.296 3.083 13.827 
2 24 5.096 0.111 18.457 8.603 2.547 14.514 
2 24 3.933 1.835 16.773 0 0.94 18.201 
2 24 0 -2.307 21.38 5.096 0.111 18.457 
2 24 10.19 1.025 13.268 13.247 4.378 8.922 
2 24 8.1 -6.179 6.116 10.1 -4.318 4.881 
2 24 10.1 -4.318 4.881 10.514 -3.711 4.909 
2 24 10.514 -3.711 4.909 11.073 -2.751 6.074 
2 24 9.022 -3.595 11.38 8.468 -4.476 10.099 
2 24 11.073 -2.751 6.074 10.026 -1.236 13.075 
2 24 10.026 -1.236 13.075 10.19 1.025 13.268 
2 24 8.351 -3.246 13.984 9.022 -3.595 11.38 
2 24 5.041 -2.128 18.386 8.351 -3.246 13.984 
2 24 1.318 -3.836 21.2 5.041 -2.128 18.386 
2 24 1.29 -5.19 20.893 1.318 -3.836 21.2 
2 24 2.471 -5.398 19.677 1.29 -5.19 20.893 
2 24 -0.002 -6.756 19.842 1.953 -6.622 19.236 
2 24 4.328 -5.904 17.147 2.471 -5.398 19.677 
2 24 1.953 -6.622 19.236 3.438 -6.938 16.49 
2 24 6.492 -5.953 12.059 4.328 -5.904 17.147 
2 24 3.438 -6.938 16.49 5.195 -7.468 11.155 
2 24 8.468 -4.476 10.099 6.492 -5.953 12.059 
2 24 5.195 -7.468 11.155 8.1 -6.179 6.116 
2 24 2.989 12.062 14.887 -0.117 11.542 15.167 
2 24 -4.473 9.541 15.256 -4.036 7.948 15.573 
2 24 -4.036 7.948 15.573 -1.489 6.063 15.98 
2 24 -14.167 18.224 7.578 -12.908 15.789 9.499 
2 24 -12.751 17.433 9.064 -14.167 18.224 7.578 
2 24 -12.908 15.789 9.499 -11.534 14.517 11.826 
2 24 -10.34 16.105 11.276 -12.751 17.433 9.064 
2 24 -8.57 19.777 13.395 -9.533 19.732 11.98 
2 24 -9.533 19.732 11.98 -8.644 18.892 13.417 
2 24 -6.069 15.804 15.075 -8.644 18.892 13.417 
2 24 -9.533 19.732 11.98 -9.475 18.307 11.967 
2 24 -5.47 16.52 14.431 -8.57 19.777 13.395 
2 24 -9.475 18.307 11.967 -10.34 16.105 11.276 
2 24 -11.534 14.517 11.826 -6.749 12.19 17.427 
2 24 -5.007 13.07 17.264 -6.069 15.804 15.075 
2 24 -5.007 13.07 17.264 -3.012 11.988 14.86 
2 24 -3.012 11.988 14.86 -5.47 16.52 14.431 
2 24 -15.22 17.478 1.959 -15.138 15.864 2.165 
2 24 -14.96 18.32 4.762 -15.22 17.478 1.959 
2 24 -15.138 15.864 2.165 -14.535 14.013 4.272 
2 24 -14.167 18.224 7.578 -14.96 18.32 4.762 
2 24 -13.489 12.445 9.004 -12.164 12.068 12.26 
2 24 -12.164 12.068 12.26 -9.769 10.446 15.218 
2 24 -4.473 9.541 15.256 -3.012 11.988 14.86 
2 24 -6.749 12.19 17.427 -6.171 9.845 16.015 
2 24 -9.769 10.446 15.218 -9.764 9.519 14.777 
2 24 -9.764 9.519 14.777 -9.33 8.293 14.939 
2 24 -6.171 9.845 16.015 -5.808 8.4 17.269 
2 24 -9.33 8.293 14.939 -8.024 6.482 16.776 
2 24 -3.982 6.238 19.967 -5.808 8.4 17.269 
2 24 -8.024 6.482 16.776 -4.999 3.953 20.108 
2 24 -3.982 6.238 19.967 -1.515 4.894 17.59 
2 24 -4.999 3.953 20.108 -3.181 2.509 17.876 
2 24 -14.535 14.013 4.272 -14.649 11.559 4.384 
2 24 -14.781 8.44 4.434 -13.737 6.687 8.094 
2 24 -14.958 10.358 3.165 -14.781 8.44 4.434 
2 24 -14.649 11.559 4.384 -14.958 10.358 3.165 
2 24 -3.181 2.509 17.876 -3.894 2.472 17.148 
2 24 -3.933 1.835 16.773 0 0.94 18.201 
2 24 -7.637 4.557 14.345 -3.894 2.472 17.148 
2 24 -10.469 6.241 12.853 -7.637 4.557 14.345 
2 24 -10.895 6.105 12.369 -10.469 6.241 12.853 
2 24 -7.899 3.773 14.183 -3.933 1.835 16.773 
2 24 -9.969 3.827 13.218 -8.603 2.547 14.514 
2 24 -10.895 6.105 12.369 -9.969 3.827 13.218 
2 24 -8.603 2.547 14.514 -5.096 0.111 18.457 
2 24 -5.096 0.111 18.457 0 -2.307 21.38 
2 24 -8.351 -3.246 13.984 -5.041 -2.128 18.386 
2 24 -5.041 -2.128 18.386 -1.318 -3.836 21.2 
2 24 -1.318 -3.836 21.2 -1.29 -5.19 20.893 
2 24 -1.29 -5.19 20.893 -2.471 -5.398 19.677 
2 24 -1.957 -6.622 19.236 -0.002 -6.756 19.842 
2 24 -2.471 -5.398 19.677 -4.328 -5.904 17.147 
2 24 -3.442 -6.938 16.49 -1.957 -6.622 19.236 
2 24 -4.328 -5.904 17.147 -6.492 -5.953 12.059 
2 24 -5.2 -7.468 11.155 -3.442 -6.938 16.49 
2 24 -8.104 -6.179 6.116 -5.2 -7.468 11.155 
2 24 -6.492 -5.953 12.059 -8.468 -4.476 10.099 
2 24 -8.351 -3.246 13.984 -8.468 -4.476 10.099 
2 24 -0.117 11.542 15.167 -3.012 11.988 14.86 
2 24 -13.737 6.687 8.094 -13.128 3.828 9.212 
2 24 -13.128 3.828 9.212 -10.194 1.025 13.268 
2 24 -10.519 -3.711 4.909 -8.104 -6.179 6.116 
2 24 -11.077 -2.751 6.074 -10.519 -3.711 4.909 
2 24 -10.03 -1.236 13.075 -11.077 -2.751 6.074 
2 24 -10.194 1.025 13.268 -10.03 -1.236 13.075 
2 24 9.521 16.945 11.929 9.529 19.732 11.98 

