0 MACE NO. 1 (Needs Work)
0 Name: 24084.dat
0 Author: <AuthorRealName> [<AuthorLDrawName>]
0 !LDRAW_ORG Unofficial_Part
0 !LICENSE Redistributable under CCAL version 2.0 : see CAreadme.txt

0 BFC CERTIFY CCW

0 !HISTORY 2016-03-18 {LEGO Digital Designer} Original part shape
0 !HISTORY 2016-03-18 [<AuthorLDrawName>] File preparation for LDraw Parts Tracker

0 // Needs Work: Clean necessary

0 // Outside
3 16 -8.42 -3.374 -2.181 -16.129 -1.83 -0.759 -8.124 -2.734 0 
3 16 -16.129 -1.83 -0.759 -16.027 -1.607 0 -8.124 -2.734 0 
3 16 -9.197 -5.055 -3.538 -16.398 -2.415 -1.231 -8.42 -3.374 -2.181 
3 16 -16.398 -2.415 -1.231 -16.129 -1.83 -0.759 -8.42 -3.374 -2.181 
3 16 -10.163 -7.146 -3.549 -16.733 -3.143 -1.235 -9.197 -5.055 -3.538 
3 16 -16.733 -3.143 -1.235 -16.398 -2.415 -1.231 -9.197 -5.055 -3.538 
3 16 -10.949 -8.847 -2.199 -17.006 -3.736 -0.766 -10.163 -7.146 -3.549 
3 16 -17.006 -3.736 -0.766 -16.733 -3.143 -1.235 -10.163 -7.146 -3.549 
3 16 -11.25 -9.499 0 -17.11 -3.964 0 -10.949 -8.847 -2.199 
3 16 -17.11 -3.964 0 -17.006 -3.736 -0.766 -10.949 -8.847 -2.199 
3 16 -5.934 -1.83 -3.965 -6.922 -1.675 0 -3.464 0 -2 
3 16 -6.922 -1.675 0 -4 0 0 -3.464 0 -2 
3 16 -1.392 -1.83 -7 0 0 -4 1.129 -2.566 -7.882 
3 16 1.129 -2.566 -7.882 0 0 -4 3.03 -1.993 -6.698 
3 16 3.03 -1.993 -6.698 0 0 -4 2 0 -3.464 
3 16 6.594 -1.83 -2.731 5.183 -2.66 -6.178 3.464 0 -2 
3 16 3.464 0 -2 5.183 -2.66 -6.178 2 0 -3.464 
3 16 2 0 -3.464 5.183 -2.66 -6.178 3.03 -1.993 -6.698 
3 16 7.137 -1.83 0 6.594 -1.83 -2.731 4 0 0 
3 16 6.594 -1.83 -2.731 3.464 0 -2 4 0 0 
3 16 -3.965 -1.83 -5.934 -5.934 -1.83 -3.965 -2 0 -3.464 
3 16 -5.934 -1.83 -3.965 -3.464 0 -2 -2 0 -3.464 
3 16 -5.388 -4.95 -8.114 -8.023 -4.827 -5.391 -3.965 -1.83 -5.934 
3 16 -8.023 -4.827 -5.391 -5.934 -1.83 -3.965 -3.965 -1.83 -5.934 
3 16 -3.965 -1.83 -5.934 -1.392 -1.83 -7 -5.388 -4.95 -8.114 
3 16 -1.392 -1.83 -7 -1.936 -5.143 -9.673 -5.388 -4.95 -8.114 
3 16 9.079 -3.919 0 8.338 -3.798 -3.305 7.137 -1.83 0 
3 16 8.338 -3.798 -3.305 6.594 -1.83 -2.731 7.137 -1.83 0 
3 16 7.167 -6.323 -7.601 6.764 -4.315 -6.523 9.765 -6.549 -3.849 
3 16 6.764 -4.315 -6.523 8.338 -3.798 -3.305 9.765 -6.549 -3.849 
3 16 10.467 -6.448 0 9.765 -6.549 -3.849 9.079 -3.919 0 
3 16 9.765 -6.549 -3.849 8.338 -3.798 -3.305 9.079 -3.919 0 
3 16 -5.796 -8.375 -9.365 -9.002 -7.617 -6.013 -5.388 -4.95 -8.114 
3 16 -9.002 -7.617 -6.013 -8.023 -4.827 -5.391 -5.388 -4.95 -8.114 
3 16 -1.936 -5.143 -9.673 -2.691 -9.048 -10.852 -5.388 -4.95 -8.114 
3 16 -2.691 -9.048 -10.852 -4.727 -9.954 -10.213 -5.388 -4.95 -8.114 
3 16 -5.388 -4.95 -8.114 -4.727 -9.954 -10.213 -5.796 -8.375 -9.365 
3 16 11.142 -9.038 0 10.994 -9.742 -2.21 10.467 -6.448 0 
3 16 10.994 -9.742 -2.21 9.765 -6.549 -3.849 10.467 -6.448 0 
3 16 -5.796 -8.375 -9.365 -6.817 -11.701 -8.859 -9.002 -7.617 -6.013 
3 16 -6.817 -11.701 -8.859 -9.309 -11.629 -6.22 -9.002 -7.617 -6.013 
3 16 -11.25 -9.499 0 -10.949 -8.847 -2.199 -11.196 -11.629 0 
3 16 -10.949 -8.847 -2.199 -10.344 -11.629 -4.284 -11.196 -11.629 0 
3 16 6.887 -13.53 -8.287 1.449 -13.472 -10.736 7.137 -10.894 -8.597 
3 16 1.449 -13.472 -10.736 1.123 -11.225 -11.175 7.137 -10.894 -8.597 
3 16 -10.344 -11.629 -4.284 -9.602 -14.832 -3.977 -11.196 -11.629 0 
3 16 -9.602 -14.832 -3.977 -10.394 -14.832 0 -11.196 -11.629 0 
3 16 -9.309 -11.629 -6.22 -8.642 -14.832 -5.774 -10.344 -11.629 -4.284 
3 16 -8.642 -14.832 -5.774 -9.602 -14.832 -3.977 -10.344 -11.629 -4.284 
3 16 -9.309 -11.629 -6.22 -6.817 -11.701 -8.859 -8.642 -14.832 -5.774 
3 16 -6.817 -11.701 -8.859 -6.116 -14.883 -8.338 -8.642 -14.832 -5.774 
3 16 0.399 -15.421 -10.071 1.449 -13.472 -10.736 2.402 -17.502 -8.525 
3 16 2.402 -17.502 -8.525 1.449 -13.472 -10.736 4.591 -17.102 -7.927 
3 16 6.887 -13.53 -8.287 5.789 -16.248 -7.685 1.449 -13.472 -10.736 
3 16 5.789 -16.248 -7.685 4.591 -17.102 -7.927 1.449 -13.472 -10.736 
3 16 3.704 -20.985 -2.075 5.638 -19.922 -2.709 4.305 -20.92 0 
3 16 4.305 -20.92 0 5.638 -19.922 -2.709 8.373 -18.008 0 
3 16 8.373 -18.008 0 5.638 -19.922 -2.709 8.231 -17.54 -3.008 
3 16 5.638 -19.922 -2.709 6.588 -18.6 -4.33 8.231 -17.54 -3.008 
3 16 6.588 -18.6 -4.33 6.19 -17.523 -6.323 8.231 -17.54 -3.008 
3 16 8.231 -17.54 -3.008 6.19 -17.523 -6.323 5.789 -16.248 -7.685 
3 16 5.789 -16.248 -7.685 6.19 -17.523 -6.323 4.591 -17.102 -7.927 
3 16 -9.602 -14.832 -3.977 -8.642 -14.832 -5.774 -8.602 -17.519 -2.2 
3 16 -8.602 -17.519 -2.2 -8.642 -14.832 -5.774 -7.066 -18.587 -3.561 
3 16 -6.116 -14.883 -8.338 -4.958 -16.653 -8.006 -8.642 -14.832 -5.774 
3 16 -4.958 -16.653 -8.006 -7.066 -18.587 -3.561 -8.642 -14.832 -5.774 
3 16 -7.066 -18.587 -3.561 -4.958 -16.653 -8.006 -5.166 -19.909 -3.561 
3 16 -5.166 -19.909 -3.561 -4.958 -16.653 -8.006 -3.472 -19.881 -5.197 
3 16 0 -21.777 0 -3.472 -19.881 -5.197 -0.08 -20.971 -4.265 
3 16 -3.472 -19.881 -5.197 -0.486 -19.896 -6.259 -0.08 -20.971 -4.265 
3 16 -3.042 -21.387 0 -3.629 -20.979 -2.201 0 -21.777 0 
3 16 0 -21.777 0 -3.629 -20.979 -2.201 -3.472 -19.881 -5.197 
3 16 -3.472 -19.881 -5.197 -3.629 -20.979 -2.201 -5.166 -19.909 -3.561 
3 16 -4 -10.034 0 -3.464 -10.034 -2 -4 0 0 
3 16 -3.464 -10.034 -2 -3.464 0 -2 -4 0 0 
3 16 -3.464 -10.034 -2 -2 -10.034 -3.464 -3.464 0 -2 
3 16 -2 -10.034 -3.464 -2 0 -3.464 -3.464 0 -2 
3 16 -2 -10.034 -3.464 0 -10.034 -4 -2 0 -3.464 
3 16 0 -10.034 -4 0 0 -4 -2 0 -3.464 
3 16 0 -10.034 -4 2 -10.034 -3.464 0 0 -4 
3 16 2 -10.034 -3.464 2 0 -3.464 0 0 -4 
3 16 2 -10.034 -3.464 3.464 -10.034 -2 2 0 -3.464 
3 16 3.464 -10.034 -2 3.464 0 -2 2 0 -3.464 
3 16 3.464 -10.034 -2 4 -10.034 0 3.464 0 -2 
3 16 4 -10.034 0 4 0 0 3.464 0 -2 
3 16 0 -10.034 0 -3.464 -10.034 -2 -4 -10.034 0 
3 16 0 -10.034 0 -2 -10.034 -3.464 -3.464 -10.034 -2 
3 16 0 -10.034 0 0 -10.034 -4 -2 -10.034 -3.464 
3 16 0 -10.034 0 2 -10.034 -3.464 0 -10.034 -4 
3 16 0 -10.034 0 3.464 -10.034 -2 2 -10.034 -3.464 
3 16 3.464 -10.034 -2 0 -10.034 0 4 -10.034 0 
3 16 -11.363 -24.915 -0.772 -11.569 -24.771 0 -8.602 -17.519 -2.2 
3 16 -11.569 -24.771 0 -9.189 -17.11 0 -8.602 -17.519 -2.2 
3 16 -8.602 -17.519 -2.2 -7.066 -18.587 -3.561 -11.363 -24.915 -0.772 
3 16 -7.066 -18.587 -3.561 -10.825 -25.292 -1.249 -11.363 -24.915 -0.772 
3 16 -10.16 -25.757 -1.249 -10.825 -25.292 -1.249 -5.166 -19.909 -3.561 
3 16 -10.825 -25.292 -1.249 -7.066 -18.587 -3.561 -5.166 -19.909 -3.561 
3 16 -5.166 -19.909 -3.561 -3.629 -20.979 -2.201 -10.16 -25.757 -1.249 
3 16 -3.629 -20.979 -2.201 -9.622 -26.133 -0.771 -10.16 -25.757 -1.249 
3 16 -9.417 -26.277 0 -9.622 -26.133 -0.771 -3.042 -21.387 0 
3 16 -9.622 -26.133 -0.771 -3.629 -20.979 -2.201 -3.042 -21.387 0 
3 16 -0.08 -20.971 -4.265 4.123 -26.061 -8.663 1.521 -21.386 -2.668 
3 16 4.123 -26.061 -8.663 4.694 -26.212 -8.101 1.521 -21.386 -2.668 
3 16 -0.486 -19.896 -6.259 3.984 -25.686 -9.374 -0.08 -20.971 -4.265 
3 16 3.984 -25.686 -9.374 4.123 -26.061 -8.663 -0.08 -20.971 -4.265 
3 16 4.329 -25.233 -9.955 3.984 -25.686 -9.374 0.461 -18.57 -7.888 
3 16 3.984 -25.686 -9.374 -0.486 -19.896 -6.259 0.461 -18.57 -7.888 
3 16 5.02 -24.877 -10.185 4.329 -25.233 -9.955 2.402 -17.502 -8.525 
3 16 4.329 -25.233 -9.955 0.461 -18.57 -7.888 2.402 -17.502 -8.525 
3 16 5.79 -24.754 -9.979 5.02 -24.877 -10.185 4.591 -17.102 -7.927 
3 16 5.02 -24.877 -10.185 2.402 -17.502 -8.525 4.591 -17.102 -7.927 
3 16 6.348 -24.906 -9.422 5.79 -24.754 -9.979 6.19 -17.523 -6.323 
3 16 5.79 -24.754 -9.979 4.591 -17.102 -7.927 6.19 -17.523 -6.323 
3 16 6.487 -25.275 -8.723 6.348 -24.906 -9.422 6.588 -18.6 -4.33 
3 16 6.348 -24.906 -9.422 6.19 -17.523 -6.323 6.588 -18.6 -4.33 
3 16 5.638 -19.922 -2.709 6.154 -25.723 -8.144 6.588 -18.6 -4.33 
3 16 6.154 -25.723 -8.144 6.487 -25.275 -8.723 6.588 -18.6 -4.33 
3 16 3.704 -20.985 -2.075 5.47 -26.082 -7.905 5.638 -19.922 -2.709 
3 16 5.47 -26.082 -7.905 6.154 -25.723 -8.144 5.638 -19.922 -2.709 
3 16 1.521 -21.386 -2.668 4.694 -26.212 -8.101 3.704 -20.985 -2.075 
3 16 4.694 -26.212 -8.101 5.47 -26.082 -7.905 3.704 -20.985 -2.075 
3 16 5.792 -2.333 -15.35 6.539 -2.569 -15.168 2.185 -7.813 -10.697 
3 16 6.539 -2.569 -15.168 4.335 -8.483 -10.18 2.185 -7.813 -10.697 
3 16 5.242 -1.759 -15.229 5.792 -2.333 -15.35 0.609 -6.162 -10.352 
3 16 5.792 -2.333 -15.35 2.185 -7.813 -10.697 0.609 -6.162 -10.352 
3 16 0.206 -4.158 -9.278 5.098 -1.063 -14.851 0.239 -5.156 -9.885 
3 16 5.098 -1.063 -14.851 5.242 -1.759 -15.229 0.239 -5.156 -9.885 
3 16 0.239 -5.156 -9.885 5.242 -1.759 -15.229 0.609 -6.162 -10.352 
3 16 1.129 -2.566 -7.882 5.416 -0.51 -14.358 0.206 -4.158 -9.278 
3 16 5.416 -0.51 -14.358 5.098 -1.063 -14.851 0.206 -4.158 -9.278 
3 16 3.03 -1.993 -6.698 6.077 -0.312 -13.937 1.129 -2.566 -7.882 
3 16 6.077 -0.312 -13.937 5.416 -0.51 -14.358 1.129 -2.566 -7.882 
3 16 5.183 -2.66 -6.178 6.83 -0.546 -13.751 3.03 -1.993 -6.698 
3 16 6.83 -0.546 -13.751 6.077 -0.312 -13.937 3.03 -1.993 -6.698 
3 16 7.384 -1.126 -13.873 6.83 -0.546 -13.751 6.764 -4.315 -6.523 
3 16 6.83 -0.546 -13.751 5.183 -2.66 -6.178 6.764 -4.315 -6.523 
3 16 7.525 -1.826 -14.255 7.384 -1.126 -13.873 7.167 -6.323 -7.601 
3 16 7.384 -1.126 -13.873 6.764 -4.315 -6.523 7.167 -6.323 -7.601 
3 16 7.201 -2.377 -14.75 7.525 -1.826 -14.255 6.238 -7.915 -8.998 
3 16 7.525 -1.826 -14.255 7.167 -6.323 -7.601 6.238 -7.915 -8.998 
3 16 6.539 -2.569 -15.168 7.201 -2.377 -14.75 4.335 -8.483 -10.18 
3 16 7.201 -2.377 -14.75 6.238 -7.915 -8.998 4.335 -8.483 -10.18 
3 16 -2.523 -13.835 -17.814 -3.075 -13.236 -17.821 1.123 -11.225 -11.175 
3 16 -3.075 -13.236 -17.821 -0.457 -9.535 -11.219 1.123 -11.225 -11.175 
3 16 -2.416 -14.628 -17.674 -2.523 -13.835 -17.814 1.449 -13.472 -10.736 
3 16 -2.523 -13.835 -17.814 1.123 -11.225 -11.175 1.449 -13.472 -10.736 
3 16 -2.791 -15.31 -17.457 -2.416 -14.628 -17.674 0.399 -15.421 -10.071 
3 16 -2.416 -14.628 -17.674 1.449 -13.472 -10.736 0.399 -15.421 -10.071 
3 16 -1.631 -16.331 -9.432 -3.502 -15.627 -17.245 0.399 -15.421 -10.071 
3 16 -3.502 -15.627 -17.245 -2.791 -15.31 -17.457 0.399 -15.421 -10.071 
3 16 -3.867 -15.852 -9.063 -4.28 -15.46 -17.117 -1.631 -16.331 -9.432 
3 16 -4.28 -15.46 -17.117 -3.502 -15.627 -17.245 -1.631 -16.331 -9.432 
3 16 -5.454 -14.163 -9.106 -4.833 -14.872 -17.122 -3.867 -15.852 -9.063 
3 16 -4.833 -14.872 -17.122 -4.28 -15.46 -17.117 -3.867 -15.852 -9.063 
3 16 -5.784 -11.909 -9.545 -4.95 -14.081 -17.259 -5.454 -14.163 -9.106 
3 16 -4.95 -14.081 -17.259 -4.833 -14.872 -17.122 -5.454 -14.163 -9.106 
3 16 -4.727 -9.954 -10.213 -4.58 -13.389 -17.477 -5.784 -11.909 -9.545 
3 16 -4.58 -13.389 -17.477 -4.95 -14.081 -17.259 -5.784 -11.909 -9.545 
3 16 -3.863 -13.065 -17.692 -4.58 -13.389 -17.477 -2.691 -9.048 -10.852 
3 16 -4.58 -13.389 -17.477 -4.727 -9.954 -10.213 -2.691 -9.048 -10.852 
3 16 -3.075 -13.236 -17.821 -3.863 -13.065 -17.692 -0.457 -9.535 -11.219 
3 16 -3.863 -13.065 -17.692 -2.691 -9.048 -10.852 -0.457 -9.535 -11.219 
3 16 6.238 -7.915 -8.998 7.167 -6.323 -7.601 7.137 -10.894 -8.597 
3 16 7.167 -6.323 -7.601 10.607 -11.582 -3.572 7.137 -10.894 -8.597 
3 16 7.167 -6.323 -7.601 9.765 -6.549 -3.849 10.607 -11.582 -3.572 
3 16 10.607 -11.582 -3.572 9.765 -6.549 -3.849 10.994 -9.742 -2.21 
3 16 9.597 -16.383 0 8.373 -18.008 0 9.744 -15.684 -2.202 
3 16 8.373 -18.008 0 8.231 -17.54 -3.008 9.744 -15.684 -2.202 
3 16 9.744 -15.684 -2.202 17.665 -15.383 -0.769 9.597 -16.383 0 
3 16 17.665 -15.383 -0.769 17.614 -15.627 0 9.597 -16.383 0 
3 16 10.129 -13.852 -3.567 17.797 -14.744 -1.246 9.744 -15.684 -2.202 
3 16 17.797 -14.744 -1.246 17.665 -15.383 -0.769 9.744 -15.684 -2.202 
3 16 10.607 -11.582 -3.572 17.961 -13.95 -1.248 10.129 -13.852 -3.567 
3 16 17.961 -13.95 -1.248 17.797 -14.744 -1.246 10.129 -13.852 -3.567 
3 16 10.994 -9.742 -2.21 18.094 -13.306 -0.773 10.607 -11.582 -3.572 
3 16 18.094 -13.306 -0.773 17.961 -13.95 -1.248 10.607 -11.582 -3.572 
3 16 11.142 -9.038 0 18.145 -13.059 0 10.994 -9.742 -2.21 
3 16 18.145 -13.059 0 18.094 -13.306 -0.773 10.994 -9.742 -2.21 
3 16 -5.784 -11.909 -9.545 -6.817 -11.701 -8.859 -4.727 -9.954 -10.213 
3 16 -6.817 -11.701 -8.859 -5.796 -8.375 -9.365 -4.727 -9.954 -10.213 
3 16 -3.867 -15.852 -9.063 -4.958 -16.653 -8.006 -5.454 -14.163 -9.106 
3 16 -4.958 -16.653 -8.006 -6.116 -14.883 -8.338 -5.454 -14.163 -9.106 
3 16 -6.116 -14.883 -8.338 -6.817 -11.701 -8.859 -5.454 -14.163 -9.106 
3 16 -5.454 -14.163 -9.106 -6.817 -11.701 -8.859 -5.784 -11.909 -9.545 
3 16 6.594 -1.83 -2.731 8.338 -3.798 -3.305 5.183 -2.66 -6.178 
3 16 8.338 -3.798 -3.305 6.764 -4.315 -6.523 5.183 -2.66 -6.178 
3 16 1.123 -11.225 -11.175 4.335 -8.483 -10.18 7.137 -10.894 -8.597 
3 16 7.137 -10.894 -8.597 4.335 -8.483 -10.18 6.238 -7.915 -8.998 
3 16 1.123 -11.225 -11.175 -0.457 -9.535 -11.219 4.335 -8.483 -10.18 
3 16 4.335 -8.483 -10.18 -0.457 -9.535 -11.219 2.185 -7.813 -10.697 
3 16 -1.936 -5.143 -9.673 0.239 -5.156 -9.885 -2.691 -9.048 -10.852 
3 16 0.239 -5.156 -9.885 0.609 -6.162 -10.352 -2.691 -9.048 -10.852 
3 16 -2.691 -9.048 -10.852 0.609 -6.162 -10.352 -0.457 -9.535 -11.219 
3 16 -0.457 -9.535 -11.219 0.609 -6.162 -10.352 2.185 -7.813 -10.697 
3 16 0.239 -5.156 -9.885 -1.936 -5.143 -9.673 0.206 -4.158 -9.278 
3 16 -1.936 -5.143 -9.673 -1.392 -1.83 -7 0.206 -4.158 -9.278 
3 16 0.206 -4.158 -9.278 -1.392 -1.83 -7 1.129 -2.566 -7.882 
3 16 -9.002 -7.617 -6.013 -9.309 -11.629 -6.22 -10.163 -7.146 -3.549 
3 16 -10.163 -7.146 -3.549 -9.309 -11.629 -6.22 -10.949 -8.847 -2.199 
3 16 -10.949 -8.847 -2.199 -9.309 -11.629 -6.22 -10.344 -11.629 -4.284 
3 16 -10.163 -7.146 -3.549 -9.197 -5.055 -3.538 -9.002 -7.617 -6.013 
3 16 -9.197 -5.055 -3.538 -8.023 -4.827 -5.391 -9.002 -7.617 -6.013 
3 16 -9.197 -5.055 -3.538 -8.42 -3.374 -2.181 -8.023 -4.827 -5.391 
3 16 -8.42 -3.374 -2.181 -5.934 -1.83 -3.965 -8.023 -4.827 -5.391 
3 16 -8.42 -3.374 -2.181 -6.922 -1.675 0 -5.934 -1.83 -3.965 
3 16 -8.124 -2.734 0 -6.922 -1.675 0 -8.42 -3.374 -2.181 
3 16 2.402 -17.502 -8.525 0.461 -18.57 -7.888 0.399 -15.421 -10.071 
3 16 0.399 -15.421 -10.071 0.461 -18.57 -7.888 -1.631 -16.331 -9.432 
3 16 0.461 -18.57 -7.888 -0.486 -19.896 -6.259 -1.631 -16.331 -9.432 
3 16 -0.486 -19.896 -6.259 -3.472 -19.881 -5.197 -1.631 -16.331 -9.432 
3 16 -3.472 -19.881 -5.197 -4.958 -16.653 -8.006 -1.631 -16.331 -9.432 
3 16 -4.958 -16.653 -8.006 -3.867 -15.852 -9.063 -1.631 -16.331 -9.432 
3 16 6.887 -13.53 -8.287 10.129 -13.852 -3.567 5.789 -16.248 -7.685 
3 16 10.129 -13.852 -3.567 9.744 -15.684 -2.202 5.789 -16.248 -7.685 
3 16 5.789 -16.248 -7.685 9.744 -15.684 -2.202 8.231 -17.54 -3.008 
3 16 -9.189 -17.11 0 -10.394 -14.832 0 -8.602 -17.519 -2.2 
3 16 -10.394 -14.832 0 -9.602 -14.832 -3.977 -8.602 -17.519 -2.2 
3 16 7.137 -10.894 -8.597 10.607 -11.582 -3.572 6.887 -13.53 -8.287 
3 16 10.607 -11.582 -3.572 10.129 -13.852 -3.567 6.887 -13.53 -8.287 
3 16 -17.11 -3.964 0 -17.49 -3.438 0 -17.006 -3.736 -0.766 
3 16 -17.49 -3.438 0 -17.362 -3.249 -0.654 -17.006 -3.736 -0.766 
3 16 -16.734 -1.72 0 -16.027 -1.607 0 -16.743 -1.863 -0.578 
3 16 -16.027 -1.607 0 -16.129 -1.83 -0.759 -16.743 -1.863 -0.578 
3 16 -16.979 -2.262 -0.868 -16.743 -1.863 -0.578 -16.398 -2.415 -1.231 
3 16 -16.743 -1.863 -0.578 -16.129 -1.83 -0.759 -16.398 -2.415 -1.231 
3 16 -17.006 -3.736 -0.766 -17.362 -3.249 -0.654 -16.733 -3.143 -1.235 
3 16 -17.362 -3.249 -0.654 -17.203 -2.791 -0.914 -16.733 -3.143 -1.235 
3 16 -16.733 -3.143 -1.235 -17.203 -2.791 -0.914 -16.398 -2.415 -1.231 
3 16 -17.203 -2.791 -0.914 -16.979 -2.262 -0.868 -16.398 -2.415 -1.231 
3 16 -17.49 -3.438 0 -17.548 -2.716 0 -17.362 -3.249 -0.654 
3 16 -17.548 -2.716 0 -17.203 -2.791 -0.914 -17.362 -3.249 -0.654 
3 16 -16.979 -2.262 -0.868 -17.203 -2.791 -0.914 -17.293 -2.155 0 
3 16 -17.203 -2.791 -0.914 -17.548 -2.716 0 -17.293 -2.155 0 
3 16 -16.734 -1.72 0 -16.743 -1.863 -0.578 -17.293 -2.155 0 
3 16 -16.743 -1.863 -0.578 -16.979 -2.262 -0.868 -17.293 -2.155 0 
3 16 -11.569 -24.771 0 -11.363 -24.915 -0.772 -11.372 -25.956 0 
3 16 -11.363 -24.915 -0.772 -11.244 -25.884 -0.614 -11.372 -25.956 0 
3 16 -11.363 -24.915 -0.772 -10.825 -25.292 -1.249 -11.244 -25.884 -0.614 
3 16 -10.632 -26.306 -0.657 -9.622 -26.133 -0.771 -10.646 -26.482 0 
3 16 -9.622 -26.133 -0.771 -9.417 -26.277 0 -10.646 -26.482 0 
3 16 -10.16 -25.757 -1.249 -9.622 -26.133 -0.771 -10.632 -26.306 -0.657 
3 16 -10.632 -26.306 -0.657 -10.646 -26.482 0 -11.244 -25.884 -0.614 
3 16 -10.646 -26.482 0 -11.372 -25.956 0 -11.244 -25.884 -0.614 
3 16 -10.16 -25.757 -1.249 -10.632 -26.306 -0.657 -10.825 -25.292 -1.249 
3 16 -10.632 -26.306 -0.657 -11.244 -25.884 -0.614 -10.825 -25.292 -1.249 
3 16 18.094 -13.306 -0.773 18.145 -13.059 0 18.716 -14.111 -0.58 
3 16 18.145 -13.059 0 18.826 -14.014 0 18.716 -14.111 -0.58 
3 16 17.614 -15.627 0 17.665 -15.383 -0.769 18.625 -14.995 0 
3 16 17.665 -15.383 -0.769 18.544 -14.89 -0.583 18.625 -14.995 0 
3 16 18.625 -14.995 0 18.544 -14.89 -0.583 18.826 -14.014 0 
3 16 18.544 -14.89 -0.583 18.716 -14.111 -0.58 18.826 -14.014 0 
3 16 17.961 -13.95 -1.248 18.094 -13.306 -0.773 18.716 -14.111 -0.58 
3 16 17.961 -13.95 -1.248 18.716 -14.111 -0.58 17.797 -14.744 -1.246 
3 16 18.716 -14.111 -0.58 18.544 -14.89 -0.583 17.797 -14.744 -1.246 
3 16 17.665 -15.383 -0.769 17.797 -14.744 -1.246 18.544 -14.89 -0.583 
3 16 6.487 -25.275 -8.723 6.164 -25.864 -9.426 6.348 -24.906 -9.422 
3 16 6.164 -25.864 -9.426 5.731 -25.931 -9.838 6.348 -24.906 -9.422 
3 16 5.731 -25.931 -9.838 5.79 -24.754 -9.979 6.348 -24.906 -9.422 
3 16 5.905 -26.293 -8.823 5.386 -26.476 -9.215 6.164 -25.864 -9.426 
3 16 5.386 -26.476 -9.215 5.731 -25.931 -9.838 6.164 -25.864 -9.426 
3 16 4.694 -26.212 -8.101 5.386 -26.476 -9.215 5.47 -26.082 -7.905 
3 16 5.386 -26.476 -9.215 5.905 -26.293 -8.823 5.47 -26.082 -7.905 
3 16 6.164 -25.864 -9.426 6.487 -25.275 -8.723 5.905 -26.293 -8.823 
3 16 6.487 -25.275 -8.723 6.154 -25.723 -8.144 5.905 -26.293 -8.823 
3 16 6.154 -25.723 -8.144 5.47 -26.082 -7.905 5.905 -26.293 -8.823 
3 16 5.386 -26.476 -9.215 4.694 -26.212 -8.101 4.789 -26.361 -9.464 
3 16 4.694 -26.212 -8.101 4.123 -26.061 -8.663 4.789 -26.361 -9.464 
3 16 4.123 -26.061 -8.663 3.984 -25.686 -9.374 4.789 -26.361 -9.464 
3 16 5.731 -25.931 -9.838 5.386 -26.476 -9.215 5.107 -25.899 -10.036 
3 16 5.386 -26.476 -9.215 4.789 -26.361 -9.464 5.107 -25.899 -10.036 
3 16 5.79 -24.754 -9.979 5.731 -25.931 -9.838 5.02 -24.877 -10.185 
3 16 5.731 -25.931 -9.838 5.107 -25.899 -10.036 5.02 -24.877 -10.185 
3 16 5.107 -25.899 -10.036 4.329 -25.233 -9.955 5.02 -24.877 -10.185 
3 16 5.107 -25.899 -10.036 4.789 -26.361 -9.464 4.329 -25.233 -9.955 
3 16 4.789 -26.361 -9.464 3.984 -25.686 -9.374 4.329 -25.233 -9.955 
3 16 -3.502 -15.627 -17.245 -3.796 -15.044 -18.197 -2.791 -15.31 -17.457 
3 16 -3.796 -15.044 -18.197 -3.087 -14.83 -18.204 -2.791 -15.31 -17.457 
3 16 -3.502 -15.627 -17.245 -4.28 -15.46 -17.117 -3.796 -15.044 -18.197 
3 16 -4.28 -15.46 -17.117 -4.435 -14.932 -17.968 -3.796 -15.044 -18.197 
3 16 -3.863 -13.065 -17.692 -3.949 -13.94 -18.393 -4.58 -13.389 -17.477 
3 16 -3.949 -13.94 -18.393 -4.551 -14.107 -18.095 -4.58 -13.389 -17.477 
3 16 -3.863 -13.065 -17.692 -3.075 -13.236 -17.821 -3.949 -13.94 -18.393 
3 16 -3.075 -13.236 -17.821 -3.257 -13.999 -18.384 -3.949 -13.94 -18.393 
3 16 -4.551 -14.107 -18.095 -3.949 -13.94 -18.393 -4.435 -14.932 -17.968 
3 16 -3.949 -13.94 -18.393 -3.796 -15.044 -18.197 -4.435 -14.932 -17.968 
3 16 -4.28 -15.46 -17.117 -4.833 -14.872 -17.122 -4.435 -14.932 -17.968 
3 16 -3.087 -14.83 -18.204 -3.796 -15.044 -18.197 -3.257 -13.999 -18.384 
3 16 -3.796 -15.044 -18.197 -3.949 -13.94 -18.393 -3.257 -13.999 -18.384 
3 16 -4.833 -14.872 -17.122 -4.95 -14.081 -17.259 -4.435 -14.932 -17.968 
3 16 -4.95 -14.081 -17.259 -4.551 -14.107 -18.095 -4.435 -14.932 -17.968 
3 16 -4.95 -14.081 -17.259 -4.58 -13.389 -17.477 -4.551 -14.107 -18.095 
3 16 -3.257 -13.999 -18.384 -2.523 -13.835 -17.814 -3.087 -14.83 -18.204 
3 16 -2.523 -13.835 -17.814 -2.416 -14.628 -17.674 -3.087 -14.83 -18.204 
3 16 -2.416 -14.628 -17.674 -2.791 -15.31 -17.457 -3.087 -14.83 -18.204 
3 16 -3.075 -13.236 -17.821 -2.523 -13.835 -17.814 -3.257 -13.999 -18.384 
3 16 5.904 -0.719 -15.175 5.416 -0.51 -14.358 6.511 -0.548 -14.958 
3 16 5.416 -0.51 -14.358 6.077 -0.312 -13.937 6.511 -0.548 -14.958 
3 16 6.077 -0.312 -13.937 6.83 -0.546 -13.751 6.511 -0.548 -14.958 
3 16 6.83 -0.546 -13.751 7.13 -0.76 -14.631 6.511 -0.548 -14.958 
3 16 6.511 -0.548 -14.958 7.13 -0.76 -14.631 6.693 -1.465 -15.474 
3 16 7.13 -0.76 -14.631 7.284 -1.446 -15.01 6.693 -1.465 -15.474 
3 16 7.284 -1.446 -15.01 7.201 -2.377 -14.75 6.693 -1.465 -15.474 
3 16 7.201 -2.377 -14.75 6.539 -2.569 -15.168 6.693 -1.465 -15.474 
3 16 6.01 -1.435 -15.553 6.693 -1.465 -15.474 5.792 -2.333 -15.35 
3 16 6.693 -1.465 -15.474 6.539 -2.569 -15.168 5.792 -2.333 -15.35 
3 16 6.511 -0.548 -14.958 6.693 -1.465 -15.474 5.904 -0.719 -15.175 
3 16 6.693 -1.465 -15.474 6.01 -1.435 -15.553 5.904 -0.719 -15.175 
3 16 5.242 -1.759 -15.229 5.098 -1.063 -14.851 6.01 -1.435 -15.553 
3 16 5.098 -1.063 -14.851 5.904 -0.719 -15.175 6.01 -1.435 -15.553 
3 16 5.098 -1.063 -14.851 5.416 -0.51 -14.358 5.904 -0.719 -15.175 
3 16 5.792 -2.333 -15.35 5.242 -1.759 -15.229 6.01 -1.435 -15.553 
3 16 7.13 -0.76 -14.631 7.384 -1.126 -13.873 7.284 -1.446 -15.01 
3 16 7.384 -1.126 -13.873 7.525 -1.826 -14.255 7.284 -1.446 -15.01 
3 16 7.525 -1.826 -14.255 7.201 -2.377 -14.75 7.284 -1.446 -15.01 
3 16 6.83 -0.546 -13.751 7.384 -1.126 -13.873 7.13 -0.76 -14.631 
3 16 0 0 -4 -1.392 -1.83 -7 -2 0 -3.464 
3 16 -1.392 -1.83 -7 -3.965 -1.83 -5.934 -2 0 -3.464 
3 16 0 -21.777 0 1.521 -21.386 -2.668 4.305 -20.92 0 
3 16 1.521 -21.386 -2.668 3.704 -20.985 -2.075 4.305 -20.92 0 
3 16 0 -21.777 0 -0.08 -20.971 -4.265 1.521 -21.386 -2.668 
3 16 -8.42 -3.374 2.181 -8.124 -2.734 0 -16.129 -1.83 0.759 
3 16 -16.129 -1.83 0.759 -8.124 -2.734 0 -16.027 -1.607 0 
3 16 -9.197 -5.055 3.538 -8.42 -3.374 2.181 -16.398 -2.415 1.231 
3 16 -16.398 -2.415 1.231 -8.42 -3.374 2.181 -16.129 -1.83 0.759 
3 16 -10.163 -7.146 3.549 -9.197 -5.055 3.538 -16.733 -3.143 1.235 
3 16 -16.733 -3.143 1.235 -9.197 -5.055 3.538 -16.398 -2.415 1.231 
3 16 -10.949 -8.847 2.199 -10.163 -7.146 3.549 -17.006 -3.736 0.766 
3 16 -17.006 -3.736 0.766 -10.163 -7.146 3.549 -16.733 -3.143 1.235 
3 16 -11.25 -9.499 0 -10.949 -8.847 2.199 -17.11 -3.964 0 
3 16 -17.11 -3.964 0 -10.949 -8.847 2.199 -17.006 -3.736 0.766 
3 16 -5.934 -1.83 3.965 -3.464 0 2 -6.922 -1.675 0 
3 16 -6.922 -1.675 0 -3.464 0 2 -4 0 0 
3 16 -1.392 -1.83 7 1.129 -2.566 7.882 0 0 4 
3 16 1.129 -2.566 7.882 3.03 -1.993 6.698 0 0 4 
3 16 3.03 -1.993 6.698 2 0 3.464 0 0 4 
3 16 6.594 -1.83 2.731 3.464 0 2 5.183 -2.66 6.178 
3 16 3.464 0 2 2 0 3.464 5.183 -2.66 6.178 
3 16 2 0 3.464 3.03 -1.993 6.698 5.183 -2.66 6.178 
3 16 7.137 -1.83 0 4 0 0 6.594 -1.83 2.731 
3 16 6.594 -1.83 2.731 4 0 0 3.464 0 2 
3 16 -3.965 -1.83 5.934 -2 0 3.464 -5.934 -1.83 3.965 
3 16 -5.934 -1.83 3.965 -2 0 3.464 -3.464 0 2 
3 16 -5.388 -4.95 8.114 -3.965 -1.83 5.934 -8.023 -4.827 5.391 
3 16 -8.023 -4.827 5.391 -3.965 -1.83 5.934 -5.934 -1.83 3.965 
3 16 -3.965 -1.83 5.934 -5.388 -4.95 8.114 -1.392 -1.83 7 
3 16 -1.392 -1.83 7 -5.388 -4.95 8.114 -1.936 -5.143 9.673 
3 16 9.079 -3.919 0 7.137 -1.83 0 8.338 -3.798 3.305 
3 16 8.338 -3.798 3.305 7.137 -1.83 0 6.594 -1.83 2.731 
3 16 7.167 -6.323 7.601 9.765 -6.549 3.849 6.764 -4.315 6.523 
3 16 6.764 -4.315 6.523 9.765 -6.549 3.849 8.338 -3.798 3.305 
3 16 10.467 -6.448 0 9.079 -3.919 0 9.765 -6.549 3.849 
3 16 9.765 -6.549 3.849 9.079 -3.919 0 8.338 -3.798 3.305 
3 16 -5.796 -8.375 9.365 -5.388 -4.95 8.114 -9.002 -7.617 6.013 
3 16 -9.002 -7.617 6.013 -5.388 -4.95 8.114 -8.023 -4.827 5.391 
3 16 -1.936 -5.143 9.673 -5.388 -4.95 8.114 -2.691 -9.048 10.852 
3 16 -2.691 -9.048 10.852 -5.388 -4.95 8.114 -4.727 -9.954 10.213 
3 16 -5.388 -4.95 8.114 -5.796 -8.375 9.365 -4.727 -9.954 10.213 
3 16 11.142 -9.038 0 10.467 -6.448 0 10.994 -9.742 2.21 
3 16 10.994 -9.742 2.21 10.467 -6.448 0 9.765 -6.549 3.849 
3 16 -5.796 -8.375 9.365 -9.002 -7.617 6.013 -6.817 -11.701 8.859 
3 16 -6.817 -11.701 8.859 -9.002 -7.617 6.013 -9.309 -11.629 6.22 
3 16 -11.25 -9.499 0 -11.196 -11.629 0 -10.949 -8.847 2.199 
3 16 -10.949 -8.847 2.199 -11.196 -11.629 0 -10.344 -11.629 4.284 
3 16 6.887 -13.53 8.287 7.137 -10.894 8.597 1.449 -13.472 10.736 
3 16 1.449 -13.472 10.736 7.137 -10.894 8.597 1.123 -11.225 11.175 
3 16 -10.344 -11.629 4.284 -11.196 -11.629 0 -9.602 -14.832 3.977 
3 16 -9.602 -14.832 3.977 -11.196 -11.629 0 -10.394 -14.832 0 
3 16 -9.309 -11.629 6.22 -10.344 -11.629 4.284 -8.642 -14.832 5.774 
3 16 -8.642 -14.832 5.774 -10.344 -11.629 4.284 -9.602 -14.832 3.977 
3 16 -9.309 -11.629 6.22 -8.642 -14.832 5.774 -6.817 -11.701 8.859 
3 16 -6.817 -11.701 8.859 -8.642 -14.832 5.774 -6.116 -14.883 8.338 
3 16 0.399 -15.421 10.071 2.402 -17.502 8.525 1.449 -13.472 10.736 
3 16 2.402 -17.502 8.525 4.591 -17.102 7.927 1.449 -13.472 10.736 
3 16 6.887 -13.53 8.287 1.449 -13.472 10.736 5.789 -16.248 7.685 
3 16 5.789 -16.248 7.685 1.449 -13.472 10.736 4.591 -17.102 7.927 
3 16 3.704 -20.985 2.075 4.305 -20.92 0 5.638 -19.922 2.709 
3 16 4.305 -20.92 0 8.373 -18.008 0 5.638 -19.922 2.709 
3 16 8.373 -18.008 0 8.231 -17.54 3.008 5.638 -19.922 2.709 
3 16 5.638 -19.922 2.709 8.231 -17.54 3.008 6.588 -18.6 4.33 
3 16 6.588 -18.6 4.33 8.231 -17.54 3.008 6.19 -17.523 6.323 
3 16 8.231 -17.54 3.008 5.789 -16.248 7.685 6.19 -17.523 6.323 
3 16 5.789 -16.248 7.685 4.591 -17.102 7.927 6.19 -17.523 6.323 
3 16 -9.602 -14.832 3.977 -8.602 -17.519 2.2 -8.642 -14.832 5.774 
3 16 -8.602 -17.519 2.2 -7.066 -18.587 3.561 -8.642 -14.832 5.774 
3 16 -6.116 -14.883 8.338 -8.642 -14.832 5.774 -4.958 -16.653 8.006 
3 16 -4.958 -16.653 8.006 -8.642 -14.832 5.774 -7.066 -18.587 3.561 
3 16 -7.066 -18.587 3.561 -5.166 -19.909 3.561 -4.958 -16.653 8.006 
3 16 -5.166 -19.909 3.561 -3.472 -19.881 5.197 -4.958 -16.653 8.006 
3 16 0 -21.777 0 -0.08 -20.971 4.265 -3.472 -19.881 5.197 
3 16 -3.472 -19.881 5.197 -0.08 -20.971 4.265 -0.486 -19.896 6.259 
3 16 -3.042 -21.387 0 0 -21.777 0 -3.629 -20.979 2.201 
3 16 0 -21.777 0 -3.472 -19.881 5.197 -3.629 -20.979 2.201 
3 16 -3.472 -19.881 5.197 -5.166 -19.909 3.561 -3.629 -20.979 2.201 
3 16 -4 -10.034 0 -4 0 0 -3.464 -10.034 2 
3 16 -3.464 -10.034 2 -4 0 0 -3.464 0 2 
3 16 -3.464 -10.034 2 -3.464 0 2 -2 -10.034 3.464 
3 16 -2 -10.034 3.464 -3.464 0 2 -2 0 3.464 
3 16 -2 -10.034 3.464 -2 0 3.464 0 -10.034 4 
3 16 0 -10.034 4 -2 0 3.464 0 0 4 
3 16 0 -10.034 4 0 0 4 2 -10.034 3.464 
3 16 2 -10.034 3.464 0 0 4 2 0 3.464 
3 16 2 -10.034 3.464 2 0 3.464 3.464 -10.034 2 
3 16 3.464 -10.034 2 2 0 3.464 3.464 0 2 
3 16 3.464 -10.034 2 3.464 0 2 4 -10.034 0 
3 16 4 -10.034 0 3.464 0 2 4 0 0 
3 16 0 -10.034 0 -4 -10.034 0 -3.464 -10.034 2 
3 16 0 -10.034 0 -3.464 -10.034 2 -2 -10.034 3.464 
3 16 0 -10.034 0 -2 -10.034 3.464 0 -10.034 4 
3 16 0 -10.034 0 0 -10.034 4 2 -10.034 3.464 
3 16 0 -10.034 0 2 -10.034 3.464 3.464 -10.034 2 
3 16 3.464 -10.034 2 4 -10.034 0 0 -10.034 0 
3 16 -11.363 -24.915 0.772 -8.602 -17.519 2.2 -11.569 -24.771 0 
3 16 -11.569 -24.771 0 -8.602 -17.519 2.2 -9.189 -17.11 0 
3 16 -8.602 -17.519 2.2 -11.363 -24.915 0.772 -7.066 -18.587 3.561 
3 16 -7.066 -18.587 3.561 -11.363 -24.915 0.772 -10.825 -25.292 1.249 
3 16 -10.16 -25.757 1.249 -5.166 -19.909 3.561 -10.825 -25.292 1.249 
3 16 -10.825 -25.292 1.249 -5.166 -19.909 3.561 -7.066 -18.587 3.561 
3 16 -5.166 -19.909 3.561 -10.16 -25.757 1.249 -3.629 -20.979 2.201 
3 16 -3.629 -20.979 2.201 -10.16 -25.757 1.249 -9.622 -26.133 0.771 
3 16 -9.417 -26.277 0 -3.042 -21.387 0 -9.622 -26.133 0.771 
3 16 -9.622 -26.133 0.771 -3.042 -21.387 0 -3.629 -20.979 2.201 
3 16 -0.08 -20.971 4.265 1.521 -21.386 2.668 4.123 -26.061 8.663 
3 16 4.123 -26.061 8.663 1.521 -21.386 2.668 4.694 -26.212 8.101 
3 16 -0.486 -19.896 6.259 -0.08 -20.971 4.265 3.984 -25.686 9.374 
3 16 3.984 -25.686 9.374 -0.08 -20.971 4.265 4.123 -26.061 8.663 
3 16 4.329 -25.233 9.955 0.461 -18.57 7.888 3.984 -25.686 9.374 
3 16 3.984 -25.686 9.374 0.461 -18.57 7.888 -0.486 -19.896 6.259 
3 16 5.02 -24.877 10.185 2.402 -17.502 8.525 4.329 -25.233 9.955 
3 16 4.329 -25.233 9.955 2.402 -17.502 8.525 0.461 -18.57 7.888 
3 16 5.79 -24.754 9.979 4.591 -17.102 7.927 5.02 -24.877 10.185 
3 16 5.02 -24.877 10.185 4.591 -17.102 7.927 2.402 -17.502 8.525 
3 16 6.348 -24.906 9.422 6.19 -17.523 6.323 5.79 -24.754 9.979 
3 16 5.79 -24.754 9.979 6.19 -17.523 6.323 4.591 -17.102 7.927 
3 16 6.487 -25.275 8.723 6.588 -18.6 4.33 6.348 -24.906 9.422 
3 16 6.348 -24.906 9.422 6.588 -18.6 4.33 6.19 -17.523 6.323 
3 16 5.638 -19.922 2.709 6.588 -18.6 4.33 6.154 -25.723 8.144 
3 16 6.154 -25.723 8.144 6.588 -18.6 4.33 6.487 -25.275 8.723 
3 16 3.704 -20.985 2.075 5.638 -19.922 2.709 5.47 -26.082 7.905 
3 16 5.47 -26.082 7.905 5.638 -19.922 2.709 6.154 -25.723 8.144 
3 16 1.521 -21.386 2.668 3.704 -20.985 2.075 4.694 -26.212 8.101 
3 16 4.694 -26.212 8.101 3.704 -20.985 2.075 5.47 -26.082 7.905 
3 16 5.792 -2.333 15.35 2.185 -7.813 10.697 6.539 -2.569 15.168 
3 16 6.539 -2.569 15.168 2.185 -7.813 10.697 4.335 -8.483 10.18 
3 16 5.242 -1.759 15.229 0.609 -6.162 10.352 5.792 -2.333 15.35 
3 16 5.792 -2.333 15.35 0.609 -6.162 10.352 2.185 -7.813 10.697 
3 16 0.206 -4.158 9.278 0.239 -5.156 9.885 5.098 -1.063 14.851 
3 16 5.098 -1.063 14.851 0.239 -5.156 9.885 5.242 -1.759 15.229 
3 16 0.239 -5.156 9.885 0.609 -6.162 10.352 5.242 -1.759 15.229 
3 16 1.129 -2.566 7.882 0.206 -4.158 9.278 5.416 -0.51 14.358 
3 16 5.416 -0.51 14.358 0.206 -4.158 9.278 5.098 -1.063 14.851 
3 16 3.03 -1.993 6.698 1.129 -2.566 7.882 6.077 -0.312 13.937 
3 16 6.077 -0.312 13.937 1.129 -2.566 7.882 5.416 -0.51 14.358 
3 16 5.183 -2.66 6.178 3.03 -1.993 6.698 6.83 -0.546 13.751 
3 16 6.83 -0.546 13.751 3.03 -1.993 6.698 6.077 -0.312 13.937 
3 16 7.384 -1.126 13.873 6.764 -4.315 6.523 6.83 -0.546 13.751 
3 16 6.83 -0.546 13.751 6.764 -4.315 6.523 5.183 -2.66 6.178 
3 16 7.525 -1.826 14.255 7.167 -6.323 7.601 7.384 -1.126 13.873 
3 16 7.384 -1.126 13.873 7.167 -6.323 7.601 6.764 -4.315 6.523 
3 16 7.201 -2.377 14.75 6.238 -7.915 8.998 7.525 -1.826 14.255 
3 16 7.525 -1.826 14.255 6.238 -7.915 8.998 7.167 -6.323 7.601 
3 16 6.539 -2.569 15.168 4.335 -8.483 10.18 7.201 -2.377 14.75 
3 16 7.201 -2.377 14.75 4.335 -8.483 10.18 6.238 -7.915 8.998 
3 16 -2.523 -13.835 17.814 1.123 -11.225 11.175 -3.075 -13.236 17.821 
3 16 -3.075 -13.236 17.821 1.123 -11.225 11.175 -0.457 -9.535 11.219 
3 16 -2.416 -14.628 17.674 1.449 -13.472 10.736 -2.523 -13.835 17.814 
3 16 -2.523 -13.835 17.814 1.449 -13.472 10.736 1.123 -11.225 11.175 
3 16 -2.791 -15.31 17.457 0.399 -15.421 10.071 -2.416 -14.628 17.674 
3 16 -2.416 -14.628 17.674 0.399 -15.421 10.071 1.449 -13.472 10.736 
3 16 -1.631 -16.331 9.432 0.399 -15.421 10.071 -3.502 -15.627 17.245 
3 16 -3.502 -15.627 17.245 0.399 -15.421 10.071 -2.791 -15.31 17.457 
3 16 -3.867 -15.852 9.063 -1.631 -16.331 9.432 -4.28 -15.46 17.117 
3 16 -4.28 -15.46 17.117 -1.631 -16.331 9.432 -3.502 -15.627 17.245 
3 16 -5.454 -14.163 9.106 -3.867 -15.852 9.063 -4.833 -14.872 17.122 
3 16 -4.833 -14.872 17.122 -3.867 -15.852 9.063 -4.28 -15.46 17.117 
3 16 -5.784 -11.909 9.545 -5.454 -14.163 9.106 -4.95 -14.081 17.259 
3 16 -4.95 -14.081 17.259 -5.454 -14.163 9.106 -4.833 -14.872 17.122 
3 16 -4.727 -9.954 10.213 -5.784 -11.909 9.545 -4.58 -13.389 17.477 
3 16 -4.58 -13.389 17.477 -5.784 -11.909 9.545 -4.95 -14.081 17.259 
3 16 -3.863 -13.065 17.692 -2.691 -9.048 10.852 -4.58 -13.389 17.477 
3 16 -4.58 -13.389 17.477 -2.691 -9.048 10.852 -4.727 -9.954 10.213 
3 16 -3.075 -13.236 17.821 -0.457 -9.535 11.219 -3.863 -13.065 17.692 
3 16 -3.863 -13.065 17.692 -0.457 -9.535 11.219 -2.691 -9.048 10.852 
3 16 6.238 -7.915 8.998 7.137 -10.894 8.597 7.167 -6.323 7.601 
3 16 7.167 -6.323 7.601 7.137 -10.894 8.597 10.607 -11.582 3.572 
3 16 7.167 -6.323 7.601 10.607 -11.582 3.572 9.765 -6.549 3.849 
3 16 10.607 -11.582 3.572 10.994 -9.742 2.21 9.765 -6.549 3.849 
3 16 9.597 -16.383 0 9.744 -15.684 2.202 8.373 -18.008 0 
3 16 8.373 -18.008 0 9.744 -15.684 2.202 8.231 -17.54 3.008 
3 16 9.744 -15.684 2.202 9.597 -16.383 0 17.665 -15.383 0.769 
3 16 17.665 -15.383 0.769 9.597 -16.383 0 17.614 -15.627 0 
3 16 10.129 -13.852 3.567 9.744 -15.684 2.202 17.797 -14.744 1.246 
3 16 17.797 -14.744 1.246 9.744 -15.684 2.202 17.665 -15.383 0.769 
3 16 10.607 -11.582 3.572 10.129 -13.852 3.567 17.961 -13.95 1.248 
3 16 17.961 -13.95 1.248 10.129 -13.852 3.567 17.797 -14.744 1.246 
3 16 10.994 -9.742 2.21 10.607 -11.582 3.572 18.094 -13.306 0.773 
3 16 18.094 -13.306 0.773 10.607 -11.582 3.572 17.961 -13.95 1.248 
3 16 11.142 -9.038 0 10.994 -9.742 2.21 18.145 -13.059 0 
3 16 18.145 -13.059 0 10.994 -9.742 2.21 18.094 -13.306 0.773 
3 16 -5.784 -11.909 9.545 -4.727 -9.954 10.213 -6.817 -11.701 8.859 
3 16 -6.817 -11.701 8.859 -4.727 -9.954 10.213 -5.796 -8.375 9.365 
3 16 -3.867 -15.852 9.063 -5.454 -14.163 9.106 -4.958 -16.653 8.006 
3 16 -4.958 -16.653 8.006 -5.454 -14.163 9.106 -6.116 -14.883 8.338 
3 16 -6.116 -14.883 8.338 -5.454 -14.163 9.106 -6.817 -11.701 8.859 
3 16 -5.454 -14.163 9.106 -5.784 -11.909 9.545 -6.817 -11.701 8.859 
3 16 6.594 -1.83 2.731 5.183 -2.66 6.178 8.338 -3.798 3.305 
3 16 8.338 -3.798 3.305 5.183 -2.66 6.178 6.764 -4.315 6.523 
3 16 1.123 -11.225 11.175 7.137 -10.894 8.597 4.335 -8.483 10.18 
3 16 7.137 -10.894 8.597 6.238 -7.915 8.998 4.335 -8.483 10.18 
3 16 1.123 -11.225 11.175 4.335 -8.483 10.18 -0.457 -9.535 11.219 
3 16 4.335 -8.483 10.18 2.185 -7.813 10.697 -0.457 -9.535 11.219 
3 16 -1.936 -5.143 9.673 -2.691 -9.048 10.852 0.239 -5.156 9.885 
3 16 0.239 -5.156 9.885 -2.691 -9.048 10.852 0.609 -6.162 10.352 
3 16 -2.691 -9.048 10.852 -0.457 -9.535 11.219 0.609 -6.162 10.352 
3 16 -0.457 -9.535 11.219 2.185 -7.813 10.697 0.609 -6.162 10.352 
3 16 0.239 -5.156 9.885 0.206 -4.158 9.278 -1.936 -5.143 9.673 
3 16 -1.936 -5.143 9.673 0.206 -4.158 9.278 -1.392 -1.83 7 
3 16 0.206 -4.158 9.278 1.129 -2.566 7.882 -1.392 -1.83 7 
3 16 -9.002 -7.617 6.013 -10.163 -7.146 3.549 -9.309 -11.629 6.22 
3 16 -10.163 -7.146 3.549 -10.949 -8.847 2.199 -9.309 -11.629 6.22 
3 16 -10.949 -8.847 2.199 -10.344 -11.629 4.284 -9.309 -11.629 6.22 
3 16 -10.163 -7.146 3.549 -9.002 -7.617 6.013 -9.197 -5.055 3.538 
3 16 -9.197 -5.055 3.538 -9.002 -7.617 6.013 -8.023 -4.827 5.391 
3 16 -9.197 -5.055 3.538 -8.023 -4.827 5.391 -8.42 -3.374 2.181 
3 16 -8.42 -3.374 2.181 -8.023 -4.827 5.391 -5.934 -1.83 3.965 
3 16 -8.42 -3.374 2.181 -5.934 -1.83 3.965 -6.922 -1.675 0 
3 16 -8.124 -2.734 0 -8.42 -3.374 2.181 -6.922 -1.675 0 
3 16 2.402 -17.502 8.525 0.399 -15.421 10.071 0.461 -18.57 7.888 
3 16 0.399 -15.421 10.071 -1.631 -16.331 9.432 0.461 -18.57 7.888 
3 16 0.461 -18.57 7.888 -1.631 -16.331 9.432 -0.486 -19.896 6.259 
3 16 -0.486 -19.896 6.259 -1.631 -16.331 9.432 -3.472 -19.881 5.197 
3 16 -3.472 -19.881 5.197 -1.631 -16.331 9.432 -4.958 -16.653 8.006 
3 16 -4.958 -16.653 8.006 -1.631 -16.331 9.432 -3.867 -15.852 9.063 
3 16 6.887 -13.53 8.287 5.789 -16.248 7.685 10.129 -13.852 3.567 
3 16 10.129 -13.852 3.567 5.789 -16.248 7.685 9.744 -15.684 2.202 
3 16 5.789 -16.248 7.685 8.231 -17.54 3.008 9.744 -15.684 2.202 
3 16 -9.189 -17.11 0 -8.602 -17.519 2.2 -10.394 -14.832 0 
3 16 -10.394 -14.832 0 -8.602 -17.519 2.2 -9.602 -14.832 3.977 
3 16 7.137 -10.894 8.597 6.887 -13.53 8.287 10.607 -11.582 3.572 
3 16 10.607 -11.582 3.572 6.887 -13.53 8.287 10.129 -13.852 3.567 
3 16 -17.11 -3.964 0 -17.006 -3.736 0.766 -17.49 -3.438 0 
3 16 -17.49 -3.438 0 -17.006 -3.736 0.766 -17.362 -3.249 0.654 
3 16 -16.734 -1.72 0 -16.743 -1.863 0.578 -16.027 -1.607 0 
3 16 -16.027 -1.607 0 -16.743 -1.863 0.578 -16.129 -1.83 0.759 
3 16 -16.979 -2.262 0.868 -16.398 -2.415 1.231 -16.743 -1.863 0.578 
3 16 -16.743 -1.863 0.578 -16.398 -2.415 1.231 -16.129 -1.83 0.759 
3 16 -17.006 -3.736 0.766 -16.733 -3.143 1.235 -17.362 -3.249 0.654 
3 16 -17.362 -3.249 0.654 -16.733 -3.143 1.235 -17.203 -2.791 0.914 
3 16 -16.733 -3.143 1.235 -16.398 -2.415 1.231 -17.203 -2.791 0.914 
3 16 -17.203 -2.791 0.914 -16.398 -2.415 1.231 -16.979 -2.262 0.868 
3 16 -17.49 -3.438 0 -17.362 -3.249 0.654 -17.548 -2.716 0 
3 16 -17.548 -2.716 0 -17.362 -3.249 0.654 -17.203 -2.791 0.914 
3 16 -16.979 -2.262 0.868 -17.293 -2.155 0 -17.203 -2.791 0.914 
3 16 -17.203 -2.791 0.914 -17.293 -2.155 0 -17.548 -2.716 0 
3 16 -16.734 -1.72 0 -17.293 -2.155 0 -16.743 -1.863 0.578 
3 16 -16.743 -1.863 0.578 -17.293 -2.155 0 -16.979 -2.262 0.868 
3 16 -11.569 -24.771 0 -11.372 -25.956 0 -11.363 -24.915 0.772 
3 16 -11.363 -24.915 0.772 -11.372 -25.956 0 -11.244 -25.884 0.614 
3 16 -11.363 -24.915 0.772 -11.244 -25.884 0.614 -10.825 -25.292 1.249 
3 16 -10.632 -26.306 0.657 -10.646 -26.482 0 -9.622 -26.133 0.771 
3 16 -9.622 -26.133 0.771 -10.646 -26.482 0 -9.417 -26.277 0 
3 16 -10.16 -25.757 1.249 -10.632 -26.306 0.657 -9.622 -26.133 0.771 
3 16 -10.632 -26.306 0.657 -11.244 -25.884 0.614 -10.646 -26.482 0 
3 16 -10.646 -26.482 0 -11.244 -25.884 0.614 -11.372 -25.956 0 
3 16 -10.16 -25.757 1.249 -10.825 -25.292 1.249 -10.632 -26.306 0.657 
3 16 -10.632 -26.306 0.657 -10.825 -25.292 1.249 -11.244 -25.884 0.614 
3 16 18.094 -13.306 0.773 18.716 -14.111 0.58 18.145 -13.059 0 
3 16 18.145 -13.059 0 18.716 -14.111 0.58 18.826 -14.014 0 
3 16 17.614 -15.627 0 18.625 -14.995 0 17.665 -15.383 0.769 
3 16 17.665 -15.383 0.769 18.625 -14.995 0 18.544 -14.89 0.583 
3 16 18.625 -14.995 0 18.826 -14.014 0 18.544 -14.89 0.583 
3 16 18.544 -14.89 0.583 18.826 -14.014 0 18.716 -14.111 0.58 
3 16 17.961 -13.95 1.248 18.716 -14.111 0.58 18.094 -13.306 0.773 
3 16 17.961 -13.95 1.248 17.797 -14.744 1.246 18.716 -14.111 0.58 
3 16 18.716 -14.111 0.58 17.797 -14.744 1.246 18.544 -14.89 0.583 
3 16 17.665 -15.383 0.769 18.544 -14.89 0.583 17.797 -14.744 1.246 
3 16 6.487 -25.275 8.723 6.348 -24.906 9.422 6.164 -25.864 9.426 
3 16 6.164 -25.864 9.426 6.348 -24.906 9.422 5.731 -25.931 9.838 
3 16 5.731 -25.931 9.838 6.348 -24.906 9.422 5.79 -24.754 9.979 
3 16 5.905 -26.293 8.823 6.164 -25.864 9.426 5.386 -26.476 9.215 
3 16 5.386 -26.476 9.215 6.164 -25.864 9.426 5.731 -25.931 9.838 
3 16 4.694 -26.212 8.101 5.47 -26.082 7.905 5.386 -26.476 9.215 
3 16 5.386 -26.476 9.215 5.47 -26.082 7.905 5.905 -26.293 8.823 
3 16 6.164 -25.864 9.426 5.905 -26.293 8.823 6.487 -25.275 8.723 
3 16 6.487 -25.275 8.723 5.905 -26.293 8.823 6.154 -25.723 8.144 
3 16 6.154 -25.723 8.144 5.905 -26.293 8.823 5.47 -26.082 7.905 
3 16 5.386 -26.476 9.215 4.789 -26.361 9.464 4.694 -26.212 8.101 
3 16 4.694 -26.212 8.101 4.789 -26.361 9.464 4.123 -26.061 8.663 
3 16 4.123 -26.061 8.663 4.789 -26.361 9.464 3.984 -25.686 9.374 
3 16 5.731 -25.931 9.838 5.107 -25.899 10.036 5.386 -26.476 9.215 
3 16 5.386 -26.476 9.215 5.107 -25.899 10.036 4.789 -26.361 9.464 
3 16 5.79 -24.754 9.979 5.02 -24.877 10.185 5.731 -25.931 9.838 
3 16 5.731 -25.931 9.838 5.02 -24.877 10.185 5.107 -25.899 10.036 
3 16 5.107 -25.899 10.036 5.02 -24.877 10.185 4.329 -25.233 9.955 
3 16 5.107 -25.899 10.036 4.329 -25.233 9.955 4.789 -26.361 9.464 
3 16 4.789 -26.361 9.464 4.329 -25.233 9.955 3.984 -25.686 9.374 
3 16 -3.502 -15.627 17.245 -2.791 -15.31 17.457 -3.796 -15.044 18.197 
3 16 -3.796 -15.044 18.197 -2.791 -15.31 17.457 -3.087 -14.83 18.204 
3 16 -3.502 -15.627 17.245 -3.796 -15.044 18.197 -4.28 -15.46 17.117 
3 16 -4.28 -15.46 17.117 -3.796 -15.044 18.197 -4.435 -14.932 17.968 
3 16 -3.863 -13.065 17.692 -4.58 -13.389 17.477 -3.949 -13.94 18.393 
3 16 -3.949 -13.94 18.393 -4.58 -13.389 17.477 -4.551 -14.107 18.095 
3 16 -3.863 -13.065 17.692 -3.949 -13.94 18.393 -3.075 -13.236 17.821 
3 16 -3.075 -13.236 17.821 -3.949 -13.94 18.393 -3.257 -13.999 18.384 
3 16 -4.551 -14.107 18.095 -4.435 -14.932 17.968 -3.949 -13.94 18.393 
3 16 -3.949 -13.94 18.393 -4.435 -14.932 17.968 -3.796 -15.044 18.197 
3 16 -4.28 -15.46 17.117 -4.435 -14.932 17.968 -4.833 -14.872 17.122 
3 16 -3.087 -14.83 18.204 -3.257 -13.999 18.384 -3.796 -15.044 18.197 
3 16 -3.796 -15.044 18.197 -3.257 -13.999 18.384 -3.949 -13.94 18.393 
3 16 -4.833 -14.872 17.122 -4.435 -14.932 17.968 -4.95 -14.081 17.259 
3 16 -4.95 -14.081 17.259 -4.435 -14.932 17.968 -4.551 -14.107 18.095 
3 16 -4.95 -14.081 17.259 -4.551 -14.107 18.095 -4.58 -13.389 17.477 
3 16 -3.257 -13.999 18.384 -3.087 -14.83 18.204 -2.523 -13.835 17.814 
3 16 -2.523 -13.835 17.814 -3.087 -14.83 18.204 -2.416 -14.628 17.674 
3 16 -2.416 -14.628 17.674 -3.087 -14.83 18.204 -2.791 -15.31 17.457 
3 16 -3.075 -13.236 17.821 -3.257 -13.999 18.384 -2.523 -13.835 17.814 
3 16 5.904 -0.719 15.175 6.511 -0.548 14.958 5.416 -0.51 14.358 
3 16 5.416 -0.51 14.358 6.511 -0.548 14.958 6.077 -0.312 13.937 
3 16 6.077 -0.312 13.937 6.511 -0.548 14.958 6.83 -0.546 13.751 
3 16 6.83 -0.546 13.751 6.511 -0.548 14.958 7.13 -0.76 14.631 
3 16 6.511 -0.548 14.958 6.693 -1.465 15.474 7.13 -0.76 14.631 
3 16 7.13 -0.76 14.631 6.693 -1.465 15.474 7.284 -1.446 15.01 
3 16 7.284 -1.446 15.01 6.693 -1.465 15.474 7.201 -2.377 14.75 
3 16 7.201 -2.377 14.75 6.693 -1.465 15.474 6.539 -2.569 15.168 
3 16 6.01 -1.435 15.553 5.792 -2.333 15.35 6.693 -1.465 15.474 
3 16 6.693 -1.465 15.474 5.792 -2.333 15.35 6.539 -2.569 15.168 
3 16 6.511 -0.548 14.958 5.904 -0.719 15.175 6.693 -1.465 15.474 
3 16 6.693 -1.465 15.474 5.904 -0.719 15.175 6.01 -1.435 15.553 
3 16 5.242 -1.759 15.229 6.01 -1.435 15.553 5.098 -1.063 14.851 
3 16 5.098 -1.063 14.851 6.01 -1.435 15.553 5.904 -0.719 15.175 
3 16 5.098 -1.063 14.851 5.904 -0.719 15.175 5.416 -0.51 14.358 
3 16 5.792 -2.333 15.35 6.01 -1.435 15.553 5.242 -1.759 15.229 
3 16 7.13 -0.76 14.631 7.284 -1.446 15.01 7.384 -1.126 13.873 
3 16 7.384 -1.126 13.873 7.284 -1.446 15.01 7.525 -1.826 14.255 
3 16 7.525 -1.826 14.255 7.284 -1.446 15.01 7.201 -2.377 14.75 
3 16 6.83 -0.546 13.751 7.13 -0.76 14.631 7.384 -1.126 13.873 
3 16 0 0 4 -2 0 3.464 -1.392 -1.83 7 
3 16 -1.392 -1.83 7 -2 0 3.464 -3.965 -1.83 5.934 
3 16 0 -21.777 0 4.305 -20.92 0 1.521 -21.386 2.668 
3 16 1.521 -21.386 2.668 4.305 -20.92 0 3.704 -20.985 2.075 
3 16 0 -21.777 0 1.521 -21.386 2.668 -0.08 -20.971 4.265 
2 24 -8.124 -2.734 0 -8.42 -3.374 -2.181 
2 24 -8.42 -3.374 -2.181 -9.197 -5.055 -3.538 
2 24 -9.197 -5.055 -3.538 -10.163 -7.146 -3.549 
2 24 -10.163 -7.146 -3.549 -10.949 -8.847 -2.199 
2 24 -10.949 -8.847 -2.199 -11.25 -9.499 0 
2 24 -4 0 0 -3.464 0 -2 
2 24 3.03 -1.993 -6.698 1.129 -2.566 -7.882 
2 24 0 0 -4 2 0 -3.464 
2 24 2 0 -3.464 3.464 0 -2 
2 24 5.183 -2.66 -6.178 3.03 -1.993 -6.698 
2 24 3.464 0 -2 4 0 0 
2 24 -3.464 0 -2 -2 0 -3.464 
2 24 7.167 -6.323 -7.601 6.764 -4.315 -6.523 
2 24 -2.691 -9.048 -10.852 -4.727 -9.954 -10.213 
2 24 11.142 -9.038 0 10.994 -9.742 -2.21 
2 24 1.449 -13.472 -10.736 1.123 -11.225 -11.175 
2 24 0.399 -15.421 -10.071 1.449 -13.472 -10.736 
2 24 4.591 -17.102 -7.927 2.402 -17.502 -8.525 
2 24 3.704 -20.985 -2.075 5.638 -19.922 -2.709 
2 24 5.638 -19.922 -2.709 6.588 -18.6 -4.33 
2 24 6.588 -18.6 -4.33 6.19 -17.523 -6.323 
2 24 6.19 -17.523 -6.323 4.591 -17.102 -7.927 
2 24 -7.066 -18.587 -3.561 -8.602 -17.519 -2.2 
2 24 -5.166 -19.909 -3.561 -7.066 -18.587 -3.561 
2 24 -0.486 -19.896 -6.259 -0.08 -20.971 -4.265 
2 24 -3.042 -21.387 0 -3.629 -20.979 -2.201 
2 24 -3.629 -20.979 -2.201 -5.166 -19.909 -3.561 
2 24 -4 -10.034 0 -3.464 -10.034 -2 
2 24 -3.464 -10.034 -2 -2 -10.034 -3.464 
2 24 -2 -10.034 -3.464 0 -10.034 -4 
2 24 0 0 -4 -2 0 -3.464 
2 24 0 -10.034 -4 2 -10.034 -3.464 
2 24 2 -10.034 -3.464 3.464 -10.034 -2 
2 24 3.464 -10.034 -2 4 -10.034 0 
2 24 -9.189 -17.11 0 -8.602 -17.519 -2.2 
2 24 1.521 -21.386 -2.668 -0.08 -20.971 -4.265 
2 24 -0.486 -19.896 -6.259 0.461 -18.57 -7.888 
2 24 0.461 -18.57 -7.888 2.402 -17.502 -8.525 
2 24 3.704 -20.985 -2.075 1.521 -21.386 -2.668 
2 24 4.335 -8.483 -10.18 2.185 -7.813 -10.697 
2 24 2.185 -7.813 -10.697 0.609 -6.162 -10.352 
2 24 0.239 -5.156 -9.885 0.206 -4.158 -9.278 
2 24 0.609 -6.162 -10.352 0.239 -5.156 -9.885 
2 24 0.206 -4.158 -9.278 1.129 -2.566 -7.882 
2 24 5.183 -2.66 -6.178 6.764 -4.315 -6.523 
2 24 7.167 -6.323 -7.601 6.238 -7.915 -8.998 
2 24 6.238 -7.915 -8.998 4.335 -8.483 -10.18 
2 24 -0.457 -9.535 -11.219 1.123 -11.225 -11.175 
2 24 0.399 -15.421 -10.071 -1.631 -16.331 -9.432 
2 24 -1.631 -16.331 -9.432 -3.867 -15.852 -9.063 
2 24 -3.867 -15.852 -9.063 -5.454 -14.163 -9.106 
2 24 -5.454 -14.163 -9.106 -5.784 -11.909 -9.545 
2 24 -5.784 -11.909 -9.545 -4.727 -9.954 -10.213 
2 24 -2.691 -9.048 -10.852 -0.457 -9.535 -11.219 
2 24 10.994 -9.742 -2.21 10.607 -11.582 -3.572 
2 24 9.744 -15.684 -2.202 9.597 -16.383 0 
2 24 9.744 -15.684 -2.202 10.129 -13.852 -3.567 
2 24 10.129 -13.852 -3.567 10.607 -11.582 -3.572 
2 24 -8.42 -3.374 2.181 -8.124 -2.734 0 
2 24 -9.197 -5.055 3.538 -8.42 -3.374 2.181 
2 24 -10.163 -7.146 3.549 -9.197 -5.055 3.538 
2 24 -10.949 -8.847 2.199 -10.163 -7.146 3.549 
2 24 -11.25 -9.499 0 -10.949 -8.847 2.199 
2 24 -3.464 0 2 -4 0 0 
2 24 1.129 -2.566 7.882 3.03 -1.993 6.698 
2 24 2 0 3.464 0 0 4 
2 24 3.464 0 2 2 0 3.464 
2 24 3.03 -1.993 6.698 5.183 -2.66 6.178 
2 24 4 0 0 3.464 0 2 
2 24 -2 0 3.464 -3.464 0 2 
2 24 6.764 -4.315 6.523 7.167 -6.323 7.601 
2 24 -4.727 -9.954 10.213 -2.691 -9.048 10.852 
2 24 10.994 -9.742 2.21 11.142 -9.038 0 
2 24 1.123 -11.225 11.175 1.449 -13.472 10.736 
2 24 1.449 -13.472 10.736 0.399 -15.421 10.071 
2 24 2.402 -17.502 8.525 4.591 -17.102 7.927 
2 24 5.638 -19.922 2.709 3.704 -20.985 2.075 
2 24 6.588 -18.6 4.33 5.638 -19.922 2.709 
2 24 6.19 -17.523 6.323 6.588 -18.6 4.33 
2 24 4.591 -17.102 7.927 6.19 -17.523 6.323 
2 24 -8.602 -17.519 2.2 -7.066 -18.587 3.561 
2 24 -7.066 -18.587 3.561 -5.166 -19.909 3.561 
2 24 -0.08 -20.971 4.265 -0.486 -19.896 6.259 
2 24 -3.629 -20.979 2.201 -3.042 -21.387 0 
2 24 -5.166 -19.909 3.561 -3.629 -20.979 2.201 
2 24 -3.464 -10.034 2 -4 -10.034 0 
2 24 -2 -10.034 3.464 -3.464 -10.034 2 
2 24 0 -10.034 4 -2 -10.034 3.464 
2 24 -2 0 3.464 0 0 4 
2 24 2 -10.034 3.464 0 -10.034 4 
2 24 3.464 -10.034 2 2 -10.034 3.464 
2 24 4 -10.034 0 3.464 -10.034 2 
2 24 -8.602 -17.519 2.2 -9.189 -17.11 0 
2 24 -0.08 -20.971 4.265 1.521 -21.386 2.668 
2 24 0.461 -18.57 7.888 -0.486 -19.896 6.259 
2 24 2.402 -17.502 8.525 0.461 -18.57 7.888 
2 24 1.521 -21.386 2.668 3.704 -20.985 2.075 
2 24 2.185 -7.813 10.697 4.335 -8.483 10.18 
2 24 0.609 -6.162 10.352 2.185 -7.813 10.697 
2 24 0.206 -4.158 9.278 0.239 -5.156 9.885 
2 24 0.239 -5.156 9.885 0.609 -6.162 10.352 
2 24 1.129 -2.566 7.882 0.206 -4.158 9.278 
2 24 6.764 -4.315 6.523 5.183 -2.66 6.178 
2 24 6.238 -7.915 8.998 7.167 -6.323 7.601 
2 24 4.335 -8.483 10.18 6.238 -7.915 8.998 
2 24 1.123 -11.225 11.175 -0.457 -9.535 11.219 
2 24 -1.631 -16.331 9.432 0.399 -15.421 10.071 
2 24 -3.867 -15.852 9.063 -1.631 -16.331 9.432 
2 24 -5.454 -14.163 9.106 -3.867 -15.852 9.063 
2 24 -5.784 -11.909 9.545 -5.454 -14.163 9.106 
2 24 -4.727 -9.954 10.213 -5.784 -11.909 9.545 
2 24 -0.457 -9.535 11.219 -2.691 -9.048 10.852 
2 24 10.607 -11.582 3.572 10.994 -9.742 2.21 
2 24 9.597 -16.383 0 9.744 -15.684 2.202 
2 24 10.129 -13.852 3.567 9.744 -15.684 2.202 
2 24 10.607 -11.582 3.572 10.129 -13.852 3.567 

