0 FILE 24504.dat
0 Minifigure, Ninja Face Scarf with Notch in Back 
0 Name:  24504.dat
0 Author:  
0 BFC CERTIFY CCW
3 16 7.113 -2.453 4.107 7.113 0.001 4.107 8.214 -2.453 0.000
3 16 8.214 -2.453 0.000 7.113 0.001 4.107 8.214 0.001 0.000
3 16 5.081 -2.453 6.775 5.081 0.001 6.775 7.113 -2.453 4.107
3 16 7.113 -2.453 4.107 5.081 0.001 6.775 7.113 0.001 4.107
3 16 -7.113 -2.453 4.107 -7.113 0.001 4.107 -5.095 -2.453 6.870
3 16 -5.095 -2.453 6.870 -7.113 0.001 4.107 -5.095 0.001 6.870
3 16 -8.214 -2.453 0.000 -8.214 0.001 0.000 -7.113 -2.453 4.107
3 16 -7.113 -2.453 4.107 -8.214 0.001 0.000 -7.113 0.001 4.107
3 16 -7.113 -2.453 -4.107 -7.113 0.001 -4.107 -8.214 -2.453 0.000
3 16 -8.214 -2.453 0.000 -7.113 0.001 -4.107 -8.214 0.001 0.000
3 16 -4.107 -2.453 -7.113 -4.107 0.001 -7.113 -7.113 -2.453 -4.107
3 16 -7.113 -2.453 -4.107 -4.107 0.001 -7.113 -7.113 0.001 -4.107
3 16 0.000 -2.453 -8.214 0.000 0.001 -8.214 -4.107 -2.453 -7.113
3 16 -4.107 -2.453 -7.113 0.000 0.001 -8.214 -4.107 0.001 -7.113
3 16 4.107 -2.453 -7.113 4.107 0.001 -7.113 0.000 -2.453 -8.214
3 16 0.000 -2.453 -8.214 4.107 0.001 -7.113 0.000 0.001 -8.214
3 16 7.113 -2.453 -4.107 7.113 0.001 -4.107 4.107 -2.453 -7.113
3 16 4.107 -2.453 -7.113 7.113 0.001 -4.107 4.107 0.001 -7.113
3 16 8.214 -2.453 0.000 8.214 0.001 0.000 7.113 -2.453 -4.107
3 16 7.113 -2.453 -4.107 8.214 0.001 0.000 7.113 0.001 -4.107
3 16 10.546 -2.738 0.010 9.740 -2.742 4.041 8.214 -2.453 0.000
3 16 8.214 -2.453 0.000 9.740 -2.742 4.041 7.113 -2.453 4.107
3 16 4.965 -2.540 8.454 5.081 -2.453 6.775 7.454 -2.744 7.458
3 16 7.454 -2.744 7.458 5.081 -2.453 6.775 9.740 -2.742 4.041
3 16 9.740 -2.742 4.041 5.081 -2.453 6.775 7.113 -2.453 4.107
3 16 -9.743 -2.743 4.032 -7.113 -2.453 4.107 -7.462 -2.741 7.451
3 16 -7.462 -2.741 7.451 -7.113 -2.453 4.107 -4.978 -2.562 8.594
3 16 -7.113 -2.453 4.107 -5.095 -2.453 6.870 -4.978 -2.562 8.594
3 16 -10.544 -2.744 0.000 -8.214 -2.453 0.000 -9.743 -2.743 4.032
3 16 -9.743 -2.743 4.032 -8.214 -2.453 0.000 -7.113 -2.453 4.107
3 16 -10.544 -2.744 0.000 -9.743 -2.743 -4.032 -8.214 -2.453 0.000
3 16 -8.214 -2.453 0.000 -9.743 -2.743 -4.032 -7.113 -2.453 -4.107
3 16 -9.743 -2.743 -4.032 -7.462 -2.741 -7.451 -7.113 -2.453 -4.107
3 16 -7.462 -2.741 -7.451 -4.027 -2.739 -9.746 -7.113 -2.453 -4.107
3 16 -4.027 -2.739 -9.746 -4.107 -2.453 -7.113 -7.113 -2.453 -4.107
3 16 0.005 -2.742 -10.545 0.000 -2.453 -8.214 -4.027 -2.739 -9.746
3 16 -4.027 -2.739 -9.746 0.000 -2.453 -8.214 -4.107 -2.453 -7.113
3 16 0.005 -2.742 -10.545 4.036 -2.744 -9.741 0.000 -2.453 -8.214
3 16 0.000 -2.453 -8.214 4.036 -2.744 -9.741 4.107 -2.453 -7.113
3 16 4.036 -2.744 -9.741 7.454 -2.744 -7.458 4.107 -2.453 -7.113
3 16 7.454 -2.744 -7.458 9.740 -2.742 -4.041 4.107 -2.453 -7.113
3 16 9.740 -2.742 -4.041 7.113 -2.453 -4.107 4.107 -2.453 -7.113
3 16 10.546 -2.738 0.010 8.214 -2.453 0.000 9.740 -2.742 -4.041
3 16 9.740 -2.742 -4.041 8.214 -2.453 0.000 7.113 -2.453 -4.107
3 16 12.229 -8.122 5.120 11.626 -4.845 4.835 13.283 -7.815 -0.162
3 16 13.283 -7.815 -0.162 11.626 -4.845 4.835 12.587 -4.775 -0.046
3 16 9.349 -8.265 9.331 8.905 -4.876 8.904 12.229 -8.122 5.120
3 16 12.229 -8.122 5.120 8.905 -4.876 8.904 11.626 -4.845 4.835
3 16 6.644 -8.231 11.462 6.826 -4.871 10.585 9.349 -8.265 9.331
3 16 9.349 -8.265 9.331 6.826 -4.871 10.585 8.905 -4.876 8.904
3 16 -9.279 -8.187 9.327 -8.907 -4.856 8.906 -5.710 -7.877 11.990
3 16 -5.710 -7.877 11.990 -8.907 -4.856 8.906 -4.972 -4.789 11.560
3 16 -9.279 -8.187 9.327 -12.157 -8.094 5.118 -8.907 -4.856 8.906
3 16 -8.907 -4.856 8.906 -12.157 -8.094 5.118 -11.625 -4.837 4.830
3 16 -12.157 -8.094 5.118 -13.216 -7.792 -0.054 -11.625 -4.837 4.830
3 16 -11.625 -4.837 4.830 -13.216 -7.792 -0.054 -12.576 -4.769 -0.013
3 16 -12.255 -8.222 -5.061 -11.636 -4.868 -4.813 -13.216 -7.792 -0.054
3 16 -13.216 -7.792 -0.054 -11.636 -4.868 -4.813 -12.576 -4.769 -0.013
3 16 -9.224 -9.793 -9.224 -8.936 -5.244 -8.921 -11.183 -8.823 -7.040
3 16 -8.936 -5.244 -8.921 -11.636 -4.868 -4.813 -11.183 -8.823 -7.040
3 16 -11.183 -8.823 -7.040 -11.636 -4.868 -4.813 -12.255 -8.222 -5.061
3 16 -4.992 -10.954 -12.052 -4.824 -5.513 -11.681 -9.224 -9.793 -9.224
3 16 -9.224 -9.793 -9.224 -4.824 -5.513 -11.681 -8.936 -5.244 -8.921
3 16 0.000 -11.844 -13.045 0.008 -5.720 -12.640 -4.992 -10.954 -12.052
3 16 -4.992 -10.954 -12.052 0.008 -5.720 -12.640 -4.824 -5.513 -11.681
3 16 0.000 -11.844 -13.045 4.992 -10.803 -12.052 0.008 -5.720 -12.640
3 16 0.008 -5.720 -12.640 4.992 -10.803 -12.052 4.834 -5.478 -11.667
3 16 4.992 -10.803 -12.052 9.224 -9.364 -9.224 4.834 -5.478 -11.667
3 16 4.834 -5.478 -11.667 9.224 -9.364 -9.224 8.918 -5.147 -8.923
3 16 9.224 -9.364 -9.224 11.030 -8.913 -7.346 8.918 -5.147 -8.923
3 16 8.918 -5.147 -8.923 11.030 -8.913 -7.346 11.634 -4.866 -4.825
3 16 11.030 -8.913 -7.346 12.268 -8.212 -5.084 11.634 -4.866 -4.825
3 16 12.268 -8.212 -5.084 13.283 -7.815 -0.162 11.634 -4.866 -4.825
3 16 11.634 -4.866 -4.825 13.283 -7.815 -0.162 12.587 -4.775 -0.046
3 16 11.098 0.000 4.575 7.113 0.001 4.107 8.517 0.000 8.442
3 16 7.113 0.001 4.107 5.081 0.001 6.775 8.517 0.000 8.442
3 16 5.081 0.001 6.775 4.863 0.001 8.457 8.517 0.000 8.442
3 16 -10.763 0.001 4.587 -8.371 0.001 8.270 -7.113 0.001 4.107
3 16 -7.113 0.001 4.107 -8.371 0.001 8.270 -5.095 0.001 6.870
3 16 -8.371 0.001 8.270 -4.922 0.000 8.538 -5.095 0.001 6.870
3 16 -7.113 0.001 -4.107 -10.522 0.000 -4.285 -8.214 0.001 0.000
3 16 -8.214 0.001 0.000 -10.522 0.000 -4.285 -11.633 0.000 0.034
3 16 -4.728 -0.001 -11.071 -8.280 0.000 -8.344 -4.107 0.001 -7.113
3 16 -4.107 0.001 -7.113 -8.280 0.000 -8.344 -7.113 0.001 -4.107
3 16 -8.280 0.000 -8.344 -10.522 0.000 -4.285 -7.113 0.001 -4.107
3 16 -4.107 0.001 -7.113 0.000 0.001 -8.214 -4.728 -0.001 -11.071
3 16 -4.728 -0.001 -11.071 0.000 0.001 -8.214 -0.081 0.000 -11.994
3 16 4.107 0.001 -7.113 4.642 0.001 -11.207 0.000 0.001 -8.214
3 16 0.000 0.001 -8.214 4.642 0.001 -11.207 -0.081 0.000 -11.994
3 16 4.642 0.001 -11.207 4.107 0.001 -7.113 8.783 0.000 -8.882
3 16 4.107 0.001 -7.113 7.113 0.001 -4.107 8.783 0.000 -8.882
3 16 8.783 0.000 -8.882 7.113 0.001 -4.107 11.128 0.000 -4.653
3 16 7.113 0.001 -4.107 8.214 0.001 0.000 11.128 0.000 -4.653
3 16 11.128 0.000 -4.653 8.214 0.001 0.000 11.965 -0.001 -0.101
3 16 11.965 -0.001 -0.101 8.214 0.001 0.000 11.098 0.000 4.575
3 16 11.098 0.000 4.575 8.214 0.001 0.000 7.113 0.001 4.107
3 16 9.789 -4.710 9.921 11.719 -2.769 4.932 9.912 -2.964 10.211
3 16 9.912 -2.964 10.211 11.719 -2.769 4.932 11.344 -0.431 5.108
3 16 6.760 -6.373 13.295 9.789 -4.710 9.921 6.227 -5.424 13.106
3 16 6.227 -5.424 13.106 9.789 -4.710 9.921 9.912 -2.964 10.211
3 16 -10.763 0.001 4.587 -11.836 -1.535 5.168 -8.371 0.001 8.270
3 16 -9.820 -2.762 9.788 -9.497 -1.676 9.425 -11.836 -1.535 5.168
3 16 -11.836 -1.535 5.168 -9.497 -1.676 9.425 -8.371 0.001 8.270
3 16 -14.659 -3.133 -0.057 -15.061 -4.734 -0.072 -13.556 -4.484 5.740
3 16 -13.556 -4.484 5.740 -15.061 -4.734 -0.072 -14.154 -5.874 5.939
3 16 -12.128 -1.592 -5.154 -12.315 -3.265 -5.313 -14.659 -3.133 -0.057
3 16 -14.659 -3.133 -0.057 -12.315 -3.265 -5.313 -15.061 -4.734 -0.072
3 16 -14.604 -5.027 -5.730 -12.315 -3.265 -5.313 -12.925 -4.230 -8.391
3 16 -12.128 -1.592 -5.154 -10.936 -2.875 -9.653 -12.315 -3.265 -5.313
3 16 -12.315 -3.265 -5.313 -10.936 -2.875 -9.653 -12.925 -4.230 -8.391
3 16 -4.728 -0.001 -11.071 -5.468 -4.593 -14.288 -10.936 -2.875 -9.653
3 16 -5.468 -4.593 -14.288 -10.978 -4.515 -10.587 -10.936 -2.875 -9.653
3 16 -10.936 -2.875 -9.653 -8.280 0.000 -8.344 -4.728 -0.001 -11.071
3 16 -4.728 -0.001 -11.071 -0.081 0.000 -11.994 -5.468 -4.593 -14.288
3 16 4.642 0.001 -11.207 5.565 -3.695 -13.821 -0.081 0.000 -11.994
3 16 5.565 -3.695 -13.821 -0.182 -7.283 -15.901 -0.081 0.000 -11.994
3 16 -0.182 -7.283 -15.901 -2.191 -6.946 -15.622 -0.081 0.000 -11.994
3 16 -2.191 -6.946 -15.622 -5.468 -4.593 -14.288 -0.081 0.000 -11.994
3 16 5.565 -6.990 -13.881 5.901 -8.967 -14.239 -0.182 -7.283 -15.901
3 16 5.565 -3.695 -13.821 4.642 0.001 -11.207 9.741 -1.541 -9.445
3 16 4.642 0.001 -11.207 8.783 0.000 -8.882 9.741 -1.541 -9.445
3 16 10.714 -3.539 -10.000 5.565 -3.695 -13.821 9.741 -1.541 -9.445
3 16 9.741 -1.541 -9.445 13.449 -3.588 -4.436 10.714 -3.539 -10.000
3 16 10.714 -3.539 -10.000 13.449 -3.588 -4.436 14.406 -4.581 -5.367
3 16 13.508 -2.302 -3.891 12.540 -1.662 -5.300 12.884 -1.040 0.350
3 16 15.095 -3.678 1.152 13.508 -2.302 -3.891 12.884 -1.040 0.350
3 16 12.884 -1.040 0.350 12.540 -1.662 -5.300 12.664 -0.778 0.270
3 16 11.719 -2.769 4.932 12.884 -1.040 0.350 11.344 -0.431 5.108
3 16 11.344 -0.431 5.108 12.884 -1.040 0.350 12.664 -0.778 0.270
3 16 14.959 -9.311 5.850 15.258 -8.670 6.476 11.326 -9.203 11.050
3 16 11.326 -9.203 11.050 15.258 -8.670 6.476 11.368 -8.877 11.358
3 16 7.708 -8.642 13.201 9.037 -9.057 12.626 8.278 -8.178 13.286
3 16 8.278 -8.178 13.286 9.037 -9.057 12.626 9.251 -8.691 12.853
3 16 -6.038 -10.621 -14.390 -11.564 -9.435 -11.662 -5.952 -9.181 -14.251
3 16 -5.952 -9.181 -14.251 -11.564 -9.435 -11.662 -11.569 -8.415 -11.561
3 16 -5.468 -4.593 -14.288 -2.191 -6.946 -15.622 -5.844 -6.970 -14.024
3 16 -6.038 -10.621 -14.390 -5.952 -9.181 -14.251 0.336 -11.614 -15.460
3 16 -5.952 -9.181 -14.251 -2.191 -6.946 -15.622 0.336 -11.614 -15.460
3 16 -2.191 -6.946 -15.622 -0.182 -7.283 -15.901 0.336 -11.614 -15.460
3 16 -0.182 -7.283 -15.901 5.901 -8.967 -14.239 0.336 -11.614 -15.460
3 16 0.336 -11.614 -15.460 5.901 -8.967 -14.239 6.038 -10.575 -14.578
3 16 5.901 -8.967 -14.239 5.565 -6.990 -13.881 11.029 -8.239 -11.202
3 16 11.029 -8.239 -11.202 5.565 -6.990 -13.881 10.669 -6.888 -10.715
3 16 11.029 -8.239 -11.202 10.669 -6.888 -10.715 15.179 -8.169 -6.755
3 16 15.179 -8.169 -6.755 10.669 -6.888 -10.715 14.466 -6.768 -6.262
3 16 16.826 -8.480 -0.027 15.179 -8.169 -6.755 15.807 -5.871 0.272
3 16 15.179 -8.169 -6.755 14.466 -6.768 -6.262 15.807 -5.871 0.272
3 16 14.466 -6.768 -6.262 14.406 -4.581 -5.367 15.807 -5.871 0.272
3 16 -15.025 -8.397 -6.634 -15.089 -8.996 -6.539 -16.868 -8.388 0.161
3 16 -15.089 -8.996 -6.539 -14.461 -9.329 -6.069 -16.868 -8.388 0.161
3 16 -16.868 -8.388 0.161 -14.461 -9.329 -6.069 -16.863 -8.824 0.114
3 16 -14.461 -9.329 -6.069 -16.441 -9.080 0.223 -16.863 -8.824 0.114
3 16 -13.911 -9.181 6.804 -15.215 -8.640 6.117 -16.441 -9.080 0.223
3 16 -16.868 -8.388 0.161 -16.863 -8.824 0.114 -15.215 -8.640 6.117
3 16 -16.863 -8.824 0.114 -16.441 -9.080 0.223 -15.215 -8.640 6.117
3 16 -15.215 -8.640 6.117 -13.911 -9.181 6.804 -11.411 -8.814 11.292
3 16 -11.411 -8.814 11.292 -13.911 -9.181 6.804 -10.253 -9.363 11.551
3 16 9.320 -1.370 9.453 8.517 0.000 8.442 5.401 -1.938 11.835
3 16 5.401 -1.938 11.835 8.517 0.000 8.442 4.545 -0.058 10.178
3 16 5.401 -1.938 11.835 4.545 -0.058 10.178 0.020 -1.637 12.645
3 16 0.020 -1.637 12.645 4.545 -0.058 10.178 0.140 -0.054 10.678
3 16 0.140 -0.054 10.678 -4.220 -0.042 10.225 0.020 -1.637 12.645
3 16 0.020 -1.637 12.645 -4.220 -0.042 10.225 -5.072 -2.024 11.856
3 16 -4.220 -0.042 10.225 -8.371 0.001 8.270 -5.072 -2.024 11.856
3 16 -5.072 -2.024 11.856 -8.371 0.001 8.270 -9.497 -1.676 9.425
3 16 -13.188 -4.154 5.603 -12.119 -3.216 5.227 -13.769 -2.277 0.813
3 16 -13.769 -2.277 0.813 -12.119 -3.216 5.227 -13.076 -1.559 0.918
3 16 -11.836 -1.535 5.168 -13.076 -1.559 0.918 -12.119 -3.216 5.227
3 16 -10.522 0.000 -4.285 -12.128 -1.592 -5.154 -11.633 0.000 0.034
3 16 -11.633 0.000 0.034 -12.128 -1.592 -5.154 -13.076 -1.559 0.918
3 16 -13.076 -1.559 0.918 -12.128 -1.592 -5.154 -13.769 -2.277 0.813
3 16 -12.128 -1.592 -5.154 -14.659 -3.133 -0.057 -13.769 -2.277 0.813
3 16 -10.522 0.000 -4.285 -8.280 0.000 -8.344 -12.128 -1.592 -5.154
3 16 -12.128 -1.592 -5.154 -8.280 0.000 -8.344 -10.936 -2.875 -9.653
3 16 8.783 0.000 -8.882 11.128 0.000 -4.653 9.741 -1.541 -9.445
3 16 9.741 -1.541 -9.445 11.128 0.000 -4.653 12.540 -1.662 -5.300
3 16 12.540 -1.662 -5.300 11.128 0.000 -4.653 12.664 -0.778 0.270
3 16 12.664 -0.778 0.270 11.128 0.000 -4.653 11.965 -0.001 -0.101
3 16 11.965 -0.001 -0.101 11.098 0.000 4.575 12.664 -0.778 0.270
3 16 12.664 -0.778 0.270 11.098 0.000 4.575 11.344 -0.431 5.108
3 16 0.336 -11.614 -15.460 0.000 -11.844 -13.045 -6.038 -10.621 -14.390
3 16 -6.038 -10.621 -14.390 0.000 -11.844 -13.045 -4.992 -10.954 -12.052
3 16 0.000 -11.844 -13.045 0.336 -11.614 -15.460 4.992 -10.803 -12.052
3 16 4.992 -10.803 -12.052 0.336 -11.614 -15.460 6.038 -10.575 -14.578
3 16 -4.992 -10.954 -12.052 -9.224 -9.793 -9.224 -6.038 -10.621 -14.390
3 16 -6.038 -10.621 -14.390 -9.224 -9.793 -9.224 -11.564 -9.435 -11.662
3 16 -11.183 -8.823 -7.040 -13.379 -9.163 -9.270 -9.224 -9.793 -9.224
3 16 -9.224 -9.793 -9.224 -13.379 -9.163 -9.270 -11.564 -9.435 -11.662
3 16 -11.183 -8.823 -7.040 -13.030 -9.166 -7.224 -13.379 -9.163 -9.270
3 16 4.992 -10.803 -12.052 6.038 -10.575 -14.578 9.224 -9.364 -9.224
3 16 9.224 -9.364 -9.224 6.038 -10.575 -14.578 11.329 -9.437 -11.650
3 16 11.329 -9.437 -11.650 13.392 -9.246 -9.014 9.224 -9.364 -9.224
3 16 9.224 -9.364 -9.224 13.392 -9.246 -9.014 11.030 -8.913 -7.346
3 16 15.696 -8.599 0.341 14.080 -8.599 -6.276 16.363 -9.297 0.067
3 16 16.363 -9.297 0.067 14.080 -8.599 -6.276 14.805 -9.373 -6.812
3 16 14.216 -8.598 5.905 15.696 -8.599 0.341 14.959 -9.311 5.850
3 16 14.959 -9.311 5.850 15.696 -8.599 0.341 16.363 -9.297 0.067
3 16 10.697 -8.599 10.679 14.216 -8.598 5.905 11.326 -9.203 11.050
3 16 11.326 -9.203 11.050 14.216 -8.598 5.905 14.959 -9.311 5.850
3 16 11.326 -9.203 11.050 9.037 -9.057 12.626 10.697 -8.599 10.679
3 16 7.421 -8.599 12.650 10.697 -8.599 10.679 7.708 -8.642 13.201
3 16 9.037 -9.057 12.626 7.708 -8.642 13.201 10.697 -8.599 10.679
3 16 -8.268 -9.140 13.272 -9.017 -8.699 13.217 -10.253 -9.363 11.551
3 16 -10.253 -9.363 11.551 -9.017 -8.699 13.217 -11.411 -8.814 11.292
3 16 -11.836 -1.535 5.168 -10.763 0.001 4.587 -13.076 -1.559 0.918
3 16 -13.076 -1.559 0.918 -10.763 0.001 4.587 -11.633 0.000 0.034
3 16 -11.836 -1.535 5.168 -12.119 -3.216 5.227 -9.820 -2.762 9.788
3 16 -9.820 -2.762 9.788 -12.119 -3.216 5.227 -9.946 -4.419 10.035
3 16 -11.411 -8.814 11.292 -10.408 -5.408 10.448 -15.215 -8.640 6.117
3 16 -15.215 -8.640 6.117 -10.408 -5.408 10.448 -14.154 -5.874 5.939
3 16 -10.408 -5.408 10.448 -13.556 -4.484 5.740 -14.154 -5.874 5.939
3 16 -12.119 -3.216 5.227 -13.188 -4.154 5.603 -9.946 -4.419 10.035
3 16 -10.408 -5.408 10.448 -9.946 -4.419 10.035 -13.556 -4.484 5.740
3 16 -9.946 -4.419 10.035 -13.188 -4.154 5.603 -13.556 -4.484 5.740
3 16 -10.936 -2.875 -9.653 -10.978 -4.515 -10.587 -12.925 -4.230 -8.391
3 16 -10.978 -4.515 -10.587 -10.698 -6.934 -10.695 -12.925 -4.230 -8.391
3 16 -10.698 -6.934 -10.695 -14.409 -7.004 -6.040 -12.925 -4.230 -8.391
3 16 -14.604 -5.027 -5.730 -12.925 -4.230 -8.391 -14.409 -7.004 -6.040
3 16 -16.868 -8.388 0.161 -16.471 -6.471 -0.309 -15.025 -8.397 -6.634
3 16 -15.025 -8.397 -6.634 -16.471 -6.471 -0.309 -14.409 -7.004 -6.040
3 16 -16.471 -6.471 -0.309 -14.604 -5.027 -5.730 -14.409 -7.004 -6.040
3 16 -12.315 -3.265 -5.313 -14.604 -5.027 -5.730 -15.061 -4.734 -0.072
3 16 -15.061 -4.734 -0.072 -14.604 -5.027 -5.730 -16.471 -6.471 -0.309
3 16 -15.215 -8.640 6.117 -14.154 -5.874 5.939 -16.868 -8.388 0.161
3 16 -16.868 -8.388 0.161 -14.154 -5.874 5.939 -16.471 -6.471 -0.309
3 16 -14.154 -5.874 5.939 -15.061 -4.734 -0.072 -16.471 -6.471 -0.309
3 16 -4.972 -4.789 11.560 -3.469 -5.225 12.647 -5.710 -7.877 11.990
3 16 -4.972 -4.789 11.560 0.000 -3.884 12.200 -3.469 -5.225 12.647
3 16 -3.469 -5.225 12.647 0.000 -3.884 12.200 0.009 -4.823 12.802
3 16 0.009 -4.823 12.802 0.000 -3.884 12.200 4.518 -5.472 12.267
3 16 4.518 -5.472 12.267 0.000 -3.884 12.200 4.669 -3.884 11.271
3 16 6.826 -4.871 10.585 6.644 -8.231 11.462 5.612 -5.912 11.963
3 16 6.826 -4.871 10.585 5.612 -5.912 11.963 4.669 -3.884 11.271
3 16 4.669 -3.884 11.271 5.612 -5.912 11.963 4.518 -5.472 12.267
3 16 5.246 -4.865 13.327 -0.017 -3.953 13.887 4.518 -5.472 12.267
3 16 4.518 -5.472 12.267 -0.017 -3.953 13.887 0.009 -4.823 12.802
3 16 -0.017 -3.953 13.887 -3.381 -4.104 13.732 0.009 -4.823 12.802
3 16 -4.527 -4.678 13.720 -3.469 -5.225 12.647 -3.381 -4.104 13.732
3 16 -3.381 -4.104 13.732 -3.469 -5.225 12.647 0.009 -4.823 12.802
3 16 16.826 -8.480 -0.027 15.807 -5.871 0.272 15.258 -8.670 6.476
3 16 15.258 -8.670 6.476 15.807 -5.871 0.272 14.070 -4.971 5.950
3 16 14.070 -4.971 5.950 15.807 -5.871 0.272 15.266 -4.887 0.696
3 16 15.266 -4.887 0.696 15.095 -3.678 1.152 14.070 -4.971 5.950
3 16 7.107 -7.416 13.408 10.782 -6.676 10.899 6.760 -6.373 13.295
3 16 6.760 -6.373 13.295 10.782 -6.676 10.899 9.789 -4.710 9.921
3 16 10.782 -6.676 10.899 14.070 -4.971 5.950 9.789 -4.710 9.921
3 16 9.789 -4.710 9.921 14.070 -4.971 5.950 11.719 -2.769 4.932
3 16 14.070 -4.971 5.950 15.095 -3.678 1.152 11.719 -2.769 4.932
3 16 11.719 -2.769 4.932 15.095 -3.678 1.152 12.884 -1.040 0.350
3 16 11.098 0.000 4.575 8.517 0.000 8.442 11.344 -0.431 5.108
3 16 9.912 -2.964 10.211 11.344 -0.431 5.108 9.320 -1.370 9.453
3 16 9.320 -1.370 9.453 11.344 -0.431 5.108 8.517 0.000 8.442
3 16 5.401 -1.938 11.835 5.246 -4.865 13.327 9.320 -1.370 9.453
3 16 5.246 -4.865 13.327 6.227 -5.424 13.106 9.320 -1.370 9.453
3 16 9.320 -1.370 9.453 6.227 -5.424 13.106 9.912 -2.964 10.211
3 16 14.406 -4.581 -5.367 14.466 -6.768 -6.262 10.714 -3.539 -10.000
3 16 10.714 -3.539 -10.000 14.466 -6.768 -6.262 10.669 -6.888 -10.715
3 16 9.741 -1.541 -9.445 12.540 -1.662 -5.300 13.449 -3.588 -4.436
3 16 13.449 -3.588 -4.436 12.540 -1.662 -5.300 13.508 -2.302 -3.891
3 16 10.714 -3.539 -10.000 10.669 -6.888 -10.715 5.565 -3.695 -13.821
3 16 5.565 -3.695 -13.821 10.669 -6.888 -10.715 5.565 -6.990 -13.881
3 16 16.363 -9.297 0.067 16.826 -8.480 -0.027 14.959 -9.311 5.850
3 16 14.959 -9.311 5.850 16.826 -8.480 -0.027 15.258 -8.670 6.476
3 16 14.805 -9.373 -6.812 15.179 -8.169 -6.755 16.363 -9.297 0.067
3 16 16.363 -9.297 0.067 15.179 -8.169 -6.755 16.826 -8.480 -0.027
3 16 11.329 -9.437 -11.650 11.029 -8.239 -11.202 13.392 -9.246 -9.014
3 16 11.029 -8.239 -11.202 15.179 -8.169 -6.755 13.392 -9.246 -9.014
3 16 13.392 -9.246 -9.014 15.179 -8.169 -6.755 14.805 -9.373 -6.812
3 16 6.038 -10.575 -14.578 5.901 -8.967 -14.239 11.329 -9.437 -11.650
3 16 11.329 -9.437 -11.650 5.901 -8.967 -14.239 11.029 -8.239 -11.202
3 16 -5.468 -4.593 -14.288 -5.844 -6.970 -14.024 -10.978 -4.515 -10.587
3 16 -10.978 -4.515 -10.587 -5.844 -6.970 -14.024 -10.698 -6.934 -10.695
3 16 -11.569 -8.415 -11.561 -15.025 -8.397 -6.634 -10.698 -6.934 -10.695
3 16 -10.698 -6.934 -10.695 -15.025 -8.397 -6.634 -14.409 -7.004 -6.040
3 16 -11.569 -8.415 -11.561 -10.698 -6.934 -10.695 -5.952 -9.181 -14.251
3 16 -5.952 -9.181 -14.251 -10.698 -6.934 -10.695 -5.844 -6.970 -14.024
3 16 -7.113 0.001 4.107 -8.214 0.001 0.000 -10.763 0.001 4.587
3 16 -10.763 0.001 4.587 -8.214 0.001 0.000 -11.633 0.000 0.034
3 16 -2.191 -6.946 -15.622 -5.952 -9.181 -14.251 -5.844 -6.970 -14.024
3 16 5.565 -3.695 -13.821 5.565 -6.990 -13.881 -0.182 -7.283 -15.901
3 16 -6.907 -8.673 13.780 -7.176 -8.324 14.188 -8.268 -9.140 13.272
3 16 -8.268 -9.140 13.272 -7.176 -8.324 14.188 -9.017 -8.699 13.217
3 16 -6.907 -8.673 13.780 -6.211 -7.196 13.817 -7.176 -8.324 14.188
3 16 -10.408 -5.408 10.448 -11.411 -8.814 11.292 -8.434 -5.428 12.298
3 16 -11.411 -8.814 11.292 -9.017 -8.699 13.217 -8.434 -5.428 12.298
3 16 -9.946 -4.419 10.035 -8.434 -5.428 12.298 -9.820 -2.762 9.788
3 16 -9.820 -2.762 9.788 -8.434 -5.428 12.298 -6.155 -3.778 12.841
3 16 -6.155 -3.778 12.841 -8.434 -5.428 12.298 -7.176 -8.324 14.188
3 16 -8.434 -5.428 12.298 -9.017 -8.699 13.217 -7.176 -8.324 14.188
3 16 -6.907 -8.673 13.780 -6.423 -8.599 13.056 -6.211 -7.196 13.817
3 16 -6.423 -8.599 13.056 -5.710 -7.877 11.990 -6.211 -7.196 13.817
3 16 -5.710 -7.877 11.990 -3.469 -5.225 12.647 -6.211 -7.196 13.817
3 16 -3.469 -5.225 12.647 -4.527 -4.678 13.720 -6.211 -7.196 13.817
3 16 -13.937 -8.599 -5.851 -13.303 -8.599 -6.692 -12.255 -8.222 -5.061
3 16 -12.255 -8.222 -5.061 -13.303 -8.599 -6.692 -11.183 -8.823 -7.040
3 16 -13.937 -8.599 -5.851 -15.757 -8.599 0.117 -14.461 -9.329 -6.069
3 16 -14.461 -9.329 -6.069 -15.757 -8.599 0.117 -16.441 -9.080 0.223
3 16 -13.911 -9.181 6.804 -16.441 -9.080 0.223 -13.665 -8.598 6.585
3 16 -13.665 -8.598 6.585 -16.441 -9.080 0.223 -15.757 -8.599 0.117
3 16 -10.253 -9.363 11.551 -13.911 -9.181 6.804 -9.970 -8.599 10.838
3 16 -9.970 -8.599 10.838 -13.911 -9.181 6.804 -13.665 -8.598 6.585
3 16 -6.907 -8.673 13.780 -8.268 -9.140 13.272 -6.423 -8.599 13.056
3 16 -6.423 -8.599 13.056 -8.268 -9.140 13.272 -9.970 -8.599 10.838
3 16 -9.970 -8.599 10.838 -8.268 -9.140 13.272 -10.253 -9.363 11.551
3 16 -14.461 -9.329 -6.069 -15.089 -8.996 -6.539 -13.379 -9.163 -9.270
3 16 -11.564 -9.435 -11.662 -13.379 -9.163 -9.270 -11.569 -8.415 -11.561
3 16 -11.569 -8.415 -11.561 -13.379 -9.163 -9.270 -15.025 -8.397 -6.634
3 16 -13.379 -9.163 -9.270 -15.089 -8.996 -6.539 -15.025 -8.397 -6.634
3 16 6.644 -8.231 11.462 9.349 -8.265 9.331 7.421 -8.599 12.650
3 16 7.421 -8.599 12.650 9.349 -8.265 9.331 10.697 -8.599 10.679
3 16 9.349 -8.265 9.331 12.229 -8.122 5.120 10.697 -8.599 10.679
3 16 10.697 -8.599 10.679 12.229 -8.122 5.120 14.216 -8.598 5.905
3 16 13.283 -7.815 -0.162 15.696 -8.599 0.341 12.229 -8.122 5.120
3 16 12.229 -8.122 5.120 15.696 -8.599 0.341 14.216 -8.598 5.905
3 16 12.268 -8.212 -5.084 14.080 -8.599 -6.276 13.283 -7.815 -0.162
3 16 13.283 -7.815 -0.162 14.080 -8.599 -6.276 15.696 -8.599 0.341
3 16 11.368 -8.877 11.358 15.258 -8.670 6.476 10.782 -6.676 10.899
3 16 10.782 -6.676 10.899 15.258 -8.670 6.476 14.070 -4.971 5.950
3 16 7.708 -8.642 13.201 8.278 -8.178 13.286 7.107 -7.416 13.408
3 16 7.708 -8.642 13.201 7.107 -7.416 13.408 7.421 -8.599 12.650
3 16 7.421 -8.599 12.650 7.107 -7.416 13.408 6.644 -8.231 11.462
3 16 7.107 -7.416 13.408 6.760 -6.373 13.295 6.644 -8.231 11.462
3 16 6.644 -8.231 11.462 6.760 -6.373 13.295 5.612 -5.912 11.963
3 16 5.612 -5.912 11.963 6.760 -6.373 13.295 6.227 -5.424 13.106
3 16 -15.757 -8.599 0.117 -13.937 -8.599 -5.851 -13.216 -7.792 -0.054
3 16 -13.216 -7.792 -0.054 -13.937 -8.599 -5.851 -12.255 -8.222 -5.061
3 16 -13.665 -8.598 6.585 -15.757 -8.599 0.117 -12.157 -8.094 5.118
3 16 -12.157 -8.094 5.118 -15.757 -8.599 0.117 -13.216 -7.792 -0.054
3 16 -9.970 -8.599 10.838 -13.665 -8.598 6.585 -9.279 -8.187 9.327
3 16 -9.279 -8.187 9.327 -13.665 -8.598 6.585 -12.157 -8.094 5.118
3 16 -6.423 -8.599 13.056 -9.970 -8.599 10.838 -5.710 -7.877 11.990
3 16 -5.710 -7.877 11.990 -9.970 -8.599 10.838 -9.279 -8.187 9.327
3 16 14.080 -8.599 -6.276 13.337 -8.598 -7.447 14.805 -9.373 -6.812
3 16 14.805 -9.373 -6.812 13.337 -8.598 -7.447 13.392 -9.246 -9.014
3 16 -13.937 -8.599 -5.851 -14.461 -9.329 -6.069 -13.303 -8.599 -6.692
3 16 -13.303 -8.599 -6.692 -14.461 -9.329 -6.069 -13.030 -9.166 -7.224
3 16 -11.183 -8.823 -7.040 -13.303 -8.599 -6.692 -13.030 -9.166 -7.224
3 16 -8.371 0.001 8.270 -4.220 -0.042 10.225 -4.922 0.000 8.538
3 16 -4.922 0.000 8.538 -4.220 -0.042 10.225 -3.802 0.000 9.248
3 16 -4.220 -0.042 10.225 0.140 -0.054 10.678 -3.802 0.000 9.248
3 16 -3.802 0.000 9.248 0.140 -0.054 10.678 0.065 0.001 9.944
3 16 4.545 -0.058 10.178 3.937 0.001 9.173 0.140 -0.054 10.678
3 16 0.140 -0.054 10.678 3.937 0.001 9.173 0.065 0.001 9.944
3 16 8.517 0.000 8.442 4.863 0.001 8.457 4.545 -0.058 10.178
3 16 4.545 -0.058 10.178 4.863 0.001 8.457 3.937 0.001 9.173
3 16 -4.972 -4.789 11.560 -3.794 -3.230 9.247 0.000 -3.884 12.200
3 16 0.000 -3.884 12.200 -3.794 -3.230 9.247 0.041 -3.230 9.955
3 16 -8.907 -4.856 8.906 -7.462 -2.741 7.451 -4.972 -4.789 11.560
3 16 -7.462 -2.741 7.451 -4.978 -2.562 8.594 -4.972 -4.789 11.560
3 16 -4.972 -4.789 11.560 -4.978 -2.562 8.594 -3.794 -3.230 9.247
3 16 -8.907 -4.856 8.906 -11.625 -4.837 4.830 -7.462 -2.741 7.451
3 16 -7.462 -2.741 7.451 -11.625 -4.837 4.830 -9.743 -2.743 4.032
3 16 -11.625 -4.837 4.830 -12.576 -4.769 -0.013 -9.743 -2.743 4.032
3 16 -9.743 -2.743 4.032 -12.576 -4.769 -0.013 -10.544 -2.744 0.000
3 16 -11.636 -4.868 -4.813 -9.743 -2.743 -4.032 -12.576 -4.769 -0.013
3 16 -12.576 -4.769 -0.013 -9.743 -2.743 -4.032 -10.544 -2.744 0.000
3 16 -8.936 -5.244 -8.921 -7.462 -2.741 -7.451 -11.636 -4.868 -4.813
3 16 -11.636 -4.868 -4.813 -7.462 -2.741 -7.451 -9.743 -2.743 -4.032
3 16 -4.824 -5.513 -11.681 -4.027 -2.739 -9.746 -8.936 -5.244 -8.921
3 16 -8.936 -5.244 -8.921 -4.027 -2.739 -9.746 -7.462 -2.741 -7.451
3 16 0.008 -5.720 -12.640 0.005 -2.742 -10.545 -4.824 -5.513 -11.681
3 16 -4.824 -5.513 -11.681 0.005 -2.742 -10.545 -4.027 -2.739 -9.746
3 16 0.008 -5.720 -12.640 4.834 -5.478 -11.667 0.005 -2.742 -10.545
3 16 0.005 -2.742 -10.545 4.834 -5.478 -11.667 4.036 -2.744 -9.741
3 16 4.834 -5.478 -11.667 8.918 -5.147 -8.923 4.036 -2.744 -9.741
3 16 4.036 -2.744 -9.741 8.918 -5.147 -8.923 7.454 -2.744 -7.458
3 16 8.918 -5.147 -8.923 11.634 -4.866 -4.825 7.454 -2.744 -7.458
3 16 7.454 -2.744 -7.458 11.634 -4.866 -4.825 9.740 -2.742 -4.041
3 16 11.634 -4.866 -4.825 12.587 -4.775 -0.046 9.740 -2.742 -4.041
3 16 9.740 -2.742 -4.041 12.587 -4.775 -0.046 10.546 -2.738 0.010
3 16 12.587 -4.775 -0.046 11.626 -4.845 4.835 10.546 -2.738 0.010
3 16 10.546 -2.738 0.010 11.626 -4.845 4.835 9.740 -2.742 4.041
3 16 8.905 -4.876 8.904 7.454 -2.744 7.458 11.626 -4.845 4.835
3 16 11.626 -4.845 4.835 7.454 -2.744 7.458 9.740 -2.742 4.041
3 16 4.965 -2.540 8.454 7.454 -2.744 7.458 6.826 -4.871 10.585
3 16 6.826 -4.871 10.585 7.454 -2.744 7.458 8.905 -4.876 8.904
3 16 3.985 -3.230 9.193 4.965 -2.540 8.454 4.669 -3.884 11.271
3 16 4.669 -3.884 11.271 4.965 -2.540 8.454 6.826 -4.871 10.585
3 16 0.000 -3.884 12.200 0.041 -3.230 9.955 4.669 -3.884 11.271
3 16 4.669 -3.884 11.271 0.041 -3.230 9.955 3.985 -3.230 9.193
3 16 3.937 0.001 9.173 3.985 -3.230 9.193 0.065 0.001 9.944
3 16 0.065 0.001 9.944 3.985 -3.230 9.193 0.041 -3.230 9.955
3 16 0.065 0.001 9.944 0.041 -3.230 9.955 -3.802 0.000 9.248
3 16 -3.802 0.000 9.248 0.041 -3.230 9.955 -3.794 -3.230 9.247
3 16 4.863 0.001 8.457 4.965 -2.540 8.454 3.937 0.001 9.173
3 16 3.937 0.001 9.173 4.965 -2.540 8.454 3.985 -3.230 9.193
3 16 5.081 0.001 6.775 5.081 -2.453 6.775 4.863 0.001 8.457
3 16 4.863 0.001 8.457 5.081 -2.453 6.775 4.965 -2.540 8.454
3 16 -4.978 -2.562 8.594 -4.922 0.000 8.538 -3.794 -3.230 9.247
3 16 -3.794 -3.230 9.247 -4.922 0.000 8.538 -3.802 0.000 9.248
3 16 -4.922 0.000 8.538 -4.978 -2.562 8.594 -5.095 0.001 6.870
3 16 -5.095 0.001 6.870 -4.978 -2.562 8.594 -5.095 -2.453 6.870
3 16 -7.176 -8.324 14.188 -6.211 -7.196 13.817 -6.155 -3.778 12.841
3 16 -6.211 -7.196 13.817 -4.527 -4.678 13.720 -6.155 -3.778 12.841
3 16 -4.527 -4.678 13.720 -3.381 -4.104 13.732 -6.155 -3.778 12.841
3 16 -9.820 -2.762 9.788 -6.155 -3.778 12.841 -9.497 -1.676 9.425
3 16 -9.497 -1.676 9.425 -6.155 -3.778 12.841 -5.072 -2.024 11.856
3 16 -6.155 -3.778 12.841 -3.381 -4.104 13.732 -5.072 -2.024 11.856
3 16 -5.072 -2.024 11.856 -3.381 -4.104 13.732 0.020 -1.637 12.645
3 16 -3.381 -4.104 13.732 -0.017 -3.953 13.887 0.020 -1.637 12.645
3 16 13.449 -3.588 -4.436 13.508 -2.302 -3.891 15.266 -4.887 0.696
3 16 15.266 -4.887 0.696 13.508 -2.302 -3.891 15.095 -3.678 1.152
3 16 15.266 -4.887 0.696 15.807 -5.871 0.272 13.449 -3.588 -4.436
3 16 13.449 -3.588 -4.436 15.807 -5.871 0.272 14.406 -4.581 -5.367
3 16 6.227 -5.424 13.106 5.246 -4.865 13.327 5.612 -5.912 11.963
3 16 5.612 -5.912 11.963 5.246 -4.865 13.327 4.518 -5.472 12.267
3 16 9.251 -8.691 12.853 9.037 -9.057 12.626 11.368 -8.877 11.358
3 16 11.368 -8.877 11.358 9.037 -9.057 12.626 11.326 -9.203 11.050
3 16 5.246 -4.865 13.327 5.401 -1.938 11.835 -0.017 -3.953 13.887
3 16 -0.017 -3.953 13.887 5.401 -1.938 11.835 0.020 -1.637 12.645
3 16 -8.434 -5.428 12.298 -9.946 -4.419 10.035 -10.408 -5.408 10.448
3 16 -14.659 -3.133 -0.057 -13.556 -4.484 5.740 -13.769 -2.277 0.813
3 16 -13.769 -2.277 0.813 -13.556 -4.484 5.740 -13.188 -4.154 5.603
3 16 -13.379 -9.163 -9.270 -13.030 -9.166 -7.224 -14.461 -9.329 -6.069
3 16 13.337 -8.598 -7.447 11.030 -8.913 -7.346 13.392 -9.246 -9.014
3 16 14.080 -8.599 -6.276 12.268 -8.212 -5.084 13.337 -8.598 -7.447
3 16 13.337 -8.598 -7.447 12.268 -8.212 -5.084 11.030 -8.913 -7.346
3 16 11.368 -8.877 11.358 10.782 -6.676 10.899 9.251 -8.691 12.853
3 16 7.107 -7.416 13.408 8.278 -8.178 13.286 10.782 -6.676 10.899
3 16 8.278 -8.178 13.286 9.251 -8.691 12.853 10.782 -6.676 10.899
2 24 8.214 -2.453 0.000 7.113 -2.453 4.107
2 24 7.113 0.001 4.107 8.214 0.001 0.000
2 24 5.081 -2.453 6.775 5.081 0.001 6.775
2 24 7.113 -2.453 4.107 5.081 -2.453 6.775
2 24 5.081 0.001 6.775 7.113 0.001 4.107
2 24 -5.095 -2.453 6.870 -7.113 -2.453 4.107
2 24 -7.113 0.001 4.107 -5.095 0.001 6.870
2 24 -5.095 0.001 6.870 -5.095 -2.453 6.870
2 24 -7.113 -2.453 4.107 -8.214 -2.453 0.000
2 24 -8.214 0.001 0.000 -7.113 0.001 4.107
2 24 -8.214 -2.453 0.000 -7.113 -2.453 -4.107
2 24 -7.113 0.001 -4.107 -8.214 0.001 0.000
2 24 -7.113 -2.453 -4.107 -4.107 -2.453 -7.113
2 24 -4.107 0.001 -7.113 -7.113 0.001 -4.107
2 24 -4.107 -2.453 -7.113 0.000 -2.453 -8.214
2 24 0.000 0.001 -8.214 -4.107 0.001 -7.113
2 24 0.000 -2.453 -8.214 4.107 -2.453 -7.113
2 24 4.107 0.001 -7.113 0.000 0.001 -8.214
2 24 4.107 -2.453 -7.113 7.113 -2.453 -4.107
2 24 7.113 0.001 -4.107 4.107 0.001 -7.113
2 24 7.113 -2.453 -4.107 8.214 -2.453 0.000
2 24 8.214 0.001 0.000 7.113 0.001 -4.107
2 24 4.965 -2.540 8.454 5.081 -2.453 6.775
2 24 -5.095 -2.453 6.870 -4.978 -2.562 8.594
2 24 13.283 -7.815 -0.162 12.229 -8.122 5.120
2 24 12.229 -8.122 5.120 9.349 -8.265 9.331
2 24 9.349 -8.265 9.331 6.644 -8.231 11.462
2 24 -5.710 -7.877 11.990 -9.279 -8.187 9.327
2 24 -9.279 -8.187 9.327 -12.157 -8.094 5.118
2 24 -12.157 -8.094 5.118 -13.216 -7.792 -0.054
2 24 -13.216 -7.792 -0.054 -12.255 -8.222 -5.061
2 24 -11.183 -8.823 -7.040 -9.224 -9.793 -9.224
2 24 -12.255 -8.222 -5.061 -11.183 -8.823 -7.040
2 24 -9.224 -9.793 -9.224 -4.992 -10.954 -12.052
2 24 -4.992 -10.954 -12.052 0.000 -11.844 -13.045
2 24 0.000 -11.844 -13.045 4.992 -10.803 -12.052
2 24 4.992 -10.803 -12.052 9.224 -9.364 -9.224
2 24 9.224 -9.364 -9.224 11.030 -8.913 -7.346
2 24 11.030 -8.913 -7.346 12.268 -8.212 -5.084
2 24 12.268 -8.212 -5.084 13.283 -7.815 -0.162
2 24 8.517 0.000 8.442 11.098 0.000 4.575
2 24 5.081 0.001 6.775 4.863 0.001 8.457
2 24 -10.763 0.001 4.587 -8.371 0.001 8.270
2 24 -4.922 0.000 8.538 -5.095 0.001 6.870
2 24 -10.522 0.000 -4.285 -11.633 0.000 0.034
2 24 -4.728 -0.001 -11.071 -8.280 0.000 -8.344
2 24 -8.280 0.000 -8.344 -10.522 0.000 -4.285
2 24 -0.081 0.000 -11.994 -4.728 -0.001 -11.071
2 24 4.642 0.001 -11.207 -0.081 0.000 -11.994
2 24 8.783 0.000 -8.882 4.642 0.001 -11.207
2 24 11.128 0.000 -4.653 8.783 0.000 -8.882
2 24 11.965 -0.001 -0.101 11.128 0.000 -4.653
2 24 11.098 0.000 4.575 11.965 -0.001 -0.101
2 24 9.789 -4.710 9.921 11.719 -2.769 4.932
2 24 11.344 -0.431 5.108 9.912 -2.964 10.211
2 24 6.760 -6.373 13.295 9.789 -4.710 9.921
2 24 6.227 -5.424 13.106 6.760 -6.373 13.295
2 24 -11.836 -1.535 5.168 -9.820 -2.762 9.788
2 24 -13.556 -4.484 5.740 -14.659 -3.133 -0.057
2 24 -14.659 -3.133 -0.057 -12.128 -1.592 -5.154
2 24 -12.925 -4.230 -8.391 -14.604 -5.027 -5.730
2 24 -12.128 -1.592 -5.154 -10.936 -2.875 -9.653
2 24 -10.936 -2.875 -9.653 -12.925 -4.230 -8.391
2 24 -5.468 -4.593 -14.288 -10.978 -4.515 -10.587
2 24 5.565 -3.695 -13.821 -0.182 -7.283 -15.901
2 24 -2.191 -6.946 -15.622 -5.468 -4.593 -14.288
2 24 5.901 -8.967 -14.239 -0.182 -7.283 -15.901
2 24 10.714 -3.539 -10.000 5.565 -3.695 -13.821
2 24 9.741 -1.541 -9.445 13.449 -3.588 -4.436
2 24 14.406 -4.581 -5.367 10.714 -3.539 -10.000
2 24 13.508 -2.302 -3.891 12.540 -1.662 -5.300
2 24 15.095 -3.678 1.152 13.508 -2.302 -3.891
2 24 11.719 -2.769 4.932 12.884 -1.040 0.350
2 24 12.664 -0.778 0.270 11.344 -0.431 5.108
2 24 11.326 -9.203 11.050 14.959 -9.311 5.850
2 24 15.258 -8.670 6.476 11.368 -8.877 11.358
2 24 7.708 -8.642 13.201 9.037 -9.057 12.626
2 24 9.251 -8.691 12.853 8.278 -8.178 13.286
2 24 -6.038 -10.621 -14.390 -11.564 -9.435 -11.662
2 24 -11.569 -8.415 -11.561 -5.952 -9.181 -14.251
2 24 0.336 -11.614 -15.460 -6.038 -10.621 -14.390
2 24 -5.952 -9.181 -14.251 -2.191 -6.946 -15.622
2 24 6.038 -10.575 -14.578 0.336 -11.614 -15.460
2 24 11.029 -8.239 -11.202 5.901 -8.967 -14.239
2 24 5.565 -6.990 -13.881 10.669 -6.888 -10.715
2 24 15.179 -8.169 -6.755 11.029 -8.239 -11.202
2 24 10.669 -6.888 -10.715 14.466 -6.768 -6.262
2 24 16.826 -8.480 -0.027 15.179 -8.169 -6.755
2 24 14.406 -4.581 -5.367 15.807 -5.871 0.272
2 24 -16.868 -8.388 0.161 -15.025 -8.397 -6.634
2 24 -14.461 -9.329 -6.069 -16.441 -9.080 0.223
2 24 -16.441 -9.080 0.223 -13.911 -9.181 6.804
2 24 -15.215 -8.640 6.117 -16.868 -8.388 0.161
2 24 -11.411 -8.814 11.292 -15.215 -8.640 6.117
2 24 -13.911 -9.181 6.804 -10.253 -9.363 11.551
2 24 8.517 0.000 8.442 4.545 -0.058 10.178
2 24 4.545 -0.058 10.178 0.140 -0.054 10.678
2 24 0.140 -0.054 10.678 -4.220 -0.042 10.225
2 24 -4.220 -0.042 10.225 -8.371 0.001 8.270
2 24 -13.769 -2.277 0.813 -13.188 -4.154 5.603
2 24 -13.076 -1.559 0.918 -13.769 -2.277 0.813
2 24 -11.836 -1.535 5.168 -13.076 -1.559 0.918
2 24 12.540 -1.662 -5.300 9.741 -1.541 -9.445
2 24 -13.379 -9.163 -9.270 -11.564 -9.435 -11.662
2 24 -11.183 -8.823 -7.040 -13.030 -9.166 -7.224
2 24 6.038 -10.575 -14.578 11.329 -9.437 -11.650
2 24 11.329 -9.437 -11.650 13.392 -9.246 -9.014
2 24 15.696 -8.599 0.341 14.080 -8.599 -6.276
2 24 14.805 -9.373 -6.812 16.363 -9.297 0.067
2 24 14.216 -8.598 5.905 15.696 -8.599 0.341
2 24 16.363 -9.297 0.067 14.959 -9.311 5.850
2 24 10.697 -8.599 10.679 14.216 -8.598 5.905
2 24 11.326 -9.203 11.050 9.037 -9.057 12.626
2 24 7.421 -8.599 12.650 10.697 -8.599 10.679
2 24 7.708 -8.642 13.201 7.421 -8.599 12.650
2 24 -10.253 -9.363 11.551 -8.268 -9.140 13.272
2 24 -9.017 -8.699 13.217 -11.411 -8.814 11.292
2 24 -10.763 0.001 4.587 -11.633 0.000 0.034
2 24 -12.119 -3.216 5.227 -9.946 -4.419 10.035
2 24 -10.978 -4.515 -10.587 -12.925 -4.230 -8.391
2 24 -10.698 -6.934 -10.695 -14.409 -7.004 -6.040
2 24 -16.471 -6.471 -0.309 -14.604 -5.027 -5.730
2 24 -3.469 -5.225 12.647 -5.710 -7.877 11.990
2 24 0.009 -4.823 12.802 -3.469 -5.225 12.647
2 24 4.518 -5.472 12.267 0.009 -4.823 12.802
2 24 6.644 -8.231 11.462 5.612 -5.912 11.963
2 24 5.612 -5.912 11.963 4.518 -5.472 12.267
2 24 5.246 -4.865 13.327 -0.017 -3.953 13.887
2 24 -0.017 -3.953 13.887 -3.381 -4.104 13.732
2 24 -3.381 -4.104 13.732 -4.527 -4.678 13.720
2 24 15.258 -8.670 6.476 16.826 -8.480 -0.027
2 24 15.095 -3.678 1.152 14.070 -4.971 5.950
2 24 6.760 -6.373 13.295 7.107 -7.416 13.408
2 24 5.246 -4.865 13.327 6.227 -5.424 13.106
2 24 14.805 -9.373 -6.812 13.392 -9.246 -9.014
2 24 -5.844 -6.970 -14.024 -10.698 -6.934 -10.695
2 24 -11.569 -8.415 -11.561 -15.025 -8.397 -6.634
2 24 -6.907 -8.673 13.780 -7.176 -8.324 14.188
2 24 -8.268 -9.140 13.272 -6.907 -8.673 13.780
2 24 -7.176 -8.324 14.188 -9.017 -8.699 13.217
2 24 -6.907 -8.673 13.780 -6.211 -7.196 13.817
2 24 -6.211 -7.196 13.817 -7.176 -8.324 14.188
2 24 -9.946 -4.419 10.035 -8.434 -5.428 12.298
2 24 -6.907 -8.673 13.780 -6.423 -8.599 13.056
2 24 -6.423 -8.599 13.056 -5.710 -7.877 11.990
2 24 -4.527 -4.678 13.720 -6.211 -7.196 13.817
2 24 -13.937 -8.599 -5.851 -13.303 -8.599 -6.692
2 24 -13.303 -8.599 -6.692 -11.183 -8.823 -7.040
2 24 -13.937 -8.599 -5.851 -15.757 -8.599 0.117
2 24 -15.757 -8.599 0.117 -13.665 -8.598 6.585
2 24 -13.665 -8.598 6.585 -9.970 -8.599 10.838
2 24 -9.970 -8.599 10.838 -6.423 -8.599 13.056
2 24 -13.379 -9.163 -9.270 -14.461 -9.329 -6.069
2 24 7.421 -8.599 12.650 6.644 -8.231 11.462
2 24 7.107 -7.416 13.408 7.708 -8.642 13.201
2 24 14.080 -8.599 -6.276 13.337 -8.598 -7.447
2 24 13.337 -8.598 -7.447 13.392 -9.246 -9.014
2 24 -14.461 -9.329 -6.069 -13.030 -9.166 -7.224
2 24 -13.030 -9.166 -7.224 -13.303 -8.599 -6.692
2 24 -3.802 0.000 9.248 -4.922 0.000 8.538
2 24 0.065 0.001 9.944 -3.802 0.000 9.248
2 24 3.937 0.001 9.173 0.065 0.001 9.944
2 24 4.863 0.001 8.457 3.937 0.001 9.173
2 24 -3.794 -3.230 9.247 0.041 -3.230 9.955
2 24 -4.978 -2.562 8.594 -3.794 -3.230 9.247
2 24 3.985 -3.230 9.193 4.965 -2.540 8.454
2 24 0.041 -3.230 9.955 3.985 -3.230 9.193
2 24 4.863 0.001 8.457 4.965 -2.540 8.454
2 24 -4.978 -2.562 8.594 -4.922 0.000 8.538
2 24 15.266 -4.887 0.696 13.449 -3.588 -4.436
2 24 11.368 -8.877 11.358 9.251 -8.691 12.853
2 24 13.337 -8.598 -7.447 11.030 -8.913 -7.346
