0 Hi-Res Ring  6 x 0.1875
0 Name: 48\3-16rin6.dat
0 Author: BLStudio
0 !LICENSE Redistributable under CCAL version 2.0 : see CAreadme.txt

0 BFC CERTIFY CCW


4 16 6 0 0 7 0 0 6.940114 0 0.9136834 5.948669 0 0.7831572 
4 16 5.948669 0 0.7831572 6.940114 0 0.9136834 6.761481 0 1.811733 5.795555 0 1.552914 
4 16 5.795555 0 1.552914 6.761481 0 1.811733 6.467156 0 2.678784 5.543277 0 2.296101 
4 16 5.543277 0 2.296101 6.467156 0 2.678784 6.062178 0 3.5 5.196152 0 3 
4 16 5.196152 0 3 6.062178 0 3.5 5.553473 0 4.26133 4.76012 0 3.652569 
4 16 4.76012 0 3.652569 5.553473 0 4.26133 4.949748 0 4.949748 4.24264 0 4.24264 
4 16 4.24264 0 4.24264 4.949748 0 4.949748 4.26133 0 5.553473 3.652568 0 4.76012 
4 16 3.652568 0 4.76012 4.26133 0 5.553473 3.5 0 6.062178 3 0 5.196153 
4 16 3 0 5.196153 3.5 0 6.062178 2.678784 0 6.467156 2.296101 0 5.543277 
0
