0 Hi-Res Cone 20 x 0.375
0 Name: 48\3-8con20.dat
0 Author: BLStudio
0 !LICENSE Redistributable under CCAL version 2.0 : see CAreadme.txt

0 BFC CERTIFY CCW


5 24 20 1 0 21 0 0 0.9914449 0 -0.1305262 19.8289 1 2.610524 
4 16 21 0 0 20 1 0 19.8289 1 2.610524 20.82034 0 2.74105 
5 24 19.8289 1 2.610524 20.82034 0 2.74105 20 1 0 0.9659258 0 0.258819 
4 16 20.82034 0 2.74105 19.8289 1 2.610524 19.31852 1 5.176381 20.28444 0 5.4352 
5 24 19.31852 1 5.176381 20.28444 0 5.4352 19.8289 1 2.610524 0.9238795 0 0.3826835 
4 16 20.28444 0 5.4352 19.31852 1 5.176381 18.47759 1 7.653669 19.40147 0 8.036352 
5 24 18.47759 1 7.653669 19.40147 0 8.036352 19.31852 1 5.176381 0.8660254 0 0.5 
4 16 19.40147 0 8.036352 18.47759 1 7.653669 17.32051 1 10 18.18653 0 10.5 
5 24 17.32051 1 10 18.18653 0 10.5 18.47759 1 7.653669 0.7933533 0 0.6087614 
4 16 18.18653 0 10.5 17.32051 1 10 15.86707 1 12.17523 16.66042 0 12.78399 
5 24 15.86707 1 12.17523 16.66042 0 12.78399 17.32051 1 10 0.7071068 0 0.7071068 
4 16 16.66042 0 12.78399 15.86707 1 12.17523 14.14214 1 14.14214 14.84924 0 14.84924 
5 24 14.14214 1 14.14214 14.84924 0 14.84924 15.86707 1 12.17523 0.6087614 0 0.7933534 
4 16 14.84924 0 14.84924 14.14214 1 14.14214 12.17523 1 15.86707 12.78399 0 16.66042 
5 24 12.17523 1 15.86707 12.78399 0 16.66042 14.14214 1 14.14214 0.5 0 0.8660254 
4 16 12.78399 0 16.66042 12.17523 1 15.86707 9.999999 1 17.32051 10.5 0 18.18653 
5 24 9.999999 1 17.32051 10.5 0 18.18653 12.17523 1 15.86707 0.3826834 0 0.9238795 
4 16 10.5 0 18.18653 9.999999 1 17.32051 7.653668 1 18.47759 8.036352 0 19.40147 
5 24 7.653668 1 18.47759 8.036352 0 19.40147 9.999999 1 17.32051 0.2588191 0 0.9659258 
4 16 8.036352 0 19.40147 7.653668 1 18.47759 5.176382 1 19.31852 5.435201 0 20.28444 
5 24 5.176382 1 19.31852 5.435201 0 20.28444 7.653668 1 18.47759 0.1305261 0 0.9914449 
4 16 5.435201 0 20.28444 5.176382 1 19.31852 2.610523 1 19.8289 2.741049 0 20.82034 
5 24 2.610523 1 19.8289 2.741049 0 20.82034 5.176382 1 19.31852 -4.371139E-08 0 1 
4 16 2.741049 0 20.82034 2.610523 1 19.8289 -8.742278E-07 1 20 -9.179391E-07 0 21 
5 24 -8.742278E-07 1 20 -9.179391E-07 0 21 2.610523 1 19.8289 -0.1305262 0 0.9914449 
4 16 -9.179391E-07 0 21 -8.742278E-07 1 20 -2.610524 1 19.8289 -2.74105 0 20.82034 
5 24 -2.610524 1 19.8289 -2.74105 0 20.82034 -8.742278E-07 1 20 -0.2588192 0 0.9659258 
4 16 -2.74105 0 20.82034 -2.610524 1 19.8289 -5.176383 1 19.31852 -5.435203 0 20.28444 
5 24 -5.176383 1 19.31852 -5.435203 0 20.28444 -2.610524 1 19.8289 -0.3826835 0 0.9238795 
4 16 -5.435203 0 20.28444 -5.176383 1 19.31852 -7.65367 1 18.47759 -8.036354 0 19.40147 
5 24 -7.65367 1 18.47759 -8.036354 0 19.40147 -5.176383 1 19.31852 -0.5000001 0 0.8660254 
4 16 -8.036354 0 19.40147 -7.65367 1 18.47759 -10 1 17.32051 -10.5 0 18.18653 
5 24 -10 1 17.32051 -10.5 0 18.18653 -7.65367 1 18.47759 -0.6087614 0 0.7933533 
4 16 -10.5 0 18.18653 -10 1 17.32051 -12.17523 1 15.86707 -12.78399 0 16.66042 
5 24 -12.17523 1 15.86707 -12.78399 0 16.66042 -10 1 17.32051 -0.7071068 0 0.7071068 
4 16 -12.78399 0 16.66042 -12.17523 1 15.86707 -14.14214 1 14.14214 -14.84924 0 14.84924 
5 24 -14.14214 1 14.14214 -14.84924 0 14.84924 -12.17523 1 15.86707 -0.7933533 0 0.6087614 
0 // conditional lines
0 // Build by Primitive Generator 2
