0 FILE 3069bpb797.dat
0 Tile 1 x 2 with Groove with United States Flag Pattern
0 Name:  3069bpb797.dat
0 Author:  
0 BL_Item_No 3069bpb797
0 BFC CERTIFY CCW
3 16 -19.500 0.000 -0.720 -19.500 0.000 9.500 -20.000 0.000 10.000
3 16 -19.500 0.000 -2.180 -19.500 0.000 -0.720 -20.000 0.000 10.000
3 16 -19.500 0.000 -2.180 -20.000 0.000 10.000 -20.000 0.000 -10.000
3 16 -20.000 0.000 -10.000 -19.500 0.000 -3.640 -19.500 0.000 -2.180
3 16 -19.500 0.000 -3.640 -20.000 0.000 -10.000 -19.500 0.000 -5.100
3 16 -19.500 0.000 -5.100 -20.000 0.000 -10.000 -19.500 0.000 -6.560
3 16 -19.500 0.000 -8.020 -19.500 0.000 -6.560 -20.000 0.000 -10.000
3 16 -19.500 0.000 -8.020 -20.000 0.000 -10.000 -19.500 0.000 -9.500
3 16 -19.500 0.000 -9.500 -20.000 0.000 -10.000 20.000 0.000 -10.000
3 16 20.000 0.000 -10.000 19.500 0.000 -9.500 -19.500 0.000 -9.500
3 16 19.500 0.000 9.500 19.500 0.000 8.040 20.000 0.000 10.000
3 16 19.500 0.000 8.040 19.500 0.000 6.580 20.000 0.000 10.000
3 16 19.500 0.000 6.580 19.500 0.000 5.120 20.000 0.000 10.000
3 16 19.500 0.000 5.120 19.500 0.000 3.660 20.000 0.000 10.000
3 16 19.500 0.000 3.660 19.500 0.000 2.200 20.000 0.000 10.000
3 16 19.500 0.000 2.200 19.500 0.000 0.740 20.000 0.000 -10.000
3 16 20.000 0.000 -10.000 20.000 0.000 10.000 19.500 0.000 2.200
3 16 19.500 0.000 -0.720 20.000 0.000 -10.000 19.500 0.000 0.740
3 16 19.500 0.000 -2.180 20.000 0.000 -10.000 19.500 0.000 -0.720
3 16 19.500 0.000 -3.640 20.000 0.000 -10.000 19.500 0.000 -2.180
3 16 19.500 0.000 -5.100 20.000 0.000 -10.000 19.500 0.000 -3.640
3 16 19.500 0.000 -6.560 20.000 0.000 -10.000 19.500 0.000 -5.100
3 16 19.500 0.000 -8.020 20.000 0.000 -10.000 19.500 0.000 -6.560
3 16 19.500 0.000 -9.500 20.000 0.000 -10.000 19.500 0.000 -8.020
3 16 -19.500 0.000 9.500 -3.900 0.000 9.500 20.000 0.000 10.000
3 16 20.000 0.000 10.000 -20.000 0.000 10.000 -19.500 0.000 9.500
3 16 20.000 0.000 10.000 -3.900 0.000 9.500 19.500 0.000 9.500
3 4 19.500 0.000 9.500 -3.900 0.000 9.500 -3.900 0.000 8.040
3 4 -3.900 0.000 8.040 19.500 0.000 8.040 19.500 0.000 9.500
3 15 19.500 0.000 8.040 -3.900 0.000 8.040 -3.900 0.000 6.580
3 15 -3.900 0.000 6.580 19.500 0.000 6.580 19.500 0.000 8.040
3 4 19.500 0.000 6.580 -3.900 0.000 6.580 -3.900 0.000 5.120
3 4 -3.900 0.000 5.120 19.500 0.000 5.120 19.500 0.000 6.580
3 15 19.500 0.000 5.120 -3.900 0.000 5.120 -3.900 0.000 3.660
3 15 -3.900 0.000 3.660 19.500 0.000 3.660 19.500 0.000 5.120
3 4 19.500 0.000 3.660 -3.900 0.000 3.660 -3.900 0.000 2.200
3 4 -3.900 0.000 2.200 19.500 0.000 2.200 19.500 0.000 3.660
3 15 19.500 0.000 2.200 -3.900 0.000 2.200 -3.900 0.000 0.740
3 15 -3.900 0.000 0.740 19.500 0.000 0.740 19.500 0.000 2.200
3 4 19.500 0.000 0.740 -3.900 0.000 0.740 -3.900 0.000 -0.720
3 4 -3.900 0.000 -0.720 19.500 0.000 -0.720 19.500 0.000 0.740
3 15 -19.500 0.000 -0.720 -19.500 0.000 -2.180 -3.900 0.000 -0.720
3 15 -3.900 0.000 -0.720 -19.500 0.000 -2.180 19.500 0.000 -2.180
3 15 19.500 0.000 -2.180 19.500 0.000 -0.720 -3.900 0.000 -0.720
3 4 19.500 0.000 -2.180 -19.500 0.000 -2.180 -19.500 0.000 -3.640
3 4 -19.500 0.000 -3.640 19.500 0.000 -3.640 19.500 0.000 -2.180
3 15 19.500 0.000 -3.640 -19.500 0.000 -3.640 -19.500 0.000 -5.100
3 15 -19.500 0.000 -5.100 19.500 0.000 -5.100 19.500 0.000 -3.640
3 4 19.500 0.000 -5.100 -19.500 0.000 -5.100 -19.500 0.000 -6.560
3 4 -19.500 0.000 -6.560 19.500 0.000 -6.560 19.500 0.000 -5.100
3 15 19.500 0.000 -6.560 -19.500 0.000 -6.560 -19.500 0.000 -8.020
3 15 -19.500 0.000 -8.020 19.500 0.000 -8.020 19.500 0.000 -6.560
3 4 19.500 0.000 -8.020 -19.500 0.000 -8.020 -19.500 0.000 -9.500
3 4 -19.500 0.000 -9.500 19.500 0.000 -9.500 19.500 0.000 -8.020
3 15 -18.804 0.000 8.674 -18.431 0.000 8.403 -18.343 0.000 8.674
3 15 -18.343 0.000 8.674 -18.431 0.000 8.403 -17.969 0.000 8.403
3 15 -17.969 0.000 8.403 -18.057 0.000 8.674 -18.343 0.000 8.674
3 15 -18.200 0.000 8.235 -17.969 0.000 8.403 -18.431 0.000 8.403
3 15 -18.200 0.000 8.235 -18.431 0.000 8.403 -18.573 0.000 7.964
3 15 -17.969 0.000 8.403 -18.200 0.000 8.235 -17.827 0.000 7.964
3 15 -18.057 0.000 8.674 -17.969 0.000 8.403 -17.596 0.000 8.674
3 15 -18.343 0.000 8.674 -18.057 0.000 8.674 -18.200 0.000 9.113
3 15 -15.831 0.000 8.403 -15.743 0.000 8.674 -16.204 0.000 8.674
3 15 -15.743 0.000 8.674 -15.831 0.000 8.403 -15.369 0.000 8.403
3 15 -15.369 0.000 8.403 -15.457 0.000 8.674 -15.743 0.000 8.674
3 15 -15.369 0.000 8.403 -15.831 0.000 8.403 -15.600 0.000 8.235
3 15 -15.831 0.000 8.403 -15.973 0.000 7.964 -15.600 0.000 8.235
3 15 -15.600 0.000 8.235 -15.227 0.000 7.964 -15.369 0.000 8.403
3 15 -15.369 0.000 8.403 -14.996 0.000 8.674 -15.457 0.000 8.674
3 15 -15.457 0.000 8.674 -15.600 0.000 9.113 -15.743 0.000 8.674
3 15 -13.143 0.000 8.674 -13.604 0.000 8.674 -13.231 0.000 8.403
3 15 -13.143 0.000 8.674 -13.231 0.000 8.403 -12.769 0.000 8.403
3 15 -12.769 0.000 8.403 -12.857 0.000 8.674 -13.143 0.000 8.674
3 15 -13.231 0.000 8.403 -13.000 0.000 8.235 -12.769 0.000 8.403
3 15 -13.373 0.000 7.964 -13.000 0.000 8.235 -13.231 0.000 8.403
3 15 -12.627 0.000 7.964 -12.769 0.000 8.403 -13.000 0.000 8.235
3 15 -12.396 0.000 8.674 -12.857 0.000 8.674 -12.769 0.000 8.403
3 15 -13.000 0.000 9.113 -13.143 0.000 8.674 -12.857 0.000 8.674
3 15 -11.004 0.000 8.674 -10.631 0.000 8.403 -10.543 0.000 8.674
3 15 -10.543 0.000 8.674 -10.631 0.000 8.403 -10.169 0.000 8.403
3 15 -10.169 0.000 8.403 -10.257 0.000 8.674 -10.543 0.000 8.674
3 15 -10.400 0.000 8.235 -10.169 0.000 8.403 -10.631 0.000 8.403
3 15 -10.400 0.000 8.235 -10.631 0.000 8.403 -10.773 0.000 7.964
3 15 -10.169 0.000 8.403 -10.400 0.000 8.235 -10.027 0.000 7.964
3 15 -10.257 0.000 8.674 -10.169 0.000 8.403 -9.796 0.000 8.674
3 15 -10.543 0.000 8.674 -10.257 0.000 8.674 -10.400 0.000 9.113
3 15 -8.031 0.000 8.403 -7.943 0.000 8.674 -8.404 0.000 8.674
3 15 -7.943 0.000 8.674 -8.031 0.000 8.403 -7.569 0.000 8.403
3 15 -7.569 0.000 8.403 -7.657 0.000 8.674 -7.943 0.000 8.674
3 15 -7.569 0.000 8.403 -8.031 0.000 8.403 -7.800 0.000 8.235
3 15 -8.031 0.000 8.403 -8.173 0.000 7.964 -7.800 0.000 8.235
3 15 -7.800 0.000 8.235 -7.427 0.000 7.964 -7.569 0.000 8.403
3 15 -7.569 0.000 8.403 -7.196 0.000 8.674 -7.657 0.000 8.674
3 15 -7.657 0.000 8.674 -7.800 0.000 9.113 -7.943 0.000 8.674
3 15 -5.343 0.000 8.674 -5.804 0.000 8.674 -5.431 0.000 8.403
3 15 -5.343 0.000 8.674 -5.431 0.000 8.403 -4.969 0.000 8.403
3 15 -4.969 0.000 8.403 -5.057 0.000 8.674 -5.343 0.000 8.674
3 15 -5.431 0.000 8.403 -5.200 0.000 8.235 -4.969 0.000 8.403
3 15 -5.573 0.000 7.964 -5.200 0.000 8.235 -5.431 0.000 8.403
3 15 -4.827 0.000 7.964 -4.969 0.000 8.403 -5.200 0.000 8.235
3 15 -4.596 0.000 8.674 -5.057 0.000 8.674 -4.969 0.000 8.403
3 15 -5.200 0.000 9.113 -5.343 0.000 8.674 -5.057 0.000 8.674
3 15 -17.504 0.000 7.652 -17.131 0.000 7.381 -17.043 0.000 7.652
3 15 -17.043 0.000 7.652 -17.131 0.000 7.381 -16.669 0.000 7.381
3 15 -16.669 0.000 7.381 -16.757 0.000 7.652 -17.043 0.000 7.652
3 15 -16.900 0.000 7.213 -16.669 0.000 7.381 -17.131 0.000 7.381
3 15 -16.900 0.000 7.213 -17.131 0.000 7.381 -17.273 0.000 6.942
3 15 -16.669 0.000 7.381 -16.900 0.000 7.213 -16.527 0.000 6.942
3 15 -16.757 0.000 7.652 -16.669 0.000 7.381 -16.296 0.000 7.652
3 15 -17.043 0.000 7.652 -16.757 0.000 7.652 -16.900 0.000 8.091
3 15 -14.531 0.000 7.381 -14.443 0.000 7.652 -14.904 0.000 7.652
3 15 -14.443 0.000 7.652 -14.531 0.000 7.381 -14.069 0.000 7.381
3 15 -14.069 0.000 7.381 -14.157 0.000 7.652 -14.443 0.000 7.652
3 15 -14.069 0.000 7.381 -14.531 0.000 7.381 -14.300 0.000 7.213
3 15 -14.531 0.000 7.381 -14.673 0.000 6.942 -14.300 0.000 7.213
3 15 -14.300 0.000 7.213 -13.927 0.000 6.942 -14.069 0.000 7.381
3 15 -14.069 0.000 7.381 -13.696 0.000 7.652 -14.157 0.000 7.652
3 15 -14.157 0.000 7.652 -14.300 0.000 8.091 -14.443 0.000 7.652
3 15 -11.843 0.000 7.652 -12.304 0.000 7.652 -11.931 0.000 7.381
3 15 -11.843 0.000 7.652 -11.931 0.000 7.381 -11.469 0.000 7.381
3 15 -11.469 0.000 7.381 -11.557 0.000 7.652 -11.843 0.000 7.652
3 15 -11.931 0.000 7.381 -11.700 0.000 7.213 -11.469 0.000 7.381
3 15 -12.073 0.000 6.942 -11.700 0.000 7.213 -11.931 0.000 7.381
3 15 -11.327 0.000 6.942 -11.469 0.000 7.381 -11.700 0.000 7.213
3 15 -11.096 0.000 7.652 -11.557 0.000 7.652 -11.469 0.000 7.381
3 15 -11.700 0.000 8.091 -11.843 0.000 7.652 -11.557 0.000 7.652
3 15 -9.704 0.000 7.652 -9.331 0.000 7.381 -9.243 0.000 7.652
3 15 -9.243 0.000 7.652 -9.331 0.000 7.381 -8.869 0.000 7.381
3 15 -8.869 0.000 7.381 -8.957 0.000 7.652 -9.243 0.000 7.652
3 15 -9.100 0.000 7.213 -8.869 0.000 7.381 -9.331 0.000 7.381
3 15 -9.100 0.000 7.213 -9.331 0.000 7.381 -9.473 0.000 6.942
3 15 -8.869 0.000 7.381 -9.100 0.000 7.213 -8.727 0.000 6.942
3 15 -8.957 0.000 7.652 -8.869 0.000 7.381 -8.496 0.000 7.652
3 15 -9.243 0.000 7.652 -8.957 0.000 7.652 -9.100 0.000 8.091
3 15 -6.731 0.000 7.381 -6.643 0.000 7.652 -7.104 0.000 7.652
3 15 -6.643 0.000 7.652 -6.731 0.000 7.381 -6.269 0.000 7.381
3 15 -6.269 0.000 7.381 -6.357 0.000 7.652 -6.643 0.000 7.652
3 15 -6.269 0.000 7.381 -6.731 0.000 7.381 -6.500 0.000 7.213
3 15 -6.731 0.000 7.381 -6.873 0.000 6.942 -6.500 0.000 7.213
3 15 -6.500 0.000 7.213 -6.127 0.000 6.942 -6.269 0.000 7.381
3 15 -6.269 0.000 7.381 -5.896 0.000 7.652 -6.357 0.000 7.652
3 15 -6.357 0.000 7.652 -6.500 0.000 8.091 -6.643 0.000 7.652
3 15 -18.343 0.000 6.630 -18.804 0.000 6.630 -18.431 0.000 6.359
3 15 -18.343 0.000 6.630 -18.431 0.000 6.359 -17.969 0.000 6.359
3 15 -17.969 0.000 6.359 -18.057 0.000 6.630 -18.343 0.000 6.630
3 15 -18.431 0.000 6.359 -18.200 0.000 6.191 -17.969 0.000 6.359
3 15 -18.573 0.000 5.920 -18.200 0.000 6.191 -18.431 0.000 6.359
3 15 -17.827 0.000 5.920 -17.969 0.000 6.359 -18.200 0.000 6.191
3 15 -17.596 0.000 6.630 -18.057 0.000 6.630 -17.969 0.000 6.359
3 15 -18.200 0.000 7.069 -18.343 0.000 6.630 -18.057 0.000 6.630
3 15 -16.204 0.000 6.630 -15.831 0.000 6.359 -15.743 0.000 6.630
3 15 -15.743 0.000 6.630 -15.831 0.000 6.359 -15.369 0.000 6.359
3 15 -15.369 0.000 6.359 -15.457 0.000 6.630 -15.743 0.000 6.630
3 15 -15.600 0.000 6.191 -15.369 0.000 6.359 -15.831 0.000 6.359
3 15 -15.600 0.000 6.191 -15.831 0.000 6.359 -15.973 0.000 5.920
3 15 -15.369 0.000 6.359 -15.600 0.000 6.191 -15.227 0.000 5.920
3 15 -15.457 0.000 6.630 -15.369 0.000 6.359 -14.996 0.000 6.630
3 15 -15.743 0.000 6.630 -15.457 0.000 6.630 -15.600 0.000 7.069
3 15 -13.231 0.000 6.359 -13.143 0.000 6.630 -13.604 0.000 6.630
3 15 -13.143 0.000 6.630 -13.231 0.000 6.359 -12.769 0.000 6.359
3 15 -12.769 0.000 6.359 -12.857 0.000 6.630 -13.143 0.000 6.630
3 15 -12.769 0.000 6.359 -13.231 0.000 6.359 -13.000 0.000 6.191
3 15 -13.231 0.000 6.359 -13.373 0.000 5.920 -13.000 0.000 6.191
3 15 -13.000 0.000 6.191 -12.627 0.000 5.920 -12.769 0.000 6.359
3 15 -12.769 0.000 6.359 -12.396 0.000 6.630 -12.857 0.000 6.630
3 15 -12.857 0.000 6.630 -13.000 0.000 7.069 -13.143 0.000 6.630
3 15 -10.543 0.000 6.630 -11.004 0.000 6.630 -10.631 0.000 6.359
3 15 -10.543 0.000 6.630 -10.631 0.000 6.359 -10.169 0.000 6.359
3 15 -10.169 0.000 6.359 -10.257 0.000 6.630 -10.543 0.000 6.630
3 15 -10.631 0.000 6.359 -10.400 0.000 6.191 -10.169 0.000 6.359
3 15 -10.773 0.000 5.920 -10.400 0.000 6.191 -10.631 0.000 6.359
3 15 -10.027 0.000 5.920 -10.169 0.000 6.359 -10.400 0.000 6.191
3 15 -9.796 0.000 6.630 -10.257 0.000 6.630 -10.169 0.000 6.359
3 15 -10.400 0.000 7.069 -10.543 0.000 6.630 -10.257 0.000 6.630
3 15 -8.404 0.000 6.630 -8.031 0.000 6.359 -7.943 0.000 6.630
3 15 -7.943 0.000 6.630 -8.031 0.000 6.359 -7.569 0.000 6.359
3 15 -7.569 0.000 6.359 -7.657 0.000 6.630 -7.943 0.000 6.630
3 15 -7.800 0.000 6.191 -7.569 0.000 6.359 -8.031 0.000 6.359
3 15 -7.800 0.000 6.191 -8.031 0.000 6.359 -8.173 0.000 5.920
3 15 -7.569 0.000 6.359 -7.800 0.000 6.191 -7.427 0.000 5.920
3 15 -7.657 0.000 6.630 -7.569 0.000 6.359 -7.196 0.000 6.630
3 15 -7.943 0.000 6.630 -7.657 0.000 6.630 -7.800 0.000 7.069
3 15 -5.431 0.000 6.359 -5.343 0.000 6.630 -5.804 0.000 6.630
3 15 -5.343 0.000 6.630 -5.431 0.000 6.359 -4.969 0.000 6.359
3 15 -4.969 0.000 6.359 -5.057 0.000 6.630 -5.343 0.000 6.630
3 15 -4.969 0.000 6.359 -5.431 0.000 6.359 -5.200 0.000 6.191
3 15 -5.431 0.000 6.359 -5.573 0.000 5.920 -5.200 0.000 6.191
3 15 -5.200 0.000 6.191 -4.827 0.000 5.920 -4.969 0.000 6.359
3 15 -4.969 0.000 6.359 -4.596 0.000 6.630 -5.057 0.000 6.630
3 15 -5.057 0.000 6.630 -5.200 0.000 7.069 -5.343 0.000 6.630
3 15 -17.043 0.000 5.608 -17.504 0.000 5.608 -17.131 0.000 5.337
3 15 -17.043 0.000 5.608 -17.131 0.000 5.337 -16.669 0.000 5.337
3 15 -16.669 0.000 5.337 -16.757 0.000 5.608 -17.043 0.000 5.608
3 15 -17.131 0.000 5.337 -16.900 0.000 5.169 -16.669 0.000 5.337
3 15 -17.273 0.000 4.898 -16.900 0.000 5.169 -17.131 0.000 5.337
3 15 -16.527 0.000 4.898 -16.669 0.000 5.337 -16.900 0.000 5.169
3 15 -16.296 0.000 5.608 -16.757 0.000 5.608 -16.669 0.000 5.337
3 15 -16.900 0.000 6.047 -17.043 0.000 5.608 -16.757 0.000 5.608
3 15 -14.904 0.000 5.608 -14.531 0.000 5.337 -14.443 0.000 5.608
3 15 -14.443 0.000 5.608 -14.531 0.000 5.337 -14.069 0.000 5.337
3 15 -14.069 0.000 5.337 -14.157 0.000 5.608 -14.443 0.000 5.608
3 15 -14.300 0.000 5.169 -14.069 0.000 5.337 -14.531 0.000 5.337
3 15 -14.300 0.000 5.169 -14.531 0.000 5.337 -14.673 0.000 4.898
3 15 -14.069 0.000 5.337 -14.300 0.000 5.169 -13.927 0.000 4.898
3 15 -14.157 0.000 5.608 -14.069 0.000 5.337 -13.696 0.000 5.608
3 15 -14.443 0.000 5.608 -14.157 0.000 5.608 -14.300 0.000 6.047
3 15 -11.931 0.000 5.337 -11.843 0.000 5.608 -12.304 0.000 5.608
3 15 -11.843 0.000 5.608 -11.931 0.000 5.337 -11.469 0.000 5.337
3 15 -11.469 0.000 5.337 -11.557 0.000 5.608 -11.843 0.000 5.608
3 15 -11.469 0.000 5.337 -11.931 0.000 5.337 -11.700 0.000 5.169
3 15 -11.931 0.000 5.337 -12.073 0.000 4.898 -11.700 0.000 5.169
3 15 -11.700 0.000 5.169 -11.327 0.000 4.898 -11.469 0.000 5.337
3 15 -11.469 0.000 5.337 -11.096 0.000 5.608 -11.557 0.000 5.608
3 15 -11.557 0.000 5.608 -11.700 0.000 6.047 -11.843 0.000 5.608
3 15 -9.243 0.000 5.608 -9.704 0.000 5.608 -9.331 0.000 5.337
3 15 -9.243 0.000 5.608 -9.331 0.000 5.337 -8.869 0.000 5.337
3 15 -8.869 0.000 5.337 -8.957 0.000 5.608 -9.243 0.000 5.608
3 15 -9.331 0.000 5.337 -9.100 0.000 5.169 -8.869 0.000 5.337
3 15 -9.473 0.000 4.898 -9.100 0.000 5.169 -9.331 0.000 5.337
3 15 -8.727 0.000 4.898 -8.869 0.000 5.337 -9.100 0.000 5.169
3 15 -8.496 0.000 5.608 -8.957 0.000 5.608 -8.869 0.000 5.337
3 15 -9.100 0.000 6.047 -9.243 0.000 5.608 -8.957 0.000 5.608
3 15 -7.104 0.000 5.608 -6.731 0.000 5.337 -6.643 0.000 5.608
3 15 -6.643 0.000 5.608 -6.731 0.000 5.337 -6.269 0.000 5.337
3 15 -6.269 0.000 5.337 -6.357 0.000 5.608 -6.643 0.000 5.608
3 15 -6.500 0.000 5.169 -6.269 0.000 5.337 -6.731 0.000 5.337
3 15 -6.500 0.000 5.169 -6.731 0.000 5.337 -6.873 0.000 4.898
3 15 -6.269 0.000 5.337 -6.500 0.000 5.169 -6.127 0.000 4.898
3 15 -6.357 0.000 5.608 -6.269 0.000 5.337 -5.896 0.000 5.608
3 15 -6.643 0.000 5.608 -6.357 0.000 5.608 -6.500 0.000 6.047
3 15 -18.431 0.000 4.315 -18.343 0.000 4.586 -18.804 0.000 4.586
3 15 -18.343 0.000 4.586 -18.431 0.000 4.315 -17.969 0.000 4.315
3 15 -17.969 0.000 4.315 -18.057 0.000 4.586 -18.343 0.000 4.586
3 15 -17.969 0.000 4.315 -18.431 0.000 4.315 -18.200 0.000 4.147
3 15 -18.431 0.000 4.315 -18.573 0.000 3.876 -18.200 0.000 4.147
3 15 -18.200 0.000 4.147 -17.827 0.000 3.876 -17.969 0.000 4.315
3 15 -17.969 0.000 4.315 -17.596 0.000 4.586 -18.057 0.000 4.586
3 15 -18.057 0.000 4.586 -18.200 0.000 5.025 -18.343 0.000 4.586
3 15 -15.743 0.000 4.586 -16.204 0.000 4.586 -15.831 0.000 4.315
3 15 -15.743 0.000 4.586 -15.831 0.000 4.315 -15.369 0.000 4.315
3 15 -15.369 0.000 4.315 -15.457 0.000 4.586 -15.743 0.000 4.586
3 15 -15.831 0.000 4.315 -15.600 0.000 4.147 -15.369 0.000 4.315
3 15 -15.973 0.000 3.876 -15.600 0.000 4.147 -15.831 0.000 4.315
3 15 -15.227 0.000 3.876 -15.369 0.000 4.315 -15.600 0.000 4.147
3 15 -14.996 0.000 4.586 -15.457 0.000 4.586 -15.369 0.000 4.315
3 15 -15.600 0.000 5.025 -15.743 0.000 4.586 -15.457 0.000 4.586
3 15 -13.604 0.000 4.586 -13.231 0.000 4.315 -13.143 0.000 4.586
3 15 -13.143 0.000 4.586 -13.231 0.000 4.315 -12.769 0.000 4.315
3 15 -12.769 0.000 4.315 -12.857 0.000 4.586 -13.143 0.000 4.586
3 15 -13.000 0.000 4.147 -12.769 0.000 4.315 -13.231 0.000 4.315
3 15 -13.000 0.000 4.147 -13.231 0.000 4.315 -13.373 0.000 3.876
3 15 -12.769 0.000 4.315 -13.000 0.000 4.147 -12.627 0.000 3.876
3 15 -12.857 0.000 4.586 -12.769 0.000 4.315 -12.396 0.000 4.586
3 15 -13.143 0.000 4.586 -12.857 0.000 4.586 -13.000 0.000 5.025
3 15 -10.631 0.000 4.315 -10.543 0.000 4.586 -11.004 0.000 4.586
3 15 -10.543 0.000 4.586 -10.631 0.000 4.315 -10.169 0.000 4.315
3 15 -10.169 0.000 4.315 -10.257 0.000 4.586 -10.543 0.000 4.586
3 15 -10.169 0.000 4.315 -10.631 0.000 4.315 -10.400 0.000 4.147
3 15 -10.631 0.000 4.315 -10.773 0.000 3.876 -10.400 0.000 4.147
3 15 -10.400 0.000 4.147 -10.027 0.000 3.876 -10.169 0.000 4.315
3 15 -10.169 0.000 4.315 -9.796 0.000 4.586 -10.257 0.000 4.586
3 15 -10.257 0.000 4.586 -10.400 0.000 5.025 -10.543 0.000 4.586
3 15 -7.943 0.000 4.586 -8.404 0.000 4.586 -8.031 0.000 4.315
3 15 -7.943 0.000 4.586 -8.031 0.000 4.315 -7.569 0.000 4.315
3 15 -7.569 0.000 4.315 -7.657 0.000 4.586 -7.943 0.000 4.586
3 15 -8.031 0.000 4.315 -7.800 0.000 4.147 -7.569 0.000 4.315
3 15 -8.173 0.000 3.876 -7.800 0.000 4.147 -8.031 0.000 4.315
3 15 -7.427 0.000 3.876 -7.569 0.000 4.315 -7.800 0.000 4.147
3 15 -7.196 0.000 4.586 -7.657 0.000 4.586 -7.569 0.000 4.315
3 15 -7.800 0.000 5.025 -7.943 0.000 4.586 -7.657 0.000 4.586
3 15 -5.804 0.000 4.586 -5.431 0.000 4.315 -5.343 0.000 4.586
3 15 -5.343 0.000 4.586 -5.431 0.000 4.315 -4.969 0.000 4.315
3 15 -4.969 0.000 4.315 -5.057 0.000 4.586 -5.343 0.000 4.586
3 15 -5.200 0.000 4.147 -4.969 0.000 4.315 -5.431 0.000 4.315
3 15 -5.200 0.000 4.147 -5.431 0.000 4.315 -5.573 0.000 3.876
3 15 -4.969 0.000 4.315 -5.200 0.000 4.147 -4.827 0.000 3.876
3 15 -5.057 0.000 4.586 -4.969 0.000 4.315 -4.596 0.000 4.586
3 15 -5.343 0.000 4.586 -5.057 0.000 4.586 -5.200 0.000 5.025
3 15 -17.131 0.000 3.293 -17.043 0.000 3.564 -17.504 0.000 3.564
3 15 -17.043 0.000 3.564 -17.131 0.000 3.293 -16.669 0.000 3.293
3 15 -16.669 0.000 3.293 -16.757 0.000 3.564 -17.043 0.000 3.564
3 15 -16.669 0.000 3.293 -17.131 0.000 3.293 -16.900 0.000 3.125
3 15 -17.131 0.000 3.293 -17.273 0.000 2.854 -16.900 0.000 3.125
3 15 -16.900 0.000 3.125 -16.527 0.000 2.854 -16.669 0.000 3.293
3 15 -16.669 0.000 3.293 -16.296 0.000 3.564 -16.757 0.000 3.564
3 15 -16.757 0.000 3.564 -16.900 0.000 4.003 -17.043 0.000 3.564
3 15 -14.443 0.000 3.564 -14.904 0.000 3.564 -14.531 0.000 3.293
3 15 -14.443 0.000 3.564 -14.531 0.000 3.293 -14.069 0.000 3.293
3 15 -14.069 0.000 3.293 -14.157 0.000 3.564 -14.443 0.000 3.564
3 15 -14.531 0.000 3.293 -14.300 0.000 3.125 -14.069 0.000 3.293
3 15 -14.673 0.000 2.854 -14.300 0.000 3.125 -14.531 0.000 3.293
3 15 -13.927 0.000 2.854 -14.069 0.000 3.293 -14.300 0.000 3.125
3 15 -13.696 0.000 3.564 -14.157 0.000 3.564 -14.069 0.000 3.293
3 15 -14.300 0.000 4.003 -14.443 0.000 3.564 -14.157 0.000 3.564
3 15 -12.304 0.000 3.564 -11.931 0.000 3.293 -11.843 0.000 3.564
3 15 -11.843 0.000 3.564 -11.931 0.000 3.293 -11.469 0.000 3.293
3 15 -11.469 0.000 3.293 -11.557 0.000 3.564 -11.843 0.000 3.564
3 15 -11.700 0.000 3.125 -11.469 0.000 3.293 -11.931 0.000 3.293
3 15 -11.700 0.000 3.125 -11.931 0.000 3.293 -12.073 0.000 2.854
3 15 -11.469 0.000 3.293 -11.700 0.000 3.125 -11.327 0.000 2.854
3 15 -11.557 0.000 3.564 -11.469 0.000 3.293 -11.096 0.000 3.564
3 15 -11.843 0.000 3.564 -11.557 0.000 3.564 -11.700 0.000 4.003
3 15 -9.331 0.000 3.293 -9.243 0.000 3.564 -9.704 0.000 3.564
3 15 -9.243 0.000 3.564 -9.331 0.000 3.293 -8.869 0.000 3.293
3 15 -8.869 0.000 3.293 -8.957 0.000 3.564 -9.243 0.000 3.564
3 15 -8.869 0.000 3.293 -9.331 0.000 3.293 -9.100 0.000 3.125
3 15 -9.331 0.000 3.293 -9.473 0.000 2.854 -9.100 0.000 3.125
3 15 -9.100 0.000 3.125 -8.727 0.000 2.854 -8.869 0.000 3.293
3 15 -8.869 0.000 3.293 -8.496 0.000 3.564 -8.957 0.000 3.564
3 15 -8.957 0.000 3.564 -9.100 0.000 4.003 -9.243 0.000 3.564
3 15 -6.643 0.000 3.564 -7.104 0.000 3.564 -6.731 0.000 3.293
3 15 -6.643 0.000 3.564 -6.731 0.000 3.293 -6.269 0.000 3.293
3 15 -6.269 0.000 3.293 -6.357 0.000 3.564 -6.643 0.000 3.564
3 15 -6.731 0.000 3.293 -6.500 0.000 3.125 -6.269 0.000 3.293
3 15 -6.873 0.000 2.854 -6.500 0.000 3.125 -6.731 0.000 3.293
3 15 -6.127 0.000 2.854 -6.269 0.000 3.293 -6.500 0.000 3.125
3 15 -5.896 0.000 3.564 -6.357 0.000 3.564 -6.269 0.000 3.293
3 15 -6.500 0.000 4.003 -6.643 0.000 3.564 -6.357 0.000 3.564
3 15 -18.804 0.000 2.542 -18.431 0.000 2.271 -18.343 0.000 2.542
3 15 -18.343 0.000 2.542 -18.431 0.000 2.271 -17.969 0.000 2.271
3 15 -17.969 0.000 2.271 -18.057 0.000 2.542 -18.343 0.000 2.542
3 15 -18.200 0.000 2.103 -17.969 0.000 2.271 -18.431 0.000 2.271
3 15 -18.200 0.000 2.103 -18.431 0.000 2.271 -18.573 0.000 1.832
3 15 -17.969 0.000 2.271 -18.200 0.000 2.103 -17.827 0.000 1.832
3 15 -18.057 0.000 2.542 -17.969 0.000 2.271 -17.596 0.000 2.542
3 15 -18.343 0.000 2.542 -18.057 0.000 2.542 -18.200 0.000 2.981
3 15 -15.831 0.000 2.271 -15.743 0.000 2.542 -16.204 0.000 2.542
3 15 -15.743 0.000 2.542 -15.831 0.000 2.271 -15.369 0.000 2.271
3 15 -15.369 0.000 2.271 -15.457 0.000 2.542 -15.743 0.000 2.542
3 15 -15.369 0.000 2.271 -15.831 0.000 2.271 -15.600 0.000 2.103
3 15 -15.831 0.000 2.271 -15.973 0.000 1.832 -15.600 0.000 2.103
3 15 -15.600 0.000 2.103 -15.227 0.000 1.832 -15.369 0.000 2.271
3 15 -15.369 0.000 2.271 -14.996 0.000 2.542 -15.457 0.000 2.542
3 15 -15.457 0.000 2.542 -15.600 0.000 2.981 -15.743 0.000 2.542
3 15 -13.143 0.000 2.542 -13.604 0.000 2.542 -13.231 0.000 2.271
3 15 -13.143 0.000 2.542 -13.231 0.000 2.271 -12.769 0.000 2.271
3 15 -12.769 0.000 2.271 -12.857 0.000 2.542 -13.143 0.000 2.542
3 15 -13.231 0.000 2.271 -13.000 0.000 2.103 -12.769 0.000 2.271
3 15 -13.373 0.000 1.832 -13.000 0.000 2.103 -13.231 0.000 2.271
3 15 -12.627 0.000 1.832 -12.769 0.000 2.271 -13.000 0.000 2.103
3 15 -12.396 0.000 2.542 -12.857 0.000 2.542 -12.769 0.000 2.271
3 15 -13.000 0.000 2.981 -13.143 0.000 2.542 -12.857 0.000 2.542
3 15 -11.004 0.000 2.542 -10.631 0.000 2.271 -10.543 0.000 2.542
3 15 -10.543 0.000 2.542 -10.631 0.000 2.271 -10.169 0.000 2.271
3 15 -10.169 0.000 2.271 -10.257 0.000 2.542 -10.543 0.000 2.542
3 15 -10.400 0.000 2.103 -10.169 0.000 2.271 -10.631 0.000 2.271
3 15 -10.400 0.000 2.103 -10.631 0.000 2.271 -10.773 0.000 1.832
3 15 -10.169 0.000 2.271 -10.400 0.000 2.103 -10.027 0.000 1.832
3 15 -10.257 0.000 2.542 -10.169 0.000 2.271 -9.796 0.000 2.542
3 15 -10.543 0.000 2.542 -10.257 0.000 2.542 -10.400 0.000 2.981
3 15 -8.031 0.000 2.271 -7.943 0.000 2.542 -8.404 0.000 2.542
3 15 -7.943 0.000 2.542 -8.031 0.000 2.271 -7.569 0.000 2.271
3 15 -7.569 0.000 2.271 -7.657 0.000 2.542 -7.943 0.000 2.542
3 15 -7.569 0.000 2.271 -8.031 0.000 2.271 -7.800 0.000 2.103
3 15 -8.031 0.000 2.271 -8.173 0.000 1.832 -7.800 0.000 2.103
3 15 -7.800 0.000 2.103 -7.427 0.000 1.832 -7.569 0.000 2.271
3 15 -7.569 0.000 2.271 -7.196 0.000 2.542 -7.657 0.000 2.542
3 15 -7.657 0.000 2.542 -7.800 0.000 2.981 -7.943 0.000 2.542
3 15 -5.343 0.000 2.542 -5.804 0.000 2.542 -5.431 0.000 2.271
3 15 -5.343 0.000 2.542 -5.431 0.000 2.271 -4.969 0.000 2.271
3 15 -4.969 0.000 2.271 -5.057 0.000 2.542 -5.343 0.000 2.542
3 15 -5.431 0.000 2.271 -5.200 0.000 2.103 -4.969 0.000 2.271
3 15 -5.573 0.000 1.832 -5.200 0.000 2.103 -5.431 0.000 2.271
3 15 -4.827 0.000 1.832 -4.969 0.000 2.271 -5.200 0.000 2.103
3 15 -4.596 0.000 2.542 -5.057 0.000 2.542 -4.969 0.000 2.271
3 15 -5.200 0.000 2.981 -5.343 0.000 2.542 -5.057 0.000 2.542
3 15 -17.504 0.000 1.520 -17.131 0.000 1.249 -17.043 0.000 1.520
3 15 -17.043 0.000 1.520 -17.131 0.000 1.249 -16.669 0.000 1.249
3 15 -16.669 0.000 1.249 -16.757 0.000 1.520 -17.043 0.000 1.520
3 15 -16.900 0.000 1.081 -16.669 0.000 1.249 -17.131 0.000 1.249
3 15 -16.900 0.000 1.081 -17.131 0.000 1.249 -17.273 0.000 0.810
3 15 -16.669 0.000 1.249 -16.900 0.000 1.081 -16.527 0.000 0.810
3 15 -16.757 0.000 1.520 -16.669 0.000 1.249 -16.296 0.000 1.520
3 15 -17.043 0.000 1.520 -16.757 0.000 1.520 -16.900 0.000 1.959
3 15 -14.531 0.000 1.249 -14.443 0.000 1.520 -14.904 0.000 1.520
3 15 -14.443 0.000 1.520 -14.531 0.000 1.249 -14.069 0.000 1.249
3 15 -14.069 0.000 1.249 -14.157 0.000 1.520 -14.443 0.000 1.520
3 15 -14.069 0.000 1.249 -14.531 0.000 1.249 -14.300 0.000 1.081
3 15 -14.531 0.000 1.249 -14.673 0.000 0.810 -14.300 0.000 1.081
3 15 -14.300 0.000 1.081 -13.927 0.000 0.810 -14.069 0.000 1.249
3 15 -14.069 0.000 1.249 -13.696 0.000 1.520 -14.157 0.000 1.520
3 15 -14.157 0.000 1.520 -14.300 0.000 1.959 -14.443 0.000 1.520
3 15 -11.843 0.000 1.520 -12.304 0.000 1.520 -11.931 0.000 1.249
3 15 -11.843 0.000 1.520 -11.931 0.000 1.249 -11.469 0.000 1.249
3 15 -11.469 0.000 1.249 -11.557 0.000 1.520 -11.843 0.000 1.520
3 15 -11.931 0.000 1.249 -11.700 0.000 1.081 -11.469 0.000 1.249
3 15 -12.073 0.000 0.810 -11.700 0.000 1.081 -11.931 0.000 1.249
3 15 -11.327 0.000 0.810 -11.469 0.000 1.249 -11.700 0.000 1.081
3 15 -11.096 0.000 1.520 -11.557 0.000 1.520 -11.469 0.000 1.249
3 15 -11.700 0.000 1.959 -11.843 0.000 1.520 -11.557 0.000 1.520
3 15 -9.704 0.000 1.520 -9.331 0.000 1.249 -9.243 0.000 1.520
3 15 -9.243 0.000 1.520 -9.331 0.000 1.249 -8.869 0.000 1.249
3 15 -8.869 0.000 1.249 -8.957 0.000 1.520 -9.243 0.000 1.520
3 15 -9.100 0.000 1.081 -8.869 0.000 1.249 -9.331 0.000 1.249
3 15 -9.100 0.000 1.081 -9.331 0.000 1.249 -9.473 0.000 0.810
3 15 -8.869 0.000 1.249 -9.100 0.000 1.081 -8.727 0.000 0.810
3 15 -8.957 0.000 1.520 -8.869 0.000 1.249 -8.496 0.000 1.520
3 15 -9.243 0.000 1.520 -8.957 0.000 1.520 -9.100 0.000 1.959
3 15 -6.731 0.000 1.249 -6.643 0.000 1.520 -7.104 0.000 1.520
3 15 -6.643 0.000 1.520 -6.731 0.000 1.249 -6.269 0.000 1.249
3 15 -6.269 0.000 1.249 -6.357 0.000 1.520 -6.643 0.000 1.520
3 15 -6.269 0.000 1.249 -6.731 0.000 1.249 -6.500 0.000 1.081
3 15 -6.731 0.000 1.249 -6.873 0.000 0.810 -6.500 0.000 1.081
3 15 -6.500 0.000 1.081 -6.127 0.000 0.810 -6.269 0.000 1.249
3 15 -6.269 0.000 1.249 -5.896 0.000 1.520 -6.357 0.000 1.520
3 15 -6.357 0.000 1.520 -6.500 0.000 1.959 -6.643 0.000 1.520
3 15 -18.343 0.000 0.498 -18.804 0.000 0.498 -18.431 0.000 0.227
3 15 -18.343 0.000 0.498 -18.431 0.000 0.227 -17.969 0.000 0.227
3 15 -17.969 0.000 0.227 -18.057 0.000 0.498 -18.343 0.000 0.498
3 15 -18.431 0.000 0.227 -18.200 0.000 0.059 -17.969 0.000 0.227
3 15 -18.573 0.000 -0.212 -18.200 0.000 0.059 -18.431 0.000 0.227
3 15 -17.827 0.000 -0.212 -17.969 0.000 0.227 -18.200 0.000 0.059
3 15 -17.596 0.000 0.498 -18.057 0.000 0.498 -17.969 0.000 0.227
3 15 -18.200 0.000 0.937 -18.343 0.000 0.498 -18.057 0.000 0.498
3 15 -16.204 0.000 0.498 -15.831 0.000 0.227 -15.743 0.000 0.498
3 15 -15.743 0.000 0.498 -15.831 0.000 0.227 -15.369 0.000 0.227
3 15 -15.369 0.000 0.227 -15.457 0.000 0.498 -15.743 0.000 0.498
3 15 -15.600 0.000 0.059 -15.369 0.000 0.227 -15.831 0.000 0.227
3 15 -15.600 0.000 0.059 -15.831 0.000 0.227 -15.973 0.000 -0.212
3 15 -15.369 0.000 0.227 -15.600 0.000 0.059 -15.227 0.000 -0.212
3 15 -15.457 0.000 0.498 -15.369 0.000 0.227 -14.996 0.000 0.498
3 15 -15.743 0.000 0.498 -15.457 0.000 0.498 -15.600 0.000 0.937
3 15 -13.231 0.000 0.227 -13.143 0.000 0.498 -13.604 0.000 0.498
3 15 -13.143 0.000 0.498 -13.231 0.000 0.227 -12.769 0.000 0.227
3 15 -12.769 0.000 0.227 -12.857 0.000 0.498 -13.143 0.000 0.498
3 15 -12.769 0.000 0.227 -13.231 0.000 0.227 -13.000 0.000 0.059
3 15 -13.231 0.000 0.227 -13.373 0.000 -0.212 -13.000 0.000 0.059
3 15 -13.000 0.000 0.059 -12.627 0.000 -0.212 -12.769 0.000 0.227
3 15 -12.769 0.000 0.227 -12.396 0.000 0.498 -12.857 0.000 0.498
3 15 -12.857 0.000 0.498 -13.000 0.000 0.937 -13.143 0.000 0.498
3 15 -10.543 0.000 0.498 -11.004 0.000 0.498 -10.631 0.000 0.227
3 15 -10.169 0.000 0.227 -10.257 0.000 0.498 -10.543 0.000 0.498
3 15 -10.543 0.000 0.498 -10.631 0.000 0.227 -10.169 0.000 0.227
3 15 -10.631 0.000 0.227 -10.400 0.000 0.059 -10.169 0.000 0.227
3 15 -10.773 0.000 -0.212 -10.400 0.000 0.059 -10.631 0.000 0.227
3 15 -10.027 0.000 -0.212 -10.169 0.000 0.227 -10.400 0.000 0.059
3 15 -9.796 0.000 0.498 -10.257 0.000 0.498 -10.169 0.000 0.227
3 15 -10.400 0.000 0.937 -10.543 0.000 0.498 -10.257 0.000 0.498
3 15 -8.404 0.000 0.498 -8.031 0.000 0.227 -7.943 0.000 0.498
3 15 -7.943 0.000 0.498 -8.031 0.000 0.227 -7.569 0.000 0.227
3 15 -7.569 0.000 0.227 -7.657 0.000 0.498 -7.943 0.000 0.498
3 15 -7.800 0.000 0.059 -7.569 0.000 0.227 -8.031 0.000 0.227
3 15 -7.800 0.000 0.059 -8.031 0.000 0.227 -8.173 0.000 -0.212
3 15 -7.569 0.000 0.227 -7.800 0.000 0.059 -7.427 0.000 -0.212
3 15 -7.657 0.000 0.498 -7.569 0.000 0.227 -7.196 0.000 0.498
3 15 -7.943 0.000 0.498 -7.657 0.000 0.498 -7.800 0.000 0.937
3 15 -5.431 0.000 0.227 -5.343 0.000 0.498 -5.804 0.000 0.498
3 15 -5.343 0.000 0.498 -5.431 0.000 0.227 -4.969 0.000 0.227
3 15 -4.969 0.000 0.227 -5.057 0.000 0.498 -5.343 0.000 0.498
3 15 -5.431 0.000 0.227 -5.200 0.000 0.059 -4.969 0.000 0.227
3 15 -5.200 0.000 0.059 -4.827 0.000 -0.212 -4.969 0.000 0.227
3 15 -4.969 0.000 0.227 -4.596 0.000 0.498 -5.057 0.000 0.498
3 15 -5.057 0.000 0.498 -5.200 0.000 0.937 -5.343 0.000 0.498
3 15 -5.431 0.000 0.227 -5.573 0.000 -0.212 -5.200 0.000 0.059
3 1 -4.827 0.000 -0.212 -3.900 0.000 -0.720 -3.900 0.000 0.740
3 1 -3.900 0.000 0.740 -4.969 0.000 0.227 -4.827 0.000 -0.212
3 1 -4.969 0.000 0.227 -3.900 0.000 0.740 -4.596 0.000 0.498
3 1 -4.596 0.000 0.498 -3.900 0.000 0.740 -3.900 0.000 2.200
3 1 -3.900 0.000 2.200 -4.827 0.000 1.832 -4.596 0.000 0.498
3 1 -4.827 0.000 1.832 -3.900 0.000 2.200 -4.596 0.000 2.542
3 1 -4.596 0.000 2.542 -4.969 0.000 2.271 -4.827 0.000 1.832
3 1 -3.900 0.000 3.660 -4.596 0.000 2.542 -3.900 0.000 2.200
3 1 -4.596 0.000 2.542 -3.900 0.000 3.660 -5.200 0.000 2.981
3 1 -5.200 0.000 2.981 -5.057 0.000 2.542 -4.596 0.000 2.542
3 1 -5.200 0.000 2.981 -3.900 0.000 3.660 -4.827 0.000 3.876
3 1 -4.827 0.000 3.876 -3.900 0.000 3.660 -4.596 0.000 4.586
3 1 -4.596 0.000 4.586 -4.969 0.000 4.315 -4.827 0.000 3.876
3 1 -3.900 0.000 3.660 -3.900 0.000 5.120 -4.596 0.000 4.586
3 1 -4.596 0.000 4.586 -3.900 0.000 5.120 -5.200 0.000 5.025
3 1 -5.200 0.000 5.025 -5.057 0.000 4.586 -4.596 0.000 4.586
3 1 -3.900 0.000 5.120 -4.827 0.000 5.920 -5.200 0.000 6.191
3 1 -5.200 0.000 6.191 -5.200 0.000 5.025 -3.900 0.000 5.120
3 1 -4.827 0.000 5.920 -3.900 0.000 5.120 -3.900 0.000 6.580
3 1 -3.900 0.000 6.580 -4.969 0.000 6.359 -4.827 0.000 5.920
3 1 -4.596 0.000 6.630 -4.969 0.000 6.359 -3.900 0.000 6.580
3 1 -3.900 0.000 8.040 -4.596 0.000 6.630 -3.900 0.000 6.580
3 1 -4.596 0.000 6.630 -3.900 0.000 8.040 -5.200 0.000 7.069
3 1 -5.200 0.000 7.069 -5.057 0.000 6.630 -4.596 0.000 6.630
3 1 -5.200 0.000 7.069 -3.900 0.000 8.040 -4.827 0.000 7.964
3 1 -4.827 0.000 7.964 -3.900 0.000 8.040 -4.596 0.000 8.674
3 1 -4.596 0.000 8.674 -4.969 0.000 8.403 -4.827 0.000 7.964
3 1 -3.900 0.000 8.040 -3.900 0.000 9.500 -4.596 0.000 8.674
3 1 -4.596 0.000 8.674 -3.900 0.000 9.500 -5.200 0.000 9.113
3 1 -5.200 0.000 9.113 -5.057 0.000 8.674 -4.596 0.000 8.674
3 1 -3.900 0.000 9.500 -7.800 0.000 9.113 -7.196 0.000 8.674
3 1 -7.196 0.000 8.674 -5.200 0.000 9.113 -3.900 0.000 9.500
3 1 -3.900 0.000 9.500 -10.400 0.000 9.113 -7.800 0.000 9.113
3 1 -10.400 0.000 9.113 -3.900 0.000 9.500 -19.500 0.000 9.500
3 1 -19.500 0.000 9.500 -13.000 0.000 9.113 -10.400 0.000 9.113
3 1 -19.500 0.000 9.500 -15.600 0.000 9.113 -13.000 0.000 9.113
3 1 -18.200 0.000 9.113 -15.600 0.000 9.113 -19.500 0.000 9.500
3 1 -18.200 0.000 9.113 -19.500 0.000 9.500 -18.804 0.000 8.674
3 1 -18.804 0.000 8.674 -18.343 0.000 8.674 -18.200 0.000 9.113
3 1 -19.500 0.000 9.500 -18.804 0.000 6.630 -18.573 0.000 7.964
3 1 -18.573 0.000 7.964 -18.804 0.000 8.674 -19.500 0.000 9.500
3 1 -18.804 0.000 6.630 -19.500 0.000 9.500 -19.500 0.000 -0.720
3 1 -19.500 0.000 -0.720 -18.804 0.000 4.586 -18.804 0.000 6.630
3 1 -19.500 0.000 -0.720 -18.804 0.000 2.542 -18.573 0.000 3.876
3 1 -18.573 0.000 3.876 -18.804 0.000 4.586 -19.500 0.000 -0.720
3 1 -19.500 0.000 -0.720 -18.804 0.000 0.498 -18.573 0.000 1.832
3 1 -18.573 0.000 1.832 -18.804 0.000 2.542 -19.500 0.000 -0.720
3 1 -18.804 0.000 0.498 -19.500 0.000 -0.720 -18.573 0.000 -0.212
3 1 -18.573 0.000 -0.212 -18.431 0.000 0.227 -18.804 0.000 0.498
3 1 -5.573 0.000 -0.212 -3.900 0.000 -0.720 -4.827 0.000 -0.212
3 1 -3.900 0.000 -0.720 -5.573 0.000 -0.212 -7.569 0.000 0.227
3 1 -7.569 0.000 0.227 -7.427 0.000 -0.212 -3.900 0.000 -0.720
3 1 -7.427 0.000 -0.212 -8.173 0.000 -0.212 -3.900 0.000 -0.720
3 1 -8.173 0.000 -0.212 -10.027 0.000 -0.212 -3.900 0.000 -0.720
3 1 -10.027 0.000 -0.212 -10.773 0.000 -0.212 -3.900 0.000 -0.720
3 1 -12.627 0.000 -0.212 -19.500 0.000 -0.720 -3.900 0.000 -0.720
3 1 -3.900 0.000 -0.720 -10.773 0.000 -0.212 -12.627 0.000 -0.212
3 1 -19.500 0.000 -0.720 -17.827 0.000 -0.212 -18.573 0.000 -0.212
3 1 -17.827 0.000 -0.212 -19.500 0.000 -0.720 -15.973 0.000 -0.212
3 1 -19.500 0.000 -0.720 -15.227 0.000 -0.212 -15.973 0.000 -0.212
3 1 -15.227 0.000 -0.212 -19.500 0.000 -0.720 -13.373 0.000 -0.212
3 1 -19.500 0.000 -0.720 -12.627 0.000 -0.212 -13.373 0.000 -0.212
3 1 -18.573 0.000 -0.212 -17.827 0.000 -0.212 -18.200 0.000 0.059
3 1 -15.973 0.000 -0.212 -15.227 0.000 -0.212 -15.600 0.000 0.059
3 1 -13.373 0.000 -0.212 -12.627 0.000 -0.212 -13.000 0.000 0.059
3 1 -10.773 0.000 -0.212 -10.027 0.000 -0.212 -10.400 0.000 0.059
3 1 -8.173 0.000 -0.212 -7.427 0.000 -0.212 -7.800 0.000 0.059
3 1 -5.573 0.000 -0.212 -4.827 0.000 -0.212 -5.200 0.000 0.059
3 1 -5.200 0.000 2.103 -5.200 0.000 0.937 -5.057 0.000 0.498
3 1 -5.057 0.000 0.498 -4.827 0.000 1.832 -5.200 0.000 2.103
3 1 -4.596 0.000 0.498 -4.827 0.000 1.832 -5.057 0.000 0.498
3 1 -4.827 0.000 3.876 -5.200 0.000 4.147 -5.573 0.000 3.876
3 1 -5.573 0.000 3.876 -5.200 0.000 2.981 -4.827 0.000 3.876
3 1 -4.827 0.000 7.964 -5.200 0.000 8.235 -5.573 0.000 7.964
3 1 -5.573 0.000 7.964 -5.200 0.000 7.069 -4.827 0.000 7.964
3 1 -18.343 0.000 0.498 -18.200 0.000 0.937 -18.200 0.000 2.103
3 1 -18.200 0.000 2.103 -18.804 0.000 0.498 -18.343 0.000 0.498
3 1 -18.804 0.000 0.498 -18.200 0.000 2.103 -18.573 0.000 1.832
3 1 -18.431 0.000 2.271 -18.804 0.000 2.542 -18.573 0.000 1.832
3 1 -18.343 0.000 2.542 -18.200 0.000 2.981 -18.200 0.000 4.147
3 1 -18.200 0.000 4.147 -18.804 0.000 2.542 -18.343 0.000 2.542
3 1 -18.804 0.000 2.542 -18.200 0.000 4.147 -18.573 0.000 3.876
3 1 -18.431 0.000 4.315 -18.804 0.000 4.586 -18.573 0.000 3.876
3 1 -18.343 0.000 4.586 -18.200 0.000 5.025 -18.200 0.000 6.191
3 1 -18.200 0.000 6.191 -18.804 0.000 4.586 -18.343 0.000 4.586
3 1 -18.804 0.000 4.586 -18.200 0.000 6.191 -18.573 0.000 5.920
3 1 -18.804 0.000 4.586 -18.573 0.000 5.920 -18.804 0.000 6.630
3 1 -18.804 0.000 6.630 -18.573 0.000 5.920 -18.431 0.000 6.359
3 1 -18.343 0.000 6.630 -18.200 0.000 7.069 -18.200 0.000 8.235
3 1 -18.200 0.000 8.235 -18.804 0.000 6.630 -18.343 0.000 6.630
3 1 -18.200 0.000 8.235 -18.573 0.000 7.964 -18.804 0.000 6.630
3 1 -18.804 0.000 8.674 -18.573 0.000 7.964 -18.431 0.000 8.403
3 1 -17.827 0.000 -0.212 -15.973 0.000 -0.212 -15.831 0.000 0.227
3 1 -15.831 0.000 0.227 -17.969 0.000 0.227 -17.827 0.000 -0.212
3 1 -15.831 0.000 0.227 -16.204 0.000 0.498 -17.596 0.000 0.498
3 1 -17.596 0.000 0.498 -17.969 0.000 0.227 -15.831 0.000 0.227
3 1 -17.596 0.000 0.498 -16.204 0.000 0.498 -16.527 0.000 0.810
3 1 -16.527 0.000 0.810 -17.273 0.000 0.810 -17.596 0.000 0.498
3 1 -17.273 0.000 0.810 -16.527 0.000 0.810 -16.900 0.000 1.081
3 1 -15.600 0.000 2.103 -15.973 0.000 1.832 -16.296 0.000 1.520
3 1 -16.296 0.000 1.520 -15.600 0.000 0.937 -15.600 0.000 2.103
3 1 -16.296 0.000 1.520 -16.669 0.000 1.249 -16.527 0.000 0.810
3 1 -16.527 0.000 0.810 -15.600 0.000 0.937 -16.296 0.000 1.520
3 1 -16.527 0.000 0.810 -16.204 0.000 0.498 -15.743 0.000 0.498
3 1 -15.743 0.000 0.498 -15.600 0.000 0.937 -16.527 0.000 0.810
3 1 -15.600 0.000 4.147 -15.973 0.000 3.876 -16.296 0.000 3.564
3 1 -16.296 0.000 3.564 -15.600 0.000 2.981 -15.600 0.000 4.147
3 1 -16.296 0.000 3.564 -16.669 0.000 3.293 -16.527 0.000 2.854
3 1 -16.527 0.000 2.854 -15.600 0.000 2.981 -16.296 0.000 3.564
3 1 -16.527 0.000 2.854 -16.204 0.000 2.542 -15.743 0.000 2.542
3 1 -15.743 0.000 2.542 -15.600 0.000 2.981 -16.527 0.000 2.854
3 1 -15.600 0.000 6.191 -15.973 0.000 5.920 -16.296 0.000 5.608
3 1 -16.296 0.000 5.608 -15.600 0.000 5.025 -15.600 0.000 6.191
3 1 -16.296 0.000 5.608 -16.669 0.000 5.337 -16.527 0.000 4.898
3 1 -16.527 0.000 4.898 -15.600 0.000 5.025 -16.296 0.000 5.608
3 1 -16.527 0.000 4.898 -16.204 0.000 4.586 -15.743 0.000 4.586
3 1 -15.743 0.000 4.586 -15.600 0.000 5.025 -16.527 0.000 4.898
3 1 -15.600 0.000 8.235 -15.973 0.000 7.964 -16.296 0.000 7.652
3 1 -16.296 0.000 7.652 -15.600 0.000 7.069 -15.600 0.000 8.235
3 1 -16.296 0.000 7.652 -16.669 0.000 7.381 -16.527 0.000 6.942
3 1 -16.527 0.000 6.942 -15.600 0.000 7.069 -16.296 0.000 7.652
3 1 -16.527 0.000 6.942 -16.204 0.000 6.630 -15.743 0.000 6.630
3 1 -15.743 0.000 6.630 -15.600 0.000 7.069 -16.527 0.000 6.942
3 1 -18.200 0.000 2.103 -18.200 0.000 0.937 -17.504 0.000 1.520
3 1 -17.504 0.000 1.520 -17.827 0.000 1.832 -18.200 0.000 2.103
3 1 -17.504 0.000 1.520 -18.200 0.000 0.937 -17.273 0.000 0.810
3 1 -17.273 0.000 0.810 -17.131 0.000 1.249 -17.504 0.000 1.520
3 1 -17.273 0.000 0.810 -18.200 0.000 0.937 -18.057 0.000 0.498
3 1 -18.057 0.000 0.498 -17.596 0.000 0.498 -17.273 0.000 0.810
3 1 -18.200 0.000 4.147 -18.200 0.000 2.981 -17.504 0.000 3.564
3 1 -17.504 0.000 3.564 -17.827 0.000 3.876 -18.200 0.000 4.147
3 1 -17.504 0.000 3.564 -18.200 0.000 2.981 -17.273 0.000 2.854
3 1 -17.273 0.000 2.854 -17.131 0.000 3.293 -17.504 0.000 3.564
3 1 -17.273 0.000 2.854 -18.200 0.000 2.981 -18.057 0.000 2.542
3 1 -18.057 0.000 2.542 -17.596 0.000 2.542 -17.273 0.000 2.854
3 1 -18.200 0.000 6.191 -18.200 0.000 5.025 -17.504 0.000 5.608
3 1 -17.504 0.000 5.608 -17.827 0.000 5.920 -18.200 0.000 6.191
3 1 -17.504 0.000 5.608 -18.200 0.000 5.025 -17.273 0.000 4.898
3 1 -17.273 0.000 4.898 -17.131 0.000 5.337 -17.504 0.000 5.608
3 1 -17.273 0.000 4.898 -18.200 0.000 5.025 -18.057 0.000 4.586
3 1 -18.057 0.000 4.586 -17.596 0.000 4.586 -17.273 0.000 4.898
3 1 -18.200 0.000 8.235 -18.200 0.000 7.069 -17.504 0.000 7.652
3 1 -17.504 0.000 7.652 -17.827 0.000 7.964 -18.200 0.000 8.235
3 1 -17.504 0.000 7.652 -18.200 0.000 7.069 -17.273 0.000 6.942
3 1 -17.273 0.000 6.942 -17.131 0.000 7.381 -17.504 0.000 7.652
3 1 -17.273 0.000 6.942 -18.200 0.000 7.069 -18.057 0.000 6.630
3 1 -18.057 0.000 6.630 -17.596 0.000 6.630 -17.273 0.000 6.942
3 1 -17.043 0.000 1.520 -16.900 0.000 1.959 -17.827 0.000 1.832
3 1 -17.827 0.000 1.832 -17.504 0.000 1.520 -17.043 0.000 1.520
3 1 -17.827 0.000 1.832 -16.900 0.000 1.959 -17.596 0.000 2.542
3 1 -17.596 0.000 2.542 -17.969 0.000 2.271 -17.827 0.000 1.832
3 1 -17.596 0.000 2.542 -16.900 0.000 1.959 -16.900 0.000 3.125
3 1 -16.900 0.000 3.125 -17.273 0.000 2.854 -17.596 0.000 2.542
3 1 -16.900 0.000 3.125 -16.900 0.000 1.959 -16.204 0.000 2.542
3 1 -16.204 0.000 2.542 -16.527 0.000 2.854 -16.900 0.000 3.125
3 1 -16.204 0.000 2.542 -16.900 0.000 1.959 -15.973 0.000 1.832
3 1 -15.973 0.000 1.832 -15.831 0.000 2.271 -16.204 0.000 2.542
3 1 -15.973 0.000 1.832 -16.900 0.000 1.959 -16.757 0.000 1.520
3 1 -16.757 0.000 1.520 -16.296 0.000 1.520 -15.973 0.000 1.832
3 1 -17.043 0.000 3.564 -16.900 0.000 4.003 -17.827 0.000 3.876
3 1 -17.827 0.000 3.876 -17.504 0.000 3.564 -17.043 0.000 3.564
3 1 -17.827 0.000 3.876 -16.900 0.000 4.003 -17.596 0.000 4.586
3 1 -17.596 0.000 4.586 -17.969 0.000 4.315 -17.827 0.000 3.876
3 1 -17.596 0.000 4.586 -16.900 0.000 4.003 -16.900 0.000 5.169
3 1 -16.900 0.000 5.169 -17.273 0.000 4.898 -17.596 0.000 4.586
3 1 -16.900 0.000 5.169 -16.900 0.000 4.003 -16.204 0.000 4.586
3 1 -16.204 0.000 4.586 -16.527 0.000 4.898 -16.900 0.000 5.169
3 1 -16.204 0.000 4.586 -16.900 0.000 4.003 -15.973 0.000 3.876
3 1 -15.973 0.000 3.876 -15.831 0.000 4.315 -16.204 0.000 4.586
3 1 -15.973 0.000 3.876 -16.900 0.000 4.003 -16.757 0.000 3.564
3 1 -16.757 0.000 3.564 -16.296 0.000 3.564 -15.973 0.000 3.876
3 1 -17.043 0.000 5.608 -16.900 0.000 6.047 -17.827 0.000 5.920
3 1 -17.827 0.000 5.920 -17.504 0.000 5.608 -17.043 0.000 5.608
3 1 -17.827 0.000 5.920 -16.900 0.000 6.047 -17.596 0.000 6.630
3 1 -17.596 0.000 6.630 -17.969 0.000 6.359 -17.827 0.000 5.920
3 1 -17.596 0.000 6.630 -16.900 0.000 6.047 -16.900 0.000 7.213
3 1 -16.900 0.000 7.213 -17.273 0.000 6.942 -17.596 0.000 6.630
3 1 -16.900 0.000 7.213 -16.900 0.000 6.047 -16.204 0.000 6.630
3 1 -16.204 0.000 6.630 -16.527 0.000 6.942 -16.900 0.000 7.213
3 1 -16.204 0.000 6.630 -16.900 0.000 6.047 -15.973 0.000 5.920
3 1 -15.973 0.000 5.920 -15.831 0.000 6.359 -16.204 0.000 6.630
3 1 -15.973 0.000 5.920 -16.900 0.000 6.047 -16.757 0.000 5.608
3 1 -16.757 0.000 5.608 -16.296 0.000 5.608 -15.973 0.000 5.920
3 1 -17.043 0.000 7.652 -16.900 0.000 8.091 -17.827 0.000 7.964
3 1 -17.827 0.000 7.964 -17.504 0.000 7.652 -17.043 0.000 7.652
3 1 -17.827 0.000 7.964 -16.900 0.000 8.091 -17.596 0.000 8.674
3 1 -17.596 0.000 8.674 -17.969 0.000 8.403 -17.827 0.000 7.964
3 1 -16.204 0.000 8.674 -16.900 0.000 8.091 -15.973 0.000 7.964
3 1 -15.973 0.000 7.964 -15.831 0.000 8.403 -16.204 0.000 8.674
3 1 -15.973 0.000 7.964 -16.900 0.000 8.091 -16.757 0.000 7.652
3 1 -16.757 0.000 7.652 -16.296 0.000 7.652 -15.973 0.000 7.964
3 1 -16.900 0.000 8.091 -16.204 0.000 8.674 -17.596 0.000 8.674
3 1 -18.057 0.000 8.674 -17.596 0.000 8.674 -15.600 0.000 9.113
3 1 -15.600 0.000 9.113 -18.200 0.000 9.113 -18.057 0.000 8.674
3 1 -16.204 0.000 8.674 -15.600 0.000 9.113 -17.596 0.000 8.674
3 1 -15.743 0.000 8.674 -15.600 0.000 9.113 -16.204 0.000 8.674
3 1 -15.227 0.000 -0.212 -13.373 0.000 -0.212 -13.231 0.000 0.227
3 1 -13.231 0.000 0.227 -15.369 0.000 0.227 -15.227 0.000 -0.212
3 1 -13.231 0.000 0.227 -13.604 0.000 0.498 -14.996 0.000 0.498
3 1 -14.996 0.000 0.498 -15.369 0.000 0.227 -13.231 0.000 0.227
3 1 -14.996 0.000 0.498 -13.604 0.000 0.498 -13.927 0.000 0.810
3 1 -13.927 0.000 0.810 -14.673 0.000 0.810 -14.996 0.000 0.498
3 1 -14.300 0.000 1.081 -14.673 0.000 0.810 -13.927 0.000 0.810
3 1 -13.000 0.000 2.103 -13.373 0.000 1.832 -13.696 0.000 1.520
3 1 -13.696 0.000 1.520 -13.000 0.000 0.937 -13.000 0.000 2.103
3 1 -13.696 0.000 1.520 -14.069 0.000 1.249 -13.927 0.000 0.810
3 1 -13.927 0.000 0.810 -13.000 0.000 0.937 -13.696 0.000 1.520
3 1 -13.927 0.000 0.810 -13.604 0.000 0.498 -13.143 0.000 0.498
3 1 -13.143 0.000 0.498 -13.000 0.000 0.937 -13.927 0.000 0.810
3 1 -13.000 0.000 4.147 -13.373 0.000 3.876 -13.696 0.000 3.564
3 1 -13.696 0.000 3.564 -13.000 0.000 2.981 -13.000 0.000 4.147
3 1 -13.696 0.000 3.564 -14.069 0.000 3.293 -13.927 0.000 2.854
3 1 -13.927 0.000 2.854 -13.000 0.000 2.981 -13.696 0.000 3.564
3 1 -13.927 0.000 2.854 -13.604 0.000 2.542 -13.143 0.000 2.542
3 1 -13.143 0.000 2.542 -13.000 0.000 2.981 -13.927 0.000 2.854
3 1 -13.000 0.000 6.191 -13.373 0.000 5.920 -13.696 0.000 5.608
3 1 -13.696 0.000 5.608 -13.000 0.000 5.025 -13.000 0.000 6.191
3 1 -13.696 0.000 5.608 -14.069 0.000 5.337 -13.927 0.000 4.898
3 1 -13.927 0.000 4.898 -13.000 0.000 5.025 -13.696 0.000 5.608
3 1 -13.927 0.000 4.898 -13.604 0.000 4.586 -13.143 0.000 4.586
3 1 -13.143 0.000 4.586 -13.000 0.000 5.025 -13.927 0.000 4.898
3 1 -13.000 0.000 8.235 -13.373 0.000 7.964 -13.696 0.000 7.652
3 1 -13.696 0.000 7.652 -13.000 0.000 7.069 -13.000 0.000 8.235
3 1 -13.696 0.000 7.652 -14.069 0.000 7.381 -13.927 0.000 6.942
3 1 -13.927 0.000 6.942 -13.000 0.000 7.069 -13.696 0.000 7.652
3 1 -13.927 0.000 6.942 -13.604 0.000 6.630 -13.143 0.000 6.630
3 1 -13.143 0.000 6.630 -13.000 0.000 7.069 -13.927 0.000 6.942
3 1 -15.600 0.000 2.103 -15.600 0.000 0.937 -14.904 0.000 1.520
3 1 -14.904 0.000 1.520 -15.227 0.000 1.832 -15.600 0.000 2.103
3 1 -14.904 0.000 1.520 -15.600 0.000 0.937 -14.673 0.000 0.810
3 1 -14.673 0.000 0.810 -14.531 0.000 1.249 -14.904 0.000 1.520
3 1 -14.673 0.000 0.810 -15.600 0.000 0.937 -15.457 0.000 0.498
3 1 -15.457 0.000 0.498 -14.996 0.000 0.498 -14.673 0.000 0.810
3 1 -15.600 0.000 4.147 -15.600 0.000 2.981 -14.904 0.000 3.564
3 1 -14.904 0.000 3.564 -15.227 0.000 3.876 -15.600 0.000 4.147
3 1 -14.904 0.000 3.564 -15.600 0.000 2.981 -14.673 0.000 2.854
3 1 -14.673 0.000 2.854 -14.531 0.000 3.293 -14.904 0.000 3.564
3 1 -14.673 0.000 2.854 -15.600 0.000 2.981 -15.457 0.000 2.542
3 1 -15.457 0.000 2.542 -14.996 0.000 2.542 -14.673 0.000 2.854
3 1 -15.600 0.000 6.191 -15.600 0.000 5.025 -14.904 0.000 5.608
3 1 -14.904 0.000 5.608 -15.227 0.000 5.920 -15.600 0.000 6.191
3 1 -14.904 0.000 5.608 -15.600 0.000 5.025 -14.673 0.000 4.898
3 1 -14.673 0.000 4.898 -14.531 0.000 5.337 -14.904 0.000 5.608
3 1 -14.673 0.000 4.898 -15.600 0.000 5.025 -15.457 0.000 4.586
3 1 -15.457 0.000 4.586 -14.996 0.000 4.586 -14.673 0.000 4.898
3 1 -15.600 0.000 8.235 -15.600 0.000 7.069 -14.904 0.000 7.652
3 1 -14.904 0.000 7.652 -15.227 0.000 7.964 -15.600 0.000 8.235
3 1 -14.904 0.000 7.652 -15.600 0.000 7.069 -14.673 0.000 6.942
3 1 -14.673 0.000 6.942 -14.531 0.000 7.381 -14.904 0.000 7.652
3 1 -14.673 0.000 6.942 -15.600 0.000 7.069 -15.457 0.000 6.630
3 1 -15.457 0.000 6.630 -14.996 0.000 6.630 -14.673 0.000 6.942
3 1 -14.443 0.000 1.520 -14.300 0.000 1.959 -15.227 0.000 1.832
3 1 -15.227 0.000 1.832 -14.904 0.000 1.520 -14.443 0.000 1.520
3 1 -15.227 0.000 1.832 -14.300 0.000 1.959 -14.996 0.000 2.542
3 1 -14.996 0.000 2.542 -15.369 0.000 2.271 -15.227 0.000 1.832
3 1 -14.996 0.000 2.542 -14.300 0.000 1.959 -14.300 0.000 3.125
3 1 -14.300 0.000 3.125 -14.673 0.000 2.854 -14.996 0.000 2.542
3 1 -14.300 0.000 3.125 -14.300 0.000 1.959 -13.604 0.000 2.542
3 1 -13.604 0.000 2.542 -13.927 0.000 2.854 -14.300 0.000 3.125
3 1 -13.604 0.000 2.542 -14.300 0.000 1.959 -13.373 0.000 1.832
3 1 -13.373 0.000 1.832 -13.231 0.000 2.271 -13.604 0.000 2.542
3 1 -13.373 0.000 1.832 -14.300 0.000 1.959 -14.157 0.000 1.520
3 1 -14.157 0.000 1.520 -13.696 0.000 1.520 -13.373 0.000 1.832
3 1 -14.443 0.000 3.564 -14.300 0.000 4.003 -15.227 0.000 3.876
3 1 -15.227 0.000 3.876 -14.904 0.000 3.564 -14.443 0.000 3.564
3 1 -15.227 0.000 3.876 -14.300 0.000 4.003 -14.996 0.000 4.586
3 1 -14.996 0.000 4.586 -15.369 0.000 4.315 -15.227 0.000 3.876
3 1 -14.996 0.000 4.586 -14.300 0.000 4.003 -14.300 0.000 5.169
3 1 -14.300 0.000 5.169 -14.673 0.000 4.898 -14.996 0.000 4.586
3 1 -14.300 0.000 5.169 -14.300 0.000 4.003 -13.604 0.000 4.586
3 1 -13.604 0.000 4.586 -13.927 0.000 4.898 -14.300 0.000 5.169
3 1 -13.604 0.000 4.586 -14.300 0.000 4.003 -13.373 0.000 3.876
3 1 -13.373 0.000 3.876 -13.231 0.000 4.315 -13.604 0.000 4.586
3 1 -13.373 0.000 3.876 -14.300 0.000 4.003 -14.157 0.000 3.564
3 1 -14.157 0.000 3.564 -13.696 0.000 3.564 -13.373 0.000 3.876
3 1 -14.443 0.000 5.608 -14.300 0.000 6.047 -15.227 0.000 5.920
3 1 -15.227 0.000 5.920 -14.904 0.000 5.608 -14.443 0.000 5.608
3 1 -15.227 0.000 5.920 -14.300 0.000 6.047 -14.996 0.000 6.630
3 1 -14.996 0.000 6.630 -15.369 0.000 6.359 -15.227 0.000 5.920
3 1 -14.996 0.000 6.630 -14.300 0.000 6.047 -14.300 0.000 7.213
3 1 -14.300 0.000 7.213 -14.673 0.000 6.942 -14.996 0.000 6.630
3 1 -14.300 0.000 7.213 -14.300 0.000 6.047 -13.604 0.000 6.630
3 1 -13.604 0.000 6.630 -13.927 0.000 6.942 -14.300 0.000 7.213
3 1 -13.604 0.000 6.630 -14.300 0.000 6.047 -13.373 0.000 5.920
3 1 -13.373 0.000 5.920 -13.231 0.000 6.359 -13.604 0.000 6.630
3 1 -13.373 0.000 5.920 -14.300 0.000 6.047 -14.157 0.000 5.608
3 1 -14.157 0.000 5.608 -13.696 0.000 5.608 -13.373 0.000 5.920
3 1 -14.443 0.000 7.652 -14.300 0.000 8.091 -15.227 0.000 7.964
3 1 -15.227 0.000 7.964 -14.904 0.000 7.652 -14.443 0.000 7.652
3 1 -15.227 0.000 7.964 -14.300 0.000 8.091 -14.996 0.000 8.674
3 1 -14.996 0.000 8.674 -15.369 0.000 8.403 -15.227 0.000 7.964
3 1 -13.604 0.000 8.674 -14.300 0.000 8.091 -13.373 0.000 7.964
3 1 -13.373 0.000 7.964 -13.231 0.000 8.403 -13.604 0.000 8.674
3 1 -13.373 0.000 7.964 -14.300 0.000 8.091 -14.157 0.000 7.652
3 1 -14.157 0.000 7.652 -13.696 0.000 7.652 -13.373 0.000 7.964
3 1 -14.996 0.000 8.674 -14.300 0.000 8.091 -13.604 0.000 8.674
3 1 -15.457 0.000 8.674 -14.996 0.000 8.674 -13.000 0.000 9.113
3 1 -13.000 0.000 9.113 -15.600 0.000 9.113 -15.457 0.000 8.674
3 1 -14.996 0.000 8.674 -13.604 0.000 8.674 -13.000 0.000 9.113
3 1 -13.604 0.000 8.674 -13.143 0.000 8.674 -13.000 0.000 9.113
3 1 -12.627 0.000 -0.212 -10.773 0.000 -0.212 -10.631 0.000 0.227
3 1 -10.631 0.000 0.227 -12.769 0.000 0.227 -12.627 0.000 -0.212
3 1 -10.631 0.000 0.227 -11.004 0.000 0.498 -12.396 0.000 0.498
3 1 -12.396 0.000 0.498 -12.769 0.000 0.227 -10.631 0.000 0.227
3 1 -12.396 0.000 0.498 -11.004 0.000 0.498 -11.327 0.000 0.810
3 1 -11.327 0.000 0.810 -12.073 0.000 0.810 -12.396 0.000 0.498
3 1 -11.327 0.000 0.810 -11.700 0.000 1.081 -12.073 0.000 0.810
3 1 -10.400 0.000 2.103 -10.773 0.000 1.832 -11.096 0.000 1.520
3 1 -11.096 0.000 1.520 -10.400 0.000 0.937 -10.400 0.000 2.103
3 1 -11.096 0.000 1.520 -11.469 0.000 1.249 -11.327 0.000 0.810
3 1 -11.327 0.000 0.810 -10.400 0.000 0.937 -11.096 0.000 1.520
3 1 -11.327 0.000 0.810 -11.004 0.000 0.498 -10.543 0.000 0.498
3 1 -10.543 0.000 0.498 -10.400 0.000 0.937 -11.327 0.000 0.810
3 1 -10.400 0.000 4.147 -10.773 0.000 3.876 -11.096 0.000 3.564
3 1 -11.096 0.000 3.564 -10.400 0.000 2.981 -10.400 0.000 4.147
3 1 -11.096 0.000 3.564 -11.469 0.000 3.293 -11.327 0.000 2.854
3 1 -11.327 0.000 2.854 -10.400 0.000 2.981 -11.096 0.000 3.564
3 1 -11.327 0.000 2.854 -11.004 0.000 2.542 -10.543 0.000 2.542
3 1 -10.543 0.000 2.542 -10.400 0.000 2.981 -11.327 0.000 2.854
3 1 -10.400 0.000 6.191 -10.773 0.000 5.920 -11.096 0.000 5.608
3 1 -11.096 0.000 5.608 -10.400 0.000 5.025 -10.400 0.000 6.191
3 1 -11.096 0.000 5.608 -11.469 0.000 5.337 -11.327 0.000 4.898
3 1 -11.327 0.000 4.898 -10.400 0.000 5.025 -11.096 0.000 5.608
3 1 -11.327 0.000 4.898 -11.004 0.000 4.586 -10.543 0.000 4.586
3 1 -10.543 0.000 4.586 -10.400 0.000 5.025 -11.327 0.000 4.898
3 1 -10.400 0.000 8.235 -10.773 0.000 7.964 -11.096 0.000 7.652
3 1 -11.096 0.000 7.652 -10.400 0.000 7.069 -10.400 0.000 8.235
3 1 -11.096 0.000 7.652 -11.469 0.000 7.381 -11.327 0.000 6.942
3 1 -11.327 0.000 6.942 -10.400 0.000 7.069 -11.096 0.000 7.652
3 1 -11.327 0.000 6.942 -11.004 0.000 6.630 -10.543 0.000 6.630
3 1 -10.543 0.000 6.630 -10.400 0.000 7.069 -11.327 0.000 6.942
3 1 -13.000 0.000 2.103 -13.000 0.000 0.937 -12.304 0.000 1.520
3 1 -12.304 0.000 1.520 -12.627 0.000 1.832 -13.000 0.000 2.103
3 1 -12.304 0.000 1.520 -13.000 0.000 0.937 -12.073 0.000 0.810
3 1 -12.073 0.000 0.810 -11.931 0.000 1.249 -12.304 0.000 1.520
3 1 -12.073 0.000 0.810 -13.000 0.000 0.937 -12.857 0.000 0.498
3 1 -12.857 0.000 0.498 -12.396 0.000 0.498 -12.073 0.000 0.810
3 1 -13.000 0.000 4.147 -13.000 0.000 2.981 -12.304 0.000 3.564
3 1 -12.304 0.000 3.564 -12.627 0.000 3.876 -13.000 0.000 4.147
3 1 -12.304 0.000 3.564 -13.000 0.000 2.981 -12.073 0.000 2.854
3 1 -12.073 0.000 2.854 -11.931 0.000 3.293 -12.304 0.000 3.564
3 1 -12.073 0.000 2.854 -13.000 0.000 2.981 -12.857 0.000 2.542
3 1 -12.857 0.000 2.542 -12.396 0.000 2.542 -12.073 0.000 2.854
3 1 -13.000 0.000 6.191 -13.000 0.000 5.025 -12.304 0.000 5.608
3 1 -12.304 0.000 5.608 -12.627 0.000 5.920 -13.000 0.000 6.191
3 1 -12.304 0.000 5.608 -13.000 0.000 5.025 -12.073 0.000 4.898
3 1 -12.073 0.000 4.898 -11.931 0.000 5.337 -12.304 0.000 5.608
3 1 -12.073 0.000 4.898 -13.000 0.000 5.025 -12.857 0.000 4.586
3 1 -12.857 0.000 4.586 -12.396 0.000 4.586 -12.073 0.000 4.898
3 1 -13.000 0.000 8.235 -13.000 0.000 7.069 -12.304 0.000 7.652
3 1 -12.304 0.000 7.652 -12.627 0.000 7.964 -13.000 0.000 8.235
3 1 -12.304 0.000 7.652 -13.000 0.000 7.069 -12.073 0.000 6.942
3 1 -12.073 0.000 6.942 -11.931 0.000 7.381 -12.304 0.000 7.652
3 1 -12.073 0.000 6.942 -13.000 0.000 7.069 -12.857 0.000 6.630
3 1 -12.857 0.000 6.630 -12.396 0.000 6.630 -12.073 0.000 6.942
3 1 -11.843 0.000 1.520 -11.700 0.000 1.959 -12.627 0.000 1.832
3 1 -12.627 0.000 1.832 -12.304 0.000 1.520 -11.843 0.000 1.520
3 1 -12.627 0.000 1.832 -11.700 0.000 1.959 -12.396 0.000 2.542
3 1 -12.396 0.000 2.542 -12.769 0.000 2.271 -12.627 0.000 1.832
3 1 -12.396 0.000 2.542 -11.700 0.000 1.959 -11.700 0.000 3.125
3 1 -11.700 0.000 3.125 -12.073 0.000 2.854 -12.396 0.000 2.542
3 1 -11.700 0.000 3.125 -11.700 0.000 1.959 -11.004 0.000 2.542
3 1 -11.004 0.000 2.542 -11.327 0.000 2.854 -11.700 0.000 3.125
3 1 -11.004 0.000 2.542 -11.700 0.000 1.959 -10.773 0.000 1.832
3 1 -10.773 0.000 1.832 -10.631 0.000 2.271 -11.004 0.000 2.542
3 1 -10.773 0.000 1.832 -11.700 0.000 1.959 -11.557 0.000 1.520
3 1 -11.557 0.000 1.520 -11.096 0.000 1.520 -10.773 0.000 1.832
3 1 -11.843 0.000 3.564 -11.700 0.000 4.003 -12.627 0.000 3.876
3 1 -12.627 0.000 3.876 -12.304 0.000 3.564 -11.843 0.000 3.564
3 1 -12.627 0.000 3.876 -11.700 0.000 4.003 -12.396 0.000 4.586
3 1 -12.396 0.000 4.586 -12.769 0.000 4.315 -12.627 0.000 3.876
3 1 -12.396 0.000 4.586 -11.700 0.000 4.003 -11.700 0.000 5.169
3 1 -11.700 0.000 5.169 -12.073 0.000 4.898 -12.396 0.000 4.586
3 1 -11.700 0.000 5.169 -11.700 0.000 4.003 -11.004 0.000 4.586
3 1 -11.004 0.000 4.586 -11.327 0.000 4.898 -11.700 0.000 5.169
3 1 -11.004 0.000 4.586 -11.700 0.000 4.003 -10.773 0.000 3.876
3 1 -10.773 0.000 3.876 -10.631 0.000 4.315 -11.004 0.000 4.586
3 1 -10.773 0.000 3.876 -11.700 0.000 4.003 -11.557 0.000 3.564
3 1 -11.557 0.000 3.564 -11.096 0.000 3.564 -10.773 0.000 3.876
3 1 -11.843 0.000 5.608 -11.700 0.000 6.047 -12.627 0.000 5.920
3 1 -12.627 0.000 5.920 -12.304 0.000 5.608 -11.843 0.000 5.608
3 1 -12.627 0.000 5.920 -11.700 0.000 6.047 -12.396 0.000 6.630
3 1 -12.396 0.000 6.630 -12.769 0.000 6.359 -12.627 0.000 5.920
3 1 -12.396 0.000 6.630 -11.700 0.000 6.047 -11.700 0.000 7.213
3 1 -11.700 0.000 7.213 -12.073 0.000 6.942 -12.396 0.000 6.630
3 1 -11.700 0.000 7.213 -11.700 0.000 6.047 -11.004 0.000 6.630
3 1 -11.004 0.000 6.630 -11.327 0.000 6.942 -11.700 0.000 7.213
3 1 -11.004 0.000 6.630 -11.700 0.000 6.047 -10.773 0.000 5.920
3 1 -10.773 0.000 5.920 -10.631 0.000 6.359 -11.004 0.000 6.630
3 1 -10.773 0.000 5.920 -11.700 0.000 6.047 -11.557 0.000 5.608
3 1 -11.557 0.000 5.608 -11.096 0.000 5.608 -10.773 0.000 5.920
3 1 -11.843 0.000 7.652 -11.700 0.000 8.091 -12.627 0.000 7.964
3 1 -12.627 0.000 7.964 -12.304 0.000 7.652 -11.843 0.000 7.652
3 1 -12.627 0.000 7.964 -11.700 0.000 8.091 -12.396 0.000 8.674
3 1 -12.396 0.000 8.674 -12.769 0.000 8.403 -12.627 0.000 7.964
3 1 -11.004 0.000 8.674 -11.700 0.000 8.091 -10.773 0.000 7.964
3 1 -10.773 0.000 7.964 -10.631 0.000 8.403 -11.004 0.000 8.674
3 1 -10.773 0.000 7.964 -11.700 0.000 8.091 -11.557 0.000 7.652
3 1 -11.557 0.000 7.652 -11.096 0.000 7.652 -10.773 0.000 7.964
3 1 -11.004 0.000 8.674 -12.396 0.000 8.674 -11.700 0.000 8.091
3 1 -12.857 0.000 8.674 -12.396 0.000 8.674 -10.400 0.000 9.113
3 1 -10.400 0.000 9.113 -13.000 0.000 9.113 -12.857 0.000 8.674
3 1 -10.400 0.000 9.113 -12.396 0.000 8.674 -11.004 0.000 8.674
3 1 -10.400 0.000 9.113 -11.004 0.000 8.674 -10.543 0.000 8.674
3 1 -10.027 0.000 -0.212 -8.173 0.000 -0.212 -8.031 0.000 0.227
3 1 -8.031 0.000 0.227 -10.169 0.000 0.227 -10.027 0.000 -0.212
3 1 -8.031 0.000 0.227 -8.404 0.000 0.498 -9.796 0.000 0.498
3 1 -9.796 0.000 0.498 -10.169 0.000 0.227 -8.031 0.000 0.227
3 1 -9.796 0.000 0.498 -8.404 0.000 0.498 -8.727 0.000 0.810
3 1 -8.727 0.000 0.810 -9.473 0.000 0.810 -9.796 0.000 0.498
3 1 -9.473 0.000 0.810 -8.727 0.000 0.810 -9.100 0.000 1.081
3 1 -7.800 0.000 2.103 -8.173 0.000 1.832 -8.496 0.000 1.520
3 1 -8.496 0.000 1.520 -7.800 0.000 0.937 -7.800 0.000 2.103
3 1 -8.496 0.000 1.520 -8.869 0.000 1.249 -8.727 0.000 0.810
3 1 -8.727 0.000 0.810 -7.800 0.000 0.937 -8.496 0.000 1.520
3 1 -8.727 0.000 0.810 -8.404 0.000 0.498 -7.943 0.000 0.498
3 1 -7.943 0.000 0.498 -7.800 0.000 0.937 -8.727 0.000 0.810
3 1 -7.800 0.000 4.147 -8.173 0.000 3.876 -8.496 0.000 3.564
3 1 -8.496 0.000 3.564 -7.800 0.000 2.981 -7.800 0.000 4.147
3 1 -8.496 0.000 3.564 -8.869 0.000 3.293 -8.727 0.000 2.854
3 1 -8.727 0.000 2.854 -7.800 0.000 2.981 -8.496 0.000 3.564
3 1 -8.727 0.000 2.854 -8.404 0.000 2.542 -7.943 0.000 2.542
3 1 -7.943 0.000 2.542 -7.800 0.000 2.981 -8.727 0.000 2.854
3 1 -7.800 0.000 6.191 -8.173 0.000 5.920 -8.496 0.000 5.608
3 1 -8.496 0.000 5.608 -7.800 0.000 5.025 -7.800 0.000 6.191
3 1 -8.496 0.000 5.608 -8.869 0.000 5.337 -8.727 0.000 4.898
3 1 -8.727 0.000 4.898 -7.800 0.000 5.025 -8.496 0.000 5.608
3 1 -8.727 0.000 4.898 -8.404 0.000 4.586 -7.943 0.000 4.586
3 1 -7.943 0.000 4.586 -7.800 0.000 5.025 -8.727 0.000 4.898
3 1 -7.800 0.000 8.235 -8.173 0.000 7.964 -8.496 0.000 7.652
3 1 -8.496 0.000 7.652 -7.800 0.000 7.069 -7.800 0.000 8.235
3 1 -8.496 0.000 7.652 -8.869 0.000 7.381 -8.727 0.000 6.942
3 1 -8.727 0.000 6.942 -7.800 0.000 7.069 -8.496 0.000 7.652
3 1 -8.727 0.000 6.942 -8.404 0.000 6.630 -7.943 0.000 6.630
3 1 -7.943 0.000 6.630 -7.800 0.000 7.069 -8.727 0.000 6.942
3 1 -10.400 0.000 2.103 -10.400 0.000 0.937 -9.704 0.000 1.520
3 1 -9.704 0.000 1.520 -10.027 0.000 1.832 -10.400 0.000 2.103
3 1 -9.704 0.000 1.520 -10.400 0.000 0.937 -9.473 0.000 0.810
3 1 -9.473 0.000 0.810 -9.331 0.000 1.249 -9.704 0.000 1.520
3 1 -9.473 0.000 0.810 -10.400 0.000 0.937 -10.257 0.000 0.498
3 1 -10.257 0.000 0.498 -9.796 0.000 0.498 -9.473 0.000 0.810
3 1 -10.400 0.000 4.147 -10.400 0.000 2.981 -9.704 0.000 3.564
3 1 -9.704 0.000 3.564 -10.027 0.000 3.876 -10.400 0.000 4.147
3 1 -9.704 0.000 3.564 -10.400 0.000 2.981 -9.473 0.000 2.854
3 1 -9.473 0.000 2.854 -9.331 0.000 3.293 -9.704 0.000 3.564
3 1 -9.473 0.000 2.854 -10.400 0.000 2.981 -10.257 0.000 2.542
3 1 -10.257 0.000 2.542 -9.796 0.000 2.542 -9.473 0.000 2.854
3 1 -10.400 0.000 6.191 -10.400 0.000 5.025 -9.704 0.000 5.608
3 1 -9.704 0.000 5.608 -10.027 0.000 5.920 -10.400 0.000 6.191
3 1 -9.704 0.000 5.608 -10.400 0.000 5.025 -9.473 0.000 4.898
3 1 -9.473 0.000 4.898 -9.331 0.000 5.337 -9.704 0.000 5.608
3 1 -9.473 0.000 4.898 -10.400 0.000 5.025 -10.257 0.000 4.586
3 1 -10.257 0.000 4.586 -9.796 0.000 4.586 -9.473 0.000 4.898
3 1 -10.400 0.000 8.235 -10.400 0.000 7.069 -9.704 0.000 7.652
3 1 -9.704 0.000 7.652 -10.027 0.000 7.964 -10.400 0.000 8.235
3 1 -9.704 0.000 7.652 -10.400 0.000 7.069 -9.473 0.000 6.942
3 1 -9.473 0.000 6.942 -9.331 0.000 7.381 -9.704 0.000 7.652
3 1 -9.473 0.000 6.942 -10.400 0.000 7.069 -10.257 0.000 6.630
3 1 -10.257 0.000 6.630 -9.796 0.000 6.630 -9.473 0.000 6.942
3 1 -9.243 0.000 1.520 -9.100 0.000 1.959 -10.027 0.000 1.832
3 1 -10.027 0.000 1.832 -9.704 0.000 1.520 -9.243 0.000 1.520
3 1 -10.027 0.000 1.832 -9.100 0.000 1.959 -9.796 0.000 2.542
3 1 -9.796 0.000 2.542 -10.169 0.000 2.271 -10.027 0.000 1.832
3 1 -9.796 0.000 2.542 -9.100 0.000 1.959 -9.100 0.000 3.125
3 1 -9.100 0.000 3.125 -9.473 0.000 2.854 -9.796 0.000 2.542
3 1 -9.100 0.000 3.125 -9.100 0.000 1.959 -8.404 0.000 2.542
3 1 -8.404 0.000 2.542 -8.727 0.000 2.854 -9.100 0.000 3.125
3 1 -8.404 0.000 2.542 -9.100 0.000 1.959 -8.173 0.000 1.832
3 1 -8.173 0.000 1.832 -8.031 0.000 2.271 -8.404 0.000 2.542
3 1 -8.173 0.000 1.832 -9.100 0.000 1.959 -8.957 0.000 1.520
3 1 -8.957 0.000 1.520 -8.496 0.000 1.520 -8.173 0.000 1.832
3 1 -9.243 0.000 3.564 -9.100 0.000 4.003 -10.027 0.000 3.876
3 1 -10.027 0.000 3.876 -9.704 0.000 3.564 -9.243 0.000 3.564
3 1 -10.027 0.000 3.876 -9.100 0.000 4.003 -9.796 0.000 4.586
3 1 -9.796 0.000 4.586 -10.169 0.000 4.315 -10.027 0.000 3.876
3 1 -9.796 0.000 4.586 -9.100 0.000 4.003 -9.100 0.000 5.169
3 1 -9.100 0.000 5.169 -9.473 0.000 4.898 -9.796 0.000 4.586
3 1 -9.100 0.000 5.169 -9.100 0.000 4.003 -8.404 0.000 4.586
3 1 -8.404 0.000 4.586 -8.727 0.000 4.898 -9.100 0.000 5.169
3 1 -8.404 0.000 4.586 -9.100 0.000 4.003 -8.173 0.000 3.876
3 1 -8.173 0.000 3.876 -8.031 0.000 4.315 -8.404 0.000 4.586
3 1 -8.173 0.000 3.876 -9.100 0.000 4.003 -8.957 0.000 3.564
3 1 -8.957 0.000 3.564 -8.496 0.000 3.564 -8.173 0.000 3.876
3 1 -9.243 0.000 5.608 -9.100 0.000 6.047 -10.027 0.000 5.920
3 1 -10.027 0.000 5.920 -9.704 0.000 5.608 -9.243 0.000 5.608
3 1 -10.027 0.000 5.920 -9.100 0.000 6.047 -9.796 0.000 6.630
3 1 -9.796 0.000 6.630 -10.169 0.000 6.359 -10.027 0.000 5.920
3 1 -9.796 0.000 6.630 -9.100 0.000 6.047 -9.100 0.000 7.213
3 1 -9.100 0.000 7.213 -9.473 0.000 6.942 -9.796 0.000 6.630
3 1 -9.100 0.000 7.213 -9.100 0.000 6.047 -8.404 0.000 6.630
3 1 -8.404 0.000 6.630 -8.727 0.000 6.942 -9.100 0.000 7.213
3 1 -8.404 0.000 6.630 -9.100 0.000 6.047 -8.173 0.000 5.920
3 1 -8.173 0.000 5.920 -8.031 0.000 6.359 -8.404 0.000 6.630
3 1 -8.173 0.000 5.920 -9.100 0.000 6.047 -8.957 0.000 5.608
3 1 -8.957 0.000 5.608 -8.496 0.000 5.608 -8.173 0.000 5.920
3 1 -9.243 0.000 7.652 -9.100 0.000 8.091 -10.027 0.000 7.964
3 1 -10.027 0.000 7.964 -9.704 0.000 7.652 -9.243 0.000 7.652
3 1 -10.027 0.000 7.964 -9.100 0.000 8.091 -9.796 0.000 8.674
3 1 -9.796 0.000 8.674 -10.169 0.000 8.403 -10.027 0.000 7.964
3 1 -8.404 0.000 8.674 -9.100 0.000 8.091 -8.173 0.000 7.964
3 1 -8.173 0.000 7.964 -8.031 0.000 8.403 -8.404 0.000 8.674
3 1 -8.173 0.000 7.964 -9.100 0.000 8.091 -8.957 0.000 7.652
3 1 -8.957 0.000 7.652 -8.496 0.000 7.652 -8.173 0.000 7.964
3 1 -9.100 0.000 8.091 -8.404 0.000 8.674 -9.796 0.000 8.674
3 1 -10.257 0.000 8.674 -9.796 0.000 8.674 -7.800 0.000 9.113
3 1 -7.800 0.000 9.113 -10.400 0.000 9.113 -10.257 0.000 8.674
3 1 -8.404 0.000 8.674 -7.800 0.000 9.113 -9.796 0.000 8.674
3 1 -7.943 0.000 8.674 -7.800 0.000 9.113 -8.404 0.000 8.674
3 1 -5.573 0.000 -0.212 -5.431 0.000 0.227 -5.804 0.000 0.498
3 1 -5.804 0.000 0.498 -7.569 0.000 0.227 -5.573 0.000 -0.212
3 1 -7.196 0.000 0.498 -7.569 0.000 0.227 -5.804 0.000 0.498
3 1 -7.196 0.000 0.498 -5.804 0.000 0.498 -6.127 0.000 0.810
3 1 -6.127 0.000 0.810 -6.873 0.000 0.810 -7.196 0.000 0.498
3 1 -6.873 0.000 0.810 -6.127 0.000 0.810 -6.500 0.000 1.081
3 1 -5.200 0.000 2.103 -5.573 0.000 1.832 -5.896 0.000 1.520
3 1 -5.896 0.000 1.520 -5.200 0.000 0.937 -5.200 0.000 2.103
3 1 -5.896 0.000 1.520 -6.269 0.000 1.249 -6.127 0.000 0.810
3 1 -6.127 0.000 0.810 -5.200 0.000 0.937 -5.896 0.000 1.520
3 1 -6.127 0.000 0.810 -5.804 0.000 0.498 -5.343 0.000 0.498
3 1 -5.343 0.000 0.498 -5.200 0.000 0.937 -6.127 0.000 0.810
3 1 -5.896 0.000 3.564 -5.200 0.000 2.981 -5.573 0.000 3.876
3 1 -5.896 0.000 3.564 -6.269 0.000 3.293 -6.127 0.000 2.854
3 1 -6.127 0.000 2.854 -5.200 0.000 2.981 -5.896 0.000 3.564
3 1 -6.127 0.000 2.854 -5.804 0.000 2.542 -5.343 0.000 2.542
3 1 -5.343 0.000 2.542 -5.200 0.000 2.981 -6.127 0.000 2.854
3 1 -5.200 0.000 6.191 -5.573 0.000 5.920 -5.896 0.000 5.608
3 1 -5.896 0.000 5.608 -5.200 0.000 5.025 -5.200 0.000 6.191
3 1 -5.896 0.000 5.608 -6.269 0.000 5.337 -6.127 0.000 4.898
3 1 -6.127 0.000 4.898 -5.200 0.000 5.025 -5.896 0.000 5.608
3 1 -6.127 0.000 4.898 -5.804 0.000 4.586 -5.343 0.000 4.586
3 1 -5.343 0.000 4.586 -5.200 0.000 5.025 -6.127 0.000 4.898
3 1 -5.200 0.000 7.069 -5.573 0.000 7.964 -5.896 0.000 7.652
3 1 -5.896 0.000 7.652 -6.269 0.000 7.381 -6.127 0.000 6.942
3 1 -6.127 0.000 6.942 -5.200 0.000 7.069 -5.896 0.000 7.652
3 1 -6.127 0.000 6.942 -5.804 0.000 6.630 -5.343 0.000 6.630
3 1 -5.343 0.000 6.630 -5.200 0.000 7.069 -6.127 0.000 6.942
3 1 -7.800 0.000 2.103 -7.800 0.000 0.937 -7.104 0.000 1.520
3 1 -7.104 0.000 1.520 -7.427 0.000 1.832 -7.800 0.000 2.103
3 1 -7.104 0.000 1.520 -7.800 0.000 0.937 -6.873 0.000 0.810
3 1 -6.873 0.000 0.810 -6.731 0.000 1.249 -7.104 0.000 1.520
3 1 -6.873 0.000 0.810 -7.800 0.000 0.937 -7.657 0.000 0.498
3 1 -7.657 0.000 0.498 -7.196 0.000 0.498 -6.873 0.000 0.810
3 1 -7.800 0.000 4.147 -7.800 0.000 2.981 -7.104 0.000 3.564
3 1 -7.104 0.000 3.564 -7.427 0.000 3.876 -7.800 0.000 4.147
3 1 -7.104 0.000 3.564 -7.800 0.000 2.981 -6.873 0.000 2.854
3 1 -6.873 0.000 2.854 -6.731 0.000 3.293 -7.104 0.000 3.564
3 1 -6.873 0.000 2.854 -7.800 0.000 2.981 -7.657 0.000 2.542
3 1 -7.657 0.000 2.542 -7.196 0.000 2.542 -6.873 0.000 2.854
3 1 -7.800 0.000 6.191 -7.800 0.000 5.025 -7.104 0.000 5.608
3 1 -7.104 0.000 5.608 -7.427 0.000 5.920 -7.800 0.000 6.191
3 1 -7.104 0.000 5.608 -7.800 0.000 5.025 -6.873 0.000 4.898
3 1 -6.873 0.000 4.898 -6.731 0.000 5.337 -7.104 0.000 5.608
3 1 -6.873 0.000 4.898 -7.800 0.000 5.025 -7.657 0.000 4.586
3 1 -7.657 0.000 4.586 -7.196 0.000 4.586 -6.873 0.000 4.898
3 1 -7.800 0.000 8.235 -7.800 0.000 7.069 -7.104 0.000 7.652
3 1 -7.104 0.000 7.652 -7.427 0.000 7.964 -7.800 0.000 8.235
3 1 -7.104 0.000 7.652 -7.800 0.000 7.069 -6.873 0.000 6.942
3 1 -6.873 0.000 6.942 -6.731 0.000 7.381 -7.104 0.000 7.652
3 1 -6.873 0.000 6.942 -7.800 0.000 7.069 -7.657 0.000 6.630
3 1 -7.657 0.000 6.630 -7.196 0.000 6.630 -6.873 0.000 6.942
3 1 -6.643 0.000 1.520 -6.500 0.000 1.959 -7.427 0.000 1.832
3 1 -7.427 0.000 1.832 -7.104 0.000 1.520 -6.643 0.000 1.520
3 1 -7.427 0.000 1.832 -6.500 0.000 1.959 -7.196 0.000 2.542
3 1 -7.196 0.000 2.542 -7.569 0.000 2.271 -7.427 0.000 1.832
3 1 -7.196 0.000 2.542 -6.500 0.000 1.959 -6.500 0.000 3.125
3 1 -6.500 0.000 3.125 -6.873 0.000 2.854 -7.196 0.000 2.542
3 1 -6.500 0.000 3.125 -6.500 0.000 1.959 -5.804 0.000 2.542
3 1 -5.804 0.000 2.542 -6.127 0.000 2.854 -6.500 0.000 3.125
3 1 -5.804 0.000 2.542 -6.500 0.000 1.959 -5.573 0.000 1.832
3 1 -5.573 0.000 1.832 -5.431 0.000 2.271 -5.804 0.000 2.542
3 1 -5.573 0.000 1.832 -6.500 0.000 1.959 -6.357 0.000 1.520
3 1 -6.357 0.000 1.520 -5.896 0.000 1.520 -5.573 0.000 1.832
3 1 -6.643 0.000 3.564 -6.500 0.000 4.003 -7.427 0.000 3.876
3 1 -7.427 0.000 3.876 -7.104 0.000 3.564 -6.643 0.000 3.564
3 1 -7.427 0.000 3.876 -6.500 0.000 4.003 -7.196 0.000 4.586
3 1 -7.196 0.000 4.586 -7.569 0.000 4.315 -7.427 0.000 3.876
3 1 -7.196 0.000 4.586 -6.500 0.000 4.003 -6.500 0.000 5.169
3 1 -6.500 0.000 5.169 -6.873 0.000 4.898 -7.196 0.000 4.586
3 1 -6.500 0.000 5.169 -6.500 0.000 4.003 -5.804 0.000 4.586
3 1 -5.804 0.000 4.586 -6.127 0.000 4.898 -6.500 0.000 5.169
3 1 -5.804 0.000 4.586 -6.500 0.000 4.003 -5.573 0.000 3.876
3 1 -5.573 0.000 3.876 -5.431 0.000 4.315 -5.804 0.000 4.586
3 1 -5.573 0.000 3.876 -6.500 0.000 4.003 -6.357 0.000 3.564
3 1 -6.357 0.000 3.564 -5.896 0.000 3.564 -5.573 0.000 3.876
3 1 -6.643 0.000 5.608 -6.500 0.000 6.047 -7.427 0.000 5.920
3 1 -7.427 0.000 5.920 -7.104 0.000 5.608 -6.643 0.000 5.608
3 1 -7.427 0.000 5.920 -6.500 0.000 6.047 -7.196 0.000 6.630
3 1 -7.196 0.000 6.630 -7.569 0.000 6.359 -7.427 0.000 5.920
3 1 -7.196 0.000 6.630 -6.500 0.000 6.047 -6.500 0.000 7.213
3 1 -6.500 0.000 7.213 -6.873 0.000 6.942 -7.196 0.000 6.630
3 1 -6.500 0.000 7.213 -6.500 0.000 6.047 -5.804 0.000 6.630
3 1 -5.804 0.000 6.630 -6.127 0.000 6.942 -6.500 0.000 7.213
3 1 -5.804 0.000 6.630 -6.500 0.000 6.047 -5.573 0.000 5.920
3 1 -5.573 0.000 5.920 -5.431 0.000 6.359 -5.804 0.000 6.630
3 1 -5.573 0.000 5.920 -6.500 0.000 6.047 -6.357 0.000 5.608
3 1 -6.357 0.000 5.608 -5.896 0.000 5.608 -5.573 0.000 5.920
3 1 -6.643 0.000 7.652 -6.500 0.000 8.091 -7.427 0.000 7.964
3 1 -7.427 0.000 7.964 -7.104 0.000 7.652 -6.643 0.000 7.652
3 1 -7.427 0.000 7.964 -6.500 0.000 8.091 -7.196 0.000 8.674
3 1 -7.196 0.000 8.674 -7.569 0.000 8.403 -7.427 0.000 7.964
3 1 -5.804 0.000 8.674 -6.500 0.000 8.091 -5.573 0.000 7.964
3 1 -5.573 0.000 7.964 -5.431 0.000 8.403 -5.804 0.000 8.674
3 1 -5.573 0.000 7.964 -6.500 0.000 8.091 -6.357 0.000 7.652
3 1 -6.357 0.000 7.652 -5.896 0.000 7.652 -5.573 0.000 7.964
3 1 -7.196 0.000 8.674 -6.500 0.000 8.091 -5.804 0.000 8.674
3 1 -7.800 0.000 9.113 -7.657 0.000 8.674 -7.196 0.000 8.674
3 1 -5.804 0.000 8.674 -5.200 0.000 9.113 -7.196 0.000 8.674
3 1 -5.343 0.000 8.674 -5.200 0.000 9.113 -5.804 0.000 8.674
1 16 0.0000 0.0000 0.0000 1.0000 0.0000 0.0000 0.0000 1.0000 0.0000 0.0000 0.0000 1.0000 s/3069bs01.dat
