0 FILE 3070bpb124.dat
0 Tile 1 x 1 with Groove with Series 1 Collectible Minifigure Package Pattern 
0 Name:  3070bpb124.dat
0 Author:  
0 BFC CERTIFY CCW
3 16 -10.000 0.000 10.000 -8.800 0.000 7.350 -4.700 0.000 7.350
3 16 -4.700 0.000 7.350 -3.250 0.000 7.500 -10.000 0.000 10.000
3 16 -10.000 0.000 10.000 -3.250 0.000 7.500 -3.250 0.000 8.000
3 16 -10.000 0.000 10.000 -3.250 0.000 8.000 -3.250 0.000 8.500
3 16 -1.000 0.000 9.500 -10.000 0.000 10.000 -2.750 0.000 8.500
3 16 -2.750 0.000 8.500 -1.000 0.000 8.500 -1.000 0.000 9.500
3 16 -2.750 0.000 8.500 -10.000 0.000 10.000 -3.250 0.000 8.500
3 16 -10.000 0.000 10.000 -1.000 0.000 9.500 0.000 0.000 9.500
3 16 -10.000 0.000 10.000 0.000 0.000 9.500 1.000 0.000 9.500
3 16 1.000 0.000 9.500 10.000 0.000 10.000 -10.000 0.000 10.000
3 16 10.000 0.000 10.000 1.000 0.000 9.500 7.650 0.000 9.550
3 16 10.000 0.000 10.000 7.650 0.000 9.550 8.150 0.000 9.550
3 16 10.000 0.000 10.000 8.150 0.000 9.550 8.150 0.000 9.080
3 16 8.150 0.000 9.080 8.900 0.000 9.080 10.000 0.000 10.000
3 16 10.000 0.000 10.000 8.900 0.000 9.080 8.900 0.000 8.330
3 16 8.900 0.000 7.580 9.050 0.000 5.800 10.000 0.000 10.000
3 16 10.000 0.000 10.000 8.900 0.000 8.330 8.900 0.000 7.580
3 16 10.000 0.000 10.000 9.050 0.000 5.800 9.060 0.000 5.590
3 16 9.060 0.000 5.590 10.000 0.000 0.000 10.000 0.000 10.000
3 16 8.900 0.000 7.580 8.150 0.000 7.580 8.740 0.000 6.210
3 16 8.740 0.000 6.210 9.050 0.000 5.800 8.900 0.000 7.580
3 16 7.490 0.000 6.240 7.870 0.000 5.960 8.050 0.000 6.220
3 16 8.150 0.000 7.580 7.490 0.000 6.240 8.050 0.000 6.220
3 16 8.050 0.000 6.220 8.740 0.000 6.210 8.150 0.000 7.580
3 16 7.490 0.000 6.240 8.150 0.000 7.580 7.400 0.000 7.580
3 16 7.400 0.000 7.580 7.100 0.000 7.500 6.940 0.000 6.240
3 16 6.940 0.000 6.240 7.490 0.000 6.240 7.400 0.000 7.580
3 16 7.100 0.000 7.500 6.350 0.000 7.370 6.720 0.000 6.140
3 16 6.720 0.000 6.140 6.940 0.000 6.240 7.100 0.000 7.500
3 16 6.720 0.000 6.140 6.350 0.000 7.370 6.250 0.000 6.220
3 16 6.250 0.000 6.220 6.540 0.000 5.980 6.720 0.000 6.140
3 16 7.100 0.000 7.500 7.400 0.000 7.580 7.400 0.000 8.330
3 16 7.400 0.000 8.330 6.970 0.000 9.220 7.100 0.000 7.500
3 16 6.970 0.000 9.220 7.400 0.000 8.330 7.480 0.000 8.550
3 16 7.480 0.000 8.550 7.650 0.000 9.550 6.970 0.000 9.220
3 16 7.650 0.000 9.550 1.000 0.000 9.500 6.700 0.000 9.150
3 16 6.700 0.000 9.150 6.970 0.000 9.220 7.650 0.000 9.550
3 16 6.700 0.000 9.150 1.000 0.000 9.500 1.000 0.000 8.500
3 16 1.000 0.000 8.500 2.750 0.000 8.500 6.700 0.000 9.150
3 16 3.250 0.000 8.500 6.000 0.000 8.800 6.700 0.000 9.150
3 16 6.700 0.000 9.150 2.750 0.000 8.500 3.250 0.000 8.500
3 16 6.000 0.000 8.800 3.250 0.000 8.500 3.250 0.000 8.000
3 16 3.250 0.000 8.000 6.050 0.000 8.450 6.000 0.000 8.800
3 16 6.050 0.000 8.450 3.250 0.000 8.000 3.250 0.000 7.500
3 16 3.250 0.000 7.500 6.300 0.000 8.450 6.050 0.000 8.450
3 16 6.350 0.000 7.370 6.300 0.000 8.450 3.250 0.000 7.500
3 16 3.250 0.000 7.500 3.980 0.000 6.200 6.350 0.000 7.370
3 16 4.800 0.000 6.220 6.350 0.000 7.370 3.980 0.000 6.200
3 16 3.980 0.000 6.200 4.450 0.000 6.010 4.800 0.000 6.220
3 16 6.350 0.000 7.370 4.800 0.000 6.220 6.250 0.000 6.220
3 16 3.980 0.000 6.200 3.250 0.000 7.500 2.400 0.000 6.190
3 16 2.750 0.000 7.500 2.320 0.000 6.600 2.400 0.000 6.190
3 16 2.400 0.000 6.190 3.250 0.000 7.500 2.750 0.000 7.500
3 16 2.320 0.000 6.600 2.750 0.000 7.500 2.220 0.000 6.880
3 16 2.220 0.000 6.880 2.750 0.000 7.500 2.060 0.000 7.120
3 16 1.880 0.000 7.120 2.060 0.000 7.120 2.750 0.000 7.500
3 16 0.380 0.000 7.040 1.880 0.000 7.120 2.750 0.000 7.500
3 16 2.750 0.000 7.500 -2.750 0.000 7.500 0.380 0.000 7.040
3 16 1.720 0.000 7.020 1.880 0.000 7.120 0.380 0.000 7.040
3 16 0.380 0.000 7.040 0.470 0.000 6.950 1.720 0.000 7.020
3 16 0.470 0.000 6.950 0.570 0.000 6.790 1.630 0.000 6.840
3 16 1.630 0.000 6.840 1.720 0.000 7.020 0.470 0.000 6.950
3 16 0.570 0.000 6.790 0.650 0.000 6.600 1.610 0.000 6.580
3 16 1.610 0.000 6.580 1.630 0.000 6.840 0.570 0.000 6.790
3 16 -2.750 0.000 7.500 0.070 0.000 7.020 0.380 0.000 7.040
3 16 -1.290 0.000 5.920 -0.790 0.000 5.820 -0.200 0.000 5.980
3 16 -0.200 0.000 5.980 -1.290 0.000 6.380 -1.290 0.000 5.920
3 16 -0.220 0.000 6.350 -1.350 0.000 6.630 -1.290 0.000 6.380
3 16 -1.290 0.000 6.380 -0.200 0.000 5.980 -0.220 0.000 6.350
3 16 -1.350 0.000 6.630 -0.220 0.000 6.350 -0.210 0.000 6.650
3 16 -0.210 0.000 6.650 -1.490 0.000 6.830 -1.350 0.000 6.630
3 16 -0.130 0.000 6.820 -1.700 0.000 6.890 -1.490 0.000 6.830
3 16 -1.490 0.000 6.830 -0.210 0.000 6.650 -0.130 0.000 6.820
3 16 -1.700 0.000 6.890 -0.130 0.000 6.820 0.070 0.000 7.020
3 16 0.070 0.000 7.020 -2.750 0.000 7.500 -1.700 0.000 6.890
3 16 -2.750 0.000 7.500 -3.250 0.000 7.500 -1.970 0.000 6.790
3 16 -1.970 0.000 6.790 -1.700 0.000 6.890 -2.750 0.000 7.500
3 16 -3.250 0.000 7.500 -2.440 0.000 6.220 -1.970 0.000 6.290
3 16 -1.970 0.000 6.290 -1.970 0.000 6.790 -3.250 0.000 7.500
3 16 -2.440 0.000 6.220 -2.330 0.000 5.960 -2.020 0.000 5.960
3 16 -2.020 0.000 5.960 -1.970 0.000 6.290 -2.440 0.000 6.220
3 16 -2.440 0.000 6.220 -3.250 0.000 7.500 -2.870 0.000 6.220
3 16 -4.700 0.000 7.350 -4.210 0.000 6.160 -3.370 0.000 6.200
3 16 -3.370 0.000 6.200 -3.250 0.000 7.500 -4.700 0.000 7.350
3 16 -4.210 0.000 6.160 -4.700 0.000 7.350 -4.700 0.000 3.250
3 16 -4.700 0.000 3.250 -4.250 0.000 4.600 -4.210 0.000 6.160
3 16 -3.370 0.000 6.200 -3.240 0.000 5.920 -2.870 0.000 6.220
3 16 -2.870 0.000 6.220 -3.250 0.000 7.500 -3.370 0.000 6.200
3 16 -2.870 0.000 6.220 -3.240 0.000 5.920 -3.020 0.000 5.920
3 16 -3.710 0.000 4.650 -4.250 0.000 4.600 -4.700 0.000 3.250
3 16 -4.700 0.000 3.250 -3.090 0.000 1.310 -3.710 0.000 4.650
3 16 -2.530 0.000 4.800 -2.830 0.000 4.880 -3.000 0.000 4.640
3 16 -3.000 0.000 4.640 -2.500 0.000 4.600 -2.530 0.000 4.800
3 16 -0.560 0.000 4.760 -0.710 0.000 4.900 -0.910 0.000 4.890
3 16 -0.910 0.000 4.890 -1.060 0.000 4.770 -0.560 0.000 4.760
3 16 -1.060 0.000 4.770 -1.090 0.000 4.600 -0.480 0.000 4.550
3 16 -0.480 0.000 4.550 -0.560 0.000 4.760 -1.060 0.000 4.770
3 16 1.960 0.000 4.620 1.790 0.000 4.830 1.810 0.000 4.490
3 16 1.810 0.000 4.490 1.790 0.000 4.830 0.830 0.000 4.540
3 16 0.830 0.000 4.540 1.780 0.000 3.960 1.810 0.000 4.490
3 16 1.780 0.000 5.020 1.030 0.000 5.030 0.830 0.000 4.540
3 16 0.830 0.000 4.540 1.790 0.000 4.830 1.780 0.000 5.020
3 16 4.060 0.000 4.610 3.970 0.000 4.870 3.890 0.000 4.860
3 16 3.890 0.000 4.860 3.710 0.000 4.370 4.060 0.000 4.610
3 16 3.950 0.000 3.000 4.410 0.000 4.570 4.060 0.000 4.610
3 16 4.060 0.000 4.610 3.710 0.000 4.370 3.950 0.000 3.000
3 16 3.710 0.000 4.370 3.510 0.000 4.150 3.950 0.000 3.000
3 16 3.950 0.000 3.000 3.510 0.000 4.150 3.280 0.000 4.010
3 16 1.010 0.000 -2.920 1.440 0.000 -2.920 1.440 0.000 -2.750
3 16 1.440 0.000 -2.750 1.370 0.000 -2.510 0.980 0.000 -2.480
3 16 0.980 0.000 -2.480 1.010 0.000 -2.920 1.440 0.000 -2.750
3 16 1.370 0.000 -2.510 1.310 0.000 -1.940 0.880 0.000 -2.320
3 16 0.880 0.000 -2.320 0.980 0.000 -2.480 1.370 0.000 -2.510
3 16 1.310 0.000 -1.940 1.310 0.000 -0.090 0.880 0.000 -0.270
3 16 0.880 0.000 -0.270 0.880 0.000 -2.320 1.310 0.000 -1.940
3 16 1.310 0.000 -0.090 1.500 0.000 0.590 0.760 0.000 0.110
3 16 0.760 0.000 0.110 0.880 0.000 -0.270 1.310 0.000 -0.090
3 16 1.500 0.000 0.590 1.790 0.000 1.070 0.530 0.000 0.530
3 16 0.530 0.000 0.530 0.760 0.000 0.110 1.500 0.000 0.590
3 16 1.790 0.000 1.070 2.100 0.000 1.410 0.260 0.000 0.850
3 16 0.260 0.000 0.850 0.530 0.000 0.530 1.790 0.000 1.070
3 16 2.100 0.000 1.410 2.490 0.000 1.630 -0.160 0.000 1.180
3 16 -0.160 0.000 1.180 0.260 0.000 0.850 2.100 0.000 1.410
3 16 2.490 0.000 1.630 2.940 0.000 1.780 -0.580 0.000 1.410
3 16 -0.580 0.000 1.410 -0.160 0.000 1.180 2.490 0.000 1.630
3 16 2.940 0.000 1.780 2.430 0.000 2.480 -1.090 0.000 1.580
3 16 -1.090 0.000 1.580 -0.580 0.000 1.410 2.940 0.000 1.780
3 16 2.430 0.000 2.480 1.880 0.000 3.570 -1.580 0.000 1.660
3 16 -1.580 0.000 1.660 -1.090 0.000 1.580 2.430 0.000 2.480
3 16 -1.580 0.000 1.660 1.880 0.000 3.570 -0.480 0.000 4.550
3 16 -0.480 0.000 4.550 -1.090 0.000 4.600 -1.580 0.000 1.660
3 16 1.780 0.000 3.960 0.830 0.000 4.540 -0.480 0.000 4.550
3 16 -0.480 0.000 4.550 1.880 0.000 3.570 1.780 0.000 3.960
3 16 -2.500 0.000 4.600 -1.980 0.000 1.690 -1.580 0.000 1.660
3 16 -1.580 0.000 1.660 -1.090 0.000 4.600 -2.500 0.000 4.600
3 16 -1.980 0.000 1.690 -2.500 0.000 4.600 -3.000 0.000 4.640
3 16 -3.000 0.000 4.640 -3.280 0.000 4.650 -2.330 0.000 1.640
3 16 -2.330 0.000 1.640 -1.980 0.000 1.690 -3.000 0.000 4.640
3 16 -2.330 0.000 1.640 -3.280 0.000 4.650 -2.740 0.000 1.510
3 16 -3.710 0.000 4.650 -2.740 0.000 1.510 -3.280 0.000 4.650
3 16 -3.280 0.000 4.650 -3.580 0.000 4.990 -3.710 0.000 4.650
3 16 -2.740 0.000 1.510 -3.710 0.000 4.650 -3.090 0.000 1.310
3 16 -3.090 0.000 1.310 -4.700 0.000 3.250 -3.380 0.000 1.070
3 16 -4.130 0.000 -0.150 -4.480 0.000 -0.330 -4.290 0.000 -0.700
3 16 -4.800 0.000 0.030 -4.480 0.000 -0.330 -4.130 0.000 -0.150
3 16 -4.130 0.000 -0.150 -3.930 0.000 0.320 -4.800 0.000 0.030
3 16 -3.930 0.000 0.320 -3.670 0.000 0.740 -5.140 0.000 0.280
3 16 -5.140 0.000 0.280 -4.800 0.000 0.030 -3.930 0.000 0.320
3 16 -5.140 0.000 0.280 -3.670 0.000 0.740 -5.620 0.000 0.470
3 16 -4.700 0.000 3.250 -5.620 0.000 0.470 -3.670 0.000 0.740
3 16 -3.670 0.000 0.740 -3.380 0.000 1.070 -4.700 0.000 3.250
3 16 -5.620 0.000 0.470 -4.700 0.000 3.250 -6.360 0.000 0.470
3 16 -8.800 0.000 3.250 -6.890 0.000 0.270 -6.360 0.000 0.470
3 16 -6.360 0.000 0.470 -4.700 0.000 3.250 -8.800 0.000 3.250
3 16 -6.890 0.000 0.270 -8.800 0.000 3.250 -7.290 0.000 -0.040
3 16 -7.580 0.000 -0.400 -7.290 0.000 -0.040 -8.800 0.000 3.250
3 16 -7.600 0.000 -3.450 -5.450 0.000 -5.500 -5.120 0.000 -5.240
3 16 -4.970 0.000 -4.890 -7.780 0.000 -1.770 -7.600 0.000 -3.450
3 16 -7.600 0.000 -3.450 -5.120 0.000 -5.240 -4.970 0.000 -4.890
3 16 -7.780 0.000 -1.770 -9.200 0.000 -5.450 -7.600 0.000 -3.450
3 16 -9.200 0.000 -5.450 -7.780 0.000 -1.770 -7.710 0.000 -0.850
3 16 -8.800 0.000 3.250 -9.200 0.000 -5.450 -7.710 0.000 -0.850
3 16 -7.710 0.000 -0.850 -7.580 0.000 -0.400 -8.800 0.000 3.250
3 16 -8.800 0.000 7.350 -10.000 0.000 10.000 -8.800 0.000 3.250
3 16 -10.000 0.000 10.000 -9.250 0.000 -5.950 -9.200 0.000 -5.450
3 16 -9.200 0.000 -5.450 -8.800 0.000 3.250 -10.000 0.000 10.000
3 16 -8.700 0.000 -6.750 -9.200 0.000 -6.750 -8.950 0.000 -6.950
3 16 -8.950 0.000 -6.950 -9.200 0.000 -6.750 -9.150 0.000 -7.150
3 16 -9.150 0.000 -7.150 -9.200 0.000 -6.750 -9.350 0.000 -7.750
3 16 -10.000 0.000 10.000 -10.000 0.000 0.000 -9.250 0.000 -5.950
3 16 -9.250 0.000 -5.950 -10.000 0.000 0.000 -10.000 0.000 -10.000
3 16 -10.000 0.000 -10.000 -9.200 0.000 -6.750 -9.250 0.000 -5.950
3 16 -9.200 0.000 -6.750 -10.000 0.000 -10.000 -9.350 0.000 -7.750
3 16 -9.350 0.000 -7.750 -10.000 0.000 -10.000 -9.350 0.000 -8.600
3 16 -9.350 0.000 -8.600 -10.000 0.000 -10.000 -9.300 0.000 -8.950
3 16 -9.300 0.000 -8.950 -10.000 0.000 -10.000 -9.200 0.000 -9.250
3 16 -9.200 0.000 -9.250 -10.000 0.000 -10.000 -9.000 0.000 -9.450
3 16 -8.600 0.000 -9.600 -9.000 0.000 -9.450 -10.000 0.000 -10.000
3 16 -8.000 0.000 -9.600 -8.600 0.000 -9.600 -10.000 0.000 -10.000
3 16 -10.000 0.000 -10.000 10.000 0.000 -10.000 -8.000 0.000 -9.600
3 16 -7.700 0.000 -9.550 -8.000 0.000 -9.600 10.000 0.000 -10.000
3 16 -7.450 0.000 -9.450 -7.700 0.000 -9.550 10.000 0.000 -10.000
3 16 -7.450 0.000 -9.450 10.000 0.000 -10.000 -7.250 0.000 -9.300
3 16 -7.250 0.000 -9.300 10.000 0.000 -10.000 -7.100 0.000 -9.050
3 16 -7.100 0.000 -9.050 10.000 0.000 -10.000 -7.050 0.000 -8.900
3 16 10.000 0.000 -10.000 -4.900 0.000 -8.500 -7.000 0.000 -8.500
3 16 -7.000 0.000 -8.500 -7.050 0.000 -8.900 10.000 0.000 -10.000
3 16 -4.900 0.000 -8.500 10.000 0.000 -10.000 0.820 0.000 -8.500
3 16 0.830 0.000 -8.190 0.820 0.000 -8.500 10.000 0.000 -10.000
3 16 10.000 0.000 -10.000 6.460 0.000 -8.140 0.830 0.000 -8.190
3 16 6.460 0.000 -8.140 10.000 0.000 -10.000 7.330 0.000 -8.150
3 16 6.460 0.000 -8.140 7.330 0.000 -8.150 7.330 0.000 -7.410
3 16 7.330 0.000 -7.410 7.550 0.000 -7.050 6.480 0.000 -6.770
3 16 6.480 0.000 -6.770 6.460 0.000 -8.140 7.330 0.000 -7.410
3 16 7.550 0.000 -7.050 7.550 0.000 -6.720 6.790 0.000 -5.640
3 16 6.790 0.000 -5.640 6.480 0.000 -6.770 7.550 0.000 -7.050
3 16 7.330 0.000 -8.150 10.000 0.000 -10.000 8.560 0.000 -8.150
3 16 8.560 0.000 -8.150 10.000 0.000 -10.000 8.700 0.000 -8.080
3 16 8.700 0.000 -8.080 10.000 0.000 -10.000 8.790 0.000 -7.890
3 16 8.810 0.000 -7.050 8.790 0.000 -7.890 10.000 0.000 -10.000
3 16 10.000 0.000 -10.000 9.240 0.000 -5.390 8.810 0.000 -7.050
3 16 9.240 0.000 -5.390 10.000 0.000 -10.000 9.310 0.000 -5.310
3 16 8.880 0.000 -5.380 8.580 0.000 -6.670 8.810 0.000 -7.050
3 16 8.810 0.000 -7.050 9.240 0.000 -5.390 8.880 0.000 -5.380
3 16 8.580 0.000 -6.670 8.880 0.000 -5.380 8.340 0.000 -5.270
3 16 8.340 0.000 -5.270 7.950 0.000 -6.070 8.580 0.000 -6.670
3 16 7.950 0.000 -6.070 8.340 0.000 -5.270 7.940 0.000 -5.660
3 16 8.720 0.000 -5.160 8.340 0.000 -5.040 8.340 0.000 -5.270
3 16 8.340 0.000 -5.270 8.880 0.000 -5.380 8.720 0.000 -5.160
3 16 8.720 0.000 -5.160 8.690 0.000 -2.920 8.340 0.000 -5.040
3 16 8.690 0.000 -2.920 7.960 0.000 -3.900 7.960 0.000 -4.540
3 16 7.960 0.000 -4.540 8.340 0.000 -5.040 8.690 0.000 -2.920
3 16 8.690 0.000 -2.920 8.260 0.000 -2.760 8.070 0.000 -3.270
3 16 8.070 0.000 -3.270 7.960 0.000 -3.900 8.690 0.000 -2.920
3 16 8.260 0.000 -2.760 8.690 0.000 -2.920 8.600 0.000 -2.620
3 16 8.600 0.000 -2.620 8.360 0.000 -2.580 8.260 0.000 -2.760
3 16 8.360 0.000 -2.580 8.600 0.000 -2.620 8.480 0.000 -2.500
3 16 9.060 0.000 5.590 8.910 0.000 5.470 9.020 0.000 5.310
3 16 8.220 0.000 4.620 7.800 0.000 4.850 7.300 0.000 4.570
3 16 7.300 0.000 4.570 8.040 0.000 -0.230 8.220 0.000 4.620
3 16 5.600 0.000 5.100 5.500 0.000 4.870 5.740 0.000 4.650
3 16 5.820 0.000 5.250 5.600 0.000 5.100 5.740 0.000 4.650
3 16 5.740 0.000 4.650 6.220 0.000 5.180 6.100 0.000 5.260
3 16 6.100 0.000 5.260 5.820 0.000 5.250 5.740 0.000 4.650
3 16 6.220 0.000 5.180 5.740 0.000 4.650 6.550 0.000 4.730
3 16 6.970 0.000 4.560 6.550 0.000 4.730 5.740 0.000 4.650
3 16 5.740 0.000 4.650 5.900 0.000 3.960 6.970 0.000 4.560
3 16 5.970 0.000 0.200 6.040 0.000 -0.190 6.240 0.000 0.110
3 16 6.550 0.000 0.280 5.730 0.000 0.640 5.970 0.000 0.200
3 16 5.970 0.000 0.200 6.240 0.000 0.110 6.550 0.000 0.280
3 16 5.500 0.000 2.650 4.900 0.000 1.450 5.730 0.000 0.640
3 16 5.730 0.000 0.640 6.550 0.000 0.280 5.500 0.000 2.650
3 16 9.020 0.000 5.310 9.020 0.000 4.810 10.000 0.000 0.000
3 16 10.000 0.000 0.000 9.060 0.000 5.590 9.020 0.000 5.310
3 16 10.000 0.000 0.000 9.020 0.000 4.810 8.760 0.000 4.550
3 16 8.760 0.000 4.550 8.740 0.000 -1.190 10.000 0.000 0.000
3 16 10.000 0.000 0.000 8.740 0.000 -1.190 8.950 0.000 -1.660
3 16 10.000 0.000 0.000 8.950 0.000 -1.660 9.160 0.000 -2.510
3 16 9.160 0.000 -2.510 9.250 0.000 -3.300 10.000 0.000 0.000
3 16 9.250 0.000 -3.300 9.290 0.000 -4.240 10.000 0.000 0.000
3 16 9.290 0.000 -4.240 9.310 0.000 -5.310 10.000 0.000 -10.000
3 16 10.000 0.000 -10.000 10.000 0.000 0.000 9.290 0.000 -4.240
3 16 8.550 0.000 -1.000 8.740 0.000 -1.190 8.760 0.000 4.550
3 16 8.760 0.000 4.550 8.440 0.000 4.560 8.550 0.000 -1.000
3 16 8.440 0.000 4.560 8.220 0.000 4.620 8.310 0.000 -0.930
3 16 8.310 0.000 -0.930 8.550 0.000 -1.000 8.440 0.000 4.560
3 16 8.310 0.000 -0.930 8.220 0.000 4.620 8.040 0.000 -0.230
3 16 8.040 0.000 -0.230 7.300 0.000 4.570 7.650 0.000 0.160
3 16 7.650 0.000 0.160 7.300 0.000 4.570 7.410 0.000 0.250
3 16 5.900 0.000 3.960 7.410 0.000 0.250 7.300 0.000 4.570
3 16 7.300 0.000 4.570 6.970 0.000 4.560 5.900 0.000 3.960
3 16 6.550 0.000 0.280 7.410 0.000 0.250 5.900 0.000 3.960
3 16 5.900 0.000 3.960 5.500 0.000 2.650 6.550 0.000 0.280
3 16 1.990 0.000 -0.660 1.920 0.000 -0.780 2.440 0.000 -1.150
3 16 2.440 0.000 -1.150 2.090 0.000 -0.550 1.990 0.000 -0.660
3 16 2.240 0.000 -0.490 2.090 0.000 -0.550 2.440 0.000 -1.150
3 16 2.440 0.000 -1.150 2.640 0.000 -1.150 2.240 0.000 -0.490
3 16 2.240 0.000 -0.490 2.640 0.000 -1.150 3.360 0.000 -0.470
3 16 3.360 0.000 -0.470 2.640 0.000 -1.150 2.840 0.000 -1.150
3 16 2.840 0.000 -1.150 3.410 0.000 -1.060 3.360 0.000 -0.470
3 16 3.410 0.000 -1.060 3.610 0.000 -1.060 4.620 0.000 -0.390
3 16 4.620 0.000 -0.390 3.360 0.000 -0.470 3.410 0.000 -1.060
3 16 3.610 0.000 -1.060 3.810 0.000 -1.060 4.920 0.000 -0.480
3 16 4.920 0.000 -0.480 4.620 0.000 -0.390 3.610 0.000 -1.060
3 16 3.810 0.000 -1.060 3.810 0.000 -1.260 5.130 0.000 -0.690
3 16 5.130 0.000 -0.690 4.920 0.000 -0.480 3.810 0.000 -1.060
3 16 3.810 0.000 -1.260 3.810 0.000 -1.460 5.260 0.000 -1.330
3 16 5.260 0.000 -1.330 5.130 0.000 -0.690 3.810 0.000 -1.260
3 16 5.260 0.000 -1.330 3.810 0.000 -1.460 4.790 0.000 -2.920
3 16 3.610 0.000 -1.460 2.470 0.000 -2.920 4.790 0.000 -2.920
3 16 4.790 0.000 -2.920 3.810 0.000 -1.460 3.610 0.000 -1.460
3 16 3.410 0.000 -1.460 2.400 0.000 -2.850 2.470 0.000 -2.920
3 16 2.470 0.000 -2.920 3.610 0.000 -1.460 3.410 0.000 -1.460
3 16 2.840 0.000 -1.550 2.640 0.000 -1.550 2.260 0.000 -2.910
3 16 2.260 0.000 -2.910 2.400 0.000 -2.850 2.840 0.000 -1.550
3 16 2.640 0.000 -1.550 2.440 0.000 -1.550 2.120 0.000 -2.920
3 16 2.120 0.000 -2.920 2.260 0.000 -2.910 2.640 0.000 -1.550
3 16 2.440 0.000 -1.550 2.440 0.000 -1.350 2.010 0.000 -2.750
3 16 2.010 0.000 -2.750 2.120 0.000 -2.920 2.440 0.000 -1.550
3 16 2.440 0.000 -1.350 2.440 0.000 -1.150 1.920 0.000 -0.780
3 16 1.920 0.000 -0.780 2.010 0.000 -2.750 2.440 0.000 -1.350
3 16 2.840 0.000 -1.350 3.410 0.000 -1.260 3.410 0.000 -1.060
3 16 3.410 0.000 -1.060 2.840 0.000 -1.150 2.840 0.000 -1.350
3 16 3.410 0.000 -1.260 2.840 0.000 -1.350 2.840 0.000 -1.550
3 16 3.410 0.000 -1.460 3.410 0.000 -1.260 2.840 0.000 -1.550
3 16 2.840 0.000 -1.550 2.400 0.000 -2.850 3.410 0.000 -1.460
3 16 -0.050 0.000 -0.460 -0.320 0.000 -0.400 -0.970 0.000 -1.150
3 16 -0.970 0.000 -1.150 -0.770 0.000 -1.150 -0.050 0.000 -0.460
3 16 -0.320 0.000 -0.400 -0.880 0.000 -0.340 -1.170 0.000 -1.150
3 16 -1.170 0.000 -1.150 -0.970 0.000 -1.150 -0.320 0.000 -0.400
3 16 -0.880 0.000 -0.340 -2.700 0.000 -0.350 -1.840 0.000 -1.150
3 16 -1.840 0.000 -1.150 -1.170 0.000 -1.150 -0.880 0.000 -0.340
3 16 -2.040 0.000 -1.150 -1.840 0.000 -1.150 -2.700 0.000 -0.350
3 16 -2.700 0.000 -0.350 -3.220 0.000 -0.420 -2.040 0.000 -1.150
3 16 -3.220 0.000 -0.420 -3.410 0.000 -0.540 -2.240 0.000 -1.150
3 16 -2.240 0.000 -1.150 -2.040 0.000 -1.150 -3.220 0.000 -0.420
3 16 -2.240 0.000 -1.350 -2.240 0.000 -1.150 -3.410 0.000 -0.540
3 16 -3.410 0.000 -0.540 -3.480 0.000 -0.920 -2.240 0.000 -1.350
3 16 -3.480 0.000 -0.920 -3.480 0.000 -1.930 -2.240 0.000 -1.550
3 16 -2.240 0.000 -1.550 -2.240 0.000 -1.350 -3.480 0.000 -0.920
3 16 -2.240 0.000 -1.550 -3.480 0.000 -1.930 -3.420 0.000 -2.160
3 16 -3.420 0.000 -2.160 -3.190 0.000 -2.250 -2.240 0.000 -1.550
3 16 -2.040 0.000 -1.550 -2.240 0.000 -1.550 -3.190 0.000 -2.250
3 16 -3.190 0.000 -2.250 -2.750 0.000 -2.330 -2.040 0.000 -1.550
3 16 -2.750 0.000 -2.330 -1.910 0.000 -2.400 -1.840 0.000 -1.550
3 16 -1.840 0.000 -1.550 -2.040 0.000 -1.550 -2.750 0.000 -2.330
3 16 -1.840 0.000 -1.550 -1.910 0.000 -2.400 -1.170 0.000 -1.550
3 16 -1.170 0.000 -1.550 -1.170 0.000 -1.350 -1.840 0.000 -1.550
3 16 -0.160 0.000 -2.400 -0.970 0.000 -1.550 -1.170 0.000 -1.550
3 16 -1.170 0.000 -1.550 -1.910 0.000 -2.400 -0.160 0.000 -2.400
3 16 0.100 0.000 -2.300 -0.770 0.000 -1.550 -0.970 0.000 -1.550
3 16 -0.970 0.000 -1.550 -0.160 0.000 -2.400 0.100 0.000 -2.300
3 16 0.150 0.000 -1.390 -0.770 0.000 -1.350 -0.770 0.000 -1.550
3 16 -0.770 0.000 -1.550 0.100 0.000 -2.300 0.150 0.000 -1.390
3 16 -0.770 0.000 -1.350 0.150 0.000 -1.390 0.050 0.000 -0.540
3 16 -0.770 0.000 -1.150 -0.770 0.000 -1.350 0.050 0.000 -0.540
3 16 0.050 0.000 -0.540 -0.050 0.000 -0.460 -0.770 0.000 -1.150
3 16 -1.840 0.000 -1.350 -1.170 0.000 -1.350 -1.170 0.000 -1.150
3 16 -1.170 0.000 -1.150 -1.840 0.000 -1.150 -1.840 0.000 -1.350
3 16 -1.840 0.000 -1.550 -1.170 0.000 -1.350 -1.840 0.000 -1.350
3 16 -4.370 0.000 -3.980 -3.460 0.000 -3.550 -3.850 0.000 -3.420
3 16 -4.370 0.000 -3.980 -3.850 0.000 -3.420 -4.120 0.000 -3.240
3 16 -4.980 0.000 -1.510 -5.180 0.000 -1.320 -6.950 0.000 -1.980
3 16 -6.950 0.000 -1.980 -4.940 0.000 -2.030 -4.980 0.000 -1.510
3 16 -5.180 0.000 -1.320 -6.800 0.000 -1.400 -6.970 0.000 -1.590
3 16 -6.970 0.000 -1.590 -6.950 0.000 -1.980 -5.180 0.000 -1.320
3 4 -4.700 0.000 3.250 -4.700 0.000 7.350 -8.800 0.000 7.350
3 4 -8.800 0.000 7.350 -8.800 0.000 3.250 -4.700 0.000 3.250
3 15 -2.750 0.000 8.500 -2.750 0.000 8.000 -1.000 0.000 8.500
3 15 -2.750 0.000 7.500 0.000 0.000 8.500 -1.000 0.000 8.500
3 15 -1.000 0.000 8.500 -2.750 0.000 8.000 -2.750 0.000 7.500
3 15 2.750 0.000 7.500 1.000 0.000 8.500 0.000 0.000 8.500
3 15 0.000 0.000 8.500 -2.750 0.000 7.500 2.750 0.000 7.500
3 15 1.000 0.000 8.500 2.750 0.000 7.500 2.750 0.000 8.000
3 15 1.000 0.000 8.500 2.750 0.000 8.000 2.750 0.000 8.500
3 4 6.300 0.000 8.450 6.700 0.000 9.150 6.000 0.000 8.800
3 4 6.000 0.000 8.800 6.050 0.000 8.450 6.300 0.000 8.450
3 4 6.300 0.000 8.450 7.100 0.000 7.500 6.970 0.000 9.220
3 4 6.970 0.000 9.220 6.700 0.000 9.150 6.300 0.000 8.450
3 4 7.100 0.000 7.500 6.300 0.000 8.450 6.350 0.000 7.370
3 4 8.150 0.000 9.550 7.650 0.000 9.550 7.480 0.000 8.550
3 4 7.480 0.000 8.550 8.150 0.000 9.080 8.150 0.000 9.550
3 4 7.480 0.000 8.550 7.400 0.000 8.330 7.840 0.000 8.330
3 4 7.840 0.000 8.330 7.840 0.000 8.640 7.480 0.000 8.550
3 4 7.840 0.000 8.330 7.400 0.000 8.330 7.840 0.000 8.020
3 4 7.840 0.000 8.020 7.400 0.000 8.330 8.150 0.000 7.580
3 4 7.840 0.000 8.020 8.150 0.000 7.580 8.150 0.000 8.020
3 4 8.150 0.000 8.020 8.150 0.000 7.580 8.460 0.000 8.020
3 4 8.460 0.000 8.020 8.150 0.000 7.580 8.900 0.000 8.330
3 4 8.460 0.000 8.020 8.900 0.000 8.330 8.460 0.000 8.330
3 4 8.460 0.000 8.330 8.900 0.000 8.330 8.460 0.000 8.640
3 4 8.460 0.000 8.640 8.900 0.000 8.330 8.150 0.000 9.080
3 4 8.460 0.000 8.640 8.150 0.000 9.080 8.150 0.000 8.640
3 4 8.150 0.000 8.640 8.150 0.000 9.080 7.840 0.000 8.640
3 4 7.840 0.000 8.640 8.150 0.000 9.080 7.480 0.000 8.550
3 0 -3.240 0.000 5.920 -3.370 0.000 6.200 -4.210 0.000 6.160
3 0 -4.210 0.000 6.160 -3.580 0.000 4.990 -3.240 0.000 5.920
3 0 -4.250 0.000 4.600 -3.710 0.000 4.650 -3.580 0.000 4.990
3 0 -3.580 0.000 4.990 -4.210 0.000 6.160 -4.250 0.000 4.600
3 0 -3.280 0.000 4.650 -3.020 0.000 5.920 -3.240 0.000 5.920
3 0 -3.240 0.000 5.920 -3.580 0.000 4.990 -3.280 0.000 4.650
3 0 -3.000 0.000 4.640 -2.870 0.000 6.220 -3.020 0.000 5.920
3 0 -3.020 0.000 5.920 -3.280 0.000 4.650 -3.000 0.000 4.640
3 0 -2.830 0.000 4.880 -2.440 0.000 6.220 -2.870 0.000 6.220
3 0 -2.870 0.000 6.220 -3.000 0.000 4.640 -2.830 0.000 4.880
3 0 -2.440 0.000 6.220 -2.830 0.000 4.880 -2.530 0.000 4.800
3 0 -2.530 0.000 4.800 -2.330 0.000 5.960 -2.440 0.000 6.220
3 0 -2.500 0.000 4.600 -2.020 0.000 5.960 -2.330 0.000 5.960
3 0 -2.330 0.000 5.960 -2.530 0.000 4.800 -2.500 0.000 4.600
3 0 -1.090 0.000 4.600 -1.060 0.000 4.770 -2.020 0.000 5.960
3 0 -2.020 0.000 5.960 -2.500 0.000 4.600 -1.090 0.000 4.600
3 0 -2.020 0.000 5.960 -1.290 0.000 5.920 -1.970 0.000 6.290
3 0 -1.290 0.000 6.380 -1.350 0.000 6.630 -1.970 0.000 6.290
3 0 -1.970 0.000 6.290 -1.290 0.000 5.920 -1.290 0.000 6.380
3 0 -1.490 0.000 6.830 -1.700 0.000 6.890 -1.970 0.000 6.290
3 0 -1.970 0.000 6.290 -1.350 0.000 6.630 -1.490 0.000 6.830
3 0 -1.970 0.000 6.290 -1.700 0.000 6.890 -1.970 0.000 6.790
3 0 -1.060 0.000 4.770 -0.910 0.000 4.890 -1.290 0.000 5.920
3 0 -1.290 0.000 5.920 -2.020 0.000 5.960 -1.060 0.000 4.770
3 0 -0.910 0.000 4.890 -0.710 0.000 4.900 -0.790 0.000 5.820
3 0 -0.790 0.000 5.820 -1.290 0.000 5.920 -0.910 0.000 4.890
3 0 -0.710 0.000 4.900 -0.560 0.000 4.760 -0.200 0.000 5.980
3 0 -0.200 0.000 5.980 -0.790 0.000 5.820 -0.710 0.000 4.900
3 0 -0.480 0.000 4.550 0.830 0.000 4.540 -0.200 0.000 5.980
3 0 -0.200 0.000 5.980 -0.560 0.000 4.760 -0.480 0.000 4.550
3 0 -0.200 0.000 5.980 0.830 0.000 4.540 1.030 0.000 5.030
3 0 1.030 0.000 5.030 0.650 0.000 6.600 -0.200 0.000 5.980
3 0 0.650 0.000 6.600 0.570 0.000 6.790 -0.220 0.000 6.350
3 0 -0.220 0.000 6.350 -0.200 0.000 5.980 0.650 0.000 6.600
3 0 0.570 0.000 6.790 0.470 0.000 6.950 -0.210 0.000 6.650
3 0 -0.210 0.000 6.650 -0.220 0.000 6.350 0.570 0.000 6.790
3 0 0.470 0.000 6.950 0.380 0.000 7.040 -0.130 0.000 6.820
3 0 -0.130 0.000 6.820 -0.210 0.000 6.650 0.470 0.000 6.950
3 0 -0.130 0.000 6.820 0.380 0.000 7.040 0.070 0.000 7.020
3 0 0.650 0.000 6.600 1.030 0.000 5.030 1.780 0.000 5.020
3 0 1.780 0.000 5.020 2.400 0.000 6.190 1.610 0.000 6.580
3 0 1.610 0.000 6.580 0.650 0.000 6.600 1.780 0.000 5.020
3 0 1.610 0.000 6.580 2.400 0.000 6.190 2.320 0.000 6.600
3 0 2.320 0.000 6.600 1.630 0.000 6.840 1.610 0.000 6.580
3 0 2.220 0.000 6.880 1.720 0.000 7.020 1.630 0.000 6.840
3 0 1.630 0.000 6.840 2.320 0.000 6.600 2.220 0.000 6.880
3 0 2.060 0.000 7.120 1.880 0.000 7.120 1.720 0.000 7.020
3 0 1.720 0.000 7.020 2.220 0.000 6.880 2.060 0.000 7.120
3 0 3.890 0.000 4.860 1.780 0.000 5.020 1.790 0.000 4.830
3 0 1.790 0.000 4.830 1.960 0.000 4.620 3.710 0.000 4.370
3 0 3.710 0.000 4.370 3.890 0.000 4.860 1.790 0.000 4.830
3 0 1.960 0.000 4.620 2.300 0.000 4.260 3.510 0.000 4.150
3 0 3.510 0.000 4.150 3.710 0.000 4.370 1.960 0.000 4.620
3 0 2.690 0.000 4.050 3.280 0.000 4.010 3.510 0.000 4.150
3 0 3.510 0.000 4.150 2.300 0.000 4.260 2.690 0.000 4.050
3 0 3.280 0.000 4.010 2.690 0.000 4.050 2.990 0.000 3.990
3 0 3.890 0.000 4.860 3.980 0.000 6.200 2.400 0.000 6.190
3 0 2.400 0.000 6.190 1.780 0.000 5.020 3.890 0.000 4.860
3 0 3.970 0.000 4.870 4.450 0.000 6.010 3.980 0.000 6.200
3 0 3.980 0.000 6.200 3.890 0.000 4.860 3.970 0.000 4.870
3 0 4.410 0.000 4.570 5.460 0.000 4.650 4.450 0.000 6.010
3 0 4.450 0.000 6.010 3.970 0.000 4.870 4.410 0.000 4.570
3 0 6.250 0.000 6.220 4.450 0.000 6.010 5.600 0.000 5.100
3 0 5.600 0.000 5.100 5.820 0.000 5.250 6.250 0.000 6.220
3 0 5.500 0.000 4.870 5.600 0.000 5.100 4.450 0.000 6.010
3 0 5.500 0.000 4.870 4.450 0.000 6.010 5.460 0.000 4.650
3 0 6.250 0.000 6.220 4.800 0.000 6.220 4.450 0.000 6.010
3 0 4.060 0.000 4.610 4.410 0.000 4.570 3.970 0.000 4.870
3 0 6.250 0.000 6.220 5.820 0.000 5.250 6.100 0.000 5.260
3 0 6.220 0.000 5.180 6.540 0.000 5.980 6.250 0.000 6.220
3 0 6.250 0.000 6.220 6.100 0.000 5.260 6.220 0.000 5.180
3 0 6.540 0.000 5.980 6.220 0.000 5.180 6.550 0.000 4.730
3 0 6.550 0.000 4.730 6.970 0.000 4.560 6.720 0.000 6.140
3 0 6.720 0.000 6.140 6.540 0.000 5.980 6.550 0.000 4.730
3 0 6.970 0.000 4.560 7.300 0.000 4.570 6.940 0.000 6.240
3 0 6.940 0.000 6.240 6.720 0.000 6.140 6.970 0.000 4.560
3 0 7.300 0.000 4.570 7.800 0.000 4.850 7.490 0.000 6.240
3 0 7.490 0.000 6.240 6.940 0.000 6.240 7.300 0.000 4.570
3 0 7.800 0.000 4.850 8.220 0.000 4.620 7.870 0.000 5.960
3 0 7.870 0.000 5.960 7.490 0.000 6.240 7.800 0.000 4.850
3 0 8.220 0.000 4.620 8.440 0.000 4.560 8.050 0.000 6.220
3 0 8.050 0.000 6.220 7.870 0.000 5.960 8.220 0.000 4.620
3 0 8.440 0.000 4.560 8.910 0.000 5.470 8.740 0.000 6.210
3 0 8.740 0.000 6.210 8.050 0.000 6.220 8.440 0.000 4.560
3 0 9.060 0.000 5.590 9.050 0.000 5.800 8.740 0.000 6.210
3 0 8.740 0.000 6.210 8.910 0.000 5.470 9.060 0.000 5.590
3 0 8.760 0.000 4.550 9.020 0.000 4.810 8.910 0.000 5.470
3 0 8.910 0.000 5.470 8.440 0.000 4.560 8.760 0.000 4.550
3 0 8.910 0.000 5.470 9.020 0.000 4.810 9.020 0.000 5.310
3 4 -8.500 0.000 -7.800 -8.250 0.000 -7.800 -8.350 0.000 -6.750
3 4 -8.350 0.000 -6.750 -8.700 0.000 -6.750 -8.500 0.000 -7.800
3 4 -8.050 0.000 -6.800 -8.350 0.000 -6.750 -8.250 0.000 -7.800
3 4 -8.250 0.000 -7.800 -7.750 0.000 -6.900 -8.050 0.000 -6.800
3 4 -7.750 0.000 -6.900 -8.250 0.000 -7.800 -8.100 0.000 -8.000
3 4 -8.100 0.000 -8.000 -7.450 0.000 -7.100 -7.750 0.000 -6.900
3 4 -7.250 0.000 -7.300 -7.450 0.000 -7.100 -8.100 0.000 -8.000
3 4 -8.100 0.000 -8.000 -7.100 0.000 -7.500 -7.250 0.000 -7.300
3 4 -7.000 0.000 -7.800 -7.100 0.000 -7.500 -8.100 0.000 -8.000
3 4 -8.100 0.000 -8.000 -7.000 0.000 -8.500 -7.000 0.000 -7.800
3 4 -8.100 0.000 -8.750 -7.050 0.000 -8.900 -7.000 0.000 -8.500
3 4 -7.000 0.000 -8.500 -8.100 0.000 -8.000 -8.100 0.000 -8.750
3 4 -7.100 0.000 -9.050 -7.050 0.000 -8.900 -8.100 0.000 -8.750
3 4 -8.100 0.000 -8.750 -7.250 0.000 -9.300 -7.100 0.000 -9.050
3 4 -7.450 0.000 -9.450 -7.250 0.000 -9.300 -8.100 0.000 -8.750
3 4 -8.100 0.000 -8.750 -7.700 0.000 -9.550 -7.450 0.000 -9.450
3 4 -7.700 0.000 -9.550 -8.100 0.000 -8.750 -8.250 0.000 -8.950
3 4 -8.250 0.000 -8.950 -8.000 0.000 -9.600 -7.700 0.000 -9.550
3 4 -8.600 0.000 -9.600 -8.000 0.000 -9.600 -8.250 0.000 -8.950
3 4 -8.250 0.000 -8.950 -8.500 0.000 -8.950 -8.600 0.000 -9.600
3 4 -9.000 0.000 -9.450 -8.600 0.000 -9.600 -8.500 0.000 -8.950
3 4 -8.500 0.000 -8.950 -8.650 0.000 -8.750 -9.000 0.000 -9.450
3 4 -9.200 0.000 -9.250 -9.000 0.000 -9.450 -8.650 0.000 -8.750
3 4 -8.650 0.000 -8.750 -9.300 0.000 -8.950 -9.200 0.000 -9.250
3 4 -9.350 0.000 -8.600 -9.300 0.000 -8.950 -8.650 0.000 -8.750
3 4 -8.650 0.000 -8.750 -8.650 0.000 -8.000 -9.350 0.000 -8.600
3 4 -9.350 0.000 -7.750 -9.350 0.000 -8.600 -8.650 0.000 -8.000
3 4 -9.150 0.000 -7.150 -9.350 0.000 -7.750 -8.650 0.000 -8.000
3 4 -8.650 0.000 -8.000 -8.950 0.000 -6.950 -9.150 0.000 -7.150
3 4 -8.500 0.000 -7.800 -8.700 0.000 -6.750 -8.950 0.000 -6.950
3 4 -8.950 0.000 -6.950 -8.650 0.000 -8.000 -8.500 0.000 -7.800
3 15 -8.500 0.000 -7.800 -8.650 0.000 -8.000 -8.100 0.000 -8.000
3 15 -8.100 0.000 -8.000 -8.250 0.000 -7.800 -8.500 0.000 -7.800
3 15 -8.100 0.000 -8.000 -8.650 0.000 -8.000 -8.650 0.000 -8.750
3 15 -8.650 0.000 -8.750 -8.100 0.000 -8.750 -8.100 0.000 -8.000
3 15 -8.100 0.000 -8.750 -8.650 0.000 -8.750 -8.500 0.000 -8.950
3 15 -8.500 0.000 -8.950 -8.250 0.000 -8.950 -8.100 0.000 -8.750
3 15 2.300 0.000 4.260 1.960 0.000 4.620 1.810 0.000 4.490
3 15 1.810 0.000 4.490 1.780 0.000 3.960 2.300 0.000 4.260
3 15 4.410 0.000 4.570 3.950 0.000 3.000 5.500 0.000 2.650
3 15 5.500 0.000 2.650 5.900 0.000 3.960 4.410 0.000 4.570
3 15 5.460 0.000 4.650 4.410 0.000 4.570 5.900 0.000 3.960
3 15 5.900 0.000 3.960 5.740 0.000 4.650 5.460 0.000 4.650
3 15 5.460 0.000 4.650 5.740 0.000 4.650 5.500 0.000 4.870
3 15 2.990 0.000 3.990 2.430 0.000 2.480 2.940 0.000 1.780
3 15 2.940 0.000 1.780 3.280 0.000 4.010 2.990 0.000 3.990
3 15 4.410 0.000 1.700 4.900 0.000 1.450 5.500 0.000 2.650
3 15 5.500 0.000 2.650 3.950 0.000 3.000 4.410 0.000 1.700
3 15 3.920 0.000 1.780 4.410 0.000 1.700 3.950 0.000 3.000
3 15 2.940 0.000 1.780 3.920 0.000 1.780 3.950 0.000 3.000
3 15 3.950 0.000 3.000 3.280 0.000 4.010 2.940 0.000 1.780
3 15 2.690 0.000 4.050 1.880 0.000 3.570 2.430 0.000 2.480
3 15 2.430 0.000 2.480 2.990 0.000 3.990 2.690 0.000 4.050
3 15 1.780 0.000 3.960 1.880 0.000 3.570 2.690 0.000 4.050
3 15 2.690 0.000 4.050 2.300 0.000 4.260 1.780 0.000 3.960
3 0 -7.000 0.000 -8.500 -4.900 0.000 -8.500 -7.000 0.000 -7.800
3 0 -7.000 0.000 -7.800 -4.900 0.000 -8.500 -5.720 0.000 -6.050
3 0 -5.720 0.000 -6.050 -7.100 0.000 -7.500 -7.000 0.000 -7.800
3 0 -5.750 0.000 -5.650 -7.250 0.000 -7.300 -7.100 0.000 -7.500
3 0 -7.100 0.000 -7.500 -5.720 0.000 -6.050 -5.750 0.000 -5.650
3 0 -7.250 0.000 -7.300 -5.750 0.000 -5.650 -7.450 0.000 -7.100
3 0 -5.450 0.000 -5.500 -7.600 0.000 -3.450 -5.750 0.000 -5.650
3 0 -5.750 0.000 -5.650 -7.600 0.000 -3.450 -9.200 0.000 -5.450
3 0 -9.200 0.000 -5.450 -9.250 0.000 -5.950 -5.750 0.000 -5.650
3 0 -7.450 0.000 -7.100 -5.750 0.000 -5.650 -7.750 0.000 -6.900
3 0 -8.050 0.000 -6.800 -7.750 0.000 -6.900 -5.750 0.000 -5.650
3 0 -8.350 0.000 -6.750 -8.050 0.000 -6.800 -5.750 0.000 -5.650
3 0 -5.750 0.000 -5.650 -9.250 0.000 -5.950 -8.350 0.000 -6.750
3 0 -8.350 0.000 -6.750 -9.250 0.000 -5.950 -8.700 0.000 -6.750
3 0 -8.700 0.000 -6.750 -9.250 0.000 -5.950 -9.200 0.000 -6.750
3 0 -6.950 0.000 -1.980 -7.780 0.000 -1.770 -4.970 0.000 -4.890
3 0 -4.970 0.000 -4.890 -4.800 0.000 -4.400 -6.950 0.000 -1.980
3 0 -6.950 0.000 -1.980 -4.800 0.000 -4.400 -4.610 0.000 -4.120
3 0 -4.610 0.000 -4.120 -4.940 0.000 -2.030 -6.950 0.000 -1.980
3 0 -4.940 0.000 -2.030 -4.610 0.000 -4.120 -4.370 0.000 -3.980
3 0 -4.370 0.000 -3.980 -4.340 0.000 -2.930 -4.940 0.000 -2.030
3 0 -4.340 0.000 -2.930 -4.370 0.000 -3.980 -4.250 0.000 -3.140
3 0 -4.250 0.000 -3.140 -4.370 0.000 -3.980 -4.120 0.000 -3.240
3 0 -4.290 0.000 -0.700 -4.980 0.000 -1.510 -4.940 0.000 -2.030
3 0 -4.940 0.000 -2.030 -4.340 0.000 -2.930 -4.290 0.000 -0.700
3 0 -5.180 0.000 -1.320 -4.980 0.000 -1.510 -4.290 0.000 -0.700
3 0 -4.290 0.000 -0.700 -4.480 0.000 -0.330 -5.180 0.000 -1.320
3 0 -5.180 0.000 -1.320 -4.480 0.000 -0.330 -4.800 0.000 0.030
3 0 -4.800 0.000 0.030 -5.140 0.000 0.280 -5.180 0.000 -1.320
3 0 -5.180 0.000 -1.320 -5.140 0.000 0.280 -5.620 0.000 0.470
3 0 -5.620 0.000 0.470 -6.800 0.000 -1.400 -5.180 0.000 -1.320
3 0 -6.800 0.000 -1.400 -5.620 0.000 0.470 -6.360 0.000 0.470
3 0 -6.360 0.000 0.470 -6.890 0.000 0.270 -6.800 0.000 -1.400
3 0 -6.800 0.000 -1.400 -6.890 0.000 0.270 -7.290 0.000 -0.040
3 0 -7.290 0.000 -0.040 -7.580 0.000 -0.400 -6.800 0.000 -1.400
3 0 -6.800 0.000 -1.400 -7.580 0.000 -0.400 -7.710 0.000 -0.850
3 0 -7.710 0.000 -0.850 -6.970 0.000 -1.590 -6.800 0.000 -1.400
3 0 -6.970 0.000 -1.590 -7.710 0.000 -0.850 -7.780 0.000 -1.770
3 0 -7.780 0.000 -1.770 -6.950 0.000 -1.980 -6.970 0.000 -1.590
3 0 2.940 0.000 1.780 2.490 0.000 1.630 2.100 0.000 1.410
3 0 2.940 0.000 1.780 2.100 0.000 1.410 1.790 0.000 1.070
3 0 1.790 0.000 1.070 1.500 0.000 0.590 2.940 0.000 1.780
3 0 3.360 0.000 -0.470 2.940 0.000 1.780 1.500 0.000 0.590
3 0 1.500 0.000 0.590 1.310 0.000 -0.090 3.360 0.000 -0.470
3 0 3.360 0.000 -0.470 1.310 0.000 -0.090 2.240 0.000 -0.490
3 0 2.240 0.000 -0.490 1.310 0.000 -0.090 2.090 0.000 -0.550
3 0 2.090 0.000 -0.550 1.310 0.000 -0.090 1.990 0.000 -0.660
3 0 1.990 0.000 -0.660 1.310 0.000 -0.090 1.920 0.000 -0.780
3 0 1.310 0.000 -1.940 1.370 0.000 -2.510 1.920 0.000 -0.780
3 0 1.920 0.000 -0.780 1.310 0.000 -0.090 1.310 0.000 -1.940
3 0 1.440 0.000 -2.750 2.010 0.000 -2.750 1.920 0.000 -0.780
3 0 1.920 0.000 -0.780 1.370 0.000 -2.510 1.440 0.000 -2.750
3 0 1.440 0.000 -2.920 2.120 0.000 -2.920 2.010 0.000 -2.750
3 0 2.010 0.000 -2.750 1.440 0.000 -2.750 1.440 0.000 -2.920
3 0 2.180 0.000 -3.390 2.120 0.000 -2.920 1.440 0.000 -2.920
3 0 1.440 0.000 -2.920 1.450 0.000 -4.080 2.180 0.000 -3.390
3 0 2.180 0.000 -3.390 2.460 0.000 -3.030 2.260 0.000 -2.910
3 0 2.260 0.000 -2.910 2.120 0.000 -2.920 2.180 0.000 -3.390
3 0 2.400 0.000 -2.850 2.260 0.000 -2.910 2.460 0.000 -3.030
3 0 2.460 0.000 -3.030 2.470 0.000 -2.920 2.400 0.000 -2.850
3 0 2.410 0.000 -3.840 2.180 0.000 -3.390 1.450 0.000 -4.080
3 0 1.450 0.000 -4.080 2.410 0.000 -4.260 2.410 0.000 -3.840
3 0 2.350 0.000 -4.500 2.410 0.000 -4.260 1.450 0.000 -4.080
3 0 1.450 0.000 -4.080 1.550 0.000 -4.770 2.350 0.000 -4.500
3 0 2.210 0.000 -4.820 2.350 0.000 -4.500 1.550 0.000 -4.770
3 0 1.550 0.000 -4.770 1.610 0.000 -5.010 2.210 0.000 -4.820
3 0 1.930 0.000 -5.090 2.210 0.000 -4.820 1.610 0.000 -5.010
3 0 1.610 0.000 -5.010 1.770 0.000 -5.140 1.930 0.000 -5.090
3 0 3.920 0.000 1.780 2.940 0.000 1.780 3.360 0.000 -0.470
3 0 3.360 0.000 -0.470 4.620 0.000 -0.390 3.920 0.000 1.780
3 0 4.410 0.000 1.700 3.920 0.000 1.780 4.620 0.000 -0.390
3 0 4.900 0.000 1.450 4.410 0.000 1.700 4.620 0.000 -0.390
3 0 4.620 0.000 -0.390 5.730 0.000 0.640 4.900 0.000 1.450
3 0 4.920 0.000 -0.480 5.970 0.000 0.200 5.730 0.000 0.640
3 0 5.730 0.000 0.640 4.620 0.000 -0.390 4.920 0.000 -0.480
3 0 5.130 0.000 -0.690 6.040 0.000 -0.190 5.970 0.000 0.200
3 0 5.970 0.000 0.200 4.920 0.000 -0.480 5.130 0.000 -0.690
3 0 5.260 0.000 -1.330 6.070 0.000 -1.580 6.040 0.000 -0.190
3 0 6.040 0.000 -0.190 5.130 0.000 -0.690 5.260 0.000 -1.330
3 0 5.470 0.000 -3.200 6.070 0.000 -1.580 5.260 0.000 -1.330
3 0 5.260 0.000 -1.330 4.790 0.000 -2.920 5.470 0.000 -3.200
3 0 4.730 0.000 -3.100 5.490 0.000 -3.760 5.470 0.000 -3.200
3 0 5.470 0.000 -3.200 4.790 0.000 -2.920 4.730 0.000 -3.100
3 0 5.490 0.000 -3.760 4.730 0.000 -3.100 4.730 0.000 -3.890
3 0 4.730 0.000 -3.890 5.700 0.000 -4.450 5.490 0.000 -3.760
3 0 4.860 0.000 -4.430 5.740 0.000 -4.830 5.700 0.000 -4.450
3 0 5.700 0.000 -4.450 4.730 0.000 -3.890 4.860 0.000 -4.430
3 0 4.950 0.000 -4.790 5.680 0.000 -4.980 5.740 0.000 -4.830
3 0 5.740 0.000 -4.830 4.860 0.000 -4.430 4.950 0.000 -4.790
3 0 5.180 0.000 -5.140 5.420 0.000 -5.130 5.680 0.000 -4.980
3 0 5.680 0.000 -4.980 4.950 0.000 -4.790 5.180 0.000 -5.140
3 28 1.010 0.000 -3.090 1.450 0.000 -4.080 1.440 0.000 -2.920
3 28 1.440 0.000 -2.920 1.010 0.000 -2.920 1.010 0.000 -3.090
3 28 0.150 0.000 -3.270 1.450 0.000 -4.080 1.010 0.000 -3.090
3 28 1.010 0.000 -3.090 0.610 0.000 -2.820 0.150 0.000 -3.270
3 28 1.450 0.000 -4.080 0.150 0.000 -3.270 1.550 0.000 -4.770
3 28 1.550 0.000 -4.770 0.150 0.000 -3.270 1.610 0.000 -5.010
3 28 1.610 0.000 -5.010 0.150 0.000 -3.270 2.030 0.000 -5.820
3 28 1.610 0.000 -5.010 2.030 0.000 -5.820 1.770 0.000 -5.140
3 28 2.030 0.000 -5.820 2.420 0.000 -5.860 1.930 0.000 -5.090
3 28 1.930 0.000 -5.090 1.770 0.000 -5.140 2.030 0.000 -5.820
3 28 2.200 0.000 -7.850 1.820 0.000 -7.850 0.830 0.000 -8.190
3 28 0.830 0.000 -8.190 6.460 0.000 -8.140 2.200 0.000 -7.850
3 28 1.470 0.000 -7.260 0.850 0.000 -6.780 0.830 0.000 -8.190
3 28 0.830 0.000 -8.190 1.820 0.000 -7.850 1.470 0.000 -7.260
3 28 2.200 0.000 -7.850 6.460 0.000 -8.140 2.770 0.000 -7.650
3 28 6.460 0.000 -8.140 6.480 0.000 -6.770 3.160 0.000 -7.310
3 28 3.160 0.000 -7.310 2.770 0.000 -7.650 6.460 0.000 -8.140
3 28 3.160 0.000 -7.310 6.480 0.000 -6.770 3.530 0.000 -6.680
3 28 6.480 0.000 -6.770 6.790 0.000 -5.640 3.530 0.000 -6.470
3 28 3.530 0.000 -6.470 3.530 0.000 -6.680 6.480 0.000 -6.770
3 28 5.420 0.000 -5.130 3.530 0.000 -6.470 6.790 0.000 -5.640
3 28 6.790 0.000 -5.640 5.680 0.000 -4.980 5.420 0.000 -5.130
3 28 5.180 0.000 -5.140 3.290 0.000 -6.210 3.530 0.000 -6.470
3 28 3.530 0.000 -6.470 5.420 0.000 -5.130 5.180 0.000 -5.140
3 28 4.950 0.000 -4.790 2.960 0.000 -6.050 3.290 0.000 -6.210
3 28 3.290 0.000 -6.210 5.180 0.000 -5.140 4.950 0.000 -4.790
3 28 4.860 0.000 -4.430 2.420 0.000 -5.860 2.960 0.000 -6.050
3 28 2.960 0.000 -6.050 4.950 0.000 -4.790 4.860 0.000 -4.430
3 28 2.420 0.000 -5.860 4.860 0.000 -4.430 4.730 0.000 -3.890
3 28 2.420 0.000 -5.860 4.730 0.000 -3.890 2.210 0.000 -4.820
3 28 2.210 0.000 -4.820 1.930 0.000 -5.090 2.420 0.000 -5.860
3 28 2.210 0.000 -4.820 4.730 0.000 -3.890 2.350 0.000 -4.500
3 28 2.350 0.000 -4.500 4.730 0.000 -3.890 2.410 0.000 -4.260
3 28 4.730 0.000 -3.890 4.730 0.000 -3.100 2.410 0.000 -3.840
3 28 2.410 0.000 -3.840 2.410 0.000 -4.260 4.730 0.000 -3.890
3 28 4.730 0.000 -3.100 4.790 0.000 -2.920 2.180 0.000 -3.390
3 28 2.180 0.000 -3.390 2.410 0.000 -3.840 4.730 0.000 -3.100
3 28 2.180 0.000 -3.390 4.790 0.000 -2.920 2.460 0.000 -3.030
3 28 4.790 0.000 -2.920 2.470 0.000 -2.920 2.460 0.000 -3.030
3 28 6.790 0.000 -5.640 7.550 0.000 -6.720 7.950 0.000 -6.070
3 28 7.950 0.000 -6.070 7.940 0.000 -5.660 6.790 0.000 -5.640
3 28 7.550 0.000 -6.720 7.550 0.000 -7.050 8.580 0.000 -6.670
3 28 8.580 0.000 -6.670 7.950 0.000 -6.070 7.550 0.000 -6.720
3 28 7.550 0.000 -7.050 7.330 0.000 -7.410 8.810 0.000 -7.050
3 28 8.810 0.000 -7.050 8.580 0.000 -6.670 7.550 0.000 -7.050
3 28 7.330 0.000 -7.410 8.700 0.000 -8.080 8.790 0.000 -7.890
3 28 8.790 0.000 -7.890 8.810 0.000 -7.050 7.330 0.000 -7.410
3 28 7.330 0.000 -7.410 7.330 0.000 -8.150 8.560 0.000 -8.150
3 28 8.560 0.000 -8.150 8.700 0.000 -8.080 7.330 0.000 -7.410
3 28 5.680 0.000 -4.980 6.790 0.000 -5.640 5.740 0.000 -4.830
3 28 7.940 0.000 -5.660 8.340 0.000 -5.270 5.740 0.000 -4.830
3 28 5.740 0.000 -4.830 6.790 0.000 -5.640 7.940 0.000 -5.660
3 28 8.340 0.000 -5.270 8.340 0.000 -5.040 5.700 0.000 -4.450
3 28 5.700 0.000 -4.450 5.740 0.000 -4.830 8.340 0.000 -5.270
3 28 7.960 0.000 -4.540 5.490 0.000 -3.760 5.700 0.000 -4.450
3 28 5.700 0.000 -4.450 8.340 0.000 -5.040 7.960 0.000 -4.540
3 28 7.960 0.000 -3.900 5.470 0.000 -3.200 5.490 0.000 -3.760
3 28 5.490 0.000 -3.760 7.960 0.000 -4.540 7.960 0.000 -3.900
3 28 5.470 0.000 -3.200 7.960 0.000 -3.900 8.070 0.000 -3.270
3 28 8.260 0.000 -2.760 6.070 0.000 -1.580 5.470 0.000 -3.200
3 28 5.470 0.000 -3.200 8.070 0.000 -3.270 8.260 0.000 -2.760
3 28 6.070 0.000 -1.580 8.260 0.000 -2.760 8.360 0.000 -2.580
3 28 6.070 0.000 -1.580 8.360 0.000 -2.580 8.480 0.000 -2.500
3 28 8.480 0.000 -2.500 8.950 0.000 -1.660 6.070 0.000 -1.580
3 28 8.740 0.000 -1.190 8.550 0.000 -1.000 6.070 0.000 -1.580
3 28 6.070 0.000 -1.580 8.950 0.000 -1.660 8.740 0.000 -1.190
3 28 6.070 0.000 -1.580 8.550 0.000 -1.000 8.310 0.000 -0.930
3 28 8.040 0.000 -0.230 7.650 0.000 0.160 6.070 0.000 -1.580
3 28 6.070 0.000 -1.580 8.310 0.000 -0.930 8.040 0.000 -0.230
3 28 6.070 0.000 -1.580 7.650 0.000 0.160 7.410 0.000 0.250
3 28 6.070 0.000 -1.580 7.410 0.000 0.250 6.550 0.000 0.280
3 28 6.550 0.000 0.280 6.240 0.000 0.110 6.070 0.000 -1.580
3 28 6.070 0.000 -1.580 6.240 0.000 0.110 6.040 0.000 -0.190
3 28 8.600 0.000 -2.620 9.160 0.000 -2.510 8.950 0.000 -1.660
3 28 8.950 0.000 -1.660 8.480 0.000 -2.500 8.600 0.000 -2.620
3 28 8.690 0.000 -2.920 9.250 0.000 -3.300 9.160 0.000 -2.510
3 28 9.160 0.000 -2.510 8.600 0.000 -2.620 8.690 0.000 -2.920
3 28 8.690 0.000 -2.920 8.720 0.000 -5.160 9.290 0.000 -4.240
3 28 9.290 0.000 -4.240 9.250 0.000 -3.300 8.690 0.000 -2.920
3 28 9.290 0.000 -4.240 8.720 0.000 -5.160 9.310 0.000 -5.310
3 28 8.880 0.000 -5.380 9.240 0.000 -5.390 9.310 0.000 -5.310
3 28 9.310 0.000 -5.310 8.720 0.000 -5.160 8.880 0.000 -5.380
3 15 0.820 0.000 -8.500 -1.880 0.000 -8.340 -2.490 0.000 -8.350
3 15 -2.490 0.000 -8.350 -4.900 0.000 -8.500 0.820 0.000 -8.500
3 15 -2.490 0.000 -8.350 -2.970 0.000 -8.180 -4.900 0.000 -8.500
3 15 -4.900 0.000 -8.500 -2.970 0.000 -8.180 -3.460 0.000 -7.790
3 15 -4.220 0.000 -6.780 -4.580 0.000 -6.770 -3.830 0.000 -7.360
3 15 -3.830 0.000 -7.360 -4.080 0.000 -6.840 -4.220 0.000 -6.780
3 15 -3.830 0.000 -7.360 -4.580 0.000 -6.770 -4.900 0.000 -8.500
3 15 -4.900 0.000 -8.500 -3.460 0.000 -7.790 -3.830 0.000 -7.360
3 15 -4.900 0.000 -8.500 -4.580 0.000 -6.770 -4.760 0.000 -6.700
3 15 -4.840 0.000 -6.590 -5.720 0.000 -6.050 -4.900 0.000 -8.500
3 15 -4.900 0.000 -8.500 -4.760 0.000 -6.700 -4.840 0.000 -6.590
3 15 -5.720 0.000 -6.050 -4.840 0.000 -6.590 -4.840 0.000 -5.700
3 15 -4.840 0.000 -5.700 -5.450 0.000 -5.500 -5.750 0.000 -5.650
3 15 -5.750 0.000 -5.650 -5.720 0.000 -6.050 -4.840 0.000 -5.700
3 15 -5.450 0.000 -5.500 -4.840 0.000 -5.700 -4.760 0.000 -5.310
3 15 -4.760 0.000 -5.310 -5.120 0.000 -5.240 -5.450 0.000 -5.500
3 15 -5.120 0.000 -5.240 -4.760 0.000 -5.310 -4.550 0.000 -4.940
3 15 -4.550 0.000 -4.940 -4.970 0.000 -4.890 -5.120 0.000 -5.240
3 15 -4.970 0.000 -4.890 -4.550 0.000 -4.940 -4.300 0.000 -4.700
3 15 -4.300 0.000 -4.700 -4.800 0.000 -4.400 -4.970 0.000 -4.890
3 15 -4.110 0.000 -4.580 -4.610 0.000 -4.120 -4.800 0.000 -4.400
3 15 -4.800 0.000 -4.400 -4.300 0.000 -4.700 -4.110 0.000 -4.580
3 15 -3.860 0.000 -4.550 -4.370 0.000 -3.980 -4.610 0.000 -4.120
3 15 -4.610 0.000 -4.120 -4.110 0.000 -4.580 -3.860 0.000 -4.550
3 15 -3.100 0.000 -4.550 -3.460 0.000 -3.550 -4.370 0.000 -3.980
3 15 -4.370 0.000 -3.980 -3.860 0.000 -4.550 -3.100 0.000 -4.550
3 15 -3.460 0.000 -3.550 -3.100 0.000 -4.550 -2.920 0.000 -4.610
3 15 -2.750 0.000 -2.330 -3.460 0.000 -3.550 -2.920 0.000 -4.610
3 15 -2.920 0.000 -4.610 -1.910 0.000 -2.400 -2.750 0.000 -2.330
3 15 -3.460 0.000 -3.550 -2.750 0.000 -2.330 -3.190 0.000 -2.250
3 15 -3.190 0.000 -2.250 -3.420 0.000 -2.160 -3.850 0.000 -3.420
3 15 -3.850 0.000 -3.420 -3.460 0.000 -3.550 -3.190 0.000 -2.250
3 15 -3.420 0.000 -2.160 -3.480 0.000 -1.930 -4.120 0.000 -3.240
3 15 -4.120 0.000 -3.240 -3.850 0.000 -3.420 -3.420 0.000 -2.160
3 15 -4.120 0.000 -3.240 -3.480 0.000 -1.930 -4.250 0.000 -3.140
3 15 -4.340 0.000 -2.930 -4.250 0.000 -3.140 -3.480 0.000 -1.930
3 15 -3.480 0.000 -1.930 -4.290 0.000 -0.700 -4.340 0.000 -2.930
3 15 -2.810 0.000 -4.700 -2.650 0.000 -4.800 -2.350 0.000 -4.900
3 15 -2.350 0.000 -4.900 -1.910 0.000 -2.400 -2.810 0.000 -4.700
3 15 -1.910 0.000 -2.400 -2.920 0.000 -4.610 -2.810 0.000 -4.700
3 15 -1.910 0.000 -2.400 -2.350 0.000 -4.900 -2.190 0.000 -4.890
3 15 -2.000 0.000 -5.000 -1.910 0.000 -5.260 -0.160 0.000 -2.400
3 15 -0.160 0.000 -2.400 -1.910 0.000 -2.400 -2.000 0.000 -5.000
3 15 -2.190 0.000 -4.890 -2.000 0.000 -5.000 -1.910 0.000 -2.400
3 15 -1.910 0.000 -5.260 -1.710 0.000 -5.720 0.150 0.000 -3.270
3 15 0.150 0.000 -3.270 -0.160 0.000 -2.400 -1.910 0.000 -5.260
3 15 0.150 0.000 -3.270 -1.710 0.000 -5.720 -1.670 0.000 -5.980
3 15 -1.670 0.000 -5.980 2.030 0.000 -5.820 0.150 0.000 -3.270
3 15 -1.670 0.000 -5.980 -1.170 0.000 -7.030 0.850 0.000 -6.780
3 15 0.850 0.000 -6.780 2.030 0.000 -5.820 -1.670 0.000 -5.980
3 15 0.850 0.000 -6.780 -1.170 0.000 -7.030 -1.100 0.000 -7.290
3 15 -1.100 0.000 -7.290 0.830 0.000 -8.190 0.850 0.000 -6.780
3 15 0.830 0.000 -8.190 -1.100 0.000 -7.290 -1.110 0.000 -7.730
3 15 -1.170 0.000 -7.900 0.820 0.000 -8.500 0.830 0.000 -8.190
3 15 0.830 0.000 -8.190 -1.110 0.000 -7.730 -1.170 0.000 -7.900
3 15 0.820 0.000 -8.500 -1.170 0.000 -7.900 -1.440 0.000 -8.120
3 15 0.820 0.000 -8.500 -1.440 0.000 -8.120 -1.880 0.000 -8.340
3 15 2.030 0.000 -5.820 0.850 0.000 -6.780 2.420 0.000 -5.860
3 15 2.420 0.000 -5.860 0.850 0.000 -6.780 1.470 0.000 -7.260
3 15 1.470 0.000 -7.260 2.960 0.000 -6.050 2.420 0.000 -5.860
3 15 2.960 0.000 -6.050 1.470 0.000 -7.260 1.820 0.000 -7.850
3 15 1.820 0.000 -7.850 3.290 0.000 -6.210 2.960 0.000 -6.050
3 15 3.290 0.000 -6.210 1.820 0.000 -7.850 2.200 0.000 -7.850
3 15 2.200 0.000 -7.850 3.530 0.000 -6.470 3.290 0.000 -6.210
3 15 3.530 0.000 -6.470 2.200 0.000 -7.850 2.770 0.000 -7.650
3 15 2.770 0.000 -7.650 3.160 0.000 -7.310 3.530 0.000 -6.470
3 15 3.530 0.000 -6.470 3.160 0.000 -7.310 3.530 0.000 -6.680
3 15 0.100 0.000 -2.300 -0.160 0.000 -2.400 0.150 0.000 -3.270
3 15 0.150 0.000 -3.270 0.610 0.000 -2.820 0.100 0.000 -2.300
3 15 0.100 0.000 -2.300 0.610 0.000 -2.820 0.880 0.000 -2.320
3 15 0.880 0.000 -2.320 0.150 0.000 -1.390 0.100 0.000 -2.300
3 15 0.610 0.000 -2.820 1.010 0.000 -2.920 0.980 0.000 -2.480
3 15 0.980 0.000 -2.480 0.880 0.000 -2.320 0.610 0.000 -2.820
3 15 1.010 0.000 -2.920 0.610 0.000 -2.820 1.010 0.000 -3.090
3 15 0.880 0.000 -0.270 0.050 0.000 -0.540 0.150 0.000 -1.390
3 15 0.150 0.000 -1.390 0.880 0.000 -2.320 0.880 0.000 -0.270
3 15 0.050 0.000 -0.540 0.880 0.000 -0.270 0.760 0.000 0.110
3 15 0.760 0.000 0.110 -0.050 0.000 -0.460 0.050 0.000 -0.540
3 15 -0.050 0.000 -0.460 0.760 0.000 0.110 0.530 0.000 0.530
3 15 0.530 0.000 0.530 -0.320 0.000 -0.400 -0.050 0.000 -0.460
3 15 -0.320 0.000 -0.400 0.530 0.000 0.530 0.260 0.000 0.850
3 15 0.260 0.000 0.850 -0.880 0.000 -0.340 -0.320 0.000 -0.400
3 15 -0.880 0.000 -0.340 0.260 0.000 0.850 -0.160 0.000 1.180
3 15 -0.160 0.000 1.180 -0.580 0.000 1.410 -0.880 0.000 -0.340
3 15 -1.090 0.000 1.580 -1.580 0.000 1.660 -0.880 0.000 -0.340
3 15 -0.880 0.000 -0.340 -0.580 0.000 1.410 -1.090 0.000 1.580
3 15 -1.580 0.000 1.660 -1.980 0.000 1.690 -2.700 0.000 -0.350
3 15 -2.700 0.000 -0.350 -0.880 0.000 -0.340 -1.580 0.000 1.660
3 15 -2.700 0.000 -0.350 -1.980 0.000 1.690 -2.330 0.000 1.640
3 15 -2.330 0.000 1.640 -2.740 0.000 1.510 -2.700 0.000 -0.350
3 15 -2.700 0.000 -0.350 -2.740 0.000 1.510 -3.090 0.000 1.310
3 15 -3.090 0.000 1.310 -3.220 0.000 -0.420 -2.700 0.000 -0.350
3 15 -3.220 0.000 -0.420 -3.090 0.000 1.310 -3.380 0.000 1.070
3 15 -3.380 0.000 1.070 -3.410 0.000 -0.540 -3.220 0.000 -0.420
3 15 -3.410 0.000 -0.540 -3.380 0.000 1.070 -3.670 0.000 0.740
3 15 -3.670 0.000 0.740 -3.930 0.000 0.320 -3.410 0.000 -0.540
3 15 -3.410 0.000 -0.540 -3.930 0.000 0.320 -4.130 0.000 -0.150
3 15 -4.130 0.000 -0.150 -3.480 0.000 -0.920 -3.410 0.000 -0.540
3 15 -3.480 0.000 -0.920 -4.130 0.000 -0.150 -4.290 0.000 -0.700
3 15 -4.290 0.000 -0.700 -3.480 0.000 -1.930 -3.480 0.000 -0.920
3 71 -2.490 0.000 -8.350 -1.880 0.000 -8.340 -1.440 0.000 -8.120
3 71 -1.440 0.000 -8.120 -2.970 0.000 -8.180 -2.490 0.000 -8.350
3 71 -1.170 0.000 -7.900 -3.460 0.000 -7.790 -2.970 0.000 -8.180
3 71 -2.970 0.000 -8.180 -1.440 0.000 -8.120 -1.170 0.000 -7.900
3 71 -1.110 0.000 -7.730 -3.830 0.000 -7.360 -3.460 0.000 -7.790
3 71 -3.460 0.000 -7.790 -1.170 0.000 -7.900 -1.110 0.000 -7.730
3 71 -1.100 0.000 -7.290 -1.170 0.000 -7.030 -3.830 0.000 -7.360
3 71 -3.830 0.000 -7.360 -1.110 0.000 -7.730 -1.100 0.000 -7.290
3 71 -4.080 0.000 -6.840 -3.830 0.000 -7.360 -1.170 0.000 -7.030
3 71 -1.170 0.000 -7.030 -1.670 0.000 -5.980 -4.080 0.000 -6.840
3 71 -4.220 0.000 -6.780 -4.080 0.000 -6.840 -1.670 0.000 -5.980
3 71 -1.670 0.000 -5.980 -1.710 0.000 -5.720 -4.220 0.000 -6.780
3 71 -1.910 0.000 -5.260 -2.650 0.000 -4.800 -4.220 0.000 -6.780
3 71 -4.220 0.000 -6.780 -1.710 0.000 -5.720 -1.910 0.000 -5.260
3 71 -4.760 0.000 -6.700 -4.580 0.000 -6.770 -2.650 0.000 -4.800
3 71 -2.650 0.000 -4.800 -2.810 0.000 -4.700 -4.760 0.000 -6.700
3 71 -2.650 0.000 -4.800 -4.580 0.000 -6.770 -4.220 0.000 -6.780
3 71 -2.000 0.000 -5.000 -2.190 0.000 -4.890 -2.350 0.000 -4.900
3 71 -2.350 0.000 -4.900 -1.910 0.000 -5.260 -2.000 0.000 -5.000
3 71 -2.650 0.000 -4.800 -1.910 0.000 -5.260 -2.350 0.000 -4.900
3 71 -4.840 0.000 -6.590 -4.760 0.000 -6.700 -2.810 0.000 -4.700
3 71 -2.810 0.000 -4.700 -2.920 0.000 -4.610 -4.840 0.000 -6.590
3 71 -4.840 0.000 -5.700 -4.840 0.000 -6.590 -2.920 0.000 -4.610
3 71 -2.920 0.000 -4.610 -3.100 0.000 -4.550 -4.840 0.000 -5.700
3 71 -4.760 0.000 -5.310 -4.840 0.000 -5.700 -3.100 0.000 -4.550
3 71 -3.100 0.000 -4.550 -3.860 0.000 -4.550 -4.760 0.000 -5.310
3 71 -4.550 0.000 -4.940 -4.760 0.000 -5.310 -3.860 0.000 -4.550
3 71 -3.860 0.000 -4.550 -4.110 0.000 -4.580 -4.550 0.000 -4.940
3 71 -4.550 0.000 -4.940 -4.110 0.000 -4.580 -4.300 0.000 -4.700
1 16 0.0000 0.0000 0.0000 1.0000 0.0000 0.0000 0.0000 1.0000 0.0000 0.0000 0.0000 1.0000 s/3070bs01.dat
1 0 -2.0400 0.0000 -1.3500 0.2000 0.0000 0.0000 0.0000 1.0000 0.0000 0.0000 0.0000 0.2000 4-4disc.dat
1 0 -0.9700 0.0000 -1.3500 0.2000 0.0000 0.0000 0.0000 1.0000 0.0000 0.0000 0.0000 0.2000 4-4disc.dat
1 0 2.6400 0.0000 -1.3500 0.2000 0.0000 0.0000 0.0000 1.0000 0.0000 0.0000 0.0000 0.2000 4-4disc.dat
1 0 3.6100 0.0000 -1.2600 0.2000 0.0000 0.0000 0.0000 1.0000 0.0000 0.0000 0.0000 0.2000 4-4disc.dat
1 16 -2.0400 0.0000 -1.3500 0.2000 0.0000 0.0000 0.0000 1.0000 0.0000 0.0000 0.0000 0.2000 4-4ndis.dat
1 16 -0.9700 0.0000 -1.3500 0.2000 0.0000 0.0000 0.0000 1.0000 0.0000 0.0000 0.0000 0.2000 4-4ndis.dat
1 16 2.6400 0.0000 -1.3500 0.2000 0.0000 0.0000 0.0000 1.0000 0.0000 0.0000 0.0000 0.2000 4-4ndis.dat
1 16 3.6100 0.0000 -1.2600 0.2000 0.0000 0.0000 0.0000 1.0000 0.0000 0.0000 0.0000 0.2000 4-4ndis.dat
1 15 0.0000 0.0000 8.5000 1.0000 0.0000 0.0000 0.0000 1.0000 0.0000 0.0000 0.0000 1.0000 2-4DISC.DAT
1 16 0.0000 0.0000 8.5000 1.0000 0.0000 0.0000 0.0000 1.0000 0.0000 0.0000 0.0000 1.0000 2-4ndis.dat
1 15 2.7500 0.0000 8.0000 0.0000 0.0000 0.5000 0.0000 1.0000 0.0000 0.5000 0.0000 0.0000 2-4DISC.DAT
1 16 2.7500 0.0000 8.0000 0.0000 0.0000 0.5000 0.0000 1.0000 0.0000 0.5000 0.0000 0.0000 2-4ndis.dat
1 15 -2.7500 0.0000 8.0000 0.0000 0.0000 -0.5000 0.0000 1.0000 0.0000 0.5000 0.0000 0.0000 2-4DISC.DAT
1 16 -2.7500 0.0000 8.0000 0.0000 0.0000 -0.5000 0.0000 1.0000 0.0000 0.5000 0.0000 0.0000 2-4ndis.dat
1 16 8.1500 0.0000 8.3300 0.3100 0.0000 0.0000 0.0000 1.0000 0.0000 0.0000 0.0000 0.3100 4-4disc.dat
1 4 8.1500 0.0000 8.3300 -0.3100 0.0000 0.0000 0.0000 1.0000 0.0000 0.0000 0.0000 -0.3100 4-4ndis.dat
1 16 8.1500 0.0000 8.3300 -0.7500 0.0000 0.0000 0.0000 1.0000 0.0000 0.0000 0.0000 -0.7500 3-4ndis.dat
1 4 8.1500 0.0000 8.3300 -0.7500 0.0000 0.0000 0.0000 1.0000 0.0000 0.0000 0.0000 -0.7500 1-4chrd.dat
1 4 8.1500 0.0000 8.3300 0.7500 0.0000 0.0000 0.0000 1.0000 0.0000 0.0000 0.0000 -0.7500 1-4chrd.dat
1 4 8.1500 0.0000 8.3300 0.7500 0.0000 0.0000 0.0000 1.0000 0.0000 0.0000 0.0000 0.7500 1-4chrd.dat
