0 FILE 34173.dat
0 34173
0 Name:  34173.dat
0 Author:  
0 BFC CERTIFY CCW
2 16 3.645 -4.658 3.119 3.610 -6.140 3.119
2 16 -5.753 -29.843 -0.829 -6.148 -32.090 -0.621
2 16 3.258 -3.305 -3.916 1.850 -1.948 -3.916
2 16 2.705 -25.340 -2.504 2.335 -23.723 -2.906
2 16 6.270 -34.445 -0.536 6.148 -32.090 -0.621
2 16 3.018 -42.225 -1.234 1.765 -42.825 -1.376
2 16 3.483 -6.858 -2.444 2.555 -6.870 -3.554
2 16 3.645 -4.658 3.119 3.258 -3.305 3.119
2 16 -4.743 -27.818 -1.261 -5.753 -29.843 -0.829
2 16 -1.850 -1.948 -3.916 -3.258 -3.305 -3.916
2 16 -0.913 -15.825 1.116 -1.290 -16.743 1.116
2 16 -3.610 -6.140 -3.916 -3.645 -4.658 -3.916
2 16 2.555 -6.870 -3.554 2.020 -6.833 -3.849
2 16 3.645 -4.658 -3.916 3.610 -6.140 -3.916
2 16 -2.335 -23.723 -2.906 -2.705 -25.340 -2.504
2 16 3.610 -6.140 -3.916 3.075 -6.618 -3.916
2 16 -3.258 -3.305 -3.916 -3.645 -4.658 -3.916
2 16 6.148 -32.090 -0.621 5.753 -29.843 -0.829
2 16 3.645 -4.658 -3.916 3.258 -3.305 -3.916
2 16 2.335 -23.723 -2.906 2.218 -22.540 -2.999
2 16 3.075 -6.618 -3.916 2.020 -6.833 -3.849
2 16 -1.850 -1.948 3.119 -3.258 -3.305 3.119
2 16 -2.020 -6.833 -3.849 -3.075 -6.618 -3.916
2 16 1.290 -16.743 1.116 0.913 -17.653 1.116
2 16 -2.218 -22.540 -2.999 -2.335 -23.723 -2.906
2 16 -3.075 -6.618 -3.916 -3.610 -6.140 -3.916
2 16 -3.610 -6.140 3.119 -3.645 -4.658 3.119
2 16 -2.425 -6.870 -3.554 -3.483 -6.858 -2.444
2 16 0.000 -21.450 -4.746 -2.180 -21.453 -4.169
2 16 0.000 -21.460 3.989 -2.195 -21.460 3.404
2 16 2.113 -19.270 -4.051 0.000 -19.273 -4.616
2 16 -0.913 -15.825 3.536 -1.290 -16.743 3.451
2 16 3.258 -3.305 3.119 1.850 -1.948 3.119
2 16 -6.148 -32.090 -0.621 -6.270 -34.445 -0.536
2 16 1.290 -16.743 3.451 0.913 -15.825 3.536
2 16 0.000 -19.830 -5.286 -2.443 -19.830 -4.636
2 16 -2.238 -21.533 1.401 -2.588 -21.533 1.196
2 16 5.753 -29.843 -0.829 4.743 -27.818 -1.261
2 16 3.610 -6.140 3.119 3.075 -6.618 3.119
2 16 6.270 -34.445 -0.536 5.868 -37.018 -0.731
2 16 -2.020 -6.833 -3.849 -2.425 -6.870 -3.554
2 16 -2.195 -21.460 3.404 -3.808 -21.465 1.799
2 16 -5.868 -37.018 -0.731 -6.270 -34.445 -0.536
2 16 4.400 -21.465 -0.396 3.793 -21.458 -2.584
2 16 3.793 -21.458 -2.584 2.180 -21.453 -4.169
2 16 4.048 -6.835 -0.399 3.483 -6.858 -2.444
2 16 0.913 -17.653 1.116 0.000 -18.030 1.116
2 16 -2.020 -6.833 3.051 -2.425 -6.870 2.756
2 16 0.000 -19.273 -4.616 -2.113 -19.270 -4.051
2 16 3.653 -19.273 -2.509 2.113 -19.270 -4.051
2 16 -3.075 -6.618 3.119 -3.610 -6.140 3.119
2 16 3.483 -6.858 1.646 2.555 -6.870 2.756
2 16 -1.480 -21.533 -3.329 -2.210 -21.533 -3.166
2 16 0.000 -5.415 -3.604 0.000 -5.415 -3.604
2 16 -2.425 -6.870 2.756 -3.483 -6.858 1.646
2 16 -2.020 -6.833 3.051 -3.075 -6.618 3.119
2 16 4.240 -19.825 -2.846 2.443 -19.830 -4.636
2 16 -1.195 -21.533 1.521 -2.238 -21.533 1.401
2 16 2.443 -19.830 -4.636 0.000 -19.830 -5.286
2 16 0.000 -15.448 3.774 -0.913 -15.825 3.536
2 16 -3.483 -6.858 -2.444 -4.048 -6.835 -0.399
2 16 2.448 -19.830 3.834 0.000 -19.825 4.499
2 16 0.000 -15.448 1.116 -0.913 -15.825 1.116
2 16 1.290 -16.743 1.116 0.913 -15.825 1.116
2 16 4.218 -19.273 -0.396 3.653 -19.273 -2.509
2 16 0.000 -19.270 3.819 -2.108 -19.273 3.254
2 16 2.210 -21.533 -3.166 1.480 -21.533 -3.329
2 16 4.048 -6.835 -0.399 3.483 -6.858 1.646
2 16 0.000 -21.533 1.566 -1.195 -21.533 1.521
2 16 2.695 -21.533 -2.531 2.210 -21.533 -3.166
2 16 -0.913 -17.653 1.116 -1.290 -16.743 1.116
2 16 -2.113 -19.270 -4.051 -3.653 -19.273 -2.509
2 16 3.655 -19.273 1.709 2.108 -19.273 3.254
2 16 4.890 -19.830 -0.396 4.233 -19.830 2.044
2 16 -2.443 -19.830 -4.636 -4.240 -19.825 -2.846
2 16 4.233 -19.830 2.044 2.448 -19.830 3.834
2 16 0.913 -17.653 3.571 0.000 -18.030 3.824
2 16 4.890 -19.830 -0.396 4.240 -19.825 -2.846
2 16 1.290 -16.743 3.451 0.913 -17.653 3.571
2 16 2.180 -21.453 -4.169 0.000 -21.450 -4.746
2 16 1.195 -21.533 1.521 0.000 -21.533 1.566
2 16 -0.913 -17.653 3.571 -1.290 -16.743 3.451
2 16 4.218 -19.273 -0.396 3.655 -19.273 1.709
2 16 -4.240 -19.825 -2.846 -4.890 -19.830 -0.396
2 16 -3.653 -19.273 -2.509 -4.218 -19.273 -0.396
2 16 -3.483 -6.858 1.646 -4.048 -6.835 -0.399
2 16 -3.258 -3.305 3.119 -3.645 -4.658 3.119
2 16 -2.180 -21.453 -4.169 -3.793 -21.458 -2.584
2 16 4.400 -21.465 -0.396 3.808 -21.465 1.799
2 16 0.000 -19.825 4.499 -2.448 -19.830 3.834
2 16 -2.695 -21.533 -2.531 -2.795 -21.533 0.844
2 16 2.555 -6.870 2.756 2.020 -6.833 3.051
2 16 -3.655 -19.273 1.709 -4.218 -19.273 -0.396
2 16 -4.233 -19.830 2.044 -4.890 -19.830 -0.396
2 16 2.238 -21.533 1.401 1.195 -21.533 1.521
2 16 3.075 -6.618 3.119 2.020 -6.833 3.051
2 16 -3.808 -21.465 1.799 -4.400 -21.465 -0.396
2 16 3.808 -21.465 1.799 2.195 -21.460 3.404
2 16 -3.793 -21.458 -2.584 -4.400 -21.465 -0.396
2 16 1.480 -21.533 -3.329 -1.480 -21.533 -3.329
2 16 -2.448 -19.830 3.834 -4.233 -19.830 2.044
2 16 -2.108 -19.273 3.254 -3.655 -19.273 1.709
2 16 2.108 -19.273 3.254 0.000 -19.270 3.819
2 16 2.195 -21.460 3.404 0.000 -21.460 3.989
2 16 2.795 -21.533 0.844 2.695 -21.533 -2.531
2 16 -2.210 -21.533 -3.166 -2.695 -21.533 -2.531
2 16 2.795 -21.533 0.844 2.588 -21.533 1.196
2 16 -2.588 -21.533 1.196 -2.795 -21.533 0.844
2 16 0.913 -15.825 3.536 0.000 -15.448 3.774
2 16 2.588 -21.533 1.196 2.238 -21.533 1.401
2 16 0.000 -18.030 1.116 0.000 -18.030 3.824
2 16 -1.290 -16.743 1.116 -1.290 -16.743 3.451
2 16 0.000 -18.030 3.824 -0.913 -17.653 3.571
2 16 0.913 -15.825 1.116 0.000 -15.448 1.116
2 16 0.913 -15.825 1.116 0.913 -15.825 3.536
2 16 -0.913 -17.653 1.116 -0.913 -17.653 3.571
2 16 0.913 -17.653 1.116 0.913 -17.653 3.571
2 16 -0.913 -15.825 1.116 -0.913 -15.825 3.536
2 16 1.765 -42.825 -1.376 0.000 -43.118 -1.396
2 16 1.290 -16.743 1.116 1.290 -16.743 3.451
2 16 0.000 -43.118 -1.396 -1.765 -42.825 -1.376
2 16 0.000 -15.448 1.116 0.000 -15.448 3.774
2 16 -1.765 -42.825 -1.376 -3.018 -42.225 -1.234
2 16 0.000 -18.030 1.116 -0.913 -17.653 1.116
3 16 0.000 -4.018 -3.604 0.990 -5.008 -3.604 0.000 -5.415 -3.604
3 16 0.000 -5.415 -3.604 0.990 -5.008 -3.604 0.000 -5.780 -3.916
3 16 0.990 -5.008 -3.604 1.268 -5.295 -3.916 0.000 -5.780 -3.916
3 16 -0.990 -5.008 -3.604 0.000 -4.018 -3.604 0.000 -5.415 -3.604
3 16 0.000 -4.018 -3.604 1.398 -4.018 -3.604 0.990 -5.008 -3.604
3 16 0.000 -5.415 -3.604 0.000 -5.780 -3.916 -0.990 -5.008 -3.604
3 16 0.000 -5.780 -3.916 -1.268 -5.295 -3.916 -0.990 -5.008 -3.604
3 16 -1.398 -4.018 -3.604 0.000 -4.018 -3.604 -0.990 -5.008 -3.604
3 16 0.990 -5.008 -3.604 1.398 -4.018 -3.604 1.268 -5.295 -3.916
3 16 1.398 -4.018 -3.604 1.805 -4.010 -3.916 1.268 -5.295 -3.916
3 16 0.000 -4.018 -3.604 0.990 -3.028 -3.604 1.398 -4.018 -3.604
3 16 0.000 -5.990 -3.916 0.000 -5.780 -3.916 2.125 -5.680 -3.916
3 16 0.000 -5.780 -3.916 1.268 -5.295 -3.916 2.125 -5.680 -3.916
3 16 -0.990 -5.008 -3.604 -1.268 -5.295 -3.916 -1.398 -4.018 -3.604
3 16 -1.268 -5.295 -3.916 -1.805 -4.010 -3.916 -1.398 -4.018 -3.604
3 16 -0.990 -3.028 -3.604 0.000 -4.018 -3.604 -1.398 -4.018 -3.604
3 16 1.398 -4.018 -3.604 0.990 -3.028 -3.604 1.805 -4.010 -3.916
3 16 0.990 -3.028 -3.604 1.275 -2.735 -3.916 1.805 -4.010 -3.916
3 16 0.000 -4.018 -3.604 0.000 -2.620 -3.604 0.990 -3.028 -3.604
3 16 2.205 -4.013 -3.916 2.125 -5.680 -3.916 1.805 -4.010 -3.916
3 16 2.125 -5.680 -3.916 1.268 -5.295 -3.916 1.805 -4.010 -3.916
3 16 1.035 -6.230 -3.916 0.000 -6.208 -3.916 2.125 -5.680 -3.916
3 16 0.000 -6.208 -3.916 0.000 -5.990 -3.916 2.125 -5.680 -3.916
3 16 -1.268 -5.295 -3.916 0.000 -5.780 -3.916 -2.125 -5.680 -3.916
3 16 0.000 -5.780 -3.916 0.000 -5.990 -3.916 -2.125 -5.680 -3.916
3 16 -1.398 -4.018 -3.604 -1.805 -4.010 -3.916 -0.990 -3.028 -3.604
3 16 -1.805 -4.010 -3.916 -1.275 -2.735 -3.916 -0.990 -3.028 -3.604
3 16 0.000 -2.620 -3.604 0.000 -4.018 -3.604 -0.990 -3.028 -3.604
3 16 0.000 -2.208 -3.916 1.275 -2.735 -3.916 0.000 -2.620 -3.604
3 16 1.275 -2.735 -3.916 0.990 -3.028 -3.604 0.000 -2.620 -3.604
3 16 1.558 -2.458 -3.916 2.205 -4.013 -3.916 1.275 -2.735 -3.916
3 16 2.205 -4.013 -3.916 1.805 -4.010 -3.916 1.275 -2.735 -3.916
3 16 2.205 -4.013 -3.916 3.645 -4.658 -3.916 2.125 -5.680 -3.916
3 16 3.645 -4.658 -3.916 3.610 -6.140 -3.916 2.125 -5.680 -3.916
3 16 1.918 -6.253 -3.916 1.035 -6.230 -3.916 2.125 -5.680 -3.916
3 16 0.000 -6.208 -3.916 1.035 -6.230 -3.916 0.000 -6.840 -4.354
3 16 1.035 -6.230 -3.916 1.290 -6.653 -4.151 0.000 -6.840 -4.354
3 16 0.000 -5.990 -3.916 0.000 -6.208 -3.916 -2.125 -5.680 -3.916
3 16 0.000 -6.208 -3.916 -1.035 -6.230 -3.916 -2.125 -5.680 -3.916
3 16 -1.268 -5.295 -3.916 -2.125 -5.680 -3.916 -1.805 -4.010 -3.916
3 16 -2.125 -5.680 -3.916 -2.205 -4.013 -3.916 -1.805 -4.010 -3.916
3 16 -0.990 -3.028 -3.604 -1.275 -2.735 -3.916 0.000 -2.620 -3.604
3 16 -1.275 -2.735 -3.916 0.000 -2.208 -3.916 0.000 -2.620 -3.604
3 16 0.000 -1.785 -3.916 1.558 -2.458 -3.916 0.000 -2.208 -3.916
3 16 1.558 -2.458 -3.916 1.275 -2.735 -3.916 0.000 -2.208 -3.916
3 16 1.850 -1.948 -3.916 3.258 -3.305 -3.916 1.558 -2.458 -3.916
3 16 3.258 -3.305 -3.916 2.205 -4.013 -3.916 1.558 -2.458 -3.916
3 16 2.125 -5.680 -3.916 3.610 -6.140 -3.916 3.075 -6.618 -3.916
3 16 2.205 -4.013 -3.916 3.258 -3.305 -3.916 3.645 -4.658 -3.916
3 16 3.610 -6.140 -3.916 3.645 -4.658 -3.916 3.918 -6.135 -3.521
3 16 3.645 -4.658 -3.916 3.973 -4.630 -3.461 3.918 -6.135 -3.521
3 16 1.918 -6.253 -3.916 2.125 -5.680 -3.916 2.020 -6.833 -3.849
3 16 2.125 -5.680 -3.916 3.075 -6.618 -3.916 2.020 -6.833 -3.849
3 16 1.918 -6.253 -3.916 1.290 -6.653 -4.151 1.035 -6.230 -3.916
3 16 0.000 -6.208 -3.916 0.000 -6.840 -4.354 -1.035 -6.230 -3.916
3 16 0.000 -6.840 -4.354 -1.290 -6.653 -4.151 -1.035 -6.230 -3.916
3 16 -1.035 -6.230 -3.916 -1.918 -6.253 -3.916 -2.125 -5.680 -3.916
3 16 -1.805 -4.010 -3.916 -2.205 -4.013 -3.916 -1.275 -2.735 -3.916
3 16 -2.205 -4.013 -3.916 -1.558 -2.458 -3.916 -1.275 -2.735 -3.916
3 16 -3.610 -6.140 -3.916 -3.645 -4.658 -3.916 -2.125 -5.680 -3.916
3 16 -3.645 -4.658 -3.916 -2.205 -4.013 -3.916 -2.125 -5.680 -3.916
3 16 -1.275 -2.735 -3.916 -1.558 -2.458 -3.916 0.000 -2.208 -3.916
3 16 -1.558 -2.458 -3.916 0.000 -1.785 -3.916 0.000 -2.208 -3.916
3 16 0.000 -1.373 -3.916 1.850 -1.948 -3.916 0.000 -1.785 -3.916
3 16 1.850 -1.948 -3.916 1.558 -2.458 -3.916 0.000 -1.785 -3.916
3 16 1.850 -1.948 -3.916 2.118 -1.778 -3.561 3.258 -3.305 -3.916
3 16 2.118 -1.778 -3.561 3.590 -3.313 -3.501 3.258 -3.305 -3.916
3 16 3.075 -6.618 -3.916 3.610 -6.140 -3.916 3.415 -6.635 -3.484
3 16 3.610 -6.140 -3.916 3.918 -6.135 -3.521 3.415 -6.635 -3.484
3 16 3.258 -3.305 -3.916 3.590 -3.313 -3.501 3.645 -4.658 -3.916
3 16 3.590 -3.313 -3.501 3.973 -4.630 -3.461 3.645 -4.658 -3.916
3 16 1.918 -6.253 -3.916 2.020 -6.833 -3.849 1.290 -6.653 -4.151
3 16 2.020 -6.833 -3.849 2.020 -7.518 -3.849 1.290 -6.653 -4.151
3 16 0.000 -6.840 -4.354 1.290 -6.653 -4.151 0.000 -7.518 -4.396
3 16 1.290 -6.653 -4.151 2.020 -7.518 -3.849 0.000 -7.518 -4.396
3 16 -1.918 -6.253 -3.916 -2.020 -6.833 -3.849 -2.125 -5.680 -3.916
3 16 -2.020 -6.833 -3.849 -3.075 -6.618 -3.916 -2.125 -5.680 -3.916
3 16 -1.290 -6.653 -4.151 -1.918 -6.253 -3.916 -1.035 -6.230 -3.916
3 16 -2.205 -4.013 -3.916 -3.258 -3.305 -3.916 -1.558 -2.458 -3.916
3 16 -3.258 -3.305 -3.916 -1.850 -1.948 -3.916 -1.558 -2.458 -3.916
3 16 -3.610 -6.140 -3.916 -2.125 -5.680 -3.916 -3.075 -6.618 -3.916
3 16 -3.610 -6.140 -3.916 -3.918 -6.135 -3.521 -3.645 -4.658 -3.916
3 16 -3.918 -6.135 -3.521 -3.973 -4.630 -3.461 -3.645 -4.658 -3.916
3 16 -3.258 -3.305 -3.916 -2.205 -4.013 -3.916 -3.645 -4.658 -3.916
3 16 -1.558 -2.458 -3.916 -1.850 -1.948 -3.916 0.000 -1.785 -3.916
3 16 -1.850 -1.948 -3.916 0.000 -1.373 -3.916 0.000 -1.785 -3.916
3 16 0.000 -1.373 -3.916 0.000 -1.153 -3.709 1.850 -1.948 -3.916
3 16 0.000 -1.153 -3.709 2.118 -1.778 -3.561 1.850 -1.948 -3.916
3 16 3.415 -6.635 -3.484 2.555 -6.870 -3.554 3.075 -6.618 -3.916
3 16 2.555 -6.870 -3.554 2.020 -6.833 -3.849 3.075 -6.618 -3.916
3 16 3.415 -6.635 -3.484 3.918 -6.135 -3.521 4.138 -6.675 -2.559
3 16 3.918 -6.135 -3.521 4.478 -6.125 -2.569 4.138 -6.675 -2.559
3 16 3.918 -6.135 -3.521 3.973 -4.630 -3.461 4.478 -6.125 -2.569
3 16 3.973 -4.630 -3.461 4.465 -4.575 -2.559 4.478 -6.125 -2.569
3 16 0.000 -6.840 -4.354 0.000 -7.518 -4.396 -1.290 -6.653 -4.151
3 16 0.000 -7.518 -4.396 -2.020 -7.518 -3.849 -1.290 -6.653 -4.151
3 16 -1.918 -6.253 -3.916 -1.290 -6.653 -4.151 -2.020 -6.833 -3.849
3 16 -1.290 -6.653 -4.151 -2.020 -7.518 -3.849 -2.020 -6.833 -3.849
3 16 -1.850 -1.948 -3.916 -3.258 -3.305 -3.916 -2.118 -1.778 -3.561
3 16 -3.258 -3.305 -3.916 -3.590 -3.313 -3.501 -2.118 -1.778 -3.561
3 16 -3.075 -6.618 -3.916 -3.415 -6.635 -3.484 -3.610 -6.140 -3.916
3 16 -3.415 -6.635 -3.484 -3.918 -6.135 -3.521 -3.610 -6.140 -3.916
3 16 -3.258 -3.305 -3.916 -3.645 -4.658 -3.916 -3.590 -3.313 -3.501
3 16 -3.645 -4.658 -3.916 -3.973 -4.630 -3.461 -3.590 -3.313 -3.501
3 16 0.000 -1.373 -3.916 -1.850 -1.948 -3.916 0.000 -1.153 -3.709
3 16 -1.850 -1.948 -3.916 -2.118 -1.778 -3.561 0.000 -1.153 -3.709
3 16 2.118 -1.778 -3.561 0.000 -1.153 -3.709 1.848 -1.300 -3.201
3 16 0.000 -1.153 -3.709 0.000 -1.068 -3.534 1.848 -1.300 -3.201
3 16 2.118 -1.778 -3.561 3.763 -2.345 -2.326 3.590 -3.313 -3.501
3 16 3.763 -2.345 -2.326 4.193 -3.330 -2.521 3.590 -3.313 -3.501
3 16 2.555 -6.870 -3.554 3.415 -6.635 -3.484 3.483 -6.858 -2.444
3 16 3.415 -6.635 -3.484 4.138 -6.675 -2.559 3.483 -6.858 -2.444
3 16 2.020 -6.833 -3.849 2.555 -6.870 -3.554 2.020 -7.518 -3.849
3 16 3.590 -3.313 -3.501 4.193 -3.330 -2.521 3.973 -4.630 -3.461
3 16 4.193 -3.330 -2.521 4.465 -4.575 -2.559 3.973 -4.630 -3.461
3 16 2.020 -7.518 -3.849 2.073 -14.298 -3.964 0.000 -7.518 -4.396
3 16 2.073 -14.298 -3.964 0.000 -14.298 -4.521 0.000 -7.518 -4.396
3 16 -2.020 -6.833 -3.849 -2.425 -6.870 -3.554 -3.075 -6.618 -3.916
3 16 -2.425 -6.870 -3.554 -3.415 -6.635 -3.484 -3.075 -6.618 -3.916
3 16 -3.415 -6.635 -3.484 -4.138 -6.675 -2.559 -3.918 -6.135 -3.521
3 16 -4.138 -6.675 -2.559 -4.478 -6.125 -2.569 -3.918 -6.135 -3.521
3 16 -3.918 -6.135 -3.521 -4.478 -6.125 -2.569 -3.973 -4.630 -3.461
3 16 -4.478 -6.125 -2.569 -4.465 -4.575 -2.559 -3.973 -4.630 -3.461
3 16 1.848 -1.300 -3.201 3.090 -1.390 -1.949 2.118 -1.778 -3.561
3 16 3.090 -1.390 -1.949 3.763 -2.345 -2.326 2.118 -1.778 -3.561
3 16 3.483 -6.858 -2.444 3.458 -7.518 -2.404 2.555 -6.870 -3.554
3 16 3.458 -7.518 -2.404 2.020 -7.518 -3.849 2.555 -6.870 -3.554
3 16 4.138 -6.675 -2.559 4.478 -6.125 -2.569 4.690 -6.673 -0.399
3 16 4.478 -6.125 -2.569 4.978 -6.143 -0.399 4.690 -6.673 -0.399
3 16 3.483 -6.858 -2.444 4.138 -6.675 -2.559 4.048 -6.835 -0.399
3 16 4.138 -6.675 -2.559 4.690 -6.673 -0.399 4.048 -6.835 -0.399
3 16 4.465 -4.575 -2.559 4.960 -4.633 -0.399 4.478 -6.125 -2.569
3 16 4.960 -4.633 -0.399 4.978 -6.143 -0.399 4.478 -6.125 -2.569
3 16 -2.093 -16.745 -4.006 0.000 -16.745 -4.569 -2.113 -19.270 -4.051
3 16 0.000 -16.745 -4.569 0.000 -19.273 -4.616 -2.113 -19.270 -4.051
3 16 2.113 -19.270 -4.051 2.093 -16.745 -4.006 3.653 -19.273 -2.509
3 16 2.093 -16.745 -4.006 3.610 -16.745 -2.486 3.653 -19.273 -2.509
3 16 -2.425 -6.870 -3.554 -2.020 -6.833 -3.849 -2.020 -7.518 -3.849
3 16 -2.118 -1.778 -3.561 -3.590 -3.313 -3.501 -3.763 -2.345 -2.326
3 16 -3.590 -3.313 -3.501 -4.193 -3.330 -2.521 -3.763 -2.345 -2.326
3 16 -2.118 -1.778 -3.561 -1.848 -1.300 -3.201 0.000 -1.153 -3.709
3 16 -1.848 -1.300 -3.201 0.000 -1.068 -3.534 0.000 -1.153 -3.709
3 16 -2.425 -6.870 -3.554 -3.483 -6.858 -2.444 -3.415 -6.635 -3.484
3 16 -3.483 -6.858 -2.444 -4.138 -6.675 -2.559 -3.415 -6.635 -3.484
3 16 -3.590 -3.313 -3.501 -3.973 -4.630 -3.461 -4.193 -3.330 -2.521
3 16 -3.973 -4.630 -3.461 -4.465 -4.575 -2.559 -4.193 -3.330 -2.521
3 16 1.848 -1.300 -3.201 0.000 -1.068 -3.534 1.315 -0.588 -2.329
3 16 0.000 -1.068 -3.534 0.000 -0.548 -2.664 1.315 -0.588 -2.329
3 16 3.090 -1.390 -1.949 1.848 -1.300 -3.201 2.208 -0.650 -1.461
3 16 1.848 -1.300 -3.201 1.315 -0.588 -2.329 2.208 -0.650 -1.461
3 16 3.090 -1.390 -1.949 3.513 -1.445 -0.399 3.763 -2.345 -2.326
3 16 3.513 -1.445 -0.399 4.248 -2.385 -0.399 3.763 -2.345 -2.326
3 16 3.763 -2.345 -2.326 4.248 -2.385 -0.399 4.193 -3.330 -2.521
3 16 4.248 -2.385 -0.399 4.745 -3.468 -0.399 4.193 -3.330 -2.521
3 16 3.483 -6.858 -2.444 4.048 -6.835 -0.399 3.458 -7.518 -2.404
3 16 4.048 -6.835 -0.399 3.990 -7.518 -0.399 3.458 -7.518 -2.404
3 16 4.193 -3.330 -2.521 4.745 -3.468 -0.399 4.465 -4.575 -2.559
3 16 4.745 -3.468 -0.399 4.960 -4.633 -0.399 4.465 -4.575 -2.559
3 16 -2.073 -14.298 -3.964 -3.570 -14.298 -2.464 -2.020 -7.518 -3.849
3 16 -3.570 -14.298 -2.464 -3.458 -7.518 -2.404 -2.020 -7.518 -3.849
3 16 3.653 -19.273 -2.509 4.240 -19.825 -2.846 2.113 -19.270 -4.051
3 16 4.240 -19.825 -2.846 2.443 -19.830 -4.636 2.113 -19.270 -4.051
3 16 2.113 -19.270 -4.051 2.443 -19.830 -4.636 0.000 -19.273 -4.616
3 16 2.443 -19.830 -4.636 0.000 -19.830 -5.286 0.000 -19.273 -4.616
3 16 -2.020 -7.518 -3.849 -3.458 -7.518 -2.404 -2.425 -6.870 -3.554
3 16 -3.458 -7.518 -2.404 -3.483 -6.858 -2.444 -2.425 -6.870 -3.554
3 16 -3.763 -2.345 -2.326 -3.090 -1.390 -1.949 -2.118 -1.778 -3.561
3 16 -3.090 -1.390 -1.949 -1.848 -1.300 -3.201 -2.118 -1.778 -3.561
3 16 -3.483 -6.858 -2.444 -4.048 -6.835 -0.399 -4.138 -6.675 -2.559
3 16 -4.048 -6.835 -0.399 -4.690 -6.673 -0.399 -4.138 -6.675 -2.559
3 16 -4.138 -6.675 -2.559 -4.690 -6.673 -0.399 -4.478 -6.125 -2.569
3 16 -4.690 -6.673 -0.399 -4.978 -6.143 -0.399 -4.478 -6.125 -2.569
3 16 -4.465 -4.575 -2.559 -4.478 -6.125 -2.569 -4.960 -4.633 -0.399
3 16 -4.478 -6.125 -2.569 -4.978 -6.143 -0.399 -4.960 -4.633 -0.399
3 16 -1.848 -1.300 -3.201 -1.315 -0.588 -2.329 0.000 -1.068 -3.534
3 16 -1.315 -0.588 -2.329 0.000 -0.548 -2.664 0.000 -1.068 -3.534
3 16 2.208 -0.650 -1.461 2.520 -0.692 -0.399 3.090 -1.390 -1.949
3 16 2.520 -0.692 -0.399 3.513 -1.445 -0.399 3.090 -1.390 -1.949
3 16 3.653 -19.273 -2.509 3.610 -16.745 -2.486 4.218 -19.273 -0.396
3 16 3.610 -16.745 -2.486 4.168 -16.745 -0.399 4.218 -19.273 -0.396
3 16 4.978 -6.143 -0.399 4.478 -6.125 1.771 4.690 -6.673 -0.399
3 16 4.478 -6.125 1.771 4.138 -6.675 1.761 4.690 -6.673 -0.399
3 16 4.690 -6.673 -0.399 4.138 -6.675 1.761 4.048 -6.835 -0.399
3 16 4.138 -6.675 1.761 3.483 -6.858 1.646 4.048 -6.835 -0.399
3 16 4.960 -4.633 -0.399 4.745 -3.468 -0.399 4.465 -4.575 1.761
3 16 4.745 -3.468 -0.399 4.193 -3.330 1.724 4.465 -4.575 1.761
3 16 4.978 -6.143 -0.399 4.960 -4.633 -0.399 4.478 -6.125 1.771
3 16 4.960 -4.633 -0.399 4.465 -4.575 1.761 4.478 -6.125 1.771
3 16 -2.113 -19.270 -4.051 0.000 -19.273 -4.616 -2.443 -19.830 -4.636
3 16 0.000 -19.273 -4.616 0.000 -19.830 -5.286 -2.443 -19.830 -4.636
3 16 -3.653 -19.273 -2.509 -2.113 -19.270 -4.051 -4.240 -19.825 -2.846
3 16 -2.113 -19.270 -4.051 -2.443 -19.830 -4.636 -4.240 -19.825 -2.846
3 16 4.240 -19.825 -2.846 3.653 -19.273 -2.509 4.890 -19.830 -0.396
3 16 3.653 -19.273 -2.509 4.218 -19.273 -0.396 4.890 -19.830 -0.396
3 16 -3.090 -1.390 -1.949 -3.763 -2.345 -2.326 -3.513 -1.445 -0.399
3 16 -3.763 -2.345 -2.326 -4.248 -2.385 -0.399 -3.513 -1.445 -0.399
3 16 -3.763 -2.345 -2.326 -4.193 -3.330 -2.521 -4.248 -2.385 -0.399
3 16 -4.193 -3.330 -2.521 -4.745 -3.468 -0.399 -4.248 -2.385 -0.399
3 16 -3.090 -1.390 -1.949 -2.208 -0.650 -1.461 -1.848 -1.300 -3.201
3 16 -2.208 -0.650 -1.461 -1.315 -0.588 -2.329 -1.848 -1.300 -3.201
3 16 -3.483 -6.858 -2.444 -3.458 -7.518 -2.404 -4.048 -6.835 -0.399
3 16 -3.458 -7.518 -2.404 -3.990 -7.518 -0.399 -4.048 -6.835 -0.399
3 16 -4.960 -4.633 -0.399 -4.745 -3.468 -0.399 -4.465 -4.575 -2.559
3 16 -4.745 -3.468 -0.399 -4.193 -3.330 -2.521 -4.465 -4.575 -2.559
3 16 1.315 -0.588 -2.329 0.000 -0.548 -2.664 0.705 -0.140 -1.341
3 16 0.000 -0.548 -2.664 0.000 -0.123 -1.506 0.705 -0.140 -1.341
3 16 2.208 -0.650 -1.461 1.315 -0.588 -2.329 1.175 -0.170 -0.896
3 16 1.315 -0.588 -2.329 0.705 -0.140 -1.341 1.175 -0.170 -0.896
3 16 2.520 -0.692 -0.399 2.208 -0.650 -1.461 1.343 -0.190 -0.399
3 16 2.208 -0.650 -1.461 1.175 -0.170 -0.896 1.343 -0.190 -0.399
3 16 3.513 -1.445 -0.399 2.520 -0.692 -0.399 3.090 -1.390 1.151
3 16 2.520 -0.692 -0.399 2.208 -0.650 0.664 3.090 -1.390 1.151
3 16 4.248 -2.385 -0.399 3.513 -1.445 -0.399 3.763 -2.345 1.529
3 16 3.513 -1.445 -0.399 3.090 -1.390 1.151 3.763 -2.345 1.529
3 16 4.745 -3.468 -0.399 4.248 -2.385 -0.399 4.193 -3.330 1.724
3 16 4.248 -2.385 -0.399 3.763 -2.345 1.529 4.193 -3.330 1.724
3 16 3.990 -7.518 -0.399 4.048 -6.835 -0.399 3.458 -7.518 1.611
3 16 4.048 -6.835 -0.399 3.483 -6.858 1.646 3.458 -7.518 1.611
3 16 -4.240 -19.825 -2.846 -4.890 -19.830 -0.396 -3.653 -19.273 -2.509
3 16 -4.890 -19.830 -0.396 -4.218 -19.273 -0.396 -3.653 -19.273 -2.509
3 16 -3.570 -14.298 -2.464 -4.120 -14.298 -0.399 -3.458 -7.518 -2.404
3 16 -4.120 -14.298 -0.399 -3.990 -7.518 -0.399 -3.458 -7.518 -2.404
3 16 4.240 -19.825 -2.846 4.890 -19.830 -0.396 4.255 -20.760 -2.856
3 16 4.890 -19.830 -0.396 4.950 -20.785 -0.394 4.255 -20.760 -2.856
3 16 2.443 -19.830 -4.636 4.240 -19.825 -2.846 2.440 -20.748 -4.629
3 16 4.240 -19.825 -2.846 4.255 -20.760 -2.856 2.440 -20.748 -4.629
3 16 0.000 -19.830 -5.286 2.443 -19.830 -4.636 0.000 -20.743 -5.271
3 16 2.443 -19.830 -4.636 2.440 -20.748 -4.629 0.000 -20.743 -5.271
3 16 -3.513 -1.445 -0.399 -2.520 -0.692 -0.399 -3.090 -1.390 -1.949
3 16 -2.520 -0.692 -0.399 -2.208 -0.650 -1.461 -3.090 -1.390 -1.949
3 16 -4.690 -6.673 -0.399 -4.048 -6.835 -0.399 -4.138 -6.675 1.761
3 16 -4.048 -6.835 -0.399 -3.483 -6.858 1.646 -4.138 -6.675 1.761
3 16 -4.978 -6.143 -0.399 -4.690 -6.673 -0.399 -4.478 -6.125 1.771
3 16 -4.690 -6.673 -0.399 -4.138 -6.675 1.761 -4.478 -6.125 1.771
3 16 -4.960 -4.633 -0.399 -4.465 -4.575 1.761 -4.745 -3.468 -0.399
3 16 -4.465 -4.575 1.761 -4.193 -3.330 1.724 -4.745 -3.468 -0.399
3 16 -4.978 -6.143 -0.399 -4.478 -6.125 1.771 -4.960 -4.633 -0.399
3 16 -4.478 -6.125 1.771 -4.465 -4.575 1.761 -4.960 -4.633 -0.399
3 16 -2.208 -0.650 -1.461 -1.175 -0.170 -0.896 -1.315 -0.588 -2.329
3 16 -1.175 -0.170 -0.896 -0.705 -0.140 -1.341 -1.315 -0.588 -2.329
3 16 -1.315 -0.588 -2.329 -0.705 -0.140 -1.341 0.000 -0.548 -2.664
3 16 -0.705 -0.140 -1.341 0.000 -0.123 -1.506 0.000 -0.548 -2.664
3 16 2.520 -0.692 -0.399 1.343 -0.190 -0.399 2.208 -0.650 0.664
3 16 1.343 -0.190 -0.399 1.175 -0.170 0.099 2.208 -0.650 0.664
3 16 4.218 -19.273 -0.396 4.168 -16.745 -0.399 3.655 -19.273 1.709
3 16 4.168 -16.745 -0.399 3.613 -16.745 1.689 3.655 -19.273 1.709
3 16 4.218 -19.273 -0.396 3.655 -19.273 1.709 4.890 -19.830 -0.396
3 16 3.655 -19.273 1.709 4.233 -19.830 2.044 4.890 -19.830 -0.396
3 16 4.478 -6.125 1.771 3.918 -6.135 2.724 4.138 -6.675 1.761
3 16 3.918 -6.135 2.724 3.415 -6.635 2.686 4.138 -6.675 1.761
3 16 4.138 -6.675 1.761 3.415 -6.635 2.686 3.483 -6.858 1.646
3 16 3.415 -6.635 2.686 2.555 -6.870 2.756 3.483 -6.858 1.646
3 16 4.465 -4.575 1.761 4.193 -3.330 1.724 3.973 -4.630 2.664
3 16 4.193 -3.330 1.724 3.590 -3.313 2.704 3.973 -4.630 2.664
3 16 4.465 -4.575 1.761 3.973 -4.630 2.664 4.478 -6.125 1.771
3 16 3.973 -4.630 2.664 3.918 -6.135 2.724 4.478 -6.125 1.771
3 16 -2.443 -19.830 -4.636 -2.440 -20.748 -4.629 -4.240 -19.825 -2.846
3 16 -2.440 -20.748 -4.629 -4.255 -20.760 -2.856 -4.240 -19.825 -2.846
3 16 0.000 -19.830 -5.286 0.000 -20.743 -5.271 -2.443 -19.830 -4.636
3 16 0.000 -20.743 -5.271 -2.440 -20.748 -4.629 -2.443 -19.830 -4.636
3 16 -4.240 -19.825 -2.846 -4.255 -20.760 -2.856 -4.890 -19.830 -0.396
3 16 -4.255 -20.760 -2.856 -4.950 -20.785 -0.394 -4.890 -19.830 -0.396
3 16 -3.513 -1.445 -0.399 -3.090 -1.390 1.151 -2.520 -0.692 -0.399
3 16 -3.090 -1.390 1.151 -2.208 -0.650 0.664 -2.520 -0.692 -0.399
3 16 -4.248 -2.385 -0.399 -3.763 -2.345 1.529 -3.513 -1.445 -0.399
3 16 -3.763 -2.345 1.529 -3.090 -1.390 1.151 -3.513 -1.445 -0.399
3 16 -4.745 -3.468 -0.399 -4.193 -3.330 1.724 -4.248 -2.385 -0.399
3 16 -4.193 -3.330 1.724 -3.763 -2.345 1.529 -4.248 -2.385 -0.399
3 16 -2.520 -0.692 -0.399 -1.343 -0.190 -0.399 -2.208 -0.650 -1.461
3 16 -1.343 -0.190 -0.399 -1.175 -0.170 -0.896 -2.208 -0.650 -1.461
3 16 -3.990 -7.518 -0.399 -3.458 -7.518 1.611 -4.048 -6.835 -0.399
3 16 -3.458 -7.518 1.611 -3.483 -6.858 1.646 -4.048 -6.835 -0.399
3 16 0.000 0.000 -0.399 1.175 -0.170 -0.896 0.705 -0.140 -1.341
3 16 0.000 0.000 -0.399 0.705 -0.140 -1.341 0.000 -0.123 -1.506
3 16 0.000 0.000 -0.399 1.343 -0.190 -0.399 1.175 -0.170 -0.896
3 16 3.090 -1.390 1.151 2.208 -0.650 0.664 1.848 -1.300 2.404
3 16 2.208 -0.650 0.664 1.315 -0.588 1.531 1.848 -1.300 2.404
3 16 3.763 -2.345 1.529 3.090 -1.390 1.151 2.118 -1.778 2.764
3 16 3.090 -1.390 1.151 1.848 -1.300 2.404 2.118 -1.778 2.764
3 16 4.193 -3.330 1.724 3.763 -2.345 1.529 3.590 -3.313 2.704
3 16 3.763 -2.345 1.529 2.118 -1.778 2.764 3.590 -3.313 2.704
3 16 3.483 -6.858 1.646 2.555 -6.870 2.756 3.458 -7.518 1.611
3 16 2.555 -6.870 2.756 2.013 -7.518 3.054 3.458 -7.518 1.611
3 16 -4.218 -19.273 -0.396 -4.890 -19.830 -0.396 -3.655 -19.273 1.709
3 16 -4.890 -19.830 -0.396 -4.233 -19.830 2.044 -3.655 -19.273 1.709
3 16 -4.120 -14.298 -0.399 -3.570 -14.298 1.669 -3.990 -7.518 -0.399
3 16 -3.570 -14.298 1.669 -3.458 -7.518 1.611 -3.990 -7.518 -0.399
3 16 4.950 -20.785 -0.394 4.890 -19.830 -0.396 4.283 -20.783 2.071
3 16 4.890 -19.830 -0.396 4.233 -19.830 2.044 4.283 -20.783 2.071
3 16 4.950 -20.785 -0.394 4.400 -21.465 -0.396 4.255 -20.760 -2.856
3 16 4.400 -21.465 -0.396 3.793 -21.458 -2.584 4.255 -20.760 -2.856
3 16 2.440 -20.748 -4.629 4.255 -20.760 -2.856 2.180 -21.453 -4.169
3 16 4.255 -20.760 -2.856 3.793 -21.458 -2.584 2.180 -21.453 -4.169
3 16 0.000 -20.743 -5.271 2.440 -20.748 -4.629 0.000 -21.450 -4.746
3 16 2.440 -20.748 -4.629 2.180 -21.453 -4.169 0.000 -21.450 -4.746
3 16 -2.520 -0.692 -0.399 -2.208 -0.650 0.664 -1.343 -0.190 -0.399
3 16 -2.208 -0.650 0.664 -1.175 -0.170 0.099 -1.343 -0.190 -0.399
3 16 -4.478 -6.125 1.771 -4.138 -6.675 1.761 -3.918 -6.135 2.724
3 16 -4.138 -6.675 1.761 -3.415 -6.635 2.686 -3.918 -6.135 2.724
3 16 -4.138 -6.675 1.761 -3.483 -6.858 1.646 -3.415 -6.635 2.686
3 16 -3.483 -6.858 1.646 -2.425 -6.870 2.756 -3.415 -6.635 2.686
3 16 -4.465 -4.575 1.761 -4.478 -6.125 1.771 -3.973 -4.630 2.664
3 16 -4.478 -6.125 1.771 -3.918 -6.135 2.724 -3.973 -4.630 2.664
3 16 -4.465 -4.575 1.761 -3.973 -4.630 2.664 -4.193 -3.330 1.724
3 16 -3.973 -4.630 2.664 -3.590 -3.313 2.704 -4.193 -3.330 1.724
3 16 -1.343 -0.190 -0.399 0.000 0.000 -0.399 -1.175 -0.170 -0.896
3 16 -1.175 -0.170 -0.896 0.000 0.000 -0.399 -0.705 -0.140 -1.341
3 16 -0.705 -0.140 -1.341 0.000 0.000 -0.399 0.000 -0.123 -1.506
3 16 1.343 -0.190 -0.399 0.000 0.000 -0.399 1.175 -0.170 0.099
3 16 2.208 -0.650 0.664 1.175 -0.170 0.099 1.315 -0.588 1.531
3 16 1.175 -0.170 0.099 0.705 -0.140 0.544 1.315 -0.588 1.531
3 16 3.655 -19.273 1.709 3.613 -16.745 1.689 2.108 -19.273 3.254
3 16 3.613 -16.745 1.689 2.088 -16.745 3.211 2.108 -19.273 3.254
3 16 4.233 -19.830 2.044 3.655 -19.273 1.709 2.448 -19.830 3.834
3 16 3.655 -19.273 1.709 2.108 -19.273 3.254 2.448 -19.830 3.834
3 16 3.973 -4.630 2.664 3.645 -4.658 3.119 3.918 -6.135 2.724
3 16 3.645 -4.658 3.119 3.610 -6.140 3.119 3.918 -6.135 2.724
3 16 3.918 -6.135 2.724 3.610 -6.140 3.119 3.415 -6.635 2.686
3 16 3.610 -6.140 3.119 3.075 -6.618 3.119 3.415 -6.635 2.686
3 16 3.415 -6.635 2.686 3.075 -6.618 3.119 2.555 -6.870 2.756
3 16 3.075 -6.618 3.119 2.020 -6.833 3.051 2.555 -6.870 2.756
3 16 3.973 -4.630 2.664 3.590 -3.313 2.704 3.645 -4.658 3.119
3 16 3.590 -3.313 2.704 3.258 -3.305 3.119 3.645 -4.658 3.119
3 16 0.000 -20.743 -5.271 0.000 -21.450 -4.746 -2.440 -20.748 -4.629
3 16 0.000 -21.450 -4.746 -2.180 -21.453 -4.169 -2.440 -20.748 -4.629
3 16 -2.440 -20.748 -4.629 -2.180 -21.453 -4.169 -4.255 -20.760 -2.856
3 16 -2.180 -21.453 -4.169 -3.793 -21.458 -2.584 -4.255 -20.760 -2.856
3 16 -4.950 -20.785 -0.394 -4.283 -20.783 2.071 -4.890 -19.830 -0.396
3 16 -4.283 -20.783 2.071 -4.233 -19.830 2.044 -4.890 -19.830 -0.396
3 16 -4.950 -20.785 -0.394 -4.255 -20.760 -2.856 -4.400 -21.465 -0.396
3 16 -4.255 -20.760 -2.856 -3.793 -21.458 -2.584 -4.400 -21.465 -0.396
3 16 4.283 -20.783 2.071 3.808 -21.465 1.799 4.950 -20.785 -0.394
3 16 3.808 -21.465 1.799 4.400 -21.465 -0.396 4.950 -20.785 -0.394
3 16 -3.763 -2.345 1.529 -2.118 -1.778 2.764 -3.090 -1.390 1.151
3 16 -2.118 -1.778 2.764 -1.848 -1.300 2.404 -3.090 -1.390 1.151
3 16 -3.090 -1.390 1.151 -1.848 -1.300 2.404 -2.208 -0.650 0.664
3 16 -1.848 -1.300 2.404 -1.315 -0.588 1.531 -2.208 -0.650 0.664
3 16 -4.193 -3.330 1.724 -3.590 -3.313 2.704 -3.763 -2.345 1.529
3 16 -3.590 -3.313 2.704 -2.118 -1.778 2.764 -3.763 -2.345 1.529
3 16 -3.483 -6.858 1.646 -3.458 -7.518 1.611 -2.425 -6.870 2.756
3 16 -3.458 -7.518 1.611 -2.013 -7.518 3.054 -2.425 -6.870 2.756
3 16 0.000 0.000 -0.399 -1.343 -0.190 -0.399 -1.175 -0.170 0.099
3 16 1.175 -0.170 0.099 0.000 0.000 -0.399 0.705 -0.140 0.544
3 16 1.848 -1.300 2.404 1.315 -0.588 1.531 0.000 -1.068 2.736
3 16 1.315 -0.588 1.531 0.000 -0.548 1.866 0.000 -1.068 2.736
3 16 2.118 -1.778 2.764 1.848 -1.300 2.404 0.000 -1.153 2.911
3 16 1.848 -1.300 2.404 0.000 -1.068 2.736 0.000 -1.153 2.911
3 16 3.590 -3.313 2.704 2.118 -1.778 2.764 3.258 -3.305 3.119
3 16 2.118 -1.778 2.764 1.850 -1.948 3.119 3.258 -3.305 3.119
3 16 2.555 -6.870 2.756 2.020 -6.833 3.051 2.013 -7.518 3.054
3 16 2.448 -19.830 3.834 2.470 -20.770 3.874 4.233 -19.830 2.044
3 16 2.470 -20.770 3.874 4.283 -20.783 2.071 4.233 -19.830 2.044
3 16 -4.283 -20.783 2.071 -4.950 -20.785 -0.394 -3.808 -21.465 1.799
3 16 -4.950 -20.785 -0.394 -4.400 -21.465 -0.396 -3.808 -21.465 1.799
3 16 -4.233 -19.830 2.044 -2.448 -19.830 3.834 -3.655 -19.273 1.709
3 16 -2.448 -19.830 3.834 -2.108 -19.273 3.254 -3.655 -19.273 1.709
3 16 -3.570 -14.298 1.669 -2.065 -14.298 3.171 -3.458 -7.518 1.611
3 16 -2.065 -14.298 3.171 -2.013 -7.518 3.054 -3.458 -7.518 1.611
3 16 3.808 -21.465 1.799 4.283 -20.783 2.071 2.195 -21.460 3.404
3 16 4.283 -20.783 2.071 2.470 -20.770 3.874 2.195 -21.460 3.404
3 16 4.400 -21.465 -0.396 3.808 -21.465 1.799 4.100 -21.470 -0.396
3 16 3.808 -21.465 1.799 3.548 -21.470 1.649 4.100 -21.470 -0.396
3 16 4.400 -21.465 -0.396 4.100 -21.470 -0.396 3.793 -21.458 -2.584
3 16 4.100 -21.470 -0.396 3.538 -21.470 -2.436 3.793 -21.458 -2.584
3 16 3.793 -21.458 -2.584 3.538 -21.470 -2.436 2.180 -21.453 -4.169
3 16 3.538 -21.470 -2.436 2.038 -21.470 -3.919 2.180 -21.453 -4.169
3 16 0.000 -21.450 -4.746 2.180 -21.453 -4.169 0.000 -21.470 -4.459
3 16 2.180 -21.453 -4.169 2.038 -21.470 -3.919 0.000 -21.470 -4.459
3 16 -2.208 -0.650 0.664 -1.315 -0.588 1.531 -1.175 -0.170 0.099
3 16 -1.315 -0.588 1.531 -0.705 -0.140 0.544 -1.175 -0.170 0.099
3 16 -3.973 -4.630 2.664 -3.918 -6.135 2.724 -3.645 -4.658 3.119
3 16 -3.918 -6.135 2.724 -3.610 -6.140 3.119 -3.645 -4.658 3.119
3 16 -3.918 -6.135 2.724 -3.415 -6.635 2.686 -3.610 -6.140 3.119
3 16 -3.415 -6.635 2.686 -3.075 -6.618 3.119 -3.610 -6.140 3.119
3 16 -3.415 -6.635 2.686 -2.425 -6.870 2.756 -3.075 -6.618 3.119
3 16 -2.425 -6.870 2.756 -2.020 -6.833 3.051 -3.075 -6.618 3.119
3 16 -3.973 -4.630 2.664 -3.645 -4.658 3.119 -3.590 -3.313 2.704
3 16 -3.645 -4.658 3.119 -3.258 -3.305 3.119 -3.590 -3.313 2.704
3 16 0.000 0.000 -0.399 -1.175 -0.170 0.099 -0.705 -0.140 0.544
3 16 0.705 -0.140 0.544 0.000 0.000 -0.399 0.000 -0.123 0.709
3 16 1.315 -0.588 1.531 0.705 -0.140 0.544 0.000 -0.548 1.866
3 16 0.705 -0.140 0.544 0.000 -0.123 0.709 0.000 -0.548 1.866
3 16 2.118 -1.778 2.764 0.000 -1.153 2.911 1.850 -1.948 3.119
3 16 0.000 -1.153 2.911 0.000 -1.373 3.119 1.850 -1.948 3.119
3 16 2.013 -7.518 3.054 2.020 -6.833 3.051 1.290 -6.653 3.354
3 16 2.020 -6.833 3.051 1.918 -6.253 3.119 1.290 -6.653 3.354
3 16 2.448 -19.830 3.834 2.108 -19.273 3.254 0.000 -19.825 4.499
3 16 2.108 -19.273 3.254 0.000 -19.270 3.819 0.000 -19.825 4.499
3 16 2.065 -14.298 3.171 0.000 -14.298 3.726 1.263 -15.478 3.421
3 16 0.000 -14.298 3.726 0.000 -14.955 3.751 1.263 -15.478 3.421
3 16 2.470 -20.770 3.874 2.448 -19.830 3.834 0.000 -20.768 4.534
3 16 2.448 -19.830 3.834 0.000 -19.825 4.499 0.000 -20.768 4.534
3 16 3.610 -6.140 3.119 3.645 -4.658 3.119 2.125 -5.680 3.119
3 16 3.645 -4.658 3.119 2.205 -4.013 3.119 2.125 -5.680 3.119
3 16 3.610 -6.140 3.119 2.125 -5.680 3.119 3.075 -6.618 3.119
3 16 3.075 -6.618 3.119 2.125 -5.680 3.119 2.020 -6.833 3.051
3 16 2.125 -5.680 3.119 1.918 -6.253 3.119 2.020 -6.833 3.051
3 16 3.258 -3.305 3.119 2.205 -4.013 3.119 3.645 -4.658 3.119
3 16 -2.180 -21.453 -4.169 0.000 -21.450 -4.746 -2.038 -21.470 -3.919
3 16 0.000 -21.450 -4.746 0.000 -21.470 -4.459 -2.038 -21.470 -3.919
3 16 -3.793 -21.458 -2.584 -2.180 -21.453 -4.169 -3.538 -21.470 -2.436
3 16 -2.180 -21.453 -4.169 -2.038 -21.470 -3.919 -3.538 -21.470 -2.436
3 16 -3.808 -21.465 1.799 -2.195 -21.460 3.404 -4.283 -20.783 2.071
3 16 -2.195 -21.460 3.404 -2.470 -20.770 3.874 -4.283 -20.783 2.071
3 16 -4.283 -20.783 2.071 -2.470 -20.770 3.874 -4.233 -19.830 2.044
3 16 -2.470 -20.770 3.874 -2.448 -19.830 3.834 -4.233 -19.830 2.044
3 16 -4.400 -21.465 -0.396 -4.100 -21.470 -0.396 -3.808 -21.465 1.799
3 16 -4.100 -21.470 -0.396 -3.548 -21.470 1.649 -3.808 -21.465 1.799
3 16 -4.400 -21.465 -0.396 -3.793 -21.458 -2.584 -4.100 -21.470 -0.396
3 16 -3.793 -21.458 -2.584 -3.538 -21.470 -2.436 -4.100 -21.470 -0.396
3 16 3.808 -21.465 1.799 2.195 -21.460 3.404 3.548 -21.470 1.649
3 16 2.195 -21.460 3.404 2.048 -21.470 3.146 3.548 -21.470 1.649
3 16 -3.590 -3.313 2.704 -3.258 -3.305 3.119 -2.118 -1.778 2.764
3 16 -3.258 -3.305 3.119 -1.850 -1.948 3.119 -2.118 -1.778 2.764
3 16 -2.118 -1.778 2.764 0.000 -1.153 2.911 -1.848 -1.300 2.404
3 16 0.000 -1.153 2.911 0.000 -1.068 2.736 -1.848 -1.300 2.404
3 16 -1.848 -1.300 2.404 0.000 -1.068 2.736 -1.315 -0.588 1.531
3 16 0.000 -1.068 2.736 0.000 -0.548 1.866 -1.315 -0.588 1.531
3 16 -2.020 -6.833 3.051 -2.425 -6.870 2.756 -2.013 -7.518 3.054
3 16 0.000 0.000 -0.399 -0.705 -0.140 0.544 0.000 -0.123 0.709
3 16 2.205 -4.013 3.119 3.258 -3.305 3.119 1.558 -2.458 3.119
3 16 3.258 -3.305 3.119 1.850 -1.948 3.119 1.558 -2.458 3.119
3 16 2.013 -7.518 3.054 1.290 -6.653 3.354 0.000 -7.518 3.599
3 16 1.290 -6.653 3.354 0.000 -6.840 3.556 0.000 -7.518 3.599
3 16 0.000 -20.768 4.534 0.000 -21.460 3.989 2.470 -20.770 3.874
3 16 0.000 -21.460 3.989 2.195 -21.460 3.404 2.470 -20.770 3.874
3 16 2.125 -5.680 3.119 2.205 -4.013 3.119 0.000 -4.018 3.119
3 16 -3.808 -21.465 1.799 -3.548 -21.470 1.649 -2.195 -21.460 3.404
3 16 -3.548 -21.470 1.649 -2.048 -21.470 3.146 -2.195 -21.460 3.404
3 16 -2.470 -20.770 3.874 0.000 -20.768 4.534 -2.448 -19.830 3.834
3 16 0.000 -20.768 4.534 0.000 -19.825 4.499 -2.448 -19.830 3.834
3 16 -2.448 -19.830 3.834 0.000 -19.825 4.499 -2.108 -19.273 3.254
3 16 0.000 -19.825 4.499 0.000 -19.270 3.819 -2.108 -19.273 3.254
3 16 -1.263 -18.000 3.471 -2.108 -19.273 3.254 0.000 -18.523 3.819
3 16 -2.108 -19.273 3.254 0.000 -19.270 3.819 0.000 -18.523 3.819
3 16 3.098 -21.470 0.831 4.100 -21.470 -0.396 2.780 -21.470 1.441
3 16 4.100 -21.470 -0.396 3.548 -21.470 1.649 2.780 -21.470 1.441
3 16 4.100 -21.470 -0.396 3.045 -21.470 -0.869 3.538 -21.470 -2.436
3 16 3.045 -21.470 -0.869 2.988 -21.470 -2.719 3.538 -21.470 -2.436
3 16 3.538 -21.470 -2.436 2.988 -21.470 -2.719 2.038 -21.470 -3.919
3 16 2.988 -21.470 -2.719 2.488 -21.470 -3.326 2.038 -21.470 -3.919
3 16 0.000 -21.470 -3.651 -1.570 -21.470 -3.651 0.000 -21.470 -4.459
3 16 -1.570 -21.470 -3.651 -2.038 -21.470 -3.919 0.000 -21.470 -4.459
3 16 0.000 -21.470 -3.651 0.000 -21.470 -4.459 1.570 -21.470 -3.651
3 16 0.000 -21.470 -4.459 2.038 -21.470 -3.919 1.570 -21.470 -3.651
3 16 -2.118 -1.778 2.764 -1.850 -1.948 3.119 0.000 -1.153 2.911
3 16 -1.850 -1.948 3.119 0.000 -1.373 3.119 0.000 -1.153 2.911
3 16 -1.315 -0.588 1.531 0.000 -0.548 1.866 -0.705 -0.140 0.544
3 16 0.000 -0.548 1.866 0.000 -0.123 0.709 -0.705 -0.140 0.544
3 16 -2.013 -7.518 3.054 -1.290 -6.653 3.354 -2.020 -6.833 3.051
3 16 -1.290 -6.653 3.354 -1.918 -6.253 3.119 -2.020 -6.833 3.051
3 16 -2.205 -4.013 3.119 -3.645 -4.658 3.119 -2.125 -5.680 3.119
3 16 -3.645 -4.658 3.119 -3.610 -6.140 3.119 -2.125 -5.680 3.119
3 16 -2.125 -5.680 3.119 -3.610 -6.140 3.119 -3.075 -6.618 3.119
3 16 -3.075 -6.618 3.119 -2.020 -6.833 3.051 -2.125 -5.680 3.119
3 16 -2.020 -6.833 3.051 -1.918 -6.253 3.119 -2.125 -5.680 3.119
3 16 -2.205 -4.013 3.119 -3.258 -3.305 3.119 -3.645 -4.658 3.119
3 16 1.558 -2.458 3.119 1.850 -1.948 3.119 0.000 -1.785 3.119
3 16 1.850 -1.948 3.119 0.000 -1.373 3.119 0.000 -1.785 3.119
3 16 2.205 -4.013 3.119 1.558 -2.458 3.119 0.000 -4.018 3.119
3 16 1.290 -6.653 3.354 1.918 -6.253 3.119 1.035 -6.230 3.119
3 16 0.000 -20.768 4.534 -2.470 -20.770 3.874 0.000 -21.460 3.989
3 16 -2.470 -20.770 3.874 -2.195 -21.460 3.404 0.000 -21.460 3.989
3 16 2.195 -21.460 3.404 0.000 -21.460 3.989 2.048 -21.470 3.146
3 16 0.000 -21.460 3.989 0.000 -21.470 3.691 2.048 -21.470 3.146
3 16 0.000 -5.990 3.119 2.125 -5.680 3.119 0.000 -4.018 3.119
3 16 1.035 -6.230 3.119 1.918 -6.253 3.119 2.125 -5.680 3.119
3 16 -2.488 -21.470 -3.326 -2.988 -21.470 -2.719 -2.038 -21.470 -3.919
3 16 -2.988 -21.470 -2.719 -3.538 -21.470 -2.436 -2.038 -21.470 -3.919
3 16 -2.988 -21.470 -2.719 -3.045 -21.470 -0.869 -3.538 -21.470 -2.436
3 16 -3.045 -21.470 -0.869 -4.100 -21.470 -0.396 -3.538 -21.470 -2.436
3 16 -3.548 -21.470 1.649 -4.100 -21.470 -0.396 -2.780 -21.470 1.441
3 16 -4.100 -21.470 -0.396 -3.098 -21.470 0.831 -2.780 -21.470 1.441
3 16 2.780 -21.470 1.441 3.548 -21.470 1.649 2.380 -21.470 1.619
3 16 3.548 -21.470 1.649 2.048 -21.470 3.146 2.380 -21.470 1.619
3 16 3.098 -21.470 0.831 2.780 -21.470 1.441 2.795 -21.533 0.844
3 16 2.780 -21.470 1.441 2.588 -21.533 1.196 2.795 -21.533 0.844
3 16 3.045 -21.470 -0.869 4.100 -21.470 -0.396 3.098 -21.470 0.831
3 16 2.988 -21.470 -2.719 3.045 -21.470 -0.869 2.695 -21.533 -2.531
3 16 3.045 -21.470 -0.869 2.748 -21.533 -0.774 2.695 -21.533 -2.531
3 16 2.038 -21.470 -3.919 2.488 -21.470 -3.326 1.570 -21.470 -3.651
3 16 2.988 -21.470 -2.719 2.695 -21.533 -2.531 2.488 -21.470 -3.326
3 16 2.695 -21.533 -2.531 2.210 -21.533 -3.166 2.488 -21.470 -3.326
3 16 -1.570 -21.470 -3.651 0.000 -21.470 -3.651 -1.480 -21.533 -3.329
3 16 0.000 -21.470 -3.651 0.000 -21.533 -3.329 -1.480 -21.533 -3.329
3 16 -2.488 -21.470 -3.326 -2.038 -21.470 -3.919 -1.570 -21.470 -3.651
3 16 1.570 -21.470 -3.651 1.480 -21.533 -3.329 0.000 -21.470 -3.651
3 16 1.480 -21.533 -3.329 0.000 -21.533 -3.329 0.000 -21.470 -3.651
3 16 -1.850 -1.948 3.119 -3.258 -3.305 3.119 -1.558 -2.458 3.119
3 16 -3.258 -3.305 3.119 -2.205 -4.013 3.119 -1.558 -2.458 3.119
3 16 -2.013 -7.518 3.054 0.000 -7.518 3.599 -1.290 -6.653 3.354
3 16 0.000 -7.518 3.599 0.000 -6.840 3.556 -1.290 -6.653 3.354
3 16 -2.205 -4.013 3.119 -2.125 -5.680 3.119 0.000 -4.018 3.119
3 16 0.000 -1.373 3.119 -1.850 -1.948 3.119 0.000 -1.785 3.119
3 16 -1.850 -1.948 3.119 -1.558 -2.458 3.119 0.000 -1.785 3.119
3 16 1.558 -2.458 3.119 0.000 -1.785 3.119 0.000 -4.018 3.119
3 16 1.290 -6.653 3.354 1.035 -6.230 3.119 0.000 -6.840 3.556
3 16 1.035 -6.230 3.119 0.000 -6.208 3.119 0.000 -6.840 3.556
3 16 -2.125 -5.680 3.119 0.000 -5.990 3.119 0.000 -4.018 3.119
3 16 0.000 -5.990 3.119 0.000 -6.208 3.119 2.125 -5.680 3.119
3 16 0.000 -6.208 3.119 1.035 -6.230 3.119 2.125 -5.680 3.119
3 16 -2.988 -21.470 -2.719 -2.488 -21.470 -3.326 -2.695 -21.533 -2.531
3 16 -2.488 -21.470 -3.326 -2.210 -21.533 -3.166 -2.695 -21.533 -2.531
3 16 -2.988 -21.470 -2.719 -2.695 -21.533 -2.531 -3.045 -21.470 -0.869
3 16 -2.695 -21.533 -2.531 -2.748 -21.533 -0.774 -3.045 -21.470 -0.869
3 16 -4.100 -21.470 -0.396 -3.045 -21.470 -0.869 -3.098 -21.470 0.831
3 16 -2.048 -21.470 3.146 0.000 -21.470 3.691 -2.195 -21.460 3.404
3 16 0.000 -21.470 3.691 0.000 -21.460 3.989 -2.195 -21.460 3.404
3 16 -2.048 -21.470 3.146 -3.548 -21.470 1.649 -2.380 -21.470 1.619
3 16 -3.548 -21.470 1.649 -2.780 -21.470 1.441 -2.380 -21.470 1.619
3 16 -3.098 -21.470 0.831 -2.795 -21.533 0.844 -2.780 -21.470 1.441
3 16 -2.795 -21.533 0.844 -2.588 -21.533 1.196 -2.780 -21.470 1.441
3 16 2.380 -21.470 1.619 2.048 -21.470 3.146 1.275 -21.470 1.759
3 16 2.780 -21.470 1.441 2.380 -21.470 1.619 2.588 -21.533 1.196
3 16 2.380 -21.470 1.619 2.238 -21.533 1.401 2.588 -21.533 1.196
3 16 2.795 -21.533 0.844 2.748 -21.533 -0.774 3.098 -21.470 0.831
3 16 2.748 -21.533 -0.774 3.045 -21.470 -0.869 3.098 -21.470 0.831
3 16 2.488 -21.470 -3.326 2.210 -21.533 -3.166 1.570 -21.470 -3.651
3 16 2.210 -21.533 -3.166 1.480 -21.533 -3.329 1.570 -21.470 -3.651
3 16 -1.480 -21.533 -3.329 -2.210 -21.533 -3.166 -1.570 -21.470 -3.651
3 16 -2.210 -21.533 -3.166 -2.488 -21.470 -3.326 -1.570 -21.470 -3.651
3 16 -1.558 -2.458 3.119 -2.205 -4.013 3.119 0.000 -4.018 3.119
3 16 -1.918 -6.253 3.119 -1.290 -6.653 3.354 -1.035 -6.230 3.119
3 16 -1.918 -6.253 3.119 -1.035 -6.230 3.119 -2.125 -5.680 3.119
3 16 0.000 -1.785 3.119 -1.558 -2.458 3.119 0.000 -4.018 3.119
3 16 -1.290 -6.653 3.354 0.000 -6.840 3.556 -1.035 -6.230 3.119
3 16 0.000 -6.840 3.556 0.000 -6.208 3.119 -1.035 -6.230 3.119
3 16 2.048 -21.470 3.146 0.000 -21.470 3.691 1.275 -21.470 1.759
3 16 0.000 -21.470 3.691 0.000 -21.470 1.876 1.275 -21.470 1.759
3 16 -1.035 -6.230 3.119 0.000 -6.208 3.119 -2.125 -5.680 3.119
3 16 0.000 -6.208 3.119 0.000 -5.990 3.119 -2.125 -5.680 3.119
3 16 -3.045 -21.470 -0.869 -2.748 -21.533 -0.774 -3.098 -21.470 0.831
3 16 -2.748 -21.533 -0.774 -2.795 -21.533 0.844 -3.098 -21.470 0.831
3 16 0.000 -21.470 1.876 0.000 -21.470 3.691 -1.275 -21.470 1.759
3 16 0.000 -21.470 3.691 -2.048 -21.470 3.146 -1.275 -21.470 1.759
3 16 -2.780 -21.470 1.441 -2.588 -21.533 1.196 -2.380 -21.470 1.619
3 16 -2.588 -21.533 1.196 -2.238 -21.533 1.401 -2.380 -21.470 1.619
3 16 -2.048 -21.470 3.146 -2.380 -21.470 1.619 -1.275 -21.470 1.759
3 16 2.380 -21.470 1.619 1.275 -21.470 1.759 2.238 -21.533 1.401
3 16 1.275 -21.470 1.759 1.195 -21.533 1.521 2.238 -21.533 1.401
3 16 2.795 -21.533 0.844 2.680 -21.980 0.791 2.748 -21.533 -0.774
3 16 2.680 -21.980 0.791 2.648 -21.968 -0.779 2.748 -21.533 -0.774
3 16 2.588 -21.533 1.196 2.483 -21.975 1.111 2.795 -21.533 0.844
3 16 2.483 -21.975 1.111 2.680 -21.980 0.791 2.795 -21.533 0.844
3 16 2.695 -21.533 -2.531 2.748 -21.533 -0.774 2.613 -21.953 -2.486
3 16 2.748 -21.533 -0.774 2.648 -21.968 -0.779 2.613 -21.953 -2.486
3 16 2.210 -21.533 -3.166 2.695 -21.533 -2.531 2.213 -21.953 -3.091
3 16 2.695 -21.533 -2.531 2.613 -21.953 -2.486 2.213 -21.953 -3.091
3 16 0.000 -21.533 -3.329 0.000 -21.948 -3.279 -1.480 -21.533 -3.329
3 16 0.000 -21.948 -3.279 -1.525 -21.955 -3.281 -1.480 -21.533 -3.329
3 16 -1.480 -21.533 -3.329 -1.525 -21.955 -3.281 -2.210 -21.533 -3.166
3 16 -1.525 -21.955 -3.281 -2.213 -21.953 -3.091 -2.210 -21.533 -3.166
3 16 1.480 -21.533 -3.329 2.210 -21.533 -3.166 1.525 -21.955 -3.281
3 16 2.210 -21.533 -3.166 2.213 -21.953 -3.091 1.525 -21.955 -3.281
3 16 0.000 -21.533 -3.329 1.480 -21.533 -3.329 0.000 -21.948 -3.279
3 16 1.480 -21.533 -3.329 1.525 -21.955 -3.281 0.000 -21.948 -3.279
3 16 1.275 -21.470 1.759 0.000 -21.470 1.876 1.195 -21.533 1.521
3 16 0.000 -21.470 1.876 0.000 -21.533 1.566 1.195 -21.533 1.521
3 16 -2.210 -21.533 -3.166 -2.213 -21.953 -3.091 -2.695 -21.533 -2.531
3 16 -2.213 -21.953 -3.091 -2.613 -21.953 -2.486 -2.695 -21.533 -2.531
3 16 -2.695 -21.533 -2.531 -2.613 -21.953 -2.486 -2.748 -21.533 -0.774
3 16 -2.613 -21.953 -2.486 -2.648 -21.968 -0.779 -2.748 -21.533 -0.774
3 16 -1.275 -21.470 1.759 -1.195 -21.533 1.521 0.000 -21.470 1.876
3 16 -1.195 -21.533 1.521 0.000 -21.533 1.566 0.000 -21.470 1.876
3 16 -2.380 -21.470 1.619 -2.238 -21.533 1.401 -1.275 -21.470 1.759
3 16 -2.238 -21.533 1.401 -1.195 -21.533 1.521 -1.275 -21.470 1.759
3 16 -2.795 -21.533 0.844 -2.748 -21.533 -0.774 -2.680 -21.980 0.791
3 16 -2.748 -21.533 -0.774 -2.648 -21.968 -0.779 -2.680 -21.980 0.791
3 16 -2.588 -21.533 1.196 -2.795 -21.533 0.844 -2.483 -21.975 1.111
3 16 -2.795 -21.533 0.844 -2.680 -21.980 0.791 -2.483 -21.975 1.111
3 16 2.588 -21.533 1.196 2.238 -21.533 1.401 2.483 -21.975 1.111
3 16 2.238 -21.533 1.401 2.160 -21.970 1.311 2.483 -21.975 1.111
3 16 -2.588 -21.533 1.196 -2.483 -21.975 1.111 -2.238 -21.533 1.401
3 16 -2.483 -21.975 1.111 -2.160 -21.970 1.311 -2.238 -21.533 1.401
3 16 2.238 -21.533 1.401 1.195 -21.533 1.521 2.160 -21.970 1.311
3 16 1.195 -21.533 1.521 1.158 -21.978 1.411 2.160 -21.970 1.311
3 16 2.483 -21.975 1.111 2.355 -22.590 1.006 2.680 -21.980 0.791
3 16 2.355 -22.590 1.006 2.540 -22.600 0.729 2.680 -21.980 0.791
3 16 2.680 -21.980 0.791 2.540 -22.600 0.729 2.648 -21.968 -0.779
3 16 2.540 -22.600 0.729 2.528 -22.570 -0.786 2.648 -21.968 -0.779
3 16 2.613 -21.953 -2.486 2.648 -21.968 -0.779 2.515 -22.540 -2.434
3 16 2.648 -21.968 -0.779 2.528 -22.570 -0.786 2.515 -22.540 -2.434
3 16 2.213 -21.953 -3.091 2.613 -21.953 -2.486 2.218 -22.540 -2.999
3 16 2.613 -21.953 -2.486 2.515 -22.540 -2.434 2.218 -22.540 -2.999
3 16 1.525 -21.955 -3.281 2.213 -21.953 -3.091 1.578 -22.548 -3.221
3 16 2.213 -21.953 -3.091 2.218 -22.540 -2.999 1.578 -22.548 -3.221
3 16 0.000 -21.948 -3.279 0.000 -22.530 -3.221 -1.525 -21.955 -3.281
3 16 0.000 -22.530 -3.221 -1.578 -22.548 -3.221 -1.525 -21.955 -3.281
3 16 -1.525 -21.955 -3.281 -1.578 -22.548 -3.221 -2.213 -21.953 -3.091
3 16 -1.578 -22.548 -3.221 -2.218 -22.540 -2.999 -2.213 -21.953 -3.091
3 16 0.000 -21.948 -3.279 1.525 -21.955 -3.281 0.000 -22.530 -3.221
3 16 1.525 -21.955 -3.281 1.578 -22.548 -3.221 0.000 -22.530 -3.221
3 16 1.195 -21.533 1.521 0.000 -21.533 1.566 1.158 -21.978 1.411
3 16 0.000 -21.533 1.566 0.000 -21.968 1.436 1.158 -21.978 1.411
3 16 -2.213 -21.953 -3.091 -2.218 -22.540 -2.999 -2.613 -21.953 -2.486
3 16 -2.218 -22.540 -2.999 -2.515 -22.540 -2.434 -2.613 -21.953 -2.486
3 16 -2.613 -21.953 -2.486 -2.515 -22.540 -2.434 -2.648 -21.968 -0.779
3 16 -2.515 -22.540 -2.434 -2.528 -22.570 -0.786 -2.648 -21.968 -0.779
3 16 -2.238 -21.533 1.401 -2.160 -21.970 1.311 -1.195 -21.533 1.521
3 16 -2.160 -21.970 1.311 -1.158 -21.978 1.411 -1.195 -21.533 1.521
3 16 -1.195 -21.533 1.521 -1.158 -21.978 1.411 0.000 -21.533 1.566
3 16 -1.158 -21.978 1.411 0.000 -21.968 1.436 0.000 -21.533 1.566
3 16 -2.483 -21.975 1.111 -2.680 -21.980 0.791 -2.355 -22.590 1.006
3 16 -2.680 -21.980 0.791 -2.540 -22.600 0.729 -2.355 -22.590 1.006
3 16 -2.680 -21.980 0.791 -2.648 -21.968 -0.779 -2.540 -22.600 0.729
3 16 -2.648 -21.968 -0.779 -2.528 -22.570 -0.786 -2.540 -22.600 0.729
3 16 2.483 -21.975 1.111 2.160 -21.970 1.311 2.355 -22.590 1.006
3 16 2.160 -21.970 1.311 2.063 -22.580 1.204 2.355 -22.590 1.006
3 16 -2.483 -21.975 1.111 -2.355 -22.590 1.006 -2.160 -21.970 1.311
3 16 -2.355 -22.590 1.006 -2.063 -22.580 1.204 -2.160 -21.970 1.311
3 16 2.160 -21.970 1.311 1.158 -21.978 1.411 2.063 -22.580 1.204
3 16 1.158 -21.978 1.411 1.115 -22.595 1.279 2.063 -22.580 1.204
3 16 2.355 -22.590 1.006 2.365 -23.715 1.086 2.540 -22.600 0.729
3 16 2.365 -23.715 1.086 2.593 -23.733 0.774 2.540 -22.600 0.729
3 16 2.528 -22.570 -0.786 2.540 -22.600 0.729 2.605 -23.728 -0.741
3 16 2.540 -22.600 0.729 2.593 -23.733 0.774 2.605 -23.728 -0.741
3 16 2.515 -22.540 -2.434 2.528 -22.570 -0.786 2.620 -23.723 -2.386
3 16 2.528 -22.570 -0.786 2.605 -23.728 -0.741 2.620 -23.723 -2.386
3 16 2.218 -22.540 -2.999 2.515 -22.540 -2.434 2.335 -23.723 -2.906
3 16 2.515 -22.540 -2.434 2.620 -23.723 -2.386 2.335 -23.723 -2.906
3 16 1.578 -22.548 -3.221 2.218 -22.540 -2.999 1.685 -23.723 -3.114
3 16 2.218 -22.540 -2.999 2.335 -23.723 -2.906 1.685 -23.723 -3.114
3 16 1.578 -22.548 -3.221 0.885 -23.723 -3.116 0.000 -22.530 -3.221
3 16 0.885 -23.723 -3.116 0.000 -23.723 -3.139 0.000 -22.530 -3.221
3 16 -1.578 -22.548 -3.221 0.000 -22.530 -3.221 -0.885 -23.723 -3.116
3 16 0.000 -22.530 -3.221 0.000 -23.723 -3.139 -0.885 -23.723 -3.116
3 16 -1.578 -22.548 -3.221 -1.685 -23.723 -3.114 -2.218 -22.540 -2.999
3 16 -1.685 -23.723 -3.114 -2.335 -23.723 -2.906 -2.218 -22.540 -2.999
3 16 1.158 -21.978 1.411 0.000 -21.968 1.436 1.115 -22.595 1.279
3 16 0.000 -21.968 1.436 0.000 -22.573 1.281 1.115 -22.595 1.279
3 16 -2.218 -22.540 -2.999 -2.335 -23.723 -2.906 -2.515 -22.540 -2.434
3 16 -2.335 -23.723 -2.906 -2.620 -23.723 -2.386 -2.515 -22.540 -2.434
3 16 -2.515 -22.540 -2.434 -2.620 -23.723 -2.386 -2.528 -22.570 -0.786
3 16 -2.620 -23.723 -2.386 -2.605 -23.728 -0.741 -2.528 -22.570 -0.786
3 16 -2.160 -21.970 1.311 -2.063 -22.580 1.204 -1.158 -21.978 1.411
3 16 -2.063 -22.580 1.204 -1.115 -22.595 1.279 -1.158 -21.978 1.411
3 16 -1.158 -21.978 1.411 -1.115 -22.595 1.279 0.000 -21.968 1.436
3 16 -1.115 -22.595 1.279 0.000 -22.573 1.281 0.000 -21.968 1.436
3 16 -2.355 -22.590 1.006 -2.540 -22.600 0.729 -2.365 -23.715 1.086
3 16 -2.540 -22.600 0.729 -2.593 -23.733 0.774 -2.365 -23.715 1.086
3 16 -2.528 -22.570 -0.786 -2.605 -23.728 -0.741 -2.540 -22.600 0.729
3 16 -2.605 -23.728 -0.741 -2.593 -23.733 0.774 -2.540 -22.600 0.729
3 16 2.355 -22.590 1.006 2.063 -22.580 1.204 2.365 -23.715 1.086
3 16 2.063 -22.580 1.204 1.988 -23.725 1.284 2.365 -23.715 1.086
3 16 1.685 -23.723 -3.114 0.885 -23.723 -3.116 1.578 -22.548 -3.221
3 16 -0.885 -23.723 -3.116 -1.685 -23.723 -3.114 -1.578 -22.548 -3.221
3 16 -2.355 -22.590 1.006 -2.365 -23.715 1.086 -2.063 -22.580 1.204
3 16 -2.365 -23.715 1.086 -1.988 -23.725 1.284 -2.063 -22.580 1.204
3 16 2.063 -22.580 1.204 1.115 -22.595 1.279 1.988 -23.725 1.284
3 16 1.115 -22.595 1.279 1.028 -23.723 1.316 1.988 -23.725 1.284
3 16 2.365 -23.715 1.086 2.858 -25.058 1.301 2.593 -23.733 0.774
3 16 2.858 -25.058 1.301 3.055 -25.095 0.971 2.593 -23.733 0.774
3 16 2.605 -23.728 -0.741 2.593 -23.733 0.774 2.993 -25.090 -0.494
3 16 2.593 -23.733 0.774 3.055 -25.095 0.971 2.993 -25.090 -0.494
3 16 2.620 -23.723 -2.386 2.605 -23.728 -0.741 2.923 -25.085 -2.089
3 16 2.605 -23.728 -0.741 2.993 -25.090 -0.494 2.923 -25.085 -2.089
3 16 2.335 -23.723 -2.906 2.620 -23.723 -2.386 2.705 -25.340 -2.504
3 16 2.620 -23.723 -2.386 2.923 -25.085 -2.089 2.705 -25.340 -2.504
3 16 2.335 -23.723 -2.906 2.705 -25.340 -2.504 1.685 -23.723 -3.114
3 16 2.705 -25.340 -2.504 2.143 -25.700 -2.609 1.685 -23.723 -3.114
3 16 0.885 -23.723 -3.116 1.685 -23.723 -3.114 1.223 -25.703 -2.559
3 16 1.685 -23.723 -3.114 2.143 -25.700 -2.609 1.223 -25.703 -2.559
3 16 0.000 -23.723 -3.139 0.885 -23.723 -3.116 0.000 -25.730 -2.516
3 16 0.885 -23.723 -3.116 1.223 -25.703 -2.559 0.000 -25.730 -2.516
3 16 -0.885 -23.723 -3.116 -1.223 -25.703 -2.559 -1.685 -23.723 -3.114
3 16 -1.223 -25.703 -2.559 -2.143 -25.700 -2.609 -1.685 -23.723 -3.114
3 16 0.000 -23.723 -3.139 0.000 -25.730 -2.516 -0.885 -23.723 -3.116
3 16 0.000 -25.730 -2.516 -1.223 -25.703 -2.559 -0.885 -23.723 -3.116
3 16 -2.335 -23.723 -2.906 -1.685 -23.723 -3.114 -2.705 -25.340 -2.504
3 16 -1.685 -23.723 -3.114 -2.143 -25.700 -2.609 -2.705 -25.340 -2.504
3 16 1.115 -22.595 1.279 0.000 -22.573 1.281 1.028 -23.723 1.316
3 16 0.000 -22.573 1.281 0.000 -23.723 1.319 1.028 -23.723 1.316
3 16 -2.335 -23.723 -2.906 -2.705 -25.340 -2.504 -2.620 -23.723 -2.386
3 16 -2.705 -25.340 -2.504 -2.923 -25.085 -2.089 -2.620 -23.723 -2.386
3 16 -2.620 -23.723 -2.386 -2.923 -25.085 -2.089 -2.605 -23.728 -0.741
3 16 -2.923 -25.085 -2.089 -2.993 -25.090 -0.494 -2.605 -23.728 -0.741
3 16 -2.063 -22.580 1.204 -1.988 -23.725 1.284 -1.115 -22.595 1.279
3 16 -1.988 -23.725 1.284 -1.028 -23.723 1.316 -1.115 -22.595 1.279
3 16 -1.115 -22.595 1.279 -1.028 -23.723 1.316 0.000 -22.573 1.281
3 16 -1.028 -23.723 1.316 0.000 -23.723 1.319 0.000 -22.573 1.281
3 16 -2.365 -23.715 1.086 -2.593 -23.733 0.774 -2.858 -25.058 1.301
3 16 -2.593 -23.733 0.774 -3.055 -25.095 0.971 -2.858 -25.058 1.301
3 16 -2.605 -23.728 -0.741 -2.993 -25.090 -0.494 -2.593 -23.733 0.774
3 16 -2.993 -25.090 -0.494 -3.055 -25.095 0.971 -2.593 -23.733 0.774
3 16 1.988 -23.725 1.284 2.543 -25.110 1.544 2.365 -23.715 1.086
3 16 2.543 -25.110 1.544 2.858 -25.058 1.301 2.365 -23.715 1.086
3 16 -1.988 -23.725 1.284 -2.365 -23.715 1.086 -2.543 -25.110 1.544
3 16 -2.365 -23.715 1.086 -2.858 -25.058 1.301 -2.543 -25.110 1.544
3 16 1.028 -23.723 1.316 1.453 -25.105 1.621 1.988 -23.725 1.284
3 16 1.453 -25.105 1.621 2.543 -25.110 1.544 1.988 -23.725 1.284
3 16 2.543 -25.110 1.544 3.553 -26.343 1.991 2.858 -25.058 1.301
3 16 3.553 -26.343 1.991 3.815 -26.295 1.721 2.858 -25.058 1.301
3 16 2.858 -25.058 1.301 3.815 -26.295 1.721 3.055 -25.095 0.971
3 16 3.815 -26.295 1.721 3.978 -26.358 1.399 3.055 -25.095 0.971
3 16 2.923 -25.085 -2.089 2.993 -25.090 -0.494 3.840 -26.303 -1.321
3 16 2.993 -25.090 -0.494 3.913 -26.333 0.096 3.840 -26.303 -1.321
3 16 2.993 -25.090 -0.494 3.055 -25.095 0.971 3.913 -26.333 0.096
3 16 3.055 -25.095 0.971 3.978 -26.358 1.399 3.913 -26.333 0.096
3 16 2.705 -25.340 -2.504 2.923 -25.085 -2.089 3.560 -26.473 -1.766
3 16 2.923 -25.085 -2.089 3.840 -26.303 -1.321 3.560 -26.473 -1.766
3 16 2.143 -25.700 -2.609 2.705 -25.340 -2.504 2.995 -26.743 -1.984
3 16 2.705 -25.340 -2.504 3.560 -26.473 -1.766 2.995 -26.743 -1.984
3 16 1.223 -25.703 -2.559 2.143 -25.700 -2.609 1.915 -26.830 -1.836
3 16 2.143 -25.700 -2.609 2.995 -26.743 -1.984 1.915 -26.830 -1.836
3 16 0.000 -25.730 -2.516 1.223 -25.703 -2.559 0.000 -26.785 -1.774
3 16 1.223 -25.703 -2.559 1.915 -26.830 -1.836 0.000 -26.785 -1.774
3 16 0.000 -25.730 -2.516 0.000 -26.785 -1.774 -1.223 -25.703 -2.559
3 16 0.000 -26.785 -1.774 -1.915 -26.830 -1.836 -1.223 -25.703 -2.559
3 16 -1.223 -25.703 -2.559 -1.915 -26.830 -1.836 -2.143 -25.700 -2.609
3 16 -1.915 -26.830 -1.836 -2.995 -26.743 -1.984 -2.143 -25.700 -2.609
3 16 -2.143 -25.700 -2.609 -2.995 -26.743 -1.984 -2.705 -25.340 -2.504
3 16 -2.995 -26.743 -1.984 -3.560 -26.473 -1.766 -2.705 -25.340 -2.504
3 16 0.000 -23.723 1.319 0.000 -25.025 1.621 1.028 -23.723 1.316
3 16 0.000 -25.025 1.621 1.453 -25.105 1.621 1.028 -23.723 1.316
3 16 -2.705 -25.340 -2.504 -3.560 -26.473 -1.766 -2.923 -25.085 -2.089
3 16 -3.560 -26.473 -1.766 -3.840 -26.303 -1.321 -2.923 -25.085 -2.089
3 16 -2.923 -25.085 -2.089 -3.840 -26.303 -1.321 -2.993 -25.090 -0.494
3 16 -3.840 -26.303 -1.321 -3.913 -26.333 0.096 -2.993 -25.090 -0.494
3 16 -1.028 -23.723 1.316 -1.988 -23.725 1.284 -1.453 -25.105 1.621
3 16 -1.988 -23.725 1.284 -2.543 -25.110 1.544 -1.453 -25.105 1.621
3 16 0.000 -23.723 1.319 -1.028 -23.723 1.316 0.000 -25.025 1.621
3 16 -1.028 -23.723 1.316 -1.453 -25.105 1.621 0.000 -25.025 1.621
3 16 -2.858 -25.058 1.301 -3.055 -25.095 0.971 -3.815 -26.295 1.721
3 16 -3.055 -25.095 0.971 -3.978 -26.358 1.399 -3.815 -26.295 1.721
3 16 -2.543 -25.110 1.544 -2.858 -25.058 1.301 -3.553 -26.343 1.991
3 16 -2.858 -25.058 1.301 -3.815 -26.295 1.721 -3.553 -26.343 1.991
3 16 -2.993 -25.090 -0.494 -3.913 -26.333 0.096 -3.055 -25.095 0.971
3 16 -3.913 -26.333 0.096 -3.978 -26.358 1.399 -3.055 -25.095 0.971
3 16 1.453 -25.105 1.621 1.908 -26.298 2.324 2.543 -25.110 1.544
3 16 1.908 -26.298 2.324 3.553 -26.343 1.991 2.543 -25.110 1.544
3 16 -1.453 -25.105 1.621 -2.543 -25.110 1.544 -1.908 -26.298 2.324
3 16 -2.543 -25.110 1.544 -3.553 -26.343 1.991 -1.908 -26.298 2.324
3 16 0.000 -25.025 1.621 0.000 -26.233 2.424 1.453 -25.105 1.621
3 16 0.000 -26.233 2.424 1.908 -26.298 2.324 1.453 -25.105 1.621
3 16 1.908 -26.298 2.324 3.045 -27.658 2.969 3.553 -26.343 1.991
3 16 3.045 -27.658 2.969 4.648 -27.658 2.504 3.553 -26.343 1.991
3 16 3.553 -26.343 1.991 4.648 -27.658 2.504 3.815 -26.295 1.721
3 16 4.648 -27.658 2.504 4.905 -27.658 2.206 3.815 -26.295 1.721
3 16 3.815 -26.295 1.721 4.905 -27.658 2.206 3.978 -26.358 1.399
3 16 4.905 -27.658 2.206 5.038 -27.658 1.854 3.978 -26.358 1.399
3 16 3.560 -26.473 -1.766 3.840 -26.303 -1.321 4.743 -27.818 -1.261
3 16 3.840 -26.303 -1.321 5.080 -27.635 -0.634 4.743 -27.818 -1.261
3 16 3.840 -26.303 -1.321 3.913 -26.333 0.096 5.080 -27.635 -0.634
3 16 3.913 -26.333 0.096 5.058 -27.620 0.661 5.080 -27.635 -0.634
3 16 3.913 -26.333 0.096 3.978 -26.358 1.399 5.058 -27.620 0.661
3 16 3.978 -26.358 1.399 5.038 -27.658 1.854 5.058 -27.620 0.661
3 16 2.995 -26.743 -1.984 3.560 -26.473 -1.766 4.068 -27.983 -1.459
3 16 3.560 -26.473 -1.766 4.743 -27.818 -1.261 4.068 -27.983 -1.459
3 16 1.915 -26.830 -1.836 2.995 -26.743 -1.984 2.780 -28.218 -1.066
3 16 2.995 -26.743 -1.984 4.068 -27.983 -1.459 2.780 -28.218 -1.066
3 16 1.915 -26.830 -1.836 1.195 -28.313 -0.784 0.000 -26.785 -1.774
3 16 1.195 -28.313 -0.784 0.000 -28.280 -0.766 0.000 -26.785 -1.774
3 16 -1.915 -26.830 -1.836 0.000 -26.785 -1.774 -1.195 -28.313 -0.784
3 16 0.000 -26.785 -1.774 0.000 -28.280 -0.766 -1.195 -28.313 -0.784
3 16 -1.915 -26.830 -1.836 -2.780 -28.218 -1.066 -2.995 -26.743 -1.984
3 16 -2.780 -28.218 -1.066 -4.068 -27.983 -1.459 -2.995 -26.743 -1.984
3 16 -2.995 -26.743 -1.984 -4.068 -27.983 -1.459 -3.560 -26.473 -1.766
3 16 -4.068 -27.983 -1.459 -4.743 -27.818 -1.261 -3.560 -26.473 -1.766
3 16 -3.560 -26.473 -1.766 -4.743 -27.818 -1.261 -3.840 -26.303 -1.321
3 16 -4.743 -27.818 -1.261 -5.080 -27.635 -0.634 -3.840 -26.303 -1.321
3 16 -3.840 -26.303 -1.321 -5.080 -27.635 -0.634 -3.913 -26.333 0.096
3 16 -5.080 -27.635 -0.634 -5.058 -27.620 0.661 -3.913 -26.333 0.096
3 16 0.000 -25.025 1.621 -1.453 -25.105 1.621 0.000 -26.233 2.424
3 16 -1.453 -25.105 1.621 -1.908 -26.298 2.324 0.000 -26.233 2.424
3 16 -3.815 -26.295 1.721 -3.978 -26.358 1.399 -4.905 -27.658 2.206
3 16 -3.978 -26.358 1.399 -5.038 -27.658 1.854 -4.905 -27.658 2.206
3 16 -3.553 -26.343 1.991 -3.815 -26.295 1.721 -4.648 -27.658 2.504
3 16 -3.815 -26.295 1.721 -4.905 -27.658 2.206 -4.648 -27.658 2.504
3 16 -1.908 -26.298 2.324 -3.553 -26.343 1.991 -3.045 -27.658 2.969
3 16 -3.553 -26.343 1.991 -4.648 -27.658 2.504 -3.045 -27.658 2.969
3 16 -3.913 -26.333 0.096 -5.058 -27.620 0.661 -3.978 -26.358 1.399
3 16 -5.058 -27.620 0.661 -5.038 -27.658 1.854 -3.978 -26.358 1.399
3 16 1.908 -26.298 2.324 0.000 -26.233 2.424 1.720 -27.658 3.309
3 16 0.000 -26.233 2.424 0.000 -27.658 3.394 1.720 -27.658 3.309
3 16 3.045 -27.658 2.969 1.908 -26.298 2.324 1.720 -27.658 3.309
3 16 2.780 -28.218 -1.066 1.195 -28.313 -0.784 1.915 -26.830 -1.836
3 16 -1.195 -28.313 -0.784 -2.780 -28.218 -1.066 -1.915 -26.830 -1.836
3 16 -1.908 -26.298 2.324 -1.720 -27.658 3.309 0.000 -26.233 2.424
3 16 -1.720 -27.658 3.309 0.000 -27.658 3.394 0.000 -26.233 2.424
3 16 -1.908 -26.298 2.324 -3.045 -27.658 2.969 -1.720 -27.658 3.309
3 16 1.720 -27.658 3.309 1.895 -29.843 4.389 3.045 -27.658 2.969
3 16 1.895 -29.843 4.389 3.968 -29.843 3.836 3.045 -27.658 2.969
3 16 3.045 -27.658 2.969 3.968 -29.843 3.836 4.648 -27.658 2.504
3 16 3.968 -29.843 3.836 5.768 -29.843 3.109 4.648 -27.658 2.504
3 16 4.648 -27.658 2.504 5.768 -29.843 3.109 4.905 -27.658 2.206
3 16 5.768 -29.843 3.109 6.018 -29.843 2.779 4.905 -27.658 2.206
3 16 5.038 -27.658 1.854 4.905 -27.658 2.206 6.163 -29.843 2.434
3 16 4.905 -27.658 2.206 6.018 -29.843 2.779 6.163 -29.843 2.434
3 16 4.743 -27.818 -1.261 5.080 -27.635 -0.634 5.753 -29.843 -0.829
3 16 5.080 -27.635 -0.634 6.155 -29.843 -0.221 5.753 -29.843 -0.829
3 16 4.068 -27.983 -1.459 4.743 -27.818 -1.261 5.005 -29.843 -0.976
3 16 4.743 -27.818 -1.261 5.753 -29.843 -0.829 5.005 -29.843 -0.976
3 16 5.080 -27.635 -0.634 5.058 -27.620 0.661 6.155 -29.843 -0.221
3 16 5.058 -27.620 0.661 6.160 -29.843 1.161 6.155 -29.843 -0.221
3 16 5.058 -27.620 0.661 5.038 -27.658 1.854 6.160 -29.843 1.161
3 16 5.038 -27.658 1.854 6.163 -29.843 2.434 6.160 -29.843 1.161
3 16 2.780 -28.218 -1.066 4.068 -27.983 -1.459 3.333 -29.843 -0.449
3 16 4.068 -27.983 -1.459 5.005 -29.843 -0.976 3.333 -29.843 -0.449
3 16 1.195 -28.313 -0.784 2.780 -28.218 -1.066 1.650 -29.843 -0.121
3 16 2.780 -28.218 -1.066 3.333 -29.843 -0.449 1.650 -29.843 -0.121
3 16 0.000 -28.280 -0.766 1.195 -28.313 -0.784 0.000 -29.843 -0.021
3 16 1.195 -28.313 -0.784 1.650 -29.843 -0.121 0.000 -29.843 -0.021
3 16 -1.195 -28.313 -0.784 -1.650 -29.843 -0.121 -2.780 -28.218 -1.066
3 16 -1.650 -29.843 -0.121 -3.333 -29.843 -0.449 -2.780 -28.218 -1.066
3 16 0.000 -28.280 -0.766 0.000 -29.843 -0.021 -1.195 -28.313 -0.784
3 16 0.000 -29.843 -0.021 -1.650 -29.843 -0.121 -1.195 -28.313 -0.784
3 16 -2.780 -28.218 -1.066 -3.333 -29.843 -0.449 -4.068 -27.983 -1.459
3 16 -3.333 -29.843 -0.449 -5.005 -29.843 -0.976 -4.068 -27.983 -1.459
3 16 -4.068 -27.983 -1.459 -5.005 -29.843 -0.976 -4.743 -27.818 -1.261
3 16 -5.005 -29.843 -0.976 -5.753 -29.843 -0.829 -4.743 -27.818 -1.261
3 16 -4.743 -27.818 -1.261 -5.753 -29.843 -0.829 -5.080 -27.635 -0.634
3 16 -5.753 -29.843 -0.829 -6.155 -29.843 -0.221 -5.080 -27.635 -0.634
3 16 -5.080 -27.635 -0.634 -6.155 -29.843 -0.221 -5.058 -27.620 0.661
3 16 -6.155 -29.843 -0.221 -6.160 -29.843 1.161 -5.058 -27.620 0.661
3 16 -4.648 -27.658 2.504 -4.905 -27.658 2.206 -5.768 -29.843 3.109
3 16 -4.905 -27.658 2.206 -6.018 -29.843 2.779 -5.768 -29.843 3.109
3 16 -5.038 -27.658 1.854 -6.163 -29.843 2.434 -4.905 -27.658 2.206
3 16 -6.163 -29.843 2.434 -6.018 -29.843 2.779 -4.905 -27.658 2.206
3 16 -3.045 -27.658 2.969 -4.648 -27.658 2.504 -3.968 -29.843 3.836
3 16 -4.648 -27.658 2.504 -5.768 -29.843 3.109 -3.968 -29.843 3.836
3 16 -1.720 -27.658 3.309 -3.045 -27.658 2.969 -1.895 -29.843 4.389
3 16 -3.045 -27.658 2.969 -3.968 -29.843 3.836 -1.895 -29.843 4.389
3 16 -5.058 -27.620 0.661 -6.160 -29.843 1.161 -5.038 -27.658 1.854
3 16 -6.160 -29.843 1.161 -6.163 -29.843 2.434 -5.038 -27.658 1.854
3 16 0.000 -27.658 3.394 0.000 -29.843 4.526 1.720 -27.658 3.309
3 16 0.000 -29.843 4.526 1.895 -29.843 4.389 1.720 -27.658 3.309
3 16 0.000 -27.658 3.394 -1.720 -27.658 3.309 0.000 -29.843 4.526
3 16 -1.720 -27.658 3.309 -1.895 -29.843 4.389 0.000 -29.843 4.526
3 16 0.000 -29.843 4.526 0.000 -32.090 5.101 1.895 -29.843 4.389
3 16 0.000 -32.090 5.101 2.080 -32.090 4.911 1.895 -29.843 4.389
3 16 1.895 -29.843 4.389 2.080 -32.090 4.911 3.968 -29.843 3.836
3 16 2.080 -32.090 4.911 4.300 -32.090 4.259 3.968 -29.843 3.836
3 16 3.968 -29.843 3.836 4.300 -32.090 4.259 5.768 -29.843 3.109
3 16 4.300 -32.090 4.259 6.175 -32.090 3.329 5.768 -29.843 3.109
3 16 5.768 -29.843 3.109 6.175 -32.090 3.329 6.018 -29.843 2.779
3 16 6.175 -32.090 3.329 6.483 -32.090 3.021 6.018 -29.843 2.779
3 16 6.160 -29.843 1.161 6.163 -29.843 2.434 6.578 -32.090 1.411
3 16 6.163 -29.843 2.434 6.553 -32.090 2.646 6.578 -32.090 1.411
3 16 6.163 -29.843 2.434 6.018 -29.843 2.779 6.553 -32.090 2.646
3 16 6.018 -29.843 2.779 6.483 -32.090 3.021 6.553 -32.090 2.646
3 16 5.005 -29.843 -0.976 5.753 -29.843 -0.829 5.440 -32.090 -0.699
3 16 5.753 -29.843 -0.829 6.148 -32.090 -0.621 5.440 -32.090 -0.699
3 16 5.753 -29.843 -0.829 6.155 -29.843 -0.221 6.148 -32.090 -0.621
3 16 6.155 -29.843 -0.221 6.603 -32.090 0.071 6.148 -32.090 -0.621
3 16 3.333 -29.843 -0.449 5.005 -29.843 -0.976 3.810 -32.090 -0.056
3 16 5.005 -29.843 -0.976 5.440 -32.090 -0.699 3.810 -32.090 -0.056
3 16 6.155 -29.843 -0.221 6.160 -29.843 1.161 6.603 -32.090 0.071
3 16 6.160 -29.843 1.161 6.578 -32.090 1.411 6.603 -32.090 0.071
3 16 1.650 -29.843 -0.121 3.333 -29.843 -0.449 2.028 -32.090 0.369
3 16 3.333 -29.843 -0.449 3.810 -32.090 -0.056 2.028 -32.090 0.369
3 16 0.000 -29.843 -0.021 1.650 -29.843 -0.121 0.000 -32.090 0.539
3 16 1.650 -29.843 -0.121 2.028 -32.090 0.369 0.000 -32.090 0.539
3 16 0.000 -29.843 -0.021 0.000 -32.090 0.539 -1.650 -29.843 -0.121
3 16 0.000 -32.090 0.539 -2.028 -32.090 0.369 -1.650 -29.843 -0.121
3 16 -1.650 -29.843 -0.121 -2.028 -32.090 0.369 -3.333 -29.843 -0.449
3 16 -2.028 -32.090 0.369 -3.810 -32.090 -0.056 -3.333 -29.843 -0.449
3 16 -3.333 -29.843 -0.449 -3.810 -32.090 -0.056 -5.005 -29.843 -0.976
3 16 -3.810 -32.090 -0.056 -5.440 -32.090 -0.699 -5.005 -29.843 -0.976
3 16 -5.005 -29.843 -0.976 -5.440 -32.090 -0.699 -5.753 -29.843 -0.829
3 16 -5.440 -32.090 -0.699 -6.148 -32.090 -0.621 -5.753 -29.843 -0.829
3 16 -5.753 -29.843 -0.829 -6.148 -32.090 -0.621 -6.155 -29.843 -0.221
3 16 -6.148 -32.090 -0.621 -6.603 -32.090 0.071 -6.155 -29.843 -0.221
3 16 -6.155 -29.843 -0.221 -6.603 -32.090 0.071 -6.160 -29.843 1.161
3 16 -6.603 -32.090 0.071 -6.578 -32.090 1.411 -6.160 -29.843 1.161
3 16 -5.768 -29.843 3.109 -6.018 -29.843 2.779 -6.175 -32.090 3.329
3 16 -6.018 -29.843 2.779 -6.483 -32.090 3.021 -6.175 -32.090 3.329
3 16 -3.968 -29.843 3.836 -5.768 -29.843 3.109 -4.300 -32.090 4.259
3 16 -5.768 -29.843 3.109 -6.175 -32.090 3.329 -4.300 -32.090 4.259
3 16 -6.160 -29.843 1.161 -6.578 -32.090 1.411 -6.163 -29.843 2.434
3 16 -6.578 -32.090 1.411 -6.553 -32.090 2.646 -6.163 -29.843 2.434
3 16 -6.163 -29.843 2.434 -6.553 -32.090 2.646 -6.018 -29.843 2.779
3 16 -6.553 -32.090 2.646 -6.483 -32.090 3.021 -6.018 -29.843 2.779
3 16 -1.895 -29.843 4.389 -3.968 -29.843 3.836 -2.080 -32.090 4.911
3 16 -3.968 -29.843 3.836 -4.300 -32.090 4.259 -2.080 -32.090 4.911
3 16 0.000 -29.843 4.526 -1.895 -29.843 4.389 0.000 -32.090 5.101
3 16 -1.895 -29.843 4.389 -2.080 -32.090 4.911 0.000 -32.090 5.101
3 16 0.000 -32.090 5.101 0.000 -34.445 5.286 2.080 -32.090 4.911
3 16 0.000 -34.445 5.286 2.165 -34.445 5.074 2.080 -32.090 4.911
3 16 4.300 -32.090 4.259 2.080 -32.090 4.911 4.243 -34.445 4.446
3 16 2.080 -32.090 4.911 2.165 -34.445 5.074 4.243 -34.445 4.446
3 16 6.175 -32.090 3.329 4.300 -32.090 4.259 6.258 -34.445 3.354
3 16 4.300 -32.090 4.259 4.243 -34.445 4.446 6.258 -34.445 3.354
3 16 6.175 -32.090 3.329 6.258 -34.445 3.354 6.483 -32.090 3.021
3 16 6.258 -34.445 3.354 6.540 -34.445 3.006 6.483 -32.090 3.021
3 16 6.603 -32.090 0.071 6.578 -32.090 1.411 6.670 -34.445 0.106
3 16 6.578 -32.090 1.411 6.648 -34.445 1.409 6.670 -34.445 0.106
3 16 6.553 -32.090 2.646 6.625 -34.445 2.611 6.578 -32.090 1.411
3 16 6.625 -34.445 2.611 6.648 -34.445 1.409 6.578 -32.090 1.411
3 16 6.483 -32.090 3.021 6.540 -34.445 3.006 6.553 -32.090 2.646
3 16 6.540 -34.445 3.006 6.625 -34.445 2.611 6.553 -32.090 2.646
3 16 3.810 -32.090 -0.056 5.440 -32.090 -0.699 3.920 -34.445 0.064
3 16 5.440 -32.090 -0.699 5.490 -34.445 -0.626 3.920 -34.445 0.064
3 16 5.440 -32.090 -0.699 6.148 -32.090 -0.621 5.490 -34.445 -0.626
3 16 6.148 -32.090 -0.621 6.270 -34.445 -0.536 5.490 -34.445 -0.626
3 16 6.148 -32.090 -0.621 6.603 -32.090 0.071 6.270 -34.445 -0.536
3 16 6.603 -32.090 0.071 6.670 -34.445 0.106 6.270 -34.445 -0.536
3 16 2.028 -32.090 0.369 3.810 -32.090 -0.056 2.208 -34.445 0.556
3 16 3.810 -32.090 -0.056 3.920 -34.445 0.064 2.208 -34.445 0.556
3 16 0.000 -32.090 0.539 2.028 -32.090 0.369 0.000 -34.445 0.796
3 16 2.028 -32.090 0.369 2.208 -34.445 0.556 0.000 -34.445 0.796
3 16 0.000 -32.090 0.539 0.000 -34.445 0.796 -2.028 -32.090 0.369
3 16 0.000 -34.445 0.796 -2.208 -34.445 0.556 -2.028 -32.090 0.369
3 16 -2.028 -32.090 0.369 -2.208 -34.445 0.556 -3.810 -32.090 -0.056
3 16 -2.208 -34.445 0.556 -3.920 -34.445 0.064 -3.810 -32.090 -0.056
3 16 -3.810 -32.090 -0.056 -3.920 -34.445 0.064 -5.440 -32.090 -0.699
3 16 -3.920 -34.445 0.064 -5.490 -34.445 -0.626 -5.440 -32.090 -0.699
3 16 -5.440 -32.090 -0.699 -5.490 -34.445 -0.626 -6.148 -32.090 -0.621
3 16 -5.490 -34.445 -0.626 -6.270 -34.445 -0.536 -6.148 -32.090 -0.621
3 16 -6.148 -32.090 -0.621 -6.270 -34.445 -0.536 -6.603 -32.090 0.071
3 16 -6.270 -34.445 -0.536 -6.670 -34.445 0.106 -6.603 -32.090 0.071
3 16 -6.603 -32.090 0.071 -6.670 -34.445 0.106 -6.578 -32.090 1.411
3 16 -6.670 -34.445 0.106 -6.648 -34.445 1.409 -6.578 -32.090 1.411
3 16 -6.175 -32.090 3.329 -6.483 -32.090 3.021 -6.258 -34.445 3.354
3 16 -6.483 -32.090 3.021 -6.540 -34.445 3.006 -6.258 -34.445 3.354
3 16 -6.175 -32.090 3.329 -6.258 -34.445 3.354 -4.300 -32.090 4.259
3 16 -6.258 -34.445 3.354 -4.243 -34.445 4.446 -4.300 -32.090 4.259
3 16 -4.300 -32.090 4.259 -4.243 -34.445 4.446 -2.080 -32.090 4.911
3 16 -4.243 -34.445 4.446 -2.165 -34.445 5.074 -2.080 -32.090 4.911
3 16 -6.553 -32.090 2.646 -6.578 -32.090 1.411 -6.625 -34.445 2.611
3 16 -6.578 -32.090 1.411 -6.648 -34.445 1.409 -6.625 -34.445 2.611
3 16 -6.483 -32.090 3.021 -6.553 -32.090 2.646 -6.540 -34.445 3.006
3 16 -6.553 -32.090 2.646 -6.625 -34.445 2.611 -6.540 -34.445 3.006
3 16 0.000 -32.090 5.101 -2.080 -32.090 4.911 0.000 -34.445 5.286
3 16 -2.080 -32.090 4.911 -2.165 -34.445 5.074 0.000 -34.445 5.286
3 16 2.165 -34.445 5.074 0.000 -34.445 5.286 1.983 -37.400 4.756
3 16 0.000 -34.445 5.286 0.000 -37.400 4.926 1.983 -37.400 4.756
3 16 4.243 -34.445 4.446 2.165 -34.445 5.074 4.035 -37.400 4.146
3 16 2.165 -34.445 5.074 1.983 -37.400 4.756 4.035 -37.400 4.146
3 16 6.258 -34.445 3.354 4.243 -34.445 4.446 5.848 -37.400 3.084
3 16 4.243 -34.445 4.446 4.035 -37.400 4.146 5.848 -37.400 3.084
3 16 6.540 -34.445 3.006 6.258 -34.445 3.354 6.133 -37.400 2.734
3 16 6.258 -34.445 3.354 5.848 -37.400 3.084 6.133 -37.400 2.734
3 16 6.270 -34.445 -0.536 6.670 -34.445 0.106 5.868 -37.018 -0.731
3 16 6.670 -34.445 0.106 6.245 -37.400 -0.171 5.868 -37.018 -0.731
3 16 6.648 -34.445 1.409 6.233 -37.400 1.134 6.670 -34.445 0.106
3 16 6.233 -37.400 1.134 6.245 -37.400 -0.171 6.670 -34.445 0.106
3 16 6.540 -34.445 3.006 6.133 -37.400 2.734 6.625 -34.445 2.611
3 16 6.133 -37.400 2.734 6.220 -37.400 2.339 6.625 -34.445 2.611
3 16 6.625 -34.445 2.611 6.220 -37.400 2.339 6.648 -34.445 1.409
3 16 6.220 -37.400 2.339 6.233 -37.400 1.134 6.648 -34.445 1.409
3 16 5.490 -34.445 -0.626 5.133 -36.790 -0.776 3.920 -34.445 0.064
3 16 5.133 -36.790 -0.776 3.793 -36.800 -0.161 3.920 -34.445 0.064
3 16 2.208 -34.445 0.556 3.920 -34.445 0.064 2.305 -36.840 0.296
3 16 3.920 -34.445 0.064 3.793 -36.800 -0.161 2.305 -36.840 0.296
3 16 6.270 -34.445 -0.536 5.868 -37.018 -0.731 5.490 -34.445 -0.626
3 16 5.868 -37.018 -0.731 5.133 -36.790 -0.776 5.490 -34.445 -0.626
3 16 0.000 -34.445 0.796 2.208 -34.445 0.556 0.000 -36.805 0.574
3 16 2.208 -34.445 0.556 2.305 -36.840 0.296 0.000 -36.805 0.574
3 16 0.000 -34.445 0.796 0.000 -36.805 0.574 -2.208 -34.445 0.556
3 16 0.000 -36.805 0.574 -2.305 -36.840 0.296 -2.208 -34.445 0.556
3 16 -2.208 -34.445 0.556 -2.305 -36.840 0.296 -3.920 -34.445 0.064
3 16 -2.305 -36.840 0.296 -3.793 -36.800 -0.161 -3.920 -34.445 0.064
3 16 -5.490 -34.445 -0.626 -3.920 -34.445 0.064 -5.133 -36.790 -0.776
3 16 -3.920 -34.445 0.064 -3.793 -36.800 -0.161 -5.133 -36.790 -0.776
3 16 -6.270 -34.445 -0.536 -5.490 -34.445 -0.626 -5.868 -37.018 -0.731
3 16 -5.490 -34.445 -0.626 -5.133 -36.790 -0.776 -5.868 -37.018 -0.731
3 16 -6.270 -34.445 -0.536 -5.868 -37.018 -0.731 -6.670 -34.445 0.106
3 16 -5.868 -37.018 -0.731 -6.245 -37.400 -0.171 -6.670 -34.445 0.106
3 16 -6.648 -34.445 1.409 -6.670 -34.445 0.106 -6.233 -37.400 1.134
3 16 -6.670 -34.445 0.106 -6.245 -37.400 -0.171 -6.233 -37.400 1.134
3 16 -6.540 -34.445 3.006 -6.133 -37.400 2.734 -6.258 -34.445 3.354
3 16 -6.133 -37.400 2.734 -5.848 -37.400 3.084 -6.258 -34.445 3.354
3 16 -6.258 -34.445 3.354 -5.848 -37.400 3.084 -4.243 -34.445 4.446
3 16 -5.848 -37.400 3.084 -4.035 -37.400 4.146 -4.243 -34.445 4.446
3 16 -4.243 -34.445 4.446 -4.035 -37.400 4.146 -2.165 -34.445 5.074
3 16 -4.035 -37.400 4.146 -1.983 -37.400 4.756 -2.165 -34.445 5.074
3 16 -6.625 -34.445 2.611 -6.648 -34.445 1.409 -6.220 -37.400 2.339
3 16 -6.648 -34.445 1.409 -6.233 -37.400 1.134 -6.220 -37.400 2.339
3 16 -6.540 -34.445 3.006 -6.625 -34.445 2.611 -6.133 -37.400 2.734
3 16 -6.625 -34.445 2.611 -6.220 -37.400 2.339 -6.133 -37.400 2.734
3 16 -2.165 -34.445 5.074 -1.983 -37.400 4.756 0.000 -34.445 5.286
3 16 -1.983 -37.400 4.756 0.000 -37.400 4.926 0.000 -34.445 5.286
3 16 1.983 -37.400 4.756 0.000 -37.400 4.926 1.670 -39.643 4.066
3 16 0.000 -37.400 4.926 0.000 -39.883 4.136 1.670 -39.643 4.066
3 16 4.035 -37.400 4.146 1.983 -37.400 4.756 3.465 -39.148 3.724
3 16 1.983 -37.400 4.756 1.670 -39.643 4.066 3.465 -39.148 3.724
3 16 5.848 -37.400 3.084 4.035 -37.400 4.146 5.063 -39.398 2.694
3 16 4.035 -37.400 4.146 3.465 -39.148 3.724 5.063 -39.398 2.694
3 16 6.133 -37.400 2.734 5.848 -37.400 3.084 5.325 -39.463 2.391
3 16 5.848 -37.400 3.084 5.063 -39.398 2.694 5.325 -39.463 2.391
3 16 5.868 -37.018 -0.731 6.245 -37.400 -0.171 5.155 -39.190 -1.004
3 16 6.245 -37.400 -0.171 5.455 -39.470 -0.464 5.155 -39.190 -1.004
3 16 6.220 -37.400 2.339 5.445 -39.450 2.024 6.233 -37.400 1.134
3 16 5.445 -39.450 2.024 5.450 -39.460 0.831 6.233 -37.400 1.134
3 16 6.233 -37.400 1.134 5.450 -39.460 0.831 6.245 -37.400 -0.171
3 16 5.450 -39.460 0.831 5.455 -39.470 -0.464 6.245 -37.400 -0.171
3 16 6.133 -37.400 2.734 5.325 -39.463 2.391 6.220 -37.400 2.339
3 16 5.325 -39.463 2.391 5.445 -39.450 2.024 6.220 -37.400 2.339
3 16 5.133 -36.790 -0.776 5.868 -37.018 -0.731 4.555 -38.835 -1.091
3 16 5.868 -37.018 -0.731 5.155 -39.190 -1.004 4.555 -38.835 -1.091
3 16 5.133 -36.790 -0.776 4.555 -38.835 -1.091 3.793 -36.800 -0.161
3 16 4.555 -38.835 -1.091 3.418 -38.788 -0.594 3.793 -36.800 -0.161
3 16 3.793 -36.800 -0.161 3.418 -38.788 -0.594 2.305 -36.840 0.296
3 16 3.418 -38.788 -0.594 2.163 -38.585 -0.129 2.305 -36.840 0.296
3 16 2.305 -36.840 0.296 2.163 -38.585 -0.129 0.000 -36.805 0.574
3 16 2.163 -38.585 -0.129 0.000 -38.588 0.144 0.000 -36.805 0.574
3 16 -2.305 -36.840 0.296 0.000 -36.805 0.574 -2.163 -38.585 -0.129
3 16 0.000 -36.805 0.574 0.000 -38.588 0.144 -2.163 -38.585 -0.129
3 16 -3.793 -36.800 -0.161 -2.305 -36.840 0.296 -3.418 -38.788 -0.594
3 16 -2.305 -36.840 0.296 -2.163 -38.585 -0.129 -3.418 -38.788 -0.594
3 16 -5.133 -36.790 -0.776 -4.555 -38.835 -1.091 -5.868 -37.018 -0.731
3 16 -4.555 -38.835 -1.091 -5.155 -39.190 -1.004 -5.868 -37.018 -0.731
3 16 -5.133 -36.790 -0.776 -3.793 -36.800 -0.161 -4.555 -38.835 -1.091
3 16 -3.793 -36.800 -0.161 -3.418 -38.788 -0.594 -4.555 -38.835 -1.091
3 16 -5.868 -37.018 -0.731 -5.155 -39.190 -1.004 -6.245 -37.400 -0.171
3 16 -5.155 -39.190 -1.004 -5.455 -39.470 -0.464 -6.245 -37.400 -0.171
3 16 -6.233 -37.400 1.134 -6.245 -37.400 -0.171 -5.450 -39.460 0.831
3 16 -6.245 -37.400 -0.171 -5.455 -39.470 -0.464 -5.450 -39.460 0.831
3 16 -6.220 -37.400 2.339 -6.233 -37.400 1.134 -5.445 -39.450 2.024
3 16 -6.233 -37.400 1.134 -5.450 -39.460 0.831 -5.445 -39.450 2.024
3 16 -6.133 -37.400 2.734 -5.325 -39.463 2.391 -5.848 -37.400 3.084
3 16 -5.325 -39.463 2.391 -5.063 -39.398 2.694 -5.848 -37.400 3.084
3 16 -5.848 -37.400 3.084 -5.063 -39.398 2.694 -4.035 -37.400 4.146
3 16 -5.063 -39.398 2.694 -3.465 -39.148 3.724 -4.035 -37.400 4.146
3 16 -4.035 -37.400 4.146 -3.465 -39.148 3.724 -1.983 -37.400 4.756
3 16 -3.465 -39.148 3.724 -1.670 -39.643 4.066 -1.983 -37.400 4.756
3 16 -6.133 -37.400 2.734 -6.220 -37.400 2.339 -5.325 -39.463 2.391
3 16 -6.220 -37.400 2.339 -5.445 -39.450 2.024 -5.325 -39.463 2.391
3 16 -1.983 -37.400 4.756 -1.670 -39.643 4.066 0.000 -37.400 4.926
3 16 -1.670 -39.643 4.066 0.000 -39.883 4.136 0.000 -37.400 4.926
3 16 1.670 -39.643 4.066 0.000 -39.883 4.136 1.300 -41.453 3.061
3 16 0.000 -39.883 4.136 0.000 -41.603 3.071 1.300 -41.453 3.061
3 16 2.975 -40.168 3.406 3.465 -39.148 3.724 1.670 -39.643 4.066
3 16 3.465 -39.148 3.724 2.975 -40.168 3.406 5.063 -39.398 2.694
3 16 2.975 -40.168 3.406 4.148 -40.943 2.311 5.063 -39.398 2.694
3 16 5.063 -39.398 2.694 4.148 -40.943 2.311 5.325 -39.463 2.391
3 16 4.148 -40.943 2.311 4.325 -41.095 1.974 5.325 -39.463 2.391
3 16 4.555 -38.835 -1.091 5.155 -39.190 -1.004 3.605 -40.355 -1.374
3 16 5.155 -39.190 -1.004 4.080 -40.778 -1.324 3.605 -40.355 -1.374
3 16 5.455 -39.470 -0.464 4.345 -41.095 -0.924 5.155 -39.190 -1.004
3 16 4.345 -41.095 -0.924 4.080 -40.778 -1.324 5.155 -39.190 -1.004
3 16 5.325 -39.463 2.391 4.325 -41.095 1.974 5.445 -39.450 2.024
3 16 4.325 -41.095 1.974 4.388 -41.125 1.594 5.445 -39.450 2.024
3 16 5.445 -39.450 2.024 4.388 -41.125 1.594 5.450 -39.460 0.831
3 16 4.388 -41.125 1.594 4.368 -41.110 0.386 5.450 -39.460 0.831
3 16 5.450 -39.460 0.831 4.368 -41.110 0.386 5.455 -39.470 -0.464
3 16 4.368 -41.110 0.386 4.345 -41.095 -0.924 5.455 -39.470 -0.464
3 16 4.555 -38.835 -1.091 3.605 -40.355 -1.374 3.418 -38.788 -0.594
3 16 3.605 -40.355 -1.374 2.823 -39.910 -0.874 3.418 -38.788 -0.594
3 16 2.163 -38.585 -0.129 3.418 -38.788 -0.594 2.823 -39.910 -0.874
3 16 2.163 -38.585 -0.129 1.573 -40.213 -0.691 0.000 -38.588 0.144
3 16 1.573 -40.213 -0.691 0.000 -40.200 -0.524 0.000 -38.588 0.144
3 16 -3.418 -38.788 -0.594 -2.163 -38.585 -0.129 -2.823 -39.910 -0.874
3 16 -2.163 -38.585 -0.129 0.000 -38.588 0.144 -1.573 -40.213 -0.691
3 16 0.000 -38.588 0.144 0.000 -40.200 -0.524 -1.573 -40.213 -0.691
3 16 -4.555 -38.835 -1.091 -3.418 -38.788 -0.594 -3.605 -40.355 -1.374
3 16 -3.418 -38.788 -0.594 -2.823 -39.910 -0.874 -3.605 -40.355 -1.374
3 16 -4.555 -38.835 -1.091 -3.605 -40.355 -1.374 -5.155 -39.190 -1.004
3 16 -3.605 -40.355 -1.374 -4.080 -40.778 -1.324 -5.155 -39.190 -1.004
3 16 -5.455 -39.470 -0.464 -5.155 -39.190 -1.004 -4.345 -41.095 -0.924
3 16 -5.155 -39.190 -1.004 -4.080 -40.778 -1.324 -4.345 -41.095 -0.924
3 16 -5.450 -39.460 0.831 -5.455 -39.470 -0.464 -4.368 -41.110 0.386
3 16 -5.455 -39.470 -0.464 -4.345 -41.095 -0.924 -4.368 -41.110 0.386
3 16 -5.445 -39.450 2.024 -5.450 -39.460 0.831 -4.388 -41.125 1.594
3 16 -5.450 -39.460 0.831 -4.368 -41.110 0.386 -4.388 -41.125 1.594
3 16 -5.325 -39.463 2.391 -5.445 -39.450 2.024 -4.325 -41.095 1.974
3 16 -5.445 -39.450 2.024 -4.388 -41.125 1.594 -4.325 -41.095 1.974
3 16 -5.063 -39.398 2.694 -5.325 -39.463 2.391 -4.148 -40.943 2.311
3 16 -5.325 -39.463 2.391 -4.325 -41.095 1.974 -4.148 -40.943 2.311
3 16 -3.465 -39.148 3.724 -5.063 -39.398 2.694 -2.975 -40.168 3.406
3 16 -5.063 -39.398 2.694 -4.148 -40.943 2.311 -2.975 -40.168 3.406
3 16 -3.465 -39.148 3.724 -2.975 -40.168 3.406 -1.670 -39.643 4.066
3 16 -1.670 -39.643 4.066 -1.300 -41.453 3.061 0.000 -39.883 4.136
3 16 -1.300 -41.453 3.061 0.000 -41.603 3.071 0.000 -39.883 4.136
3 16 1.300 -41.453 3.061 2.243 -41.010 3.139 1.670 -39.643 4.066
3 16 2.243 -41.010 3.139 2.975 -40.168 3.406 1.670 -39.643 4.066
3 16 2.163 -38.585 -0.129 2.823 -39.910 -0.874 1.573 -40.213 -0.691
3 16 2.823 -39.910 -0.874 2.118 -40.903 -1.231 1.573 -40.213 -0.691
3 16 -2.163 -38.585 -0.129 -1.573 -40.213 -0.691 -2.823 -39.910 -0.874
3 16 -1.573 -40.213 -0.691 -2.118 -40.903 -1.231 -2.823 -39.910 -0.874
3 16 -2.975 -40.168 3.406 -2.243 -41.010 3.139 -1.670 -39.643 4.066
3 16 -2.243 -41.010 3.139 -1.300 -41.453 3.061 -1.670 -39.643 4.066
3 16 2.243 -41.010 3.139 1.300 -41.453 3.061 2.965 -42.148 1.931
3 16 1.300 -41.453 3.061 1.755 -42.795 1.736 2.965 -42.148 1.931
3 16 0.000 -41.603 3.071 0.000 -43.073 1.676 1.300 -41.453 3.061
3 16 0.000 -43.073 1.676 1.755 -42.795 1.736 1.300 -41.453 3.061
3 16 2.975 -40.168 3.406 2.243 -41.010 3.139 4.148 -40.943 2.311
3 16 2.243 -41.010 3.139 2.965 -42.148 1.931 4.148 -40.943 2.311
3 16 4.148 -40.943 2.311 2.965 -42.148 1.931 4.325 -41.095 1.974
3 16 2.965 -42.148 1.931 3.073 -42.288 1.554 4.325 -41.095 1.974
3 16 3.605 -40.355 -1.374 4.080 -40.778 -1.324 2.535 -41.410 -1.604
3 16 4.080 -40.778 -1.324 2.838 -41.880 -1.559 2.535 -41.410 -1.604
3 16 4.368 -41.110 0.386 3.058 -42.265 0.024 4.345 -41.095 -0.924
3 16 3.058 -42.265 0.024 3.018 -42.225 -1.234 4.345 -41.095 -0.924
3 16 4.345 -41.095 -0.924 3.018 -42.225 -1.234 4.080 -40.778 -1.324
3 16 3.018 -42.225 -1.234 2.838 -41.880 -1.559 4.080 -40.778 -1.324
3 16 4.325 -41.095 1.974 3.073 -42.288 1.554 4.388 -41.125 1.594
3 16 3.073 -42.288 1.554 3.095 -42.303 1.184 4.388 -41.125 1.594
3 16 4.388 -41.125 1.594 3.095 -42.303 1.184 4.368 -41.110 0.386
3 16 3.095 -42.303 1.184 3.058 -42.265 0.024 4.368 -41.110 0.386
3 16 2.823 -39.910 -0.874 3.605 -40.355 -1.374 2.118 -40.903 -1.231
3 16 3.605 -40.355 -1.374 2.535 -41.410 -1.604 2.118 -40.903 -1.231
3 16 1.573 -40.213 -0.691 1.293 -41.593 -1.519 0.000 -40.200 -0.524
3 16 1.293 -41.593 -1.519 0.000 -41.738 -1.519 0.000 -40.200 -0.524
3 16 -2.823 -39.910 -0.874 -2.118 -40.903 -1.231 -3.605 -40.355 -1.374
3 16 -2.118 -40.903 -1.231 -2.535 -41.410 -1.604 -3.605 -40.355 -1.374
3 16 -1.573 -40.213 -0.691 0.000 -40.200 -0.524 -1.293 -41.593 -1.519
3 16 0.000 -40.200 -0.524 0.000 -41.738 -1.519 -1.293 -41.593 -1.519
3 16 -3.605 -40.355 -1.374 -2.535 -41.410 -1.604 -4.080 -40.778 -1.324
3 16 -2.535 -41.410 -1.604 -2.838 -41.880 -1.559 -4.080 -40.778 -1.324
3 16 -4.345 -41.095 -0.924 -4.080 -40.778 -1.324 -3.018 -42.225 -1.234
3 16 -4.080 -40.778 -1.324 -2.838 -41.880 -1.559 -3.018 -42.225 -1.234
3 16 -4.368 -41.110 0.386 -4.345 -41.095 -0.924 -3.058 -42.265 0.024
3 16 -4.345 -41.095 -0.924 -3.018 -42.225 -1.234 -3.058 -42.265 0.024
3 16 -4.388 -41.125 1.594 -4.368 -41.110 0.386 -3.095 -42.303 1.184
3 16 -4.368 -41.110 0.386 -3.058 -42.265 0.024 -3.095 -42.303 1.184
3 16 -4.325 -41.095 1.974 -4.388 -41.125 1.594 -3.073 -42.288 1.554
3 16 -4.388 -41.125 1.594 -3.095 -42.303 1.184 -3.073 -42.288 1.554
3 16 -4.148 -40.943 2.311 -4.325 -41.095 1.974 -2.965 -42.148 1.931
3 16 -4.325 -41.095 1.974 -3.073 -42.288 1.554 -2.965 -42.148 1.931
3 16 -2.975 -40.168 3.406 -4.148 -40.943 2.311 -2.243 -41.010 3.139
3 16 -4.148 -40.943 2.311 -2.965 -42.148 1.931 -2.243 -41.010 3.139
3 16 -2.243 -41.010 3.139 -2.965 -42.148 1.931 -1.300 -41.453 3.061
3 16 -2.965 -42.148 1.931 -1.755 -42.795 1.736 -1.300 -41.453 3.061
3 16 0.000 -41.603 3.071 -1.300 -41.453 3.061 0.000 -43.073 1.676
3 16 -1.300 -41.453 3.061 -1.755 -42.795 1.736 0.000 -43.073 1.676
3 16 1.573 -40.213 -0.691 2.118 -40.903 -1.231 1.293 -41.593 -1.519
3 16 -2.118 -40.903 -1.231 -1.573 -40.213 -0.691 -1.293 -41.593 -1.519
3 16 2.965 -42.148 1.931 1.755 -42.795 1.736 3.073 -42.288 1.554
3 16 1.755 -42.795 1.736 1.800 -42.925 1.399 3.073 -42.288 1.554
3 16 1.755 -42.795 1.736 0.000 -43.073 1.676 1.800 -42.925 1.399
3 16 0.000 -43.073 1.676 0.000 -43.213 1.366 1.800 -42.925 1.399
3 16 2.118 -40.903 -1.231 2.535 -41.410 -1.604 1.293 -41.593 -1.519
3 16 2.535 -41.410 -1.604 1.490 -41.968 -1.721 1.293 -41.593 -1.519
3 16 2.535 -41.410 -1.604 2.838 -41.880 -1.559 1.490 -41.968 -1.721
3 16 2.838 -41.880 -1.559 1.663 -42.468 -1.671 1.490 -41.968 -1.721
3 16 3.095 -42.303 1.184 1.815 -42.945 1.069 3.058 -42.265 0.024
3 16 1.815 -42.945 1.069 1.790 -42.888 -0.104 3.058 -42.265 0.024
3 16 3.058 -42.265 0.024 1.790 -42.888 -0.104 3.018 -42.225 -1.234
3 16 1.790 -42.888 -0.104 1.765 -42.825 -1.376 3.018 -42.225 -1.234
3 16 3.018 -42.225 -1.234 1.765 -42.825 -1.376 2.838 -41.880 -1.559
3 16 1.765 -42.825 -1.376 1.663 -42.468 -1.671 2.838 -41.880 -1.559
3 16 3.073 -42.288 1.554 1.800 -42.925 1.399 3.095 -42.303 1.184
3 16 1.800 -42.925 1.399 1.815 -42.945 1.069 3.095 -42.303 1.184
3 16 0.000 -41.738 -1.519 1.293 -41.593 -1.519 0.000 -42.240 -1.769
3 16 1.293 -41.593 -1.519 1.490 -41.968 -1.721 0.000 -42.240 -1.769
3 16 -2.118 -40.903 -1.231 -1.293 -41.593 -1.519 -2.535 -41.410 -1.604
3 16 -1.293 -41.593 -1.519 -1.490 -41.968 -1.721 -2.535 -41.410 -1.604
3 16 0.000 -41.738 -1.519 0.000 -42.240 -1.769 -1.293 -41.593 -1.519
3 16 0.000 -42.240 -1.769 -1.490 -41.968 -1.721 -1.293 -41.593 -1.519
3 16 -2.535 -41.410 -1.604 -1.490 -41.968 -1.721 -2.838 -41.880 -1.559
3 16 -1.490 -41.968 -1.721 -1.663 -42.468 -1.671 -2.838 -41.880 -1.559
3 16 -3.018 -42.225 -1.234 -2.838 -41.880 -1.559 -1.765 -42.825 -1.376
3 16 -2.838 -41.880 -1.559 -1.663 -42.468 -1.671 -1.765 -42.825 -1.376
3 16 -3.058 -42.265 0.024 -3.018 -42.225 -1.234 -1.790 -42.888 -0.104
3 16 -3.018 -42.225 -1.234 -1.765 -42.825 -1.376 -1.790 -42.888 -0.104
3 16 -3.095 -42.303 1.184 -3.058 -42.265 0.024 -1.815 -42.945 1.069
3 16 -3.058 -42.265 0.024 -1.790 -42.888 -0.104 -1.815 -42.945 1.069
3 16 -3.073 -42.288 1.554 -3.095 -42.303 1.184 -1.800 -42.925 1.399
3 16 -3.095 -42.303 1.184 -1.815 -42.945 1.069 -1.800 -42.925 1.399
3 16 -2.965 -42.148 1.931 -3.073 -42.288 1.554 -1.755 -42.795 1.736
3 16 -3.073 -42.288 1.554 -1.800 -42.925 1.399 -1.755 -42.795 1.736
3 16 -1.755 -42.795 1.736 -1.800 -42.925 1.399 0.000 -43.073 1.676
3 16 -1.800 -42.925 1.399 0.000 -43.213 1.366 0.000 -43.073 1.676
3 16 0.000 -43.213 1.366 0.000 -43.230 1.059 1.800 -42.925 1.399
3 16 0.000 -43.230 1.059 1.815 -42.945 1.069 1.800 -42.925 1.399
3 16 1.490 -41.968 -1.721 1.663 -42.468 -1.671 0.000 -42.240 -1.769
3 16 1.663 -42.468 -1.671 0.000 -42.755 -1.701 0.000 -42.240 -1.769
3 16 1.815 -42.945 1.069 0.000 -43.230 1.059 1.790 -42.888 -0.104
3 16 0.000 -43.230 1.059 0.000 -43.175 -0.119 1.790 -42.888 -0.104
3 16 1.790 -42.888 -0.104 0.000 -43.175 -0.119 1.765 -42.825 -1.376
3 16 0.000 -43.175 -0.119 0.000 -43.118 -1.396 1.765 -42.825 -1.376
3 16 1.663 -42.468 -1.671 1.765 -42.825 -1.376 0.000 -42.755 -1.701
3 16 1.765 -42.825 -1.376 0.000 -43.118 -1.396 0.000 -42.755 -1.701
3 16 -1.490 -41.968 -1.721 0.000 -42.240 -1.769 -1.663 -42.468 -1.671
3 16 0.000 -42.240 -1.769 0.000 -42.755 -1.701 -1.663 -42.468 -1.671
3 16 -1.663 -42.468 -1.671 0.000 -42.755 -1.701 -1.765 -42.825 -1.376
3 16 0.000 -42.755 -1.701 0.000 -43.118 -1.396 -1.765 -42.825 -1.376
3 16 -1.790 -42.888 -0.104 -1.765 -42.825 -1.376 0.000 -43.175 -0.119
3 16 -1.765 -42.825 -1.376 0.000 -43.118 -1.396 0.000 -43.175 -0.119
3 16 -1.815 -42.945 1.069 -1.790 -42.888 -0.104 0.000 -43.230 1.059
3 16 -1.790 -42.888 -0.104 0.000 -43.175 -0.119 0.000 -43.230 1.059
3 16 -1.815 -42.945 1.069 0.000 -43.230 1.059 -1.800 -42.925 1.399
3 16 0.000 -43.230 1.059 0.000 -43.213 1.366 -1.800 -42.925 1.399
3 16 2.073 -14.298 -3.964 2.093 -16.745 -4.006 0.000 -14.298 -4.521
3 16 2.093 -16.745 -4.006 0.000 -16.745 -4.569 0.000 -14.298 -4.521
3 16 -2.073 -14.298 -3.964 -2.020 -7.518 -3.849 0.000 -14.298 -4.521
3 16 -2.020 -7.518 -3.849 0.000 -7.518 -4.396 0.000 -14.298 -4.521
3 16 2.073 -14.298 -3.964 2.020 -7.518 -3.849 3.570 -14.298 -2.464
3 16 2.020 -7.518 -3.849 3.458 -7.518 -2.404 3.570 -14.298 -2.464
3 16 -2.073 -14.298 -3.964 -2.093 -16.745 -4.006 -3.570 -14.298 -2.464
3 16 -2.093 -16.745 -4.006 -3.610 -16.745 -2.486 -3.570 -14.298 -2.464
3 16 3.570 -14.298 -2.464 3.458 -7.518 -2.404 4.120 -14.298 -0.399
3 16 3.458 -7.518 -2.404 3.990 -7.518 -0.399 4.120 -14.298 -0.399
3 16 -3.570 -14.298 -2.464 -3.610 -16.745 -2.486 -4.120 -14.298 -0.399
3 16 -3.610 -16.745 -2.486 -4.168 -16.745 -0.399 -4.120 -14.298 -0.399
3 16 4.120 -14.298 -0.399 3.990 -7.518 -0.399 3.570 -14.298 1.669
3 16 3.990 -7.518 -0.399 3.458 -7.518 1.611 3.570 -14.298 1.669
3 16 -4.120 -14.298 -0.399 -4.168 -16.745 -0.399 -3.570 -14.298 1.669
3 16 -4.168 -16.745 -0.399 -3.613 -16.745 1.689 -3.570 -14.298 1.669
3 16 3.570 -14.298 1.669 3.458 -7.518 1.611 2.065 -14.298 3.171
3 16 3.458 -7.518 1.611 2.013 -7.518 3.054 2.065 -14.298 3.171
3 16 -3.570 -14.298 1.669 -3.613 -16.745 1.689 -2.065 -14.298 3.171
3 16 -3.613 -16.745 1.689 -2.088 -16.745 3.211 -2.065 -14.298 3.171
3 16 2.065 -14.298 3.171 2.013 -7.518 3.054 0.000 -14.298 3.726
3 16 2.013 -7.518 3.054 0.000 -7.518 3.599 0.000 -14.298 3.726
3 16 0.000 -14.298 3.726 0.000 -7.518 3.599 -2.065 -14.298 3.171
3 16 0.000 -7.518 3.599 -2.013 -7.518 3.054 -2.065 -14.298 3.171
3 16 2.108 -19.273 3.254 2.088 -16.745 3.211 1.263 -18.000 3.471
3 16 2.088 -16.745 3.211 1.783 -16.743 3.306 1.263 -18.000 3.471
3 16 -1.263 -15.478 3.421 0.000 -14.955 3.751 -2.065 -14.298 3.171
3 16 0.000 -14.955 3.751 0.000 -14.298 3.726 -2.065 -14.298 3.171
3 16 2.108 -19.273 3.254 1.263 -18.000 3.471 0.000 -19.270 3.819
3 16 1.263 -18.000 3.471 0.000 -18.523 3.819 0.000 -19.270 3.819
3 16 -1.263 -18.000 3.471 -1.783 -16.743 3.306 -2.108 -19.273 3.254
3 16 -1.783 -16.743 3.306 -2.088 -16.745 3.211 -2.108 -19.273 3.254
3 16 -2.093 -16.745 -4.006 -2.073 -14.298 -3.964 0.000 -16.745 -4.569
3 16 -2.073 -14.298 -3.964 0.000 -14.298 -4.521 0.000 -16.745 -4.569
3 16 2.093 -16.745 -4.006 2.073 -14.298 -3.964 3.610 -16.745 -2.486
3 16 2.073 -14.298 -3.964 3.570 -14.298 -2.464 3.610 -16.745 -2.486
3 16 3.610 -16.745 -2.486 3.570 -14.298 -2.464 4.168 -16.745 -0.399
3 16 3.570 -14.298 -2.464 4.120 -14.298 -0.399 4.168 -16.745 -0.399
3 16 4.168 -16.745 -0.399 4.120 -14.298 -0.399 3.613 -16.745 1.689
3 16 4.120 -14.298 -0.399 3.570 -14.298 1.669 3.613 -16.745 1.689
3 16 3.613 -16.745 1.689 3.570 -14.298 1.669 2.088 -16.745 3.211
3 16 3.570 -14.298 1.669 2.065 -14.298 3.171 2.088 -16.745 3.211
3 16 2.093 -16.745 -4.006 2.113 -19.270 -4.051 0.000 -16.745 -4.569
3 16 2.113 -19.270 -4.051 0.000 -19.273 -4.616 0.000 -16.745 -4.569
3 16 -2.093 -16.745 -4.006 -2.113 -19.270 -4.051 -3.610 -16.745 -2.486
3 16 -2.113 -19.270 -4.051 -3.653 -19.273 -2.509 -3.610 -16.745 -2.486
3 16 -3.610 -16.745 -2.486 -3.653 -19.273 -2.509 -4.168 -16.745 -0.399
3 16 -3.653 -19.273 -2.509 -4.218 -19.273 -0.396 -4.168 -16.745 -0.399
3 16 -4.168 -16.745 -0.399 -4.218 -19.273 -0.396 -3.613 -16.745 1.689
3 16 -4.218 -19.273 -0.396 -3.655 -19.273 1.709 -3.613 -16.745 1.689
3 16 -3.613 -16.745 1.689 -3.655 -19.273 1.709 -2.088 -16.745 3.211
3 16 -3.655 -19.273 1.709 -2.108 -19.273 3.254 -2.088 -16.745 3.211
3 16 2.088 -16.745 3.211 2.065 -14.298 3.171 1.783 -16.743 3.306
3 16 2.065 -14.298 3.171 1.263 -15.478 3.421 1.783 -16.743 3.306
3 16 -1.783 -16.743 3.306 -1.263 -15.478 3.421 -2.088 -16.745 3.211
3 16 -1.263 -15.478 3.421 -2.065 -14.298 3.171 -2.088 -16.745 3.211
3 16 0.000 -14.955 3.751 0.000 -15.448 3.774 1.263 -15.478 3.421
3 16 0.000 -15.448 3.774 0.913 -15.825 3.536 1.263 -15.478 3.421
3 16 1.263 -15.478 3.421 0.913 -15.825 3.536 1.783 -16.743 3.306
3 16 0.913 -15.825 3.536 1.290 -16.743 3.451 1.783 -16.743 3.306
3 16 1.263 -18.000 3.471 0.913 -17.653 3.571 0.000 -18.523 3.819
3 16 0.913 -17.653 3.571 0.000 -18.030 3.824 0.000 -18.523 3.819
3 16 0.000 -18.523 3.819 0.000 -18.030 3.824 -1.263 -18.000 3.471
3 16 0.000 -18.030 3.824 -0.913 -17.653 3.571 -1.263 -18.000 3.471
3 16 -1.263 -18.000 3.471 -0.913 -17.653 3.571 -1.783 -16.743 3.306
3 16 -0.913 -17.653 3.571 -1.290 -16.743 3.451 -1.783 -16.743 3.306
3 16 -1.783 -16.743 3.306 -1.290 -16.743 3.451 -1.263 -15.478 3.421
3 16 -1.290 -16.743 3.451 -0.913 -15.825 3.536 -1.263 -15.478 3.421
3 16 -1.263 -15.478 3.421 -0.913 -15.825 3.536 0.000 -14.955 3.751
3 16 -0.913 -15.825 3.536 0.000 -15.448 3.774 0.000 -14.955 3.751
3 16 1.783 -16.743 3.306 1.290 -16.743 3.451 1.263 -18.000 3.471
3 16 1.290 -16.743 3.451 0.913 -17.653 3.571 1.263 -18.000 3.471
3 16 0.000 -15.448 1.116 0.913 -15.825 1.116 0.000 -15.448 3.774
3 16 0.913 -15.825 1.116 0.913 -15.825 3.536 0.000 -15.448 3.774
3 16 1.290 -16.743 1.116 1.290 -16.743 3.451 0.913 -15.825 1.116
3 16 1.290 -16.743 3.451 0.913 -15.825 3.536 0.913 -15.825 1.116
3 16 0.000 -18.030 1.116 0.000 -18.030 3.824 0.913 -17.653 1.116
3 16 0.000 -18.030 3.824 0.913 -17.653 3.571 0.913 -17.653 1.116
3 16 -0.913 -17.653 1.116 -0.913 -17.653 3.571 0.000 -18.030 1.116
3 16 -0.913 -17.653 3.571 0.000 -18.030 3.824 0.000 -18.030 1.116
3 16 -1.290 -16.743 1.116 -1.290 -16.743 3.451 -0.913 -17.653 1.116
3 16 -1.290 -16.743 3.451 -0.913 -17.653 3.571 -0.913 -17.653 1.116
3 16 -0.913 -15.825 1.116 -0.913 -15.825 3.536 -1.290 -16.743 1.116
3 16 -0.913 -15.825 3.536 -1.290 -16.743 3.451 -1.290 -16.743 1.116
3 16 0.000 -15.448 1.116 0.000 -15.448 3.774 -0.913 -15.825 1.116
3 16 0.000 -15.448 3.774 -0.913 -15.825 3.536 -0.913 -15.825 1.116
3 16 0.913 -17.653 1.116 0.913 -17.653 3.571 1.290 -16.743 1.116
3 16 0.913 -17.653 3.571 1.290 -16.743 3.451 1.290 -16.743 1.116
3 16 0.000 -15.448 1.116 0.000 -16.740 1.116 0.913 -15.825 1.116
3 16 0.913 -15.825 1.116 0.000 -16.740 1.116 1.290 -16.743 1.116
3 16 0.913 -17.653 1.116 0.000 -16.740 1.116 0.000 -18.030 1.116
3 16 0.000 -18.030 1.116 0.000 -16.740 1.116 -0.913 -17.653 1.116
3 16 -0.913 -17.653 1.116 0.000 -16.740 1.116 -1.290 -16.743 1.116
3 16 -1.290 -16.743 1.116 0.000 -16.740 1.116 -0.913 -15.825 1.116
3 16 -0.913 -15.825 1.116 0.000 -16.740 1.116 0.000 -15.448 1.116
3 16 1.290 -16.743 1.116 0.000 -16.740 1.116 0.913 -17.653 1.116

