0 FILE 4162pb192.dat
0 Tile 1 x 8 with 'Las Vegas' Pattern 
0 Name:  4162pb192.dat
0 Author:  
0 BFC CERTIFY CCW
3 16 -28.800 0.000 -4.580 -28.800 0.000 4.420 -80.000 0.000 10.000
3 16 -80.000 0.000 10.000 -80.000 0.000 -10.000 -28.800 0.000 -4.580
3 16 -28.800 0.000 -4.580 -80.000 0.000 -10.000 -20.040 0.000 -4.730
3 16 -20.040 0.000 -4.730 -23.170 0.000 -4.580 -28.800 0.000 -4.580
3 16 -19.410 0.000 -4.680 -20.040 0.000 -4.730 -12.550 0.000 -4.730
3 16 -12.550 0.000 -4.730 -16.260 0.000 -4.580 -19.410 0.000 -4.680
3 16 -20.990 0.000 -4.600 -23.170 0.000 -4.580 -20.040 0.000 -4.730
3 16 -21.690 0.000 -4.210 -22.120 0.000 -3.610 -23.170 0.000 -3.520
3 16 -23.170 0.000 -3.520 -23.170 0.000 -4.580 -21.690 0.000 -4.210
3 16 -23.170 0.000 -4.580 -20.990 0.000 -4.600 -21.690 0.000 -4.210
3 16 -20.340 0.000 -3.790 -20.500 0.000 -1.950 -21.090 0.000 -2.830
3 16 -21.090 0.000 -2.830 -20.760 0.000 -3.570 -20.340 0.000 -3.790
3 16 -19.780 0.000 -3.870 -20.120 0.000 -1.830 -20.500 0.000 -1.950
3 16 -20.500 0.000 -1.950 -20.340 0.000 -3.790 -19.780 0.000 -3.870
3 16 -17.560 0.000 -4.210 -18.240 0.000 -4.230 -18.820 0.000 -4.520
3 16 -18.820 0.000 -4.520 -17.420 0.000 -4.580 -17.560 0.000 -4.210
3 16 -18.240 0.000 -4.230 -17.560 0.000 -4.210 -17.640 0.000 -3.780
3 16 -16.260 0.000 -4.580 -17.420 0.000 -4.580 -19.410 0.000 -4.680
3 16 -14.490 0.000 -4.200 -16.260 0.000 -4.580 -13.670 0.000 -4.600
3 16 -18.820 0.000 -4.520 -19.410 0.000 -4.680 -17.420 0.000 -4.580
3 16 -14.490 0.000 -4.200 -15.040 0.000 -3.550 -16.440 0.000 -4.200
3 16 -16.440 0.000 -4.200 -16.260 0.000 -4.580 -14.490 0.000 -4.200
3 16 -19.780 0.000 -3.870 -19.170 0.000 -3.800 -18.640 0.000 -3.590
3 16 -18.640 0.000 -3.590 -19.540 0.000 -1.730 -19.780 0.000 -3.870
3 16 -16.440 0.000 -4.200 -15.040 0.000 -3.550 -16.600 0.000 -3.110
3 16 -16.600 0.000 -3.110 -16.540 0.000 -3.800 -16.440 0.000 -4.200
3 16 -20.040 0.000 -4.730 -80.000 0.000 -10.000 11.590 0.000 -7.100
3 16 11.590 0.000 -7.100 -12.550 0.000 -4.730 -20.040 0.000 -4.730
3 16 -27.610 0.000 -3.520 -23.170 0.000 -3.520 -22.050 0.000 -1.990
3 16 -22.050 0.000 -1.990 -22.080 0.000 0.080 -27.610 0.000 -3.520
3 16 -22.270 0.000 -2.870 -23.170 0.000 -3.520 -22.120 0.000 -3.610
3 16 -21.010 0.000 -3.240 -20.760 0.000 -3.570 -21.090 0.000 -2.830
3 16 -22.210 0.000 -2.410 -23.170 0.000 -3.520 -22.270 0.000 -2.870
3 16 -22.210 0.000 -2.410 -22.050 0.000 -1.990 -23.170 0.000 -3.520
3 16 -21.090 0.000 -2.830 -20.500 0.000 -1.950 -20.940 0.000 -2.310
3 16 -22.080 0.000 0.080 -22.050 0.000 -1.990 -21.800 0.000 -1.630
3 16 -17.910 0.000 -2.820 -19.540 0.000 -1.730 -18.640 0.000 -3.590
3 16 -18.640 0.000 -3.590 -18.210 0.000 -3.260 -17.910 0.000 -2.820
3 16 -15.040 0.000 -3.550 -15.340 0.000 -2.640 -16.610 0.000 -1.850
3 16 -16.610 0.000 -1.850 -16.600 0.000 -3.110 -15.040 0.000 -3.550
3 16 -14.250 0.000 -2.470 -14.070 0.000 -3.050 -12.520 0.000 -1.820
3 16 -12.520 0.000 -1.820 -13.540 0.000 -1.540 -14.250 0.000 -2.470
3 16 -19.540 0.000 -1.730 -17.910 0.000 -2.820 -17.780 0.000 -2.360
3 16 -17.780 0.000 -2.360 -18.480 0.000 -1.540 -19.540 0.000 -1.730
3 16 -17.780 0.000 -2.360 -17.730 0.000 -1.720 -17.730 0.000 -1.310
3 16 -17.730 0.000 -1.310 -18.480 0.000 -1.540 -17.780 0.000 -2.360
3 16 -14.250 0.000 -2.470 -14.610 0.000 -1.020 -16.610 0.000 -1.850
3 16 -16.610 0.000 -1.850 -15.340 0.000 -2.640 -14.250 0.000 -2.470
3 16 -14.070 0.000 -3.050 -13.730 0.000 -3.470 -13.230 0.000 -3.740
3 16 -13.230 0.000 -3.740 -12.520 0.000 -1.820 -14.070 0.000 -3.050
3 16 -19.540 0.000 -1.730 -20.120 0.000 -1.830 -19.780 0.000 -3.870
3 16 -12.550 0.000 -4.730 -13.670 0.000 -4.600 -16.260 0.000 -4.580
3 16 -11.820 0.000 -4.670 -2.400 0.000 -4.580 -11.180 0.000 -4.470
3 16 -11.820 0.000 -4.670 -12.550 0.000 -4.730 11.590 0.000 -7.100
3 16 11.590 0.000 -7.100 -2.400 0.000 -4.580 -11.820 0.000 -4.670
3 16 -11.180 0.000 -4.470 -2.400 0.000 -4.580 -10.640 0.000 -4.140
3 16 -13.230 0.000 -3.740 -12.560 0.000 -3.820 -11.780 0.000 -2.030
3 16 -11.780 0.000 -2.030 -12.520 0.000 -1.820 -13.230 0.000 -3.740
3 16 -12.560 0.000 -3.820 -11.900 0.000 -3.750 -11.430 0.000 -3.510
3 16 -11.430 0.000 -3.510 -11.780 0.000 -2.030 -12.560 0.000 -3.820
3 16 -10.250 0.000 -3.710 -10.640 0.000 -4.140 -2.400 0.000 -4.580
3 16 -10.000 0.000 -3.210 -10.250 0.000 -3.710 -2.400 0.000 -4.580
3 16 -1.180 0.000 -4.580 5.120 0.000 -4.630 4.370 0.000 -4.340
3 16 6.010 0.000 -4.730 5.120 0.000 -4.630 -1.180 0.000 -4.580
3 16 -1.180 0.000 -4.580 10.760 0.000 -6.710 6.010 0.000 -4.730
3 16 3.740 0.000 -3.850 -1.180 0.000 -4.580 4.370 0.000 -4.340
3 16 7.050 0.000 -4.590 6.010 0.000 -4.730 10.760 0.000 -6.710
3 16 10.760 0.000 -6.710 10.230 0.000 -6.050 7.050 0.000 -4.590
3 16 7.050 0.000 -4.590 10.230 0.000 -6.050 10.070 0.000 -5.130
3 16 10.070 0.000 -5.130 7.880 0.000 -4.180 7.050 0.000 -4.590
3 16 -2.400 0.000 -4.580 11.590 0.000 -7.100 10.760 0.000 -6.710
3 16 10.760 0.000 -6.710 -1.180 0.000 -4.580 -2.400 0.000 -4.580
3 16 3.740 0.000 -3.850 3.280 0.000 -3.180 -1.180 0.000 -4.580
3 16 6.580 0.000 -3.740 7.440 0.000 -3.090 4.650 0.000 -3.250
3 16 4.650 0.000 -3.250 6.020 0.000 -3.820 6.580 0.000 -3.740
3 16 5.270 0.000 -3.680 6.020 0.000 -3.820 4.650 0.000 -3.250
3 16 7.880 0.000 -4.180 10.070 0.000 -5.130 10.580 0.000 -3.610
3 16 10.580 0.000 -3.610 8.490 0.000 -3.510 7.880 0.000 -4.180
3 16 -11.060 0.000 -2.790 -11.390 0.000 -2.200 -11.780 0.000 -2.030
3 16 -11.780 0.000 -2.030 -11.150 0.000 -3.180 -11.060 0.000 -2.790
3 16 -10.000 0.000 -3.210 -2.400 0.000 -4.580 -9.920 0.000 -2.670
3 16 -10.190 0.000 -1.720 -9.990 0.000 -2.150 -2.400 0.000 -4.580
3 16 -2.400 0.000 -4.580 -10.170 0.000 0.250 -10.190 0.000 -1.720
3 16 -9.990 0.000 -2.150 -9.920 0.000 -2.670 -2.400 0.000 -4.580
3 16 -2.000 0.000 -2.880 -1.560 0.000 -2.860 -1.300 0.000 -2.120
3 16 -1.300 0.000 -2.120 -2.260 0.000 -2.120 -2.000 0.000 -2.880
3 16 -11.430 0.000 -3.510 -11.150 0.000 -3.180 -11.780 0.000 -2.030
3 16 3.000 0.000 -2.360 2.900 0.000 -1.380 -1.180 0.000 -4.580
3 16 -2.000 0.000 -2.880 -1.790 0.000 -3.600 -1.560 0.000 -2.860
3 16 7.440 0.000 -3.090 7.740 0.000 -2.480 4.230 0.000 -2.560
3 16 4.230 0.000 -2.560 4.650 0.000 -3.250 7.440 0.000 -3.090
3 16 -1.180 0.000 -4.580 3.280 0.000 -3.180 3.000 0.000 -2.360
3 16 2.900 0.000 -1.380 3.000 0.000 -0.360 2.340 0.000 4.420
3 16 2.340 0.000 4.420 -1.180 0.000 -4.580 2.900 0.000 -1.380
3 16 -2.260 0.000 -2.120 -1.300 0.000 -2.120 1.130 0.000 4.420
3 16 1.130 0.000 4.420 -4.600 0.000 4.420 -2.260 0.000 -2.120
3 16 4.050 0.000 -1.610 7.740 0.000 -2.480 8.880 0.000 -2.630
3 16 8.880 0.000 -2.630 8.910 0.000 -1.610 4.050 0.000 -1.610
3 16 7.740 0.000 -2.480 4.050 0.000 -1.610 4.230 0.000 -2.560
3 16 8.910 0.000 -1.610 8.880 0.000 -2.630 10.170 0.000 -2.920
3 16 10.170 0.000 -2.920 9.930 0.000 -2.150 8.910 0.000 -1.610
3 16 7.440 0.000 -3.090 6.580 0.000 -3.740 7.060 0.000 -3.500
3 16 8.880 0.000 -2.630 8.490 0.000 -3.510 10.580 0.000 -3.610
3 16 10.580 0.000 -3.610 10.170 0.000 -2.920 8.880 0.000 -2.630
3 16 -14.250 0.000 -2.470 -13.540 0.000 -1.540 -14.200 0.000 -1.290
3 16 -21.480 0.000 -1.350 -21.100 0.000 -1.140 -21.000 0.000 -0.070
3 16 -21.000 0.000 -0.070 -22.080 0.000 0.080 -21.480 0.000 -1.350
3 16 -20.680 0.000 -0.990 -20.280 0.000 -0.910 -20.770 0.000 0.520
3 16 -20.770 0.000 0.520 -21.000 0.000 -0.070 -20.680 0.000 -0.990
3 16 -14.200 0.000 -1.290 -14.610 0.000 -1.020 -14.250 0.000 -2.470
3 16 -21.100 0.000 -1.140 -20.680 0.000 -0.990 -21.000 0.000 -0.070
3 16 -18.540 0.000 -0.650 -19.300 0.000 1.170 -19.970 0.000 1.100
3 16 -19.970 0.000 1.100 -19.700 0.000 -0.830 -18.540 0.000 -0.650
3 16 -17.720 0.000 -0.160 -17.800 0.000 0.420 -18.040 0.000 0.790
3 16 -18.040 0.000 0.790 -18.540 0.000 -0.650 -17.720 0.000 -0.160
3 16 -20.450 0.000 0.900 -20.770 0.000 0.520 -20.280 0.000 -0.910
3 16 -20.280 0.000 -0.910 -19.700 0.000 -0.830 -20.450 0.000 0.900
3 16 -15.100 0.000 -0.250 -16.610 0.000 -0.380 -16.610 0.000 -1.850
3 16 -16.610 0.000 -1.850 -14.910 0.000 -0.670 -15.100 0.000 -0.250
3 16 -15.100 0.000 -0.250 -15.160 0.000 0.210 -16.630 0.000 0.250
3 16 -16.630 0.000 0.250 -16.610 0.000 -0.380 -15.100 0.000 -0.250
3 16 -14.910 0.000 -0.670 -16.610 0.000 -1.850 -14.610 0.000 -1.020
3 16 -15.160 0.000 0.210 -15.110 0.000 0.620 -16.670 0.000 0.640
3 16 -16.670 0.000 0.640 -16.630 0.000 0.250 -15.160 0.000 0.210
3 16 -17.730 0.000 -0.450 -17.720 0.000 -0.160 -18.540 0.000 -0.650
3 16 -21.880 0.000 0.700 -21.590 0.000 1.200 -27.610 0.000 4.420
3 16 -19.700 0.000 -0.830 -19.970 0.000 1.100 -20.450 0.000 0.900
3 16 -80.000 0.000 10.000 -28.800 0.000 4.420 -27.610 0.000 4.420
3 16 -20.620 0.000 1.850 -19.930 0.000 2.030 -27.610 0.000 4.420
3 16 -21.180 0.000 1.570 -20.620 0.000 1.850 -27.610 0.000 4.420
3 16 -21.590 0.000 1.200 -21.180 0.000 1.570 -27.610 0.000 4.420
3 16 -19.930 0.000 2.030 -19.140 0.000 2.080 -5.890 0.000 4.420
3 16 -5.890 0.000 4.420 -27.610 0.000 4.420 -19.930 0.000 2.030
3 16 -21.880 0.000 0.700 -27.610 0.000 4.420 -27.610 0.000 -3.520
3 16 -27.610 0.000 -3.520 -22.080 0.000 0.080 -21.880 0.000 0.700
3 16 -19.300 0.000 1.170 -18.540 0.000 -0.650 -18.040 0.000 0.790
3 16 -18.040 0.000 0.790 -18.560 0.000 1.080 -19.300 0.000 1.170
3 16 -17.010 0.000 1.390 -16.800 0.000 1.060 -15.110 0.000 0.620
3 16 -15.110 0.000 0.620 -14.960 0.000 1.010 -17.010 0.000 1.390
3 16 -16.800 0.000 1.060 -16.670 0.000 0.640 -15.110 0.000 0.620
3 16 -14.720 0.000 1.350 -17.010 0.000 1.390 -14.960 0.000 1.010
3 16 -18.380 0.000 2.030 -17.780 0.000 1.890 -14.410 0.000 1.630
3 16 -14.410 0.000 1.630 -13.710 0.000 1.950 -18.380 0.000 2.030
3 16 -17.330 0.000 1.670 -17.010 0.000 1.390 -14.720 0.000 1.350
3 16 -14.720 0.000 1.350 -14.410 0.000 1.630 -17.330 0.000 1.670
3 16 -17.330 0.000 1.670 -14.410 0.000 1.630 -17.780 0.000 1.890
3 16 -14.090 0.000 0.330 -13.950 0.000 -0.050 -13.530 0.000 -0.350
3 16 -13.530 0.000 -0.350 -13.760 0.000 0.920 -14.090 0.000 0.330
3 16 -22.080 0.000 0.080 -21.800 0.000 -1.630 -21.480 0.000 -1.350
3 16 -12.550 0.000 -0.630 -12.680 0.000 1.180 -13.330 0.000 1.110
3 16 -13.330 0.000 1.110 -13.200 0.000 -0.450 -12.550 0.000 -0.630
3 16 -10.170 0.000 0.250 -11.250 0.000 0.110 -11.560 0.000 -0.910
3 16 -11.560 0.000 -0.910 -10.920 0.000 -1.140 -10.170 0.000 0.250
3 16 -11.560 0.000 -0.910 -11.250 0.000 0.110 -11.390 0.000 0.560
3 16 -11.390 0.000 0.560 -12.550 0.000 -0.630 -11.560 0.000 -0.910
3 16 -13.760 0.000 0.920 -13.530 0.000 -0.350 -13.200 0.000 -0.450
3 16 -13.200 0.000 -0.450 -13.330 0.000 1.110 -13.760 0.000 0.920
3 16 -12.100 0.000 1.100 -12.550 0.000 -0.630 -11.390 0.000 0.560
3 16 -11.390 0.000 0.560 -11.680 0.000 0.890 -12.100 0.000 1.100
3 16 -10.920 0.000 -1.140 -10.500 0.000 -1.390 -10.170 0.000 0.250
3 16 4.110 0.000 -0.700 7.750 0.000 -0.700 7.610 0.000 0.020
3 16 7.610 0.000 0.020 4.280 0.000 0.070 4.110 0.000 -0.700
3 16 2.340 0.000 4.420 3.000 0.000 -0.360 3.280 0.000 0.490
3 16 7.330 0.000 0.540 6.730 0.000 1.020 5.960 0.000 1.180
3 16 5.960 0.000 1.180 7.610 0.000 0.020 7.330 0.000 0.540
3 16 4.680 0.000 0.670 4.280 0.000 0.070 7.610 0.000 0.020
3 16 7.610 0.000 0.020 5.960 0.000 1.180 4.680 0.000 0.670
3 16 -10.320 0.000 0.820 -10.170 0.000 0.250 -2.400 0.000 -4.580
3 16 -2.400 0.000 -4.580 -5.890 0.000 4.420 -10.320 0.000 0.820
3 16 8.550 0.000 0.520 8.820 0.000 -0.320 9.930 0.000 -0.390
3 16 9.930 0.000 -0.390 10.180 0.000 0.440 8.550 0.000 0.520
3 16 -10.190 0.000 -1.720 -10.170 0.000 0.250 -10.500 0.000 -1.390
3 16 -12.680 0.000 1.180 -12.550 0.000 -0.630 -12.100 0.000 1.100
3 16 -10.900 0.000 1.600 -10.550 0.000 1.260 -5.890 0.000 4.420
3 16 -11.410 0.000 1.860 -10.900 0.000 1.600 -5.890 0.000 4.420
3 16 -12.760 0.000 2.080 -5.890 0.000 4.420 -18.380 0.000 2.030
3 16 -18.380 0.000 2.030 -13.250 0.000 2.050 -12.760 0.000 2.080
3 16 -11.410 0.000 1.860 -5.890 0.000 4.420 -12.030 0.000 2.030
3 16 -10.550 0.000 1.260 -10.320 0.000 0.820 -5.890 0.000 4.420
3 16 -5.890 0.000 4.420 -4.600 0.000 4.420 -80.000 0.000 10.000
3 16 -12.030 0.000 2.030 -5.890 0.000 4.420 -12.760 0.000 2.080
3 16 -13.250 0.000 2.050 -18.380 0.000 2.030 -13.710 0.000 1.950
3 16 2.340 0.000 4.420 3.280 0.000 0.490 3.750 0.000 1.180
3 16 3.750 0.000 1.180 4.370 0.000 1.680 2.340 0.000 4.420
3 16 5.960 0.000 1.180 5.260 0.000 1.050 4.680 0.000 0.670
3 16 2.340 0.000 4.420 4.370 0.000 1.680 5.110 0.000 1.980
3 16 2.340 0.000 4.420 5.110 0.000 1.980 5.950 0.000 2.080
3 16 80.000 0.000 10.000 -80.000 0.000 10.000 -4.600 0.000 4.420
3 16 -4.600 0.000 4.420 1.130 0.000 4.420 80.000 0.000 10.000
3 16 11.860 0.000 1.980 2.340 0.000 4.420 5.950 0.000 2.080
3 16 5.950 0.000 2.080 6.770 0.000 1.990 11.860 0.000 1.980
3 16 6.770 0.000 1.990 7.480 0.000 1.690 11.160 0.000 1.650
3 16 11.160 0.000 1.650 11.860 0.000 1.980 6.770 0.000 1.990
3 16 7.480 0.000 1.690 8.090 0.000 1.190 10.600 0.000 1.130
3 16 10.600 0.000 1.130 11.160 0.000 1.650 7.480 0.000 1.690
3 16 8.090 0.000 1.190 8.550 0.000 0.520 10.180 0.000 0.440
3 16 10.180 0.000 0.440 10.600 0.000 1.130 8.090 0.000 1.190
3 16 80.000 0.000 10.000 1.130 0.000 4.420 2.340 0.000 4.420
3 16 12.660 0.000 -4.580 11.830 0.000 -4.480 11.510 0.000 -6.010
3 16 11.510 0.000 -6.010 12.000 0.000 -6.240 12.660 0.000 -4.580
3 16 11.590 0.000 -7.100 -80.000 0.000 -10.000 12.640 0.000 -7.230
3 16 10.070 0.000 -5.130 11.140 0.000 -5.290 11.830 0.000 -4.480
3 16 11.830 0.000 -4.480 11.140 0.000 -4.150 10.070 0.000 -5.130
3 16 11.510 0.000 -6.010 11.830 0.000 -4.480 11.140 0.000 -5.290
3 16 11.140 0.000 -5.290 11.270 0.000 -5.710 11.510 0.000 -6.010
3 16 12.000 0.000 -6.240 12.640 0.000 -6.320 13.320 0.000 -6.240
3 16 13.320 0.000 -6.240 12.660 0.000 -4.580 12.000 0.000 -6.240
3 16 13.320 0.000 -6.240 13.820 0.000 -6.010 13.650 0.000 -4.370
3 16 13.650 0.000 -4.370 12.660 0.000 -4.580 13.320 0.000 -6.240
3 16 19.120 0.000 -4.730 18.170 0.000 -4.600 15.280 0.000 -5.860
3 16 15.280 0.000 -5.860 14.880 0.000 -6.430 19.120 0.000 -4.730
3 16 13.550 0.000 -7.140 80.000 0.000 -10.000 22.900 0.000 -4.580
3 16 22.900 0.000 -4.580 14.300 0.000 -6.860 13.550 0.000 -7.140
3 16 13.820 0.000 -6.010 14.170 0.000 -5.640 14.390 0.000 -5.150
3 16 14.390 0.000 -5.150 13.650 0.000 -4.370 13.820 0.000 -6.010
3 16 14.390 0.000 -5.150 14.450 0.000 -4.630 14.470 0.000 -3.730
3 16 14.470 0.000 -3.730 13.650 0.000 -4.370 14.390 0.000 -5.150
3 16 15.280 0.000 -5.860 18.170 0.000 -4.600 17.470 0.000 -4.210
3 16 17.470 0.000 -4.210 15.510 0.000 -5.000 15.280 0.000 -5.860
3 16 14.880 0.000 -6.430 14.300 0.000 -6.860 21.740 0.000 -4.580
3 16 21.740 0.000 -4.580 19.750 0.000 -4.680 14.880 0.000 -6.430
3 16 12.640 0.000 -7.230 80.000 0.000 -10.000 13.550 0.000 -7.140
3 16 11.140 0.000 -4.150 10.580 0.000 -3.610 10.070 0.000 -5.130
3 16 13.470 0.000 -3.520 14.040 0.000 -3.080 11.490 0.000 -3.080
3 16 11.490 0.000 -3.080 12.770 0.000 -3.670 13.470 0.000 -3.520
3 16 12.060 0.000 -3.520 12.770 0.000 -3.670 11.490 0.000 -3.080
3 16 11.490 0.000 -3.080 14.040 0.000 -3.080 14.430 0.000 -2.330
3 16 14.430 0.000 -2.330 11.110 0.000 -2.320 11.490 0.000 -3.080
3 16 15.510 0.000 -5.000 17.030 0.000 -3.610 16.890 0.000 -2.870
3 16 16.890 0.000 -2.870 15.590 0.000 -3.700 15.510 0.000 -5.000
3 16 18.150 0.000 -3.240 18.400 0.000 -3.570 18.660 0.000 -1.950
3 16 18.660 0.000 -1.950 18.070 0.000 -2.830 18.150 0.000 -3.240
3 16 16.940 0.000 -2.410 17.110 0.000 -1.990 17.080 0.000 0.080
3 16 17.080 0.000 0.080 15.590 0.000 -3.700 16.940 0.000 -2.410
3 16 16.940 0.000 -2.410 15.590 0.000 -3.700 16.890 0.000 -2.870
3 16 18.660 0.000 -1.950 18.220 0.000 -2.310 18.070 0.000 -2.830
3 16 14.430 0.000 -2.330 14.560 0.000 -1.240 10.980 0.000 -1.210
3 16 10.980 0.000 -1.210 11.110 0.000 -2.320 14.430 0.000 -2.330
3 16 17.470 0.000 -4.210 17.030 0.000 -3.610 15.510 0.000 -5.000
3 16 9.930 0.000 -2.150 9.840 0.000 -1.290 8.920 0.000 -1.310
3 16 8.920 0.000 -1.310 8.910 0.000 -1.610 9.930 0.000 -2.150
3 16 20.340 0.000 -4.520 21.740 0.000 -4.580 21.600 0.000 -4.210
3 16 21.600 0.000 -4.210 20.920 0.000 -4.230 20.340 0.000 -4.520
3 16 21.740 0.000 -4.580 20.340 0.000 -4.520 19.750 0.000 -4.680
3 16 19.120 0.000 -4.730 14.880 0.000 -6.430 19.750 0.000 -4.680
3 16 18.820 0.000 -3.790 19.380 0.000 -3.870 19.620 0.000 -1.730
3 16 19.620 0.000 -1.730 19.040 0.000 -1.830 18.820 0.000 -3.790
3 16 19.380 0.000 -3.870 19.990 0.000 -3.800 20.520 0.000 -3.590
3 16 20.520 0.000 -3.590 19.620 0.000 -1.730 19.380 0.000 -3.870
3 16 21.520 0.000 -3.780 20.920 0.000 -4.230 21.600 0.000 -4.210
3 16 25.490 0.000 -4.600 22.900 0.000 -4.580 26.610 0.000 -4.730
3 16 26.610 0.000 -4.730 22.900 0.000 -4.580 80.000 0.000 -10.000
3 16 24.670 0.000 -4.200 22.900 0.000 -4.580 25.490 0.000 -4.600
3 16 27.330 0.000 -4.670 80.000 0.000 -10.000 27.980 0.000 -4.470
3 16 80.000 0.000 -10.000 27.330 0.000 -4.670 26.610 0.000 -4.730
3 16 27.980 0.000 -4.470 80.000 0.000 -10.000 28.520 0.000 -4.140
3 16 21.740 0.000 -4.580 14.300 0.000 -6.860 22.900 0.000 -4.580
3 16 24.670 0.000 -4.200 24.120 0.000 -3.550 22.720 0.000 -4.200
3 16 22.720 0.000 -4.200 22.900 0.000 -4.580 24.670 0.000 -4.200
3 16 22.720 0.000 -4.200 24.120 0.000 -3.550 22.560 0.000 -3.110
3 16 22.560 0.000 -3.110 22.620 0.000 -3.800 22.720 0.000 -4.200
3 16 26.600 0.000 -3.820 26.640 0.000 -1.820 25.420 0.000 -3.470
3 16 25.420 0.000 -3.470 25.930 0.000 -3.740 26.600 0.000 -3.820
3 16 26.600 0.000 -3.820 27.260 0.000 -3.750 27.730 0.000 -3.510
3 16 27.730 0.000 -3.510 27.380 0.000 -2.030 26.600 0.000 -3.820
3 16 80.000 0.000 -10.000 28.910 0.000 -3.710 28.520 0.000 -4.140
3 16 20.520 0.000 -3.590 20.950 0.000 -3.260 21.250 0.000 -2.820
3 16 21.250 0.000 -2.820 19.620 0.000 -1.730 20.520 0.000 -3.590
3 16 24.120 0.000 -3.550 23.820 0.000 -2.640 22.550 0.000 -1.850
3 16 22.550 0.000 -1.850 22.560 0.000 -3.110 24.120 0.000 -3.550
3 16 19.040 0.000 -1.830 18.660 0.000 -1.950 18.400 0.000 -3.570
3 16 18.400 0.000 -3.570 18.820 0.000 -3.790 19.040 0.000 -1.830
3 16 22.550 0.000 -1.850 23.820 0.000 -2.640 24.910 0.000 -2.470
3 16 24.910 0.000 -2.470 24.540 0.000 -1.020 22.550 0.000 -1.850
3 16 21.380 0.000 -2.360 20.680 0.000 -1.540 19.620 0.000 -1.730
3 16 19.620 0.000 -1.730 21.250 0.000 -2.820 21.380 0.000 -2.360
3 16 25.420 0.000 -3.470 26.640 0.000 -1.820 25.610 0.000 -1.540
3 16 25.610 0.000 -1.540 25.090 0.000 -3.050 25.420 0.000 -3.470
3 16 29.150 0.000 -3.210 28.910 0.000 -3.710 80.000 0.000 -10.000
3 16 27.730 0.000 -3.510 28.010 0.000 -3.180 27.770 0.000 -2.200
3 16 27.770 0.000 -2.200 27.380 0.000 -2.030 27.730 0.000 -3.510
3 16 26.640 0.000 -1.820 26.600 0.000 -3.820 27.380 0.000 -2.030
3 16 29.230 0.000 -2.670 80.000 0.000 -10.000 28.990 0.000 0.250
3 16 28.990 0.000 0.250 29.170 0.000 -2.150 29.230 0.000 -2.670
3 16 28.100 0.000 -2.790 27.770 0.000 -2.200 28.010 0.000 -3.180
3 16 29.150 0.000 -3.210 80.000 0.000 -10.000 29.230 0.000 -2.670
3 16 25.090 0.000 -3.050 25.610 0.000 -1.540 24.960 0.000 -1.290
3 16 24.960 0.000 -1.290 24.910 0.000 -2.470 25.090 0.000 -3.050
3 16 12.640 0.000 -7.230 -80.000 0.000 -10.000 80.000 0.000 -10.000
3 16 9.840 0.000 -1.290 9.930 0.000 -0.390 8.820 0.000 -0.320
3 16 8.820 0.000 -0.320 8.920 0.000 -1.310 9.840 0.000 -1.290
3 16 14.560 0.000 -1.240 14.430 0.000 -0.190 11.110 0.000 -0.170
3 16 11.110 0.000 -0.170 10.980 0.000 -1.210 14.560 0.000 -1.240
3 16 11.500 0.000 0.570 11.110 0.000 -0.170 14.430 0.000 -0.190
3 16 14.430 0.000 -0.190 14.030 0.000 0.560 11.500 0.000 0.570
3 16 14.030 0.000 0.560 13.440 0.000 1.020 12.750 0.000 1.170
3 16 12.750 0.000 1.170 11.500 0.000 0.570 14.030 0.000 0.560
3 16 15.590 0.000 -3.700 17.080 0.000 0.080 17.270 0.000 0.700
3 16 17.270 0.000 0.700 15.590 0.000 1.940 15.590 0.000 -3.700
3 16 18.160 0.000 -0.070 17.080 0.000 0.080 17.680 0.000 -1.350
3 16 17.680 0.000 -1.350 18.050 0.000 -1.140 18.160 0.000 -0.070
3 16 18.470 0.000 -0.990 18.880 0.000 -0.910 18.390 0.000 0.520
3 16 18.390 0.000 0.520 18.160 0.000 -0.070 18.470 0.000 -0.990
3 16 18.050 0.000 -1.140 18.470 0.000 -0.990 18.160 0.000 -0.070
3 16 19.460 0.000 -0.830 20.620 0.000 -0.650 20.590 0.000 1.080
3 16 20.590 0.000 1.080 19.860 0.000 1.170 19.460 0.000 -0.830
3 16 21.430 0.000 -0.160 21.360 0.000 0.420 21.120 0.000 0.790
3 16 21.120 0.000 0.790 20.620 0.000 -0.650 21.430 0.000 -0.160
3 16 18.710 0.000 0.900 18.390 0.000 0.520 18.880 0.000 -0.910
3 16 18.880 0.000 -0.910 19.460 0.000 -0.830 18.710 0.000 0.900
3 16 17.680 0.000 -1.350 17.080 0.000 0.080 17.360 0.000 -1.630
3 16 17.110 0.000 -1.990 17.360 0.000 -1.630 17.080 0.000 0.080
3 16 12.750 0.000 1.170 12.070 0.000 1.020 11.500 0.000 0.570
3 16 2.340 0.000 4.420 12.670 0.000 2.080 15.590 0.000 1.940
3 16 15.590 0.000 1.940 80.000 0.000 10.000 2.340 0.000 4.420
3 16 13.390 0.000 1.980 14.030 0.000 1.670 14.570 0.000 1.940
3 16 14.570 0.000 1.940 14.030 0.000 1.670 14.570 0.000 1.150
3 16 13.390 0.000 1.980 14.570 0.000 1.940 15.590 0.000 1.940
3 16 15.590 0.000 1.940 12.670 0.000 2.080 13.390 0.000 1.980
3 16 15.590 0.000 1.940 17.270 0.000 0.700 17.570 0.000 1.200
3 16 18.710 0.000 0.900 19.460 0.000 -0.830 19.860 0.000 1.170
3 16 19.860 0.000 1.170 19.180 0.000 1.100 18.710 0.000 0.900
3 16 15.590 0.000 1.940 17.980 0.000 1.570 18.540 0.000 1.850
3 16 17.980 0.000 1.570 15.590 0.000 1.940 17.570 0.000 1.200
3 16 15.590 0.000 1.940 18.540 0.000 1.850 19.230 0.000 2.030
3 16 20.020 0.000 2.080 20.780 0.000 2.030 25.450 0.000 1.950
3 16 25.450 0.000 1.950 80.000 0.000 10.000 20.020 0.000 2.080
3 16 15.590 0.000 1.940 19.230 0.000 2.030 20.020 0.000 2.080
3 16 20.020 0.000 2.080 80.000 0.000 10.000 15.590 0.000 1.940
3 16 20.590 0.000 1.080 20.620 0.000 -0.650 21.120 0.000 0.790
3 16 24.540 0.000 -1.020 24.240 0.000 -0.670 22.550 0.000 -0.380
3 16 22.550 0.000 -0.380 22.550 0.000 -1.850 24.540 0.000 -1.020
3 16 24.960 0.000 -1.290 24.540 0.000 -1.020 24.910 0.000 -2.470
3 16 24.060 0.000 -0.250 24.000 0.000 0.210 22.530 0.000 0.250
3 16 22.530 0.000 0.250 22.550 0.000 -0.380 24.060 0.000 -0.250
3 16 24.060 0.000 -0.250 22.550 0.000 -0.380 24.240 0.000 -0.670
3 16 24.000 0.000 0.210 24.050 0.000 0.620 22.490 0.000 0.640
3 16 22.490 0.000 0.640 22.530 0.000 0.250 24.000 0.000 0.210
3 16 21.430 0.000 -0.160 20.620 0.000 -0.650 21.430 0.000 -0.450
3 16 27.600 0.000 -0.910 27.910 0.000 0.110 27.760 0.000 0.560
3 16 27.760 0.000 0.560 26.610 0.000 -0.630 27.600 0.000 -0.910
3 16 28.660 0.000 -1.390 28.970 0.000 -1.720 28.990 0.000 0.250
3 16 28.660 0.000 -1.390 28.990 0.000 0.250 27.910 0.000 0.110
3 16 27.910 0.000 0.110 28.240 0.000 -1.140 28.660 0.000 -1.390
3 16 27.600 0.000 -0.910 28.240 0.000 -1.140 27.910 0.000 0.110
3 16 25.070 0.000 0.330 25.210 0.000 -0.050 25.630 0.000 -0.350
3 16 25.630 0.000 -0.350 25.400 0.000 0.920 25.070 0.000 0.330
3 16 25.960 0.000 -0.450 26.610 0.000 -0.630 27.050 0.000 1.100
3 16 27.050 0.000 1.100 26.480 0.000 1.180 25.960 0.000 -0.450
3 16 25.960 0.000 -0.450 25.830 0.000 1.110 25.400 0.000 0.920
3 16 25.400 0.000 0.920 25.630 0.000 -0.350 25.960 0.000 -0.450
3 16 29.170 0.000 -2.150 28.990 0.000 0.250 28.970 0.000 -1.720
3 16 22.490 0.000 0.640 24.050 0.000 0.620 24.200 0.000 1.010
3 16 24.200 0.000 1.010 22.350 0.000 1.060 22.490 0.000 0.640
3 16 22.350 0.000 1.060 24.200 0.000 1.010 24.440 0.000 1.350
3 16 24.440 0.000 1.350 22.150 0.000 1.390 22.350 0.000 1.060
3 16 21.830 0.000 1.670 22.150 0.000 1.390 24.440 0.000 1.350
3 16 24.440 0.000 1.350 24.740 0.000 1.630 21.830 0.000 1.670
3 16 21.830 0.000 1.670 24.740 0.000 1.630 25.450 0.000 1.950
3 16 25.450 0.000 1.950 21.380 0.000 1.890 21.830 0.000 1.670
3 16 27.050 0.000 1.100 26.610 0.000 -0.630 27.760 0.000 0.560
3 16 27.760 0.000 0.560 27.480 0.000 0.890 27.050 0.000 1.100
3 16 28.610 0.000 1.260 28.840 0.000 0.820 80.000 0.000 10.000
3 16 25.960 0.000 -0.450 26.480 0.000 1.180 25.830 0.000 1.110
3 16 26.400 0.000 2.080 27.120 0.000 2.030 80.000 0.000 10.000
3 16 25.910 0.000 2.050 26.400 0.000 2.080 80.000 0.000 10.000
3 16 27.750 0.000 1.860 28.260 0.000 1.600 80.000 0.000 10.000
3 16 80.000 0.000 10.000 28.260 0.000 1.600 28.610 0.000 1.260
3 16 27.750 0.000 1.860 80.000 0.000 10.000 27.120 0.000 2.030
3 16 25.910 0.000 2.050 80.000 0.000 10.000 25.450 0.000 1.950
3 16 28.840 0.000 0.820 28.990 0.000 0.250 80.000 0.000 -10.000
3 16 80.000 0.000 -10.000 80.000 0.000 10.000 28.840 0.000 0.820
3 16 25.450 0.000 1.950 20.780 0.000 2.030 21.380 0.000 1.890
3 16 21.430 0.000 -1.310 20.680 0.000 -1.540 21.380 0.000 -2.360
3 16 21.380 0.000 -2.360 21.430 0.000 -1.720 21.430 0.000 -1.310
3 16 12.670 0.000 2.080 2.340 0.000 4.420 11.860 0.000 1.980
3 16 -19.140 0.000 2.080 -18.380 0.000 2.030 -5.890 0.000 4.420
3 16 -27.610 0.000 4.420 -5.890 0.000 4.420 -80.000 0.000 10.000
3 15 -28.800 0.000 -4.580 -27.610 0.000 -3.520 -27.610 0.000 4.420
3 15 -27.610 0.000 4.420 -28.800 0.000 4.420 -28.800 0.000 -4.580
3 15 -28.800 0.000 -4.580 -23.170 0.000 -4.580 -23.170 0.000 -3.520
3 15 -23.170 0.000 -3.520 -27.610 0.000 -3.520 -28.800 0.000 -4.580
3 15 -22.120 0.000 -3.610 -21.690 0.000 -4.210 -20.760 0.000 -3.570
3 15 -20.760 0.000 -3.570 -21.010 0.000 -3.240 -22.120 0.000 -3.610
3 15 -21.690 0.000 -4.210 -20.990 0.000 -4.600 -20.340 0.000 -3.790
3 15 -20.340 0.000 -3.790 -20.760 0.000 -3.570 -21.690 0.000 -4.210
3 15 -21.010 0.000 -3.240 -21.090 0.000 -2.830 -22.270 0.000 -2.870
3 15 -22.270 0.000 -2.870 -22.120 0.000 -3.610 -21.010 0.000 -3.240
3 15 -22.270 0.000 -2.870 -21.090 0.000 -2.830 -22.050 0.000 -1.990
3 15 -22.050 0.000 -1.990 -22.210 0.000 -2.410 -22.270 0.000 -2.870
3 15 -21.090 0.000 -2.830 -20.940 0.000 -2.310 -21.800 0.000 -1.630
3 15 -21.800 0.000 -1.630 -22.050 0.000 -1.990 -21.090 0.000 -2.830
3 15 -20.340 0.000 -3.790 -20.040 0.000 -4.730 -19.410 0.000 -4.680
3 15 -19.410 0.000 -4.680 -19.780 0.000 -3.870 -20.340 0.000 -3.790
3 15 -20.940 0.000 -2.310 -20.500 0.000 -1.950 -21.100 0.000 -1.140
3 15 -21.100 0.000 -1.140 -21.480 0.000 -1.350 -20.940 0.000 -2.310
3 15 -20.340 0.000 -3.790 -20.990 0.000 -4.600 -20.040 0.000 -4.730
3 15 -20.500 0.000 -1.950 -20.120 0.000 -1.830 -20.280 0.000 -0.910
3 15 -20.280 0.000 -0.910 -20.680 0.000 -0.990 -20.500 0.000 -1.950
3 15 -21.800 0.000 -1.630 -20.940 0.000 -2.310 -21.480 0.000 -1.350
3 15 -22.080 0.000 0.080 -21.000 0.000 -0.070 -20.770 0.000 0.520
3 15 -20.770 0.000 0.520 -21.880 0.000 0.700 -22.080 0.000 0.080
3 15 -21.880 0.000 0.700 -20.770 0.000 0.520 -21.180 0.000 1.570
3 15 -21.180 0.000 1.570 -21.590 0.000 1.200 -21.880 0.000 0.700
3 15 -20.280 0.000 -0.910 -20.120 0.000 -1.830 -19.540 0.000 -1.730
3 15 -19.540 0.000 -1.730 -19.700 0.000 -0.830 -20.280 0.000 -0.910
3 15 -21.100 0.000 -1.140 -20.500 0.000 -1.950 -20.680 0.000 -0.990
3 15 -20.770 0.000 0.520 -20.450 0.000 0.900 -20.620 0.000 1.850
3 15 -20.620 0.000 1.850 -21.180 0.000 1.570 -20.770 0.000 0.520
3 15 -20.620 0.000 1.850 -19.970 0.000 1.100 -19.300 0.000 1.170
3 15 -19.300 0.000 1.170 -19.930 0.000 2.030 -20.620 0.000 1.850
3 15 -19.970 0.000 1.100 -20.620 0.000 1.850 -20.450 0.000 0.900
3 15 -19.540 0.000 -1.730 -18.480 0.000 -1.540 -18.540 0.000 -0.650
3 15 -18.540 0.000 -0.650 -19.700 0.000 -0.830 -19.540 0.000 -1.730
3 15 -19.780 0.000 -3.870 -19.410 0.000 -4.680 -18.820 0.000 -4.520
3 15 -18.820 0.000 -4.520 -19.170 0.000 -3.800 -19.780 0.000 -3.870
3 15 -19.170 0.000 -3.800 -18.820 0.000 -4.520 -18.240 0.000 -4.230
3 15 -18.240 0.000 -4.230 -18.640 0.000 -3.590 -19.170 0.000 -3.800
3 15 -18.640 0.000 -3.590 -18.240 0.000 -4.230 -17.640 0.000 -3.780
3 15 -17.640 0.000 -3.780 -18.210 0.000 -3.260 -18.640 0.000 -3.590
3 15 -17.910 0.000 -2.820 -16.600 0.000 -3.110 -16.610 0.000 -1.850
3 15 -16.610 0.000 -1.850 -17.780 0.000 -2.360 -17.910 0.000 -2.820
3 15 -18.210 0.000 -3.260 -17.640 0.000 -3.780 -16.600 0.000 -3.110
3 15 -16.600 0.000 -3.110 -17.910 0.000 -2.820 -18.210 0.000 -3.260
3 15 -17.560 0.000 -4.210 -17.420 0.000 -4.580 -16.260 0.000 -4.580
3 15 -16.260 0.000 -4.580 -16.440 0.000 -4.200 -17.560 0.000 -4.210
3 15 -16.440 0.000 -4.200 -16.540 0.000 -3.800 -17.640 0.000 -3.780
3 15 -17.640 0.000 -3.780 -17.560 0.000 -4.210 -16.440 0.000 -4.200
3 15 -16.610 0.000 -1.850 -17.730 0.000 -1.720 -17.780 0.000 -2.360
3 15 -16.540 0.000 -3.800 -16.600 0.000 -3.110 -17.640 0.000 -3.780
3 15 -17.730 0.000 -1.720 -16.610 0.000 -1.850 -16.610 0.000 -0.380
3 15 -16.610 0.000 -0.380 -17.730 0.000 -1.310 -17.730 0.000 -1.720
3 15 -17.330 0.000 1.670 -17.780 0.000 1.890 -18.560 0.000 1.080
3 15 -18.560 0.000 1.080 -18.040 0.000 0.790 -17.330 0.000 1.670
3 15 -19.930 0.000 2.030 -19.300 0.000 1.170 -18.560 0.000 1.080
3 15 -18.560 0.000 1.080 -19.140 0.000 2.080 -19.930 0.000 2.030
3 15 -19.140 0.000 2.080 -18.560 0.000 1.080 -17.780 0.000 1.890
3 15 -17.780 0.000 1.890 -18.380 0.000 2.030 -19.140 0.000 2.080
3 15 -17.800 0.000 0.420 -17.010 0.000 1.390 -17.330 0.000 1.670
3 15 -17.330 0.000 1.670 -18.040 0.000 0.790 -17.800 0.000 0.420
3 15 -18.540 0.000 -0.650 -17.730 0.000 -1.310 -16.610 0.000 -0.380
3 15 -16.610 0.000 -0.380 -17.730 0.000 -0.450 -18.540 0.000 -0.650
3 15 -16.630 0.000 0.250 -17.720 0.000 -0.160 -17.730 0.000 -0.450
3 15 -17.730 0.000 -0.450 -16.610 0.000 -0.380 -16.630 0.000 0.250
3 15 -17.010 0.000 1.390 -17.800 0.000 0.420 -16.670 0.000 0.640
3 15 -16.670 0.000 0.640 -16.800 0.000 1.060 -17.010 0.000 1.390
3 15 -16.670 0.000 0.640 -17.800 0.000 0.420 -17.720 0.000 -0.160
3 15 -17.720 0.000 -0.160 -16.630 0.000 0.250 -16.670 0.000 0.640
3 15 -18.540 0.000 -0.650 -18.480 0.000 -1.540 -17.730 0.000 -1.310
3 15 -14.250 0.000 -2.470 -15.340 0.000 -2.640 -15.040 0.000 -3.550
3 15 -15.040 0.000 -3.550 -14.070 0.000 -3.050 -14.250 0.000 -2.470
3 15 -14.910 0.000 -0.670 -14.610 0.000 -1.020 -14.200 0.000 -1.290
3 15 -14.200 0.000 -1.290 -13.950 0.000 -0.050 -14.910 0.000 -0.670
3 15 -15.040 0.000 -3.550 -14.490 0.000 -4.200 -13.730 0.000 -3.470
3 15 -13.730 0.000 -3.470 -14.070 0.000 -3.050 -15.040 0.000 -3.550
3 15 -12.560 0.000 -3.820 -13.230 0.000 -3.740 -13.670 0.000 -4.600
3 15 -13.670 0.000 -4.600 -12.550 0.000 -4.730 -12.560 0.000 -3.820
3 15 -13.230 0.000 -3.740 -13.730 0.000 -3.470 -14.490 0.000 -4.200
3 15 -14.490 0.000 -4.200 -13.670 0.000 -4.600 -13.230 0.000 -3.740
3 15 -14.200 0.000 -1.290 -13.540 0.000 -1.540 -13.200 0.000 -0.450
3 15 -13.200 0.000 -0.450 -13.530 0.000 -0.350 -14.200 0.000 -1.290
3 15 -13.200 0.000 -0.450 -13.540 0.000 -1.540 -12.520 0.000 -1.820
3 15 -12.520 0.000 -1.820 -12.550 0.000 -0.630 -13.200 0.000 -0.450
3 15 -15.160 0.000 0.210 -15.100 0.000 -0.250 -13.950 0.000 -0.050
3 15 -13.950 0.000 -0.050 -14.090 0.000 0.330 -15.160 0.000 0.210
3 15 -15.160 0.000 0.210 -14.090 0.000 0.330 -14.960 0.000 1.010
3 15 -14.960 0.000 1.010 -15.110 0.000 0.620 -15.160 0.000 0.210
3 15 -14.960 0.000 1.010 -14.090 0.000 0.330 -13.760 0.000 0.920
3 15 -13.760 0.000 0.920 -14.720 0.000 1.350 -14.960 0.000 1.010
3 15 -14.720 0.000 1.350 -13.760 0.000 0.920 -13.710 0.000 1.950
3 15 -13.710 0.000 1.950 -14.410 0.000 1.630 -14.720 0.000 1.350
3 15 -15.100 0.000 -0.250 -14.910 0.000 -0.670 -13.950 0.000 -0.050
3 15 -13.760 0.000 0.920 -13.330 0.000 1.110 -13.250 0.000 2.050
3 15 -13.250 0.000 2.050 -13.710 0.000 1.950 -13.760 0.000 0.920
3 15 -12.030 0.000 2.030 -12.760 0.000 2.080 -13.250 0.000 2.050
3 15 -13.250 0.000 2.050 -12.680 0.000 1.180 -12.030 0.000 2.030
3 15 -13.330 0.000 1.110 -12.680 0.000 1.180 -13.250 0.000 2.050
3 15 -14.200 0.000 -1.290 -13.530 0.000 -0.350 -13.950 0.000 -0.050
3 15 -12.560 0.000 -3.820 -11.820 0.000 -4.670 -11.180 0.000 -4.470
3 15 -11.180 0.000 -4.470 -11.900 0.000 -3.750 -12.560 0.000 -3.820
3 15 -11.900 0.000 -3.750 -11.180 0.000 -4.470 -10.640 0.000 -4.140
3 15 -10.640 0.000 -4.140 -11.430 0.000 -3.510 -11.900 0.000 -3.750
3 15 -11.780 0.000 -2.030 -11.560 0.000 -0.910 -12.550 0.000 -0.630
3 15 -12.550 0.000 -0.630 -12.520 0.000 -1.820 -11.780 0.000 -2.030
3 15 -11.780 0.000 -2.030 -11.390 0.000 -2.200 -10.500 0.000 -1.390
3 15 -10.500 0.000 -1.390 -10.920 0.000 -1.140 -11.780 0.000 -2.030
3 15 -11.430 0.000 -3.510 -10.640 0.000 -4.140 -10.250 0.000 -3.710
3 15 -10.250 0.000 -3.710 -11.150 0.000 -3.180 -11.430 0.000 -3.510
3 15 -10.250 0.000 -3.710 -10.000 0.000 -3.210 -11.060 0.000 -2.790
3 15 -11.060 0.000 -2.790 -11.150 0.000 -3.180 -10.250 0.000 -3.710
3 15 -9.990 0.000 -2.150 -11.060 0.000 -2.790 -10.000 0.000 -3.210
3 15 -10.000 0.000 -3.210 -9.920 0.000 -2.670 -9.990 0.000 -2.150
3 15 -11.390 0.000 -2.200 -11.060 0.000 -2.790 -9.990 0.000 -2.150
3 15 -9.990 0.000 -2.150 -10.190 0.000 -1.720 -11.390 0.000 -2.200
3 15 -12.680 0.000 1.180 -12.100 0.000 1.100 -11.410 0.000 1.860
3 15 -11.410 0.000 1.860 -12.030 0.000 2.030 -12.680 0.000 1.180
3 15 -12.100 0.000 1.100 -11.680 0.000 0.890 -10.900 0.000 1.600
3 15 -10.900 0.000 1.600 -11.410 0.000 1.860 -12.100 0.000 1.100
3 15 -11.680 0.000 0.890 -11.390 0.000 0.560 -10.550 0.000 1.260
3 15 -10.550 0.000 1.260 -10.900 0.000 1.600 -11.680 0.000 0.890
3 15 -11.560 0.000 -0.910 -11.780 0.000 -2.030 -10.920 0.000 -1.140
3 15 -10.550 0.000 1.260 -11.390 0.000 0.560 -11.250 0.000 0.110
3 15 -11.250 0.000 0.110 -10.320 0.000 0.820 -10.550 0.000 1.260
3 15 -11.250 0.000 0.110 -10.170 0.000 0.250 -10.320 0.000 0.820
3 15 -10.500 0.000 -1.390 -11.390 0.000 -2.200 -10.190 0.000 -1.720
3 15 -12.550 0.000 -4.730 -11.820 0.000 -4.670 -12.560 0.000 -3.820
3 15 -2.260 0.000 -2.120 -2.400 0.000 -4.580 -1.790 0.000 -3.600
3 15 -1.790 0.000 -3.600 -2.000 0.000 -2.880 -2.260 0.000 -2.120
3 15 -4.600 0.000 4.420 -5.890 0.000 4.420 -2.400 0.000 -4.580
3 15 -2.400 0.000 -4.580 -2.260 0.000 -2.120 -4.600 0.000 4.420
3 15 -1.790 0.000 -3.600 -1.180 0.000 -4.580 -1.300 0.000 -2.120
3 15 -1.300 0.000 -2.120 -1.560 0.000 -2.860 -1.790 0.000 -3.600
3 15 -1.180 0.000 -4.580 -1.790 0.000 -3.600 -2.400 0.000 -4.580
3 15 1.130 0.000 4.420 -1.300 0.000 -2.120 -1.180 0.000 -4.580
3 15 -1.180 0.000 -4.580 2.340 0.000 4.420 1.130 0.000 4.420
3 15 3.280 0.000 -3.180 4.230 0.000 -2.560 4.050 0.000 -1.610
3 15 4.050 0.000 -1.610 3.000 0.000 -2.360 3.280 0.000 -3.180
3 15 3.000 0.000 -2.360 4.050 0.000 -1.610 4.110 0.000 -0.700
3 15 4.110 0.000 -0.700 2.900 0.000 -1.380 3.000 0.000 -2.360
3 15 3.740 0.000 -3.850 4.650 0.000 -3.250 4.230 0.000 -2.560
3 15 4.230 0.000 -2.560 3.280 0.000 -3.180 3.740 0.000 -3.850
3 15 5.120 0.000 -4.630 5.270 0.000 -3.680 4.650 0.000 -3.250
3 15 4.650 0.000 -3.250 4.370 0.000 -4.340 5.120 0.000 -4.630
3 15 5.270 0.000 -3.680 5.120 0.000 -4.630 6.010 0.000 -4.730
3 15 6.010 0.000 -4.730 6.020 0.000 -3.820 5.270 0.000 -3.680
3 15 4.650 0.000 -3.250 3.740 0.000 -3.850 4.370 0.000 -4.340
3 15 4.110 0.000 -0.700 4.050 0.000 -1.610 8.910 0.000 -1.610
3 15 8.910 0.000 -1.610 7.750 0.000 -0.700 4.110 0.000 -0.700
3 15 4.280 0.000 0.070 3.000 0.000 -0.360 2.900 0.000 -1.380
3 15 2.900 0.000 -1.380 4.110 0.000 -0.700 4.280 0.000 0.070
3 15 3.750 0.000 1.180 3.280 0.000 0.490 3.000 0.000 -0.360
3 15 3.000 0.000 -0.360 4.280 0.000 0.070 3.750 0.000 1.180
3 15 4.280 0.000 0.070 4.680 0.000 0.670 4.370 0.000 1.680
3 15 4.370 0.000 1.680 3.750 0.000 1.180 4.280 0.000 0.070
3 15 5.960 0.000 1.180 5.110 0.000 1.980 4.370 0.000 1.680
3 15 4.370 0.000 1.680 5.260 0.000 1.050 5.960 0.000 1.180
3 15 4.680 0.000 0.670 5.260 0.000 1.050 4.370 0.000 1.680
3 15 5.110 0.000 1.980 5.960 0.000 1.180 6.770 0.000 1.990
3 15 6.770 0.000 1.990 5.950 0.000 2.080 5.110 0.000 1.980
3 15 7.050 0.000 -4.590 6.580 0.000 -3.740 6.020 0.000 -3.820
3 15 6.020 0.000 -3.820 6.010 0.000 -4.730 7.050 0.000 -4.590
3 15 6.580 0.000 -3.740 7.050 0.000 -4.590 7.880 0.000 -4.180
3 15 7.880 0.000 -4.180 7.060 0.000 -3.500 6.580 0.000 -3.740
3 15 7.880 0.000 -4.180 8.490 0.000 -3.510 7.740 0.000 -2.480
3 15 7.740 0.000 -2.480 7.440 0.000 -3.090 7.880 0.000 -4.180
3 15 7.740 0.000 -2.480 8.490 0.000 -3.510 8.880 0.000 -2.630
3 15 7.880 0.000 -4.180 7.440 0.000 -3.090 7.060 0.000 -3.500
3 15 8.090 0.000 1.190 7.480 0.000 1.690 6.730 0.000 1.020
3 15 6.730 0.000 1.020 7.330 0.000 0.540 8.090 0.000 1.190
3 15 7.480 0.000 1.690 6.770 0.000 1.990 5.960 0.000 1.180
3 15 5.960 0.000 1.180 6.730 0.000 1.020 7.480 0.000 1.690
3 15 7.610 0.000 0.020 8.550 0.000 0.520 8.090 0.000 1.190
3 15 8.090 0.000 1.190 7.330 0.000 0.540 7.610 0.000 0.020
3 15 8.910 0.000 -1.610 8.920 0.000 -1.310 8.820 0.000 -0.320
3 15 8.820 0.000 -0.320 7.750 0.000 -0.700 8.910 0.000 -1.610
3 15 8.550 0.000 0.520 7.610 0.000 0.020 7.750 0.000 -0.700
3 15 7.750 0.000 -0.700 8.820 0.000 -0.320 8.550 0.000 0.520
3 15 10.230 0.000 -6.050 10.760 0.000 -6.710 11.510 0.000 -6.010
3 15 11.510 0.000 -6.010 11.270 0.000 -5.710 10.230 0.000 -6.050
3 15 11.270 0.000 -5.710 11.140 0.000 -5.290 10.070 0.000 -5.130
3 15 10.070 0.000 -5.130 10.230 0.000 -6.050 11.270 0.000 -5.710
3 15 10.580 0.000 -3.610 11.140 0.000 -4.150 12.060 0.000 -3.520
3 15 12.060 0.000 -3.520 11.490 0.000 -3.080 10.580 0.000 -3.610
3 15 11.590 0.000 -7.100 12.640 0.000 -7.230 12.640 0.000 -6.320
3 15 12.640 0.000 -6.320 12.000 0.000 -6.240 11.590 0.000 -7.100
3 15 12.640 0.000 -6.320 12.640 0.000 -7.230 13.550 0.000 -7.140
3 15 13.550 0.000 -7.140 13.320 0.000 -6.240 12.640 0.000 -6.320
3 15 12.660 0.000 -4.580 12.060 0.000 -3.520 11.140 0.000 -4.150
3 15 11.140 0.000 -4.150 11.830 0.000 -4.480 12.660 0.000 -4.580
3 15 12.000 0.000 -6.240 11.510 0.000 -6.010 10.760 0.000 -6.710
3 15 10.760 0.000 -6.710 11.590 0.000 -7.100 12.000 0.000 -6.240
3 15 9.840 0.000 -1.290 9.930 0.000 -2.150 11.110 0.000 -2.320
3 15 11.110 0.000 -2.320 10.980 0.000 -1.210 9.840 0.000 -1.290
3 15 10.180 0.000 0.440 9.930 0.000 -0.390 10.980 0.000 -1.210
3 15 10.980 0.000 -1.210 11.110 0.000 -0.170 10.180 0.000 0.440
3 15 10.180 0.000 0.440 11.500 0.000 0.570 11.160 0.000 1.650
3 15 11.160 0.000 1.650 10.600 0.000 1.130 10.180 0.000 0.440
3 15 9.930 0.000 -0.390 9.840 0.000 -1.290 10.980 0.000 -1.210
3 15 9.930 0.000 -2.150 10.170 0.000 -2.920 11.490 0.000 -3.080
3 15 11.490 0.000 -3.080 11.110 0.000 -2.320 9.930 0.000 -2.150
3 15 11.500 0.000 0.570 12.070 0.000 1.020 11.860 0.000 1.980
3 15 11.860 0.000 1.980 11.160 0.000 1.650 11.500 0.000 0.570
3 15 12.070 0.000 1.020 12.750 0.000 1.170 12.670 0.000 2.080
3 15 12.670 0.000 2.080 11.860 0.000 1.980 12.070 0.000 1.020
3 15 11.500 0.000 0.570 10.180 0.000 0.440 11.110 0.000 -0.170
3 15 10.170 0.000 -2.920 10.580 0.000 -3.610 11.490 0.000 -3.080
3 15 13.550 0.000 -7.140 14.300 0.000 -6.860 13.820 0.000 -6.010
3 15 13.820 0.000 -6.010 13.320 0.000 -6.240 13.550 0.000 -7.140
3 15 12.660 0.000 -4.580 13.650 0.000 -4.370 13.470 0.000 -3.520
3 15 13.470 0.000 -3.520 12.770 0.000 -3.670 12.660 0.000 -4.580
3 15 14.170 0.000 -5.640 13.820 0.000 -6.010 14.300 0.000 -6.860
3 15 14.300 0.000 -6.860 14.880 0.000 -6.430 14.170 0.000 -5.640
3 15 14.390 0.000 -5.150 14.170 0.000 -5.640 14.880 0.000 -6.430
3 15 14.880 0.000 -6.430 15.280 0.000 -5.860 14.390 0.000 -5.150
3 15 15.280 0.000 -5.860 15.510 0.000 -5.000 14.450 0.000 -4.630
3 15 14.450 0.000 -4.630 14.390 0.000 -5.150 15.280 0.000 -5.860
3 15 14.470 0.000 -3.730 14.450 0.000 -4.630 15.510 0.000 -5.000
3 15 15.510 0.000 -5.000 15.590 0.000 -3.700 14.470 0.000 -3.730
3 15 14.470 0.000 -3.730 15.590 0.000 -3.700 14.560 0.000 -1.240
3 15 14.560 0.000 -1.240 14.430 0.000 -2.330 14.470 0.000 -3.730
3 15 13.650 0.000 -4.370 14.470 0.000 -3.730 14.040 0.000 -3.080
3 15 14.040 0.000 -3.080 13.470 0.000 -3.520 13.650 0.000 -4.370
3 15 14.030 0.000 0.560 14.030 0.000 1.670 13.390 0.000 1.980
3 15 13.390 0.000 1.980 13.440 0.000 1.020 14.030 0.000 0.560
3 15 12.670 0.000 2.080 12.750 0.000 1.170 13.440 0.000 1.020
3 15 13.440 0.000 1.020 13.390 0.000 1.980 12.670 0.000 2.080
3 15 14.040 0.000 -3.080 14.470 0.000 -3.730 14.430 0.000 -2.330
3 15 14.560 0.000 -1.240 15.590 0.000 1.940 14.570 0.000 1.150
3 15 14.570 0.000 1.150 14.430 0.000 -0.190 14.560 0.000 -1.240
3 15 14.430 0.000 -0.190 14.570 0.000 1.150 14.030 0.000 1.670
3 15 14.030 0.000 1.670 14.030 0.000 0.560 14.430 0.000 -0.190
3 15 15.590 0.000 1.940 14.570 0.000 1.940 14.570 0.000 1.150
3 15 15.590 0.000 -3.700 15.590 0.000 1.940 14.560 0.000 -1.240
3 15 12.060 0.000 -3.520 12.660 0.000 -4.580 12.770 0.000 -3.670
3 15 17.030 0.000 -3.610 17.470 0.000 -4.210 18.400 0.000 -3.570
3 15 18.400 0.000 -3.570 18.150 0.000 -3.240 17.030 0.000 -3.610
3 15 17.470 0.000 -4.210 18.170 0.000 -4.600 18.820 0.000 -3.790
3 15 18.820 0.000 -3.790 18.400 0.000 -3.570 17.470 0.000 -4.210
3 15 18.150 0.000 -3.240 18.070 0.000 -2.830 16.890 0.000 -2.870
3 15 16.890 0.000 -2.870 17.030 0.000 -3.610 18.150 0.000 -3.240
3 15 16.890 0.000 -2.870 18.070 0.000 -2.830 17.110 0.000 -1.990
3 15 17.110 0.000 -1.990 16.940 0.000 -2.410 16.890 0.000 -2.870
3 15 18.070 0.000 -2.830 18.220 0.000 -2.310 17.360 0.000 -1.630
3 15 17.360 0.000 -1.630 17.110 0.000 -1.990 18.070 0.000 -2.830
3 15 18.820 0.000 -3.790 19.120 0.000 -4.730 19.750 0.000 -4.680
3 15 19.750 0.000 -4.680 19.380 0.000 -3.870 18.820 0.000 -3.790
3 15 18.220 0.000 -2.310 18.660 0.000 -1.950 18.050 0.000 -1.140
3 15 18.050 0.000 -1.140 17.680 0.000 -1.350 18.220 0.000 -2.310
3 15 18.820 0.000 -3.790 18.170 0.000 -4.600 19.120 0.000 -4.730
3 15 18.660 0.000 -1.950 19.040 0.000 -1.830 18.880 0.000 -0.910
3 15 18.880 0.000 -0.910 18.470 0.000 -0.990 18.660 0.000 -1.950
3 15 17.360 0.000 -1.630 18.220 0.000 -2.310 17.680 0.000 -1.350
3 15 17.080 0.000 0.080 18.160 0.000 -0.070 18.390 0.000 0.520
3 15 18.390 0.000 0.520 17.270 0.000 0.700 17.080 0.000 0.080
3 15 17.270 0.000 0.700 18.390 0.000 0.520 17.980 0.000 1.570
3 15 17.980 0.000 1.570 17.570 0.000 1.200 17.270 0.000 0.700
3 15 18.880 0.000 -0.910 19.040 0.000 -1.830 19.620 0.000 -1.730
3 15 19.620 0.000 -1.730 19.460 0.000 -0.830 18.880 0.000 -0.910
3 15 18.050 0.000 -1.140 18.660 0.000 -1.950 18.470 0.000 -0.990
3 15 18.390 0.000 0.520 18.710 0.000 0.900 18.540 0.000 1.850
3 15 18.540 0.000 1.850 17.980 0.000 1.570 18.390 0.000 0.520
3 15 18.540 0.000 1.850 19.180 0.000 1.100 19.860 0.000 1.170
3 15 19.860 0.000 1.170 19.230 0.000 2.030 18.540 0.000 1.850
3 15 19.180 0.000 1.100 18.540 0.000 1.850 18.710 0.000 0.900
3 15 19.620 0.000 -1.730 20.680 0.000 -1.540 20.620 0.000 -0.650
3 15 20.620 0.000 -0.650 19.460 0.000 -0.830 19.620 0.000 -1.730
3 15 19.380 0.000 -3.870 19.750 0.000 -4.680 20.340 0.000 -4.520
3 15 20.340 0.000 -4.520 19.990 0.000 -3.800 19.380 0.000 -3.870
3 15 19.990 0.000 -3.800 20.340 0.000 -4.520 20.920 0.000 -4.230
3 15 20.920 0.000 -4.230 20.520 0.000 -3.590 19.990 0.000 -3.800
3 15 20.520 0.000 -3.590 20.920 0.000 -4.230 21.520 0.000 -3.780
3 15 21.520 0.000 -3.780 20.950 0.000 -3.260 20.520 0.000 -3.590
3 15 21.250 0.000 -2.820 22.560 0.000 -3.110 22.550 0.000 -1.850
3 15 22.550 0.000 -1.850 21.380 0.000 -2.360 21.250 0.000 -2.820
3 15 20.950 0.000 -3.260 21.520 0.000 -3.780 22.560 0.000 -3.110
3 15 22.560 0.000 -3.110 21.250 0.000 -2.820 20.950 0.000 -3.260
3 15 21.600 0.000 -4.210 21.740 0.000 -4.580 22.900 0.000 -4.580
3 15 22.900 0.000 -4.580 22.720 0.000 -4.200 21.600 0.000 -4.210
3 15 22.720 0.000 -4.200 22.620 0.000 -3.800 21.520 0.000 -3.780
3 15 21.520 0.000 -3.780 21.600 0.000 -4.210 22.720 0.000 -4.200
3 15 22.550 0.000 -1.850 21.430 0.000 -1.720 21.380 0.000 -2.360
3 15 22.620 0.000 -3.800 22.560 0.000 -3.110 21.520 0.000 -3.780
3 15 21.430 0.000 -1.720 22.550 0.000 -1.850 22.550 0.000 -0.380
3 15 22.550 0.000 -0.380 21.430 0.000 -1.310 21.430 0.000 -1.720
3 15 21.830 0.000 1.670 21.380 0.000 1.890 20.590 0.000 1.080
3 15 20.590 0.000 1.080 21.120 0.000 0.790 21.830 0.000 1.670
3 15 19.230 0.000 2.030 19.860 0.000 1.170 20.590 0.000 1.080
3 15 20.590 0.000 1.080 20.020 0.000 2.080 19.230 0.000 2.030
3 15 20.020 0.000 2.080 20.590 0.000 1.080 21.380 0.000 1.890
3 15 21.380 0.000 1.890 20.780 0.000 2.030 20.020 0.000 2.080
3 15 21.360 0.000 0.420 22.150 0.000 1.390 21.830 0.000 1.670
3 15 21.830 0.000 1.670 21.120 0.000 0.790 21.360 0.000 0.420
3 15 20.620 0.000 -0.650 21.430 0.000 -1.310 22.550 0.000 -0.380
3 15 22.550 0.000 -0.380 21.430 0.000 -0.450 20.620 0.000 -0.650
3 15 22.530 0.000 0.250 21.430 0.000 -0.160 21.430 0.000 -0.450
3 15 21.430 0.000 -0.450 22.550 0.000 -0.380 22.530 0.000 0.250
3 15 22.150 0.000 1.390 21.360 0.000 0.420 22.490 0.000 0.640
3 15 22.490 0.000 0.640 22.350 0.000 1.060 22.150 0.000 1.390
3 15 22.490 0.000 0.640 21.360 0.000 0.420 21.430 0.000 -0.160
3 15 21.430 0.000 -0.160 22.530 0.000 0.250 22.490 0.000 0.640
3 15 20.620 0.000 -0.650 20.680 0.000 -1.540 21.430 0.000 -1.310
3 15 24.910 0.000 -2.470 23.820 0.000 -2.640 24.120 0.000 -3.550
3 15 24.120 0.000 -3.550 25.090 0.000 -3.050 24.910 0.000 -2.470
3 15 24.240 0.000 -0.670 24.540 0.000 -1.020 24.960 0.000 -1.290
3 15 24.960 0.000 -1.290 25.210 0.000 -0.050 24.240 0.000 -0.670
3 15 24.120 0.000 -3.550 24.670 0.000 -4.200 25.420 0.000 -3.470
3 15 25.420 0.000 -3.470 25.090 0.000 -3.050 24.120 0.000 -3.550
3 15 26.600 0.000 -3.820 25.930 0.000 -3.740 25.490 0.000 -4.600
3 15 25.490 0.000 -4.600 26.610 0.000 -4.730 26.600 0.000 -3.820
3 15 25.930 0.000 -3.740 25.420 0.000 -3.470 24.670 0.000 -4.200
3 15 24.670 0.000 -4.200 25.490 0.000 -4.600 25.930 0.000 -3.740
3 15 24.960 0.000 -1.290 25.610 0.000 -1.540 25.960 0.000 -0.450
3 15 25.960 0.000 -0.450 25.630 0.000 -0.350 24.960 0.000 -1.290
3 15 25.960 0.000 -0.450 25.610 0.000 -1.540 26.640 0.000 -1.820
3 15 26.640 0.000 -1.820 26.610 0.000 -0.630 25.960 0.000 -0.450
3 15 24.000 0.000 0.210 24.060 0.000 -0.250 25.210 0.000 -0.050
3 15 25.210 0.000 -0.050 25.070 0.000 0.330 24.000 0.000 0.210
3 15 24.000 0.000 0.210 25.070 0.000 0.330 24.200 0.000 1.010
3 15 24.200 0.000 1.010 24.050 0.000 0.620 24.000 0.000 0.210
3 15 24.200 0.000 1.010 25.070 0.000 0.330 25.400 0.000 0.920
3 15 25.400 0.000 0.920 24.440 0.000 1.350 24.200 0.000 1.010
3 15 24.440 0.000 1.350 25.400 0.000 0.920 25.450 0.000 1.950
3 15 25.450 0.000 1.950 24.740 0.000 1.630 24.440 0.000 1.350
3 15 24.060 0.000 -0.250 24.240 0.000 -0.670 25.210 0.000 -0.050
3 15 25.400 0.000 0.920 25.830 0.000 1.110 25.910 0.000 2.050
3 15 25.910 0.000 2.050 25.450 0.000 1.950 25.400 0.000 0.920
3 15 27.120 0.000 2.030 26.400 0.000 2.080 25.910 0.000 2.050
3 15 25.910 0.000 2.050 26.480 0.000 1.180 27.120 0.000 2.030
3 15 25.830 0.000 1.110 26.480 0.000 1.180 25.910 0.000 2.050
3 15 24.960 0.000 -1.290 25.630 0.000 -0.350 25.210 0.000 -0.050
3 15 26.600 0.000 -3.820 27.330 0.000 -4.670 27.980 0.000 -4.470
3 15 27.980 0.000 -4.470 27.260 0.000 -3.750 26.600 0.000 -3.820
3 15 27.260 0.000 -3.750 27.980 0.000 -4.470 28.520 0.000 -4.140
3 15 28.520 0.000 -4.140 27.730 0.000 -3.510 27.260 0.000 -3.750
3 15 27.380 0.000 -2.030 27.600 0.000 -0.910 26.610 0.000 -0.630
3 15 26.610 0.000 -0.630 26.640 0.000 -1.820 27.380 0.000 -2.030
3 15 27.380 0.000 -2.030 27.770 0.000 -2.200 28.660 0.000 -1.390
3 15 28.660 0.000 -1.390 28.240 0.000 -1.140 27.380 0.000 -2.030
3 15 27.730 0.000 -3.510 28.520 0.000 -4.140 28.910 0.000 -3.710
3 15 28.910 0.000 -3.710 28.010 0.000 -3.180 27.730 0.000 -3.510
3 15 28.910 0.000 -3.710 29.150 0.000 -3.210 28.100 0.000 -2.790
3 15 28.100 0.000 -2.790 28.010 0.000 -3.180 28.910 0.000 -3.710
3 15 29.170 0.000 -2.150 28.100 0.000 -2.790 29.150 0.000 -3.210
3 15 29.150 0.000 -3.210 29.230 0.000 -2.670 29.170 0.000 -2.150
3 15 27.770 0.000 -2.200 28.100 0.000 -2.790 29.170 0.000 -2.150
3 15 29.170 0.000 -2.150 28.970 0.000 -1.720 27.770 0.000 -2.200
3 15 26.480 0.000 1.180 27.050 0.000 1.100 27.750 0.000 1.860
3 15 27.750 0.000 1.860 27.120 0.000 2.030 26.480 0.000 1.180
3 15 27.050 0.000 1.100 27.480 0.000 0.890 28.260 0.000 1.600
3 15 28.260 0.000 1.600 27.750 0.000 1.860 27.050 0.000 1.100
3 15 27.480 0.000 0.890 27.760 0.000 0.560 28.610 0.000 1.260
3 15 28.610 0.000 1.260 28.260 0.000 1.600 27.480 0.000 0.890
3 15 27.600 0.000 -0.910 27.380 0.000 -2.030 28.240 0.000 -1.140
3 15 28.610 0.000 1.260 27.760 0.000 0.560 27.910 0.000 0.110
3 15 27.910 0.000 0.110 28.840 0.000 0.820 28.610 0.000 1.260
3 15 27.910 0.000 0.110 28.990 0.000 0.250 28.840 0.000 0.820
3 15 28.660 0.000 -1.390 27.770 0.000 -2.200 28.970 0.000 -1.720
3 15 26.610 0.000 -4.730 27.330 0.000 -4.670 26.600 0.000 -3.820
1 16 0.0000 0.0000 0.0000 1.0000 0.0000 0.0000 0.0000 1.0000 0.0000 0.0000 0.0000 1.0000 s/4162s01.dat
