0 FILE 41879pb015.dat
0 Legs Short with Light Nougat Feet Pattern
0 Name:  41879pb015.dat
0 Author:  
0 BL_Item_No 41879pb015
0 BFC CERTIFY CCW
3 16 18.667 16.000 -4.000 1.000 16.000 -4.000 1.000 16.000 -10.000
3 16 1.000 16.000 -10.000 18.667 16.000 -10.000 18.667 16.000 -4.000
3 16 18.000 0.000 10.000 18.000 0.000 -10.000 18.250 6.000 -4.000
3 16 18.667 16.000 10.000 18.000 0.000 10.000 18.250 6.000 -4.000
3 16 18.250 6.000 -4.000 18.667 16.000 -4.000 18.667 16.000 10.000
3 16 -1.000 16.000 -4.000 -18.667 16.000 -4.000 -18.667 16.000 -10.000
3 16 -18.667 16.000 -10.000 -1.000 16.000 -10.000 -1.000 16.000 -4.000
3 16 -18.250 6.000 -4.000 -18.000 0.000 -10.000 -18.000 0.000 10.000
3 16 -18.250 6.000 -4.000 -18.000 0.000 10.000 -18.667 16.000 10.000
3 16 -18.667 16.000 10.000 -18.667 16.000 -4.000 -18.250 6.000 -4.000
3 78 19.000 24.000 10.000 18.667 16.000 10.000 18.667 16.000 -4.000
3 78 18.667 16.000 -10.000 19.000 24.000 -10.000 19.000 24.000 10.000
3 78 19.000 24.000 10.000 18.667 16.000 -4.000 18.667 16.000 -10.000
3 78 18.667 16.000 -10.000 1.000 16.000 -10.000 1.000 24.000 -10.000
3 78 1.000 24.000 -10.000 19.000 24.000 -10.000 18.667 16.000 -10.000
3 78 1.000 16.000 10.000 18.667 16.000 10.000 19.000 24.000 10.000
3 78 19.000 24.000 10.000 1.000 24.000 10.000 1.000 16.000 10.000
3 78 -18.667 16.000 10.000 -19.000 24.000 10.000 -18.667 16.000 -4.000
3 78 -18.667 16.000 -10.000 -18.667 16.000 -4.000 -19.000 24.000 10.000
3 78 -19.000 24.000 10.000 -19.000 24.000 -10.000 -18.667 16.000 -10.000
3 78 -1.000 24.000 -10.000 -1.000 16.000 -10.000 -18.667 16.000 -10.000
3 78 -18.667 16.000 -10.000 -19.000 24.000 -10.000 -1.000 24.000 -10.000
3 78 -18.667 16.000 10.000 -1.000 16.000 10.000 -1.000 24.000 10.000
3 78 -1.000 24.000 10.000 -19.000 24.000 10.000 -18.667 16.000 10.000
3 16 -18.000 0.000 10.000 18.000 0.000 10.000 1.000 6.000 10.000
3 16 1.000 6.000 10.000 -1.000 6.000 10.000 -18.000 0.000 10.000
3 16 1.000 6.000 10.000 18.000 0.000 10.000 18.667 16.000 10.000
3 16 18.667 16.000 10.000 1.000 16.000 10.000 1.000 6.000 10.000
3 16 1.000 24.000 10.000 1.000 16.000 -4.000 1.000 7.000 -4.000
3 16 1.000 7.000 -4.000 1.000 7.000 10.000 1.000 24.000 10.000
3 16 1.000 24.000 -10.000 1.000 16.000 -10.000 1.000 16.000 -4.000
3 16 1.000 16.000 -4.000 1.000 24.000 10.000 1.000 24.000 -10.000
3 16 1.000 16.000 -4.000 18.667 16.000 -4.000 18.250 6.000 -4.000
3 16 18.250 6.000 -4.000 1.000 6.000 -4.000 1.000 16.000 -4.000
3 16 16.000 24.000 6.000 19.000 24.000 10.000 19.000 24.000 -10.000
3 16 19.000 24.000 -10.000 16.000 24.000 -6.000 16.000 24.000 6.000
3 16 16.000 24.000 -6.000 19.000 24.000 -10.000 1.000 24.000 -10.000
3 16 1.000 24.000 -10.000 4.000 24.000 -6.000 16.000 24.000 -6.000
3 16 4.000 24.000 -6.000 1.000 24.000 -10.000 1.000 24.000 10.000
3 16 1.000 24.000 10.000 4.000 24.000 6.000 4.000 24.000 -6.000
3 16 4.000 24.000 6.000 1.000 24.000 10.000 19.000 24.000 10.000
3 16 19.000 24.000 10.000 16.000 24.000 6.000 4.000 24.000 6.000
3 16 -1.000 16.000 10.000 -18.667 16.000 10.000 -18.000 0.000 10.000
3 16 -18.000 0.000 10.000 -1.000 6.000 10.000 -1.000 16.000 10.000
3 16 -18.250 6.000 -4.000 -18.667 16.000 -4.000 -1.000 16.000 -4.000
3 16 -1.000 16.000 -4.000 -1.000 6.000 -4.000 -18.250 6.000 -4.000
3 16 -1.000 7.000 10.000 -1.000 7.000 -4.000 -1.000 16.000 -4.000
3 16 -1.000 16.000 -4.000 -1.000 24.000 10.000 -1.000 7.000 10.000
3 16 -1.000 16.000 -10.000 -1.000 24.000 -10.000 -1.000 24.000 10.000
3 16 -1.000 24.000 10.000 -1.000 16.000 -4.000 -1.000 16.000 -10.000
3 16 -4.000 24.000 6.000 -1.000 24.000 10.000 -1.000 24.000 -10.000
3 16 -1.000 24.000 -10.000 -4.000 24.000 -6.000 -4.000 24.000 6.000
3 16 -4.000 24.000 -6.000 -1.000 24.000 -10.000 -19.000 24.000 -10.000
3 16 -19.000 24.000 -10.000 -16.000 24.000 -6.000 -4.000 24.000 -6.000
3 16 -16.000 24.000 -6.000 -19.000 24.000 -10.000 -19.000 24.000 10.000
3 16 -19.000 24.000 10.000 -16.000 24.000 6.000 -16.000 24.000 -6.000
3 16 -16.000 24.000 6.000 -19.000 24.000 10.000 -1.000 24.000 10.000
3 16 -1.000 24.000 10.000 -4.000 24.000 6.000 -16.000 24.000 6.000
2 24 -18.250 6.000 -4.000 18.250 6.000 -4.000
2 24 18.667 16.000 10.000 19.000 24.000 10.000
2 24 18.000 0.000 10.000 18.667 16.000 10.000
2 24 19.000 24.000 -10.000 18.667 16.000 -10.000
2 24 18.667 16.000 -4.000 18.250 6.000 -4.000
2 24 1.000 16.000 -4.000 1.000 7.000 -4.000
2 24 1.000 24.000 10.000 1.000 7.000 10.000
2 24 1.000 16.000 -10.000 1.000 24.000 -10.000
2 24 -18.667 16.000 10.000 -18.000 0.000 10.000
2 24 -19.000 24.000 10.000 -18.667 16.000 10.000
2 24 -18.667 16.000 -10.000 -19.000 24.000 -10.000
2 24 -18.667 16.000 -4.000 -18.250 6.000 -4.000
2 24 -1.000 16.000 -4.000 -1.000 7.000 -4.000
2 24 -1.000 7.000 10.000 -1.000 24.000 10.000
2 24 -1.000 24.000 -10.000 -1.000 16.000 -10.000
1 16 0.0000 0.0000 0.0000 18.0000 0.0000 0.0000 0.0000 1.0000 0.0000 0.0000 0.0000 10.0000 rect.dat
1 16 0.0000 7.0000 10.0000 1.0000 0.0000 0.0000 0.0000 0.0000 -1.0000 0.0000 -1.0000 0.0000 2-4ndis.dat
0 BFC INVERTNEXT
1 16 0.0000 7.0000 10.0000 1.0000 0.0000 0.0000 0.0000 0.0000 -1.0000 0.0000 -14.0000 0.0000 2-4cylo.dat
1 16 0.0000 7.0000 -4.0000 -1.0000 0.0000 0.0000 0.0000 0.0000 -1.0000 0.0000 1.0000 0.0000 2-4ndis.dat
1 16 -18.0000 0.0000 -4.0000 0.0000 36.0000 0.0000 6.0000 0.0000 0.0000 0.0000 0.0000 -6.0000 1-4cyli.dat
1 16 -18.0000 0.0000 -4.0000 -0.2502 1.0008 0.0000 6.0048 0.0017 0.0000 0.0000 0.0000 -6.0000 1-4edge.dat
1 16 -18.0000 0.0000 -4.0000 -0.2502 1.0008 0.0000 6.0048 0.0017 0.0000 0.0000 0.0000 -6.0000 1-4chrd.dat
1 16 -18.0000 0.0000 -4.0000 0.0000 -0.2500 0.0000 -6.0000 0.0000 0.0000 0.0000 0.0000 -6.0000 1-4cyls2.dat
1 16 18.0000 0.0000 -4.0000 0.2502 -1.0008 0.0000 6.0048 0.0017 0.0000 0.0000 0.0000 -6.0000 1-4edge.dat
1 16 18.0000 0.0000 -4.0000 0.2502 -1.0008 0.0000 6.0048 0.0017 0.0000 0.0000 0.0000 -6.0000 1-4chrd.dat
1 16 18.0000 0.0000 -4.0000 0.0000 0.2500 0.0000 -6.0000 0.0000 0.0000 0.0000 0.0000 -6.0000 1-4cyls2.dat
1 16 10.0000 24.0000 0.0000 1.0000 0.0000 0.0000 0.0000 -1.2500 0.0000 0.0000 0.0000 1.0000 stud23d.dat
1 16 10.0000 24.0000 0.0000 9.0000 0.0000 0.0000 0.0000 1.0000 0.0000 0.0000 0.0000 10.0000 recte4.dat
1 16 9.8335 16.0000 -7.0000 0.0000 0.0000 8.8335 0.0000 1.0000 0.0000 -3.0000 0.0000 0.0000 recte4.dat
0 BFC INVERTNEXT
1 16 10.0000 19.0000 2.0000 6.0000 0.0000 0.0000 0.0000 -16.0000 0.0000 0.0000 0.0000 -4.0000 box5-4a.dat
1 16 10.0000 19.0000 -4.0000 -6.0000 0.0000 0.0000 0.0000 -1.0000 0.0000 0.0000 0.0000 -2.0000 rect.dat
1 16 -10.0000 24.0000 0.0000 1.0000 0.0000 0.0000 0.0000 -1.2500 0.0000 0.0000 0.0000 1.0000 stud23d.dat
1 16 -10.0000 24.0000 0.0000 9.0000 0.0000 0.0000 0.0000 1.0000 0.0000 0.0000 0.0000 10.0000 recte4.dat
1 16 -9.8335 16.0000 -7.0000 0.0000 0.0000 8.8335 0.0000 1.0000 0.0000 -3.0000 0.0000 0.0000 recte4.dat
0 BFC INVERTNEXT
1 16 -10.0000 19.0000 2.0000 -6.0000 0.0000 0.0000 0.0000 -16.0000 0.0000 0.0000 0.0000 -4.0000 box5-4a.dat
0 BFC INVERTNEXT
1 16 -10.0000 19.0000 -4.0000 6.0000 0.0000 0.0000 0.0000 1.0000 0.0000 0.0000 0.0000 -2.0000 rect.dat
1 16 10.0000 0.0000 0.0000 1.0000 0.0000 0.0000 0.0000 1.0000 0.0000 0.0000 0.0000 1.0000 hipstud.dat
3 16 -7.200 -11.000 -2.800 -8.000 -7.500 -2.800 -12.000 -7.500 -2.800
3 16 -12.000 -7.500 -2.800 -12.800 -11.000 -2.800 -7.200 -11.000 -2.800
3 16 -12.000 -7.500 -2.800 -12.000 -3.500 -2.800 -12.800 0.000 -2.800
3 16 -12.800 0.000 -2.800 -12.800 -11.000 -2.800 -12.000 -7.500 -2.800
3 16 -7.200 0.000 -2.800 -12.800 0.000 -2.800 -12.000 -3.500 -2.800
3 16 -12.000 -3.500 -2.800 -8.000 -3.500 -2.800 -7.200 0.000 -2.800
3 16 -8.000 -3.500 -2.800 -8.000 -7.500 -2.800 -7.200 -11.000 -2.800
3 16 -7.200 -11.000 -2.800 -7.200 0.000 -2.800 -8.000 -3.500 -2.800
3 16 -8.000 -7.500 -6.000 -6.540 -11.000 -6.000 -13.460 -11.000 -6.000
3 16 -13.460 -11.000 -6.000 -12.000 -7.500 -6.000 -8.000 -7.500 -6.000
3 16 -12.000 -3.500 -6.000 -12.000 -7.500 -6.000 -13.460 -11.000 -6.000
3 16 -13.460 -11.000 -6.000 -13.460 0.000 -6.000 -12.000 -3.500 -6.000
3 16 -13.460 0.000 -6.000 -6.540 0.000 -6.000 -8.000 -3.500 -6.000
3 16 -8.000 -3.500 -6.000 -12.000 -3.500 -6.000 -13.460 0.000 -6.000
3 16 -8.000 -7.500 -6.000 -8.000 -3.500 -6.000 -6.540 0.000 -6.000
3 16 -6.540 0.000 -6.000 -6.540 -11.000 -6.000 -8.000 -7.500 -6.000
3 16 -14.480 0.000 4.480 -16.000 0.000 3.460 -16.000 -4.000 3.460
3 16 -16.000 -4.000 3.460 -14.480 -11.000 4.480 -14.480 0.000 4.480
3 16 -14.480 -11.000 4.480 -16.000 -4.000 3.460 -16.000 -4.000 -3.460
3 16 -16.000 -4.000 -3.460 -14.480 -11.000 -4.480 -14.480 -11.000 4.480
3 16 -16.000 0.000 -3.460 -14.480 0.000 -4.480 -14.480 -11.000 -4.480
3 16 -14.480 -11.000 -4.480 -16.000 -4.000 -3.460 -16.000 0.000 -3.460
3 16 -14.480 -11.000 -4.480 -12.800 -11.000 -2.800 -12.800 -11.000 2.800
3 16 -12.800 -11.000 2.800 -14.480 -11.000 4.480 -14.480 -11.000 -4.480
3 16 -12.800 -11.000 2.800 -10.000 -11.000 5.600 -13.460 -11.000 6.000
3 16 -13.460 -11.000 6.000 -14.480 -11.000 4.480 -12.800 -11.000 2.800
3 16 -13.460 -11.000 6.000 -10.000 -11.000 5.600 -6.540 -11.000 6.000
3 16 -6.540 -11.000 6.000 -10.000 -11.000 5.600 -7.200 -11.000 2.800
3 16 -7.200 -11.000 2.800 -5.520 -11.000 4.480 -6.540 -11.000 6.000
3 16 -7.200 -11.000 2.800 -4.400 -11.000 0.000 -4.000 -11.000 3.460
3 16 -4.000 -11.000 3.460 -5.520 -11.000 4.480 -7.200 -11.000 2.800
3 16 -4.000 -11.000 3.460 -4.400 -11.000 0.000 -4.000 -11.000 -3.460
3 16 -4.400 -11.000 0.000 -7.200 -11.000 -2.800 -5.520 -11.000 -4.480
3 16 -5.520 -11.000 -4.480 -4.000 -11.000 -3.460 -4.400 -11.000 0.000
3 16 -5.520 -11.000 -4.480 -7.200 -11.000 -2.800 -6.540 -11.000 -6.000
3 16 -7.200 -11.000 -2.800 -12.800 -11.000 -2.800 -13.460 -11.000 -6.000
3 16 -13.460 -11.000 -6.000 -6.540 -11.000 -6.000 -7.200 -11.000 -2.800
3 16 -13.460 -11.000 -6.000 -12.800 -11.000 -2.800 -14.480 -11.000 -4.480
2 24 -7.200 0.000 -2.800 -12.800 0.000 -2.800
2 24 -12.800 -11.000 -2.800 -7.200 -11.000 -2.800
2 24 -7.200 -11.000 -2.800 -7.200 0.000 -2.800
2 24 -14.480 0.000 4.480 -16.000 0.000 3.460
2 24 -16.000 0.000 -3.460 -14.480 0.000 -4.480
2 24 -16.000 -4.000 3.460 -14.480 -11.000 4.480
2 24 -16.000 -4.000 -3.460 -14.480 -11.000 -4.480
2 24 -14.480 -11.000 4.480 -14.480 -11.000 -4.480
1 16 -10.0000 -11.0000 0.0000 -2.8000 0.0000 2.8000 0.0000 1.0000 0.0000 2.8000 0.0000 2.8000 2-4ndis.dat
0 BFC INVERTNEXT
1 16 -10.0000 -11.0000 0.0000 -2.8000 0.0000 2.8000 0.0000 11.0000 0.0000 2.8000 0.0000 2.8000 2-4cylo.dat
1 16 -12.8000 -5.5000 0.0000 0.0000 -1.0000 0.0000 0.0000 0.0000 5.5000 -2.8000 0.0000 0.0000 rect.dat
1 16 -10.0000 -5.5000 -2.8000 -2.0000 0.0000 0.0000 0.0000 0.0000 2.0000 0.0000 -1.0000 0.0000 4-4ndis.dat
0 BFC INVERTNEXT
1 16 -10.0000 -5.5000 -6.0000 -2.0000 0.0000 0.0000 0.0000 0.0000 2.0000 0.0000 3.2000 0.0000 4-4cylo.dat
1 16 -10.0000 -5.5000 -6.0000 -2.0000 0.0000 0.0000 0.0000 0.0000 2.0000 0.0000 1.0000 0.0000 4-4ndis.dat
1 16 -10.0000 -5.5000 6.0000 3.4600 0.0000 0.0000 0.0000 0.0000 5.5000 0.0000 -1.0000 0.0000 rect.dat
1 16 -4.0000 -5.5000 0.0000 0.0000 -1.0000 0.0000 0.0000 0.0000 5.5000 -3.4600 0.0000 0.0000 rect.dat
1 16 -16.0000 -2.0000 0.0000 0.0000 1.0000 0.0000 0.0000 0.0000 2.0000 3.4600 0.0000 0.0000 rect.dat
1 16 -10.0000 -5.5000 -6.0000 3.4600 0.0000 0.0000 0.0000 0.0000 5.5000 0.0000 -1.0000 0.0000 recte4.dat
1 16 -13.9700 -5.5000 -5.2400 -0.5126 1.0012 0.0000 0.0000 0.0000 -5.5000 0.7639 -0.0025 0.0000 rect2p.dat
1 16 -6.0300 -5.5000 -5.2400 -0.5126 -1.0012 0.0000 0.0000 0.0000 -5.5000 -0.7639 -0.0025 0.0000 rect2p.dat
1 16 -4.7600 -5.5000 -3.9700 -0.7639 -1.0012 0.0000 0.0000 0.0000 -5.5000 -0.5126 0.0025 0.0000 rect2p.dat
1 16 -4.7600 -5.5000 3.9700 0.7639 -1.0012 0.0000 0.0000 0.0000 -5.5000 -0.5126 -0.0025 0.0000 rect2p.dat
1 16 -6.0300 -5.5000 5.2400 0.5126 -1.0012 0.0000 0.0000 0.0000 -5.5000 -0.7639 0.0025 0.0000 rect2p.dat
1 16 -13.9700 -5.5000 5.2400 0.5126 1.0012 0.0000 0.0000 0.0000 -5.5000 0.7639 0.0025 0.0000 rect2p.dat
