0 FILE 41890.dat
0 Arm Mechanical, Super Battle Droid 
0 Name:  41890.dat
0 Author:  
0 BFC CERTIFY CCW
3 16 -0.022 45.517 -1.960 -0.022 45.517 1.960 0.054 46.743 0.000
3 16 -1.599 45.504 1.755 -0.022 45.517 1.960 -0.022 45.517 -1.960
3 16 -0.022 45.517 -1.960 -1.599 45.504 -1.755 -1.599 45.504 1.755
3 16 -2.873 45.504 0.000 -2.521 45.504 1.085 -2.521 45.504 -1.085
3 16 -1.599 45.504 -1.755 -2.521 45.504 -1.085 -2.521 45.504 1.085
3 16 -2.521 45.504 1.085 -1.599 45.504 1.755 -1.599 45.504 -1.755
2 24 -0.022 45.517 -1.960 -0.022 45.517 1.960
1 16 4.0000 0.0000 0.0000 0.0000 -1.0000 0.0000 0.0000 0.0000 4.0000 -4.0000 0.0000 0.0000 2-4ndis.dat
1 16 -4.0000 0.0000 0.0000 0.0000 1.0000 0.0000 0.0000 0.0000 4.0000 -4.0000 0.0000 0.0000 2-4ndis.dat
0 BFC INVERTNEXT
1 16 4.0000 0.0000 0.0000 0.0000 -8.0000 0.0000 0.0000 0.0000 4.0000 -4.0000 0.0000 0.0000 2-4cylo.dat
0 BFC INVERTNEXT
1 16 0.0000 25.0000 0.0000 0.0000 4.5000 0.0000 0.0000 0.0000 4.0000 -4.0000 0.0000 0.0000 4-4cylc.dat
1 16 -4.5000 25.0000 0.0000 0.0000 9.0000 0.0000 0.0000 0.0000 6.0000 -6.0000 0.0000 0.0000 4-4cylc.dat
1 16 4.5000 25.0000 0.0000 0.0000 -1.0000 0.0000 0.0000 0.0000 2.0000 -2.0000 0.0000 0.0000 4-4ring2.dat
1 16 9.8000 56.0000 0.0000 0.0000 -1.0000 0.0000 0.0000 0.0000 -4.0000 -4.0000 0.0000 0.0000 2-4ndis.dat
1 16 1.7000 56.0000 0.0000 0.0000 1.0000 -0.3000 0.0000 0.0000 -4.0000 -4.0000 0.0000 0.0000 2-4ndis.dat
1 16 9.8000 56.0000 0.0000 0.0000 -1.0000 0.0000 0.0000 0.0000 -4.0000 -4.0000 0.0000 0.0000 2-4edge.DAT
1 16 1.7000 56.0000 0.0000 0.0000 1.0000 -0.3000 0.0000 0.0000 -4.0000 -4.0000 0.0000 0.0000 2-4edge.DAT
0 BFC INVERTNEXT
1 16 9.8000 56.0000 0.0000 0.0000 -8.1000 0.0000 0.0000 0.0000 -4.0000 -4.0000 0.0000 0.0000 2-4cyli.DAT
0 BFC INVERTNEXT
1 16 1.7000 56.0000 0.0000 0.0000 -0.3000 0.0000 4.0000 0.0000 0.0000 0.0000 0.0000 -4.0000 1-4cyls2.dat
0 BFC INVERTNEXT
1 16 1.7000 56.0000 0.0000 0.0000 -0.3000 0.0000 4.0000 0.0000 0.0000 0.0000 0.0000 4.0000 1-4cyls2.dat
3 16 1.774 17.103 -9.168 1.907 17.880 -6.946 3.511 6.178 -6.204
3 16 1.907 17.880 -6.946 3.639 7.459 -4.673 3.511 6.178 -6.204
3 16 4.006 -1.908 -3.459 -4.006 -1.908 -3.459 -3.541 -3.427 -3.394
3 16 -3.541 -3.427 -3.394 3.549 -3.460 -3.410 4.006 -1.908 -3.459
3 16 3.549 -3.460 -3.410 -3.541 -3.427 -3.394 -2.131 -4.352 -3.394
3 16 -2.131 -4.352 -3.394 2.189 -4.352 -3.410 3.549 -3.460 -3.410
3 16 3.511 6.178 -6.204 4.000 6.203 -6.179 4.000 2.875 -8.214
3 16 1.907 17.880 -6.946 1.774 17.103 -9.168 -1.852 17.099 -9.284
3 16 -1.852 17.099 -9.284 -2.271 17.967 -6.920 1.907 17.880 -6.946
3 16 -2.407 6.428 -7.396 3.014 6.510 -7.573 -1.327 3.168 -8.254
3 16 -1.327 3.168 -8.254 3.014 6.510 -7.573 2.249 3.120 -8.209
3 16 3.639 7.459 -4.673 4.000 6.203 -6.179 3.511 6.178 -6.204
3 16 1.907 17.880 -6.946 2.111 19.653 -5.391 3.639 7.459 -4.673
3 16 4.000 8.180 -2.304 3.999 8.374 0.000 4.000 4.000 0.000
3 16 4.000 4.000 0.000 4.000 4.000 -4.000 4.000 8.180 -2.304
3 16 4.000 4.000 -4.000 4.000 6.203 -6.179 4.000 7.919 -3.686
3 16 4.000 7.919 -3.686 4.000 8.180 -2.304 4.000 4.000 -4.000
3 16 4.000 2.875 -8.214 4.000 6.203 -6.179 4.000 4.000 -4.000
3 16 4.000 4.000 -4.000 4.000 0.000 -4.000 4.000 2.875 -8.214
3 16 3.549 -3.461 -8.070 4.006 -1.915 -8.542 4.006 -1.908 -3.459
3 16 4.006 -1.908 -3.459 3.549 -3.460 -3.410 3.549 -3.461 -8.070
3 16 2.189 -4.352 -7.660 3.549 -3.461 -8.070 3.549 -3.460 -3.410
3 16 3.549 -3.460 -3.410 2.189 -4.352 -3.410 2.189 -4.352 -7.660
3 16 -2.131 -4.352 -7.660 2.189 -4.352 -7.660 2.189 -4.352 -3.410
3 16 2.189 -4.352 -3.410 -2.131 -4.352 -3.394 -2.131 -4.352 -7.660
3 16 -3.541 -3.427 -3.394 -3.541 -3.427 -8.070 -2.131 -4.352 -7.660
3 16 -2.131 -4.352 -7.660 -2.131 -4.352 -3.394 -3.541 -3.427 -3.394
3 16 -4.006 -1.908 -3.459 -4.006 -1.908 -8.542 -3.541 -3.427 -8.070
3 16 -3.541 -3.427 -8.070 -3.541 -3.427 -3.394 -4.006 -1.908 -3.459
3 16 -4.000 4.000 -4.000 -4.000 6.213 -6.167 -4.000 2.875 -8.214
3 16 -4.000 2.875 -8.214 -4.000 0.000 -4.000 -4.000 4.000 -4.000
3 16 -4.000 7.762 -3.756 -4.000 6.213 -6.167 -4.000 4.000 -4.000
3 16 -4.000 4.000 -4.000 -4.000 7.891 -2.057 -4.000 7.762 -3.756
3 16 -3.541 -3.427 -8.070 -4.006 -1.908 -8.542 4.006 -1.915 -8.542
3 16 4.006 -1.915 -8.542 3.549 -3.461 -8.070 -3.541 -3.427 -8.070
3 16 -4.000 6.213 -6.167 -4.000 7.762 -3.756 -3.208 8.007 -4.251
3 16 -3.208 8.007 -4.251 -2.901 6.926 -5.668 -4.000 6.213 -6.167
3 16 -3.208 8.007 -4.251 -4.000 7.762 -3.756 -5.385 14.124 -4.315
3 16 -1.327 3.168 -8.254 -4.000 2.875 -8.214 -4.000 6.213 -6.167
3 16 -1.327 3.168 -8.254 4.000 0.127 -8.729 -4.000 0.127 -8.729
3 16 -2.313 19.924 -5.281 2.111 19.653 -5.391 -2.437 18.709 -6.108
3 16 2.111 19.653 -5.391 1.907 17.880 -6.946 -2.437 18.709 -6.108
3 16 -2.437 18.709 -6.108 1.907 17.880 -6.946 -2.271 17.967 -6.920
3 16 -1.852 17.099 -9.284 1.774 17.103 -9.168 1.715 16.154 -10.263
3 16 1.715 16.154 -10.263 -1.642 16.162 -10.189 -1.852 17.099 -9.284
3 16 2.009 13.781 -10.593 -1.777 13.754 -10.461 -1.642 16.162 -10.189
3 16 -1.642 16.162 -10.189 1.715 16.154 -10.263 2.009 13.781 -10.593
3 16 -1.327 3.168 -8.254 -4.000 0.127 -8.729 -4.000 2.875 -8.214
3 16 -4.000 0.000 -4.000 -4.000 2.875 -8.214 -4.000 0.127 -8.729
3 16 -4.000 0.127 -8.729 -4.006 -1.908 -8.542 -4.000 0.000 -4.000
3 16 -1.327 3.168 -8.254 2.249 3.120 -8.209 4.000 0.127 -8.729
3 16 4.000 0.127 -8.729 2.249 3.120 -8.209 4.000 2.875 -8.214
3 16 -1.327 3.168 -8.254 -2.901 6.926 -5.668 -2.407 6.428 -7.396
3 16 -2.407 6.428 -7.396 -2.901 6.926 -5.668 -1.852 17.099 -9.284
3 16 -1.852 17.099 -9.284 -2.901 6.926 -5.668 -2.271 17.967 -6.920
3 16 -2.407 6.428 -7.396 -1.852 17.099 -9.284 -2.113 10.068 -9.228
3 16 -1.852 17.099 -9.284 -1.642 16.162 -10.189 -2.113 10.068 -9.228
3 16 -2.113 10.068 -9.228 -1.642 16.162 -10.189 -1.777 13.754 -10.461
3 16 -5.385 14.124 -4.315 -5.646 14.127 -2.563 -5.738 17.937 -4.618
3 16 -5.738 17.937 -4.618 -5.646 14.127 -2.563 -5.877 18.054 -3.342
3 16 -3.540 14.110 -4.980 -5.385 14.124 -4.315 -3.639 18.988 -5.454
3 16 -3.639 18.988 -5.454 -5.385 14.124 -4.315 -5.738 17.937 -4.618
3 16 -5.388 14.578 -2.258 -4.429 15.178 -1.834 -4.238 18.556 -2.229
3 16 -4.238 18.556 -2.229 -5.550 18.142 -2.985 -5.388 14.578 -2.258
3 16 -5.646 14.127 -2.563 -5.388 14.578 -2.258 -5.877 18.054 -3.342
3 16 -5.388 14.578 -2.258 -5.550 18.142 -2.985 -5.877 18.054 -3.342
3 16 -4.371 14.851 0.000 -4.047 19.000 0.000 -4.429 15.178 -1.834
3 16 -4.047 19.000 0.000 -4.238 18.556 -2.229 -4.429 15.178 -1.834
3 16 -4.000 4.000 0.000 -4.000 7.891 0.000 -4.000 7.891 -2.057
3 16 -4.000 7.891 -2.057 -4.000 4.000 -4.000 -4.000 4.000 0.000
3 16 -5.388 14.578 -2.258 -5.646 14.127 -2.563 -5.738 13.809 0.000
3 16 -5.738 13.809 0.000 -5.487 14.194 0.000 -5.388 14.578 -2.258
3 16 -4.006 -1.908 -3.459 4.006 -1.908 -3.459 4.000 0.000 -4.000
3 16 4.000 0.000 -4.000 -4.000 0.000 -4.000 -4.006 -1.908 -3.459
3 16 4.000 0.000 -4.000 4.006 -1.915 -8.542 4.000 0.127 -8.729
3 16 4.000 0.127 -8.729 4.000 2.875 -8.214 4.000 0.000 -4.000
3 16 4.006 -1.915 -8.542 4.000 0.000 -4.000 4.006 -1.908 -3.459
3 16 -4.000 0.127 -8.729 4.000 0.127 -8.729 4.006 -1.915 -8.542
3 16 4.006 -1.915 -8.542 -4.006 -1.908 -8.542 -4.000 0.127 -8.729
3 16 -4.006 -1.908 -3.459 -4.000 0.000 -4.000 -4.006 -1.908 -8.542
3 16 2.249 3.120 -8.209 3.014 6.510 -7.573 3.511 6.178 -6.204
3 16 3.511 6.178 -6.204 4.000 2.875 -8.214 2.249 3.120 -8.209
3 16 -4.429 15.178 -1.834 -5.388 14.578 -2.258 -5.487 14.194 0.000
3 16 -5.487 14.194 0.000 -4.371 14.851 0.000 -4.429 15.178 -1.834
3 16 -0.095 14.283 0.000 0.856 8.426 0.000 0.890 8.216 -2.298
3 16 4.000 7.919 -3.686 4.000 6.203 -6.179 3.639 7.459 -4.673
3 16 -3.208 8.007 -4.251 -2.437 18.709 -6.108 -2.271 17.967 -6.920
3 16 -2.271 17.967 -6.920 -2.901 6.926 -5.668 -3.208 8.007 -4.251
3 16 2.639 10.180 -9.089 -2.113 10.068 -9.228 2.009 13.781 -10.593
3 16 2.009 13.781 -10.593 -2.113 10.068 -9.228 -1.777 13.754 -10.461
3 16 2.009 13.781 -10.593 1.715 16.154 -10.263 1.774 17.103 -9.168
3 16 3.974 11.461 -3.716 4.321 13.342 -3.639 4.031 11.683 -2.405
3 16 4.321 13.342 -3.639 4.366 13.321 -2.394 4.031 11.683 -2.405
3 16 -0.095 14.283 0.000 0.890 8.216 -2.298 -0.350 14.540 -2.294
3 16 4.000 7.919 -3.686 3.974 11.461 -3.716 4.000 8.180 -2.304
3 16 4.000 8.180 -2.304 3.974 11.461 -3.716 4.031 11.683 -2.405
3 16 -2.131 -4.352 -7.660 -3.541 -3.427 -8.070 3.549 -3.461 -8.070
3 16 3.549 -3.461 -8.070 2.189 -4.352 -7.660 -2.131 -4.352 -7.660
3 16 -5.385 14.124 -4.315 -4.000 7.762 -3.756 -5.646 14.127 -2.563
3 16 -5.646 14.127 -2.563 -4.000 7.762 -3.756 -4.000 7.891 -2.057
3 16 -5.646 14.127 -2.563 -4.000 7.891 -2.057 -5.738 13.809 0.000
3 16 -5.738 13.809 0.000 -4.000 7.891 -2.057 -4.000 7.891 0.000
3 16 -5.385 14.124 -4.315 -3.540 14.110 -4.980 -3.208 8.007 -4.251
3 16 -3.208 8.007 -4.251 -3.540 14.110 -4.980 -2.437 18.709 -6.108
3 16 -3.540 14.110 -4.980 -3.639 18.988 -5.454 -2.437 18.709 -6.108
3 16 -2.113 10.068 -9.228 2.639 10.180 -9.089 -2.407 6.428 -7.396
3 16 -2.407 6.428 -7.396 2.639 10.180 -9.089 3.014 6.510 -7.573
3 16 4.031 11.683 -2.405 0.890 8.216 -2.298 4.000 8.180 -2.304
3 16 0.890 8.216 -2.298 4.031 11.683 -2.405 -0.350 14.540 -2.294
3 16 -0.350 14.540 -2.294 4.031 11.683 -2.405 4.366 13.321 -2.394
3 16 0.890 8.216 -2.298 0.856 8.426 0.000 3.999 8.374 0.000
3 16 3.999 8.374 0.000 4.000 8.180 -2.304 0.890 8.216 -2.298
3 16 -0.350 14.540 -2.294 4.366 13.321 -2.394 0.540 15.310 -2.319
3 16 0.575 14.905 -1.785 -0.095 14.283 0.000 -0.350 14.540 -2.294
3 16 0.575 14.905 -1.785 0.587 14.627 0.000 -0.095 14.283 0.000
3 16 0.540 15.310 -2.319 0.575 14.905 -1.785 -0.350 14.540 -2.294
3 16 -3.639 18.988 -5.454 -5.738 17.937 -4.618 -3.644 19.630 -4.597
3 16 -2.437 18.709 -6.108 -3.639 18.988 -5.454 -2.313 19.924 -5.281
3 16 -3.639 18.988 -5.454 -3.644 19.630 -4.597 -2.398 21.493 -4.734
3 16 2.639 10.180 -9.089 2.009 13.781 -10.593 1.774 17.103 -9.168
3 16 3.014 6.510 -7.573 2.639 10.180 -9.089 3.511 6.178 -6.204
3 16 2.639 10.180 -9.089 1.774 17.103 -9.168 3.511 6.178 -6.204
3 16 -1.327 3.168 -8.254 -4.000 6.213 -6.167 -2.901 6.926 -5.668
3 16 2.111 19.653 -5.391 3.974 11.461 -3.716 3.639 7.459 -4.673
3 16 3.639 7.459 -4.673 3.974 11.461 -3.716 4.000 7.919 -3.686
3 16 4.321 13.342 -3.639 3.974 11.461 -3.716 2.111 19.653 -5.391
3 16 1.108 19.457 -2.296 1.074 19.000 0.000 0.575 14.905 -1.785
3 16 1.074 19.000 0.000 0.587 14.627 0.000 0.575 14.905 -1.785
3 16 0.575 14.905 -1.785 0.540 15.310 -2.319 1.108 19.457 -2.296
3 16 -3.854 19.457 -2.296 -3.570 19.865 -2.907 -4.238 18.556 -2.229
3 16 -4.047 19.000 0.000 -3.854 19.457 -2.296 -4.238 18.556 -2.229
3 16 -2.949 20.757 -4.243 -2.398 21.493 -4.734 -3.644 19.630 -4.597
3 16 -3.570 19.865 -2.907 -2.949 20.757 -4.243 -3.644 19.630 -4.597
3 16 -2.398 21.493 -4.734 -2.313 19.924 -5.281 -3.639 18.988 -5.454
3 16 -3.570 19.865 -2.907 -3.644 19.630 -4.597 -5.877 18.054 -3.342
3 16 -5.877 18.054 -3.342 -3.644 19.630 -4.597 -5.738 17.937 -4.618
3 16 2.111 19.653 -5.391 -2.313 19.924 -5.281 1.856 21.642 -4.834
3 16 1.856 21.642 -4.834 -2.313 19.924 -5.281 -2.398 21.493 -4.734
3 16 1.856 21.642 -4.834 3.600 20.757 -4.243 2.111 19.653 -5.391
3 16 3.600 20.757 -4.243 4.321 13.342 -3.639 2.111 19.653 -5.391
3 16 3.600 20.757 -4.243 3.740 19.457 -2.296 4.366 13.321 -2.394
3 16 4.366 13.321 -2.394 4.321 13.342 -3.639 3.600 20.757 -4.243
3 16 4.366 13.321 -2.394 3.740 19.457 -2.296 0.540 15.310 -2.319
3 16 0.540 15.310 -2.319 3.740 19.457 -2.296 1.108 19.457 -2.296
3 16 -5.877 18.054 -3.342 -5.550 18.142 -2.985 -3.570 19.865 -2.907
3 16 -3.570 19.865 -2.907 -5.550 18.142 -2.985 -4.238 18.556 -2.229
3 16 3.670 30.561 -4.057 3.190 31.390 0.000 3.427 30.543 -2.296
3 16 3.427 30.543 -2.296 3.190 31.390 0.000 3.194 31.000 0.000
3 16 -1.210 24.949 -7.019 1.539 24.913 -7.005 -0.512 25.000 -6.000
3 16 1.222 25.000 -6.000 -0.512 25.000 -6.000 1.539 24.913 -7.005
3 16 1.222 25.000 -6.000 1.539 24.913 -7.005 3.025 27.184 -6.160
3 16 3.025 27.184 -6.160 2.698 27.296 -5.543 1.222 25.000 -6.000
3 16 3.025 27.184 -6.160 3.670 30.561 -4.057 3.329 29.243 -4.243
3 16 3.329 29.243 -4.243 2.698 27.296 -5.543 3.025 27.184 -6.160
3 16 3.427 30.543 -2.296 3.329 29.243 -4.243 3.670 30.561 -4.057
3 16 -2.111 30.543 -2.296 -1.875 31.000 0.000 -3.185 32.213 -2.565
3 16 -3.185 32.213 -2.565 -1.875 31.000 0.000 -3.000 32.459 0.000
3 16 -2.671 30.347 -4.736 -2.178 29.243 -4.243 -2.111 30.543 -2.296
3 16 -2.190 27.353 -6.348 -1.872 27.296 -5.543 -2.671 30.347 -4.736
3 16 -2.111 30.543 -2.296 -3.185 32.213 -2.565 -2.671 30.347 -4.736
3 16 -1.872 27.296 -5.543 -2.178 29.243 -4.243 -2.671 30.347 -4.736
3 16 -1.872 27.296 -5.543 -2.190 27.353 -6.348 -1.756 24.511 -7.917
3 16 -1.210 24.949 -7.019 -0.512 25.000 -6.000 -1.872 27.296 -5.543
3 16 5.666 51.154 -8.034 3.427 52.196 -8.290 5.552 53.691 -8.402
3 16 2.897 53.691 -8.406 5.552 53.691 -8.402 3.427 52.196 -8.290
3 16 1.674 24.469 -7.986 1.539 24.913 -7.005 -1.756 24.511 -7.917
3 16 -1.756 24.511 -7.917 1.539 24.913 -7.005 -1.210 24.949 -7.019
3 16 1.674 24.469 -7.986 -1.756 24.511 -7.917 -1.214 23.282 -9.006
3 16 0.457 22.994 -9.149 1.674 24.469 -7.986 -1.214 23.282 -9.006
3 16 -0.616 23.080 -9.688 -1.508 23.346 -9.713 -1.079 23.294 -10.259
3 16 -0.065 23.093 -10.283 -0.616 23.080 -9.688 -0.442 23.194 -10.381
3 16 -1.079 23.294 -10.259 -0.442 23.194 -10.381 -0.616 23.080 -9.688
3 16 -0.616 23.080 -9.688 -0.065 23.093 -10.283 0.326 23.044 -9.676
3 16 0.326 23.044 -9.676 0.457 22.994 -9.149 -0.616 23.080 -9.688
3 16 -0.616 23.080 -9.688 0.457 22.994 -9.149 -1.214 23.282 -9.006
3 16 -1.214 23.282 -9.006 -1.508 23.346 -9.713 -0.616 23.080 -9.688
3 16 -0.493 24.577 -10.576 -0.034 28.048 -10.064 1.476 28.024 -10.049
3 16 1.476 28.024 -10.049 0.799 24.524 -10.587 -0.493 24.577 -10.576
3 16 1.476 28.024 -10.049 3.140 27.399 -6.879 0.799 24.524 -10.587
3 16 3.140 27.399 -6.879 1.674 24.469 -7.986 0.799 24.524 -10.587
3 16 -0.442 23.194 -10.381 -1.079 23.294 -10.259 -0.493 24.577 -10.576
3 16 -0.442 23.194 -10.381 -0.493 24.577 -10.576 0.799 24.524 -10.587
3 16 0.799 24.524 -10.587 -0.065 23.093 -10.283 -0.442 23.194 -10.381
3 16 0.799 24.524 -10.587 1.674 24.469 -7.986 0.326 23.044 -9.676
3 16 0.326 23.044 -9.676 -0.065 23.093 -10.283 0.799 24.524 -10.587
3 16 0.457 22.994 -9.149 0.326 23.044 -9.676 1.674 24.469 -7.986
3 16 -0.034 28.048 -10.064 -0.493 24.577 -10.576 -1.524 28.057 -9.377
3 16 -0.493 24.577 -10.576 -2.219 24.692 -9.386 -1.524 28.057 -9.377
3 16 -1.524 28.057 -9.377 -2.219 24.692 -9.386 -2.337 28.078 -8.679
3 16 -1.079 23.294 -10.259 -1.508 23.346 -9.713 -2.219 24.692 -9.386
3 16 -2.219 24.692 -9.386 -0.493 24.577 -10.576 -1.079 23.294 -10.259
3 16 -2.337 28.078 -8.679 -2.219 24.692 -9.386 -2.746 27.830 -7.630
3 16 -2.219 24.692 -9.386 -2.212 24.642 -8.686 -2.746 27.830 -7.630
3 16 -2.746 27.830 -7.630 -2.212 24.642 -8.686 -2.190 27.353 -6.348
3 16 -2.212 24.642 -8.686 -1.756 24.511 -7.917 -2.190 27.353 -6.348
3 16 -1.756 24.511 -7.917 -1.210 24.949 -7.019 -1.872 27.296 -5.543
3 16 0.672 33.453 -8.749 -0.034 28.048 -10.064 -1.159 33.246 -7.866
3 16 -1.524 28.057 -9.377 -1.159 33.246 -7.866 -0.034 28.048 -10.064
3 16 -2.661 33.022 -6.657 -2.337 28.078 -8.679 -3.273 30.997 -6.264
3 16 -3.273 30.997 -6.264 -2.337 28.078 -8.679 -2.746 27.830 -7.630
3 16 -3.273 30.997 -6.264 -2.746 27.830 -7.630 -2.671 30.347 -4.736
3 16 -2.746 27.830 -7.630 -2.190 27.353 -6.348 -2.671 30.347 -4.736
3 16 -1.756 24.511 -7.917 -2.212 24.642 -8.686 -1.214 23.282 -9.006
3 16 -1.214 23.282 -9.006 -2.212 24.642 -8.686 -1.508 23.346 -9.713
3 16 -1.508 23.346 -9.713 -2.212 24.642 -8.686 -2.219 24.692 -9.386
3 16 -2.337 28.078 -8.679 -2.661 33.022 -6.657 -1.159 33.246 -7.866
3 16 -1.159 33.246 -7.866 -1.524 28.057 -9.377 -2.337 28.078 -8.679
3 16 -2.934 39.172 -3.018 -2.661 33.022 -6.657 -3.934 33.365 -4.131
3 16 -3.273 30.997 -6.264 -3.934 33.365 -4.131 -2.661 33.022 -6.657
3 16 -3.273 30.997 -6.264 -2.671 30.347 -4.736 -3.934 33.365 -4.131
3 16 -2.671 30.347 -4.736 -3.185 32.213 -2.565 -3.934 33.365 -4.131
3 16 -1.159 33.246 -7.866 1.392 47.607 -5.582 0.672 33.453 -8.749
3 16 3.131 47.608 -5.947 0.672 33.453 -8.749 1.392 47.607 -5.582
3 16 -2.661 33.022 -6.657 -1.104 40.864 -4.287 -1.159 33.246 -7.866
3 16 1.392 47.607 -5.582 -1.159 33.246 -7.866 0.254 47.359 -4.197
3 16 -1.159 33.246 -7.866 -1.104 40.864 -4.287 0.254 47.359 -4.197
3 16 -2.934 39.172 -3.018 -3.934 33.365 -4.131 -3.761 38.178 -1.486
3 16 -4.293 34.559 -1.704 -3.761 38.178 -1.486 -3.934 33.365 -4.131
3 16 2.673 33.478 -8.594 1.476 28.024 -10.049 0.672 33.453 -8.749
3 16 0.672 33.453 -8.749 1.476 28.024 -10.049 -0.034 28.048 -10.064
3 16 4.663 32.860 -5.332 3.140 27.399 -6.879 2.673 33.478 -8.594
3 16 2.673 33.478 -8.594 3.140 27.399 -6.879 1.476 28.024 -10.049
3 16 0.672 33.453 -8.749 3.131 47.608 -5.947 2.673 33.478 -8.594
3 16 3.131 47.608 -5.947 5.023 46.569 -5.631 2.673 33.478 -8.594
3 16 5.023 46.569 -5.631 6.607 44.430 -2.313 4.663 32.860 -5.332
3 16 4.663 32.860 -5.332 2.673 33.478 -8.594 5.023 46.569 -5.631
3 16 -2.661 33.022 -6.657 -2.934 39.172 -3.018 -1.104 40.864 -4.287
3 16 -3.761 38.178 -1.486 -2.553 38.798 -1.098 -1.623 39.490 -1.776
3 16 -1.623 39.490 -1.776 -2.934 39.172 -3.018 -3.761 38.178 -1.486
3 16 -1.104 40.864 -4.287 -2.934 39.172 -3.018 -1.623 39.490 -1.776
3 16 -1.623 39.490 -1.776 -0.720 40.151 -1.966 -1.104 40.864 -4.287
3 16 8.414 48.276 -3.771 6.946 47.776 -5.297 8.323 49.870 -6.274
3 16 6.946 47.776 -5.297 5.666 51.154 -8.034 8.323 49.870 -6.274
3 16 8.323 49.870 -6.274 5.666 51.154 -8.034 7.449 52.271 -7.874
3 16 2.897 53.691 -8.406 1.590 53.240 -8.214 1.700 55.988 -8.728
3 16 6.623 44.240 0.000 7.607 46.298 -1.772 8.407 47.482 0.000
3 16 7.607 46.298 -1.772 8.414 48.276 -3.771 8.407 47.482 0.000
3 16 7.607 46.298 -1.772 6.946 47.776 -5.297 8.414 48.276 -3.771
3 16 5.023 46.569 -5.631 6.946 47.776 -5.297 6.607 44.430 -2.313
3 16 6.607 44.430 -2.313 6.946 47.776 -5.297 7.607 46.298 -1.772
3 16 1.431 33.723 -3.261 4.299 32.702 -3.869 1.767 38.625 -2.109
3 16 1.767 38.625 -2.109 4.299 32.702 -3.869 3.764 39.640 -1.908
3 16 4.299 32.702 -3.869 6.516 43.843 -1.031 3.764 39.640 -1.908
3 16 3.764 39.640 -1.908 6.516 43.843 -1.031 2.333 43.671 -0.762
3 16 3.140 27.399 -6.879 3.025 27.184 -6.160 1.674 24.469 -7.986
3 16 1.674 24.469 -7.986 3.025 27.184 -6.160 1.539 24.913 -7.005
3 16 4.663 32.860 -5.332 3.025 27.184 -6.160 3.140 27.399 -6.879
3 16 6.607 44.430 -2.313 6.516 43.843 -1.031 4.663 32.860 -5.332
3 16 4.663 32.860 -5.332 6.516 43.843 -1.031 4.299 32.702 -3.869
3 16 3.670 30.561 -4.057 1.431 33.723 -3.261 3.190 31.390 0.000
3 16 3.190 31.390 0.000 1.431 33.723 -3.261 1.185 33.993 0.000
3 16 3.764 39.640 -1.908 2.178 38.485 0.000 1.767 38.625 -2.109
3 16 1.767 38.625 -2.109 2.178 38.485 0.000 1.143 37.753 0.000
3 16 0.254 47.359 -4.197 -0.022 45.517 -1.960 0.054 46.743 0.000
3 16 1.186 50.297 -7.124 3.427 52.196 -8.290 3.131 47.608 -5.947
3 16 1.186 50.297 -7.124 1.590 53.240 -8.214 3.427 52.196 -8.290
3 16 0.254 47.359 -4.197 -1.104 40.864 -4.287 -0.022 45.517 -1.960
3 16 -0.022 45.517 -1.960 -1.104 40.864 -4.287 -0.720 40.151 -1.966
3 16 -1.599 45.504 -1.755 -0.022 45.517 -1.960 -0.720 40.151 -1.966
3 16 2.280 43.931 0.000 2.178 38.485 0.000 2.333 43.671 -0.762
3 16 2.333 43.671 -0.762 2.178 38.485 0.000 3.764 39.640 -1.908
3 16 5.666 51.154 -8.034 6.946 47.776 -5.297 5.023 46.569 -5.631
3 16 6.623 44.240 0.000 2.280 43.931 0.000 2.333 43.671 -0.762
3 16 2.333 43.671 -0.762 6.516 43.843 -1.031 6.623 44.240 0.000
3 16 6.607 44.430 -2.313 6.623 44.240 0.000 6.516 43.843 -1.031
3 16 7.607 46.298 -1.772 6.623 44.240 0.000 6.607 44.430 -2.313
3 16 -2.553 38.798 -1.098 -2.903 38.518 0.000 -2.873 45.504 0.000
3 16 -2.873 45.504 0.000 -2.521 45.504 -1.085 -2.553 38.798 -1.098
3 16 3.670 30.561 -4.057 4.299 32.702 -3.869 1.431 33.723 -3.261
3 16 -4.293 34.559 -1.704 -3.934 33.365 -4.131 -3.185 32.213 -2.565
3 16 -3.000 32.459 0.000 -4.293 34.559 0.000 -3.185 32.213 -2.565
3 16 -3.185 32.213 -2.565 -4.293 34.559 0.000 -4.293 34.559 -1.704
3 16 -3.854 37.883 0.000 -2.903 38.518 0.000 -2.553 38.798 -1.098
3 16 -2.553 38.798 -1.098 -3.761 38.178 -1.486 -3.854 37.883 0.000
3 16 -3.761 38.178 -1.486 -4.293 34.559 -1.704 -3.854 37.883 0.000
3 16 -4.293 34.559 -1.704 -4.293 34.559 0.000 -3.854 37.883 0.000
3 16 1.431 33.723 -3.261 1.767 38.625 -2.109 1.143 37.753 0.000
3 16 1.143 37.753 0.000 1.185 33.993 0.000 1.431 33.723 -3.261
3 16 9.800 50.721 -6.920 9.800 48.276 -3.771 8.323 49.870 -6.274
3 16 8.414 48.276 -3.771 8.323 49.870 -6.274 9.800 48.276 -3.771
3 16 9.800 53.261 -8.298 9.800 50.721 -6.920 7.449 52.271 -7.874
3 16 8.323 49.870 -6.274 7.449 52.271 -7.874 9.800 50.721 -6.920
3 16 9.800 55.988 -8.734 1.700 55.988 -8.728 1.700 58.016 -8.541
3 16 1.700 58.016 -8.541 9.764 58.027 -8.541 9.800 55.988 -8.734
3 16 8.407 47.482 0.000 8.414 48.276 -3.771 9.800 47.564 0.000
3 16 9.800 47.564 0.000 8.414 48.276 -3.771 9.800 48.276 -3.771
3 16 8.442 60.189 -7.790 2.973 60.183 -7.782 4.235 60.470 -7.590
3 16 4.235 60.470 -7.590 7.182 60.482 -7.590 8.442 60.189 -7.790
3 16 2.973 60.183 -7.782 8.442 60.189 -7.790 9.436 59.266 -8.175
3 16 9.436 59.266 -8.175 1.971 59.203 -8.175 2.973 60.183 -7.782
3 16 1.971 59.203 -8.175 9.436 59.266 -8.175 9.764 58.027 -8.541
3 16 9.764 58.027 -8.541 1.700 58.016 -8.541 1.971 59.203 -8.175
3 16 9.407 59.266 -3.380 8.437 60.188 -3.380 2.973 60.183 -3.380
3 16 2.973 60.183 -3.380 1.971 59.203 -3.380 9.407 59.266 -3.380
3 16 8.437 60.188 -3.380 7.182 60.481 -3.380 4.235 60.470 -3.380
3 16 4.235 60.470 -3.380 2.973 60.183 -3.380 8.437 60.188 -3.380
3 16 9.407 59.266 -3.380 1.971 59.203 -3.380 1.700 58.000 -3.464
3 16 1.700 58.000 -3.464 9.762 58.000 -3.464 9.407 59.266 -3.380
3 16 1.700 56.000 -4.000 9.800 56.000 -4.000 9.762 58.000 -3.464
3 16 9.762 58.000 -3.464 1.700 58.000 -3.464 1.700 56.000 -4.000
3 16 1.400 52.000 0.000 1.400 52.000 -4.000 0.254 47.359 -4.197
3 16 0.254 47.359 -4.197 0.054 46.743 0.000 1.400 52.000 0.000
3 16 1.400 52.000 -4.000 1.590 53.240 -8.214 1.186 50.297 -7.124
3 16 1.186 50.297 -7.124 0.254 47.359 -4.197 1.400 52.000 -4.000
3 16 1.700 55.988 -8.728 1.590 53.240 -8.214 1.400 52.000 -4.000
3 16 1.700 56.000 -4.000 1.700 58.000 -3.464 1.700 58.016 -8.541
3 16 1.700 58.016 -8.541 1.700 55.988 -8.728 1.700 56.000 -4.000
3 16 1.971 59.203 -8.175 1.700 58.016 -8.541 1.700 58.000 -3.464
3 16 1.700 58.000 -3.464 1.971 59.203 -3.380 1.971 59.203 -8.175
3 16 1.971 59.203 -3.380 2.973 60.183 -3.380 2.973 60.183 -7.782
3 16 2.973 60.183 -7.782 1.971 59.203 -8.175 1.971 59.203 -3.380
3 16 4.235 60.470 -7.590 2.973 60.183 -7.782 2.973 60.183 -3.380
3 16 2.973 60.183 -3.380 4.235 60.470 -3.380 4.235 60.470 -7.590
3 16 4.235 60.470 -7.590 4.235 60.470 -3.380 7.182 60.481 -3.380
3 16 7.182 60.481 -3.380 7.182 60.482 -7.590 4.235 60.470 -7.590
3 16 8.437 60.188 -3.380 8.442 60.189 -7.790 7.182 60.482 -7.590
3 16 7.182 60.482 -7.590 7.182 60.481 -3.380 8.437 60.188 -3.380
3 16 9.407 59.266 -3.380 9.436 59.266 -8.175 8.442 60.189 -7.790
3 16 8.442 60.189 -7.790 8.437 60.188 -3.380 9.407 59.266 -3.380
3 16 9.762 58.000 -3.464 9.764 58.027 -8.541 9.436 59.266 -8.175
3 16 9.436 59.266 -8.175 9.407 59.266 -3.380 9.762 58.000 -3.464
3 16 9.800 56.000 -4.000 9.800 55.988 -8.734 9.764 58.027 -8.541
3 16 9.764 58.027 -8.541 9.762 58.000 -3.464 9.800 56.000 -4.000
3 16 9.800 56.000 -4.000 9.800 52.000 -4.000 9.800 53.261 -8.298
3 16 9.800 53.261 -8.298 9.800 55.988 -8.734 9.800 56.000 -4.000
3 16 9.800 50.721 -6.920 9.800 53.261 -8.298 9.800 52.000 -4.000
3 16 9.800 52.000 -4.000 9.800 48.276 -3.771 9.800 50.721 -6.920
3 16 9.800 48.276 -3.771 9.800 52.000 -4.000 9.800 52.000 0.000
3 16 9.800 52.000 0.000 9.800 47.564 0.000 9.800 48.276 -3.771
3 16 -1.623 39.490 -1.776 -2.553 38.798 -1.098 -2.521 45.504 -1.085
3 16 -2.521 45.504 -1.085 -1.599 45.504 -1.755 -1.623 39.490 -1.776
3 16 -1.599 45.504 -1.755 -0.720 40.151 -1.966 -1.623 39.490 -1.776
3 16 1.700 56.000 -4.000 1.700 55.988 -8.728 1.400 52.000 -4.000
3 16 4.663 32.860 -5.332 4.299 32.702 -3.869 3.025 27.184 -6.160
3 16 3.670 30.561 -4.057 3.025 27.184 -6.160 4.299 32.702 -3.869
3 16 9.800 55.988 -8.734 9.800 53.261 -8.298 5.552 53.691 -8.402
3 16 5.552 53.691 -8.402 9.800 53.261 -8.298 7.449 52.271 -7.874
3 16 1.700 55.988 -8.728 9.800 55.988 -8.734 5.552 53.691 -8.402
3 16 5.552 53.691 -8.402 2.897 53.691 -8.406 1.700 55.988 -8.728
3 16 2.897 53.691 -8.406 3.427 52.196 -8.290 1.590 53.240 -8.214
3 16 1.186 50.297 -7.124 1.392 47.607 -5.582 0.254 47.359 -4.197
3 16 3.131 47.608 -5.947 1.392 47.607 -5.582 1.186 50.297 -7.124
3 16 3.131 47.608 -5.947 3.427 52.196 -8.290 5.666 51.154 -8.034
3 16 5.666 51.154 -8.034 5.023 46.569 -5.631 3.131 47.608 -5.947
3 16 5.552 53.691 -8.402 7.449 52.271 -7.874 5.666 51.154 -8.034
2 24 1.774 17.103 -9.168 1.907 17.880 -6.946
2 24 3.639 7.459 -4.673 3.511 6.178 -6.204
2 24 -4.006 -1.908 -3.459 -3.541 -3.427 -3.394
2 24 3.549 -3.460 -3.410 4.006 -1.908 -3.459
2 24 -3.541 -3.427 -3.394 -2.131 -4.352 -3.394
2 24 -2.131 -4.352 -3.394 2.189 -4.352 -3.410
2 24 2.189 -4.352 -3.410 3.549 -3.460 -3.410
2 24 4.000 6.203 -6.179 4.000 2.875 -8.214
2 24 -1.852 17.099 -9.284 -2.271 17.967 -6.920
2 24 -1.327 3.168 -8.254 -2.407 6.428 -7.396
2 24 3.014 6.510 -7.573 2.249 3.120 -8.209
2 24 2.249 3.120 -8.209 -1.327 3.168 -8.254
2 24 1.907 17.880 -6.946 2.111 19.653 -5.391
2 24 2.111 19.653 -5.391 3.639 7.459 -4.673
2 24 4.000 8.180 -2.304 3.999 8.374 0.000
2 24 4.000 6.203 -6.179 4.000 7.919 -3.686
2 24 3.549 -3.461 -8.070 4.006 -1.915 -8.542
2 24 2.189 -4.352 -7.660 3.549 -3.461 -8.070
2 24 -2.131 -4.352 -7.660 2.189 -4.352 -7.660
2 24 -3.541 -3.427 -8.070 -2.131 -4.352 -7.660
2 24 -4.006 -1.908 -8.542 -3.541 -3.427 -8.070
2 24 -4.000 6.213 -6.167 -4.000 2.875 -8.214
2 24 -4.000 7.762 -3.756 -4.000 6.213 -6.167
2 24 -4.000 7.891 -2.057 -4.000 7.762 -3.756
2 24 -4.000 7.762 -3.756 -3.208 8.007 -4.251
2 24 -3.208 8.007 -4.251 -2.901 6.926 -5.668
2 24 -2.437 18.709 -6.108 -2.313 19.924 -5.281
2 24 -2.271 17.967 -6.920 -2.437 18.709 -6.108
2 24 -1.642 16.162 -10.189 -1.852 17.099 -9.284
2 24 1.774 17.103 -9.168 1.715 16.154 -10.263
2 24 1.715 16.154 -10.263 2.009 13.781 -10.593
2 24 -1.777 13.754 -10.461 -1.642 16.162 -10.189
2 24 -4.000 0.127 -8.729 -4.000 2.875 -8.214
2 24 4.000 0.127 -8.729 4.000 2.875 -8.214
2 24 -1.327 3.168 -8.254 -2.901 6.926 -5.668
2 24 -2.113 10.068 -9.228 -2.407 6.428 -7.396
2 24 -1.777 13.754 -10.461 -2.113 10.068 -9.228
2 24 -3.639 18.988 -5.454 -3.540 14.110 -4.980
2 24 -4.429 15.178 -1.834 -4.238 18.556 -2.229
2 24 -4.429 15.178 -1.834 -4.371 14.851 0.000
2 24 -4.000 7.891 0.000 -4.000 7.891 -2.057
2 24 4.006 -1.908 -3.459 4.000 0.000 -4.000
2 24 -4.000 0.000 -4.000 -4.006 -1.908 -3.459
2 24 4.006 -1.915 -8.542 4.000 0.127 -8.729
2 24 -4.006 -1.908 -8.542 -4.000 0.127 -8.729
2 24 3.511 6.178 -6.204 2.249 3.120 -8.209
2 24 0.856 8.426 0.000 0.890 8.216 -2.298
2 24 3.639 7.459 -4.673 4.000 7.919 -3.686
2 24 2.009 13.781 -10.593 2.639 10.180 -9.089
2 24 3.974 11.461 -3.716 4.321 13.342 -3.639
2 24 4.321 13.342 -3.639 4.366 13.321 -2.394
2 24 4.366 13.321 -2.394 4.031 11.683 -2.405
2 24 0.890 8.216 -2.298 -0.350 14.540 -2.294
2 24 4.000 7.919 -3.686 3.974 11.461 -3.716
2 24 4.031 11.683 -2.405 4.000 8.180 -2.304
2 24 -3.540 14.110 -4.980 -3.208 8.007 -4.251
2 24 2.639 10.180 -9.089 3.014 6.510 -7.573
2 24 0.890 8.216 -2.298 4.000 8.180 -2.304
2 24 0.540 15.310 -2.319 -0.350 14.540 -2.294
2 24 0.575 14.905 -1.785 0.587 14.627 0.000
2 24 0.540 15.310 -2.319 0.575 14.905 -1.785
2 24 -3.644 19.630 -4.597 -3.639 18.988 -5.454
2 24 0.540 15.310 -2.319 1.108 19.457 -2.296
2 24 1.108 19.457 -2.296 1.074 19.000 0.000
2 24 -3.570 19.865 -2.907 -4.238 18.556 -2.229
2 24 -3.644 19.630 -4.597 -3.570 19.865 -2.907
2 24 -2.398 21.493 -4.734 -2.313 19.924 -5.281
2 24 1.856 21.642 -4.834 2.111 19.653 -5.391
2 24 -2.398 21.493 -4.734 1.856 21.642 -4.834
2 24 1.856 21.642 -4.834 3.600 20.757 -4.243
2 24 3.740 19.457 -2.296 4.366 13.321 -2.394
2 24 3.600 20.757 -4.243 3.740 19.457 -2.296
2 24 3.740 19.457 -2.296 1.108 19.457 -2.296
2 24 3.670 30.561 -4.057 3.190 31.390 0.000
2 24 3.194 31.000 0.000 3.427 30.543 -2.296
2 24 1.222 25.000 -6.000 -0.512 25.000 -6.000
2 24 2.698 27.296 -5.543 1.222 25.000 -6.000
2 24 3.329 29.243 -4.243 2.698 27.296 -5.543
2 24 3.427 30.543 -2.296 3.329 29.243 -4.243
2 24 -2.111 30.543 -2.296 -1.875 31.000 0.000
2 24 -2.178 29.243 -4.243 -2.111 30.543 -2.296
2 24 -1.872 27.296 -5.543 -2.178 29.243 -4.243
2 24 -0.512 25.000 -6.000 -1.872 27.296 -5.543
2 24 2.897 53.691 -8.406 5.552 53.691 -8.402
2 24 -1.104 40.864 -4.287 0.254 47.359 -4.197
2 24 -3.761 38.178 -1.486 -2.934 39.172 -3.018
2 24 -2.934 39.172 -3.018 -1.104 40.864 -4.287
2 24 -2.553 38.798 -1.098 -1.623 39.490 -1.776
2 24 -1.623 39.490 -1.776 -0.720 40.151 -1.966
2 24 8.323 49.870 -6.274 8.414 48.276 -3.771
2 24 7.449 52.271 -7.874 8.323 49.870 -6.274
2 24 2.897 53.691 -8.406 1.590 53.240 -8.214
2 24 1.590 53.240 -8.214 1.700 55.988 -8.728
2 24 8.414 48.276 -3.771 8.407 47.482 0.000
2 24 1.767 38.625 -2.109 1.431 33.723 -3.261
2 24 3.764 39.640 -1.908 1.767 38.625 -2.109
2 24 4.299 32.702 -3.869 6.516 43.843 -1.031
2 24 2.333 43.671 -0.762 3.764 39.640 -1.908
2 24 3.670 30.561 -4.057 1.431 33.723 -3.261
2 24 3.764 39.640 -1.908 2.178 38.485 0.000
2 24 1.143 37.753 0.000 1.767 38.625 -2.109
2 24 0.054 46.743 0.000 0.254 47.359 -4.197
2 24 1.186 50.297 -7.124 1.590 53.240 -8.214
2 24 -0.720 40.151 -1.966 -0.022 45.517 -1.960
2 24 -1.599 45.504 -1.755 -0.022 45.517 -1.960
2 24 2.333 43.671 -0.762 2.280 43.931 0.000
2 24 6.516 43.843 -1.031 6.623 44.240 0.000
2 24 -2.553 38.798 -1.098 -2.903 38.518 0.000
2 24 -2.873 45.504 0.000 -2.521 45.504 -1.085
2 24 3.670 30.561 -4.057 4.299 32.702 -3.869
2 24 -3.761 38.178 -1.486 -3.854 37.883 0.000
2 24 9.800 50.721 -6.920 9.800 48.276 -3.771
2 24 9.800 53.261 -8.298 9.800 50.721 -6.920
2 24 1.700 55.988 -8.728 1.700 58.016 -8.541
2 24 9.764 58.027 -8.541 9.800 55.988 -8.734
2 24 9.800 48.276 -3.771 9.800 47.564 0.000
2 24 2.973 60.183 -7.782 4.235 60.470 -7.590
2 24 7.182 60.482 -7.590 8.442 60.189 -7.790
2 24 4.235 60.470 -7.590 7.182 60.482 -7.590
2 24 1.971 59.203 -8.175 2.973 60.183 -7.782
2 24 8.442 60.189 -7.790 9.436 59.266 -8.175
2 24 1.700 58.016 -8.541 1.971 59.203 -8.175
2 24 9.436 59.266 -8.175 9.764 58.027 -8.541
2 24 2.973 60.183 -3.380 1.971 59.203 -3.380
2 24 9.407 59.266 -3.380 8.437 60.188 -3.380
2 24 4.235 60.470 -3.380 2.973 60.183 -3.380
2 24 8.437 60.188 -3.380 7.182 60.481 -3.380
2 24 7.182 60.481 -3.380 4.235 60.470 -3.380
2 24 9.762 58.000 -3.464 9.407 59.266 -3.380
2 24 1.971 59.203 -3.380 1.700 58.000 -3.464
2 24 9.800 56.000 -4.000 9.762 58.000 -3.464
2 24 1.700 58.000 -3.464 1.700 56.000 -4.000
2 24 1.186 50.297 -7.124 0.254 47.359 -4.197
2 24 9.800 53.261 -8.298 9.800 55.988 -8.734
2 24 -2.521 45.504 -1.085 -1.599 45.504 -1.755
2 24 7.449 52.271 -7.874 5.552 53.691 -8.402
2 24 -4.006 -1.908 -3.459 4.006 -1.908 -3.459
2 24 1.700 58.000 -3.464 9.762 58.000 -3.464
2 24 -2.949 20.757 -4.243 -3.570 19.865 -2.907
2 24 -2.398 21.493 -4.734 -2.949 20.757 -4.243
2 24 -3.854 19.457 -2.296 -3.570 19.865 -2.907
2 24 -3.854 19.457 -2.296 -4.047 19.000 0.000
2 24 -0.350 14.540 -2.294 -0.095 14.283 0.000
3 16 3.511 6.178 6.204 1.907 17.880 6.946 1.774 17.103 9.168
3 16 3.511 6.178 6.204 3.639 7.459 4.673 1.907 17.880 6.946
3 16 -3.541 -3.427 3.394 -4.006 -1.908 3.459 4.006 -1.908 3.459
3 16 4.006 -1.908 3.459 3.549 -3.460 3.410 -3.541 -3.427 3.394
3 16 -2.131 -4.352 3.394 -3.541 -3.427 3.394 3.549 -3.460 3.410
3 16 3.549 -3.460 3.410 2.189 -4.352 3.410 -2.131 -4.352 3.394
3 16 4.000 2.875 8.214 4.000 6.203 6.179 3.511 6.178 6.204
3 16 -1.852 17.099 9.284 1.774 17.103 9.168 1.907 17.880 6.946
3 16 1.907 17.880 6.946 -2.271 17.967 6.920 -1.852 17.099 9.284
3 16 -1.327 3.168 8.254 3.014 6.510 7.573 -2.407 6.428 7.396
3 16 2.249 3.120 8.209 3.014 6.510 7.573 -1.327 3.168 8.254
3 16 3.511 6.178 6.204 4.000 6.203 6.179 3.639 7.459 4.673
3 16 3.639 7.459 4.673 2.111 19.653 5.391 1.907 17.880 6.946
3 16 4.000 4.000 0.000 3.999 8.374 0.000 4.000 8.180 2.304
3 16 4.000 8.180 2.304 4.000 4.000 4.000 4.000 4.000 0.000
3 16 4.000 7.919 3.686 4.000 6.203 6.179 4.000 4.000 4.000
3 16 4.000 4.000 4.000 4.000 8.180 2.304 4.000 7.919 3.686
3 16 4.000 4.000 4.000 4.000 6.203 6.179 4.000 2.875 8.214
3 16 4.000 2.875 8.214 4.000 0.000 4.000 4.000 4.000 4.000
3 16 4.006 -1.908 3.459 4.006 -1.915 8.542 3.549 -3.461 8.070
3 16 3.549 -3.461 8.070 3.549 -3.460 3.410 4.006 -1.908 3.459
3 16 3.549 -3.460 3.410 3.549 -3.461 8.070 2.189 -4.352 7.660
3 16 2.189 -4.352 7.660 2.189 -4.352 3.410 3.549 -3.460 3.410
3 16 2.189 -4.352 3.410 2.189 -4.352 7.660 -2.131 -4.352 7.660
3 16 -2.131 -4.352 7.660 -2.131 -4.352 3.394 2.189 -4.352 3.410
3 16 -2.131 -4.352 7.660 -3.541 -3.427 8.070 -3.541 -3.427 3.394
3 16 -3.541 -3.427 3.394 -2.131 -4.352 3.394 -2.131 -4.352 7.660
3 16 -3.541 -3.427 8.070 -4.006 -1.908 8.542 -4.006 -1.908 3.459
3 16 -4.006 -1.908 3.459 -3.541 -3.427 3.394 -3.541 -3.427 8.070
3 16 -4.000 2.875 8.214 -4.000 6.213 6.167 -4.000 4.000 4.000
3 16 -4.000 4.000 4.000 -4.000 0.000 4.000 -4.000 2.875 8.214
3 16 -4.000 4.000 4.000 -4.000 6.213 6.167 -4.000 7.762 3.756
3 16 -4.000 7.762 3.756 -4.000 7.891 2.057 -4.000 4.000 4.000
3 16 4.006 -1.915 8.542 -4.006 -1.908 8.542 -3.541 -3.427 8.070
3 16 -3.541 -3.427 8.070 3.549 -3.461 8.070 4.006 -1.915 8.542
3 16 -3.208 8.007 4.251 -4.000 7.762 3.756 -4.000 6.213 6.167
3 16 -4.000 6.213 6.167 -2.901 6.926 5.668 -3.208 8.007 4.251
3 16 -5.385 14.124 4.315 -4.000 7.762 3.756 -3.208 8.007 4.251
3 16 -4.000 6.213 6.167 -4.000 2.875 8.214 -1.327 3.168 8.254
3 16 -4.000 0.127 8.729 4.000 0.127 8.729 -1.327 3.168 8.254
3 16 -2.437 18.709 6.108 2.111 19.653 5.391 -2.313 19.924 5.281
3 16 -2.437 18.709 6.108 1.907 17.880 6.946 2.111 19.653 5.391
3 16 -2.271 17.967 6.920 1.907 17.880 6.946 -2.437 18.709 6.108
3 16 1.715 16.154 10.263 1.774 17.103 9.168 -1.852 17.099 9.284
3 16 -1.852 17.099 9.284 -1.642 16.162 10.189 1.715 16.154 10.263
3 16 -1.642 16.162 10.189 -1.777 13.754 10.461 2.009 13.781 10.593
3 16 2.009 13.781 10.593 1.715 16.154 10.263 -1.642 16.162 10.189
3 16 -4.000 2.875 8.214 -4.000 0.127 8.729 -1.327 3.168 8.254
3 16 -4.000 0.127 8.729 -4.000 2.875 8.214 -4.000 0.000 4.000
3 16 -4.000 0.000 4.000 -4.006 -1.908 8.542 -4.000 0.127 8.729
3 16 4.000 0.127 8.729 2.249 3.120 8.209 -1.327 3.168 8.254
3 16 4.000 2.875 8.214 2.249 3.120 8.209 4.000 0.127 8.729
3 16 -2.407 6.428 7.396 -2.901 6.926 5.668 -1.327 3.168 8.254
3 16 -1.852 17.099 9.284 -2.901 6.926 5.668 -2.407 6.428 7.396
3 16 -2.271 17.967 6.920 -2.901 6.926 5.668 -1.852 17.099 9.284
3 16 -2.113 10.068 9.228 -1.852 17.099 9.284 -2.407 6.428 7.396
3 16 -2.113 10.068 9.228 -1.642 16.162 10.189 -1.852 17.099 9.284
3 16 -1.777 13.754 10.461 -1.642 16.162 10.189 -2.113 10.068 9.228
3 16 -5.738 17.937 4.618 -5.646 14.127 2.563 -5.385 14.124 4.315
3 16 -5.877 18.054 3.342 -5.646 14.127 2.563 -5.738 17.937 4.618
3 16 -3.639 18.988 5.454 -5.385 14.124 4.315 -3.540 14.110 4.980
3 16 -5.738 17.937 4.618 -5.385 14.124 4.315 -3.639 18.988 5.454
3 16 -4.238 18.556 2.229 -4.429 15.178 1.834 -5.388 14.578 2.258
3 16 -5.388 14.578 2.258 -5.550 18.142 2.985 -4.238 18.556 2.229
3 16 -5.877 18.054 3.342 -5.388 14.578 2.258 -5.646 14.127 2.563
3 16 -5.877 18.054 3.342 -5.550 18.142 2.985 -5.388 14.578 2.258
3 16 -4.429 15.178 1.834 -4.047 19.000 0.000 -4.371 14.851 0.000
3 16 -4.429 15.178 1.834 -4.238 18.556 2.229 -4.047 19.000 0.000
3 16 -4.000 7.891 2.057 -4.000 7.891 0.000 -4.000 4.000 0.000
3 16 -4.000 4.000 0.000 -4.000 4.000 4.000 -4.000 7.891 2.057
3 16 -5.738 13.809 0.000 -5.646 14.127 2.563 -5.388 14.578 2.258
3 16 -5.388 14.578 2.258 -5.487 14.194 0.000 -5.738 13.809 0.000
3 16 4.000 0.000 4.000 4.006 -1.908 3.459 -4.006 -1.908 3.459
3 16 -4.006 -1.908 3.459 -4.000 0.000 4.000 4.000 0.000 4.000
3 16 4.000 0.127 8.729 4.006 -1.915 8.542 4.000 0.000 4.000
3 16 4.000 0.000 4.000 4.000 2.875 8.214 4.000 0.127 8.729
3 16 4.006 -1.908 3.459 4.000 0.000 4.000 4.006 -1.915 8.542
3 16 4.006 -1.915 8.542 4.000 0.127 8.729 -4.000 0.127 8.729
3 16 -4.000 0.127 8.729 -4.006 -1.908 8.542 4.006 -1.915 8.542
3 16 -4.006 -1.908 8.542 -4.000 0.000 4.000 -4.006 -1.908 3.459
3 16 3.511 6.178 6.204 3.014 6.510 7.573 2.249 3.120 8.209
3 16 2.249 3.120 8.209 4.000 2.875 8.214 3.511 6.178 6.204
3 16 -5.487 14.194 0.000 -5.388 14.578 2.258 -4.429 15.178 1.834
3 16 -4.429 15.178 1.834 -4.371 14.851 0.000 -5.487 14.194 0.000
3 16 0.890 8.216 2.298 0.856 8.426 0.000 -0.095 14.283 0.000
3 16 3.639 7.459 4.673 4.000 6.203 6.179 4.000 7.919 3.686
3 16 -2.271 17.967 6.920 -2.437 18.709 6.108 -3.208 8.007 4.251
3 16 -3.208 8.007 4.251 -2.901 6.926 5.668 -2.271 17.967 6.920
3 16 2.009 13.781 10.593 -2.113 10.068 9.228 2.639 10.180 9.089
3 16 -1.777 13.754 10.461 -2.113 10.068 9.228 2.009 13.781 10.593
3 16 1.774 17.103 9.168 1.715 16.154 10.263 2.009 13.781 10.593
3 16 4.031 11.683 2.405 4.321 13.342 3.639 3.974 11.461 3.716
3 16 4.031 11.683 2.405 4.366 13.321 2.394 4.321 13.342 3.639
3 16 -0.350 14.540 2.294 0.890 8.216 2.298 -0.095 14.283 0.000
3 16 4.000 8.180 2.304 3.974 11.461 3.716 4.000 7.919 3.686
3 16 4.031 11.683 2.405 3.974 11.461 3.716 4.000 8.180 2.304
3 16 3.549 -3.461 8.070 -3.541 -3.427 8.070 -2.131 -4.352 7.660
3 16 -2.131 -4.352 7.660 2.189 -4.352 7.660 3.549 -3.461 8.070
3 16 -5.646 14.127 2.563 -4.000 7.762 3.756 -5.385 14.124 4.315
3 16 -4.000 7.891 2.057 -4.000 7.762 3.756 -5.646 14.127 2.563
3 16 -5.738 13.809 0.000 -4.000 7.891 2.057 -5.646 14.127 2.563
3 16 -4.000 7.891 0.000 -4.000 7.891 2.057 -5.738 13.809 0.000
3 16 -3.208 8.007 4.251 -3.540 14.110 4.980 -5.385 14.124 4.315
3 16 -2.437 18.709 6.108 -3.540 14.110 4.980 -3.208 8.007 4.251
3 16 -2.437 18.709 6.108 -3.639 18.988 5.454 -3.540 14.110 4.980
3 16 -2.407 6.428 7.396 2.639 10.180 9.089 -2.113 10.068 9.228
3 16 3.014 6.510 7.573 2.639 10.180 9.089 -2.407 6.428 7.396
3 16 4.000 8.180 2.304 0.890 8.216 2.298 4.031 11.683 2.405
3 16 -0.350 14.540 2.294 4.031 11.683 2.405 0.890 8.216 2.298
3 16 4.366 13.321 2.394 4.031 11.683 2.405 -0.350 14.540 2.294
3 16 3.999 8.374 0.000 0.856 8.426 0.000 0.890 8.216 2.298
3 16 0.890 8.216 2.298 4.000 8.180 2.304 3.999 8.374 0.000
3 16 0.540 15.310 2.319 4.366 13.321 2.394 -0.350 14.540 2.294
3 16 -0.350 14.540 2.294 -0.095 14.283 0.000 0.575 14.905 1.785
3 16 -0.095 14.283 0.000 0.587 14.627 0.000 0.575 14.905 1.785
3 16 -0.350 14.540 2.294 0.575 14.905 1.785 0.540 15.310 2.319
3 16 -3.644 19.630 4.597 -5.738 17.937 4.618 -3.639 18.988 5.454
3 16 -2.313 19.924 5.281 -3.639 18.988 5.454 -2.437 18.709 6.108
3 16 -2.398 21.493 4.734 -3.644 19.630 4.597 -3.639 18.988 5.454
3 16 1.774 17.103 9.168 2.009 13.781 10.593 2.639 10.180 9.089
3 16 3.511 6.178 6.204 2.639 10.180 9.089 3.014 6.510 7.573
3 16 3.511 6.178 6.204 1.774 17.103 9.168 2.639 10.180 9.089
3 16 -2.901 6.926 5.668 -4.000 6.213 6.167 -1.327 3.168 8.254
3 16 3.639 7.459 4.673 3.974 11.461 3.716 2.111 19.653 5.391
3 16 4.000 7.919 3.686 3.974 11.461 3.716 3.639 7.459 4.673
3 16 2.111 19.653 5.391 3.974 11.461 3.716 4.321 13.342 3.639
3 16 0.575 14.905 1.785 1.074 19.000 0.000 1.108 19.457 2.296
3 16 0.575 14.905 1.785 0.587 14.627 0.000 1.074 19.000 0.000
3 16 1.108 19.457 2.296 0.540 15.310 2.319 0.575 14.905 1.785
3 16 -4.238 18.556 2.229 -3.570 19.865 2.907 -3.854 19.457 2.296
3 16 -4.238 18.556 2.229 -3.854 19.457 2.296 -4.047 19.000 0.000
3 16 -3.644 19.630 4.597 -2.398 21.493 4.734 -2.949 20.757 4.243
3 16 -3.644 19.630 4.597 -2.949 20.757 4.243 -3.570 19.865 2.907
3 16 -3.639 18.988 5.454 -2.313 19.924 5.281 -2.398 21.493 4.734
3 16 -5.877 18.054 3.342 -3.644 19.630 4.597 -3.570 19.865 2.907
3 16 -5.738 17.937 4.618 -3.644 19.630 4.597 -5.877 18.054 3.342
3 16 1.856 21.642 4.834 -2.313 19.924 5.281 2.111 19.653 5.391
3 16 -2.398 21.493 4.734 -2.313 19.924 5.281 1.856 21.642 4.834
3 16 2.111 19.653 5.391 3.600 20.757 4.243 1.856 21.642 4.834
3 16 2.111 19.653 5.391 4.321 13.342 3.639 3.600 20.757 4.243
3 16 4.366 13.321 2.394 3.740 19.457 2.296 3.600 20.757 4.243
3 16 3.600 20.757 4.243 4.321 13.342 3.639 4.366 13.321 2.394
3 16 0.540 15.310 2.319 3.740 19.457 2.296 4.366 13.321 2.394
3 16 1.108 19.457 2.296 3.740 19.457 2.296 0.540 15.310 2.319
3 16 -3.570 19.865 2.907 -5.550 18.142 2.985 -5.877 18.054 3.342
3 16 -4.238 18.556 2.229 -5.550 18.142 2.985 -3.570 19.865 2.907
3 16 3.427 30.543 2.296 3.190 31.390 0.000 3.670 30.561 4.057
3 16 3.194 31.000 0.000 3.190 31.390 0.000 3.427 30.543 2.296
3 16 -0.512 25.000 6.000 1.539 24.913 7.005 -1.210 24.949 7.019
3 16 1.539 24.913 7.005 -0.512 25.000 6.000 1.222 25.000 6.000
3 16 3.025 27.184 6.160 1.539 24.913 7.005 1.222 25.000 6.000
3 16 1.222 25.000 6.000 2.698 27.296 5.543 3.025 27.184 6.160
3 16 3.329 29.243 4.243 3.670 30.561 4.057 3.025 27.184 6.160
3 16 3.025 27.184 6.160 2.698 27.296 5.543 3.329 29.243 4.243
3 16 3.670 30.561 4.057 3.329 29.243 4.243 3.427 30.543 2.296
3 16 -3.185 32.213 2.565 -1.875 31.000 0.000 -2.111 30.543 2.296
3 16 -3.000 32.459 0.000 -1.875 31.000 0.000 -3.185 32.213 2.565
3 16 -2.111 30.543 2.296 -2.178 29.243 4.243 -2.671 30.347 4.736
3 16 -2.671 30.347 4.736 -1.872 27.296 5.543 -2.190 27.353 6.348
3 16 -2.671 30.347 4.736 -3.185 32.213 2.565 -2.111 30.543 2.296
3 16 -2.671 30.347 4.736 -2.178 29.243 4.243 -1.872 27.296 5.543
3 16 -1.756 24.511 7.917 -2.190 27.353 6.348 -1.872 27.296 5.543
3 16 -1.872 27.296 5.543 -0.512 25.000 6.000 -1.210 24.949 7.019
3 16 5.552 53.691 8.402 3.427 52.196 8.290 5.666 51.154 8.034
3 16 3.427 52.196 8.290 5.552 53.691 8.402 2.897 53.691 8.406
3 16 -1.756 24.511 7.917 1.539 24.913 7.005 1.674 24.469 7.986
3 16 -1.210 24.949 7.019 1.539 24.913 7.005 -1.756 24.511 7.917
3 16 -1.214 23.282 9.006 -1.756 24.511 7.917 1.674 24.469 7.986
3 16 -1.214 23.282 9.006 1.674 24.469 7.986 0.457 22.994 9.149
3 16 -1.079 23.294 10.259 -1.508 23.346 9.713 -0.616 23.080 9.688
3 16 -0.442 23.194 10.381 -0.616 23.080 9.688 -0.065 23.093 10.283
3 16 -0.616 23.080 9.688 -0.442 23.194 10.381 -1.079 23.294 10.259
3 16 0.326 23.044 9.676 -0.065 23.093 10.283 -0.616 23.080 9.688
3 16 -0.616 23.080 9.688 0.457 22.994 9.149 0.326 23.044 9.676
3 16 -1.214 23.282 9.006 0.457 22.994 9.149 -0.616 23.080 9.688
3 16 -0.616 23.080 9.688 -1.508 23.346 9.713 -1.214 23.282 9.006
3 16 1.476 28.024 10.049 -0.034 28.048 10.064 -0.493 24.577 10.576
3 16 -0.493 24.577 10.576 0.799 24.524 10.587 1.476 28.024 10.049
3 16 0.799 24.524 10.587 3.140 27.399 6.879 1.476 28.024 10.049
3 16 0.799 24.524 10.587 1.674 24.469 7.986 3.140 27.399 6.879
3 16 -0.493 24.577 10.576 -1.079 23.294 10.259 -0.442 23.194 10.381
3 16 0.799 24.524 10.587 -0.493 24.577 10.576 -0.442 23.194 10.381
3 16 -0.442 23.194 10.381 -0.065 23.093 10.283 0.799 24.524 10.587
3 16 0.326 23.044 9.676 1.674 24.469 7.986 0.799 24.524 10.587
3 16 0.799 24.524 10.587 -0.065 23.093 10.283 0.326 23.044 9.676
3 16 1.674 24.469 7.986 0.326 23.044 9.676 0.457 22.994 9.149
3 16 -1.524 28.057 9.377 -0.493 24.577 10.576 -0.034 28.048 10.064
3 16 -1.524 28.057 9.377 -2.219 24.692 9.386 -0.493 24.577 10.576
3 16 -2.337 28.078 8.679 -2.219 24.692 9.386 -1.524 28.057 9.377
3 16 -2.219 24.692 9.386 -1.508 23.346 9.713 -1.079 23.294 10.259
3 16 -1.079 23.294 10.259 -0.493 24.577 10.576 -2.219 24.692 9.386
3 16 -2.746 27.830 7.630 -2.219 24.692 9.386 -2.337 28.078 8.679
3 16 -2.746 27.830 7.630 -2.212 24.642 8.686 -2.219 24.692 9.386
3 16 -2.190 27.353 6.348 -2.212 24.642 8.686 -2.746 27.830 7.630
3 16 -2.190 27.353 6.348 -1.756 24.511 7.917 -2.212 24.642 8.686
3 16 -1.872 27.296 5.543 -1.210 24.949 7.019 -1.756 24.511 7.917
3 16 -1.159 33.246 7.866 -0.034 28.048 10.064 0.672 33.453 8.749
3 16 -0.034 28.048 10.064 -1.159 33.246 7.866 -1.524 28.057 9.377
3 16 -3.273 30.997 6.264 -2.337 28.078 8.679 -2.661 33.022 6.657
3 16 -2.746 27.830 7.630 -2.337 28.078 8.679 -3.273 30.997 6.264
3 16 -2.671 30.347 4.736 -2.746 27.830 7.630 -3.273 30.997 6.264
3 16 -2.671 30.347 4.736 -2.190 27.353 6.348 -2.746 27.830 7.630
3 16 -1.214 23.282 9.006 -2.212 24.642 8.686 -1.756 24.511 7.917
3 16 -1.508 23.346 9.713 -2.212 24.642 8.686 -1.214 23.282 9.006
3 16 -2.219 24.692 9.386 -2.212 24.642 8.686 -1.508 23.346 9.713
3 16 -1.159 33.246 7.866 -2.661 33.022 6.657 -2.337 28.078 8.679
3 16 -2.337 28.078 8.679 -1.524 28.057 9.377 -1.159 33.246 7.866
3 16 -3.934 33.365 4.131 -2.661 33.022 6.657 -2.934 39.172 3.018
3 16 -2.661 33.022 6.657 -3.934 33.365 4.131 -3.273 30.997 6.264
3 16 -3.934 33.365 4.131 -2.671 30.347 4.736 -3.273 30.997 6.264
3 16 -3.934 33.365 4.131 -3.185 32.213 2.565 -2.671 30.347 4.736
3 16 0.672 33.453 8.749 1.392 47.607 5.582 -1.159 33.246 7.866
3 16 1.392 47.607 5.582 0.672 33.453 8.749 3.131 47.608 5.947
3 16 -1.159 33.246 7.866 -1.104 40.864 4.287 -2.661 33.022 6.657
3 16 0.254 47.359 4.197 -1.159 33.246 7.866 1.392 47.607 5.582
3 16 0.254 47.359 4.197 -1.104 40.864 4.287 -1.159 33.246 7.866
3 16 -3.761 38.178 1.486 -3.934 33.365 4.131 -2.934 39.172 3.018
3 16 -3.934 33.365 4.131 -3.761 38.178 1.486 -4.293 34.559 1.704
3 16 0.672 33.453 8.749 1.476 28.024 10.049 2.673 33.478 8.594
3 16 -0.034 28.048 10.064 1.476 28.024 10.049 0.672 33.453 8.749
3 16 2.673 33.478 8.594 3.140 27.399 6.879 4.663 32.860 5.332
3 16 1.476 28.024 10.049 3.140 27.399 6.879 2.673 33.478 8.594
3 16 2.673 33.478 8.594 3.131 47.608 5.947 0.672 33.453 8.749
3 16 2.673 33.478 8.594 5.023 46.569 5.631 3.131 47.608 5.947
3 16 4.663 32.860 5.332 6.607 44.430 2.313 5.023 46.569 5.631
3 16 5.023 46.569 5.631 2.673 33.478 8.594 4.663 32.860 5.332
3 16 -1.104 40.864 4.287 -2.934 39.172 3.018 -2.661 33.022 6.657
3 16 -1.623 39.490 1.776 -2.553 38.798 1.098 -3.761 38.178 1.486
3 16 -3.761 38.178 1.486 -2.934 39.172 3.018 -1.623 39.490 1.776
3 16 -1.623 39.490 1.776 -2.934 39.172 3.018 -1.104 40.864 4.287
3 16 -1.104 40.864 4.287 -0.720 40.151 1.966 -1.623 39.490 1.776
3 16 8.323 49.870 6.274 6.946 47.776 5.297 8.414 48.276 3.771
3 16 8.323 49.870 6.274 5.666 51.154 8.034 6.946 47.776 5.297
3 16 7.449 52.271 7.874 5.666 51.154 8.034 8.323 49.870 6.274
3 16 1.700 55.988 8.728 1.590 53.240 8.214 2.897 53.691 8.406
3 16 8.407 47.482 0.000 7.607 46.298 1.772 6.623 44.240 0.000
3 16 8.407 47.482 0.000 8.414 48.276 3.771 7.607 46.298 1.772
3 16 8.414 48.276 3.771 6.946 47.776 5.297 7.607 46.298 1.772
3 16 6.607 44.430 2.313 6.946 47.776 5.297 5.023 46.569 5.631
3 16 7.607 46.298 1.772 6.946 47.776 5.297 6.607 44.430 2.313
3 16 1.767 38.625 2.109 4.299 32.702 3.869 1.431 33.723 3.261
3 16 3.764 39.640 1.908 4.299 32.702 3.869 1.767 38.625 2.109
3 16 3.764 39.640 1.908 6.516 43.843 1.031 4.299 32.702 3.869
3 16 2.333 43.671 0.762 6.516 43.843 1.031 3.764 39.640 1.908
3 16 1.674 24.469 7.986 3.025 27.184 6.160 3.140 27.399 6.879
3 16 1.539 24.913 7.005 3.025 27.184 6.160 1.674 24.469 7.986
3 16 3.140 27.399 6.879 3.025 27.184 6.160 4.663 32.860 5.332
3 16 4.663 32.860 5.332 6.516 43.843 1.031 6.607 44.430 2.313
3 16 4.299 32.702 3.869 6.516 43.843 1.031 4.663 32.860 5.332
3 16 3.190 31.390 0.000 1.431 33.723 3.261 3.670 30.561 4.057
3 16 1.185 33.993 0.000 1.431 33.723 3.261 3.190 31.390 0.000
3 16 1.767 38.625 2.109 2.178 38.485 0.000 3.764 39.640 1.908
3 16 1.143 37.753 0.000 2.178 38.485 0.000 1.767 38.625 2.109
3 16 0.054 46.743 0.000 -0.022 45.517 1.960 0.254 47.359 4.197
3 16 3.131 47.608 5.947 3.427 52.196 8.290 1.186 50.297 7.124
3 16 3.427 52.196 8.290 1.590 53.240 8.214 1.186 50.297 7.124
3 16 -0.022 45.517 1.960 -1.104 40.864 4.287 0.254 47.359 4.197
3 16 -0.720 40.151 1.966 -1.104 40.864 4.287 -0.022 45.517 1.960
3 16 -0.720 40.151 1.966 -0.022 45.517 1.960 -1.599 45.504 1.755
3 16 2.333 43.671 0.762 2.178 38.485 0.000 2.280 43.931 0.000
3 16 3.764 39.640 1.908 2.178 38.485 0.000 2.333 43.671 0.762
3 16 5.023 46.569 5.631 6.946 47.776 5.297 5.666 51.154 8.034
3 16 2.333 43.671 0.762 2.280 43.931 0.000 6.623 44.240 0.000
3 16 6.623 44.240 0.000 6.516 43.843 1.031 2.333 43.671 0.762
3 16 6.516 43.843 1.031 6.623 44.240 0.000 6.607 44.430 2.313
3 16 6.607 44.430 2.313 6.623 44.240 0.000 7.607 46.298 1.772
3 16 -2.873 45.504 0.000 -2.903 38.518 0.000 -2.553 38.798 1.098
3 16 -2.553 38.798 1.098 -2.521 45.504 1.085 -2.873 45.504 0.000
3 16 1.431 33.723 3.261 4.299 32.702 3.869 3.670 30.561 4.057
3 16 -3.185 32.213 2.565 -3.934 33.365 4.131 -4.293 34.559 1.704
3 16 -3.185 32.213 2.565 -4.293 34.559 0.000 -3.000 32.459 0.000
3 16 -4.293 34.559 1.704 -4.293 34.559 0.000 -3.185 32.213 2.565
3 16 -2.553 38.798 1.098 -2.903 38.518 0.000 -3.854 37.883 0.000
3 16 -3.854 37.883 0.000 -3.761 38.178 1.486 -2.553 38.798 1.098
3 16 -3.854 37.883 0.000 -4.293 34.559 1.704 -3.761 38.178 1.486
3 16 -3.854 37.883 0.000 -4.293 34.559 0.000 -4.293 34.559 1.704
3 16 1.143 37.753 0.000 1.767 38.625 2.109 1.431 33.723 3.261
3 16 1.431 33.723 3.261 1.185 33.993 0.000 1.143 37.753 0.000
3 16 8.323 49.870 6.274 9.800 48.276 3.771 9.800 50.721 6.920
3 16 9.800 48.276 3.771 8.323 49.870 6.274 8.414 48.276 3.771
3 16 7.449 52.271 7.874 9.800 50.721 6.920 9.800 53.261 8.298
3 16 9.800 50.721 6.920 7.449 52.271 7.874 8.323 49.870 6.274
3 16 1.700 58.016 8.541 1.700 55.988 8.728 9.800 55.988 8.734
3 16 9.800 55.988 8.734 9.764 58.027 8.541 1.700 58.016 8.541
3 16 9.800 47.564 0.000 8.414 48.276 3.771 8.407 47.482 0.000
3 16 9.800 48.276 3.771 8.414 48.276 3.771 9.800 47.564 0.000
3 16 4.235 60.470 7.590 2.973 60.183 7.782 8.442 60.189 7.790
3 16 8.442 60.189 7.790 7.182 60.482 7.590 4.235 60.470 7.590
3 16 9.436 59.266 8.175 8.442 60.189 7.790 2.973 60.183 7.782
3 16 2.973 60.183 7.782 1.971 59.203 8.175 9.436 59.266 8.175
3 16 9.764 58.027 8.541 9.436 59.266 8.175 1.971 59.203 8.175
3 16 1.971 59.203 8.175 1.700 58.016 8.541 9.764 58.027 8.541
3 16 2.973 60.183 3.380 8.437 60.188 3.380 9.407 59.266 3.380
3 16 9.407 59.266 3.380 1.971 59.203 3.380 2.973 60.183 3.380
3 16 4.235 60.470 3.380 7.182 60.481 3.380 8.437 60.188 3.380
3 16 8.437 60.188 3.380 2.973 60.183 3.380 4.235 60.470 3.380
3 16 1.700 58.000 3.464 1.971 59.203 3.380 9.407 59.266 3.380
3 16 9.407 59.266 3.380 9.762 58.000 3.464 1.700 58.000 3.464
3 16 9.762 58.000 3.464 9.800 56.000 4.000 1.700 56.000 4.000
3 16 1.700 56.000 4.000 1.700 58.000 3.464 9.762 58.000 3.464
3 16 0.254 47.359 4.197 1.400 52.000 4.000 1.400 52.000 0.000
3 16 1.400 52.000 0.000 0.054 46.743 0.000 0.254 47.359 4.197
3 16 1.186 50.297 7.124 1.590 53.240 8.214 1.400 52.000 4.000
3 16 1.400 52.000 4.000 0.254 47.359 4.197 1.186 50.297 7.124
3 16 1.400 52.000 4.000 1.590 53.240 8.214 1.700 55.988 8.728
3 16 1.700 58.016 8.541 1.700 58.000 3.464 1.700 56.000 4.000
3 16 1.700 56.000 4.000 1.700 55.988 8.728 1.700 58.016 8.541
3 16 1.700 58.000 3.464 1.700 58.016 8.541 1.971 59.203 8.175
3 16 1.971 59.203 8.175 1.971 59.203 3.380 1.700 58.000 3.464
3 16 2.973 60.183 7.782 2.973 60.183 3.380 1.971 59.203 3.380
3 16 1.971 59.203 3.380 1.971 59.203 8.175 2.973 60.183 7.782
3 16 2.973 60.183 3.380 2.973 60.183 7.782 4.235 60.470 7.590
3 16 4.235 60.470 7.590 4.235 60.470 3.380 2.973 60.183 3.380
3 16 7.182 60.481 3.380 4.235 60.470 3.380 4.235 60.470 7.590
3 16 4.235 60.470 7.590 7.182 60.482 7.590 7.182 60.481 3.380
3 16 7.182 60.482 7.590 8.442 60.189 7.790 8.437 60.188 3.380
3 16 8.437 60.188 3.380 7.182 60.481 3.380 7.182 60.482 7.590
3 16 8.442 60.189 7.790 9.436 59.266 8.175 9.407 59.266 3.380
3 16 9.407 59.266 3.380 8.437 60.188 3.380 8.442 60.189 7.790
3 16 9.436 59.266 8.175 9.764 58.027 8.541 9.762 58.000 3.464
3 16 9.762 58.000 3.464 9.407 59.266 3.380 9.436 59.266 8.175
3 16 9.764 58.027 8.541 9.800 55.988 8.734 9.800 56.000 4.000
3 16 9.800 56.000 4.000 9.762 58.000 3.464 9.764 58.027 8.541
3 16 9.800 53.261 8.298 9.800 52.000 4.000 9.800 56.000 4.000
3 16 9.800 56.000 4.000 9.800 55.988 8.734 9.800 53.261 8.298
3 16 9.800 52.000 4.000 9.800 53.261 8.298 9.800 50.721 6.920
3 16 9.800 50.721 6.920 9.800 48.276 3.771 9.800 52.000 4.000
3 16 9.800 52.000 0.000 9.800 52.000 4.000 9.800 48.276 3.771
3 16 9.800 48.276 3.771 9.800 47.564 0.000 9.800 52.000 0.000
3 16 -2.521 45.504 1.085 -2.553 38.798 1.098 -1.623 39.490 1.776
3 16 -1.623 39.490 1.776 -1.599 45.504 1.755 -2.521 45.504 1.085
3 16 -1.623 39.490 1.776 -0.720 40.151 1.966 -1.599 45.504 1.755
3 16 1.400 52.000 4.000 1.700 55.988 8.728 1.700 56.000 4.000
3 16 3.025 27.184 6.160 4.299 32.702 3.869 4.663 32.860 5.332
3 16 4.299 32.702 3.869 3.025 27.184 6.160 3.670 30.561 4.057
3 16 5.552 53.691 8.402 9.800 53.261 8.298 9.800 55.988 8.734
3 16 7.449 52.271 7.874 9.800 53.261 8.298 5.552 53.691 8.402
3 16 5.552 53.691 8.402 9.800 55.988 8.734 1.700 55.988 8.728
3 16 1.700 55.988 8.728 2.897 53.691 8.406 5.552 53.691 8.402
3 16 1.590 53.240 8.214 3.427 52.196 8.290 2.897 53.691 8.406
3 16 0.254 47.359 4.197 1.392 47.607 5.582 1.186 50.297 7.124
3 16 1.186 50.297 7.124 1.392 47.607 5.582 3.131 47.608 5.947
3 16 5.666 51.154 8.034 3.427 52.196 8.290 3.131 47.608 5.947
3 16 3.131 47.608 5.947 5.023 46.569 5.631 5.666 51.154 8.034
3 16 5.666 51.154 8.034 7.449 52.271 7.874 5.552 53.691 8.402
2 24 1.774 17.103 9.168 1.907 17.880 6.946
2 24 3.639 7.459 4.673 3.511 6.178 6.204
2 24 -4.006 -1.908 3.459 -3.541 -3.427 3.394
2 24 3.549 -3.460 3.410 4.006 -1.908 3.459
2 24 -3.541 -3.427 3.394 -2.131 -4.352 3.394
2 24 -2.131 -4.352 3.394 2.189 -4.352 3.410
2 24 2.189 -4.352 3.410 3.549 -3.460 3.410
2 24 4.000 6.203 6.179 4.000 2.875 8.214
2 24 -1.852 17.099 9.284 -2.271 17.967 6.920
2 24 -1.327 3.168 8.254 -2.407 6.428 7.396
2 24 3.014 6.510 7.573 2.249 3.120 8.209
2 24 2.249 3.120 8.209 -1.327 3.168 8.254
2 24 1.907 17.880 6.946 2.111 19.653 5.391
2 24 2.111 19.653 5.391 3.639 7.459 4.673
2 24 4.000 8.180 2.304 3.999 8.374 0.000
2 24 4.000 6.203 6.179 4.000 7.919 3.686
2 24 3.549 -3.461 8.070 4.006 -1.915 8.542
2 24 2.189 -4.352 7.660 3.549 -3.461 8.070
2 24 -2.131 -4.352 7.660 2.189 -4.352 7.660
2 24 -3.541 -3.427 8.070 -2.131 -4.352 7.660
2 24 -4.006 -1.908 8.542 -3.541 -3.427 8.070
2 24 -4.000 6.213 6.167 -4.000 2.875 8.214
2 24 -4.000 7.762 3.756 -4.000 6.213 6.167
2 24 -4.000 7.891 2.057 -4.000 7.762 3.756
2 24 -4.000 7.762 3.756 -3.208 8.007 4.251
2 24 -3.208 8.007 4.251 -2.901 6.926 5.668
2 24 -2.437 18.709 6.108 -2.313 19.924 5.281
2 24 -2.271 17.967 6.920 -2.437 18.709 6.108
2 24 -1.642 16.162 10.189 -1.852 17.099 9.284
2 24 1.774 17.103 9.168 1.715 16.154 10.263
2 24 1.715 16.154 10.263 2.009 13.781 10.593
2 24 -1.777 13.754 10.461 -1.642 16.162 10.189
2 24 -4.000 0.127 8.729 -4.000 2.875 8.214
2 24 4.000 0.127 8.729 4.000 2.875 8.214
2 24 -1.327 3.168 8.254 -2.901 6.926 5.668
2 24 -2.113 10.068 9.228 -2.407 6.428 7.396
2 24 -1.777 13.754 10.461 -2.113 10.068 9.228
2 24 -3.639 18.988 5.454 -3.540 14.110 4.980
2 24 -4.429 15.178 1.834 -4.238 18.556 2.229
2 24 -4.429 15.178 1.834 -4.371 14.851 0.000
2 24 -4.000 7.891 0.000 -4.000 7.891 2.057
2 24 4.006 -1.908 3.459 4.000 0.000 4.000
2 24 -4.000 0.000 4.000 -4.006 -1.908 3.459
2 24 4.006 -1.915 8.542 4.000 0.127 8.729
2 24 -4.006 -1.908 8.542 -4.000 0.127 8.729
2 24 3.511 6.178 6.204 2.249 3.120 8.209
2 24 0.856 8.426 0.000 0.890 8.216 2.298
2 24 3.639 7.459 4.673 4.000 7.919 3.686
2 24 2.009 13.781 10.593 2.639 10.180 9.089
2 24 3.974 11.461 3.716 4.321 13.342 3.639
2 24 4.321 13.342 3.639 4.366 13.321 2.394
2 24 4.366 13.321 2.394 4.031 11.683 2.405
2 24 0.890 8.216 2.298 -0.350 14.540 2.294
2 24 4.000 7.919 3.686 3.974 11.461 3.716
2 24 4.031 11.683 2.405 4.000 8.180 2.304
2 24 -3.540 14.110 4.980 -3.208 8.007 4.251
2 24 2.639 10.180 9.089 3.014 6.510 7.573
2 24 0.890 8.216 2.298 4.000 8.180 2.304
2 24 0.540 15.310 2.319 -0.350 14.540 2.294
2 24 0.575 14.905 1.785 0.587 14.627 0.000
2 24 0.540 15.310 2.319 0.575 14.905 1.785
2 24 -3.644 19.630 4.597 -3.639 18.988 5.454
2 24 0.540 15.310 2.319 1.108 19.457 2.296
2 24 1.108 19.457 2.296 1.074 19.000 0.000
2 24 -3.570 19.865 2.907 -4.238 18.556 2.229
2 24 -3.644 19.630 4.597 -3.570 19.865 2.907
2 24 -2.398 21.493 4.734 -2.313 19.924 5.281
2 24 1.856 21.642 4.834 2.111 19.653 5.391
2 24 -2.398 21.493 4.734 1.856 21.642 4.834
2 24 1.856 21.642 4.834 3.600 20.757 4.243
2 24 3.740 19.457 2.296 4.366 13.321 2.394
2 24 3.600 20.757 4.243 3.740 19.457 2.296
2 24 3.740 19.457 2.296 1.108 19.457 2.296
2 24 3.670 30.561 4.057 3.190 31.390 0.000
2 24 3.194 31.000 0.000 3.427 30.543 2.296
2 24 1.222 25.000 6.000 -0.512 25.000 6.000
2 24 2.698 27.296 5.543 1.222 25.000 6.000
2 24 3.329 29.243 4.243 2.698 27.296 5.543
2 24 3.427 30.543 2.296 3.329 29.243 4.243
2 24 -2.111 30.543 2.296 -1.875 31.000 0.000
2 24 -2.178 29.243 4.243 -2.111 30.543 2.296
2 24 -1.872 27.296 5.543 -2.178 29.243 4.243
2 24 -0.512 25.000 6.000 -1.872 27.296 5.543
2 24 2.897 53.691 8.406 5.552 53.691 8.402
2 24 -1.104 40.864 4.287 0.254 47.359 4.197
2 24 -3.761 38.178 1.486 -2.934 39.172 3.018
2 24 -2.934 39.172 3.018 -1.104 40.864 4.287
2 24 -2.553 38.798 1.098 -1.623 39.490 1.776
2 24 -1.623 39.490 1.776 -0.720 40.151 1.966
2 24 8.323 49.870 6.274 8.414 48.276 3.771
2 24 7.449 52.271 7.874 8.323 49.870 6.274
2 24 2.897 53.691 8.406 1.590 53.240 8.214
2 24 1.590 53.240 8.214 1.700 55.988 8.728
2 24 8.414 48.276 3.771 8.407 47.482 0.000
2 24 1.767 38.625 2.109 1.431 33.723 3.261
2 24 3.764 39.640 1.908 1.767 38.625 2.109
2 24 4.299 32.702 3.869 6.516 43.843 1.031
2 24 2.333 43.671 0.762 3.764 39.640 1.908
2 24 3.670 30.561 4.057 1.431 33.723 3.261
2 24 3.764 39.640 1.908 2.178 38.485 0.000
2 24 1.143 37.753 0.000 1.767 38.625 2.109
2 24 0.054 46.743 0.000 0.254 47.359 4.197
2 24 1.186 50.297 7.124 1.590 53.240 8.214
2 24 -0.720 40.151 1.966 -0.022 45.517 1.960
2 24 -1.599 45.504 1.755 -0.022 45.517 1.960
2 24 2.333 43.671 0.762 2.280 43.931 0.000
2 24 6.516 43.843 1.031 6.623 44.240 0.000
2 24 -2.553 38.798 1.098 -2.903 38.518 0.000
2 24 -2.873 45.504 0.000 -2.521 45.504 1.085
2 24 3.670 30.561 4.057 4.299 32.702 3.869
2 24 -3.761 38.178 1.486 -3.854 37.883 0.000
2 24 9.800 50.721 6.920 9.800 48.276 3.771
2 24 9.800 53.261 8.298 9.800 50.721 6.920
2 24 1.700 55.988 8.728 1.700 58.016 8.541
2 24 9.764 58.027 8.541 9.800 55.988 8.734
2 24 9.800 48.276 3.771 9.800 47.564 0.000
2 24 2.973 60.183 7.782 4.235 60.470 7.590
2 24 7.182 60.482 7.590 8.442 60.189 7.790
2 24 4.235 60.470 7.590 7.182 60.482 7.590
2 24 1.971 59.203 8.175 2.973 60.183 7.782
2 24 8.442 60.189 7.790 9.436 59.266 8.175
2 24 1.700 58.016 8.541 1.971 59.203 8.175
2 24 9.436 59.266 8.175 9.764 58.027 8.541
2 24 2.973 60.183 3.380 1.971 59.203 3.380
2 24 9.407 59.266 3.380 8.437 60.188 3.380
2 24 4.235 60.470 3.380 2.973 60.183 3.380
2 24 8.437 60.188 3.380 7.182 60.481 3.380
2 24 7.182 60.481 3.380 4.235 60.470 3.380
2 24 9.762 58.000 3.464 9.407 59.266 3.380
2 24 1.971 59.203 3.380 1.700 58.000 3.464
2 24 9.800 56.000 4.000 9.762 58.000 3.464
2 24 1.700 58.000 3.464 1.700 56.000 4.000
2 24 1.186 50.297 7.124 0.254 47.359 4.197
2 24 9.800 53.261 8.298 9.800 55.988 8.734
2 24 -2.521 45.504 1.085 -1.599 45.504 1.755
2 24 7.449 52.271 7.874 5.552 53.691 8.402
2 24 -4.006 -1.908 3.459 4.006 -1.908 3.459
2 24 1.700 58.000 3.464 9.762 58.000 3.464
2 24 -2.949 20.757 4.243 -3.570 19.865 2.907
2 24 -2.398 21.493 4.734 -2.949 20.757 4.243
2 24 -3.854 19.457 2.296 -3.570 19.865 2.907
2 24 -3.854 19.457 2.296 -4.047 19.000 0.000
2 24 -0.350 14.540 2.294 -0.095 14.283 0.000
