0 FILE 44861.dat
0 Plate, Modified 1 x 2 with Open O Clip on Top 
0 Name:  44861.dat
0 Author:  
0 BFC CERTIFY CCW
3 16 16.000 8.000 6.000 -16.000 8.000 6.000 -20.000 8.000 10.000
3 16 -20.000 8.000 10.000 20.000 8.000 10.000 16.000 8.000 6.000
3 16 16.000 8.000 -6.000 16.000 8.000 6.000 20.000 8.000 10.000
3 16 20.000 8.000 10.000 20.000 8.000 -10.000 16.000 8.000 -6.000
3 16 -16.000 8.000 -6.000 16.000 8.000 -6.000 20.000 8.000 -10.000
3 16 20.000 8.000 -10.000 -20.000 8.000 -10.000 -16.000 8.000 -6.000
3 16 -16.000 8.000 6.000 -16.000 8.000 -6.000 -20.000 8.000 -10.000
3 16 -20.000 8.000 -10.000 -20.000 8.000 10.000 -16.000 8.000 6.000
3 16 20.000 8.000 -10.000 20.000 8.000 10.000 20.000 1.000 10.000
3 16 20.000 1.000 10.000 20.000 1.000 -10.000 20.000 8.000 -10.000
3 16 20.000 8.000 10.000 -20.000 8.000 10.000 0.000 1.000 10.000
3 16 0.000 1.000 10.000 20.000 1.000 10.000 20.000 8.000 10.000
3 16 -20.000 8.000 -10.000 20.000 8.000 -10.000 20.000 1.000 -10.000
3 16 20.000 1.000 -10.000 0.000 1.000 -10.000 -20.000 8.000 -10.000
3 16 0.000 1.000 -10.000 0.000 0.000 -10.000 -20.000 0.000 -10.000
3 16 -20.000 0.000 -10.000 -20.000 8.000 -10.000 0.000 1.000 -10.000
3 16 0.000 0.000 10.000 0.000 1.000 10.000 -20.000 8.000 10.000
3 16 -20.000 8.000 10.000 -20.000 0.000 10.000 0.000 0.000 10.000
3 16 14.500 0.000 -4.000 5.500 0.000 -4.000 5.500 1.000 -4.000
3 16 5.500 1.000 -4.000 14.500 1.000 -4.000 14.500 0.000 -4.000
3 16 5.500 0.000 4.000 14.500 0.000 4.000 14.500 1.000 4.000
3 16 14.500 1.000 4.000 5.500 1.000 4.000 5.500 0.000 4.000
3 16 0.000 0.000 -10.000 0.000 0.000 10.000 -20.000 0.000 10.000
3 16 -20.000 0.000 10.000 -20.000 0.000 -10.000 0.000 0.000 -10.000
3 16 5.500 1.000 4.000 5.500 1.000 -4.000 5.500 0.000 -4.000
3 16 5.500 0.000 -4.000 5.500 0.000 4.000 5.500 1.000 4.000
3 16 14.500 1.000 4.000 14.500 0.000 4.000 14.500 0.000 -4.000
3 16 14.500 0.000 -4.000 14.500 1.000 -4.000 14.500 1.000 4.000
3 16 3.674 -1.804 -4.000 3.674 -1.804 4.000 5.500 0.000 4.000
3 16 5.500 0.000 4.000 5.500 0.000 -4.000 3.674 -1.804 -4.000
3 16 5.500 0.000 -4.000 14.500 0.000 -4.000 16.326 -1.804 -4.000
3 16 16.326 -1.804 -4.000 3.674 -1.804 -4.000 5.500 0.000 -4.000
3 16 14.500 0.000 -4.000 14.500 0.000 4.000 16.326 -1.804 4.000
3 16 16.326 -1.804 4.000 16.326 -1.804 -4.000 14.500 0.000 -4.000
3 16 16.326 -1.804 4.000 14.500 0.000 4.000 5.500 0.000 4.000
3 16 5.500 0.000 4.000 3.674 -1.804 4.000 16.326 -1.804 4.000
2 24 20.000 8.000 10.000 20.000 8.000 -10.000
2 24 20.000 1.000 10.000 0.000 1.000 10.000
2 24 0.000 1.000 -10.000 20.000 1.000 -10.000
2 24 20.000 8.000 -10.000 20.000 1.000 -10.000
2 24 20.000 8.000 10.000 20.000 1.000 10.000
2 24 0.000 0.000 -10.000 -20.000 0.000 -10.000
2 24 0.000 0.000 10.000 -20.000 0.000 10.000
2 24 16.326 -1.804 -4.000 14.500 0.000 -4.000
2 24 14.500 0.000 -4.000 14.500 1.000 -4.000
2 24 16.326 -1.804 4.000 14.500 0.000 4.000
2 24 14.500 0.000 4.000 14.500 1.000 4.000
2 24 3.674 -1.804 -4.000 5.500 0.000 -4.000
2 24 5.500 0.000 -4.000 5.500 1.000 -4.000
2 24 3.674 -1.804 4.000 5.500 0.000 4.000
2 24 5.500 0.000 4.000 5.500 1.000 4.000
2 24 5.500 1.000 4.000 5.500 1.000 -4.000
2 24 5.500 1.000 4.000 14.500 1.000 4.000
2 24 14.500 1.000 4.000 14.500 1.000 -4.000
2 24 14.500 1.000 -4.000 5.500 1.000 -4.000
1 16 0.0000 4.0000 0.0000 1.0000 0.0000 0.0000 0.0000 -1.0000 0.0000 0.0000 0.0000 1.0000 stud3.dat
0 BFC INVERTNEXT
1 16 0.0000 8.0000 0.0000 16.0000 0.0000 0.0000 0.0000 -4.0000 0.0000 0.0000 0.0000 6.0000 box5.dat
1 16 0.0000 8.0000 0.0000 20.0000 0.0000 0.0000 0.0000 1.0000 0.0000 0.0000 0.0000 10.0000 recte4.dat
1 16 -20.0000 4.0000 0.0000 0.0000 1.0000 0.0000 0.0000 0.0000 -4.0000 -10.0000 0.0000 0.0000 rect3.dat
0 BFC INVERTNEXT
1 16 10.0000 0.5000 0.0000 0.0000 -10.0000 0.0000 0.0000 0.0000 0.5000 -10.0000 0.0000 0.0000 box2-5.dat
1 16 -10.0000 0.0000 0.0000 1.0000 0.0000 0.0000 0.0000 1.0000 0.0000 0.0000 0.0000 1.0000 stud.dat
1 16 10.0000 -6.0000 0.0000 1.0000 0.0000 0.0000 0.0000 0.0000 1.0000 0.0000 1.0000 0.0000 clip13.dat
