0 Electric Brick  2 x  2 x  0.667 with Wire End
0 Name: 5306.dat
0 Author: Manfred Moolhuysen
0 !LDRAW_ORG Unofficial_Shortcut
0 !LICENSE Redistributable under CCAL version 2.0 : see CAreadme.txt

0 BFC CERTIFY CCW

0 !HISTORY 1998-02-12 [PTadmin] Official Update 1998-02
0 !HISTORY 1999-02-01 [PTadmin] Official Update 1999-01
0 !HISTORY 2007-07-09 [PTadmin] Header formatted for Contributor Agreement
0 !HISTORY 2008-07-01 [PTadmin] Official Update 2008-01
0 !HISTORY 2013-03-30 [MagFors] Changed colour 383 to 494 (real metal)
0 !HISTORY 2013-03-30 [MagFors] Modified with WINDZ for BFC compliance

0 // *** Base Part ***
0 // X-shaped cavity

0 BFC INVERTNEXT
1 16 2 14 0 0 3 0 -2 0 0 0 0 4 box3u2p.dat
0 BFC INVERTNEXT
1 16 0 14 4 0 0 -2 -2 0 0 0 2 0 box3u4a.dat
0 BFC INVERTNEXT
1 16 -2 14 0 0 -3 0 -2 0 0 0 0 -4 box3u2p.dat
0 BFC INVERTNEXT
1 16 0 14 -4 0 0 2 -2 0 0 0 -2 0 box3u4a.dat
0 // Cylinder & partition
1 16 0 16 0 3.061467 0 7.391036 0 -4 0 -7.391036 0 3.061467 3-8cylo.dat
1 16 0 16 0 -3.061467 0 -7.391036 0 -4 0 7.391036 0 -3.061467 3-8cylo.dat
1 16 0 12 11.831 0 0 -1.7 0 4 0 4.169 0 0 box3u4p.dat
2 24 -3.061467 16 7.391036 -1.7 16 7.662
2 24 -3.061467 12 7.391036 -1.7 12 7.662
4 16 -3.061467 12 7.391036 -1.7 12 7.662 -1.7 16 7.662 -3.061467 16 7.391036
2 24 3.061438 16 7.390965 1.7 16 7.662
2 24 3.061438 12 7.390965 1.7 12 7.662
4 16 3.061438 16 7.390965 1.7 16 7.662 1.7 12 7.662 3.061438 12 7.390965
1 16 0 12 -11.831 0 0 1.7 0 4 0 -4.169 0 0 box3u4p.dat
2 24 3.061467 16 -7.391036 1.7 16 -7.662
2 24 3.061467 12 -7.391036 1.7 12 -7.662
4 16 3.061467 12 -7.391036 1.7 12 -7.662 1.7 16 -7.662 3.061467 16 -7.391036
2 24 -3.061438 16 -7.390965 -1.7 16 -7.662
2 24 -3.061438 12 -7.390965 -1.7 12 -7.662
4 16 -3.061438 16 -7.390965 -1.7 16 -7.662 -1.7 12 -7.662 -3.061438 12 -7.390965
0 // Disc
3 16 5 16 -4 5 16 4 8.000202 16 0
4 16 5 16 4 5.656955 16 5.657039 7.391036 16 3.061467 8.000202 16 0
4 16 5 16 4 2 16 4 2 16 6 5.656955 16 5.657039
4 16 2 16 6 1.7 16 7.662 3.061438 16 7.390965 5.656955 16 5.657039
4 16 2 16 6 -2 16 6 -1.7 16 7.662 1.7 16 7.662
4 16 -2 16 6 -5.657039 16 5.656955 -3.061467 16 7.391036 -1.7 16 7.662
4 16 -2 16 6 -2 16 4 -5 16 4 -5.657039 16 5.656955
4 16 -5 16 4 -8.000202 16 0 -7.390965 16 3.061438 -5.657039 16 5.656955
3 16 -5 16 4 -5 16 -4 -8.000202 16 0
4 16 -5 16 -4 -5.656955 16 -5.657039 -7.391036 16 -3.061467 -8.000202 16 0
4 16 -5 16 -4 -2 16 -4 -2 16 -6 -5.656955 16 -5.657039
4 16 -2 16 -6 -1.7 16 -7.662 -3.061438 16 -7.390965 -5.656955 16 -5.657039
4 16 -2 16 -6 2 16 -6 1.7 16 -7.662 -1.7 16 -7.662
4 16 2 16 -6 5.657039 16 -5.656955 3.061467 16 -7.391036 1.7 16 -7.662
4 16 2 16 -6 2 16 -4 5 16 -4 5.657039 16 -5.656955
4 16 5 16 -4 8.000202 16 0 7.390965 16 -3.061438 5.657039 16 -5.656955
0 // Clips
1 16 16 16 -4.85 -2 0 0 0 -4 0 0 0 -2 1-4cylc.dat
1 16 16 16 4.85 0 0 -2 0 -4 0 2 0 0 1-4cylc.dat
1 16 15 14 0 0 0 -1 0 2 0 4.85 0 0 box2-11.dat
2 24 16 16 -6.85 16 12 -6.85
2 24 14 12 -4.85 14 12 4.85
2 24 16 16 6.85 16 12 6.85
2 24 16 16 6.85 16 16 -6.85

1 16 -16 16 4.85 2 0 0 0 -4 0 0 0 2 1-4cylc.dat
1 16 -16 16 -4.85 0 0 2 0 -4 0 -2 0 0 1-4cylc.dat
1 16 -15 14 0 0 0 1 0 2 0 -4.85 0 0 box2-11.dat
2 24 -16 16 6.85 -16 12 6.85
2 24 -14 12 4.85 -14 12 -4.85
2 24 -16 16 -6.85 -16 12 -6.85
2 24 -16 16 6.85 -16 16 -6.85

4 16 16 12 -6.85 16 12 -16 -16 12 -16 14 12 -4.85
4 16 14 12 4.85 -16 12 16 16 12 16 16 12 6.85
4 16 14 12 4.85 14 12 -4.85 -16 12 -16 -16 12 16
2 24 1.7 16 16 -1.7 16 16
2 24 -1.7 16 -16 1.7 16 -16
2 24 16 12 16 16 12 6.85
2 24 -16 12 6.85 -16 12 16
2 24 -16 12 -16 -16 12 -6.85
2 24 16 12 -6.85 16 12 -16
1 16 16 10 0 0 -1 0 0 0 -6 3.5 0 0 rect3.dat

1 16 17 7.25 11 0 -1 0 0 0 -1.25 4 0 0 rect3.dat
1 16 18 11 7 -1 0 -1 -2.5 0 0 0 8 0 tri4.dat
1 16 17 7.25 -11 0 -1 0 0 0 -1.25 4 0 0 rect3.dat
1 16 18 11 -15 -1 0 -1 -2.5 0 0 0 8 0 tri4.dat
1 16 -17 7.25 -11 0 1 0 0 0 -1.25 -4 0 0 rect3.dat
1 16 -18 11 -7 1 0 1 -2.5 0 0 0 -8 0 tri4.dat
1 16 -17 7.25 11 0 1 0 0 0 -1.25 -4 0 0 rect3.dat
1 16 -18 11 15 1 0 1 -2.5 0 0 0 -8 0 tri4.dat

0 // *** Electric Part ***
0 // electric contact plates
1 494 8.85 14 16 7.15 0 0 0 0 -2 0 1 0 rect.dat
1 494 -8.85 14 16 7.15 0 0 0 0 -2 0 1 0 rect.dat
1 494 -8.85 14 -16 7.15 0 0 0 0 -2 0 -1 0 rect.dat
1 494 8.85 14 -16 7.15 0 0 0 0 -2 0 -1 0 rect.dat
0 // wire stump
4 0 16 6.5 3 40 6.5 3 40 6.5 -3 16 6.5 -3
4 0 16 6.5 3 16 4 3 40 4 3 40 6.5 3
4 0 16 6.5 -3 40 6.5 -3 40 4 -3 16 4 -3
4 0 16 4 3 16 4 -3 40 4 -3 40 4 3
4 0 40 6.5 3 40 4 3 40 4 -3 40 6.5 -3
2 7 16 6.5 3 40 6.5 3
2 7 16 6.5 0 40 6.5 0
2 7 16 6.5 -3 40 6.5 -3
2 7 16 4 3 40 4 3
2 7 16 4 0 40 4 0
2 7 16 4 -3 40 4 -3

0 // *** Top Part ***
0 // Underside rim
4 16 20 16 3.5 16 16 3.5 16 16 16 20 16 20
4 16 20 16 20 16 16 16 -16 16 16 -20 16 20
4 16 -20 16 20 -16 16 16 -16 16 -16 -20 16 -20
4 16 -20 16 -20 -16 16 -16 16 16 -16 20 16 -20
4 16 20 16 -20 16 16 -16 16 16 -3.5 20 16 -3.5
4 16 16 16 6.85 16 12 6.85 16 12 16 16 16 16
4 16 -16 16 16 -16 12 16 -16 12 6.85 -16 16 6.85
4 16 -16 16 -6.85 -16 12 -6.85 -16 12 -16 -16 16 -16
4 16 16 16 -16 16 12 -16 16 12 -6.85 16 16 -6.85
2 24 -16 16 16 -16 16 -16
2 24 16 16 -16 16 16 16
0 // left-side (back half)
4 16 20 16 20 20 11 15 20 11 7 20 16 3.5
4 16 20 16 20 20 0 20 20 6 15 20 11 15
4 16 20 11 7 20 6 7 20 0 3.5 20 16 3.5
4 16 20 6 15 20 0 20 20 0 3.5 20 6 7
2 24 20 16 20 20 16 3.5
2 24 20 0 20 20 0 3.5
0 BFC INVERTNEXT
1 16 20 8.5 11 0 -3 0 2.5 0 0 0 0 4 box4.dat
0 // left-side recess in middle
1 16 18 8 3.5 2 0 0 0 0 8 0 1 0 rect.dat
1 16 18 8 -3.5 2 0 0 0 0 8 0 -1 0 rect.dat
2 24 16 0 3.5 16 0 -3.5
4 16 16 4 3.5 16 0 3.5 16 0 -3.5 16 4 -3.5
2 24 16 4 3.5 16 4 -3.5
0 // left-side (front half)
4 16 20 16 -3.5 20 11 -7 20 11 -15 20 16 -20
4 16 20 11 -15 20 6 -15 20 0 -20 20 16 -20
4 16 20 16 -3.5 20 0 -3.5 20 6 -7 20 11 -7
4 16 20 6 -7 20 0 -3.5 20 0 -20 20 6 -15
2 24 20 16 -20 20 16 -3.5
2 24 20 0 -20 20 0 -3.5
0 BFC INVERTNEXT
1 16 20 8.5 -11 0 -3 0 2.5 0 0 0 0 4 box4.dat
0 // right-side
3 16 -20 16 -20 -20 11 -15 -20 11 -7
4 16 -20 16 -20 -20 0 -20 -20 6 -15 -20 11 -15
3 16 -20 6 -7 -20 6 -15 -20 0 -20
4 16 -20 16 20 -20 16 -20 -20 11 -7 -20 11 7
4 16 -20 11 7 -20 11 -7 -20 6 -7 -20 6 7
4 16 -20 6 7 -20 6 -7 -20 0 -20 -20 0 20
3 16 -20 11 7 -20 11 15 -20 16 20
4 16 -20 11 15 -20 6 15 -20 0 20 -20 16 20
3 16 -20 0 20 -20 6 15 -20 6 7
2 24 -20 16 20 -20 16 -20
2 24 -20 0 20 -20 0 -20
0 BFC INVERTNEXT
1 16 -20 8.5 11 0 3 0 -2.5 0 0 0 0 4 box4.dat
0 BFC INVERTNEXT
1 16 -20 8.5 -11 0 3 0 -2.5 0 0 0 0 4 box4.dat
0 // back- and front-side
1 16 0 8 20 20 0 0 0 0 8 0 -1 0 rect.dat
1 16 0 8 -20 20 0 0 0 0 8 0 1 0 rect.dat
0 // top
4 16 20 0 20 2 0 6 16 0 3.5 20 0 3.5
3 16 16 0 3.5 2 0 6 2 0 3
3 16 2 0 -3 2 0 -6 16 0 -3.5
4 16 20 0 -20 20 0 -3.5 16 0 -3.5 2 0 -6
4 16 16 0 3.5 2 0 3 2 0 -3 16 0 -3.5
4 16 20 0 20 -20 0 20 -2 0 6 2 0 6
4 16 2 0 3 -2 0 3 -2 0 -3 2 0 -3
4 16 20 0 -20 2 0 -6 -2 0 -6 -20 0 -20
3 16 -2 0 3 -2 0 6 -20 0 20
3 16 -20 0 -20 -2 0 -6 -2 0 -3
4 16 -2 0 3 -20 0 20 -20 0 -20 -2 0 -3
0 BFC INVERTNEXT
1 16 0 0 4.5 2 0 0 0 3 0 0 0 1.5 box5.dat
0 BFC INVERTNEXT
1 16 0 0 -4.5 2 0 0 0 3 0 0 0 1.5 box5.dat
2 24 2 3 5 -2 3 5
2 24 2 3 -5 -2 3 -5
1 16 10 0 10 -1 0 0 0 1 0 0 0 -1 studel.dat
1 16 -10 0 10 -1 0 0 0 1 0 0 0 -1 studel.dat
1 16 10 0 -10 1 0 0 0 1 0 0 0 1 studel.dat
1 16 -10 0 -10 1 0 0 0 1 0 0 0 1 studel.dat

