0 ~Engine 10 x 10 with Centre Fan Subpart 3 (Needs Work)
0 Name: s\53983s03.dat
0 Author: Michael Heidemann [mikeheide]
0 !LDRAW_ORG Unofficial_Subpart
0 !LICENSE Redistributable under CCAL version 2.0 : see CAreadme.txt

0 BFC CERTIFY CCW

0 // Edgelines missing

2 24 0 -2 19 0 -2 65
4 16 0 -2 19 0 -2 65 3 -2 65 3 -2 19
2 24 3 -2 19 3 -2 65
2 24 11.1679 -14 15.3713 38.206 -37 52.5861
4 16 3 -2 18 3 -2 66 38.206 -37 52.5861 11.1679 -14 15.3713
2 24 11.1679 -15 15.3713 38.206 -38 52.5861
4 16 11.6976 -14 14.9722 40.018 -37 51.2207 38.206 -38 52.5861 11.1679 -15 15.3713
4 16 11.1679 -14 15.3713 38.206 -37 52.5861 40.018 -37 51.2207 11.6976 -14 14.9722
4 16 11.1679 -15 15.3713 38.206 -38 52.5861 0 -2 67 0 -2 19
2 24 11.6976 -14 14.9722 40.018 -37 51.2207
0 //
