0 OUTER CABLE 24MM (Needs Work)
0 Name: 58856.dat
0 Author: <AuthorRealName> [<AuthorLDrawName>]
0 !LDRAW_ORG Unofficial_Part
0 !LICENSE Redistributable under CCAL version 2.0 : see CAreadme.txt

0 BFC CERTIFY CCW

0 !HISTORY 2013-08-14 {LEGO Digital Designer} Original part shape
0 !HISTORY 2013-08-14 [<AuthorLDrawName>] File preparation for LDraw Parts Tracker

0 // Needs Work: Clean necessary

0 // Outside
3 16 4 0 10 3.464 -2 10 4 0 0 
3 16 4 0 0 3.464 -2 10 3.464 -2 0 
3 16 4 0 20 3.464 -2 20 4 0 10 
3 16 4 0 10 3.464 -2 20 3.464 -2 10 
3 16 3.464 2 10 4 0 10 3.464 2 0 
3 16 3.464 2 0 4 0 10 4 0 0 
3 16 2 3.464 10 3.464 2 10 2 3.464 0 
3 16 2 3.464 0 3.464 2 10 3.464 2 0 
3 16 2 3.464 20 3.464 2 20 2 3.464 10 
3 16 2 3.464 10 3.464 2 20 3.464 2 10 
3 16 0 4 10 2 3.464 10 0 4 0 
3 16 0 4 0 2 3.464 10 2 3.464 0 
3 16 -2 3.464 10 0 4 10 -2 3.464 0 
3 16 -2 3.464 0 0 4 10 0 4 0 
3 16 -3.464 2 10 -2 3.464 10 -3.464 2 0 
3 16 -3.464 2 0 -2 3.464 10 -2 3.464 0 
3 16 -3.464 2 20 -2 3.464 20 -3.464 2 10 
3 16 -3.464 2 10 -2 3.464 20 -2 3.464 10 
3 16 -4 0 10 -3.464 2 10 -4 0 0 
3 16 -4 0 0 -3.464 2 10 -3.464 2 0 
3 16 -4 0 20 -3.464 2 20 -4 0 10 
3 16 -4 0 10 -3.464 2 20 -3.464 2 10 
3 16 -3.464 -2 10 -4 0 10 -3.464 -2 0 
3 16 -3.464 -2 0 -4 0 10 -4 0 0 
3 16 -2 -3.464 10 -3.464 -2 10 -2 -3.464 0 
3 16 -2 -3.464 0 -3.464 -2 10 -3.464 -2 0 
3 16 -2 -3.464 20 -3.464 -2 20 -2 -3.464 10 
3 16 -2 -3.464 10 -3.464 -2 20 -3.464 -2 10 
3 16 0 -4 10 -2 -3.464 10 0 -4 0 
3 16 0 -4 0 -2 -3.464 10 -2 -3.464 0 
3 16 0 -4 20 -2 -3.464 20 0 -4 10 
3 16 0 -4 10 -2 -3.464 20 -2 -3.464 10 
3 16 2 -3.464 10 0 -4 10 2 -3.464 0 
3 16 2 -3.464 0 0 -4 10 0 -4 0 
3 16 3.464 -2 10 2 -3.464 10 3.464 -2 0 
3 16 3.464 -2 0 2 -3.464 10 2 -3.464 0 
3 16 3.464 -2 20 2 -3.464 20 3.464 -2 10 
3 16 3.464 -2 10 2 -3.464 20 2 -3.464 10 
3 16 -1.25 2.165 50 0 2.5 50 -1.25 2.165 60 
3 16 -1.25 2.165 60 0 2.5 50 0 2.5 60 
3 16 -2.165 1.25 50 -1.25 2.165 50 -2.165 1.25 60 
3 16 -2.165 1.25 60 -1.25 2.165 50 -1.25 2.165 60 
3 16 -2.5 0 50 -2.165 1.25 50 -2.5 0 60 
3 16 -2.5 0 60 -2.165 1.25 50 -2.165 1.25 60 
3 16 -2.165 -1.25 50 -2.5 0 50 -2.165 -1.25 60 
3 16 -2.165 -1.25 60 -2.5 0 50 -2.5 0 60 
3 16 -1.25 -2.165 50 -2.165 -1.25 50 -1.25 -2.165 60 
3 16 -1.25 -2.165 60 -2.165 -1.25 50 -2.165 -1.25 60 
3 16 0 -2.5 50 -1.25 -2.165 50 0 -2.5 60 
3 16 0 -2.5 60 -1.25 -2.165 50 -1.25 -2.165 60 
3 16 1.25 -2.165 50 0 -2.5 50 1.25 -2.165 60 
3 16 1.25 -2.165 60 0 -2.5 50 0 -2.5 60 
3 16 2.165 -1.25 50 1.25 -2.165 50 2.165 -1.25 60 
3 16 2.165 -1.25 60 1.25 -2.165 50 1.25 -2.165 60 
3 16 2.165 -1.25 60 2.5 0 60 2.165 -1.25 50 
3 16 2.165 -1.25 50 2.5 0 60 2.5 0 50 
3 16 2.165 1.25 50 2.5 0 50 2.165 1.25 60 
3 16 2.165 1.25 60 2.5 0 50 2.5 0 60 
3 16 1.25 2.165 50 2.165 1.25 50 1.25 2.165 60 
3 16 1.25 2.165 60 2.165 1.25 50 2.165 1.25 60 
3 16 0 2.5 50 1.25 2.165 50 0 2.5 60 
3 16 0 2.5 60 1.25 2.165 50 1.25 2.165 60 
3 16 2.5 0 0 4 0 0 2.165 -1.25 0 
3 16 2.165 -1.25 0 4 0 0 3.464 -2 0 
3 16 2.165 1.25 0 3.464 2 0 2.5 0 0 
3 16 2.5 0 0 3.464 2 0 4 0 0 
3 16 1.25 2.165 0 2 3.464 0 2.165 1.25 0 
3 16 2.165 1.25 0 2 3.464 0 3.464 2 0 
3 16 0 2.5 0 0 4 0 1.25 2.165 0 
3 16 1.25 2.165 0 0 4 0 2 3.464 0 
3 16 -1.25 2.165 0 -2 3.464 0 0 2.5 0 
3 16 0 2.5 0 -2 3.464 0 0 4 0 
3 16 -2.165 1.25 0 -3.464 2 0 -1.25 2.165 0 
3 16 -1.25 2.165 0 -3.464 2 0 -2 3.464 0 
3 16 -2.5 0 0 -4 0 0 -2.165 1.25 0 
3 16 -2.165 1.25 0 -4 0 0 -3.464 2 0 
3 16 -2.165 -1.25 0 -3.464 -2 0 -2.5 0 0 
3 16 -2.5 0 0 -3.464 -2 0 -4 0 0 
3 16 -1.25 -2.165 0 -2 -3.464 0 -2.165 -1.25 0 
3 16 -2.165 -1.25 0 -2 -3.464 0 -3.464 -2 0 
3 16 0 -2.5 0 0 -4 0 -1.25 -2.165 0 
3 16 -1.25 -2.165 0 0 -4 0 -2 -3.464 0 
3 16 1.25 -2.165 0 2 -3.464 0 0 -2.5 0 
3 16 0 -2.5 0 2 -3.464 0 0 -4 0 
3 16 2.165 -1.25 0 3.464 -2 0 1.25 -2.165 0 
3 16 1.25 -2.165 0 3.464 -2 0 2 -3.464 0 
3 16 2.165 -1.25 60 3.464 -2 60 2.5 0 60 
3 16 2.5 0 60 3.464 -2 60 4 0 60 
3 16 2.5 0 60 4 0 60 2.165 1.25 60 
3 16 2.165 1.25 60 4 0 60 3.464 2 60 
3 16 2.165 1.25 60 3.464 2 60 1.25 2.165 60 
3 16 1.25 2.165 60 3.464 2 60 2 3.464 60 
3 16 1.25 2.165 60 2 3.464 60 0 2.5 60 
3 16 0 2.5 60 2 3.464 60 0 4 60 
3 16 0 2.5 60 0 4 60 -1.25 2.165 60 
3 16 -1.25 2.165 60 0 4 60 -2 3.464 60 
3 16 -1.25 2.165 60 -2 3.464 60 -2.165 1.25 60 
3 16 -2.165 1.25 60 -2 3.464 60 -3.464 2 60 
3 16 -2.165 1.25 60 -3.464 2 60 -2.5 0 60 
3 16 -2.5 0 60 -3.464 2 60 -4 0 60 
3 16 -2.5 0 60 -4 0 60 -2.165 -1.25 60 
3 16 -2.165 -1.25 60 -4 0 60 -3.464 -2 60 
3 16 -2.165 -1.25 60 -3.464 -2 60 -1.25 -2.165 60 
3 16 -1.25 -2.165 60 -3.464 -2 60 -2 -3.464 60 
3 16 -1.25 -2.165 60 -2 -3.464 60 0 -2.5 60 
3 16 0 -2.5 60 -2 -3.464 60 0 -4 60 
3 16 0 -2.5 60 0 -4 60 1.25 -2.165 60 
3 16 1.25 -2.165 60 0 -4 60 2 -3.464 60 
3 16 1.25 -2.165 60 2 -3.464 60 2.165 -1.25 60 
3 16 2.165 -1.25 60 2 -3.464 60 3.464 -2 60 
3 16 3.464 2 20 4 0 20 3.464 2 10 
3 16 3.464 2 10 4 0 20 4 0 10 
3 16 3.464 2 30 4 0 30 3.464 2 20 
3 16 3.464 2 20 4 0 30 4 0 20 
3 16 0 4 20 2 3.464 20 0 4 10 
3 16 0 4 10 2 3.464 20 2 3.464 10 
3 16 -2 3.464 20 0 4 20 -2 3.464 10 
3 16 -2 3.464 10 0 4 20 0 4 10 
3 16 -2 3.464 30 0 4 30 -2 3.464 20 
3 16 -2 3.464 20 0 4 30 0 4 20 
3 16 -3.464 2 30 -2 3.464 30 -3.464 2 20 
3 16 -3.464 2 20 -2 3.464 30 -2 3.464 20 
3 16 -3.464 -2 20 -4 0 20 -3.464 -2 10 
3 16 -3.464 -2 10 -4 0 20 -4 0 10 
3 16 -3.464 -2 30 -4 0 30 -3.464 -2 20 
3 16 -3.464 -2 20 -4 0 30 -4 0 20 
3 16 -2 -3.464 30 -3.464 -2 30 -2 -3.464 20 
3 16 -2 -3.464 20 -3.464 -2 30 -3.464 -2 20 
3 16 2 -3.464 20 0 -4 20 2 -3.464 10 
3 16 2 -3.464 10 0 -4 20 0 -4 10 
3 16 2 -3.464 30 0 -4 30 2 -3.464 20 
3 16 2 -3.464 20 0 -4 30 0 -4 20 
3 16 3.464 -2 30 2 -3.464 30 3.464 -2 20 
3 16 3.464 -2 20 2 -3.464 30 2 -3.464 20 
3 16 3.464 -2 20 4 0 20 3.464 -2 30 
3 16 3.464 -2 30 4 0 20 4 0 30 
3 16 3.464 2 20 2 3.464 20 3.464 2 30 
3 16 3.464 2 30 2 3.464 20 2 3.464 30 
3 16 2 3.464 20 0 4 20 2 3.464 30 
3 16 2 3.464 30 0 4 20 0 4 30 
3 16 -3.464 2 20 -4 0 20 -3.464 2 30 
3 16 -3.464 2 30 -4 0 20 -4 0 30 
3 16 -2 -3.464 20 0 -4 20 -2 -3.464 30 
3 16 -2 -3.464 30 0 -4 20 0 -4 30 
3 16 3.464 -2 30 4 0 30 3.464 -2 40 
3 16 3.464 -2 40 4 0 30 4 0 40 
3 16 4 0 30 3.464 2 30 4 0 40 
3 16 4 0 40 3.464 2 30 3.464 2 40 
3 16 3.464 2 30 2 3.464 30 3.464 2 40 
3 16 3.464 2 40 2 3.464 30 2 3.464 40 
3 16 2 3.464 30 0 4 30 2 3.464 40 
3 16 2 3.464 40 0 4 30 0 4 40 
3 16 0 4 30 -2 3.464 30 0 4 40 
3 16 0 4 40 -2 3.464 30 -2 3.464 40 
3 16 -2 3.464 30 -3.464 2 30 -2 3.464 40 
3 16 -2 3.464 40 -3.464 2 30 -3.464 2 40 
3 16 -3.464 2 30 -4 0 30 -3.464 2 40 
3 16 -3.464 2 40 -4 0 30 -4 0 40 
3 16 -4 0 30 -3.464 -2 30 -4 0 40 
3 16 -4 0 40 -3.464 -2 30 -3.464 -2 40 
3 16 -3.464 -2 30 -2 -3.464 30 -3.464 -2 40 
3 16 -3.464 -2 40 -2 -3.464 30 -2 -3.464 40 
3 16 -2 -3.464 30 0 -4 30 -2 -3.464 40 
3 16 -2 -3.464 40 0 -4 30 0 -4 40 
3 16 2 -3.464 40 0 -4 40 2 -3.464 30 
3 16 2 -3.464 30 0 -4 40 0 -4 30 
3 16 2 -3.464 30 3.464 -2 30 2 -3.464 40 
3 16 2 -3.464 40 3.464 -2 30 3.464 -2 40 
3 16 3.464 -2 50 4 0 50 3.464 -2 60 
3 16 3.464 -2 60 4 0 50 4 0 60 
3 16 4 0 50 3.464 2 50 4 0 60 
3 16 4 0 60 3.464 2 50 3.464 2 60 
3 16 3.464 2 50 2 3.464 50 3.464 2 60 
3 16 3.464 2 60 2 3.464 50 2 3.464 60 
3 16 2 3.464 50 0 4 50 2 3.464 60 
3 16 2 3.464 60 0 4 50 0 4 60 
3 16 0 4 50 -2 3.464 50 0 4 60 
3 16 0 4 60 -2 3.464 50 -2 3.464 60 
3 16 -2 3.464 50 -3.464 2 50 -2 3.464 60 
3 16 -2 3.464 60 -3.464 2 50 -3.464 2 60 
3 16 -3.464 2 50 -4 0 50 -3.464 2 60 
3 16 -3.464 2 60 -4 0 50 -4 0 60 
3 16 -4 0 50 -3.464 -2 50 -4 0 60 
3 16 -4 0 60 -3.464 -2 50 -3.464 -2 60 
3 16 -3.464 -2 50 -2 -3.464 50 -3.464 -2 60 
3 16 -3.464 -2 60 -2 -3.464 50 -2 -3.464 60 
3 16 -2 -3.464 50 0 -4 50 -2 -3.464 60 
3 16 -2 -3.464 60 0 -4 50 0 -4 60 
3 16 0 -4 50 2 -3.464 50 0 -4 60 
3 16 0 -4 60 2 -3.464 50 2 -3.464 60 
3 16 2 -3.464 50 3.464 -2 50 2 -3.464 60 
3 16 2 -3.464 60 3.464 -2 50 3.464 -2 60 
3 16 0 -4 40 2 -3.464 40 0 -4 50 
3 16 0 -4 50 2 -3.464 40 2 -3.464 50 
3 16 -2 -3.464 40 0 -4 40 -2 -3.464 50 
3 16 -2 -3.464 50 0 -4 40 0 -4 50 
3 16 -3.464 -2 40 -2 -3.464 40 -3.464 -2 50 
3 16 -3.464 -2 50 -2 -3.464 40 -2 -3.464 50 
3 16 -4 0 40 -3.464 -2 40 -4 0 50 
3 16 -4 0 50 -3.464 -2 40 -3.464 -2 50 
3 16 -3.464 2 40 -4 0 40 -3.464 2 50 
3 16 -3.464 2 50 -4 0 40 -4 0 50 
3 16 -2 3.464 40 -3.464 2 40 -2 3.464 50 
3 16 -2 3.464 50 -3.464 2 40 -3.464 2 50 
3 16 0 4 40 -2 3.464 40 0 4 50 
3 16 0 4 50 -2 3.464 40 -2 3.464 50 
3 16 2 3.464 40 0 4 40 2 3.464 50 
3 16 2 3.464 50 0 4 40 0 4 50 
3 16 3.464 2 40 2 3.464 40 3.464 2 50 
3 16 3.464 2 50 2 3.464 40 2 3.464 50 
3 16 4 0 40 3.464 2 40 4 0 50 
3 16 4 0 50 3.464 2 40 3.464 2 50 
3 16 3.464 -2 40 4 0 40 3.464 -2 50 
3 16 3.464 -2 50 4 0 40 4 0 50 
3 16 2 -3.464 40 3.464 -2 40 2 -3.464 50 
3 16 2 -3.464 50 3.464 -2 40 3.464 -2 50 
3 16 1.25 2.165 50 0 2.5 50 -1.25 -2.165 50 
3 16 -1.25 -2.165 50 0 2.5 50 -2.165 -1.25 50 
3 16 -2.5 0 50 -2.165 -1.25 50 -2.165 1.25 50 
3 16 -2.165 1.25 50 -2.165 -1.25 50 0 2.5 50 
3 16 -2.165 1.25 50 0 2.5 50 -1.25 2.165 50 
3 16 1.25 2.165 50 -1.25 -2.165 50 2.165 1.25 50 
3 16 2.165 1.25 50 -1.25 -2.165 50 0 -2.5 50 
3 16 2.165 1.25 50 0 -2.5 50 2.5 0 50 
3 16 2.5 0 50 0 -2.5 50 1.25 -2.165 50 
3 16 1.25 -2.165 50 2.165 -1.25 50 2.5 0 50 
3 16 -1.25 -2.165 0 -2.165 -1.25 0 -1.25 -2.165 10 
3 16 -1.25 -2.165 10 -2.165 -1.25 0 -2.165 -1.25 10 
3 16 -2.165 -1.25 0 -2.5 0 0 -2.165 -1.25 10 
3 16 -2.165 -1.25 10 -2.5 0 0 -2.5 0 10 
3 16 -2.5 0 0 -2.165 1.25 0 -2.5 0 10 
3 16 -2.5 0 10 -2.165 1.25 0 -2.165 1.25 10 
3 16 -2.165 1.25 0 -1.25 2.165 0 -2.165 1.25 10 
3 16 -2.165 1.25 10 -1.25 2.165 0 -1.25 2.165 10 
3 16 -1.25 2.165 0 0 2.5 0 -1.25 2.165 10 
3 16 -1.25 2.165 10 0 2.5 0 0 2.5 10 
3 16 0 2.5 0 1.25 2.165 0 0 2.5 10 
3 16 0 2.5 10 1.25 2.165 0 1.25 2.165 10 
3 16 1.25 2.165 0 2.165 1.25 0 1.25 2.165 10 
3 16 1.25 2.165 10 2.165 1.25 0 2.165 1.25 10 
3 16 2.165 1.25 0 2.5 0 0 2.165 1.25 10 
3 16 2.165 1.25 10 2.5 0 0 2.5 0 10 
3 16 2.165 -1.25 10 2.5 0 10 2.165 -1.25 0 
3 16 2.165 -1.25 0 2.5 0 10 2.5 0 0 
3 16 2.165 -1.25 0 1.25 -2.165 0 2.165 -1.25 10 
3 16 2.165 -1.25 10 1.25 -2.165 0 1.25 -2.165 10 
3 16 1.25 -2.165 0 0 -2.5 0 1.25 -2.165 10 
3 16 1.25 -2.165 10 0 -2.5 0 0 -2.5 10 
3 16 0 -2.5 0 -1.25 -2.165 0 0 -2.5 10 
3 16 0 -2.5 10 -1.25 -2.165 0 -1.25 -2.165 10 
3 16 2.165 -1.25 10 1.25 -2.165 10 -2.165 1.25 10 
3 16 -2.165 1.25 10 1.25 -2.165 10 -2.5 0 10 
3 16 -2.165 -1.25 10 -2.5 0 10 -1.25 -2.165 10 
3 16 -1.25 -2.165 10 -2.5 0 10 1.25 -2.165 10 
3 16 -1.25 -2.165 10 1.25 -2.165 10 0 -2.5 10 
3 16 2.165 -1.25 10 -2.165 1.25 10 2.5 0 10 
3 16 2.5 0 10 -2.165 1.25 10 -1.25 2.165 10 
3 16 2.5 0 10 -1.25 2.165 10 2.165 1.25 10 
3 16 2.165 1.25 10 -1.25 2.165 10 0 2.5 10 
3 16 0 2.5 10 1.25 2.165 10 2.165 1.25 10 
2 24 3.464 -2 0 4 0 0 
2 24 4 0 0 3.464 2 0 
2 24 3.464 2 0 2 3.464 0 
2 24 2 3.464 0 0 4 0 
2 24 0 4 0 -2 3.464 0 
2 24 -2 3.464 0 -3.464 2 0 
2 24 -3.464 2 0 -4 0 0 
2 24 -4 0 0 -3.464 -2 0 
2 24 -3.464 -2 0 -2 -3.464 0 
2 24 -2 -3.464 0 0 -4 0 
2 24 0 -4 0 2 -3.464 0 
2 24 2 -3.464 0 3.464 -2 0 
2 24 -1.25 2.165 50 0 2.5 50 
2 24 0 2.5 60 -1.25 2.165 60 
2 24 -2.165 1.25 50 -1.25 2.165 50 
2 24 -1.25 2.165 60 -2.165 1.25 60 
2 24 -2.5 0 50 -2.165 1.25 50 
2 24 -2.165 1.25 60 -2.5 0 60 
2 24 -2.165 -1.25 50 -2.5 0 50 
2 24 -2.5 0 60 -2.165 -1.25 60 
2 24 -1.25 -2.165 50 -2.165 -1.25 50 
2 24 -2.165 -1.25 60 -1.25 -2.165 60 
2 24 0 -2.5 50 -1.25 -2.165 50 
2 24 -1.25 -2.165 60 0 -2.5 60 
2 24 1.25 -2.165 50 0 -2.5 50 
2 24 0 -2.5 60 1.25 -2.165 60 
2 24 2.165 -1.25 50 1.25 -2.165 50 
2 24 1.25 -2.165 60 2.165 -1.25 60 
2 24 2.165 -1.25 60 2.5 0 60 
2 24 2.5 0 50 2.165 -1.25 50 
2 24 2.165 1.25 50 2.5 0 50 
2 24 2.5 0 60 2.165 1.25 60 
2 24 1.25 2.165 50 2.165 1.25 50 
2 24 2.165 1.25 60 1.25 2.165 60 
2 24 0 2.5 50 1.25 2.165 50 
2 24 1.25 2.165 60 0 2.5 60 
2 24 2.165 -1.25 0 2.5 0 0 
2 24 2.5 0 0 2.165 1.25 0 
2 24 2.165 1.25 0 1.25 2.165 0 
2 24 1.25 2.165 0 0 2.5 0 
2 24 0 2.5 0 -1.25 2.165 0 
2 24 -1.25 2.165 0 -2.165 1.25 0 
2 24 -2.165 1.25 0 -2.5 0 0 
2 24 -2.5 0 0 -2.165 -1.25 0 
2 24 -2.165 -1.25 0 -1.25 -2.165 0 
2 24 -1.25 -2.165 0 0 -2.5 0 
2 24 0 -2.5 0 1.25 -2.165 0 
2 24 1.25 -2.165 0 2.165 -1.25 0 
2 24 3.464 -2 60 4 0 60 
2 24 4 0 60 3.464 2 60 
2 24 3.464 2 60 2 3.464 60 
2 24 2 3.464 60 0 4 60 
2 24 0 4 60 -2 3.464 60 
2 24 -2 3.464 60 -3.464 2 60 
2 24 -3.464 2 60 -4 0 60 
2 24 -4 0 60 -3.464 -2 60 
2 24 -3.464 -2 60 -2 -3.464 60 
2 24 -2 -3.464 60 0 -4 60 
2 24 0 -4 60 2 -3.464 60 
2 24 2 -3.464 60 3.464 -2 60 
2 24 -2.165 -1.25 10 -1.25 -2.165 10 
2 24 -2.5 0 10 -2.165 -1.25 10 
2 24 -2.165 1.25 10 -2.5 0 10 
2 24 -1.25 2.165 10 -2.165 1.25 10 
2 24 0 2.5 10 -1.25 2.165 10 
2 24 1.25 2.165 10 0 2.5 10 
2 24 2.165 1.25 10 1.25 2.165 10 
2 24 2.5 0 10 2.165 1.25 10 
2 24 2.165 -1.25 10 2.5 0 10 
2 24 1.25 -2.165 10 2.165 -1.25 10 
2 24 0 -2.5 10 1.25 -2.165 10 
2 24 -1.25 -2.165 10 0 -2.5 10 

