0 LINK W. SNAP, FEMALE (Needs Work)
0 Name: 6047.dat
0 Author: <AuthorRealName> [<AuthorLDrawName>]
0 !LDRAW_ORG Unofficial_Part
0 !LICENSE Redistributable under CCAL version 2.0 : see CAreadme.txt

0 BFC CERTIFY CCW

0 !HISTORY 2013-08-14 {LEGO Digital Designer} Original part shape
0 !HISTORY 2013-08-14 [<AuthorLDrawName>] File preparation for LDraw Parts Tracker

0 // Needs Work: Clean necessary

0 // Outside
3 16 15 6.495 3.75 15 3.75 6.495 15 5.088 2.937 
3 16 15 5.088 2.937 15 3.75 6.495 15 2.938 5.088 
3 16 13 -6.495 3.75 13 -7.5 0 15 -6.495 3.75 
3 16 13 -7.5 0 15 -7.5 0 15 -6.495 3.75 
3 16 13 -3.75 6.495 13 -6.495 3.75 15 -3.75 6.495 
3 16 13 -6.495 3.75 15 -6.495 3.75 15 -3.75 6.495 
3 16 13 0 7.5 13 -3.75 6.495 15 0 7.5 
3 16 13 -3.75 6.495 15 -3.75 6.495 15 0 7.5 
3 16 13 3.75 6.495 13 0 7.5 15 3.75 6.495 
3 16 13 0 7.5 15 0 7.5 15 3.75 6.495 
3 16 13 6.495 3.75 13 3.75 6.495 15 6.495 3.75 
3 16 13 3.75 6.495 15 3.75 6.495 15 6.495 3.75 
3 16 13 7.5 0 13 6.495 3.75 15 7.5 0 
3 16 13 6.495 3.75 15 6.495 3.75 15 7.5 0 
3 16 13 6.495 -3.75 13 7.5 0 15 6.495 -3.75 
3 16 13 7.5 0 15 7.5 0 15 6.495 -3.75 
3 16 13 3.75 -6.495 13 6.495 -3.75 15 3.75 -6.495 
3 16 13 6.495 -3.75 15 6.495 -3.75 15 3.75 -6.495 
3 16 13 0 -7.5 13 3.75 -6.495 15 0 -7.5 
3 16 13 3.75 -6.495 15 3.75 -6.495 15 0 -7.5 
3 16 13 -3.75 -6.495 13 0 -7.5 15 -3.75 -6.495 
3 16 13 0 -7.5 15 0 -7.5 15 -3.75 -6.495 
3 16 15 -6.495 -3.75 15 -3.75 -6.495 15 -5.088 -2.937 
3 16 15 -3.75 -6.495 15 -2.938 -5.088 15 -5.088 -2.937 
3 16 13 -7.5 0 13 -6.495 -3.75 15 -7.5 0 
3 16 13 -6.495 -3.75 15 -6.495 -3.75 15 -7.5 0 
3 16 13 -6.495 -3.75 13 -3.75 -6.495 15 -6.495 -3.75 
3 16 13 -3.75 -6.495 15 -3.75 -6.495 15 -6.495 -3.75 
3 16 15 -6.495 3.75 15 -7.5 0 15 -5.088 2.938 
3 16 15 -5.875 0 15 -5.088 2.938 15 -7.5 0 
3 16 15 7.5 0 15 6.495 3.75 15 5.875 0 
3 16 15 5.875 0 15 6.495 3.75 15 5.088 2.937 
3 16 15 -6.495 3.75 15 -5.088 2.938 15 -3.75 6.495 
3 16 15 -5.088 2.938 15 -2.937 5.088 15 -3.75 6.495 
3 16 15 -7.5 0 15 -6.495 -3.75 15 -5.875 0 
3 16 15 -5.875 0 15 -6.495 -3.75 15 -5.088 -2.937 
3 16 15 -3.75 6.495 15 -2.937 5.088 15 0 7.5 
3 16 15 -2.937 5.088 15 0 5.875 15 0 7.5 
3 16 15 0 7.5 15 0 5.875 15 3.75 6.495 
3 16 15 0 5.875 15 2.938 5.088 15 3.75 6.495 
3 16 15 6.495 -3.75 15 7.5 0 15 5.088 -2.938 
3 16 15 5.088 -2.938 15 7.5 0 15 5.875 0 
3 16 15 3.75 -6.495 15 6.495 -3.75 15 2.937 -5.088 
3 16 15 2.937 -5.088 15 6.495 -3.75 15 5.088 -2.938 
3 16 15 0 -7.5 15 3.75 -6.495 15 0 -5.875 
3 16 15 0 -5.875 15 3.75 -6.495 15 2.937 -5.088 
3 16 15 -3.75 -6.495 15 0 -7.5 15 -2.938 -5.088 
3 16 15 0 -5.875 15 -2.938 -5.088 15 0 -7.5 
3 16 26.125 -5.585 -1.083 26.75 -5.54 -1.25 26.125 -3.71 -1.083 
3 16 26.125 -3.71 -1.083 26.75 -5.54 -1.25 26.75 -3.665 -1.25 
3 16 25.667 -5.708 -0.625 26.125 -5.585 -1.083 25.667 -3.833 -0.625 
3 16 25.667 -3.833 -0.625 26.125 -5.585 -1.083 26.125 -3.71 -1.083 
3 16 25.5 -5.875 0 25.667 -5.708 -0.625 25.5 -4 0 
3 16 25.5 -4 0 25.667 -5.708 -0.625 25.667 -3.833 -0.625 
3 16 25.5 -5.875 0 25.5 -4 0 25.667 -5.708 0.625 
3 16 25.5 -4 0 25.667 -3.833 0.625 25.667 -5.708 0.625 
3 16 25.667 -5.708 0.625 25.667 -3.833 0.625 26.125 -5.585 1.083 
3 16 25.667 -3.833 0.625 26.125 -3.71 1.083 26.125 -5.585 1.083 
3 16 26.125 -5.585 1.083 26.125 -3.71 1.083 26.75 -5.54 1.25 
3 16 26.125 -3.71 1.083 26.75 -3.665 1.25 26.75 -5.54 1.25 
3 16 26.75 3.665 1.25 26.125 3.71 1.083 26.75 5.54 1.25 
3 16 26.125 3.71 1.083 26.125 5.585 1.083 26.75 5.54 1.25 
3 16 26.125 3.71 1.083 25.667 3.833 0.625 26.125 5.585 1.083 
3 16 26.125 5.585 1.083 25.667 3.833 0.625 25.667 5.708 0.625 
3 16 25.667 3.833 0.625 25.5 4 0 25.667 5.708 0.625 
3 16 25.667 5.708 0.625 25.5 4 0 25.5 5.875 0 
3 16 25.5 5.875 0 25.5 4 0 25.667 5.708 -0.625 
3 16 25.5 4 0 25.667 3.833 -0.625 25.667 5.708 -0.625 
3 16 25.667 5.708 -0.625 25.667 3.833 -0.625 26.125 5.585 -1.083 
3 16 25.667 3.833 -0.625 26.125 3.71 -1.083 26.125 5.585 -1.083 
3 16 26.125 5.585 -1.083 26.125 3.71 -1.083 26.75 5.54 -1.25 
3 16 26.125 3.71 -1.083 26.75 3.665 -1.25 26.75 5.54 -1.25 
3 16 26.75 -3.665 1.25 33 -3.665 1.25 26.75 -5.54 1.25 
3 16 26.75 -5.54 1.25 33 -3.665 1.25 31 -5.54 1.25 
3 16 33 -5.915 1.25 31 -5.915 1.25 33 -3.665 1.25 
3 16 33 -3.665 1.25 31 -5.915 1.25 31 -5.54 1.25 
3 16 26.75 5.54 -1.25 26.75 3.665 -1.25 31 5.54 -1.25 
3 16 26.75 3.665 -1.25 33 3.665 -1.25 31 5.54 -1.25 
3 16 33 5.915 -1.25 31 5.915 -1.25 33 3.665 -1.25 
3 16 31 5.54 -1.25 33 3.665 -1.25 31 5.915 -1.25 
3 16 33 -3.464 2 33 -3.665 1.25 13 -3.464 2 
3 16 33 -3.665 1.25 26.75 -3.665 1.25 13 -3.464 2 
3 16 26.75 -3.665 1.25 26.125 -3.71 1.083 13 -3.464 2 
3 16 26.125 -3.71 1.083 25.667 -3.833 0.625 13 -3.464 2 
3 16 25.5 -4 0 13 -4 0 25.667 -3.833 0.625 
3 16 25.667 -3.833 0.625 13 -4 0 13 -3.464 2 
3 16 33 -3.464 2 13 -3.464 2 33 -2 3.464 
3 16 13 -3.464 2 13 -2 3.464 33 -2 3.464 
3 16 33 -2 3.464 13 -2 3.464 33 0 4 
3 16 13 -2 3.464 13 0 4 33 0 4 
3 16 33 0 4 13 0 4 33 2 3.464 
3 16 13 0 4 13 2 3.464 33 2 3.464 
3 16 33 2 3.464 13 2 3.464 33 3.464 2 
3 16 13 2 3.464 13 3.464 2 33 3.464 2 
3 16 33 3.464 2 13 3.464 2 33 3.665 1.25 
3 16 33 3.665 1.25 13 3.464 2 26.75 3.665 1.25 
3 16 26.75 3.665 1.25 13 3.464 2 26.125 3.71 1.083 
3 16 26.125 3.71 1.083 13 3.464 2 25.667 3.833 0.625 
3 16 25.5 4 0 25.667 3.833 0.625 13 4 0 
3 16 13 3.464 2 13 4 0 25.667 3.833 0.625 
3 16 33 3.464 -2 33 3.665 -1.25 13 3.464 -2 
3 16 33 3.665 -1.25 26.75 3.665 -1.25 13 3.464 -2 
3 16 26.75 3.665 -1.25 26.125 3.71 -1.083 13 3.464 -2 
3 16 26.125 3.71 -1.083 25.667 3.833 -0.625 13 3.464 -2 
3 16 25.5 4 0 13 4 0 25.667 3.833 -0.625 
3 16 25.667 3.833 -0.625 13 4 0 13 3.464 -2 
3 16 33 3.464 -2 13 3.464 -2 33 2 -3.464 
3 16 13 3.464 -2 13 2 -3.464 33 2 -3.464 
3 16 33 2 -3.464 13 2 -3.464 33 0 -4 
3 16 13 2 -3.464 13 0 -4 33 0 -4 
3 16 33 0 -4 13 0 -4 33 -2 -3.464 
3 16 13 0 -4 13 -2 -3.464 33 -2 -3.464 
3 16 33 -2 -3.464 13 -2 -3.464 33 -3.464 -2 
3 16 13 -2 -3.464 13 -3.464 -2 33 -3.464 -2 
3 16 33 -3.464 -2 13 -3.464 -2 33 -3.665 -1.25 
3 16 33 -3.665 -1.25 13 -3.464 -2 26.75 -3.665 -1.25 
3 16 26.75 -3.665 -1.25 13 -3.464 -2 26.125 -3.71 -1.083 
3 16 26.125 -3.71 -1.083 13 -3.464 -2 25.667 -3.833 -0.625 
3 16 25.5 -4 0 25.667 -3.833 -0.625 13 -4 0 
3 16 13 -3.464 -2 13 -4 0 25.667 -3.833 -0.625 
3 16 31 -5.54 1.25 31 -5.088 2.938 26.75 -5.54 1.25 
3 16 31 -5.088 2.938 15 -5.088 2.938 26.75 -5.54 1.25 
3 16 26.75 -5.54 1.25 15 -5.088 2.938 26.125 -5.585 1.083 
3 16 26.125 -5.585 1.083 15 -5.088 2.938 25.667 -5.708 0.625 
3 16 25.5 -5.875 0 25.667 -5.708 0.625 15 -5.875 0 
3 16 25.667 -5.708 0.625 15 -5.088 2.938 15 -5.875 0 
3 16 15 -2.937 5.088 15 -5.088 2.938 31 -2.937 5.088 
3 16 15 -5.088 2.938 31 -5.088 2.938 31 -2.937 5.088 
3 16 15 0 5.875 15 -2.937 5.088 31 0 5.875 
3 16 15 -2.937 5.088 31 -2.937 5.088 31 0 5.875 
3 16 15 2.938 5.088 15 0 5.875 31 2.938 5.088 
3 16 15 0 5.875 31 0 5.875 31 2.938 5.088 
3 16 15 5.088 2.937 31 5.088 2.937 26.75 5.54 1.25 
3 16 31 5.088 2.937 31 5.54 1.25 26.75 5.54 1.25 
3 16 26.75 5.54 1.25 26.125 5.585 1.083 15 5.088 2.937 
3 16 26.125 5.585 1.083 25.667 5.708 0.625 15 5.088 2.937 
3 16 25.5 5.875 0 15 5.875 0 25.667 5.708 0.625 
3 16 25.667 5.708 0.625 15 5.875 0 15 5.088 2.937 
3 16 31 5.54 -1.25 31 5.088 -2.938 26.75 5.54 -1.25 
3 16 31 5.088 -2.938 15 5.088 -2.938 26.75 5.54 -1.25 
3 16 26.75 5.54 -1.25 15 5.088 -2.938 26.125 5.585 -1.083 
3 16 26.125 5.585 -1.083 15 5.088 -2.938 25.667 5.708 -0.625 
3 16 25.5 5.875 0 25.667 5.708 -0.625 15 5.875 0 
3 16 15 5.088 -2.938 15 5.875 0 25.667 5.708 -0.625 
3 16 15 2.937 -5.088 15 5.088 -2.938 31 2.937 -5.088 
3 16 15 5.088 -2.938 31 5.088 -2.938 31 2.937 -5.088 
3 16 15 0 -5.875 15 2.937 -5.088 31 0 -5.875 
3 16 15 2.937 -5.088 31 2.937 -5.088 31 0 -5.875 
3 16 15 -2.938 -5.088 15 0 -5.875 31 -2.938 -5.088 
3 16 15 0 -5.875 31 0 -5.875 31 -2.938 -5.088 
3 16 15 -5.088 -2.937 15 -2.938 -5.088 31 -5.088 -2.937 
3 16 15 -2.938 -5.088 31 -2.938 -5.088 31 -5.088 -2.937 
3 16 15 -5.088 -2.937 31 -5.088 -2.937 26.75 -5.54 -1.25 
3 16 31 -5.088 -2.937 31 -5.54 -1.25 26.75 -5.54 -1.25 
3 16 26.75 -5.54 -1.25 26.125 -5.585 -1.083 15 -5.088 -2.937 
3 16 26.125 -5.585 -1.083 25.667 -5.708 -0.625 15 -5.088 -2.937 
3 16 25.5 -5.875 0 15 -5.875 0 25.667 -5.708 -0.625 
3 16 25.667 -5.708 -0.625 15 -5.875 0 15 -5.088 -2.937 
3 16 31 -5.915 1.25 33 -5.915 1.25 31 -5.413 3.125 
3 16 33 -5.915 1.25 33 -5.413 3.125 31 -5.413 3.125 
3 16 31 -3.125 5.413 31 -5.413 3.125 33 -3.125 5.413 
3 16 31 -5.413 3.125 33 -5.413 3.125 33 -3.125 5.413 
3 16 31 0 6.25 31 -3.125 5.413 33 0 6.25 
3 16 31 -3.125 5.413 33 -3.125 5.413 33 0 6.25 
3 16 31 3.125 5.413 31 0 6.25 33 3.125 5.413 
3 16 31 0 6.25 33 0 6.25 33 3.125 5.413 
3 16 31 5.413 3.125 31 3.125 5.413 33 5.413 3.125 
3 16 31 3.125 5.413 33 3.125 5.413 33 5.413 3.125 
3 16 33 5.915 1.25 31 5.915 1.25 33 5.413 3.125 
3 16 31 5.915 1.25 31 5.413 3.125 33 5.413 3.125 
3 16 31 5.915 -1.25 33 5.915 -1.25 31 5.413 -3.125 
3 16 33 5.915 -1.25 33 5.413 -3.125 31 5.413 -3.125 
3 16 31 3.125 -5.413 31 5.413 -3.125 33 3.125 -5.413 
3 16 31 5.413 -3.125 33 5.413 -3.125 33 3.125 -5.413 
3 16 31 0 -6.25 31 3.125 -5.413 33 0 -6.25 
3 16 31 3.125 -5.413 33 3.125 -5.413 33 0 -6.25 
3 16 31 -3.125 -5.413 31 0 -6.25 33 -3.125 -5.413 
3 16 31 0 -6.25 33 0 -6.25 33 -3.125 -5.413 
3 16 31 -5.413 -3.125 31 -3.125 -5.413 33 -5.413 -3.125 
3 16 31 -3.125 -5.413 33 -3.125 -5.413 33 -5.413 -3.125 
3 16 33 -5.915 -1.25 31 -5.915 -1.25 33 -5.413 -3.125 
3 16 31 -5.915 -1.25 31 -5.413 -3.125 33 -5.413 -3.125 
3 16 33 -5.915 1.25 33 -3.665 1.25 33 -5.413 3.125 
3 16 33 -3.665 1.25 33 -3.464 2 33 -5.413 3.125 
3 16 33 -3.125 5.413 33 -5.413 3.125 33 -2 3.464 
3 16 33 -5.413 3.125 33 -3.464 2 33 -2 3.464 
3 16 33 0 6.25 33 -3.125 5.413 33 0 4 
3 16 33 -3.125 5.413 33 -2 3.464 33 0 4 
3 16 33 3.125 5.413 33 0 6.25 33 2 3.464 
3 16 33 0 6.25 33 0 4 33 2 3.464 
3 16 33 5.413 3.125 33 3.125 5.413 33 3.464 2 
3 16 33 3.125 5.413 33 2 3.464 33 3.464 2 
3 16 33 5.915 1.25 33 5.413 3.125 33 3.665 1.25 
3 16 33 3.665 1.25 33 5.413 3.125 33 3.464 2 
3 16 33 5.915 -1.25 33 3.665 -1.25 33 5.413 -3.125 
3 16 33 3.665 -1.25 33 3.464 -2 33 5.413 -3.125 
3 16 33 3.125 -5.413 33 5.413 -3.125 33 2 -3.464 
3 16 33 5.413 -3.125 33 3.464 -2 33 2 -3.464 
3 16 33 0 -6.25 33 3.125 -5.413 33 0 -4 
3 16 33 3.125 -5.413 33 2 -3.464 33 0 -4 
3 16 33 -3.125 -5.413 33 0 -6.25 33 -2 -3.464 
3 16 33 0 -6.25 33 0 -4 33 -2 -3.464 
3 16 33 -5.413 -3.125 33 -3.125 -5.413 33 -3.464 -2 
3 16 33 -3.125 -5.413 33 -2 -3.464 33 -3.464 -2 
3 16 33 -5.915 -1.25 33 -5.413 -3.125 33 -3.665 -1.25 
3 16 33 -3.665 -1.25 33 -5.413 -3.125 33 -3.464 -2 
3 16 31 -5.915 -1.25 31 -5.54 -1.25 31 -5.413 -3.125 
3 16 31 -5.54 -1.25 31 -5.088 -2.937 31 -5.413 -3.125 
3 16 31 -5.915 1.25 31 -5.413 3.125 31 -5.54 1.25 
3 16 31 -5.54 1.25 31 -5.413 3.125 31 -5.088 2.938 
3 16 31 -5.413 3.125 31 -3.125 5.413 31 -5.088 2.938 
3 16 31 -3.125 5.413 31 -2.937 5.088 31 -5.088 2.938 
3 16 31 -3.125 5.413 31 0 6.25 31 -2.937 5.088 
3 16 31 -2.937 5.088 31 0 6.25 31 0 5.875 
3 16 31 0 6.25 31 3.125 5.413 31 0 5.875 
3 16 31 0 5.875 31 3.125 5.413 31 2.938 5.088 
3 16 31 3.125 5.413 31 5.413 3.125 31 2.938 5.088 
3 16 31 2.938 5.088 31 5.413 3.125 31 5.088 2.937 
3 16 31 5.915 1.25 31 5.54 1.25 31 5.413 3.125 
3 16 31 5.54 1.25 31 5.088 2.937 31 5.413 3.125 
3 16 31 5.915 -1.25 31 5.413 -3.125 31 5.54 -1.25 
3 16 31 5.54 -1.25 31 5.413 -3.125 31 5.088 -2.938 
3 16 31 5.413 -3.125 31 3.125 -5.413 31 5.088 -2.938 
3 16 31 5.088 -2.938 31 3.125 -5.413 31 2.937 -5.088 
3 16 31 3.125 -5.413 31 0 -6.25 31 2.937 -5.088 
3 16 31 2.937 -5.088 31 0 -6.25 31 0 -5.875 
3 16 31 0 -6.25 31 -3.125 -5.413 31 0 -5.875 
3 16 31 0 -5.875 31 -3.125 -5.413 31 -2.938 -5.088 
3 16 31 -3.125 -5.413 31 -5.413 -3.125 31 -2.938 -5.088 
3 16 31 -2.938 -5.088 31 -5.413 -3.125 31 -5.088 -2.937 
3 16 33 -3.665 -1.25 26.75 -3.665 -1.25 33 -5.915 -1.25 
3 16 26.75 -5.54 -1.25 31 -5.54 -1.25 26.75 -3.665 -1.25 
3 16 26.75 -3.665 -1.25 31 -5.54 -1.25 33 -5.915 -1.25 
3 16 31 -5.54 -1.25 31 -5.915 -1.25 33 -5.915 -1.25 
3 16 31 5.915 1.25 33 5.915 1.25 31 5.54 1.25 
3 16 33 5.915 1.25 33 3.665 1.25 31 5.54 1.25 
3 16 33 3.665 1.25 26.75 3.665 1.25 31 5.54 1.25 
3 16 31 5.54 1.25 26.75 3.665 1.25 26.75 5.54 1.25 
3 16 15 5.088 2.937 15 2.938 5.088 31 5.088 2.937 
3 16 15 2.938 5.088 31 2.938 5.088 31 5.088 2.937 
3 16 10 9.599 -1.498 10 -9.599 -1.498 -2.569 9.599 -1.498 
3 16 10 -9.599 -1.498 -2.569 -9.599 -1.498 -2.569 9.599 -1.498 
3 16 -2.569 9.599 -1.498 -2.569 -9.599 -1.498 -4.988 8.66 -1.498 
3 16 -8.75 5 -1.498 -4.988 8.66 -1.498 -4.988 -8.66 -1.498 
3 16 -4.988 8.66 -1.498 -2.569 -9.599 -1.498 -4.988 -8.66 -1.498 
3 16 -4.988 -8.66 -1.498 -8.75 -5 -1.498 -8.75 5 -1.498 
3 16 10 8.66 -5 10 -8.66 -5 10 9.599 -1.498 
3 16 10 -7.669 -5.991 10 7.669 -5.991 -5.963 -7.669 -5.991 
3 16 10 7.669 -5.991 -5.963 7.669 -5.991 -5.963 -7.669 -5.991 
3 16 -5.963 -7.669 -5.991 -5.963 7.669 -5.991 -8.657 -5 -5.991 
3 16 -8.657 -5 -5.991 -5.963 7.669 -5.991 -8.75 5 -5.991 
3 16 -8.75 5 -5.991 -10 0 -5.991 -8.657 -5 -5.991 
3 16 10 7.66 6 10 -7.66 6 -5.963 7.66 6 
3 16 10 -7.66 6 -5.963 -7.66 6 -5.963 7.66 6 
3 16 -5.963 7.66 6 -5.963 -7.66 6 -8.75 5 6 
3 16 -5.963 -7.66 6 -8.657 -5 6 -8.75 5 6 
3 16 -10 0 6 -8.75 5 6 -8.657 -5 6 
3 16 10 -7.66 6 10 8.66 5 10 -8.66 5 
3 16 10 -9.598 1.5 10 9.598 1.5 -2.569 -9.598 1.5 
3 16 10 9.598 1.5 -2.569 9.598 1.5 -2.569 -9.598 1.5 
3 16 -2.569 -9.598 1.5 -2.569 9.598 1.5 -4.988 -8.66 1.5 
3 16 -8.75 5 1.5 -8.75 -5 1.5 -4.988 8.66 1.5 
3 16 -4.988 -8.66 1.5 -4.988 8.66 1.5 -8.75 -5 1.5 
3 16 -4.988 -8.66 1.5 -2.569 9.598 1.5 -4.988 8.66 1.5 
3 16 -10 0 -10 -8.657 -5 -8.66 -10 0 -5.991 
3 16 -8.657 -5 -5.991 -10 0 -5.991 -8.657 -5 -8.66 
3 16 -10 0 10 -10 0 6 -8.657 -5 8.66 
3 16 -10 0 6 -8.657 -5 6 -8.657 -5 8.66 
3 16 -10 0 -10 -10 0 -5.991 -8.75 5 -8.66 
3 16 -10 0 -5.991 -8.75 5 -5.991 -8.75 5 -8.66 
3 16 -10 0 10 -8.75 5 8.66 -10 0 6 
3 16 -8.75 5 6 -10 0 6 -8.75 5 8.66 
3 16 -8.75 5 -5.991 -5.963 7.669 -5.991 -8.75 5 -8.66 
3 16 -5.963 7.66 6 -8.75 5 6 -8.75 5 8.66 
3 16 -5.963 -7.669 -5.991 -8.657 -5 -5.991 -8.657 -5 -8.66 
3 16 -4.988 -8.66 1.5 -8.75 -5 1.5 -4.988 -8.66 -1.498 
3 16 -8.75 -5 1.5 -8.75 -5 -1.498 -4.988 -8.66 -1.498 
3 16 -2.569 9.599 -1.498 -4.988 8.66 -1.498 -2.569 9.598 1.5 
3 16 -4.988 8.66 -1.498 -4.988 8.66 1.5 -2.569 9.598 1.5 
3 16 -4.988 8.66 -1.498 -8.75 5 -1.498 -4.988 8.66 1.5 
3 16 -8.75 5 -1.498 -8.75 5 1.5 -4.988 8.66 1.5 
3 16 -8.657 -5 6 -5.963 -7.66 6 -8.657 -5 8.66 
3 16 -8.75 5 -1.498 -8.75 -5 -1.498 -8.75 5 1.5 
3 16 -8.75 -5 -1.498 -8.75 -5 1.5 -8.75 5 1.5 
3 16 -2.569 -9.598 1.5 -2.569 -9.599 -1.498 -0.165 -10 0 
3 16 13 -10 0 13 -8.66 5 10 -9.598 1.5 
3 16 10 -9.598 1.5 13 -8.66 5 10 -8.66 5 
3 16 13 -10 0 10 -9.599 -1.498 13 -8.66 -5 
3 16 10 -9.599 -1.498 10 -8.66 -5 13 -8.66 -5 
3 16 -8.657 -5 -8.66 13 -5 -8.66 -5.963 -7.669 -5.991 
3 16 10 -8.66 -5 10 -7.669 -5.991 13 -8.66 -5 
3 16 13 -8.66 -5 10 -7.669 -5.991 13 -5 -8.66 
3 16 10 -7.669 -5.991 -5.963 -7.669 -5.991 13 -5 -8.66 
3 16 -10 0 -10 13 0 -10 -8.657 -5 -8.66 
3 16 13 0 -10 13 -5 -8.66 -8.657 -5 -8.66 
3 16 -10 0 -10 -8.75 5 -8.66 13 0 -10 
3 16 13 5 -8.66 13 0 -10 -8.75 5 -8.66 
3 16 -8.75 5 -8.66 -5.963 7.669 -5.991 13 5 -8.66 
3 16 10 8.66 -5 13 8.66 -5 10 7.669 -5.991 
3 16 13 8.66 -5 13 5 -8.66 10 7.669 -5.991 
3 16 10 7.669 -5.991 13 5 -8.66 -5.963 7.669 -5.991 
3 16 -2.569 9.598 1.5 10 9.598 1.5 -0.165 10 0 
3 16 13 10 0 -0.165 10 0 10 9.598 1.5 
3 16 13 10 0 10 9.598 1.5 13 8.66 5 
3 16 10 9.598 1.5 10 8.66 5 13 8.66 5 
3 16 -8.75 5 8.66 13 5 8.66 -5.963 7.66 6 
3 16 10 8.66 5 10 7.66 6 13 8.66 5 
3 16 13 8.66 5 10 7.66 6 13 5 8.66 
3 16 10 7.66 6 -5.963 7.66 6 13 5 8.66 
3 16 -10 0 10 13 0 10 -8.75 5 8.66 
3 16 13 0 10 13 5 8.66 -8.75 5 8.66 
3 16 -10 0 10 -8.657 -5 8.66 13 0 10 
3 16 13 -5 8.66 13 0 10 -8.657 -5 8.66 
3 16 -8.657 -5 8.66 -5.963 -7.66 6 13 -5 8.66 
3 16 10 -8.66 5 13 -8.66 5 10 -7.66 6 
3 16 13 -8.66 5 13 -5 8.66 10 -7.66 6 
3 16 10 -7.66 6 13 -5 8.66 -5.963 -7.66 6 
3 16 13 10 0 10 9.599 -1.498 -0.165 10 0 
3 16 10 9.599 -1.498 -2.569 9.599 -1.498 -0.165 10 0 
3 16 13 10 0 13 8.66 -5 10 9.599 -1.498 
3 16 10 8.66 -5 10 9.599 -1.498 13 8.66 -5 
3 16 13 5 -8.66 13 5 8.66 13 0 10 
3 16 13 -8.66 -5 13 -8.66 5 13 -10 0 
3 16 -4.988 -8.66 -1.498 -2.569 -9.599 -1.498 -4.988 -8.66 1.5 
3 16 -2.569 -9.599 -1.498 -2.569 -9.598 1.5 -4.988 -8.66 1.5 
3 16 -2.569 9.599 -1.498 -2.569 9.598 1.5 -0.165 10 0 
3 16 13 -5 -8.66 13 -5 8.66 13 -8.66 5 
3 16 13 -5 -8.66 13 -8.66 5 13 -8.66 -5 
3 16 13 0 -10 13 0 10 13 -5 8.66 
3 16 13 0 -10 13 -5 8.66 13 -5 -8.66 
3 16 13 5 -8.66 13 0 10 13 0 -10 
3 16 13 8.66 -5 13 8.66 5 13 5 8.66 
3 16 13 8.66 -5 13 5 8.66 13 5 -8.66 
3 16 13 10 0 13 8.66 5 13 8.66 -5 
3 16 13 -10 0 10 -9.598 1.5 -0.165 -10 0 
3 16 10 -9.598 1.5 -2.569 -9.598 1.5 -0.165 -10 0 
3 16 -2.569 -9.599 -1.498 10 -9.599 -1.498 -0.165 -10 0 
3 16 13 -10 0 -0.165 -10 0 10 -9.599 -1.498 
3 16 10 7.669 -5.991 10 -7.669 -5.991 10 8.66 -5 
3 16 10 -7.66 6 10 7.66 6 10 8.66 5 
3 16 10 -8.66 5 10 9.598 1.5 10 -9.598 1.5 
3 16 10 -8.66 5 10 8.66 5 10 9.598 1.5 
3 16 10 -7.669 -5.991 10 -8.66 -5 10 8.66 -5 
3 16 10 9.599 -1.498 10 -8.66 -5 10 -9.599 -1.498 
2 24 15 6.495 3.75 15 3.75 6.495 
2 24 15 2.938 5.088 15 5.088 2.937 
2 24 13 -6.495 3.75 13 -7.5 0 
2 24 15 -7.5 0 15 -6.495 3.75 
2 24 13 -3.75 6.495 13 -6.495 3.75 
2 24 15 -6.495 3.75 15 -3.75 6.495 
2 24 13 0 7.5 13 -3.75 6.495 
2 24 15 -3.75 6.495 15 0 7.5 
2 24 13 3.75 6.495 13 0 7.5 
2 24 15 0 7.5 15 3.75 6.495 
2 24 13 6.495 3.75 13 3.75 6.495 
2 24 13 7.5 0 13 6.495 3.75 
2 24 15 6.495 3.75 15 7.5 0 
2 24 13 6.495 -3.75 13 7.5 0 
2 24 15 7.5 0 15 6.495 -3.75 
2 24 13 3.75 -6.495 13 6.495 -3.75 
2 24 15 6.495 -3.75 15 3.75 -6.495 
2 24 13 0 -7.5 13 3.75 -6.495 
2 24 15 3.75 -6.495 15 0 -7.5 
2 24 13 -3.75 -6.495 13 0 -7.5 
2 24 15 0 -7.5 15 -3.75 -6.495 
2 24 15 -6.495 -3.75 15 -3.75 -6.495 
2 24 15 -2.938 -5.088 15 -5.088 -2.937 
2 24 13 -7.5 0 13 -6.495 -3.75 
2 24 15 -6.495 -3.75 15 -7.5 0 
2 24 13 -6.495 -3.75 13 -3.75 -6.495 
2 24 15 -5.875 0 15 -5.088 2.938 
2 24 15 5.088 2.937 15 5.875 0 
2 24 15 -5.088 2.938 15 -2.937 5.088 
2 24 15 -5.088 -2.937 15 -5.875 0 
2 24 15 -2.937 5.088 15 0 5.875 
2 24 15 0 5.875 15 2.938 5.088 
2 24 15 5.875 0 15 5.088 -2.938 
2 24 15 5.088 -2.938 15 2.937 -5.088 
2 24 15 2.937 -5.088 15 0 -5.875 
2 24 15 0 -5.875 15 -2.938 -5.088 
2 24 26.125 -5.585 -1.083 26.75 -5.54 -1.25 
2 24 26.75 -3.665 -1.25 26.125 -3.71 -1.083 
2 24 25.667 -5.708 -0.625 26.125 -5.585 -1.083 
2 24 26.125 -3.71 -1.083 25.667 -3.833 -0.625 
2 24 25.5 -5.875 0 25.667 -5.708 -0.625 
2 24 25.667 -3.833 -0.625 25.5 -4 0 
2 24 25.667 -5.708 0.625 25.5 -5.875 0 
2 24 25.5 -4 0 25.667 -3.833 0.625 
2 24 26.125 -5.585 1.083 25.667 -5.708 0.625 
2 24 25.667 -3.833 0.625 26.125 -3.71 1.083 
2 24 26.75 -5.54 1.25 26.125 -5.585 1.083 
2 24 26.125 -3.71 1.083 26.75 -3.665 1.25 
2 24 26.75 3.665 1.25 26.125 3.71 1.083 
2 24 26.125 5.585 1.083 26.75 5.54 1.25 
2 24 26.125 3.71 1.083 25.667 3.833 0.625 
2 24 25.667 5.708 0.625 26.125 5.585 1.083 
2 24 25.667 3.833 0.625 25.5 4 0 
2 24 25.5 5.875 0 25.667 5.708 0.625 
2 24 25.667 5.708 -0.625 25.5 5.875 0 
2 24 25.5 4 0 25.667 3.833 -0.625 
2 24 26.125 5.585 -1.083 25.667 5.708 -0.625 
2 24 25.667 3.833 -0.625 26.125 3.71 -1.083 
2 24 26.75 5.54 -1.25 26.125 5.585 -1.083 
2 24 26.125 3.71 -1.083 26.75 3.665 -1.25 
2 24 26.75 -3.665 1.25 33 -3.665 1.25 
2 24 31 -5.54 1.25 26.75 -5.54 1.25 
2 24 33 -5.915 1.25 31 -5.915 1.25 
2 24 33 -3.665 1.25 33 -5.915 1.25 
2 24 31 -5.915 1.25 31 -5.54 1.25 
2 24 31 5.54 -1.25 26.75 5.54 -1.25 
2 24 26.75 3.665 -1.25 33 3.665 -1.25 
2 24 33 5.915 -1.25 31 5.915 -1.25 
2 24 33 3.665 -1.25 33 5.915 -1.25 
2 24 31 5.915 -1.25 31 5.54 -1.25 
2 24 33 -3.464 2 33 -3.665 1.25 
2 24 13 -4 0 13 -3.464 2 
2 24 33 -2 3.464 33 -3.464 2 
2 24 13 -3.464 2 13 -2 3.464 
2 24 33 0 4 33 -2 3.464 
2 24 13 -2 3.464 13 0 4 
2 24 33 2 3.464 33 0 4 
2 24 13 0 4 13 2 3.464 
2 24 33 3.464 2 33 2 3.464 
2 24 13 2 3.464 13 3.464 2 
2 24 33 3.665 1.25 33 3.464 2 
2 24 26.75 3.665 1.25 33 3.665 1.25 
2 24 13 3.464 2 13 4 0 
2 24 33 3.464 -2 33 3.665 -1.25 
2 24 13 4 0 13 3.464 -2 
2 24 33 2 -3.464 33 3.464 -2 
2 24 13 3.464 -2 13 2 -3.464 
2 24 33 0 -4 33 2 -3.464 
2 24 13 2 -3.464 13 0 -4 
2 24 33 -2 -3.464 33 0 -4 
2 24 13 0 -4 13 -2 -3.464 
2 24 33 -3.464 -2 33 -2 -3.464 
2 24 13 -2 -3.464 13 -3.464 -2 
2 24 33 -3.665 -1.25 33 -3.464 -2 
2 24 26.75 -3.665 -1.25 33 -3.665 -1.25 
2 24 13 -3.464 -2 13 -4 0 
2 24 31 -5.54 1.25 31 -5.088 2.938 
2 24 31 -5.088 2.938 31 -2.937 5.088 
2 24 31 -2.937 5.088 31 0 5.875 
2 24 31 0 5.875 31 2.938 5.088 
2 24 31 5.088 2.937 31 5.54 1.25 
2 24 31 5.54 1.25 26.75 5.54 1.25 
2 24 31 5.54 -1.25 31 5.088 -2.938 
2 24 31 5.088 -2.938 31 2.937 -5.088 
2 24 31 2.937 -5.088 31 0 -5.875 
2 24 31 0 -5.875 31 -2.938 -5.088 
2 24 31 -2.938 -5.088 31 -5.088 -2.937 
2 24 31 -5.088 -2.937 31 -5.54 -1.25 
2 24 31 -5.54 -1.25 26.75 -5.54 -1.25 
2 24 31 -5.413 3.125 31 -5.915 1.25 
2 24 33 -5.915 1.25 33 -5.413 3.125 
2 24 31 -3.125 5.413 31 -5.413 3.125 
2 24 33 -5.413 3.125 33 -3.125 5.413 
2 24 31 0 6.25 31 -3.125 5.413 
2 24 33 -3.125 5.413 33 0 6.25 
2 24 31 3.125 5.413 31 0 6.25 
2 24 33 0 6.25 33 3.125 5.413 
2 24 31 5.413 3.125 31 3.125 5.413 
2 24 33 3.125 5.413 33 5.413 3.125 
2 24 33 5.915 1.25 31 5.915 1.25 
2 24 33 5.413 3.125 33 5.915 1.25 
2 24 31 5.915 1.25 31 5.413 3.125 
2 24 31 5.413 -3.125 31 5.915 -1.25 
2 24 33 5.915 -1.25 33 5.413 -3.125 
2 24 31 3.125 -5.413 31 5.413 -3.125 
2 24 33 5.413 -3.125 33 3.125 -5.413 
2 24 31 0 -6.25 31 3.125 -5.413 
2 24 33 3.125 -5.413 33 0 -6.25 
2 24 31 -3.125 -5.413 31 0 -6.25 
2 24 33 0 -6.25 33 -3.125 -5.413 
2 24 31 -5.413 -3.125 31 -3.125 -5.413 
2 24 33 -3.125 -5.413 33 -5.413 -3.125 
2 24 33 -5.915 -1.25 31 -5.915 -1.25 
2 24 33 -5.413 -3.125 33 -5.915 -1.25 
2 24 31 -5.915 -1.25 31 -5.413 -3.125 
2 24 33 3.665 1.25 33 5.915 1.25 
2 24 33 -3.665 -1.25 33 -5.915 -1.25 
2 24 31 -5.915 -1.25 31 -5.54 -1.25 
2 24 31 5.088 2.937 31 2.938 5.088 
2 24 31 5.915 1.25 31 5.54 1.25 
2 24 10 9.599 -1.498 10 -9.599 -1.498 
2 24 -2.569 9.599 -1.498 10 9.599 -1.498 
2 24 10 -9.599 -1.498 -2.569 -9.599 -1.498 
2 24 -4.988 8.66 -1.498 -2.569 9.599 -1.498 
2 24 -8.75 5 -1.498 -4.988 8.66 -1.498 
2 24 -2.569 -9.599 -1.498 -4.988 -8.66 -1.498 
2 24 -4.988 -8.66 -1.498 -8.75 -5 -1.498 
2 24 -8.75 -5 -1.498 -8.75 5 -1.498 
2 24 10 9.599 -1.498 10 8.66 -5 
2 24 10 -7.669 -5.991 10 7.669 -5.991 
2 24 -5.963 -7.669 -5.991 10 -7.669 -5.991 
2 24 10 7.669 -5.991 -5.963 7.669 -5.991 
2 24 -8.657 -5 -5.991 -5.963 -7.669 -5.991 
2 24 -5.963 7.669 -5.991 -8.75 5 -5.991 
2 24 -8.75 5 -5.991 -10 0 -5.991 
2 24 -10 0 -5.991 -8.657 -5 -5.991 
2 24 10 7.66 6 10 -7.66 6 
2 24 -5.963 7.66 6 10 7.66 6 
2 24 10 -7.66 6 -5.963 -7.66 6 
2 24 -8.75 5 6 -5.963 7.66 6 
2 24 -5.963 -7.66 6 -8.657 -5 6 
2 24 -10 0 6 -8.75 5 6 
2 24 -8.657 -5 6 -10 0 6 
2 24 10 -8.66 5 10 -7.66 6 
2 24 10 -9.598 1.5 10 9.598 1.5 
2 24 -2.569 -9.598 1.5 10 -9.598 1.5 
2 24 10 9.598 1.5 -2.569 9.598 1.5 
2 24 -4.988 -8.66 1.5 -2.569 -9.598 1.5 
2 24 -8.75 5 1.5 -8.75 -5 1.5 
2 24 -4.988 8.66 1.5 -8.75 5 1.5 
2 24 -8.75 -5 1.5 -4.988 -8.66 1.5 
2 24 -2.569 9.598 1.5 -4.988 8.66 1.5 
2 24 -10 0 -10 -8.657 -5 -8.66 
2 24 -8.657 -5 8.66 -10 0 10 
2 24 -8.75 5 -8.66 -10 0 -10 
2 24 -10 0 10 -8.75 5 8.66 
2 24 -5.963 7.669 -5.991 -8.75 5 -8.66 
2 24 -8.75 5 8.66 -5.963 7.66 6 
2 24 -8.657 -5 -8.66 -5.963 -7.669 -5.991 
2 24 -5.963 -7.66 6 -8.657 -5 8.66 
2 24 13 -10 0 13 -8.66 5 
2 24 10 -8.66 5 10 -9.598 1.5 
2 24 13 -8.66 -5 13 -10 0 
2 24 10 -9.599 -1.498 10 -8.66 -5 
2 24 10 -8.66 -5 10 -7.669 -5.991 
2 24 13 -5 -8.66 13 -8.66 -5 
2 24 13 0 -10 13 -5 -8.66 
2 24 13 5 -8.66 13 0 -10 
2 24 10 7.669 -5.991 10 8.66 -5 
2 24 13 8.66 -5 13 5 -8.66 
2 24 13 8.66 5 13 10 0 
2 24 10 9.598 1.5 10 8.66 5 
2 24 10 8.66 5 10 7.66 6 
2 24 13 5 8.66 13 8.66 5 
2 24 13 0 10 13 5 8.66 
2 24 13 -5 8.66 13 0 10 
2 24 13 -8.66 5 13 -5 8.66 
2 24 13 10 0 13 8.66 -5 

