0 FILE 65429.dat
0 Wedge, Plate 4 x 2 Left, Pointed 
0 Name:  65429.dat
0 Author:  
0 BFC CERTIFY CCW
3 16 18.500 8.000 40.000 18.500 8.000 37.000 16.830 8.000 33.660
3 16 16.830 8.000 33.660 12.136 8.000 36.000 18.500 8.000 40.000
3 16 -20.000 8.000 -30.000 -20.000 8.000 40.000 -16.000 8.000 36.000
3 16 -16.000 8.000 36.000 -16.000 8.000 -24.000 -20.000 8.000 -30.000
3 16 -20.000 8.000 40.000 18.500 8.000 40.000 12.136 8.000 36.000
3 16 12.136 8.000 36.000 -16.000 8.000 36.000 -20.000 8.000 40.000
3 16 -15.543 8.000 -27.704 -16.000 8.000 -30.000 -20.000 8.000 -30.000
3 16 -20.000 8.000 -30.000 -16.000 8.000 -24.000 -15.543 8.000 -27.704
3 16 -14.243 8.000 -25.757 -15.543 8.000 -27.704 -16.000 8.000 -24.000
3 16 -12.296 8.000 -24.457 -14.243 8.000 -25.757 -16.000 8.000 -24.000
3 16 -16.000 8.000 -24.000 -11.975 8.000 -15.949 -12.296 8.000 -24.457
3 16 -11.975 8.000 -15.949 -8.775 8.000 -17.549 -12.222 8.000 -24.444
3 16 -12.222 8.000 -24.444 -12.296 8.000 -24.457 -11.975 8.000 -15.949
3 16 2.221 8.000 12.442 0.000 8.000 12.000 0.000 8.000 14.000
3 16 0.000 8.000 14.000 2.296 8.000 14.457 2.221 8.000 12.442
3 16 -3.677 8.000 0.647 4.285 8.000 8.569 -3.000 8.000 -6.000
3 16 -3.000 8.000 -6.000 -6.200 8.000 -4.400 -3.677 8.000 0.647
3 16 4.285 8.000 8.569 -3.677 8.000 0.647 -1.791 8.000 4.418
3 16 -1.791 8.000 4.418 4.000 8.000 10.000 4.285 8.000 8.569
3 16 -1.791 8.000 4.418 2.221 8.000 12.442 4.457 8.000 12.296
3 16 4.457 8.000 12.296 4.000 8.000 10.000 -1.791 8.000 4.418
3 16 4.457 8.000 12.296 2.221 8.000 12.442 2.296 8.000 14.457
3 16 2.296 8.000 14.457 5.757 8.000 14.243 4.457 8.000 12.296
3 16 2.296 8.000 14.457 3.696 8.000 15.392 7.806 8.000 15.612
3 16 7.806 8.000 15.612 5.757 8.000 14.243 2.296 8.000 14.457
3 16 6.000 8.000 20.000 10.720 8.000 21.440 7.806 8.000 15.612
3 16 7.806 8.000 15.612 3.696 8.000 15.392 6.000 8.000 20.000
3 16 7.391 8.000 23.062 10.720 8.000 21.440 6.000 8.000 20.000
3 16 6.000 8.000 20.000 5.543 8.000 22.296 7.391 8.000 23.062
3 16 -3.677 8.000 0.647 -7.272 8.000 4.243 -4.444 8.000 7.071
3 16 -4.444 8.000 7.071 -1.791 8.000 4.418 -3.677 8.000 0.647
3 16 -11.975 3.000 -15.949 -16.000 3.000 -24.000 -16.000 3.000 36.000
3 16 -11.975 3.000 -15.949 -16.000 3.000 36.000 -6.200 3.000 -4.400
3 16 6.000 3.000 20.000 -6.200 3.000 -4.400 -16.000 3.000 36.000
3 16 7.391 3.000 23.062 6.000 3.000 20.000 -16.000 3.000 36.000
3 16 -16.000 3.000 36.000 12.136 3.000 36.000 7.391 3.000 23.062
3 16 -8.775 3.000 -17.549 -11.975 3.000 -15.949 -6.200 3.000 -4.400
3 16 -6.200 3.000 -4.400 -3.000 3.000 -6.000 -8.775 3.000 -17.549
3 16 10.720 3.000 21.440 7.391 3.000 23.062 12.136 3.000 36.000
3 16 12.136 3.000 36.000 16.830 3.000 33.660 10.720 3.000 21.440
3 16 -20.000 0.000 -30.000 -16.000 3.000 -30.000 -15.000 3.000 -30.000
3 16 -15.000 3.000 -30.000 -15.000 0.000 -30.000 -20.000 0.000 -30.000
3 16 -20.000 0.000 -30.000 -20.000 8.000 -30.000 -16.000 8.000 -30.000
3 16 -16.000 8.000 -30.000 -16.000 3.000 -30.000 -20.000 0.000 -30.000
3 16 18.500 0.000 37.000 -15.000 0.000 -30.000 4.286 3.000 8.571
3 16 4.286 3.000 8.571 7.806 3.000 15.612 18.500 0.000 37.000
3 16 7.806 3.000 15.612 10.720 3.000 21.440 18.500 0.000 37.000
3 16 16.830 3.000 33.660 18.500 0.000 37.000 10.720 3.000 21.440
3 16 18.500 8.000 37.000 18.500 0.000 37.000 16.830 3.000 33.660
3 16 16.830 3.000 33.660 16.830 8.000 33.660 18.500 8.000 37.000
3 16 -15.000 0.000 -30.000 -8.775 3.000 -17.549 -3.000 3.000 -6.000
3 16 -15.000 0.000 -30.000 -3.000 3.000 -6.000 4.286 3.000 8.571
3 16 -15.000 0.000 -30.000 -15.000 3.000 -30.000 -12.222 3.000 -24.444
3 16 -15.000 0.000 -30.000 -12.222 3.000 -24.444 -8.775 3.000 -17.549
3 16 7.806 3.000 15.612 4.286 3.000 8.571 4.000 3.000 10.000
3 16 4.457 3.000 12.296 5.757 3.000 14.243 7.806 3.000 15.612
3 16 7.806 3.000 15.612 4.000 3.000 10.000 4.457 3.000 12.296
3 16 -12.222 3.000 -24.444 -15.000 3.000 -30.000 -16.000 3.000 -30.000
3 16 -16.000 3.000 -30.000 -12.296 3.000 -24.457 -12.222 3.000 -24.444
3 16 -15.543 3.000 -27.704 -14.243 3.000 -25.757 -12.296 3.000 -24.457
3 16 -12.296 3.000 -24.457 -16.000 3.000 -30.000 -15.543 3.000 -27.704
3 16 18.500 0.000 40.000 -20.000 0.000 40.000 18.500 0.000 37.000
3 16 -20.000 0.000 40.000 -20.000 0.000 -30.000 -15.000 0.000 -30.000
3 16 -15.000 0.000 -30.000 18.500 0.000 37.000 -20.000 0.000 40.000
2 24 16.830 8.000 33.660 18.500 8.000 37.000
2 24 -20.000 8.000 -30.000 -16.000 8.000 -30.000
2 24 -15.000 0.000 -30.000 -15.000 3.000 -30.000
2 24 10.720 3.000 21.440 16.830 3.000 33.660
2 24 7.806 3.000 15.612 4.286 3.000 8.571
2 24 -16.000 3.000 -30.000 -15.000 3.000 -30.000
2 24 -15.000 3.000 -30.000 -12.222 3.000 -24.444
2 24 -8.775 3.000 -17.549 -3.000 3.000 -6.000
2 24 18.500 0.000 37.000 -15.000 0.000 -30.000
2 24 -20.000 0.000 -30.000 -15.000 0.000 -30.000
0 BFC INVERTNEXT
1 16 0.0000 3.0000 20.0000 6.0000 0.0000 0.0000 0.0000 5.0000 0.0000 0.0000 0.0000 6.0000 1-4cylo.dat
1 16 0.0000 3.0000 20.0000 0.0000 0.0000 8.0000 0.0000 5.0000 0.0000 8.0000 0.0000 0.0000 3-16cylo.dat
1 16 0.0000 8.0000 20.0000 0.0000 0.0000 2.0000 0.0000 -1.0000 0.0000 2.0000 0.0000 0.0000 3-16rin3.dat
1 16 0.0000 3.0000 20.0000 0.0000 0.0000 -1.0000 0.0000 -1.2500 0.0000 1.0000 0.0000 0.0000 2-4stud4.dat
0 BFC INVERTNEXT
1 16 0.4150 5.5000 34.8300 0.0000 14.0700 -2.3500 -2.5000 0.0000 0.0000 0.0000 0.0000 1.1700 box2-5.dat
0 BFC INVERTNEXT
1 16 -13.9873 5.5000 10.0254 0.0000 0.0000 -2.0100 -2.5000 0.0000 0.0000 0.0000 -30.0000 -4.0300 box2-7.dat
1 16 -4.9382 5.5000 -1.8764 -1.2611 0.9973 0.0000 0.0000 0.0000 -2.5000 -2.5223 0.0045 0.0000 rect.dat
1 16 0.2150 5.5000 8.4300 2.0080 0.9973 0.0000 0.0000 0.0000 2.5000 4.0160 0.0045 0.0000 rect2p.dat
1 16 -5.8579 5.5000 5.6569 1.4142 1.0041 0.0000 0.0000 0.0000 2.5000 1.4142 0.0000 0.0000 rect2p.dat
1 16 -5.4743 5.5000 2.4449 0.0000 1.0000 -1.8000 -2.5000 0.0000 0.0000 0.0000 0.0000 1.8000 rect3.dat
1 16 -3.1173 5.5000 5.7447 -1.3294 -1.0041 0.0000 0.0000 0.0000 -2.5000 1.3294 0.0000 0.0000 rect.dat
1 16 1.1104 5.5000 12.2208 0.0000 -1.0000 1.1100 2.5000 0.0000 0.0000 0.0000 0.0000 0.2200 rect3.dat
1 16 1.1481 5.5000 14.2283 -1.1475 1.0002 0.0000 0.0000 0.0000 -2.5000 -0.2282 -0.0050 0.0000 rect2p.dat
1 16 2.9962 5.5000 14.9244 0.6984 1.0012 0.0000 0.0000 0.0000 2.5000 0.4668 -0.0044 0.0000 rect2p.dat
1 16 4.8481 5.5000 17.6961 -1.1538 0.9973 0.0000 0.0000 0.0000 -2.5000 -2.3076 0.0045 0.0000 rect.dat
1 16 -4.6000 5.5000 -5.2000 0.0000 1.0000 1.6000 2.5000 0.0000 0.0000 0.0000 0.0000 -0.8000 rect3.dat
1 16 -10.3746 5.5000 -16.7492 1.6010 -0.9973 0.0000 0.0000 0.0000 2.5000 -0.8005 -0.0045 0.0000 rect.dat
1 16 9.0556 5.5000 22.2508 1.6632 -1.0018 0.0000 0.0000 0.0000 2.5000 -0.8102 -0.0014 0.0000 rect.dat
1 16 -0.7500 4.0000 38.5000 0.0000 19.2500 0.0000 -4.0000 0.0000 0.0000 0.0000 0.0000 1.5000 box2-5.dat
1 16 -20.0000 4.0000 5.0000 0.0000 1.0000 0.0000 4.0000 0.0000 0.0000 0.0000 0.0000 -35.0000 rect3.dat
1 16 -13.2695 5.5000 -25.1070 -0.9730 0.0048 0.0000 0.0000 0.0000 2.5000 -0.6497 1.0012 0.0000 rect2p.dat
1 16 -14.8930 5.5000 -26.7305 -0.6497 -1.0012 0.0000 0.0000 0.0000 2.5000 -0.9730 -0.0048 0.0000 rect2p.dat
1 16 -15.7715 5.5000 -28.8520 0.0000 -1.0000 -0.2300 -2.5000 0.0000 0.0000 0.0000 0.0000 -1.1500 rect3.dat
1 16 -10.4984 5.5000 -20.9968 0.0000 -1.0000 1.7200 2.5000 0.0000 0.0000 0.0000 0.0000 3.4500 rect1.dat
1 16 -12.2591 5.5000 -24.4507 0.0000 0.0000 0.0369 2.5000 0.0000 0.0000 0.0000 1.0000 0.0063 rect3.dat
1 16 4.1423 5.5000 9.2846 0.0000 -1.0000 0.1400 -2.5000 0.0000 0.0000 0.0000 0.0000 -0.7200 rect3.dat
1 16 4.2283 5.5000 11.1481 0.2282 -1.0002 0.0000 0.0000 0.0000 -2.5000 1.1475 -0.0050 0.0000 rect2p.dat
1 16 5.1070 5.5000 13.2694 0.6501 -1.0012 0.0000 0.0000 0.0000 -2.5000 0.9728 -0.0044 0.0000 rect2p.dat
1 16 6.7817 5.5000 14.9274 1.0226 -1.0012 0.0000 0.0000 0.0000 2.5000 0.6836 0.0043 0.0000 rect2p.dat
1 16 0.6428 5.5000 1.2857 0.0000 -1.0000 3.6400 2.5000 0.0000 0.0000 0.0000 0.0000 7.2900 rect1.dat
1 16 9.2630 5.5000 18.5260 -1.4579 -0.9973 0.0000 0.0000 0.0000 2.5000 -2.9158 -0.0045 0.0000 rect2a.dat
1 16 -10.0000 0.0000 20.0000 0.0000 0.0000 -1.0000 0.0000 1.0000 0.0000 1.0000 0.0000 0.0000 stug-1x2.dat
