0 ~6579a Tyre 1/14th Section
0 Name: s\6579a.dat
0 Author: Jeff Boen
0 !LDRAW_ORG Subpart UPDATE 1999-04
0 !LICENSE Redistributable under CCAL version 2.0 : see CAreadme.txt
0 !HISTORY 1999-05-24 [PTadmin] Official Update 1999-04
0 !HISTORY 2007-09-10 [PTadmin] Header formatted for Contributor Agreement
0 !HISTORY 2008-07-01 [PTadmin] Official Update 2008-01
0 // Faces (Quads and Triangles)
4 16 -26.0000 -22.4200 5.1200 -26.0000 -20.6700 10.0900 -23.0000 -20.6700 10.0900 -23.0000 -22.4200 5.1200
4 16 -23.0000 -22.4200 5.1200 -23.0000 -20.6700 10.0900 -24.0000 -26.0900 12.6500 -24.0000 -28.2700 6.4500
4 16 -24.0000 -28.2700 6.4500 -24.0000 -26.0900 12.6500 -26.0000 -26.0900 12.6500 -26.0000 -28.2700 6.4500
4 16 -26.0000 -28.2700 6.4500 -26.0000 -26.0900 12.6500 -31.0000 -28.8000 13.9400 -31.0000 -31.2000 7.1200
4 16 -31.0000 -31.2000 7.1200 -31.0000 -28.8000 13.9400 -31.0000 -35.1300 16.9300 -31.0000 -38.0200 8.6800
4 16 -31.0000 -38.0200 8.6800 -31.0000 -35.1300 16.9300 -22.0000 -38.7500 18.6400 -22.0000 -41.9200 9.5700
4 16 -22.0000 -41.9200 9.5700 -22.0000 -38.7500 18.6400 -8.0000 -41.4600 19.9200 -8.0000 -44.8500 10.2400
4 16 -8.0000 -44.8500 10.2400 -8.0000 -41.4600 19.9200 8.0000 -41.4600 19.9200 8.0000 -44.8500 10.2400
4 16 8.0000 -44.8500 10.2400 8.0000 -41.4600 19.9200 22.0000 -38.7500 18.6400 22.0000 -41.9200 9.5700
4 16 22.0000 -41.9200 9.5700 22.0000 -38.7500 18.6400 31.0000 -35.1300 16.9300 31.0000 -38.0200 8.6800
4 16 31.0000 -38.0200 8.6800 31.0000 -35.1300 16.9300 24.0000 -33.3300 16.0700 24.0000 -36.0700 8.2300
4 16 24.0000 -36.0700 8.2300 24.0000 -33.3300 16.0700 23.0000 -28.8000 13.9400 23.0000 -31.2000 7.1200
4 16 23.0000 -31.2000 7.1200 23.0000 -28.8000 13.9400 26.0000 -28.8000 13.9400 26.0000 -31.2000 7.1200
4 16 26.0000 -31.2000 7.1200 26.0000 -28.8000 13.9400 26.0000 -32.4200 15.6500 26.0000 -35.1000 8.0100
4 16 26.0000 -35.1000 8.0100 26.0000 -32.4200 15.6500 29.0000 -32.4200 15.6500 29.0000 -35.1000 8.0100
4 16 29.0000 -35.1000 8.0100 29.0000 -32.4200 15.6500 33.0000 -34.2300 16.5000 33.0000 -37.0500 8.4600
4 16 33.0000 -37.0500 8.4600 33.0000 -34.2300 16.5000 33.0000 -36.0400 17.3600 33.0000 -39.0000 8.9000
4 16 33.0000 -39.0000 8.9000 33.0000 -36.0400 17.3600 22.0000 -40.5600 19.4900 22.0000 -43.8700 10.0100
4 16 22.0000 -43.8700 10.0100 22.0000 -40.5600 19.4900 8.0000 -43.2700 20.7700 8.0000 -46.8000 10.6800
4 16 8.0000 -46.8000 10.6800 8.0000 -43.2700 20.7700 0.0000 -43.2700 20.7700 0.0000 -46.8000 10.6800
4 16 0.0000 -46.8000 10.6800 0.0000 -43.2700 20.7700 0.0000 -45.9800 22.0500 0.0000 -49.7200 11.3500
4 16 0.0000 -49.7200 11.3500 0.0000 -45.9800 22.0500 -8.0000 -45.9800 22.0500 -8.0000 -49.7200 11.3500
4 16 -8.0000 -49.7200 11.3500 -8.0000 -45.9800 22.0500 -21.0000 -43.2700 20.7700 -21.0000 -46.8000 10.6800
4 16 -21.0000 -46.8000 10.6800 -21.0000 -43.2700 20.7700 -22.0000 -40.5600 19.4900 -22.0000 -43.8700 10.0100
4 16 -22.0000 -43.8700 10.0100 -22.0000 -40.5600 19.4900 -29.0000 -40.5600 19.4900 -29.0000 -43.8700 10.0100
4 16 -29.0000 -43.8700 10.0100 -29.0000 -40.5600 19.4900 -33.0000 -36.0400 17.3600 -33.0000 -39.0000 8.9000
4 16 -33.0000 -39.0000 8.9000 -33.0000 -36.0400 17.3600 -33.0000 -27.9000 13.5100 -33.0000 -30.2200 6.9000
4 16 -33.0000 -30.2200 6.9000 -33.0000 -27.9000 13.5100 -29.0000 -24.2800 11.8000 -29.0000 -26.3200 6.0100
4 16 -29.0000 -26.3200 6.0100 -29.0000 -24.2800 11.8000 -26.0000 -24.2800 11.8000 -26.0000 -26.3200 6.0100
4 16 -26.0000 -26.3200 6.0100 -26.0000 -24.2800 11.8000 -26.0000 -20.6700 10.0900 -26.0000 -22.4200 5.1200
4 16 -29.0000 -43.8700 10.0100 -33.0000 -39.0000 8.9000 -31.0000 -38.0200 8.6800 -22.0000 -41.9200 9.5700
3 16 -22.0000 -43.8700 10.0100 -29.0000 -43.8700 10.0100 -22.0000 -41.9200 9.5700
4 16 -21.0000 -46.8000 10.6800 -22.0000 -43.8700 10.0100 -8.0000 -44.8500 10.2400 -8.0000 -49.7200 11.3500
4 16 0.0000 -49.7200 11.3500 -8.0000 -49.7200 11.3500 -8.0000 -44.8500 10.2400 0.0000 -46.8000 10.6800
4 16 -22.0000 -38.7500 18.6400 -31.0000 -35.1300 16.9300 -33.0000 -36.0400 17.3600 -29.0000 -40.5600 19.4900
3 16 -22.0000 -40.5600 19.4900 -22.0000 -38.7500 18.6400 -29.0000 -40.5600 19.4900
4 16 -8.0000 -45.9800 22.0500 -8.0000 -41.4600 19.9200 -22.0000 -40.5600 19.4900 -21.0000 -43.2700 20.7700
4 16 0.0000 -43.2700 20.7700 -8.0000 -41.4600 19.9200 -8.0000 -45.9800 22.0500 0.0000 -45.9800 22.0500
0 3DSMAX Object:1/2 Tire Section 2
0 Normal Edge Lines
2 24 -26.0000 -22.4200 5.1200 -26.0000 -20.6700 10.0900
2 24 -23.0000 -20.6700 10.0900 -23.0000 -22.4200 5.1200
2 24 -24.0000 -26.0900 12.6500 -24.0000 -28.2700 6.4500
2 24 -26.0000 -26.0900 12.6500 -26.0000 -28.2700 6.4500
2 24 -31.0000 -28.8000 13.9400 -31.0000 -31.2000 7.1200
2 24 -31.0000 -35.1300 16.9300 -31.0000 -38.0200 8.6800
2 24 -22.0000 -38.7500 18.6400 -22.0000 -41.9200 9.5700
2 24 22.0000 -38.7500 18.6400 22.0000 -41.9200 9.5700
2 24 31.0000 -35.1300 16.9300 31.0000 -38.0200 8.6800
2 24 24.0000 -33.3300 16.0700 24.0000 -36.0700 8.2300
2 24 23.0000 -28.8000 13.9400 23.0000 -31.2000 7.1200
2 24 26.0000 -28.8000 13.9400 26.0000 -31.2000 7.1200
2 24 26.0000 -32.4200 15.6500 26.0000 -35.1000 8.0100
2 24 29.0000 -32.4200 15.6500 29.0000 -35.1000 8.0100
2 24 33.0000 -34.2300 16.5000 33.0000 -37.0500 8.4600
2 24 33.0000 -36.0400 17.3600 33.0000 -39.0000 8.9000
2 24 33.0000 -36.0400 17.3600 22.0000 -40.5600 19.4900
2 24 22.0000 -40.5600 19.4900 22.0000 -43.8700 10.0100
2 24 22.0000 -43.8700 10.0100 33.0000 -39.0000 8.9000
2 24 22.0000 -40.5600 19.4900 8.0000 -43.2700 20.7700
2 24 8.0000 -43.2700 20.7700 8.0000 -46.8000 10.6800
2 24 8.0000 -46.8000 10.6800 22.0000 -43.8700 10.0100
2 24 8.0000 -43.2700 20.7700 0.0000 -43.2700 20.7700
2 24 0.0000 -43.2700 20.7700 0.0000 -46.8000 10.6800
2 24 0.0000 -46.8000 10.6800 8.0000 -46.8000 10.6800
2 24 0.0000 -43.2700 20.7700 0.0000 -45.9800 22.0500
2 24 0.0000 -45.9800 22.0500 0.0000 -49.7200 11.3500
2 24 0.0000 -49.7200 11.3500 0.0000 -46.8000 10.6800
2 24 0.0000 -45.9800 22.0500 -8.0000 -45.9800 22.0500
2 24 -8.0000 -45.9800 22.0500 -8.0000 -49.7200 11.3500
2 24 -8.0000 -49.7200 11.3500 0.0000 -49.7200 11.3500
2 24 -8.0000 -45.9800 22.0500 -21.0000 -43.2700 20.7700
2 24 -21.0000 -43.2700 20.7700 -21.0000 -46.8000 10.6800
2 24 -21.0000 -46.8000 10.6800 -8.0000 -49.7200 11.3500
2 24 -21.0000 -43.2700 20.7700 -22.0000 -40.5600 19.4900
2 24 -22.0000 -40.5600 19.4900 -22.0000 -43.8700 10.0100
2 24 -22.0000 -43.8700 10.0100 -21.0000 -46.8000 10.6800
2 24 -22.0000 -40.5600 19.4900 -29.0000 -40.5600 19.4900
2 24 -29.0000 -40.5600 19.4900 -29.0000 -43.8700 10.0100
2 24 -29.0000 -43.8700 10.0100 -22.0000 -43.8700 10.0100
2 24 -29.0000 -40.5600 19.4900 -33.0000 -36.0400 17.3600
2 24 -33.0000 -36.0400 17.3600 -33.0000 -39.0000 8.9000
2 24 -33.0000 -39.0000 8.9000 -29.0000 -43.8700 10.0100
2 24 -33.0000 -27.9000 13.5100 -33.0000 -30.2200 6.9000
2 24 -29.0000 -24.2800 11.8000 -29.0000 -26.3200 6.0100
2 24 -26.0000 -24.2800 11.8000 -26.0000 -26.3200 6.0100
0 3DSMAX Object: 1/2 Tire Section 1
0 Faces (Quads and Triangles)
4 16 -26.0000 -23.0000 0.0000 -26.0000 -22.3900 5.2400 -23.0000 -22.3900 5.2400 -23.0000 -23.0000 0.0000
4 16 -23.0000 -23.0000 0.0000 -23.0000 -22.3900 5.2400 -24.0000 -28.2600 6.5300 -24.0000 -29.0000 0.0000
4 16 -24.0000 -29.0000 0.0000 -24.0000 -28.2600 6.5300 -26.0000 -28.2600 6.5300 -26.0000 -29.0000 0.0000
4 16 -26.0000 -29.0000 0.0000 -26.0000 -28.2600 6.5300 -31.0000 -31.1800 7.1800 -31.0000 -32.0000 0.0000
4 16 -31.0000 -32.0000 0.0000 -31.0000 -31.1800 7.1800 -31.0000 -38.0200 8.6800 -31.0000 -39.0000 0.0000
4 16 -31.0000 -39.0000 0.0000 -31.0000 -38.0200 8.6800 -22.0000 -41.9300 9.5500 -22.0000 -43.0000 0.0000
4 16 -22.0000 -43.0000 0.0000 -22.0000 -41.9300 9.5500 -8.0000 -44.8600 10.1900 -8.0000 -46.0000 0.0000
4 16 -8.0000 -46.0000 0.0000 -8.0000 -44.8600 10.1900 8.0000 -44.8600 10.1900 8.0000 -46.0000 0.0000
4 16 8.0000 -46.0000 0.0000 8.0000 -44.8600 10.1900 22.0000 -41.9300 9.5500 22.0000 -43.0000 0.0000
4 16 22.0000 -43.0000 0.0000 22.0000 -41.9300 9.5500 31.0000 -38.0200 8.6800 31.0000 -39.0000 0.0000
4 16 31.0000 -39.0000 0.0000 31.0000 -38.0200 8.6800 24.0000 -36.0700 8.2500 24.0000 -37.0000 0.0000
4 16 24.0000 -37.0000 0.0000 24.0000 -36.0700 8.2500 23.0000 -31.1800 7.1800 23.0000 -32.0000 0.0000
4 16 23.0000 -32.0000 0.0000 23.0000 -31.1800 7.1800 26.0000 -31.1800 7.1800 26.0000 -32.0000 0.0000
4 16 26.0000 -32.0000 0.0000 26.0000 -31.1800 7.1800 26.0000 -35.0900 8.0400 26.0000 -36.0000 0.0000
4 16 26.0000 -36.0000 0.0000 26.0000 -35.0900 8.0400 29.0000 -35.0900 8.0400 29.0000 -36.0000 0.0000
4 16 29.0000 -36.0000 0.0000 29.0000 -35.0900 8.0400 33.0000 -37.0400 8.4700 33.0000 -38.0000 0.0000
4 16 33.0000 -38.0000 0.0000 33.0000 -37.0400 8.4700 33.0000 -39.0000 8.9000 33.0000 -40.0000 0.0000
4 16 33.0000 -40.0000 0.0000 33.0000 -39.0000 8.9000 29.0000 -43.8800 9.9800 29.0000 -45.0000 0.0000
4 16 29.0000 -45.0000 0.0000 29.0000 -43.8800 9.9800 22.0000 -43.8800 9.9800 22.0000 -45.0000 0.0000
4 16 22.0000 -45.0000 0.0000 22.0000 -43.8800 9.9800 21.0000 -46.8100 10.6200 21.0000 -48.0000 0.0000
4 16 21.0000 -48.0000 0.0000 21.0000 -46.8100 10.6200 8.0000 -49.7400 11.2700 8.0000 -51.0000 0.0000
4 16 8.0000 -51.0000 0.0000 8.0000 -49.7400 11.2700 0.0000 -49.7400 11.2700 0.0000 -51.0000 0.0000
4 16 0.0000 -51.0000 0.0000 0.0000 -49.7400 11.2700 0.0000 -46.8100 10.6200 0.0000 -48.0000 0.0000
4 16 0.0000 -48.0000 0.0000 0.0000 -46.8100 10.6200 -8.0000 -46.8100 10.6200 -8.0000 -48.0000 0.0000
4 16 -8.0000 -48.0000 0.0000 -8.0000 -46.8100 10.6200 -22.0000 -43.8800 9.9800 -22.0000 -45.0000 0.0000
4 16 -22.0000 -45.0000 0.0000 -22.0000 -43.8800 9.9800 -33.0000 -39.0000 8.9000 -33.0000 -40.0000 0.0000
4 16 -33.0000 -40.0000 0.0000 -33.0000 -39.0000 8.9000 -33.0000 -30.2100 6.9600 -33.0000 -31.0000 0.0000
4 16 -33.0000 -31.0000 0.0000 -33.0000 -30.2100 6.9600 -29.0000 -26.3000 6.1000 -29.0000 -27.0000 0.0000
4 16 -29.0000 -27.0000 0.0000 -29.0000 -26.3000 6.1000 -26.0000 -26.3000 6.1000 -26.0000 -27.0000 0.0000
4 16 -26.0000 -27.0000 0.0000 -26.0000 -26.3000 6.1000 -26.0000 -22.3900 5.2400 -26.0000 -23.0000 0.0000
4 16 31.0000 -39.0000 0.0000 33.0000 -40.0000 0.0000 29.0000 -45.0000 0.0000 22.0000 -43.0000 0.0000
3 16 22.0000 -43.0000 0.0000 29.0000 -45.0000 0.0000 22.0000 -45.0000 0.0000
4 16 8.0000 -46.0000 0.0000 22.0000 -45.0000 0.0000 21.0000 -48.0000 0.0000 8.0000 -51.0000 0.0000
4 16 0.0000 -48.0000 0.0000 8.0000 -46.0000 0.0000 8.0000 -51.0000 0.0000 0.0000 -51.0000 0.0000
4 16 22.0000 -41.9300 9.5500 29.0000 -43.8800 9.9800 33.0000 -39.0000 8.9000 31.0000 -38.0200 8.6800
3 16 22.0000 -41.9300 9.5500 22.0000 -43.8800 9.9800 29.0000 -43.8800 9.9800
4 16 8.0000 -49.7400 11.2700 21.0000 -46.8100 10.6200 22.0000 -43.8800 9.9800 8.0000 -44.8600 10.1900
4 16 0.0000 -49.7400 11.2700 8.0000 -49.7400 11.2700 8.0000 -44.8600 10.1900 0.0000 -46.8100 10.6200
0 3DSMAX Object:1/2 Tire Section 1
0 Normal Edge Lines
2 24 -26.0000 -23.0000 0.0000 -26.0000 -22.3900 5.2400
2 24 -23.0000 -22.3900 5.2400 -23.0000 -23.0000 0.0000
2 24 -24.0000 -28.2600 6.5300 -24.0000 -29.0000 0.0000
2 24 -26.0000 -28.2600 6.5300 -26.0000 -29.0000 0.0000
2 24 -31.0000 -31.1800 7.1800 -31.0000 -32.0000 0.0000
2 24 -31.0000 -38.0200 8.6800 -31.0000 -39.0000 0.0000
2 24 -22.0000 -41.9300 9.5500 -22.0000 -43.0000 0.0000
2 24 22.0000 -41.9300 9.5500 22.0000 -43.0000 0.0000
2 24 31.0000 -38.0200 8.6800 31.0000 -39.0000 0.0000
2 24 24.0000 -36.0700 8.2500 24.0000 -37.0000 0.0000
2 24 23.0000 -31.1800 7.1800 23.0000 -32.0000 0.0000
2 24 26.0000 -31.1800 7.1800 26.0000 -32.0000 0.0000
2 24 26.0000 -35.0900 8.0400 26.0000 -36.0000 0.0000
2 24 29.0000 -35.0900 8.0400 29.0000 -36.0000 0.0000
2 24 33.0000 -37.0400 8.4700 33.0000 -38.0000 0.0000
2 24 33.0000 -39.0000 8.9000 33.0000 -40.0000 0.0000
2 24 33.0000 -39.0000 8.9000 29.0000 -43.8800 9.9800
2 24 29.0000 -43.8800 9.9800 29.0000 -45.0000 0.0000
2 24 29.0000 -45.0000 0.0000 33.0000 -40.0000 0.0000
2 24 29.0000 -43.8800 9.9800 22.0000 -43.8800 9.9800
2 24 22.0000 -43.8800 9.9800 22.0000 -45.0000 0.0000
2 24 22.0000 -45.0000 0.0000 29.0000 -45.0000 0.0000
2 24 22.0000 -43.8800 9.9800 21.0000 -46.8100 10.6200
2 24 21.0000 -46.8100 10.6200 21.0000 -48.0000 0.0000
2 24 21.0000 -48.0000 0.0000 22.0000 -45.0000 0.0000
2 24 21.0000 -46.8100 10.6200 8.0000 -49.7400 11.2700
2 24 8.0000 -49.7400 11.2700 8.0000 -51.0000 0.0000
2 24 8.0000 -51.0000 0.0000 21.0000 -48.0000 0.0000
2 24 8.0000 -49.7400 11.2700 0.0000 -49.7400 11.2700
2 24 0.0000 -49.7400 11.2700 0.0000 -51.0000 0.0000
2 24 0.0000 -51.0000 0.0000 8.0000 -51.0000 0.0000
2 24 0.0000 -49.7400 11.2700 0.0000 -46.8100 10.6200
2 24 0.0000 -46.8100 10.6200 0.0000 -48.0000 0.0000
2 24 0.0000 -48.0000 0.0000 0.0000 -51.0000 0.0000
2 24 0.0000 -46.8100 10.6200 -8.0000 -46.8100 10.6200
2 24 -8.0000 -46.8100 10.6200 -8.0000 -48.0000 0.0000
2 24 -8.0000 -48.0000 0.0000 0.0000 -48.0000 0.0000
2 24 -8.0000 -46.8100 10.6200 -22.0000 -43.8800 9.9800
2 24 -22.0000 -43.8800 9.9800 -22.0000 -45.0000 0.0000
2 24 -22.0000 -45.0000 0.0000 -8.0000 -48.0000 0.0000
2 24 -22.0000 -43.8800 9.9800 -33.0000 -39.0000 8.9000
2 24 -33.0000 -39.0000 8.9000 -33.0000 -40.0000 0.0000
2 24 -33.0000 -40.0000 0.0000 -22.0000 -45.0000 0.0000
2 24 -33.0000 -30.2100 6.9600 -33.0000 -31.0000 0.0000
2 24 -29.0000 -26.3000 6.1000 -29.0000 -27.0000 0.0000
2 24 -26.0000 -26.3000 6.1000 -26.0000 -27.0000 0.0000
2 24 31.0000 -39.0000 0.0000 33.0000 -40.0000 0.0000
