0 ~6579a Tyre 1/14th Section
0 Name: s\6579a.dat
0 Author: Jeff Boen
0 !LDRAW_ORG Unofficial_Subpart 
0 !LICENSE Redistributable under CCAL version 2.0 : see CAreadme.txt

0 !HISTORY 1999-05-24 [PTadmin] Official Update 1999-04
0 !HISTORY 2007-09-10 [PTadmin] Header formatted for Contributor Agreement
0 !HISTORY 2008-07-01 [PTadmin] Official Update 2008-01
0 !HISTORY 2014-11-21 [roland] Auto-corrected with libfix version of LDCad 1.4

0 // Faces (Quads and Triangles)
4 16 -26 -22.42 5.12 -26 -20.67 10.09 -23 -20.67 10.09 -23 -22.42 5.12
4 16 -23 -22.42 5.12 -23 -20.67 10.09 -24 -26.09 12.65 -24 -28.27 6.45
4 16 -24 -28.27 6.45 -24 -26.09 12.65 -26 -26.09 12.65 -26 -28.27 6.45
4 16 -26 -28.27 6.45 -26 -26.09 12.65 -31 -28.8 13.94 -31 -31.2 7.12
4 16 -31 -31.2 7.12 -31 -28.8 13.94 -31 -35.13 16.93 -31 -38.02 8.68
4 16 -31 -38.02 8.68 -31 -35.13 16.93 -22 -38.75 18.64 -22 -41.92 9.57
4 16 -22 -41.92 9.57 -22 -38.75 18.64 -8 -41.46 19.92 -8 -44.85 10.24
4 16 -8 -44.85 10.24 -8 -41.46 19.92 8 -41.46 19.92 8 -44.85 10.24
4 16 8 -44.85 10.24 8 -41.46 19.92 22 -38.75 18.64 22 -41.92 9.57
4 16 22 -41.92 9.57 22 -38.75 18.64 31 -35.13 16.93 31 -38.02 8.68
4 16 31 -38.02 8.68 31 -35.13 16.93 24 -33.33 16.07 24 -36.07 8.23
4 16 24 -36.07 8.23 24 -33.33 16.07 23 -28.8 13.94 23 -31.2 7.12
4 16 23 -31.2 7.12 23 -28.8 13.94 26 -28.8 13.94 26 -31.2 7.12
4 16 26 -31.2 7.12 26 -28.8 13.94 26 -32.42 15.65 26 -35.1 8.01
4 16 26 -35.1 8.01 26 -32.42 15.65 29 -32.42 15.65 29 -35.1 8.01
4 16 29 -35.1 8.01 29 -32.42 15.65 33 -34.23 16.5 33 -37.05 8.46
4 16 33 -37.05 8.46 33 -34.23 16.5 33 -36.04 17.36 33 -39 8.9
4 16 33 -39 8.9 33 -36.04 17.36 22 -40.56 19.49 22 -43.87 10.01
4 16 22 -43.87 10.01 22 -40.56 19.49 8 -43.27 20.77 8 -46.8 10.68
4 16 8 -46.8 10.68 8 -43.27 20.77 0 -43.27 20.77 0 -46.8 10.68
4 16 0 -46.8 10.68 0 -43.27 20.77 0 -45.98 22.05 0 -49.72 11.35
4 16 0 -49.72 11.35 0 -45.98 22.05 -8 -45.98 22.05 -8 -49.72 11.35
4 16 -8 -49.72 11.35 -8 -45.98 22.05 -21 -43.27 20.77 -21 -46.8 10.68
4 16 -21 -46.8 10.68 -21 -43.27 20.77 -22 -40.56 19.49 -22 -43.87 10.01
4 16 -22 -43.87 10.01 -22 -40.56 19.49 -29 -40.56 19.49 -29 -43.87 10.01
4 16 -29 -43.87 10.01 -29 -40.56 19.49 -33 -36.04 17.36 -33 -39 8.9
4 16 -33 -39 8.9 -33 -36.04 17.36 -33 -27.9 13.51 -33 -30.22 6.9
4 16 -33 -30.22 6.9 -33 -27.9 13.51 -29 -24.28 11.8 -29 -26.32 6.01
4 16 -29 -26.32 6.01 -29 -24.28 11.8 -26 -24.28 11.8 -26 -26.32 6.01
4 16 -26 -26.32 6.01 -26 -24.28 11.8 -26 -20.67 10.09 -26 -22.42 5.12
4 16 -29 -43.87 10.01 -33 -39 8.9 -31 -38.02 8.68 -22 -41.92 9.57
 3 16 -22 -43.87 10.01 -29 -43.87 10.01 -22 -41.92 9.57 
4 16 -21 -46.8 10.68 -22 -43.87 10.01 -8 -44.85 10.24 -8 -49.72 11.35
4 16 0 -49.72 11.35 -8 -49.72 11.35 -8 -44.85 10.24 0 -46.8 10.68
4 16 -29 -40.56 19.49 -33 -36.04 17.36 -31 -35.13 16.93 -22 -38.75 18.64
 3 16 -22 -40.56 19.49 -22 -38.75 18.64 -29 -40.56 19.49 
4 16 -21 -43.27 20.77 -22 -40.56 19.49 -8 -41.46 19.92 -8 -45.98 22.05
4 16 0 -45.98 22.05 -8 -45.98 22.05 -8 -41.46 19.92 0 -43.27 20.77
0 3DSMAX Object:1/2 Tire Section 2
0 Normal Edge Lines
 2 24 -26 -22.42 5.12 -26 -20.67 10.09 
 2 24 -23 -20.67 10.09 -23 -22.42 5.12 
 2 24 -24 -26.09 12.65 -24 -28.27 6.45 
 2 24 -26 -26.09 12.65 -26 -28.27 6.45 
 2 24 -31 -28.80 13.94 -31 -31.20 7.12 
 2 24 -31 -35.13 16.93 -31 -38.02 8.68 
 2 24 -22 -38.75 18.64 -22 -41.92 9.57 
 2 24 22 -38.75 18.64 22 -41.92 9.57 
 2 24 31 -35.13 16.93 31 -38.02 8.68 
 2 24 24 -33.33 16.07 24 -36.07 8.23 
 2 24 23 -28.80 13.94 23 -31.20 7.12 
 2 24 26 -28.80 13.94 26 -31.20 7.12 
 2 24 26 -32.42 15.65 26 -35.10 8.01 
 2 24 29 -32.42 15.65 29 -35.10 8.01 
 2 24 33 -34.23 16.50 33 -37.05 8.46 
 2 24 33 -36.04 17.36 33 -39.00 8.90 
 2 24 33 -36.04 17.36 22 -40.56 19.49 
 2 24 22 -40.56 19.49 22 -43.87 10.01 
 2 24 22 -43.87 10.01 33 -39.00 8.90 
 2 24 22 -40.56 19.49 8 -43.27 20.77 
 2 24 8 -43.27 20.77 8 -46.80 10.68 
 2 24 8 -46.80 10.68 22 -43.87 10.01 
 2 24 8 -43.27 20.77 0 -43.27 20.77 
 2 24 0 -43.27 20.77 0 -46.80 10.68 
 2 24 0 -46.80 10.68 8 -46.80 10.68 
 2 24 0 -43.27 20.77 0 -45.98 22.05 
 2 24 0 -45.98 22.05 0 -49.72 11.35 
 2 24 0 -49.72 11.35 0 -46.80 10.68 
 2 24 0 -45.98 22.05 -8 -45.98 22.05 
 2 24 -8 -45.98 22.05 -8 -49.72 11.35 
 2 24 -8 -49.72 11.35 0 -49.72 11.35 
 2 24 -8 -45.98 22.05 -21 -43.27 20.77 
 2 24 -21 -43.27 20.77 -21 -46.80 10.68 
 2 24 -21 -46.80 10.68 -8 -49.72 11.35 
 2 24 -21 -43.27 20.77 -22 -40.56 19.49 
 2 24 -22 -40.56 19.49 -22 -43.87 10.01 
 2 24 -22 -43.87 10.01 -21 -46.80 10.68 
 2 24 -22 -40.56 19.49 -29 -40.56 19.49 
 2 24 -29 -40.56 19.49 -29 -43.87 10.01 
 2 24 -29 -43.87 10.01 -22 -43.87 10.01 
 2 24 -29 -40.56 19.49 -33 -36.04 17.36 
 2 24 -33 -36.04 17.36 -33 -39.00 8.90 
 2 24 -33 -39.00 8.90 -29 -43.87 10.01 
 2 24 -33 -27.90 13.51 -33 -30.22 6.90 
 2 24 -29 -24.28 11.80 -29 -26.32 6.01 
 2 24 -26 -24.28 11.80 -26 -26.32 6.01 
0 3DSMAX Object: 1/2 Tire Section 1
0 Faces (Quads and Triangles)
4 16 -26 -23 0 -26 -22.39 5.24 -23 -22.39 5.24 -23 -23 0
4 16 -23 -23 0 -23 -22.39 5.24 -24 -28.26 6.53 -24 -29 0
4 16 -24 -29 0 -24 -28.26 6.53 -26 -28.26 6.53 -26 -29 0
4 16 -26 -29 0 -26 -28.26 6.53 -31 -31.18 7.18 -31 -32 0
4 16 -31 -32 0 -31 -31.18 7.18 -31 -38.02 8.68 -31 -39 0
4 16 -31 -39 0 -31 -38.02 8.68 -22 -41.93 9.55 -22 -43 0
4 16 -22 -43 0 -22 -41.93 9.55 -8 -44.86 10.19 -8 -46 0
4 16 -8 -46 0 -8 -44.86 10.19 8 -44.86 10.19 8 -46 0
4 16 8 -46 0 8 -44.86 10.19 22 -41.93 9.55 22 -43 0
4 16 22 -43 0 22 -41.93 9.55 31 -38.02 8.68 31 -39 0
4 16 31 -39 0 31 -38.02 8.68 24 -36.07 8.25 24 -37 0
4 16 24 -37 0 24 -36.07 8.25 23 -31.18 7.18 23 -32 0
4 16 23 -32 0 23 -31.18 7.18 26 -31.18 7.18 26 -32 0
4 16 26 -32 0 26 -31.18 7.18 26 -35.09 8.04 26 -36 0
4 16 26 -36 0 26 -35.09 8.04 29 -35.09 8.04 29 -36 0
4 16 29 -36 0 29 -35.09 8.04 33 -37.04 8.47 33 -38 0
4 16 33 -38 0 33 -37.04 8.47 33 -39 8.9 33 -40 0
4 16 33 -40 0 33 -39 8.9 29 -43.88 9.98 29 -45 0
4 16 29 -45 0 29 -43.88 9.98 22 -43.88 9.98 22 -45 0
4 16 22 -45 0 22 -43.88 9.98 21 -46.81 10.62 21 -48 0
4 16 21 -48 0 21 -46.81 10.62 8 -49.74 11.27 8 -51 0
4 16 8 -51 0 8 -49.74 11.27 0 -49.74 11.27 0 -51 0
4 16 0 -51 0 0 -49.74 11.27 0 -46.81 10.62 0 -48 0
4 16 0 -48 0 0 -46.81 10.62 -8 -46.81 10.62 -8 -48 0
4 16 -8 -48 0 -8 -46.81 10.62 -22 -43.88 9.98 -22 -45 0
4 16 -22 -45 0 -22 -43.88 9.98 -33 -39 8.9 -33 -40 0
4 16 -33 -40 0 -33 -39 8.9 -33 -30.21 6.96 -33 -31 0
4 16 -33 -31 0 -33 -30.21 6.96 -29 -26.3 6.1 -29 -27 0
4 16 -29 -27 0 -29 -26.3 6.1 -26 -26.3 6.1 -26 -27 0
4 16 -26 -27 0 -26 -26.3 6.1 -26 -22.39 5.24 -26 -23 0
4 16 31 -39 0 33 -40 0 29 -45 0 22 -43 0
 3 16 22.00 -43.00 0 29.00 -45.00 0 22.00 -45.00 0 
4 16 8 -46 0 22 -45 0 21 -48 0 8 -51 0
4 16 0 -48 0 8 -46 0 8 -51 0 0 -51 0
4 16 31 -38.02 8.68 33 -39 8.9 29 -43.88 9.98 22 -41.93 9.55
 3 16 22.00 -41.93 9.55 22.00 -43.88 9.98 29.00 -43.88 9.98 
4 16 8 -44.86 10.19 22 -43.88 9.98 21 -46.81 10.62 8 -49.74 11.27
4 16 0 -46.81 10.62 8 -44.86 10.19 8 -49.74 11.27 0 -49.74 11.27
0 3DSMAX Object:1/2 Tire Section 1
0 Normal Edge Lines
 2 24 -26 -23.00 0 -26 -22.39 5.24 
 2 24 -23 -22.39 5.24 -23 -23.00 0 
 2 24 -24 -28.26 6.53 -24 -29.00 0 
 2 24 -26 -28.26 6.53 -26 -29.00 0 
 2 24 -31 -31.18 7.18 -31 -32.00 0 
 2 24 -31 -38.02 8.68 -31 -39 0 
 2 24 -22 -41.93 9.55 -22 -43 0 
 2 24 22.00 -41.93 9.55 22.00 -43.00 0 
 2 24 31.00 -38.02 8.68 31.00 -39.00 0 
 2 24 24 -36.07 8.25 24.00 -37.00 0 
 2 24 23 -31.18 7.18 23 -32.00 0 
 2 24 26 -31.18 7.18 26 -32.00 0 
 2 24 26 -35.09 8.04 26 -36.00 0 
 2 24 29 -35.09 8.04 29 -36.00 0 
 2 24 33 -37.04 8.47 33 -38.00 0 
 2 24 33 -39.00 8.90 33 -40.00 0 
 2 24 33 -39.00 8.90 29.00 -43.88 9.98 
 2 24 29.00 -43.88 9.98 29.00 -45.00 0 
 2 24 29.00 -45.00 0 33 -40.00 0 
 2 24 29.00 -43.88 9.98 22.00 -43.88 9.98 
 2 24 22.00 -43.88 9.98 22.00 -45.00 0 
 2 24 22.00 -45.00 0 29.00 -45.00 0 
 2 24 22.00 -43.88 9.98 21.00 -46.81 10.62 
 2 24 21.00 -46.81 10.62 21.00 -48 0 
 2 24 21.00 -48 0 22.00 -45.00 0 
 2 24 21.00 -46.81 10.62 8.00 -49.74 11.27 
 2 24 8.00 -49.74 11.27 8.00 -51 0 
 2 24 8.00 -51 0 21.00 -48 0 
 2 24 8.00 -49.74 11.27 0 -49.74 11.27 
 2 24 0 -49.74 11.27 0 -51 0 
 2 24 0 -51 0 8.00 -51 0 
 2 24 0 -49.74 11.27 0 -46.81 10.62 
 2 24 0 -46.81 10.62 0 -48 0 
 2 24 0 -48 0 0 -51 0 
 2 24 0 -46.81 10.62 -8 -46.81 10.62 
 2 24 -8 -46.81 10.62 -8 -48 0 
 2 24 -8 -48 0 0 -48 0 
 2 24 -8 -46.81 10.62 -22 -43.88 9.98 
 2 24 -22 -43.88 9.98 -22 -45 0 
 2 24 -22 -45 0 -8 -48 0 
 2 24 -22 -43.88 9.98 -33 -39.00 8.90 
 2 24 -33 -39.00 8.90 -33 -40 0 
 2 24 -33 -40 0 -22 -45 0 
 2 24 -33 -30.21 6.96 -33 -31.00 0 
 2 24 -29 -26.30 6.10 -29 -27.00 0 
 2 24 -26 -26.30 6.10 -26 -27.00 0 
 2 24 31.00 -39.00 0 33 -40.00 0 
0
