0 WING, MINI FIG. BUZZ (Needs Work)
0 Name: 88065.dat
0 Author: <AuthorRealName> [<AuthorLDrawName>]
0 !LDRAW_ORG Unofficial_Part
0 !LICENSE Redistributable under CCAL version 2.0 : see CAreadme.txt

0 BFC CERTIFY CCW

0 !HISTORY 2013-12-07 {LEGO Digital Designer} Original part shape
0 !HISTORY 2013-12-07 [<AuthorLDrawName>] File preparation for LDraw Parts Tracker

0 // Needs Work: Clean necessary

0 // Outside
3 16 9.645 2.769 22.095 9.645 -2.664 22.094 9.645 1.633 23.391 
3 16 29.503 2.791 6.631 29.503 -2.872 6.485 29.503 3.348 6.143 
3 16 29.503 -3.39 1.066 29.503 3.432 2.434 29.503 -2.872 6.485 
3 16 29.503 3.432 2.434 29.503 3.348 6.143 29.503 -2.872 6.485 
3 16 29.503 2.971 -1.767 29.503 3.432 2.434 29.503 -3.39 1.066 
3 16 29.503 2.4 21.664 29.503 -1.404 22.762 29.503 -2.383 21.639 
3 16 29.503 -1.404 22.762 29.503 2.4 21.664 29.503 1.457 22.736 
3 16 29.503 -3.39 1.066 29.503 -2.872 6.485 29.503 -3.344 6.18 
3 16 9.645 1.633 23.391 9.645 -2.664 22.094 9.648 -1.573 23.404 
3 16 9.645 1.633 23.391 9.648 -1.573 23.404 9.645 0.011 23.931 
3 16 9.645 3.009 13.374 9.645 -3.016 13.121 9.645 3.006 20.943 
3 16 9.645 -3.016 13.121 9.645 -2.954 20.954 9.645 3.006 20.943 
3 16 29.503 -2.733 13.615 29.503 2.709 13.393 29.503 -2.63 20.6 
3 16 29.503 2.709 13.393 29.503 2.652 20.599 29.503 -2.63 20.6 
3 16 19.574 3.214 -2.917 9.645 3.449 -4.058 19.574 3.684 1.144 
3 16 9.645 3.449 -4.058 9.645 3.975 0.022 19.574 3.684 1.144 
3 16 19.574 2.859 13.383 9.645 3.009 13.374 19.574 2.829 20.771 
3 16 19.574 2.829 20.771 9.645 3.009 13.374 9.645 3.006 20.943 
3 16 9.645 0.011 23.931 19.574 0.011 23.584 9.645 1.633 23.391 
3 16 9.645 1.633 23.391 19.574 0.011 23.584 19.574 1.545 23.064 
3 16 19.575 -1.489 23.083 9.648 -1.573 23.404 19.574 -2.524 21.866 
3 16 9.648 -1.573 23.404 9.645 -2.664 22.094 19.574 -2.524 21.866 
3 16 19.574 -2.792 20.777 9.645 -2.954 20.954 19.574 -2.874 13.368 
3 16 19.574 -2.874 13.368 9.645 -2.954 20.954 9.645 -3.016 13.121 
3 16 9.645 -3.859 4.643 19.574 -3.601 5.412 9.645 -3.119 5.143 
3 16 9.645 -3.119 5.143 19.574 -3.601 5.412 19.574 -2.996 5.814 
3 16 9.645 -3.959 -0.217 19.574 -3.675 0.424 9.645 -3.859 4.643 
3 16 9.645 -3.859 4.643 19.574 -3.675 0.424 19.574 -3.601 5.412 
3 16 9.645 -3.595 -3.575 19.574 -3.344 -2.587 9.645 -3.959 -0.217 
3 16 9.645 -3.959 -0.217 19.574 -3.344 -2.587 19.574 -3.675 0.424 
3 16 19.574 3.684 1.144 9.645 3.975 0.022 19.574 3.579 5.475 
3 16 9.645 3.975 0.022 9.645 3.81 4.807 19.574 3.579 5.475 
3 16 19.574 3.579 5.475 9.645 3.81 4.807 19.574 2.917 6.145 
3 16 9.645 3.81 4.807 9.645 3.042 5.658 19.574 2.917 6.145 
3 16 9.645 -3.959 -0.217 9.645 3.975 0.022 9.645 -3.595 -3.575 
3 16 9.645 -3.859 4.643 9.645 -3.119 5.143 9.645 3.81 4.807 
3 16 9.645 3.81 4.807 9.645 -3.119 5.143 9.645 3.042 5.658 
3 16 9.645 3.81 4.807 9.645 3.975 0.022 9.645 -3.959 -0.217 
3 16 9.645 -3.959 -0.217 9.645 -3.859 4.643 9.645 3.81 4.807 
3 16 19.574 1.38 -4.675 9.645 1.481 -5.942 19.574 3.214 -2.917 
3 16 9.645 1.481 -5.942 9.645 3.449 -4.058 19.574 3.214 -2.917 
3 16 19.574 -0.47 -4.928 9.645 -0.497 -6.2 19.574 1.38 -4.675 
3 16 9.645 -0.497 -6.2 9.645 1.481 -5.942 19.574 1.38 -4.675 
3 16 29.503 -3.39 1.066 29.502 -3.092 -1.599 29.503 2.971 -1.767 
3 16 29.503 2.971 -1.767 29.502 -3.092 -1.599 29.502 1.28 -3.407 
3 16 29.502 -3.092 -1.599 29.502 -2.04 -2.997 29.502 1.28 -3.407 
3 16 29.502 -2.04 -2.997 29.502 -0.444 -3.657 29.502 1.28 -3.407 
3 16 19.574 -2.181 -4.209 9.645 -2.322 -5.42 19.574 -0.47 -4.928 
3 16 9.645 -2.322 -5.42 9.645 -0.497 -6.2 19.574 -0.47 -4.928 
3 16 19.574 -3.344 -2.587 9.645 -3.595 -3.575 19.574 -2.181 -4.209 
3 16 9.645 -3.595 -3.575 9.645 -2.322 -5.42 19.574 -2.181 -4.209 
3 16 9.645 3.975 0.022 9.645 3.449 -4.058 9.645 -3.595 -3.575 
3 16 9.645 -3.595 -3.575 9.645 3.449 -4.058 9.645 -2.322 -5.42 
3 16 9.645 -2.322 -5.42 9.645 3.449 -4.058 9.645 1.481 -5.942 
3 16 9.645 1.481 -5.942 9.645 -0.497 -6.2 9.645 -2.322 -5.42 
3 16 19.574 2.829 20.771 9.645 3.006 20.943 19.574 2.585 21.879 
3 16 9.645 3.006 20.943 9.645 2.769 22.095 19.574 2.585 21.879 
3 16 9.645 3.006 20.943 9.645 -2.954 20.954 9.645 2.769 22.095 
3 16 9.645 2.769 22.095 9.645 -2.954 20.954 9.645 -2.664 22.094 
3 16 19.574 -2.524 21.866 9.645 -2.664 22.094 19.574 -2.792 20.777 
3 16 9.645 -2.664 22.094 9.645 -2.954 20.954 19.574 -2.792 20.777 
3 16 29.503 -2.63 20.6 29.503 2.652 20.599 29.503 -2.383 21.639 
3 16 29.503 2.4 21.664 29.503 -2.383 21.639 29.503 2.652 20.599 
3 16 9.645 1.633 23.391 19.574 1.545 23.064 9.645 2.769 22.095 
3 16 9.645 2.769 22.095 19.574 1.545 23.064 19.574 2.585 21.879 
3 16 29.503 1.457 22.736 29.503 0.011 23.237 29.503 -1.404 22.762 
3 16 9.648 -1.573 23.404 19.575 -1.489 23.083 9.645 0.011 23.931 
3 16 9.645 0.011 23.931 19.575 -1.489 23.083 19.574 0.011 23.584 
3 16 29.503 -2.63 20.6 19.574 -2.792 20.777 29.503 -2.733 13.615 
3 16 19.574 -2.792 20.777 19.574 -2.874 13.368 29.503 -2.733 13.615 
3 16 29.503 -1.404 22.762 19.575 -1.489 23.083 29.503 -2.383 21.639 
3 16 19.575 -1.489 23.083 19.574 -2.524 21.866 29.503 -2.383 21.639 
3 16 29.503 0.011 23.237 19.574 0.011 23.584 29.503 -1.404 22.762 
3 16 19.574 0.011 23.584 19.575 -1.489 23.083 29.503 -1.404 22.762 
3 16 29.503 2.4 21.664 19.574 2.585 21.879 29.503 1.457 22.736 
3 16 19.574 2.585 21.879 19.574 1.545 23.064 29.503 1.457 22.736 
3 16 29.503 2.652 20.599 19.574 2.829 20.771 29.503 2.4 21.664 
3 16 29.503 2.4 21.664 19.574 2.829 20.771 19.574 2.585 21.879 
3 16 29.503 2.709 13.393 19.574 2.859 13.383 29.503 2.652 20.599 
3 16 19.574 2.859 13.383 19.574 2.829 20.771 29.503 2.652 20.599 
3 16 29.503 3.348 6.143 19.574 3.579 5.475 29.503 2.791 6.631 
3 16 29.503 2.791 6.631 19.574 3.579 5.475 19.574 2.917 6.145 
3 16 29.503 3.432 2.434 19.574 3.684 1.144 29.503 3.348 6.143 
3 16 29.503 3.348 6.143 19.574 3.684 1.144 19.574 3.579 5.475 
3 16 29.502 1.28 -3.407 19.574 1.38 -4.675 29.503 2.971 -1.767 
3 16 29.503 2.971 -1.767 19.574 1.38 -4.675 19.574 3.214 -2.917 
3 16 29.502 -0.444 -3.657 19.574 -0.47 -4.928 29.502 1.28 -3.407 
3 16 19.574 -0.47 -4.928 19.574 1.38 -4.675 29.502 1.28 -3.407 
3 16 29.502 -2.04 -2.997 19.574 -2.181 -4.209 29.502 -0.444 -3.657 
3 16 29.502 -0.444 -3.657 19.574 -2.181 -4.209 19.574 -0.47 -4.928 
3 16 19.574 -3.344 -2.587 29.502 -3.092 -1.599 19.574 -3.675 0.424 
3 16 19.574 -3.675 0.424 29.502 -3.092 -1.599 29.503 -3.39 1.066 
3 16 19.574 -3.601 5.412 29.503 -3.344 6.18 19.574 -2.996 5.814 
3 16 29.503 -2.872 6.485 19.574 -2.996 5.814 29.503 -3.344 6.18 
3 16 19.574 -2.792 20.777 29.503 -2.63 20.6 19.574 -2.524 21.866 
3 16 29.503 -2.63 20.6 29.503 -2.383 21.639 19.574 -2.524 21.866 
3 16 29.503 1.457 22.736 19.574 1.545 23.064 29.503 0.011 23.237 
3 16 29.503 0.011 23.237 19.574 1.545 23.064 19.574 0.011 23.584 
3 16 19.574 3.684 1.144 29.503 3.432 2.434 19.574 3.214 -2.917 
3 16 29.503 3.432 2.434 29.503 2.971 -1.767 19.574 3.214 -2.917 
3 16 19.574 -2.181 -4.209 29.502 -2.04 -2.997 19.574 -3.344 -2.587 
3 16 29.502 -2.04 -2.997 29.502 -3.092 -1.599 19.574 -3.344 -2.587 
3 16 29.503 -3.344 6.18 19.574 -3.601 5.412 29.503 -3.39 1.066 
3 16 29.503 -3.39 1.066 19.574 -3.601 5.412 19.574 -3.675 0.424 
3 16 9.645 3.042 5.658 9.645 -3.119 5.143 9.645 3.009 13.374 
3 16 9.645 3.009 13.374 9.645 -3.119 5.143 9.645 -3.016 13.121 
3 16 9.645 -3.119 5.143 19.574 -2.996 5.814 9.645 -3.016 13.121 
3 16 9.645 -3.016 13.121 19.574 -2.996 5.814 19.574 -2.874 13.368 
3 16 19.574 -2.996 5.814 29.503 -2.872 6.485 19.574 -2.874 13.368 
3 16 29.503 -2.733 13.615 19.574 -2.874 13.368 29.503 -2.872 6.485 
3 16 29.503 -2.872 6.485 29.503 2.791 6.631 29.503 -2.733 13.615 
3 16 29.503 2.791 6.631 29.503 2.709 13.393 29.503 -2.733 13.615 
3 16 29.503 2.791 6.631 19.574 2.917 6.145 29.503 2.709 13.393 
3 16 19.574 2.917 6.145 19.574 2.859 13.383 29.503 2.709 13.393 
3 16 19.574 2.917 6.145 9.645 3.042 5.658 19.574 2.859 13.383 
3 16 19.574 2.859 13.383 9.645 3.042 5.658 9.645 3.009 13.374 
3 16 38.684 -2.665 5.534 38.5 -2.132 6.141 29.509 -2.915 4.682 
3 16 38.5 -2.132 6.141 29.508 -2.25 5.531 29.509 -2.915 4.682 
3 16 50.481 0 -3.255 52.053 0.908 -2.717 52.296 0 -2.717 
3 16 51.389 1.572 -2.717 52.053 0.908 -2.717 50.481 0 -3.255 
3 16 51.389 1.572 -2.717 50.481 0 -3.255 50.481 1.816 -2.717 
3 16 50.481 1.816 -2.717 50.481 0 -3.255 49.573 1.572 -2.717 
3 16 48.908 0.908 -2.717 49.573 1.572 -2.717 50.481 0 -3.255 
3 16 48.666 0.005 -2.717 50.481 0 -3.255 48.908 -0.908 -2.717 
3 16 49.573 -1.572 -2.717 48.908 -0.908 -2.717 50.481 0 -3.255 
3 16 49.573 -1.572 -2.717 50.481 0 -3.255 50.481 -1.816 -2.717 
3 16 50.481 -1.816 -2.717 50.481 0 -3.255 51.389 -1.572 -2.717 
3 16 52.053 -0.908 -2.717 51.389 -1.572 -2.717 50.481 0 -3.255 
3 16 52.815 -1.348 19.209 53.176 0 19.209 52.444 -1.133 21.798 
3 16 52.747 0 21.798 52.444 -1.133 21.798 53.176 0 19.209 
3 16 52.815 1.348 19.209 51.829 2.335 19.209 52.444 1.133 21.798 
3 16 51.614 1.963 21.798 52.444 1.133 21.798 51.829 2.335 19.209 
3 16 51.829 2.335 19.209 50.481 2.696 19.209 51.614 1.963 21.798 
3 16 50.481 2.267 21.798 51.614 1.963 21.798 50.481 2.696 19.209 
3 16 50.481 2.696 19.209 49.133 2.335 19.209 50.481 2.267 21.798 
3 16 49.347 1.963 21.798 50.481 2.267 21.798 49.133 2.335 19.209 
3 16 49.133 -2.335 19.209 50.481 -2.696 19.209 49.347 -1.963 21.798 
3 16 50.481 -2.696 19.209 50.481 -2.267 21.798 49.347 -1.963 21.798 
3 16 50.481 -2.696 19.209 51.829 -2.335 19.209 50.481 -2.267 21.798 
3 16 51.614 -1.963 21.798 50.481 -2.267 21.798 51.829 -2.335 19.209 
3 16 51.829 -2.335 19.209 52.815 -1.348 19.209 51.614 -1.963 21.798 
3 16 52.444 -1.133 21.798 51.614 -1.963 21.798 52.815 -1.348 19.209 
3 16 47.965 -2.451 3.625 48.693 -3.09 3.545 47.859 -2.415 6.387 
3 16 48.693 -3.09 3.545 48.704 -3.077 7.272 47.859 -2.415 6.387 
3 16 53.176 0 19.209 52.815 1.348 19.209 52.747 0 21.798 
3 16 52.444 1.133 21.798 52.747 0 21.798 52.815 1.348 19.209 
3 16 48.87 -2.791 13.573 50.481 -3.222 13.573 49.133 -2.335 19.209 
3 16 50.481 -3.222 13.573 50.481 -2.696 19.209 49.133 -2.335 19.209 
3 16 50.481 -3.222 13.573 52.092 -2.791 13.573 50.481 -2.696 19.209 
3 16 51.829 -2.335 19.209 50.481 -2.696 19.209 52.092 -2.791 13.573 
3 16 52.092 -2.791 13.573 53.271 -1.611 13.573 51.829 -2.335 19.209 
3 16 52.815 -1.348 19.209 51.829 -2.335 19.209 53.271 -1.611 13.573 
3 16 53.271 -1.611 13.573 53.703 0 13.573 52.815 -1.348 19.209 
3 16 53.176 0 19.209 52.815 -1.348 19.209 53.703 0 13.573 
3 16 53.703 0 13.573 53.271 1.611 13.573 53.176 0 19.209 
3 16 53.271 1.611 13.573 52.815 1.348 19.209 53.176 0 19.209 
3 16 53.271 1.611 13.573 52.092 2.791 13.573 52.815 1.348 19.209 
3 16 51.829 2.335 19.209 52.815 1.348 19.209 52.092 2.791 13.573 
3 16 52.092 2.791 13.573 50.481 3.222 13.573 51.829 2.335 19.209 
3 16 50.481 2.696 19.209 51.829 2.335 19.209 50.481 3.222 13.573 
3 16 49.133 2.335 19.209 50.481 2.696 19.209 48.863 2.801 13.268 
3 16 50.481 2.696 19.209 50.481 3.222 13.573 48.863 2.801 13.268 
3 16 50.477 -3.568 3.545 48.693 -3.09 3.545 50.486 -3.376 1.133 
3 16 48.693 -3.09 3.545 48.798 -2.924 1.133 50.486 -3.376 1.133 
3 16 52.262 -3.09 3.545 50.477 -3.568 3.545 52.174 -2.924 1.133 
3 16 50.477 -3.568 3.545 50.486 -3.376 1.133 52.174 -2.924 1.133 
3 16 53.568 -1.784 3.545 52.262 -3.09 3.545 53.41 -1.688 1.133 
3 16 52.262 -3.09 3.545 52.174 -2.924 1.133 53.41 -1.688 1.133 
3 16 54.046 0 3.545 53.568 -1.784 3.545 53.862 0 1.133 
3 16 53.568 -1.784 3.545 53.41 -1.688 1.133 53.862 0 1.133 
3 16 53.568 1.784 3.545 54.046 0 3.545 53.41 1.688 1.133 
3 16 54.046 0 3.545 53.862 0 1.133 53.41 1.688 1.133 
3 16 52.262 3.09 3.545 53.568 1.784 3.545 52.174 2.924 1.133 
3 16 53.568 1.784 3.545 53.41 1.688 1.133 52.174 2.924 1.133 
3 16 50.477 3.568 3.545 52.262 3.09 3.545 50.486 3.376 1.133 
3 16 52.262 3.09 3.545 52.174 2.924 1.133 50.486 3.376 1.133 
3 16 48.693 3.09 3.545 50.477 3.568 3.545 48.798 2.924 1.133 
3 16 48.798 2.924 1.133 50.477 3.568 3.545 50.486 3.376 1.133 
3 16 29.507 -2.178 -1.14 38.692 -2.221 0.368 29.507 -2.889 1.364 
3 16 38.692 -2.221 0.368 38.736 -2.67 2.495 29.507 -2.889 1.364 
3 16 29.507 -2.889 1.364 38.736 -2.67 2.495 29.509 -2.915 4.682 
3 16 38.736 -2.67 2.495 38.684 -2.665 5.534 29.509 -2.915 4.682 
3 16 29.507 -2.065 20.399 39.024 -1.947 19.883 29.507 -1.246 21.392 
3 16 39.024 -1.947 19.883 38.843 -0.965 21.005 29.507 -1.246 21.392 
3 16 38.966 1.465 20.719 29.508 1.374 21.33 38.772 0.332 21.449 
3 16 38.772 0.332 21.449 29.508 1.374 21.33 29.507 0.009 21.909 
3 16 38.738 2.671 2.161 29.507 2.889 0.899 38.675 2.684 5.377 
3 16 29.507 2.944 4.53 38.675 2.684 5.377 29.507 2.889 0.899 
3 16 29.507 2.889 0.899 38.738 2.671 2.161 29.507 2.168 -1.206 
3 16 38.738 2.671 2.161 38.563 1.951 -0.108 29.507 2.168 -1.206 
3 16 49.347 -1.963 21.798 50.481 -2.267 21.798 49.731 -1.299 23.604 
3 16 50.481 -2.267 21.798 50.481 -1.5 23.604 49.731 -1.299 23.604 
3 16 50.481 -2.267 21.798 51.614 -1.963 21.798 50.481 -1.5 23.604 
3 16 51.614 -1.963 21.798 51.231 -1.299 23.604 50.481 -1.5 23.604 
3 16 51.614 -1.963 21.798 52.444 -1.133 21.798 51.231 -1.299 23.604 
3 16 52.444 -1.133 21.798 51.78 -0.75 23.604 51.231 -1.299 23.604 
3 16 52.444 -1.133 21.798 52.747 0 21.798 51.78 -0.75 23.604 
3 16 52.747 0 21.798 51.981 0 23.604 51.78 -0.75 23.604 
3 16 52.747 0 21.798 52.444 1.133 21.798 51.981 0 23.604 
3 16 52.444 1.133 21.798 51.78 0.75 23.604 51.981 0 23.604 
3 16 52.444 1.133 21.798 51.614 1.963 21.798 51.78 0.75 23.604 
3 16 51.614 1.963 21.798 51.231 1.299 23.604 51.78 0.75 23.604 
3 16 51.614 1.963 21.798 50.481 2.267 21.798 51.231 1.299 23.604 
3 16 50.481 2.267 21.798 50.481 1.5 23.604 51.231 1.299 23.604 
3 16 50.481 2.267 21.798 49.347 1.963 21.798 50.481 1.5 23.604 
3 16 50.481 1.5 23.604 49.347 1.963 21.798 49.731 1.299 23.604 
3 16 48.487 -0.986 21.737 49.347 -1.963 21.798 49.182 -0.75 23.604 
3 16 49.347 -1.963 21.798 49.731 -1.299 23.604 49.182 -0.75 23.604 
3 16 48.544 1.909 19.02 49.133 2.335 19.209 47.973 1.967 13.391 
3 16 49.133 2.335 19.209 48.863 2.801 13.268 47.973 1.967 13.391 
3 16 47.588 1.975 6.905 48.702 3.082 7.141 47.843 2.424 6.224 
3 16 48.693 3.09 3.545 47.968 2.453 3.423 48.702 3.082 7.141 
3 16 47.843 2.424 6.224 48.702 3.082 7.141 47.968 2.453 3.423 
3 16 48.798 2.924 1.133 47.62 1.733 0.989 48.693 3.09 3.545 
3 16 48.693 3.09 3.545 47.62 1.733 0.989 47.968 2.453 3.423 
3 16 47.183 0.369 0.151 47.62 1.733 0.989 47.636 -0.109 -1.121 
3 16 47.62 1.733 0.989 48.052 1.425 -1.237 47.636 -0.109 -1.121 
3 16 47.247 -0.797 0.263 47.183 0.369 0.151 48.059 -1.399 -1.338 
3 16 47.877 -2.265 1.875 47.555 -1.68 0.877 48.798 -2.924 1.133 
3 16 48.798 -2.924 1.133 47.555 -1.68 0.877 49.067 -2.45 -1.22 
3 16 48.693 -3.09 3.545 47.965 -2.451 3.625 48.798 -2.924 1.133 
3 16 47.965 -2.451 3.625 47.877 -2.265 1.875 48.798 -2.924 1.133 
3 16 48.704 -3.077 7.272 47.491 -2.015 6.75 47.859 -2.415 6.387 
3 16 49.133 -2.335 19.209 48.54 -1.829 19.366 48.87 -2.791 13.573 
3 16 48.54 -1.829 19.366 47.939 -1.938 13.613 48.87 -2.791 13.573 
3 16 48.54 -1.829 19.366 49.133 -2.335 19.209 48.179 -0.684 20.619 
3 16 48.513 1.124 21.754 48.242 0.032 21.963 49.182 0.75 23.604 
3 16 49.182 0.75 23.604 48.242 0.032 21.963 48.981 0 23.604 
3 16 49.347 1.963 21.798 48.513 1.124 21.754 49.731 1.299 23.604 
3 16 49.731 1.299 23.604 48.513 1.124 21.754 49.182 0.75 23.604 
3 16 48.424 1.556 20.109 49.133 2.335 19.209 48.544 1.909 19.02 
3 16 29.507 2.944 4.53 29.508 2.314 5.355 38.675 2.684 5.377 
3 16 38.548 2.144 6.13 38.675 2.684 5.377 29.508 2.314 5.355 
3 16 48.693 -3.09 3.545 50.477 -3.568 3.545 48.704 -3.077 7.272 
3 16 50.481 -3.553 7.272 48.704 -3.077 7.272 50.477 -3.568 3.545 
3 16 50.477 -3.568 3.545 52.262 -3.09 3.545 50.481 -3.553 7.272 
3 16 52.257 -3.077 7.272 50.481 -3.553 7.272 52.262 -3.09 3.545 
3 16 52.262 -3.09 3.545 53.568 -1.784 3.545 52.257 -3.077 7.272 
3 16 53.558 -1.777 7.272 52.257 -3.077 7.272 53.568 -1.784 3.545 
3 16 53.568 -1.784 3.545 54.046 0 3.545 53.558 -1.777 7.272 
3 16 54.034 0 7.272 53.558 -1.777 7.272 54.046 0 3.545 
3 16 54.046 0 3.545 53.568 1.784 3.545 54.034 0 7.272 
3 16 53.558 1.777 7.272 54.034 0 7.272 53.568 1.784 3.545 
3 16 53.568 1.784 3.545 52.262 3.09 3.545 53.558 1.777 7.272 
3 16 52.257 3.077 7.272 53.558 1.777 7.272 52.262 3.09 3.545 
3 16 52.262 3.09 3.545 50.477 3.568 3.545 52.257 3.077 7.272 
3 16 50.481 3.553 7.272 52.257 3.077 7.272 50.477 3.568 3.545 
3 16 50.477 3.568 3.545 48.693 3.09 3.545 50.481 3.553 7.272 
3 16 48.702 3.082 7.141 50.481 3.553 7.272 48.693 3.09 3.545 
3 16 29.507 2.081 20.405 39.026 1.995 19.713 29.507 2.265 13.345 
3 16 39.026 1.995 19.713 38.74 2.116 13.368 29.507 2.265 13.345 
3 16 50.486 -3.376 1.133 48.798 -2.924 1.133 50.482 -2.829 -1.22 
3 16 48.798 -2.924 1.133 49.067 -2.45 -1.22 50.482 -2.829 -1.22 
3 16 52.174 -2.924 1.133 50.486 -3.376 1.133 51.897 -2.45 -1.22 
3 16 50.486 -3.376 1.133 50.482 -2.829 -1.22 51.897 -2.45 -1.22 
3 16 53.41 -1.688 1.133 52.174 -2.924 1.133 52.932 -1.415 -1.22 
3 16 52.174 -2.924 1.133 51.897 -2.45 -1.22 52.932 -1.415 -1.22 
3 16 53.862 0 1.133 53.41 -1.688 1.133 53.311 0 -1.22 
3 16 53.41 -1.688 1.133 52.932 -1.415 -1.22 53.311 0 -1.22 
3 16 53.41 1.688 1.133 53.862 0 1.133 52.932 1.415 -1.22 
3 16 53.862 0 1.133 53.311 0 -1.22 52.932 1.415 -1.22 
3 16 52.174 2.924 1.133 53.41 1.688 1.133 51.897 2.45 -1.22 
3 16 53.41 1.688 1.133 52.932 1.415 -1.22 51.897 2.45 -1.22 
3 16 50.486 3.376 1.133 52.174 2.924 1.133 50.482 2.829 -1.22 
3 16 52.174 2.924 1.133 51.897 2.45 -1.22 50.482 2.829 -1.22 
3 16 48.798 2.924 1.133 50.486 3.376 1.133 49.067 2.45 -1.22 
3 16 50.486 3.376 1.133 50.482 2.829 -1.22 49.067 2.45 -1.22 
3 16 52.932 -1.415 -1.22 51.897 -2.45 -1.22 52.053 -0.908 -2.717 
3 16 51.897 -2.45 -1.22 51.389 -1.572 -2.717 52.053 -0.908 -2.717 
3 16 53.311 0 -1.22 52.932 -1.415 -1.22 52.296 0 -2.717 
3 16 52.932 -1.415 -1.22 52.053 -0.908 -2.717 52.296 0 -2.717 
3 16 52.932 1.415 -1.22 53.311 0 -1.22 52.053 0.908 -2.717 
3 16 53.311 0 -1.22 52.296 0 -2.717 52.053 0.908 -2.717 
3 16 51.897 2.45 -1.22 52.932 1.415 -1.22 51.389 1.572 -2.717 
3 16 51.389 1.572 -2.717 52.932 1.415 -1.22 52.053 0.908 -2.717 
3 16 50.482 2.829 -1.22 51.897 2.45 -1.22 50.481 1.816 -2.717 
3 16 51.897 2.45 -1.22 51.389 1.572 -2.717 50.481 1.816 -2.717 
3 16 49.067 2.45 -1.22 50.482 2.829 -1.22 49.573 1.572 -2.717 
3 16 49.573 1.572 -2.717 50.482 2.829 -1.22 50.481 1.816 -2.717 
3 16 48.052 1.425 -1.237 49.067 2.45 -1.22 48.908 0.908 -2.717 
3 16 48.908 0.908 -2.717 49.067 2.45 -1.22 49.573 1.572 -2.717 
3 16 47.636 -0.109 -1.121 48.052 1.425 -1.237 48.666 0.005 -2.717 
3 16 48.052 1.425 -1.237 48.908 0.908 -2.717 48.666 0.005 -2.717 
3 16 48.059 -1.399 -1.338 47.636 -0.109 -1.121 48.908 -0.908 -2.717 
3 16 47.636 -0.109 -1.121 48.666 0.005 -2.717 48.908 -0.908 -2.717 
3 16 49.067 -2.45 -1.22 48.059 -1.399 -1.338 49.573 -1.572 -2.717 
3 16 48.059 -1.399 -1.338 48.908 -0.908 -2.717 49.573 -1.572 -2.717 
3 16 50.482 -2.829 -1.22 49.067 -2.45 -1.22 50.481 -1.816 -2.717 
3 16 49.067 -2.45 -1.22 49.573 -1.572 -2.717 50.481 -1.816 -2.717 
3 16 51.897 -2.45 -1.22 50.482 -2.829 -1.22 51.389 -1.572 -2.717 
3 16 51.389 -1.572 -2.717 50.482 -2.829 -1.22 50.481 -1.816 -2.717 
3 16 48.242 0.032 21.963 48.487 -0.986 21.737 48.981 0 23.604 
3 16 48.981 0 23.604 48.487 -0.986 21.737 49.182 -0.75 23.604 
3 16 47.62 1.733 0.989 48.798 2.924 1.133 48.052 1.425 -1.237 
3 16 48.052 1.425 -1.237 48.798 2.924 1.133 49.067 2.45 -1.22 
3 16 47.247 -0.797 0.263 48.059 -1.399 -1.338 47.555 -1.68 0.877 
3 16 39.024 -1.947 19.883 29.507 -2.065 20.399 38.723 -2.048 13.353 
3 16 29.507 -2.065 20.399 29.507 -2.157 13.15 38.723 -2.048 13.353 
3 16 29.507 2.168 -1.206 38.563 1.951 -0.108 29.506 0.775 -2.228 
3 16 38.563 1.951 -0.108 38.345 0.572 -1.038 29.506 0.775 -2.228 
3 16 38.377 -0.503 -1.049 29.507 -0.208 -2.362 38.345 0.572 -1.038 
3 16 38.345 0.572 -1.038 29.507 -0.208 -2.362 29.506 0.775 -2.228 
3 16 38.531 -1.411 -0.578 29.507 -1.188 -2.088 38.377 -0.503 -1.049 
3 16 38.377 -0.503 -1.049 29.507 -1.188 -2.088 29.507 -0.208 -2.362 
3 16 38.692 -2.221 0.368 29.507 -2.178 -1.14 38.531 -1.411 -0.578 
3 16 38.531 -1.411 -0.578 29.507 -2.178 -1.14 29.507 -1.188 -2.088 
3 16 49.067 -2.45 -1.22 47.555 -1.68 0.877 48.059 -1.399 -1.338 
3 16 48.059 -1.399 -1.338 47.183 0.369 0.151 47.636 -0.109 -1.121 
3 16 39.026 1.995 19.713 29.507 2.081 20.405 38.966 1.465 20.719 
3 16 38.966 1.465 20.719 29.507 2.081 20.405 29.508 1.374 21.33 
3 16 38.772 0.332 21.449 29.507 0.009 21.909 38.843 -0.965 21.005 
3 16 38.843 -0.965 21.005 29.507 0.009 21.909 29.507 -1.246 21.392 
3 16 49.133 2.335 19.209 48.424 1.556 20.109 49.347 1.963 21.798 
3 16 49.347 1.963 21.798 48.424 1.556 20.109 48.513 1.124 21.754 
3 16 48.037 0.654 20.99 48.513 1.124 21.754 48.424 1.556 20.109 
3 16 48.179 -0.684 20.619 48.487 -0.986 21.737 48.242 0.032 21.963 
3 16 48.179 -0.684 20.619 49.347 -1.963 21.798 48.487 -0.986 21.737 
3 16 48.513 1.124 21.754 48.037 0.654 20.99 48.242 0.032 21.963 
3 16 48.037 0.654 20.99 48.179 -0.684 20.619 48.242 0.032 21.963 
3 16 49.347 -1.963 21.798 48.179 -0.684 20.619 49.133 -2.335 19.209 
3 16 51.197 0 24.273 50.97 0.489 24.273 50.778 0 24.357 
3 16 50.481 0.297 24.357 50.778 0 24.357 50.97 0.489 24.273 
3 16 50.481 0.297 24.357 50.97 0.489 24.273 50.481 0.716 24.273 
3 16 50.481 0.297 24.357 50.481 0.716 24.273 49.991 0.489 24.273 
3 16 49.764 0 24.273 50.184 0 24.357 49.991 0.489 24.273 
3 16 50.184 0 24.357 50.481 0.297 24.357 49.991 0.489 24.273 
3 16 49.764 0 24.273 49.991 -0.489 24.273 50.184 0 24.357 
3 16 50.481 -0.297 24.357 50.184 0 24.357 49.991 -0.489 24.273 
3 16 50.481 -0.297 24.357 49.991 -0.489 24.273 50.481 -0.716 24.273 
3 16 50.481 -0.297 24.357 50.481 -0.716 24.273 50.97 -0.489 24.273 
3 16 51.197 0 24.273 50.778 0 24.357 50.97 -0.489 24.273 
3 16 50.778 0 24.357 50.481 -0.297 24.357 50.97 -0.489 24.273 
3 16 50.97 -0.489 24.273 51.231 -1.299 23.604 51.78 -0.75 23.604 
3 16 51.981 0 23.604 51.197 0 24.273 51.78 -0.75 23.604 
3 16 51.197 0 24.273 50.97 -0.489 24.273 51.78 -0.75 23.604 
3 16 51.981 0 23.604 51.78 0.75 23.604 51.197 0 24.273 
3 16 50.97 0.489 24.273 51.197 0 24.273 51.78 0.75 23.604 
3 16 50.97 0.489 24.273 51.78 0.75 23.604 51.231 1.299 23.604 
3 16 50.481 1.5 23.604 50.481 0.716 24.273 51.231 1.299 23.604 
3 16 50.481 0.716 24.273 50.97 0.489 24.273 51.231 1.299 23.604 
3 16 50.481 1.5 23.604 49.731 1.299 23.604 50.481 0.716 24.273 
3 16 49.991 0.489 24.273 50.481 0.716 24.273 49.731 1.299 23.604 
3 16 49.991 0.489 24.273 49.731 1.299 23.604 49.182 0.75 23.604 
3 16 48.981 0 23.604 49.764 0 24.273 49.182 0.75 23.604 
3 16 49.764 0 24.273 49.991 0.489 24.273 49.182 0.75 23.604 
3 16 48.981 0 23.604 49.182 -0.75 23.604 49.764 0 24.273 
3 16 49.182 -0.75 23.604 49.991 -0.489 24.273 49.764 0 24.273 
3 16 49.991 -0.489 24.273 49.182 -0.75 23.604 49.731 -1.299 23.604 
3 16 50.481 -1.5 23.604 50.481 -0.716 24.273 49.731 -1.299 23.604 
3 16 50.481 -0.716 24.273 49.991 -0.489 24.273 49.731 -1.299 23.604 
3 16 50.481 -1.5 23.604 51.231 -1.299 23.604 50.481 -0.716 24.273 
3 16 50.97 -0.489 24.273 50.481 -0.716 24.273 51.231 -1.299 23.604 
3 16 50.481 0.297 24.357 50.481 0 24.38 50.778 0 24.357 
3 16 50.481 0.297 24.357 50.184 0 24.357 50.481 0 24.38 
3 16 50.481 0 24.38 50.184 0 24.357 50.481 -0.297 24.357 
3 16 50.481 0 24.38 50.481 -0.297 24.357 50.778 0 24.357 
3 16 38.723 -2.048 13.353 47.939 -1.938 13.613 39.024 -1.947 19.883 
3 16 47.939 -1.938 13.613 48.54 -1.829 19.366 39.024 -1.947 19.883 
3 16 48.54 -1.829 19.366 48.179 -0.684 20.619 39.024 -1.947 19.883 
3 16 48.179 -0.684 20.619 38.843 -0.965 21.005 39.024 -1.947 19.883 
3 16 38.843 -0.965 21.005 48.179 -0.684 20.619 38.772 0.332 21.449 
3 16 48.179 -0.684 20.619 48.037 0.654 20.99 38.772 0.332 21.449 
3 16 48.424 1.556 20.109 38.966 1.465 20.719 48.037 0.654 20.99 
3 16 48.037 0.654 20.99 38.966 1.465 20.719 38.772 0.332 21.449 
3 16 48.544 1.909 19.02 39.026 1.995 19.713 48.424 1.556 20.109 
3 16 48.424 1.556 20.109 39.026 1.995 19.713 38.966 1.465 20.719 
3 16 47.973 1.967 13.391 38.74 2.116 13.368 48.544 1.909 19.02 
3 16 38.74 2.116 13.368 39.026 1.995 19.713 48.544 1.909 19.02 
3 16 47.843 2.424 6.224 38.675 2.684 5.377 47.588 1.975 6.905 
3 16 47.588 1.975 6.905 38.675 2.684 5.377 38.548 2.144 6.13 
3 16 47.968 2.453 3.423 38.738 2.671 2.161 47.843 2.424 6.224 
3 16 38.675 2.684 5.377 47.843 2.424 6.224 38.738 2.671 2.161 
3 16 38.738 2.671 2.161 47.968 2.453 3.423 38.563 1.951 -0.108 
3 16 47.968 2.453 3.423 47.62 1.733 0.989 38.563 1.951 -0.108 
3 16 38.563 1.951 -0.108 47.62 1.733 0.989 38.345 0.572 -1.038 
3 16 47.62 1.733 0.989 47.183 0.369 0.151 38.345 0.572 -1.038 
3 16 47.247 -0.797 0.263 38.377 -0.503 -1.049 47.183 0.369 0.151 
3 16 47.183 0.369 0.151 38.377 -0.503 -1.049 38.345 0.572 -1.038 
3 16 47.555 -1.68 0.877 38.531 -1.411 -0.578 47.247 -0.797 0.263 
3 16 47.247 -0.797 0.263 38.531 -1.411 -0.578 38.377 -0.503 -1.049 
3 16 47.877 -2.265 1.875 38.692 -2.221 0.368 47.555 -1.68 0.877 
3 16 47.555 -1.68 0.877 38.692 -2.221 0.368 38.531 -1.411 -0.578 
3 16 47.965 -2.451 3.625 38.736 -2.67 2.495 47.877 -2.265 1.875 
3 16 47.877 -2.265 1.875 38.736 -2.67 2.495 38.692 -2.221 0.368 
3 16 38.736 -2.67 2.495 47.965 -2.451 3.625 38.684 -2.665 5.534 
3 16 47.965 -2.451 3.625 47.859 -2.415 6.387 38.684 -2.665 5.534 
3 16 47.859 -2.415 6.387 47.491 -2.015 6.75 38.684 -2.665 5.534 
3 16 47.491 -2.015 6.75 38.5 -2.132 6.141 38.684 -2.665 5.534 
3 16 29.508 -2.25 5.531 38.5 -2.132 6.141 29.507 -2.157 13.15 
3 16 38.5 -2.132 6.141 38.723 -2.048 13.353 29.507 -2.157 13.15 
3 16 38.5 -2.132 6.141 47.491 -2.015 6.75 38.723 -2.048 13.353 
3 16 47.491 -2.015 6.75 47.939 -1.938 13.613 38.723 -2.048 13.353 
3 16 47.491 -2.015 6.75 48.704 -3.077 7.272 47.939 -1.938 13.613 
3 16 48.704 -3.077 7.272 48.87 -2.791 13.573 47.939 -1.938 13.613 
3 16 48.704 -3.077 7.272 50.481 -3.553 7.272 48.87 -2.791 13.573 
3 16 50.481 -3.222 13.573 48.87 -2.791 13.573 50.481 -3.553 7.272 
3 16 50.481 -3.553 7.272 52.257 -3.077 7.272 50.481 -3.222 13.573 
3 16 52.092 -2.791 13.573 50.481 -3.222 13.573 52.257 -3.077 7.272 
3 16 52.257 -3.077 7.272 53.558 -1.777 7.272 52.092 -2.791 13.573 
3 16 53.271 -1.611 13.573 52.092 -2.791 13.573 53.558 -1.777 7.272 
3 16 53.558 -1.777 7.272 54.034 0 7.272 53.271 -1.611 13.573 
3 16 53.703 0 13.573 53.271 -1.611 13.573 54.034 0 7.272 
3 16 54.034 0 7.272 53.558 1.777 7.272 53.703 0 13.573 
3 16 53.271 1.611 13.573 53.703 0 13.573 53.558 1.777 7.272 
3 16 53.558 1.777 7.272 52.257 3.077 7.272 53.271 1.611 13.573 
3 16 52.092 2.791 13.573 53.271 1.611 13.573 52.257 3.077 7.272 
3 16 52.257 3.077 7.272 50.481 3.553 7.272 52.092 2.791 13.573 
3 16 50.481 3.222 13.573 52.092 2.791 13.573 50.481 3.553 7.272 
3 16 48.863 2.801 13.268 50.481 3.222 13.573 48.702 3.082 7.141 
3 16 48.702 3.082 7.141 50.481 3.222 13.573 50.481 3.553 7.272 
3 16 48.702 3.082 7.141 47.588 1.975 6.905 48.863 2.801 13.268 
3 16 47.588 1.975 6.905 47.973 1.967 13.391 48.863 2.801 13.268 
3 16 47.588 1.975 6.905 38.548 2.144 6.13 47.973 1.967 13.391 
3 16 38.74 2.116 13.368 47.973 1.967 13.391 38.548 2.144 6.13 
3 16 38.548 2.144 6.13 29.508 2.314 5.355 38.74 2.116 13.368 
3 16 29.507 2.265 13.345 38.74 2.116 13.368 29.508 2.314 5.355 
3 16 48.666 0.005 -2.717 48.908 0.908 -2.717 50.481 0 -3.255 
3 16 50.481 0 -3.255 52.296 0 -2.717 52.053 -0.908 -2.717 
3 16 0 0.046 -3.917 9.637 0.046 -3.917 0 -1.924 -3.39 
3 16 9.637 0.046 -3.917 9.638 -1.924 -3.39 0 -1.924 -3.39 
3 16 0 -1.924 -3.39 9.638 -1.924 -3.39 0 -3.366 -1.948 
3 16 9.638 -1.924 -3.39 9.639 -3.366 -1.948 0 -3.366 -1.948 
3 16 0 -3.366 -1.948 9.639 -3.366 -1.948 0 -3.894 0.022 
3 16 9.639 -3.366 -1.948 9.638 -3.894 0.022 0 -3.894 0.022 
3 16 0 -3.894 0.022 9.638 -3.894 0.022 0 -3.366 1.991 
3 16 9.638 -3.894 0.022 9.638 -3.366 1.991 0 -3.366 1.991 
3 16 0 -3.366 1.991 9.638 -3.366 1.991 0 -1.924 3.433 
3 16 9.638 -3.366 1.991 9.638 -1.924 3.433 0 -1.924 3.433 
3 16 0 -1.924 3.433 9.638 -1.924 3.433 0 0.046 3.961 
3 16 9.638 -1.924 3.433 9.638 0.046 3.961 0 0.046 3.961 
3 16 9.638 2.015 3.433 0 2.015 3.433 9.638 0.046 3.961 
3 16 0 2.015 3.433 0 0.046 3.961 9.638 0.046 3.961 
3 16 9.638 3.457 1.991 0 3.457 1.991 9.638 2.015 3.433 
3 16 0 3.457 1.991 0 2.015 3.433 9.638 2.015 3.433 
3 16 0 3.457 1.991 9.638 3.457 1.991 0 3.985 0.022 
3 16 9.638 3.457 1.991 9.638 3.985 0.022 0 3.985 0.022 
3 16 0 3.985 0.022 9.638 3.985 0.022 0 3.457 -1.948 
3 16 0 3.457 -1.948 9.638 3.985 0.022 9.638 3.457 -1.948 
3 16 0 2.015 -3.39 0 3.457 -1.948 9.638 3.457 -1.948 
3 16 9.638 2.015 -3.39 0 2.015 -3.39 9.638 3.457 -1.948 
3 16 9.637 0.046 -3.917 0 0.046 -3.917 9.638 2.015 -3.39 
3 16 0 0.046 -3.917 0 2.015 -3.39 9.638 2.015 -3.39 
3 16 0 -3.366 1.991 0 3.457 1.991 0 -3.894 0.022 
3 16 0 -1.924 3.433 0 2.015 3.433 0 -3.366 1.991 
3 16 0 2.015 3.433 0 -1.924 3.433 0 0.046 3.961 
3 16 0 3.457 1.991 0 -3.366 1.991 0 2.015 3.433 
3 16 0 3.457 1.991 0 3.985 0.022 0 -3.894 0.022 
3 16 0 -3.366 -1.948 0 -3.894 0.022 0 3.985 0.022 
3 16 0 -3.366 -1.948 0 3.985 0.022 0 3.457 -1.948 
3 16 0 2.015 -3.39 0 -1.924 -3.39 0 3.457 -1.948 
3 16 0 0.046 -3.917 0 -1.924 -3.39 0 2.015 -3.39 
3 16 0 3.457 -1.948 0 -1.924 -3.39 0 -3.366 -1.948 
2 24 9.645 1.633 23.391 9.645 2.769 22.095 
2 24 29.503 3.348 6.143 29.503 2.791 6.631 
2 24 29.503 3.432 2.434 29.503 3.348 6.143 
2 24 29.503 2.971 -1.767 29.503 3.432 2.434 
2 24 29.503 -1.404 22.762 29.503 -2.383 21.639 
2 24 29.503 2.4 21.664 29.503 1.457 22.736 
2 24 29.503 -2.872 6.485 29.503 -3.344 6.18 
2 24 29.503 -3.344 6.18 29.503 -3.39 1.066 
2 24 9.645 -2.664 22.094 9.648 -1.573 23.404 
2 24 9.648 -1.573 23.404 9.645 0.011 23.931 
2 24 9.645 0.011 23.931 9.645 1.633 23.391 
2 24 9.645 3.006 20.943 9.645 3.009 13.374 
2 24 9.645 -3.016 13.121 9.645 -2.954 20.954 
2 24 29.503 -2.63 20.6 29.503 -2.733 13.615 
2 24 29.503 2.709 13.393 29.503 2.652 20.599 
2 24 9.645 3.449 -4.058 9.645 3.975 0.022 
2 24 9.645 -3.859 4.643 19.574 -3.601 5.412 
2 24 9.645 -3.119 5.143 9.645 -3.859 4.643 
2 24 19.574 -2.996 5.814 9.645 -3.119 5.143 
2 24 9.645 -3.859 4.643 9.645 -3.959 -0.217 
2 24 9.645 -3.959 -0.217 9.645 -3.595 -3.575 
2 24 9.645 3.975 0.022 9.645 3.81 4.807 
2 24 9.645 3.81 4.807 19.574 3.579 5.475 
2 24 9.645 3.81 4.807 9.645 3.042 5.658 
2 24 9.645 3.042 5.658 19.574 2.917 6.145 
2 24 9.645 1.481 -5.942 9.645 3.449 -4.058 
2 24 9.645 -0.497 -6.2 9.645 1.481 -5.942 
2 24 29.503 -3.39 1.066 29.502 -3.092 -1.599 
2 24 29.502 1.28 -3.407 29.503 2.971 -1.767 
2 24 29.502 -3.092 -1.599 29.502 -2.04 -2.997 
2 24 29.502 -2.04 -2.997 29.502 -0.444 -3.657 
2 24 29.502 -0.444 -3.657 29.502 1.28 -3.407 
2 24 9.645 -2.322 -5.42 9.645 -0.497 -6.2 
2 24 9.645 -3.595 -3.575 9.645 -2.322 -5.42 
2 24 9.645 3.006 20.943 9.645 2.769 22.095 
2 24 9.645 -2.954 20.954 9.645 -2.664 22.094 
2 24 29.503 -2.383 21.639 29.503 -2.63 20.6 
2 24 29.503 2.652 20.599 29.503 2.4 21.664 
2 24 29.503 1.457 22.736 29.503 0.011 23.237 
2 24 29.503 0.011 23.237 29.503 -1.404 22.762 
2 24 29.503 3.348 6.143 19.574 3.579 5.475 
2 24 19.574 2.917 6.145 29.503 2.791 6.631 
2 24 19.574 -3.601 5.412 29.503 -3.344 6.18 
2 24 29.503 -2.872 6.485 19.574 -2.996 5.814 
2 24 9.645 3.009 13.374 9.645 3.042 5.658 
2 24 9.645 -3.119 5.143 9.645 -3.016 13.121 
2 24 29.503 -2.872 6.485 29.503 -2.733 13.615 
2 24 29.503 2.791 6.631 29.503 2.709 13.393 
2 24 29.509 -2.915 4.682 38.684 -2.665 5.534 
2 24 38.5 -2.132 6.141 29.508 -2.25 5.531 
2 24 29.508 -2.25 5.531 29.509 -2.915 4.682 
2 24 47.859 -2.415 6.387 47.965 -2.451 3.625 
2 24 29.507 -2.889 1.364 29.507 -2.178 -1.14 
2 24 29.509 -2.915 4.682 29.507 -2.889 1.364 
2 24 29.507 -1.246 21.392 29.507 -2.065 20.399 
2 24 29.508 1.374 21.33 29.507 0.009 21.909 
2 24 29.507 2.944 4.53 38.675 2.684 5.377 
2 24 29.507 2.889 0.899 29.507 2.944 4.53 
2 24 29.507 2.168 -1.206 29.507 2.889 0.899 
2 24 47.973 1.967 13.391 48.544 1.909 19.02 
2 24 47.843 2.424 6.224 47.588 1.975 6.905 
2 24 47.968 2.453 3.423 47.843 2.424 6.224 
2 24 47.62 1.733 0.989 47.968 2.453 3.423 
2 24 47.183 0.369 0.151 47.62 1.733 0.989 
2 24 47.247 -0.797 0.263 47.183 0.369 0.151 
2 24 47.877 -2.265 1.875 47.555 -1.68 0.877 
2 24 47.965 -2.451 3.625 47.877 -2.265 1.875 
2 24 47.491 -2.015 6.75 47.859 -2.415 6.387 
2 24 48.54 -1.829 19.366 47.939 -1.938 13.613 
2 24 48.179 -0.684 20.619 48.54 -1.829 19.366 
2 24 48.544 1.909 19.02 48.424 1.556 20.109 
2 24 29.507 2.944 4.53 29.508 2.314 5.355 
2 24 29.508 2.314 5.355 38.548 2.144 6.13 
2 24 29.507 2.265 13.345 29.507 2.081 20.405 
2 24 47.555 -1.68 0.877 47.247 -0.797 0.263 
2 24 29.507 -2.065 20.399 29.507 -2.157 13.15 
2 24 29.506 0.775 -2.228 29.507 2.168 -1.206 
2 24 29.507 -0.208 -2.362 29.506 0.775 -2.228 
2 24 29.507 -1.188 -2.088 29.507 -0.208 -2.362 
2 24 29.507 -2.178 -1.14 29.507 -1.188 -2.088 
2 24 29.507 2.081 20.405 29.508 1.374 21.33 
2 24 29.507 0.009 21.909 29.507 -1.246 21.392 
2 24 48.424 1.556 20.109 48.037 0.654 20.99 
2 24 48.037 0.654 20.99 48.179 -0.684 20.619 
2 24 47.843 2.424 6.224 38.675 2.684 5.377 
2 24 38.548 2.144 6.13 47.588 1.975 6.905 
2 24 47.859 -2.415 6.387 38.684 -2.665 5.534 
2 24 47.491 -2.015 6.75 38.5 -2.132 6.141 
2 24 29.507 -2.157 13.15 29.508 -2.25 5.531 
2 24 47.491 -2.015 6.75 47.939 -1.938 13.613 
2 24 47.588 1.975 6.905 47.973 1.967 13.391 
2 24 29.508 2.314 5.355 29.507 2.265 13.345 
2 24 0 -1.924 -3.39 0 0.046 -3.917 
2 24 9.637 0.046 -3.917 9.638 -1.924 -3.39 
2 24 0 -3.366 -1.948 0 -1.924 -3.39 
2 24 9.638 -1.924 -3.39 9.639 -3.366 -1.948 
2 24 0 -3.894 0.022 0 -3.366 -1.948 
2 24 9.639 -3.366 -1.948 9.638 -3.894 0.022 
2 24 0 -3.366 1.991 0 -3.894 0.022 
2 24 9.638 -3.894 0.022 9.638 -3.366 1.991 
2 24 0 -1.924 3.433 0 -3.366 1.991 
2 24 9.638 -3.366 1.991 9.638 -1.924 3.433 
2 24 0 0.046 3.961 0 -1.924 3.433 
2 24 9.638 -1.924 3.433 9.638 0.046 3.961 
2 24 9.638 0.046 3.961 9.638 2.015 3.433 
2 24 0 2.015 3.433 0 0.046 3.961 
2 24 9.638 2.015 3.433 9.638 3.457 1.991 
2 24 0 3.457 1.991 0 2.015 3.433 
2 24 0 3.985 0.022 0 3.457 1.991 
2 24 9.638 3.457 1.991 9.638 3.985 0.022 
2 24 0 3.457 -1.948 0 3.985 0.022 
2 24 9.638 3.985 0.022 9.638 3.457 -1.948 
2 24 0 2.015 -3.39 0 3.457 -1.948 
2 24 9.638 3.457 -1.948 9.638 2.015 -3.39 
2 24 9.638 2.015 -3.39 9.637 0.046 -3.917 
2 24 0 0.046 -3.917 0 2.015 -3.39 

