0 TRACK ELEMENT, 5x1,5 (Needs Work)
0 Name: 88323.dat
0 Author: <AuthorRealName> [<AuthorLDrawName>]
0 !LDRAW_ORG Unofficial_Part
0 !LICENSE Redistributable under CCAL version 2.0 : see CAreadme.txt

0 BFC CERTIFY CCW

0 !HISTORY 2013-08-14 {LEGO Digital Designer} Original part shape
0 !HISTORY 2013-08-14 [<AuthorLDrawName>] File preparation for LDraw Parts Tracker

0 // Needs Work: Clean necessary

0 // Outside
3 16 14.125 -3.464 2 14.125 -2 3.464 -14.125 -3.464 2 
3 16 14.125 -2 3.464 -14.125 -2 3.464 -14.125 -3.464 2 
3 16 14.125 -2 3.464 14.125 0 4 -14.125 -2 3.464 
3 16 14.125 0 4 -14.125 0 4 -14.125 -2 3.464 
3 16 14.125 0 4 14.125 2 3.464 -14.125 0 4 
3 16 14.125 2 3.464 -14.125 2 3.464 -14.125 0 4 
3 16 14.125 2 3.464 14.125 3.464 2 -14.125 2 3.464 
3 16 14.125 3.464 2 -14.125 3.464 2 -14.125 2 3.464 
3 16 14.125 3.464 2 14.125 4 0 -14.125 3.464 2 
3 16 14.125 4 0 -14.125 4 0 -14.125 3.464 2 
3 16 14.125 4 0 14.125 3.464 -2 -14.125 4 0 
3 16 14.125 3.464 -2 -14.125 3.464 -2 -14.125 4 0 
3 16 14.125 3.464 -2 14.125 2 -3.464 -14.125 3.464 -2 
3 16 14.125 2 -3.464 -14.125 2 -3.464 -14.125 3.464 -2 
3 16 14.125 2 -3.464 14.125 0 -4 -14.125 2 -3.464 
3 16 14.125 0 -4 -14.125 0 -4 -14.125 2 -3.464 
3 16 14.125 0 -4 14.125 -2 -3.464 -14.125 0 -4 
3 16 14.125 -2 -3.464 -14.125 -2 -3.464 -14.125 0 -4 
3 16 14.125 -2 -3.464 14.125 -3.464 -2 -14.125 -2 -3.464 
3 16 14.125 -3.464 -2 -14.125 -3.464 -2 -14.125 -2 -3.464 
3 16 14.125 -3.464 -2 14.125 -4 0 -14.125 -3.464 -2 
3 16 14.125 -4 0 -14.125 -4 0 -14.125 -3.464 -2 
3 16 14.125 -4 0 14.125 -3.464 2 -14.125 -4 0 
3 16 14.125 -3.464 2 -14.125 -3.464 2 -14.125 -4 0 
3 16 -8 5.4 18.019 -5.375 5.4 18.019 -8 5.4 15.519 
3 16 -5.375 5.4 18.019 -5.375 5.4 15.519 -8 5.4 15.519 
3 16 -8 -5.55 18.019 -5.375 -5.55 18.019 -8 5.4 18.019 
3 16 -5.375 -5.55 18.019 -5.375 5.4 18.019 -8 5.4 18.019 
3 16 -5.375 5.4 18.019 -5.375 -5.55 18.019 -5.375 -5.55 15.519 
3 16 -5.375 5.4 18.019 -5.375 -5.55 15.519 -5.375 5.4 15.519 
3 16 -8 5.4 15.519 -5.375 5.4 15.519 -8 -5.55 15.519 
3 16 -5.375 5.4 15.519 -5.375 -5.55 15.519 -8 -5.55 15.519 
3 16 -14.125 -13.35 8.144 -14.125 -13.35 5.394 -14.125 -9.6 8.144 
3 16 -14.125 -13.35 5.394 -14.125 -9.6 5.394 -14.125 -9.6 8.144 
3 16 -14.125 -9.6 5.394 -14.125 -13.35 5.394 -47.5 -9.6 5.394 
3 16 -14.125 -13.35 5.394 -45 -13.35 5.394 -47.5 -9.6 5.394 
3 16 -45 -13.35 8.144 -45 -13.35 5.394 -14.125 -13.35 8.144 
3 16 -45 -13.35 5.394 -14.125 -13.35 5.394 -14.125 -13.35 8.144 
3 16 -45 -13.35 8.144 -47.5 -9.6 8.144 -45 -13.35 5.394 
3 16 -47.5 -9.6 8.144 -47.5 -9.6 5.394 -45 -13.35 5.394 
3 16 -47.5 -9.6 8.144 -45 -13.35 8.144 -14.125 -9.6 8.144 
3 16 -45 -13.35 8.144 -14.125 -13.35 8.144 -14.125 -9.6 8.144 
3 16 8 5.4 18.019 8 5.4 15.519 5.375 5.4 18.019 
3 16 5.375 5.4 18.019 8 5.4 15.519 5.375 5.4 15.519 
3 16 8 -5.55 18.019 8 5.4 18.019 5.375 -5.55 18.019 
3 16 5.375 -5.55 18.019 8 5.4 18.019 5.375 5.4 18.019 
3 16 5.375 5.4 18.019 5.375 -5.55 15.519 5.375 -5.55 18.019 
3 16 5.375 5.4 18.019 5.375 5.4 15.519 5.375 -5.55 15.519 
3 16 8 5.4 15.519 8 -5.55 15.519 5.375 5.4 15.519 
3 16 5.375 5.4 15.519 8 -5.55 15.519 5.375 -5.55 15.519 
3 16 14.125 -13.35 8.144 14.125 -9.6 8.144 14.125 -13.35 5.394 
3 16 14.125 -9.6 8.144 14.125 -9.6 5.394 14.125 -13.35 5.394 
3 16 14.125 -9.6 5.394 47.5 -9.6 5.394 14.125 -13.35 5.394 
3 16 47.5 -9.6 5.394 45 -13.35 5.394 14.125 -13.35 5.394 
3 16 45 -13.35 8.144 14.125 -13.35 8.144 45 -13.35 5.394 
3 16 14.125 -13.35 8.144 14.125 -13.35 5.394 45 -13.35 5.394 
3 16 45 -13.35 8.144 45 -13.35 5.394 47.5 -9.6 8.144 
3 16 45 -13.35 5.394 47.5 -9.6 5.394 47.5 -9.6 8.144 
3 16 47.5 -9.6 8.144 14.125 -9.6 8.144 45 -13.35 8.144 
3 16 14.125 -9.6 8.144 14.125 -13.35 8.144 45 -13.35 8.144 
3 16 47.5 -9.6 28.144 45 -13.35 28.144 47.5 -9.6 25.394 
3 16 45 -13.35 28.144 47.5 -9.6 28.144 -45 -13.35 28.144 
3 16 47.5 -9.6 28.144 -47.5 -9.6 28.144 -45 -13.35 28.144 
3 16 47.5 -9.6 25.394 45 -13.35 28.144 45 -13.35 25.394 
3 16 -45 -13.35 25.394 45 -13.35 28.144 -45 -13.35 28.144 
3 16 45 -13.35 25.394 45 -13.35 28.144 -45 -13.35 25.394 
3 16 -45 -13.35 25.394 -45 -13.35 28.144 -47.5 -9.6 28.144 
3 16 -45 -13.35 25.394 -47.5 -9.6 25.394 45 -13.35 25.394 
3 16 -47.5 -9.6 25.394 47.5 -9.6 25.394 45 -13.35 25.394 
3 16 -45 -13.35 25.394 -47.5 -9.6 28.144 -47.5 -9.6 25.394 
3 16 -8 -5.55 24.413 -5.375 -5.55 23.5 -8 -5.55 9.519 
3 16 -8 -5.55 9.519 -5.375 -5.55 23.5 -5.375 -5.55 9.519 
3 16 -5.375 -5.55 9.519 -5.375 -5.55 23.5 -5.375 -6.677 15 
3 16 -5.375 -6.677 15 -5.375 -5.55 23.5 -5.375 -6.394 19.286 
3 16 -8 5.4 25.314 -8 -5.55 24.413 -8 5.4 9.519 
3 16 -8 -5.55 24.413 -8 -5.55 9.519 -8 5.4 9.519 
3 16 -8 -5.55 24.413 -8 5.4 25.314 -8 5.216 25.962 
3 16 -5.375 -5.55 9.519 -5.375 -6.677 15 -5.375 -6.213 9.519 
3 16 -5.375 -5.55 9.519 -5.375 -6.213 9.519 -8 -5.55 9.519 
3 16 -5.375 -6.213 9.519 -14.125 -9.6 9.519 -8 -5.55 9.519 
3 16 -9.903 5.4 22.116 -8 5.4 25.314 -9.5 5.4 21.144 
3 16 -9.5 5.4 21.144 -8 5.4 25.314 -8 5.4 9.519 
3 16 -9.5 5.4 11.519 -9.5 5.4 21.144 -8 5.4 9.519 
3 16 -8 4.566 26.558 -8 3.905 26.684 -8 1.962 26.514 
3 16 -8 1.962 26.514 -8 3.905 26.684 -13.625 1.962 26.514 
3 16 -8 3.905 26.684 -13.625 3.905 26.684 -13.625 1.962 26.514 
3 16 -8 4.566 26.558 -8 1.962 26.514 -8 5.216 25.962 
3 16 -13.625 4.566 26.558 -13.625 3.905 26.684 -8 4.566 26.558 
3 16 -13.625 3.905 26.684 -8 3.905 26.684 -8 4.566 26.558 
3 16 -8 4.566 26.558 -8 5.216 25.962 -13.625 4.566 26.558 
3 16 -8 5.216 25.962 -13.625 5.216 25.962 -13.625 4.566 26.558 
3 16 -8 1.962 26.514 -8 0 26 -8 5.216 25.962 
3 16 -13.625 5.4 25.314 -13.625 5.216 25.962 -8 5.4 25.314 
3 16 -13.625 5.216 25.962 -8 5.216 25.962 -8 5.4 25.314 
3 16 -8 -5.55 24.413 -8 5.216 25.962 -8 0 26 
3 16 -8 -7.271 26.974 -8 -5.55 24.413 -8 -2 26.536 
3 16 -8 0 26 -8 -2 26.536 -8 -5.55 24.413 
3 16 -8 -2 26.536 -8 -3.464 28 -8 -7.271 26.974 
3 16 -8 -4 30 -8 -7.875 30 -8 -7.271 26.974 
3 16 -8 -3.464 28 -8 -4 30 -8 -7.271 26.974 
3 16 -8 -7.875 30 -8 -3.464 32 -8 -7.875 36.818 
3 16 -8 -2 33.464 -8 -7.875 36.818 -8 -3.464 32 
3 16 -8 -4 30 -8 -3.464 32 -8 -7.875 30 
3 16 -8 2.706 38.688 -8 -3.112 38.551 -8 -7.875 36.818 
3 16 -13.625 -9.6 36.19 -8 -7.875 36.818 -13.625 -3.112 38.551 
3 16 -8 -7.875 36.818 -8 -3.112 38.551 -13.625 -3.112 38.551 
3 16 -8 3.951 37.765 -8 2.706 38.688 -8 -7.875 36.818 
3 16 -8 4.463 36.301 -8 3.951 37.765 -8 -2 33.464 
3 16 -8 3.951 37.765 -8 -7.875 36.818 -8 -2 33.464 
3 16 -8 2.706 38.688 -8 -1.199 39.021 -8 -3.112 38.551 
3 16 -13.625 -1.199 39.021 -13.625 -3.112 38.551 -8 -1.199 39.021 
3 16 -13.625 -3.112 38.551 -8 -3.112 38.551 -8 -1.199 39.021 
3 16 -8 2.706 38.688 -8 0.773 39.067 -8 -1.199 39.021 
3 16 -13.625 0.773 39.067 -13.625 -1.199 39.021 -8 0.773 39.067 
3 16 -13.625 -1.199 39.021 -8 -1.199 39.021 -8 0.773 39.067 
3 16 -13.625 2.706 38.688 -13.625 0.773 39.067 -8 2.706 38.688 
3 16 -13.625 0.773 39.067 -8 0.773 39.067 -8 2.706 38.688 
3 16 -13.625 3.951 37.765 -13.625 2.706 38.688 -8 3.951 37.765 
3 16 -13.625 2.706 38.688 -8 2.706 38.688 -8 3.951 37.765 
3 16 -13.625 4.463 36.301 -13.625 3.951 37.765 -8 4.463 36.301 
3 16 -13.625 3.951 37.765 -8 3.951 37.765 -8 4.463 36.301 
3 16 -8 4.463 36.301 -8 -2 33.464 -8 0 34 
3 16 -8 4.463 36.301 -8 0 34 -8 4.035 34.903 
3 16 -8 4.463 36.301 -8 4.035 34.903 -13.625 4.463 36.301 
3 16 -8 4.035 34.903 -13.625 4.035 34.903 -13.625 4.463 36.301 
3 16 -8 2.9 33.984 -8 4.035 34.903 -8 0 34 
3 16 -8 4.035 34.903 -8 2.9 33.984 -13.625 4.035 34.903 
3 16 -8 2.9 33.984 -13.625 2.9 33.984 -13.625 4.035 34.903 
3 16 -8 2.9 33.984 -8 0 34 -8 1.41 33.743 
3 16 -8 2.9 33.984 -8 1.41 33.743 -13.625 2.9 33.984 
3 16 -8 1.41 33.743 -13.625 1.41 33.743 -13.625 2.9 33.984 
3 16 -13.625 0 34 -13.625 1.41 33.743 -8 0 34 
3 16 -13.625 1.41 33.743 -8 1.41 33.743 -8 0 34 
3 16 -8 0 34 -8 -2 33.464 -13.625 0 34 
3 16 -8 -2 33.464 -13.625 -2 33.464 -13.625 0 34 
3 16 -8 -2 33.464 -8 -3.464 32 -13.625 -2 33.464 
3 16 -8 -3.464 32 -13.625 -3.464 32 -13.625 -2 33.464 
3 16 -8 -3.464 32 -8 -4 30 -13.625 -3.464 32 
3 16 -8 -4 30 -13.625 -4 30 -13.625 -3.464 32 
3 16 -13.625 -3.464 28 -13.625 -4 30 -8 -3.464 28 
3 16 -13.625 -4 30 -8 -4 30 -8 -3.464 28 
3 16 -13.625 -2 26.536 -13.625 -3.464 28 -8 -2 26.536 
3 16 -13.625 -3.464 28 -8 -3.464 28 -8 -2 26.536 
3 16 -8 -2 26.536 -8 0 26 -13.625 -2 26.536 
3 16 -8 0 26 -13.625 0 26 -13.625 -2 26.536 
3 16 -8 0 26 -8 1.962 26.514 -13.625 0 26 
3 16 -8 1.962 26.514 -13.625 1.962 26.514 -13.625 0 26 
3 16 -13.625 -9.6 36.19 -13.625 0 34 -13.625 -2 33.464 
3 16 -13.625 -9.6 36.19 -13.625 -2 33.464 -13.625 -3.464 32 
3 16 -13.625 -9.6 36.19 -13.625 -3.464 32 -13.625 -6.625 31.269 
3 16 -13.625 -3.464 32 -13.625 -4 30 -13.625 -6.625 31.269 
3 16 -13.625 -6.625 31.269 -13.625 -4 30 -13.625 -6.503 28.732 
3 16 -13.625 -6.503 28.732 -13.625 -4 30 -13.625 -3.464 28 
3 16 -13.625 -2 26.536 -13.625 -5.55 26.382 -13.625 -3.464 28 
3 16 -13.625 -6.503 28.732 -13.625 -3.464 28 -13.625 -5.55 26.382 
3 16 -13.625 0 26 -13.625 -5.55 18.326 -13.625 -2 26.536 
3 16 -13.625 -5.55 26.382 -13.625 -2 26.536 -13.625 -5.55 18.326 
3 16 -13.625 0 26 -13.625 5.216 25.962 -13.625 5.4 25.314 
3 16 -13.625 5.4 22.215 -13.625 -5.55 18.326 -13.625 0 26 
3 16 -13.625 0 26 -13.625 5.4 25.314 -13.625 5.4 22.215 
3 16 -13.625 0 26 -13.625 1.962 26.514 -13.625 5.216 25.962 
3 16 -13.625 1.962 26.514 -13.625 4.566 26.558 -13.625 5.216 25.962 
3 16 -13.625 1.962 26.514 -13.625 3.905 26.684 -13.625 4.566 26.558 
3 16 -13.625 -3.112 38.551 -13.625 -1.199 39.021 -13.625 0 34 
3 16 -13.625 2.706 38.688 -13.625 2.9 33.984 -13.625 1.41 33.743 
3 16 -13.625 1.41 33.743 -13.625 0 34 -13.625 0.773 39.067 
3 16 -13.625 0 34 -13.625 -1.199 39.021 -13.625 0.773 39.067 
3 16 -13.625 1.41 33.743 -13.625 0.773 39.067 -13.625 2.706 38.688 
3 16 -13.625 2.706 38.688 -13.625 3.951 37.765 -13.625 2.9 33.984 
3 16 -13.625 2.9 33.984 -13.625 3.951 37.765 -13.625 4.035 34.903 
3 16 -13.625 -9.6 36.19 -13.625 -3.112 38.551 -13.625 0 34 
3 16 -13.625 3.951 37.765 -13.625 4.463 36.301 -13.625 4.035 34.903 
3 16 -13.625 -6.625 31.269 -13.625 -9.6 31.269 -13.625 -9.6 36.19 
3 16 -14.125 -9.6 9.519 -11.5 5.4 9.519 -8 -5.55 9.519 
3 16 -8 5.4 9.519 -8 -5.55 9.519 -11.5 5.4 9.519 
3 16 -10.5 5.4 9.787 -8 5.4 9.519 -11.5 5.4 9.519 
3 16 -9.768 5.4 10.519 -9.5 5.4 11.519 -8 5.4 9.519 
3 16 -10.5 5.4 9.787 -9.768 5.4 10.519 -8 5.4 9.519 
3 16 -11.5 7.5 9.519 -11.5 5.4 9.519 -14.125 7.5 9.519 
3 16 -11.5 5.4 9.519 -14.125 -9.6 9.519 -14.125 7.5 9.519 
3 16 -11.5 5.4 9.519 -11.5 7.5 9.519 -10.5 5.4 9.787 
3 16 -11.5 7.5 9.519 -10.5 7.5 9.787 -10.5 5.4 9.787 
3 16 -14.125 7.5 9.519 -16.005 7.5 11.562 -11.5 7.5 9.519 
3 16 -16.005 7.5 11.562 -10.5 7.5 9.787 -11.5 7.5 9.519 
3 16 -14.125 7.5 9.519 -18.75 7.5 10.326 -16.005 7.5 11.562 
3 16 -14.125 7.5 9.519 -14.125 -9.6 9.519 -14.125 7.5 8.375 
3 16 -14.125 7.5 8.375 -14.125 -9.6 9.519 -14.125 6.052 -0.941 
3 16 -18.75 7.5 10.326 -14.125 7.5 9.519 -18.75 7.5 8.375 
3 16 -14.125 7.5 9.519 -14.125 7.5 8.375 -18.75 7.5 8.375 
3 16 -14.125 -9.6 2.269 -14.125 -6.125 2.269 -14.125 -9.6 9.519 
3 16 -14.125 -9.6 9.519 -14.125 -6.125 2.269 -14.125 6.052 -0.941 
3 16 -14.125 -9.6 2.269 -14.125 -9.6 9.519 -18.249 -9.6 8.144 
3 16 -14.125 -9.6 9.519 -10.75 -9.6 16.769 -18.249 -9.6 8.144 
3 16 -11.125 5.4 22.519 -13.625 5.4 22.215 -13.625 5.4 25.314 
3 16 -10.875 5.4 22.519 -11.125 5.4 22.519 -13.625 5.4 25.314 
3 16 -9.903 5.4 22.116 -10.875 5.4 22.519 -8 5.4 25.314 
3 16 -10.875 5.4 22.519 -13.625 5.4 25.314 -8 5.4 25.314 
3 16 -13.625 7.5 22.215 -13.625 5.4 22.215 -11.125 7.5 22.519 
3 16 -13.625 5.4 22.215 -11.125 5.4 22.519 -11.125 7.5 22.519 
3 16 -13.625 7.5 22.215 -13.625 7.5 18.326 -13.625 5.4 22.215 
3 16 -13.625 7.5 18.326 -13.625 -5.55 18.326 -13.625 5.4 22.215 
3 16 -11.125 5.4 22.519 -10.875 5.4 22.519 -11.125 7.5 22.519 
3 16 -10.875 5.4 22.519 -10.875 7.5 22.519 -11.125 7.5 22.519 
3 16 -10.875 7.5 22.519 -10.875 5.4 22.519 -9.903 7.5 22.116 
3 16 -10.875 5.4 22.519 -9.903 5.4 22.116 -9.903 7.5 22.116 
3 16 -9.903 5.4 22.116 -9.5 5.4 21.144 -9.903 7.5 22.116 
3 16 -9.903 7.5 22.116 -9.5 5.4 21.144 -9.5 7.5 21.144 
3 16 -9.5 7.5 21.144 -9.5 5.4 21.144 -9.5 7.5 11.519 
3 16 -9.5 5.4 21.144 -9.5 5.4 11.519 -9.5 7.5 11.519 
3 16 -9.5 7.5 11.519 -9.5 5.4 11.519 -9.768 7.5 10.519 
3 16 -9.5 5.4 11.519 -9.768 5.4 10.519 -9.768 7.5 10.519 
3 16 -9.768 5.4 10.519 -10.5 5.4 9.787 -9.768 7.5 10.519 
3 16 -10.5 5.4 9.787 -10.5 7.5 9.787 -9.768 7.5 10.519 
3 16 -13.625 -5.55 18.326 -13.625 7.5 18.326 -13.438 -5.55 16.822 
3 16 -13.625 7.5 18.326 -13.438 7.5 16.822 -13.438 -5.55 16.822 
3 16 -13.625 -5.55 18.326 -13.438 -5.55 16.822 -13.75 -5.55 16.769 
3 16 -9.5 7.5 21.144 -13.625 7.5 22.215 -9.903 7.5 22.116 
3 16 -13.625 7.5 22.215 -11.125 7.5 22.519 -9.903 7.5 22.116 
3 16 -9.5 7.5 21.144 -13.625 7.5 18.326 -13.625 7.5 22.215 
3 16 -13.625 7.5 18.326 -9.5 7.5 21.144 -13.438 7.5 16.822 
3 16 -9.5 7.5 11.519 -13.438 7.5 16.822 -9.5 7.5 21.144 
3 16 -9.903 7.5 22.116 -11.125 7.5 22.519 -10.875 7.5 22.519 
3 16 -13.625 -9.6 31.269 -13.625 -6.625 31.269 -47.5 -9.6 31.269 
3 16 -13.625 -6.625 31.269 -47.5 -6.625 31.269 -47.5 -9.6 31.269 
3 16 -13.625 -6.625 31.269 -13.625 -6.503 28.732 -47.5 -6.625 31.269 
3 16 -13.625 -6.503 28.732 -47.5 -6.503 28.732 -47.5 -6.625 31.269 
3 16 -13.625 -6.503 28.732 -13.625 -5.55 26.382 -47.5 -6.503 28.732 
3 16 -13.625 -5.55 26.382 -47.5 -5.55 26.382 -47.5 -6.503 28.732 
3 16 -23.125 -5.55 22.181 -47.5 -5.55 26.382 -20 -5.55 23.019 
3 16 -20 -5.55 23.019 -47.5 -5.55 26.382 -13.625 -5.55 26.382 
3 16 -16.875 -5.55 22.181 -20 -5.55 23.019 -13.625 -5.55 26.382 
3 16 -14.587 -5.55 19.894 -16.875 -5.55 22.181 -13.625 -5.55 26.382 
3 16 -13.75 -5.55 16.769 -14.587 -5.55 19.894 -13.625 -5.55 18.326 
3 16 -14.587 -5.55 19.894 -13.625 -5.55 26.382 -13.625 -5.55 18.326 
3 16 -16.005 -5.55 11.562 -16.005 7.5 11.562 -18.75 -5.55 10.326 
3 16 -16.005 7.5 11.562 -18.75 7.5 10.326 -18.75 -5.55 10.326 
3 16 -16.005 7.5 11.562 -9.768 7.5 10.519 -10.5 7.5 9.787 
3 16 -18.75 7.5 8.375 -18.75 -5.55 10.326 -18.75 7.5 10.326 
3 16 -9.5 7.5 11.519 -9.768 7.5 10.519 -14.103 7.5 13.889 
3 16 -14.103 7.5 13.889 -9.768 7.5 10.519 -16.005 7.5 11.562 
3 16 -14.103 -5.55 13.889 -14.103 7.5 13.889 -16.005 -5.55 11.562 
3 16 -14.103 7.5 13.889 -16.005 7.5 11.562 -16.005 -5.55 11.562 
3 16 -14.103 7.5 13.889 -14.103 -5.55 13.889 -13.438 7.5 16.822 
3 16 -14.103 -5.55 13.889 -13.438 -5.55 16.822 -13.438 7.5 16.822 
3 16 -9.5 7.5 11.519 -14.103 7.5 13.889 -13.438 7.5 16.822 
3 16 -14.587 -5.55 13.644 -13.75 -5.55 16.769 -14.103 -5.55 13.889 
3 16 -13.75 -5.55 16.769 -13.438 -5.55 16.822 -14.103 -5.55 13.889 
3 16 -14.103 -5.55 13.889 -16.005 -5.55 11.562 -14.587 -5.55 13.644 
3 16 -16.005 -5.55 11.562 -16.875 -5.55 11.356 -14.587 -5.55 13.644 
3 16 -16.005 -5.55 11.562 -18.75 -5.55 10.326 -16.875 -5.55 11.356 
3 16 -16.875 -5.55 11.356 -18.75 -5.55 10.326 -20 -5.55 10.519 
3 16 -18.75 -5.55 10.326 -18.75 7.5 8.375 -18.75 -5.55 2.269 
3 16 -18.75 -5.55 2.269 -18.75 7.5 8.375 -18.75 6.052 -0.941 
3 16 -18.75 -5.55 10.326 -18.75 -5.55 2.269 -20 -5.55 10.519 
3 16 -20 -5.55 10.519 -18.75 -5.55 2.269 -23.125 -5.55 11.356 
3 16 -18.75 -5.55 2.269 -47.5 -5.55 2.269 -23.125 -5.55 11.356 
3 16 -18.75 -6.125 2.269 -18.75 -5.55 2.269 -18.75 -6.125 0 
3 16 -18.75 -5.55 2.269 -18.75 6.052 -0.941 -18.75 -6.125 0 
3 16 -18.75 -5.55 2.269 -18.75 -6.125 2.269 -47.5 -5.55 2.269 
3 16 -18.75 -6.125 2.269 -47.5 -9.6 2.269 -47.5 -5.55 2.269 
3 16 -18.75 -6.125 2.269 -18.75 -6.125 0 -14.125 -6.125 2.269 
3 16 -18.75 -6.125 0 -14.125 -6.125 0 -14.125 -6.125 2.269 
3 16 -14.125 -6.125 2.269 -14.125 -9.6 2.269 -18.75 -6.125 2.269 
3 16 -47.5 -9.6 2.269 -18.75 -6.125 2.269 -14.125 -9.6 2.269 
3 16 -18.75 -6.125 0 -18.75 6.052 -0.941 -18.75 -5.288 -3.125 
3 16 -18.75 -5.288 -3.125 -18.75 6.052 -0.941 -18.75 5.538 -3.125 
3 16 -14.125 -5.288 -3.125 -14.125 -6.125 0 -18.75 -5.288 -3.125 
3 16 -14.125 -6.125 0 -18.75 -6.125 0 -18.75 -5.288 -3.125 
3 16 -18.75 -5.288 -3.125 -18.75 5.538 -3.125 -18.75 -3 -5.413 
3 16 -18.75 3.25 -5.413 -18.75 -3 -5.413 -18.75 5.538 -3.125 
3 16 -14.125 -3 -5.413 -14.125 -5.288 -3.125 -18.75 -3 -5.413 
3 16 -14.125 -5.288 -3.125 -18.75 -5.288 -3.125 -18.75 -3 -5.413 
3 16 -18.75 -3 -5.413 -18.75 3.25 -5.413 -18.75 0.125 -6.25 
3 16 -14.125 0.125 -6.25 -14.125 -3 -5.413 -18.75 0.125 -6.25 
3 16 -14.125 -3 -5.413 -18.75 -3 -5.413 -18.75 0.125 -6.25 
3 16 -14.125 3.25 -5.413 -14.125 0.125 -6.25 -18.75 3.25 -5.413 
3 16 -14.125 0.125 -6.25 -18.75 0.125 -6.25 -18.75 3.25 -5.413 
3 16 -14.125 5.538 -3.125 -14.125 3.25 -5.413 -18.75 5.538 -3.125 
3 16 -14.125 3.25 -5.413 -18.75 3.25 -5.413 -18.75 5.538 -3.125 
3 16 -14.125 6.052 -0.941 -14.125 5.538 -3.125 -18.75 6.052 -0.941 
3 16 -14.125 5.538 -3.125 -18.75 5.538 -3.125 -18.75 6.052 -0.941 
3 16 -14.125 7.5 8.375 -14.125 6.052 -0.941 -18.75 7.5 8.375 
3 16 -14.125 6.052 -0.941 -18.75 6.052 -0.941 -18.75 7.5 8.375 
3 16 -23.125 -5.55 22.181 -25.413 -5.55 19.894 -47.5 -5.55 26.382 
3 16 -25.413 -5.55 13.644 -23.125 -5.55 11.356 -47.5 -5.55 2.269 
3 16 -26.25 -5.55 16.769 -25.413 -5.55 13.644 -47.5 -5.55 2.269 
3 16 -25.413 -5.55 19.894 -26.25 -5.55 16.769 -47.5 -5.55 26.382 
3 16 -26.25 -5.55 16.769 -47.5 -5.55 2.269 -47.5 -5.55 26.382 
3 16 -14.125 -6.125 2.269 -14.125 -6.125 0 -14.125 -5.288 -3.125 
3 16 -14.125 -6.125 2.269 -14.125 -5.288 -3.125 -14.125 6.052 -0.941 
3 16 -14.125 6.052 -0.941 -14.125 -5.288 -3.125 -14.125 5.538 -3.125 
3 16 -14.125 5.538 -3.125 -14.125 -5.288 -3.125 -14.125 -3 -5.413 
3 16 -14.125 3.25 -5.413 -14.125 5.538 -3.125 -14.125 -3 -5.413 
3 16 -14.125 -3 -5.413 -14.125 0.125 -6.25 -14.125 3.25 -5.413 
3 16 -47.5 -9.6 31.269 -47.5 -6.503 28.732 -47.5 -9.6 2.269 
3 16 -47.5 -6.503 28.732 -47.5 -5.55 26.382 -47.5 -9.6 2.269 
3 16 -47.5 -5.55 26.382 -47.5 -5.55 2.269 -47.5 -9.6 2.269 
3 16 -47.5 -9.6 31.269 -47.5 -6.625 31.269 -47.5 -6.503 28.732 
3 16 -47.5 -9.6 31.269 -47.5 -9.6 2.269 -29.25 -9.6 16.769 
3 16 -29.25 -9.6 16.769 -20 -9.6 25.247 -47.5 -9.6 31.269 
3 16 -47.5 -9.6 2.269 -22.333 -9.6 8.144 -29.25 -9.6 16.769 
3 16 -16.875 -5.55 22.181 -16.875 -11.35 22.181 -20 -5.55 23.019 
3 16 -16.875 -11.35 22.181 -20 -11.35 23.019 -20 -5.55 23.019 
3 16 -16.875 -11.35 22.181 -16.875 -5.55 22.181 -14.587 -11.35 19.894 
3 16 -16.875 -5.55 22.181 -14.587 -5.55 19.894 -14.587 -11.35 19.894 
3 16 -14.587 -11.35 19.894 -14.587 -5.55 19.894 -13.75 -11.35 16.769 
3 16 -14.587 -5.55 19.894 -13.75 -5.55 16.769 -13.75 -11.35 16.769 
3 16 -13.75 -11.35 16.769 -13.75 -5.55 16.769 -14.587 -11.35 13.644 
3 16 -13.75 -5.55 16.769 -14.587 -5.55 13.644 -14.587 -11.35 13.644 
3 16 -14.587 -11.35 13.644 -14.587 -5.55 13.644 -16.875 -11.35 11.356 
3 16 -14.587 -5.55 13.644 -16.875 -5.55 11.356 -16.875 -11.35 11.356 
3 16 -20 -5.55 10.519 -20 -11.35 10.519 -16.875 -5.55 11.356 
3 16 -20 -11.35 10.519 -16.875 -11.35 11.356 -16.875 -5.55 11.356 
3 16 -23.125 -5.55 11.356 -23.125 -11.35 11.356 -20 -5.55 10.519 
3 16 -23.125 -11.35 11.356 -20 -11.35 10.519 -20 -5.55 10.519 
3 16 -25.413 -5.55 13.644 -25.413 -11.35 13.644 -23.125 -5.55 11.356 
3 16 -25.413 -11.35 13.644 -23.125 -11.35 11.356 -23.125 -5.55 11.356 
3 16 -25.413 -11.35 13.644 -25.413 -5.55 13.644 -26.25 -11.35 16.769 
3 16 -25.413 -5.55 13.644 -26.25 -5.55 16.769 -26.25 -11.35 16.769 
3 16 -26.25 -11.35 16.769 -26.25 -5.55 16.769 -25.413 -11.35 19.894 
3 16 -26.25 -5.55 16.769 -25.413 -5.55 19.894 -25.413 -11.35 19.894 
3 16 -25.413 -11.35 19.894 -25.413 -5.55 19.894 -23.125 -11.35 22.181 
3 16 -25.413 -5.55 19.894 -23.125 -5.55 22.181 -23.125 -11.35 22.181 
3 16 -23.125 -11.35 22.181 -23.125 -5.55 22.181 -20 -11.35 23.019 
3 16 -23.125 -5.55 22.181 -20 -5.55 23.019 -20 -11.35 23.019 
3 16 -13.625 -9.6 31.269 -10.75 -9.6 16.769 10.75 -9.6 16.769 
3 16 -10.75 -9.6 16.769 14.125 -9.6 9.519 10.75 -9.6 16.769 
3 16 -13.625 -9.6 31.269 -20 -9.6 25.247 -10.75 -9.6 16.769 
3 16 -10.75 -9.6 16.769 -14.125 -9.6 9.519 14.125 -9.6 9.519 
3 16 -14.125 -9.6 9.519 -5.375 -6.213 9.519 14.125 -9.6 9.519 
3 16 -18.249 -9.6 8.144 -22.333 -9.6 8.144 -14.125 -9.6 2.269 
3 16 -14.125 -9.6 2.269 -22.333 -9.6 8.144 -47.5 -9.6 2.269 
3 16 -13.625 -9.6 31.269 -47.5 -9.6 31.269 -20 -9.6 25.247 
3 16 8 -5.55 24.413 8 -5.55 9.519 5.375 -5.55 23.5 
3 16 8 -5.55 9.519 5.375 -5.55 9.519 5.375 -5.55 23.5 
3 16 5.375 -5.55 9.519 5.375 -6.677 15 5.375 -5.55 23.5 
3 16 5.375 -6.677 15 5.375 -6.394 19.286 5.375 -5.55 23.5 
3 16 -8 -7.271 26.974 8 -7.271 26.974 -8 -5.55 24.413 
3 16 -8 -5.55 24.413 8 -7.271 26.974 8 -5.55 24.413 
3 16 8 5.4 25.314 8 5.4 9.519 8 -5.55 24.413 
3 16 8 -5.55 24.413 8 5.4 9.519 8 -5.55 9.519 
3 16 8 -5.55 24.413 8 5.216 25.962 8 5.4 25.314 
3 16 5.375 -5.55 9.519 5.375 -6.213 9.519 5.375 -6.677 15 
3 16 5.375 -5.55 9.519 8 -5.55 9.519 5.375 -6.213 9.519 
3 16 5.375 -6.213 9.519 8 -5.55 9.519 14.125 -9.6 9.519 
3 16 9.903 5.4 22.116 9.5 5.4 21.144 8 5.4 25.314 
3 16 9.5 5.4 21.144 8 5.4 9.519 8 5.4 25.314 
3 16 9.5 5.4 11.519 8 5.4 9.519 9.5 5.4 21.144 
3 16 8 4.566 26.558 8 1.962 26.514 8 3.905 26.684 
3 16 8 1.962 26.514 13.625 1.962 26.514 8 3.905 26.684 
3 16 8 3.905 26.684 13.625 1.962 26.514 13.625 3.905 26.684 
3 16 8 4.566 26.558 8 5.216 25.962 8 1.962 26.514 
3 16 13.625 4.566 26.558 8 4.566 26.558 13.625 3.905 26.684 
3 16 13.625 3.905 26.684 8 4.566 26.558 8 3.905 26.684 
3 16 8 4.566 26.558 13.625 4.566 26.558 8 5.216 25.962 
3 16 8 5.216 25.962 13.625 4.566 26.558 13.625 5.216 25.962 
3 16 8 1.962 26.514 8 5.216 25.962 8 0 26 
3 16 13.625 5.4 25.314 8 5.4 25.314 13.625 5.216 25.962 
3 16 13.625 5.216 25.962 8 5.4 25.314 8 5.216 25.962 
3 16 8 -5.55 24.413 8 0 26 8 5.216 25.962 
3 16 8 -7.271 26.974 8 -2 26.536 8 -5.55 24.413 
3 16 8 0 26 8 -5.55 24.413 8 -2 26.536 
3 16 8 -2 26.536 8 -7.271 26.974 8 -3.464 28 
3 16 8 -4 30 8 -7.271 26.974 8 -7.875 30 
3 16 -8 -7.875 30 8 -7.875 30 -8 -7.271 26.974 
3 16 -8 -7.271 26.974 8 -7.875 30 8 -7.271 26.974 
3 16 8 -3.464 28 8 -7.271 26.974 8 -4 30 
3 16 8 -7.875 30 8 -7.875 36.818 8 -3.464 32 
3 16 8 -2 33.464 8 -3.464 32 8 -7.875 36.818 
3 16 8 -7.875 30 -8 -7.875 30 8 -7.875 36.818 
3 16 8 -7.875 36.818 -8 -7.875 30 -8 -7.875 36.818 
3 16 8 -4 30 8 -7.875 30 8 -3.464 32 
3 16 8 2.706 38.688 8 -7.875 36.818 8 -3.112 38.551 
3 16 13.625 -9.6 36.19 13.625 -3.112 38.551 8 -7.875 36.818 
3 16 8 -7.875 36.818 13.625 -3.112 38.551 8 -3.112 38.551 
3 16 8 3.951 37.765 8 -7.875 36.818 8 2.706 38.688 
3 16 8 4.463 36.301 8 -2 33.464 8 3.951 37.765 
3 16 8 3.951 37.765 8 -2 33.464 8 -7.875 36.818 
3 16 13.625 -9.6 36.19 8 -7.875 36.818 -13.625 -9.6 36.19 
3 16 -13.625 -9.6 36.19 8 -7.875 36.818 -8 -7.875 36.818 
3 16 8 2.706 38.688 8 -3.112 38.551 8 -1.199 39.021 
3 16 13.625 -1.199 39.021 8 -1.199 39.021 13.625 -3.112 38.551 
3 16 13.625 -3.112 38.551 8 -1.199 39.021 8 -3.112 38.551 
3 16 8 2.706 38.688 8 -1.199 39.021 8 0.773 39.067 
3 16 13.625 0.773 39.067 8 0.773 39.067 13.625 -1.199 39.021 
3 16 13.625 -1.199 39.021 8 0.773 39.067 8 -1.199 39.021 
3 16 13.625 2.706 38.688 8 2.706 38.688 13.625 0.773 39.067 
3 16 13.625 0.773 39.067 8 2.706 38.688 8 0.773 39.067 
3 16 13.625 3.951 37.765 8 3.951 37.765 13.625 2.706 38.688 
3 16 13.625 2.706 38.688 8 3.951 37.765 8 2.706 38.688 
3 16 13.625 4.463 36.301 8 4.463 36.301 13.625 3.951 37.765 
3 16 13.625 3.951 37.765 8 4.463 36.301 8 3.951 37.765 
3 16 8 4.463 36.301 8 0 34 8 -2 33.464 
3 16 8 4.463 36.301 8 4.035 34.903 8 0 34 
3 16 8 4.463 36.301 13.625 4.463 36.301 8 4.035 34.903 
3 16 8 4.035 34.903 13.625 4.463 36.301 13.625 4.035 34.903 
3 16 8 2.9 33.984 8 0 34 8 4.035 34.903 
3 16 8 4.035 34.903 13.625 4.035 34.903 8 2.9 33.984 
3 16 8 2.9 33.984 13.625 4.035 34.903 13.625 2.9 33.984 
3 16 8 2.9 33.984 8 1.41 33.743 8 0 34 
3 16 8 2.9 33.984 13.625 2.9 33.984 8 1.41 33.743 
3 16 8 1.41 33.743 13.625 2.9 33.984 13.625 1.41 33.743 
3 16 13.625 0 34 8 0 34 13.625 1.41 33.743 
3 16 13.625 1.41 33.743 8 0 34 8 1.41 33.743 
3 16 8 0 34 13.625 0 34 8 -2 33.464 
3 16 8 -2 33.464 13.625 0 34 13.625 -2 33.464 
3 16 8 -2 33.464 13.625 -2 33.464 8 -3.464 32 
3 16 8 -3.464 32 13.625 -2 33.464 13.625 -3.464 32 
3 16 8 -3.464 32 13.625 -3.464 32 8 -4 30 
3 16 8 -4 30 13.625 -3.464 32 13.625 -4 30 
3 16 13.625 -3.464 28 8 -3.464 28 13.625 -4 30 
3 16 13.625 -4 30 8 -3.464 28 8 -4 30 
3 16 13.625 -2 26.536 8 -2 26.536 13.625 -3.464 28 
3 16 13.625 -3.464 28 8 -2 26.536 8 -3.464 28 
3 16 8 -2 26.536 13.625 -2 26.536 8 0 26 
3 16 8 0 26 13.625 -2 26.536 13.625 0 26 
3 16 8 0 26 13.625 0 26 8 1.962 26.514 
3 16 8 1.962 26.514 13.625 0 26 13.625 1.962 26.514 
3 16 13.625 -9.6 36.19 13.625 -2 33.464 13.625 0 34 
3 16 13.625 -9.6 36.19 13.625 -3.464 32 13.625 -2 33.464 
3 16 13.625 -9.6 36.19 13.625 -6.625 31.269 13.625 -3.464 32 
3 16 13.625 -3.464 32 13.625 -6.625 31.269 13.625 -4 30 
3 16 13.625 -6.625 31.269 13.625 -6.503 28.732 13.625 -4 30 
3 16 13.625 -6.503 28.732 13.625 -3.464 28 13.625 -4 30 
3 16 13.625 -2 26.536 13.625 -3.464 28 13.625 -5.55 26.382 
3 16 13.625 -6.503 28.732 13.625 -5.55 26.382 13.625 -3.464 28 
3 16 13.625 0 26 13.625 -2 26.536 13.625 -5.55 18.326 
3 16 13.625 -5.55 26.382 13.625 -5.55 18.326 13.625 -2 26.536 
3 16 13.625 0 26 13.625 5.4 25.314 13.625 5.216 25.962 
3 16 13.625 5.4 22.215 13.625 0 26 13.625 -5.55 18.326 
3 16 13.625 0 26 13.625 5.4 22.215 13.625 5.4 25.314 
3 16 13.625 0 26 13.625 5.216 25.962 13.625 1.962 26.514 
3 16 13.625 1.962 26.514 13.625 5.216 25.962 13.625 4.566 26.558 
3 16 13.625 1.962 26.514 13.625 4.566 26.558 13.625 3.905 26.684 
3 16 13.625 -3.112 38.551 13.625 0 34 13.625 -1.199 39.021 
3 16 13.625 2.706 38.688 13.625 1.41 33.743 13.625 2.9 33.984 
3 16 13.625 1.41 33.743 13.625 0.773 39.067 13.625 0 34 
3 16 13.625 0 34 13.625 0.773 39.067 13.625 -1.199 39.021 
3 16 13.625 1.41 33.743 13.625 2.706 38.688 13.625 0.773 39.067 
3 16 13.625 2.706 38.688 13.625 2.9 33.984 13.625 3.951 37.765 
3 16 13.625 2.9 33.984 13.625 4.035 34.903 13.625 3.951 37.765 
3 16 13.625 -9.6 36.19 13.625 0 34 13.625 -3.112 38.551 
3 16 13.625 3.951 37.765 13.625 4.035 34.903 13.625 4.463 36.301 
3 16 -13.625 -9.6 31.269 13.625 -9.6 31.269 -13.625 -9.6 36.19 
3 16 -13.625 -9.6 36.19 13.625 -9.6 31.269 13.625 -9.6 36.19 
3 16 13.625 -6.625 31.269 13.625 -9.6 36.19 13.625 -9.6 31.269 
3 16 14.125 -9.6 9.519 8 -5.55 9.519 11.5 5.4 9.519 
3 16 8 5.4 9.519 11.5 5.4 9.519 8 -5.55 9.519 
3 16 10.5 5.4 9.787 11.5 5.4 9.519 8 5.4 9.519 
3 16 9.768 5.4 10.519 8 5.4 9.519 9.5 5.4 11.519 
3 16 10.5 5.4 9.787 8 5.4 9.519 9.768 5.4 10.519 
3 16 11.5 7.5 9.519 14.125 7.5 9.519 11.5 5.4 9.519 
3 16 11.5 5.4 9.519 14.125 7.5 9.519 14.125 -9.6 9.519 
3 16 11.5 5.4 9.519 10.5 5.4 9.787 11.5 7.5 9.519 
3 16 11.5 7.5 9.519 10.5 5.4 9.787 10.5 7.5 9.787 
3 16 14.125 7.5 9.519 11.5 7.5 9.519 16.005 7.5 11.562 
3 16 16.005 7.5 11.562 11.5 7.5 9.519 10.5 7.5 9.787 
3 16 14.125 7.5 9.519 16.005 7.5 11.562 18.75 7.5 10.326 
3 16 14.125 7.5 9.519 14.125 7.5 8.375 14.125 -9.6 9.519 
3 16 14.125 7.5 8.375 14.125 6.052 -0.941 14.125 -9.6 9.519 
3 16 18.75 7.5 10.326 18.75 7.5 8.375 14.125 7.5 9.519 
3 16 14.125 7.5 9.519 18.75 7.5 8.375 14.125 7.5 8.375 
3 16 14.125 -9.6 2.269 14.125 -9.6 9.519 14.125 -6.125 2.269 
3 16 14.125 -9.6 9.519 14.125 6.052 -0.941 14.125 -6.125 2.269 
3 16 14.125 -9.6 2.269 17.733 -9.6 8.144 14.125 -9.6 9.519 
3 16 14.125 -9.6 9.519 17.733 -9.6 8.144 10.75 -9.6 16.769 
3 16 11.125 5.4 22.519 13.625 5.4 25.314 13.625 5.4 22.215 
3 16 10.875 5.4 22.519 13.625 5.4 25.314 11.125 5.4 22.519 
3 16 9.903 5.4 22.116 8 5.4 25.314 10.875 5.4 22.519 
3 16 10.875 5.4 22.519 8 5.4 25.314 13.625 5.4 25.314 
3 16 13.625 7.5 22.215 11.125 7.5 22.519 13.625 5.4 22.215 
3 16 13.625 5.4 22.215 11.125 7.5 22.519 11.125 5.4 22.519 
3 16 13.625 7.5 22.215 13.625 5.4 22.215 13.625 7.5 18.326 
3 16 13.625 7.5 18.326 13.625 5.4 22.215 13.625 -5.55 18.326 
3 16 11.125 5.4 22.519 11.125 7.5 22.519 10.875 5.4 22.519 
3 16 10.875 5.4 22.519 11.125 7.5 22.519 10.875 7.5 22.519 
3 16 10.875 7.5 22.519 9.903 7.5 22.116 10.875 5.4 22.519 
3 16 10.875 5.4 22.519 9.903 7.5 22.116 9.903 5.4 22.116 
3 16 9.903 5.4 22.116 9.903 7.5 22.116 9.5 5.4 21.144 
3 16 9.903 7.5 22.116 9.5 7.5 21.144 9.5 5.4 21.144 
3 16 9.5 7.5 21.144 9.5 7.5 11.519 9.5 5.4 21.144 
3 16 9.5 5.4 21.144 9.5 7.5 11.519 9.5 5.4 11.519 
3 16 9.5 7.5 11.519 9.768 7.5 10.519 9.5 5.4 11.519 
3 16 9.5 5.4 11.519 9.768 7.5 10.519 9.768 5.4 10.519 
3 16 9.768 5.4 10.519 9.768 7.5 10.519 10.5 5.4 9.787 
3 16 10.5 5.4 9.787 9.768 7.5 10.519 10.5 7.5 9.787 
3 16 13.625 -5.55 18.326 13.438 -5.55 16.822 13.625 7.5 18.326 
3 16 13.625 7.5 18.326 13.438 -5.55 16.822 13.438 7.5 16.822 
3 16 13.625 -5.55 18.326 13.75 -5.55 16.769 13.438 -5.55 16.822 
3 16 9.5 7.5 21.144 9.903 7.5 22.116 13.625 7.5 22.215 
3 16 13.625 7.5 22.215 9.903 7.5 22.116 11.125 7.5 22.519 
3 16 9.5 7.5 21.144 13.625 7.5 22.215 13.625 7.5 18.326 
3 16 13.625 7.5 18.326 13.438 7.5 16.822 9.5 7.5 21.144 
3 16 9.5 7.5 11.519 9.5 7.5 21.144 13.438 7.5 16.822 
3 16 9.903 7.5 22.116 10.875 7.5 22.519 11.125 7.5 22.519 
3 16 13.625 -9.6 31.269 47.5 -9.6 31.269 13.625 -6.625 31.269 
3 16 13.625 -6.625 31.269 47.5 -9.6 31.269 47.5 -6.625 31.269 
3 16 13.625 -6.625 31.269 47.5 -6.625 31.269 13.625 -6.503 28.732 
3 16 13.625 -6.503 28.732 47.5 -6.625 31.269 47.5 -6.503 28.732 
3 16 13.625 -6.503 28.732 47.5 -6.503 28.732 13.625 -5.55 26.382 
3 16 13.625 -5.55 26.382 47.5 -6.503 28.732 47.5 -5.55 26.382 
3 16 23.125 -5.55 22.181 20 -5.55 23.019 47.5 -5.55 26.382 
3 16 20 -5.55 23.019 13.625 -5.55 26.382 47.5 -5.55 26.382 
3 16 16.875 -5.55 22.181 13.625 -5.55 26.382 20 -5.55 23.019 
3 16 14.587 -5.55 19.894 13.625 -5.55 26.382 16.875 -5.55 22.181 
3 16 13.75 -5.55 16.769 13.625 -5.55 18.326 14.587 -5.55 19.894 
3 16 14.587 -5.55 19.894 13.625 -5.55 18.326 13.625 -5.55 26.382 
3 16 16.005 -5.55 11.562 18.75 -5.55 10.326 16.005 7.5 11.562 
3 16 16.005 7.5 11.562 18.75 -5.55 10.326 18.75 7.5 10.326 
3 16 16.005 7.5 11.562 10.5 7.5 9.787 9.768 7.5 10.519 
3 16 18.75 7.5 8.375 18.75 7.5 10.326 18.75 -5.55 10.326 
3 16 9.5 7.5 11.519 14.103 7.5 13.889 9.768 7.5 10.519 
3 16 14.103 7.5 13.889 16.005 7.5 11.562 9.768 7.5 10.519 
3 16 14.103 -5.55 13.889 16.005 -5.55 11.562 14.103 7.5 13.889 
3 16 14.103 7.5 13.889 16.005 -5.55 11.562 16.005 7.5 11.562 
3 16 14.103 7.5 13.889 13.438 7.5 16.822 14.103 -5.55 13.889 
3 16 14.103 -5.55 13.889 13.438 7.5 16.822 13.438 -5.55 16.822 
3 16 9.5 7.5 11.519 13.438 7.5 16.822 14.103 7.5 13.889 
3 16 14.587 -5.55 13.644 14.103 -5.55 13.889 13.75 -5.55 16.769 
3 16 13.75 -5.55 16.769 14.103 -5.55 13.889 13.438 -5.55 16.822 
3 16 14.103 -5.55 13.889 14.587 -5.55 13.644 16.005 -5.55 11.562 
3 16 16.005 -5.55 11.562 14.587 -5.55 13.644 16.875 -5.55 11.356 
3 16 16.005 -5.55 11.562 16.875 -5.55 11.356 18.75 -5.55 10.326 
3 16 16.875 -5.55 11.356 20 -5.55 10.519 18.75 -5.55 10.326 
3 16 18.75 -5.55 10.326 18.75 -5.55 2.269 18.75 7.5 8.375 
3 16 18.75 -5.55 2.269 18.75 6.052 -0.941 18.75 7.5 8.375 
3 16 18.75 -5.55 10.326 20 -5.55 10.519 18.75 -5.55 2.269 
3 16 20 -5.55 10.519 23.125 -5.55 11.356 18.75 -5.55 2.269 
3 16 18.75 -5.55 2.269 23.125 -5.55 11.356 47.5 -5.55 2.269 
3 16 18.75 -6.125 2.269 18.75 -6.125 0 18.75 -5.55 2.269 
3 16 18.75 -5.55 2.269 18.75 -6.125 0 18.75 6.052 -0.941 
3 16 18.75 -5.55 2.269 47.5 -5.55 2.269 18.75 -6.125 2.269 
3 16 18.75 -6.125 2.269 47.5 -5.55 2.269 47.5 -9.6 2.269 
3 16 18.75 -6.125 2.269 14.125 -6.125 2.269 18.75 -6.125 0 
3 16 18.75 -6.125 0 14.125 -6.125 2.269 14.125 -6.125 0 
3 16 14.125 -6.125 2.269 18.75 -6.125 2.269 14.125 -9.6 2.269 
3 16 47.5 -9.6 2.269 14.125 -9.6 2.269 18.75 -6.125 2.269 
3 16 18.75 -6.125 0 18.75 5.538 -3.125 18.75 6.052 -0.941 
3 16 14.125 -5.288 -3.125 18.75 -5.288 -3.125 14.125 -6.125 0 
3 16 14.125 -6.125 0 18.75 -5.288 -3.125 18.75 -6.125 0 
3 16 18.75 -5.288 -3.125 18.75 3.25 -5.413 18.75 5.538 -3.125 
3 16 18.75 -3 -5.413 18.75 3.25 -5.413 18.75 -5.288 -3.125 
3 16 14.125 -3 -5.413 18.75 -3 -5.413 14.125 -5.288 -3.125 
3 16 14.125 -5.288 -3.125 18.75 -3 -5.413 18.75 -5.288 -3.125 
3 16 18.75 -3 -5.413 18.75 0.125 -6.25 18.75 3.25 -5.413 
3 16 14.125 0.125 -6.25 18.75 0.125 -6.25 14.125 -3 -5.413 
3 16 14.125 -3 -5.413 18.75 0.125 -6.25 18.75 -3 -5.413 
3 16 14.125 3.25 -5.413 18.75 3.25 -5.413 14.125 0.125 -6.25 
3 16 14.125 0.125 -6.25 18.75 3.25 -5.413 18.75 0.125 -6.25 
3 16 14.125 5.538 -3.125 18.75 5.538 -3.125 14.125 3.25 -5.413 
3 16 14.125 3.25 -5.413 18.75 5.538 -3.125 18.75 3.25 -5.413 
3 16 14.125 6.052 -0.941 18.75 6.052 -0.941 14.125 5.538 -3.125 
3 16 14.125 5.538 -3.125 18.75 6.052 -0.941 18.75 5.538 -3.125 
3 16 14.125 7.5 8.375 18.75 7.5 8.375 14.125 6.052 -0.941 
3 16 14.125 6.052 -0.941 18.75 7.5 8.375 18.75 6.052 -0.941 
3 16 23.125 -5.55 22.181 47.5 -5.55 26.382 25.413 -5.55 19.894 
3 16 25.413 -5.55 13.644 47.5 -5.55 2.269 23.125 -5.55 11.356 
3 16 26.25 -5.55 16.769 47.5 -5.55 2.269 25.413 -5.55 13.644 
3 16 25.413 -5.55 19.894 47.5 -5.55 26.382 26.25 -5.55 16.769 
3 16 26.25 -5.55 16.769 47.5 -5.55 26.382 47.5 -5.55 2.269 
3 16 14.125 -6.125 2.269 14.125 -5.288 -3.125 14.125 -6.125 0 
3 16 14.125 -6.125 2.269 14.125 6.052 -0.941 14.125 -5.288 -3.125 
3 16 14.125 -3 -5.413 14.125 -5.288 -3.125 14.125 5.538 -3.125 
3 16 14.125 3.25 -5.413 14.125 0.125 -6.25 14.125 -3 -5.413 
3 16 14.125 5.538 -3.125 14.125 -5.288 -3.125 14.125 6.052 -0.941 
3 16 14.125 -3 -5.413 14.125 5.538 -3.125 14.125 3.25 -5.413 
3 16 47.5 -9.6 31.269 47.5 -9.6 2.269 47.5 -6.503 28.732 
3 16 47.5 -6.503 28.732 47.5 -9.6 2.269 47.5 -5.55 26.382 
3 16 47.5 -5.55 26.382 47.5 -9.6 2.269 47.5 -5.55 2.269 
3 16 47.5 -9.6 31.269 47.5 -6.503 28.732 47.5 -6.625 31.269 
3 16 47.5 -9.6 31.269 29.25 -9.6 16.769 47.5 -9.6 2.269 
3 16 29.25 -9.6 16.769 47.5 -9.6 31.269 20 -9.6 25.353 
3 16 47.5 -9.6 2.269 29.25 -9.6 16.769 22.452 -9.6 8.144 
3 16 16.875 -5.55 22.181 20 -5.55 23.019 16.875 -11.35 22.181 
3 16 20 -5.55 23.019 20 -11.35 23.019 16.875 -11.35 22.181 
3 16 14.587 -5.55 19.894 16.875 -5.55 22.181 14.587 -11.35 19.894 
3 16 16.875 -5.55 22.181 16.875 -11.35 22.181 14.587 -11.35 19.894 
3 16 13.75 -5.55 16.769 14.587 -5.55 19.894 13.75 -11.35 16.769 
3 16 14.587 -5.55 19.894 14.587 -11.35 19.894 13.75 -11.35 16.769 
3 16 14.587 -5.55 13.644 13.75 -5.55 16.769 14.587 -11.35 13.644 
3 16 13.75 -5.55 16.769 13.75 -11.35 16.769 14.587 -11.35 13.644 
3 16 16.875 -5.55 11.356 14.587 -5.55 13.644 16.875 -11.35 11.356 
3 16 14.587 -5.55 13.644 14.587 -11.35 13.644 16.875 -11.35 11.356 
3 16 16.875 -11.35 11.356 20 -11.35 10.519 16.875 -5.55 11.356 
3 16 20 -11.35 10.519 20 -5.55 10.519 16.875 -5.55 11.356 
3 16 20 -11.35 10.519 23.125 -11.35 11.356 20 -5.55 10.519 
3 16 23.125 -11.35 11.356 23.125 -5.55 11.356 20 -5.55 10.519 
3 16 23.125 -11.35 11.356 25.413 -11.35 13.644 23.125 -5.55 11.356 
3 16 25.413 -11.35 13.644 25.413 -5.55 13.644 23.125 -5.55 11.356 
3 16 26.25 -5.55 16.769 25.413 -5.55 13.644 26.25 -11.35 16.769 
3 16 25.413 -5.55 13.644 25.413 -11.35 13.644 26.25 -11.35 16.769 
3 16 25.413 -5.55 19.894 26.25 -5.55 16.769 25.413 -11.35 19.894 
3 16 26.25 -5.55 16.769 26.25 -11.35 16.769 25.413 -11.35 19.894 
3 16 23.125 -5.55 22.181 25.413 -5.55 19.894 23.125 -11.35 22.181 
3 16 25.413 -5.55 19.894 25.413 -11.35 19.894 23.125 -11.35 22.181 
3 16 20 -5.55 23.019 23.125 -5.55 22.181 20 -11.35 23.019 
3 16 23.125 -5.55 22.181 23.125 -11.35 22.181 20 -11.35 23.019 
3 16 5.375 -6.213 9.519 14.125 -9.6 9.519 -5.375 -6.213 9.519 
3 16 -5.375 -6.677 15 5.375 -6.677 15 -5.375 -6.213 9.519 
3 16 -5.375 -6.213 9.519 5.375 -6.677 15 5.375 -6.213 9.519 
3 16 5.375 -6.677 15 -5.375 -6.677 15 5.375 -6.394 19.286 
3 16 5.375 -6.394 19.286 -5.375 -6.677 15 -5.375 -6.394 19.286 
3 16 5.375 -6.394 19.286 -5.375 -6.394 19.286 5.375 -5.55 23.5 
3 16 5.375 -5.55 23.5 -5.375 -6.394 19.286 -5.375 -5.55 23.5 
3 16 5.375 -5.55 23.5 -5.375 -5.55 23.5 8 -5.55 24.413 
3 16 8 -5.55 24.413 -5.375 -5.55 23.5 -8 -5.55 24.413 
3 16 17.733 -9.6 8.144 14.125 -9.6 2.269 22.452 -9.6 8.144 
3 16 14.125 -9.6 2.269 47.5 -9.6 2.269 22.452 -9.6 8.144 
3 16 13.625 -9.6 31.269 20 -9.6 25.353 47.5 -9.6 31.269 
3 16 20 -9.6 25.353 13.625 -9.6 31.269 10.75 -9.6 16.769 
3 16 13.625 -9.6 31.269 -13.625 -9.6 31.269 10.75 -9.6 16.769 
3 16 18.75 -5.288 -3.125 18.75 5.538 -3.125 18.75 -6.125 0 
3 16 -12.25 -11.35 16.769 -13.75 -11.35 16.769 -13.288 -11.35 12.894 
3 16 -13.288 -11.35 12.894 -13.75 -11.35 16.769 -14.587 -11.35 13.644 
3 16 -13.288 -11.35 12.894 -14.587 -11.35 13.644 -16.125 -11.35 10.057 
3 16 -14.587 -11.35 13.644 -16.875 -11.35 11.356 -16.125 -11.35 10.057 
3 16 -20 -11.35 9.019 -16.125 -11.35 10.057 -16.875 -11.35 11.356 
3 16 -26.25 -11.35 16.769 -27.75 -11.35 16.769 -25.413 -11.35 13.644 
3 16 -26.712 -11.35 12.894 -25.413 -11.35 13.644 -27.75 -11.35 16.769 
3 16 -25.413 -11.35 13.644 -26.712 -11.35 12.894 -23.125 -11.35 11.356 
3 16 -23.125 -11.35 11.356 -23.875 -11.35 10.057 -20 -11.35 10.519 
3 16 -20 -11.35 9.019 -16.875 -11.35 11.356 -20 -11.35 10.519 
3 16 -23.125 -11.35 11.356 -26.712 -11.35 12.894 -23.875 -11.35 10.057 
3 16 -20 -11.35 10.519 -23.875 -11.35 10.057 -20 -11.35 9.019 
3 16 -26.712 -13.35 12.894 -26.712 -11.35 12.894 -27.75 -13.35 16.769 
3 16 -26.712 -11.35 12.894 -27.75 -11.35 16.769 -27.75 -13.35 16.769 
3 16 -23.875 -13.35 10.057 -23.875 -11.35 10.057 -26.712 -13.35 12.894 
3 16 -23.875 -11.35 10.057 -26.712 -11.35 12.894 -26.712 -13.35 12.894 
3 16 -20 -13.35 9.019 -20 -11.35 9.019 -23.875 -13.35 10.057 
3 16 -20 -11.35 9.019 -23.875 -11.35 10.057 -23.875 -13.35 10.057 
3 16 -16.125 -13.35 10.057 -16.125 -11.35 10.057 -20 -13.35 9.019 
3 16 -16.125 -11.35 10.057 -20 -11.35 9.019 -20 -13.35 9.019 
3 16 -13.288 -13.35 12.894 -13.288 -11.35 12.894 -16.125 -13.35 10.057 
3 16 -13.288 -11.35 12.894 -16.125 -11.35 10.057 -16.125 -13.35 10.057 
3 16 -12.25 -13.35 16.769 -12.25 -11.35 16.769 -13.288 -13.35 12.894 
3 16 -12.25 -11.35 16.769 -13.288 -11.35 12.894 -13.288 -13.35 12.894 
3 16 -10.75 -9.6 16.769 -10.75 -13.35 16.769 -11.989 -13.35 12.144 
3 16 -12.25 -13.35 16.769 -11.989 -13.35 12.144 -10.75 -13.35 16.769 
3 16 -11.989 -13.35 12.144 -11.989 -9.6 12.144 -10.75 -9.6 16.769 
3 16 -15.375 -13.35 8.758 -11.989 -9.6 12.144 -11.989 -13.35 12.144 
3 16 -12.25 -13.35 16.769 -13.288 -13.35 12.894 -11.989 -13.35 12.144 
3 16 -13.288 -13.35 12.894 -15.375 -13.35 8.758 -11.989 -13.35 12.144 
3 16 -15.375 -13.35 8.758 -15.375 -9.6 8.758 -11.989 -9.6 12.144 
3 16 -13.288 -13.35 12.894 -16.125 -13.35 10.057 -15.375 -13.35 8.758 
3 16 -17.667 -9.6 8.144 -15.375 -9.6 8.758 -17.667 -13.35 8.144 
3 16 -15.375 -9.6 8.758 -15.375 -13.35 8.758 -17.667 -13.35 8.144 
3 16 -15.375 -13.35 8.758 -16.125 -13.35 10.057 -17.667 -13.35 8.144 
3 16 -16.125 -13.35 10.057 -20 -13.35 9.019 -17.667 -13.35 8.144 
3 16 -22.333 -13.35 8.144 -24.625 -13.35 8.758 -22.333 -9.6 8.144 
3 16 -24.625 -13.35 8.758 -24.625 -9.6 8.758 -22.333 -9.6 8.144 
3 16 -24.625 -13.35 8.758 -22.333 -13.35 8.144 -23.875 -13.35 10.057 
3 16 -23.875 -13.35 10.057 -22.333 -13.35 8.144 -20 -13.35 9.019 
3 16 -17.667 -13.35 8.144 -20 -13.35 9.019 -22.333 -13.35 8.144 
3 16 -23.875 -13.35 10.057 -28.011 -13.35 12.144 -24.625 -13.35 8.758 
3 16 -26.712 -13.35 12.894 -29.25 -13.35 16.769 -28.011 -13.35 12.144 
3 16 -28.011 -13.35 12.144 -28.011 -9.6 12.144 -24.625 -13.35 8.758 
3 16 -28.011 -9.6 12.144 -24.625 -9.6 8.758 -24.625 -13.35 8.758 
3 16 -28.011 -13.35 12.144 -23.875 -13.35 10.057 -26.712 -13.35 12.894 
3 16 -29.25 -9.6 16.769 -28.011 -9.6 12.144 -29.25 -13.35 16.769 
3 16 -28.011 -9.6 12.144 -28.011 -13.35 12.144 -29.25 -13.35 16.769 
3 16 -29.25 -13.35 16.769 -26.712 -13.35 12.894 -27.75 -13.35 16.769 
3 16 -13.75 -11.35 16.769 -12.25 -11.35 16.769 -14.587 -11.35 19.894 
3 16 -12.25 -11.35 16.769 -13.288 -11.35 20.644 -14.587 -11.35 19.894 
3 16 -14.587 -11.35 19.894 -13.288 -11.35 20.644 -16.875 -11.35 22.181 
3 16 -13.288 -11.35 20.644 -16.125 -11.35 23.48 -16.875 -11.35 22.181 
3 16 -16.125 -11.35 23.48 -20 -11.35 23.019 -16.875 -11.35 22.181 
3 16 -25.413 -11.35 19.894 -26.712 -11.35 20.644 -26.25 -11.35 16.769 
3 16 -26.25 -11.35 16.769 -26.712 -11.35 20.644 -27.75 -11.35 16.769 
3 16 -26.712 -11.35 20.644 -25.413 -11.35 19.894 -23.875 -11.35 23.48 
3 16 -23.875 -11.35 23.48 -23.125 -11.35 22.181 -20 -11.35 24.519 
3 16 -20 -11.35 24.519 -23.125 -11.35 22.181 -20 -11.35 23.019 
3 16 -25.413 -11.35 19.894 -23.125 -11.35 22.181 -23.875 -11.35 23.48 
3 16 -20 -11.35 24.519 -20 -11.35 23.019 -16.125 -11.35 23.48 
3 16 -26.712 -11.35 20.644 -26.712 -13.35 20.644 -27.75 -11.35 16.769 
3 16 -26.712 -13.35 20.644 -27.75 -13.35 16.769 -27.75 -11.35 16.769 
3 16 -23.875 -11.35 23.48 -23.875 -13.35 23.48 -26.712 -11.35 20.644 
3 16 -23.875 -13.35 23.48 -26.712 -13.35 20.644 -26.712 -11.35 20.644 
3 16 -20 -11.35 24.519 -20 -13.35 24.519 -23.875 -11.35 23.48 
3 16 -20 -13.35 24.519 -23.875 -13.35 23.48 -23.875 -11.35 23.48 
3 16 -16.125 -11.35 23.48 -16.125 -13.35 23.48 -20 -11.35 24.519 
3 16 -16.125 -13.35 23.48 -20 -13.35 24.519 -20 -11.35 24.519 
3 16 -13.288 -11.35 20.644 -13.288 -13.35 20.644 -16.125 -11.35 23.48 
3 16 -13.288 -13.35 20.644 -16.125 -13.35 23.48 -16.125 -11.35 23.48 
3 16 -12.25 -11.35 16.769 -12.25 -13.35 16.769 -13.288 -11.35 20.644 
3 16 -12.25 -13.35 16.769 -13.288 -13.35 20.644 -13.288 -11.35 20.644 
3 16 -10.75 -9.6 16.769 -11.989 -13.35 21.394 -10.75 -13.35 16.769 
3 16 -13.288 -13.35 20.644 -12.25 -13.35 16.769 -10.75 -13.35 16.769 
3 16 -11.989 -13.35 21.394 -10.75 -9.6 16.769 -11.989 -9.6 21.394 
3 16 -15.375 -13.35 24.779 -11.989 -13.35 21.394 -11.989 -9.6 21.394 
3 16 -13.288 -13.35 20.644 -10.75 -13.35 16.769 -11.989 -13.35 21.394 
3 16 -13.288 -13.35 20.644 -11.989 -13.35 21.394 -16.125 -13.35 23.48 
3 16 -15.375 -13.35 24.779 -11.989 -9.6 21.394 -15.375 -9.6 24.779 
3 16 -16.125 -13.35 23.48 -11.989 -13.35 21.394 -15.375 -13.35 24.779 
3 16 -17.667 -9.6 25.394 -17.667 -13.35 25.394 -15.375 -9.6 24.779 
3 16 -17.667 -13.35 25.394 -15.375 -13.35 24.779 -15.375 -9.6 24.779 
3 16 -15.375 -13.35 24.779 -17.667 -13.35 25.394 -16.125 -13.35 23.48 
3 16 -16.125 -13.35 23.48 -17.667 -13.35 25.394 -20 -13.35 24.519 
3 16 -17.667 -13.35 25.394 -22.333 -13.35 25.394 -20 -13.35 24.519 
3 16 -22.333 -13.35 25.394 -22.333 -9.6 25.394 -24.625 -13.35 24.779 
3 16 -22.333 -9.6 25.394 -24.625 -9.6 24.779 -24.625 -13.35 24.779 
3 16 -24.625 -13.35 24.779 -23.875 -13.35 23.48 -22.333 -13.35 25.394 
3 16 -23.875 -13.35 23.48 -20 -13.35 24.519 -22.333 -13.35 25.394 
3 16 -26.712 -13.35 20.644 -23.875 -13.35 23.48 -24.625 -13.35 24.779 
3 16 -27.75 -13.35 16.769 -26.712 -13.35 20.644 -28.011 -13.35 21.394 
3 16 -28.011 -13.35 21.394 -24.625 -13.35 24.779 -28.011 -9.6 21.394 
3 16 -24.625 -13.35 24.779 -24.625 -9.6 24.779 -28.011 -9.6 21.394 
3 16 -24.625 -13.35 24.779 -28.011 -13.35 21.394 -26.712 -13.35 20.644 
3 16 -29.25 -9.6 16.769 -29.25 -13.35 16.769 -28.011 -9.6 21.394 
3 16 -29.25 -13.35 16.769 -28.011 -13.35 21.394 -28.011 -9.6 21.394 
3 16 -28.011 -13.35 21.394 -29.25 -13.35 16.769 -27.75 -13.35 16.769 
3 16 -5.499 -9.6 19.944 -6.097 -9.6 18.144 -5.499 -10.85 19.944 
3 16 -5.499 -10.85 19.944 -6.097 -9.6 18.144 -6.097 -10.85 18.144 
3 16 -5.499 -10.85 19.944 -3.175 -10.85 22.268 -5.499 -9.6 19.944 
3 16 -5.499 -9.6 19.944 -3.175 -10.85 22.268 -3.175 -9.6 22.268 
3 16 -3.175 -10.85 22.268 0 -10.85 23.119 -3.175 -9.6 22.268 
3 16 -3.175 -9.6 22.268 0 -10.85 23.119 0 -9.6 23.119 
3 16 -5.499 -10.85 13.594 -6.097 -10.85 15.394 -5.499 -9.6 13.594 
3 16 -5.499 -9.6 13.594 -6.097 -10.85 15.394 -6.097 -9.6 15.394 
3 16 -5 -10.85 16.769 -6.097 -10.85 15.394 -4.33 -10.85 14.269 
3 16 -5.499 -10.85 13.594 -4.33 -10.85 14.269 -6.097 -10.85 15.394 
3 16 -4.33 -10.85 14.269 -3.175 -10.85 11.269 -2.5 -10.85 12.439 
3 16 -5.499 -9.6 13.594 -3.175 -9.6 11.269 -5.499 -10.85 13.594 
3 16 -5.499 -10.85 13.594 -3.175 -9.6 11.269 -3.175 -10.85 11.269 
3 16 -5.499 -10.85 13.594 -3.175 -10.85 11.269 -4.33 -10.85 14.269 
3 16 -2.5 -10.85 12.439 -3.175 -10.85 11.269 0 -10.85 10.419 
3 16 0 -9.6 10.419 -3.175 -10.85 11.269 -3.175 -9.6 11.269 
3 16 0 -9.6 10.419 0 -10.85 10.419 -3.175 -10.85 11.269 
3 16 -3.175 -10.85 22.268 0 -10.85 21.769 0 -10.85 23.119 
3 16 0 -10.85 21.769 -3.175 -10.85 22.268 -2.5 -10.85 21.099 
3 16 -4.33 -10.85 19.269 -2.5 -10.85 21.099 -5.499 -10.85 19.944 
3 16 -3.175 -10.85 22.268 -5.499 -10.85 19.944 -2.5 -10.85 21.099 
3 16 0 -10.85 11.769 0 -10.1 11.769 -2.5 -10.85 12.439 
3 16 -2.5 -10.85 12.439 0 -10.1 11.769 -2.5 -10.1 12.439 
3 16 -2.5 -10.85 12.439 -2.5 -10.1 12.439 -4.33 -10.85 14.269 
3 16 -4.33 -10.85 14.269 -2.5 -10.1 12.439 -4.33 -10.1 14.269 
3 16 -4.33 -10.85 14.269 -4.33 -10.1 14.269 -5 -10.85 16.769 
3 16 -5 -10.85 16.769 -4.33 -10.1 14.269 -5 -10.1 16.769 
3 16 -5 -10.85 16.769 -5 -10.1 16.769 -4.33 -10.85 19.269 
3 16 -4.33 -10.85 19.269 -5 -10.1 16.769 -4.33 -10.1 19.269 
3 16 -4.33 -10.85 19.269 -4.33 -10.1 19.269 -2.5 -10.85 21.099 
3 16 -2.5 -10.85 21.099 -4.33 -10.1 19.269 -2.5 -10.1 21.099 
3 16 -2.5 -10.85 21.099 -2.5 -10.1 21.099 0 -10.85 21.769 
3 16 0 -10.85 21.769 -2.5 -10.1 21.099 0 -10.1 21.769 
3 16 -2.5 -10.85 12.439 0 -10.85 10.419 0 -10.85 11.769 
3 16 0 -10.1 21.769 -2.5 -10.1 21.099 0 -10.1 11.769 
3 16 0 -10.1 11.769 -2.5 -10.1 21.099 -2.5 -10.1 12.439 
3 16 -2.5 -10.1 21.099 -4.33 -10.1 19.269 -2.5 -10.1 12.439 
3 16 -4.33 -10.1 19.269 -4.33 -10.1 14.269 -2.5 -10.1 12.439 
3 16 -4.33 -10.1 14.269 -4.33 -10.1 19.269 -5 -10.1 16.769 
3 16 -5 -10.85 16.769 -4.33 -10.85 19.269 -6.097 -10.85 18.144 
3 16 -4.33 -10.85 19.269 -5.499 -10.85 19.944 -6.097 -10.85 18.144 
3 16 -6.097 -10.85 18.144 -6.097 -10.85 15.394 -5 -10.85 16.769 
3 16 5.499 -9.6 13.594 6.097 -9.6 15.394 5.499 -10.85 13.594 
3 16 5.499 -10.85 13.594 6.097 -9.6 15.394 6.097 -10.85 15.394 
3 16 5.499 -10.85 13.594 3.175 -10.85 11.269 5.499 -9.6 13.594 
3 16 5.499 -9.6 13.594 3.175 -10.85 11.269 3.175 -9.6 11.269 
3 16 3.175 -10.85 11.269 0 -10.85 10.419 3.175 -9.6 11.269 
3 16 3.175 -9.6 11.269 0 -10.85 10.419 0 -9.6 10.419 
3 16 5.499 -10.85 19.944 6.097 -10.85 18.144 5.499 -9.6 19.944 
3 16 5.499 -9.6 19.944 6.097 -10.85 18.144 6.097 -9.6 18.144 
3 16 5 -10.85 16.769 6.097 -10.85 18.144 4.33 -10.85 19.269 
3 16 5.499 -10.85 19.944 4.33 -10.85 19.269 6.097 -10.85 18.144 
3 16 4.33 -10.85 19.269 3.175 -10.85 22.268 2.5 -10.85 21.099 
3 16 5.499 -9.6 19.944 3.175 -9.6 22.268 5.499 -10.85 19.944 
3 16 5.499 -10.85 19.944 3.175 -9.6 22.268 3.175 -10.85 22.268 
3 16 5.499 -10.85 19.944 3.175 -10.85 22.268 4.33 -10.85 19.269 
3 16 2.5 -10.85 21.099 3.175 -10.85 22.268 0 -10.85 23.119 
3 16 0 -9.6 23.119 3.175 -10.85 22.268 3.175 -9.6 22.268 
3 16 0 -9.6 23.119 0 -10.85 23.119 3.175 -10.85 22.268 
3 16 3.175 -10.85 11.269 0 -10.85 11.769 0 -10.85 10.419 
3 16 0 -10.85 11.769 3.175 -10.85 11.269 2.5 -10.85 12.439 
3 16 4.33 -10.85 14.269 2.5 -10.85 12.439 5.499 -10.85 13.594 
3 16 3.175 -10.85 11.269 5.499 -10.85 13.594 2.5 -10.85 12.439 
3 16 0 -10.85 21.769 0 -10.1 21.769 2.5 -10.85 21.099 
3 16 2.5 -10.85 21.099 0 -10.1 21.769 2.5 -10.1 21.099 
3 16 2.5 -10.85 21.099 2.5 -10.1 21.099 4.33 -10.85 19.269 
3 16 4.33 -10.85 19.269 2.5 -10.1 21.099 4.33 -10.1 19.269 
3 16 4.33 -10.85 19.269 4.33 -10.1 19.269 5 -10.85 16.769 
3 16 5 -10.85 16.769 4.33 -10.1 19.269 5 -10.1 16.769 
3 16 5 -10.85 16.769 5 -10.1 16.769 4.33 -10.85 14.269 
3 16 4.33 -10.85 14.269 5 -10.1 16.769 4.33 -10.1 14.269 
3 16 4.33 -10.85 14.269 4.33 -10.1 14.269 2.5 -10.85 12.439 
3 16 2.5 -10.85 12.439 4.33 -10.1 14.269 2.5 -10.1 12.439 
3 16 2.5 -10.85 12.439 2.5 -10.1 12.439 0 -10.85 11.769 
3 16 0 -10.85 11.769 2.5 -10.1 12.439 0 -10.1 11.769 
3 16 2.5 -10.85 21.099 0 -10.85 23.119 0 -10.85 21.769 
3 16 0 -10.1 11.769 2.5 -10.1 12.439 0 -10.1 21.769 
3 16 0 -10.1 21.769 2.5 -10.1 12.439 2.5 -10.1 21.099 
3 16 2.5 -10.1 12.439 4.33 -10.1 14.269 2.5 -10.1 21.099 
3 16 4.33 -10.1 14.269 4.33 -10.1 19.269 2.5 -10.1 21.099 
3 16 4.33 -10.1 19.269 4.33 -10.1 14.269 5 -10.1 16.769 
3 16 5 -10.85 16.769 4.33 -10.85 14.269 6.097 -10.85 15.394 
3 16 4.33 -10.85 14.269 5.499 -10.85 13.594 6.097 -10.85 15.394 
3 16 6.097 -10.85 15.394 6.097 -10.85 18.144 5 -10.85 16.769 
3 16 12.25 -11.35 16.769 13.288 -11.35 12.894 13.75 -11.35 16.769 
3 16 13.288 -11.35 12.894 14.587 -11.35 13.644 13.75 -11.35 16.769 
3 16 13.288 -11.35 12.894 16.125 -11.35 10.057 14.587 -11.35 13.644 
3 16 14.587 -11.35 13.644 16.125 -11.35 10.057 16.875 -11.35 11.356 
3 16 20 -11.35 9.019 16.875 -11.35 11.356 16.125 -11.35 10.057 
3 16 26.25 -11.35 16.769 25.413 -11.35 13.644 27.75 -11.35 16.769 
3 16 26.712 -11.35 12.894 27.75 -11.35 16.769 25.413 -11.35 13.644 
3 16 25.413 -11.35 13.644 23.125 -11.35 11.356 26.712 -11.35 12.894 
3 16 23.125 -11.35 11.356 20 -11.35 10.519 23.875 -11.35 10.057 
3 16 20 -11.35 9.019 20 -11.35 10.519 16.875 -11.35 11.356 
3 16 23.125 -11.35 11.356 23.875 -11.35 10.057 26.712 -11.35 12.894 
3 16 20 -11.35 10.519 20 -11.35 9.019 23.875 -11.35 10.057 
3 16 26.712 -13.35 12.894 27.75 -13.35 16.769 26.712 -11.35 12.894 
3 16 26.712 -11.35 12.894 27.75 -13.35 16.769 27.75 -11.35 16.769 
3 16 23.875 -13.35 10.057 26.712 -13.35 12.894 23.875 -11.35 10.057 
3 16 23.875 -11.35 10.057 26.712 -13.35 12.894 26.712 -11.35 12.894 
3 16 20 -13.35 9.019 23.875 -13.35 10.057 20 -11.35 9.019 
3 16 20 -11.35 9.019 23.875 -13.35 10.057 23.875 -11.35 10.057 
3 16 16.125 -13.35 10.057 20 -13.35 9.019 16.125 -11.35 10.057 
3 16 16.125 -11.35 10.057 20 -13.35 9.019 20 -11.35 9.019 
3 16 13.288 -13.35 12.894 16.125 -13.35 10.057 13.288 -11.35 12.894 
3 16 13.288 -11.35 12.894 16.125 -13.35 10.057 16.125 -11.35 10.057 
3 16 12.25 -13.35 16.769 13.288 -13.35 12.894 12.25 -11.35 16.769 
3 16 12.25 -11.35 16.769 13.288 -13.35 12.894 13.288 -11.35 12.894 
3 16 10.75 -9.6 16.769 11.989 -13.35 12.144 10.75 -13.35 16.769 
3 16 12.25 -13.35 16.769 10.75 -13.35 16.769 11.989 -13.35 12.144 
3 16 11.989 -13.35 12.144 10.75 -9.6 16.769 11.989 -9.6 12.144 
3 16 15.375 -13.35 8.758 11.989 -13.35 12.144 11.989 -9.6 12.144 
3 16 12.25 -13.35 16.769 11.989 -13.35 12.144 13.288 -13.35 12.894 
3 16 13.288 -13.35 12.894 11.989 -13.35 12.144 15.375 -13.35 8.758 
3 16 15.375 -13.35 8.758 11.989 -9.6 12.144 15.375 -9.6 8.758 
3 16 13.288 -13.35 12.894 15.375 -13.35 8.758 16.125 -13.35 10.057 
3 16 17.667 -9.6 8.144 17.667 -13.35 8.144 15.375 -9.6 8.758 
3 16 15.375 -9.6 8.758 17.667 -13.35 8.144 15.375 -13.35 8.758 
3 16 15.375 -13.35 8.758 17.667 -13.35 8.144 16.125 -13.35 10.057 
3 16 16.125 -13.35 10.057 17.667 -13.35 8.144 20 -13.35 9.019 
3 16 22.333 -13.35 8.144 22.333 -9.6 8.144 24.625 -13.35 8.758 
3 16 24.625 -13.35 8.758 22.333 -9.6 8.144 24.625 -9.6 8.758 
3 16 24.625 -13.35 8.758 23.875 -13.35 10.057 22.333 -13.35 8.144 
3 16 23.875 -13.35 10.057 20 -13.35 9.019 22.333 -13.35 8.144 
3 16 17.667 -13.35 8.144 22.333 -13.35 8.144 20 -13.35 9.019 
3 16 23.875 -13.35 10.057 24.625 -13.35 8.758 28.011 -13.35 12.144 
3 16 26.712 -13.35 12.894 28.011 -13.35 12.144 29.25 -13.35 16.769 
3 16 28.011 -13.35 12.144 24.625 -13.35 8.758 28.011 -9.6 12.144 
3 16 28.011 -9.6 12.144 24.625 -13.35 8.758 24.625 -9.6 8.758 
3 16 28.011 -13.35 12.144 26.712 -13.35 12.894 23.875 -13.35 10.057 
3 16 29.25 -9.6 16.769 29.25 -13.35 16.769 28.011 -9.6 12.144 
3 16 28.011 -9.6 12.144 29.25 -13.35 16.769 28.011 -13.35 12.144 
3 16 29.25 -13.35 16.769 27.75 -13.35 16.769 26.712 -13.35 12.894 
3 16 13.75 -11.35 16.769 14.587 -11.35 19.894 12.25 -11.35 16.769 
3 16 12.25 -11.35 16.769 14.587 -11.35 19.894 13.288 -11.35 20.644 
3 16 14.587 -11.35 19.894 16.875 -11.35 22.181 13.288 -11.35 20.644 
3 16 13.288 -11.35 20.644 16.875 -11.35 22.181 16.125 -11.35 23.48 
3 16 16.125 -11.35 23.48 16.875 -11.35 22.181 20 -11.35 23.019 
3 16 25.413 -11.35 19.894 26.25 -11.35 16.769 26.712 -11.35 20.644 
3 16 26.25 -11.35 16.769 27.75 -11.35 16.769 26.712 -11.35 20.644 
3 16 26.712 -11.35 20.644 23.875 -11.35 23.48 25.413 -11.35 19.894 
3 16 23.875 -11.35 23.48 20 -11.35 24.519 23.125 -11.35 22.181 
3 16 20 -11.35 24.519 20 -11.35 23.019 23.125 -11.35 22.181 
3 16 25.413 -11.35 19.894 23.875 -11.35 23.48 23.125 -11.35 22.181 
3 16 20 -11.35 24.519 16.125 -11.35 23.48 20 -11.35 23.019 
3 16 26.712 -11.35 20.644 27.75 -11.35 16.769 26.712 -13.35 20.644 
3 16 26.712 -13.35 20.644 27.75 -11.35 16.769 27.75 -13.35 16.769 
3 16 23.875 -11.35 23.48 26.712 -11.35 20.644 23.875 -13.35 23.48 
3 16 23.875 -13.35 23.48 26.712 -11.35 20.644 26.712 -13.35 20.644 
3 16 20 -11.35 24.519 23.875 -11.35 23.48 20 -13.35 24.519 
3 16 20 -13.35 24.519 23.875 -11.35 23.48 23.875 -13.35 23.48 
3 16 16.125 -11.35 23.48 20 -11.35 24.519 16.125 -13.35 23.48 
3 16 16.125 -13.35 23.48 20 -11.35 24.519 20 -13.35 24.519 
3 16 13.288 -11.35 20.644 16.125 -11.35 23.48 13.288 -13.35 20.644 
3 16 13.288 -13.35 20.644 16.125 -11.35 23.48 16.125 -13.35 23.48 
3 16 12.25 -11.35 16.769 13.288 -11.35 20.644 12.25 -13.35 16.769 
3 16 12.25 -13.35 16.769 13.288 -11.35 20.644 13.288 -13.35 20.644 
3 16 10.75 -9.6 16.769 10.75 -13.35 16.769 11.989 -13.35 21.394 
3 16 13.288 -13.35 20.644 10.75 -13.35 16.769 12.25 -13.35 16.769 
3 16 11.989 -13.35 21.394 11.989 -9.6 21.394 10.75 -9.6 16.769 
3 16 15.375 -13.35 24.779 11.989 -9.6 21.394 11.989 -13.35 21.394 
3 16 13.288 -13.35 20.644 11.989 -13.35 21.394 10.75 -13.35 16.769 
3 16 13.288 -13.35 20.644 16.125 -13.35 23.48 11.989 -13.35 21.394 
3 16 15.375 -13.35 24.779 15.375 -9.6 24.779 11.989 -9.6 21.394 
3 16 16.125 -13.35 23.48 15.375 -13.35 24.779 11.989 -13.35 21.394 
3 16 17.667 -9.6 25.394 15.375 -9.6 24.779 17.667 -13.35 25.394 
3 16 17.667 -13.35 25.394 15.375 -9.6 24.779 15.375 -13.35 24.779 
3 16 15.375 -13.35 24.779 16.125 -13.35 23.48 17.667 -13.35 25.394 
3 16 16.125 -13.35 23.48 20 -13.35 24.519 17.667 -13.35 25.394 
3 16 17.667 -13.35 25.394 20 -13.35 24.519 22.333 -13.35 25.394 
3 16 22.333 -13.35 25.394 24.625 -13.35 24.779 22.333 -9.6 25.394 
3 16 22.333 -9.6 25.394 24.625 -13.35 24.779 24.625 -9.6 24.779 
3 16 24.625 -13.35 24.779 22.333 -13.35 25.394 23.875 -13.35 23.48 
3 16 23.875 -13.35 23.48 22.333 -13.35 25.394 20 -13.35 24.519 
3 16 26.712 -13.35 20.644 24.625 -13.35 24.779 23.875 -13.35 23.48 
3 16 27.75 -13.35 16.769 28.011 -13.35 21.394 26.712 -13.35 20.644 
3 16 28.011 -13.35 21.394 28.011 -9.6 21.394 24.625 -13.35 24.779 
3 16 24.625 -13.35 24.779 28.011 -9.6 21.394 24.625 -9.6 24.779 
3 16 24.625 -13.35 24.779 26.712 -13.35 20.644 28.011 -13.35 21.394 
3 16 29.25 -9.6 16.769 28.011 -9.6 21.394 29.25 -13.35 16.769 
3 16 29.25 -13.35 16.769 28.011 -9.6 21.394 28.011 -13.35 21.394 
3 16 28.011 -13.35 21.394 27.75 -13.35 16.769 29.25 -13.35 16.769 
3 16 -47.5 -9.6 18.144 -47.5 -9.6 15.394 -45 -13.35 18.144 
3 16 -47.5 -9.6 15.394 -45 -13.35 15.394 -45 -13.35 18.144 
3 16 -45 -13.35 18.144 -28.882 -13.35 18.144 -47.5 -9.6 18.144 
3 16 -28.882 -13.35 18.144 -28.882 -9.6 18.144 -47.5 -9.6 18.144 
3 16 -28.882 -9.6 15.394 -28.882 -13.35 15.394 -47.5 -9.6 15.394 
3 16 -28.882 -13.35 15.394 -45 -13.35 15.394 -47.5 -9.6 15.394 
3 16 -28.882 -13.35 18.144 -45 -13.35 18.144 -29.25 -13.35 16.769 
3 16 -28.882 -13.35 15.394 -29.25 -13.35 16.769 -45 -13.35 15.394 
3 16 -29.25 -13.35 16.769 -45 -13.35 18.144 -45 -13.35 15.394 
3 16 -6.097 -9.6 15.394 -6.097 -9.6 18.144 -6.097 -13.35 15.394 
3 16 -6.097 -9.6 18.144 -6.097 -13.35 18.144 -6.097 -13.35 15.394 
3 16 -11.118 -13.35 15.394 -11.118 -9.6 15.394 -6.097 -13.35 15.394 
3 16 -11.118 -9.6 15.394 -6.097 -9.6 15.394 -6.097 -13.35 15.394 
3 16 -11.118 -13.35 18.144 -6.097 -13.35 18.144 -11.118 -9.6 18.144 
3 16 -6.097 -9.6 18.144 -11.118 -9.6 18.144 -6.097 -13.35 18.144 
3 16 -11.118 -13.35 15.394 -6.097 -13.35 15.394 -10.75 -13.35 16.769 
3 16 -6.097 -13.35 15.394 -6.097 -13.35 18.144 -10.75 -13.35 16.769 
3 16 -10.75 -13.35 16.769 -6.097 -13.35 18.144 -11.118 -13.35 18.144 
3 16 6.097 -9.6 15.394 6.097 -13.35 15.394 6.097 -9.6 18.144 
3 16 6.097 -9.6 18.144 6.097 -13.35 15.394 6.097 -13.35 18.144 
3 16 11.118 -13.35 15.394 6.097 -13.35 15.394 11.118 -9.6 15.394 
3 16 11.118 -9.6 15.394 6.097 -13.35 15.394 6.097 -9.6 15.394 
3 16 11.118 -13.35 18.144 11.118 -9.6 18.144 6.097 -13.35 18.144 
3 16 6.097 -9.6 18.144 6.097 -13.35 18.144 11.118 -9.6 18.144 
3 16 11.118 -13.35 15.394 10.75 -13.35 16.769 6.097 -13.35 15.394 
3 16 6.097 -13.35 15.394 10.75 -13.35 16.769 6.097 -13.35 18.144 
3 16 10.75 -13.35 16.769 11.118 -13.35 18.144 6.097 -13.35 18.144 
3 16 47.5 -9.6 18.144 45 -13.35 18.144 47.5 -9.6 15.394 
3 16 47.5 -9.6 15.394 45 -13.35 18.144 45 -13.35 15.394 
3 16 45 -13.35 18.144 47.5 -9.6 18.144 28.882 -13.35 18.144 
3 16 28.882 -13.35 18.144 47.5 -9.6 18.144 28.882 -9.6 18.144 
3 16 28.882 -9.6 15.394 47.5 -9.6 15.394 28.882 -13.35 15.394 
3 16 28.882 -13.35 15.394 47.5 -9.6 15.394 45 -13.35 15.394 
3 16 28.882 -13.35 18.144 29.25 -13.35 16.769 45 -13.35 18.144 
3 16 28.882 -13.35 15.394 45 -13.35 15.394 29.25 -13.35 16.769 
3 16 29.25 -13.35 16.769 45 -13.35 15.394 45 -13.35 18.144 
2 24 14.125 -3.464 2 14.125 -2 3.464 
2 24 -14.125 -2 3.464 -14.125 -3.464 2 
2 24 14.125 -2 3.464 14.125 0 4 
2 24 -14.125 0 4 -14.125 -2 3.464 
2 24 14.125 0 4 14.125 2 3.464 
2 24 -14.125 2 3.464 -14.125 0 4 
2 24 14.125 2 3.464 14.125 3.464 2 
2 24 -14.125 3.464 2 -14.125 2 3.464 
2 24 14.125 3.464 2 14.125 4 0 
2 24 -14.125 4 0 -14.125 3.464 2 
2 24 14.125 4 0 14.125 3.464 -2 
2 24 -14.125 3.464 -2 -14.125 4 0 
2 24 14.125 3.464 -2 14.125 2 -3.464 
2 24 -14.125 2 -3.464 -14.125 3.464 -2 
2 24 14.125 2 -3.464 14.125 0 -4 
2 24 -14.125 0 -4 -14.125 2 -3.464 
2 24 14.125 0 -4 14.125 -2 -3.464 
2 24 -14.125 -2 -3.464 -14.125 0 -4 
2 24 14.125 -2 -3.464 14.125 -3.464 -2 
2 24 -14.125 -3.464 -2 -14.125 -2 -3.464 
2 24 14.125 -3.464 -2 14.125 -4 0 
2 24 -14.125 -4 0 -14.125 -3.464 -2 
2 24 14.125 -4 0 14.125 -3.464 2 
2 24 -14.125 -3.464 2 -14.125 -4 0 
2 24 -8 5.4 18.019 -5.375 5.4 18.019 
2 24 -8 5.4 15.519 -8 5.4 18.019 
2 24 -5.375 5.4 18.019 -5.375 5.4 15.519 
2 24 -5.375 5.4 15.519 -8 5.4 15.519 
2 24 -8 -5.55 18.019 -5.375 -5.55 18.019 
2 24 -8 5.4 18.019 -8 -5.55 18.019 
2 24 -5.375 -5.55 18.019 -5.375 5.4 18.019 
2 24 -5.375 -5.55 18.019 -5.375 -5.55 15.519 
2 24 -5.375 -5.55 15.519 -5.375 5.4 15.519 
2 24 -8 -5.55 15.519 -8 5.4 15.519 
2 24 -5.375 -5.55 15.519 -8 -5.55 15.519 
2 24 -14.125 -13.35 8.144 -14.125 -13.35 5.394 
2 24 -14.125 -9.6 8.144 -14.125 -13.35 8.144 
2 24 -14.125 -13.35 5.394 -14.125 -9.6 5.394 
2 24 -14.125 -9.6 5.394 -14.125 -9.6 8.144 
2 24 -47.5 -9.6 5.394 -14.125 -9.6 5.394 
2 24 -14.125 -13.35 5.394 -45 -13.35 5.394 
2 24 -45 -13.35 5.394 -47.5 -9.6 5.394 
2 24 -45 -13.35 8.144 -45 -13.35 5.394 
2 24 -14.125 -13.35 8.144 -45 -13.35 8.144 
2 24 -45 -13.35 8.144 -47.5 -9.6 8.144 
2 24 -47.5 -9.6 8.144 -47.5 -9.6 5.394 
2 24 -14.125 -9.6 8.144 -47.5 -9.6 8.144 
2 24 8 5.4 18.019 8 5.4 15.519 
2 24 5.375 5.4 18.019 8 5.4 18.019 
2 24 8 5.4 15.519 5.375 5.4 15.519 
2 24 5.375 5.4 15.519 5.375 5.4 18.019 
2 24 8 -5.55 18.019 8 5.4 18.019 
2 24 5.375 -5.55 18.019 8 -5.55 18.019 
2 24 5.375 5.4 18.019 5.375 -5.55 18.019 
2 24 5.375 -5.55 15.519 5.375 -5.55 18.019 
2 24 5.375 5.4 15.519 5.375 -5.55 15.519 
2 24 8 5.4 15.519 8 -5.55 15.519 
2 24 8 -5.55 15.519 5.375 -5.55 15.519 
2 24 14.125 -13.35 8.144 14.125 -9.6 8.144 
2 24 14.125 -13.35 5.394 14.125 -13.35 8.144 
2 24 14.125 -9.6 8.144 14.125 -9.6 5.394 
2 24 14.125 -9.6 5.394 14.125 -13.35 5.394 
2 24 14.125 -9.6 5.394 47.5 -9.6 5.394 
2 24 47.5 -9.6 5.394 45 -13.35 5.394 
2 24 45 -13.35 5.394 14.125 -13.35 5.394 
2 24 45 -13.35 8.144 14.125 -13.35 8.144 
2 24 45 -13.35 5.394 45 -13.35 8.144 
2 24 47.5 -9.6 8.144 45 -13.35 8.144 
2 24 47.5 -9.6 5.394 47.5 -9.6 8.144 
2 24 47.5 -9.6 8.144 14.125 -9.6 8.144 
2 24 47.5 -9.6 28.144 45 -13.35 28.144 
2 24 47.5 -9.6 25.394 47.5 -9.6 28.144 
2 24 -45 -13.35 28.144 45 -13.35 28.144 
2 24 47.5 -9.6 28.144 -47.5 -9.6 28.144 
2 24 -47.5 -9.6 28.144 -45 -13.35 28.144 
2 24 45 -13.35 28.144 45 -13.35 25.394 
2 24 45 -13.35 25.394 47.5 -9.6 25.394 
2 24 -45 -13.35 28.144 -45 -13.35 25.394 
2 24 -45 -13.35 25.394 45 -13.35 25.394 
2 24 -45 -13.35 25.394 -47.5 -9.6 25.394 
2 24 -47.5 -9.6 25.394 47.5 -9.6 25.394 
2 24 -47.5 -9.6 28.144 -47.5 -9.6 25.394 
2 24 -8 -5.55 9.519 -8 -5.55 24.413 
2 24 -5.375 -5.55 23.5 -5.375 -5.55 9.519 
2 24 -5.375 -5.55 9.519 -8 -5.55 9.519 
2 24 -5.375 -5.55 23.5 -5.375 -6.394 19.286 
2 24 -5.375 -6.394 19.286 -5.375 -6.677 15 
2 24 -8 5.4 9.519 -8 5.4 25.314 
2 24 -8 -5.55 9.519 -8 5.4 9.519 
2 24 -8 5.4 25.314 -8 5.216 25.962 
2 24 -5.375 -6.677 15 -5.375 -6.213 9.519 
2 24 -5.375 -6.213 9.519 -5.375 -5.55 9.519 
2 24 -9.5 5.4 21.144 -9.903 5.4 22.116 
2 24 -9.5 5.4 11.519 -9.5 5.4 21.144 
2 24 -8 4.566 26.558 -8 3.905 26.684 
2 24 -8 3.905 26.684 -8 1.962 26.514 
2 24 -13.625 3.905 26.684 -13.625 1.962 26.514 
2 24 -8 5.216 25.962 -8 4.566 26.558 
2 24 -13.625 4.566 26.558 -13.625 3.905 26.684 
2 24 -13.625 5.216 25.962 -13.625 4.566 26.558 
2 24 -8 1.962 26.514 -8 0 26 
2 24 -13.625 5.4 25.314 -13.625 5.216 25.962 
2 24 -8 -7.271 26.974 -8 -5.55 24.413 
2 24 -8 0 26 -8 -2 26.536 
2 24 -8 -2 26.536 -8 -3.464 28 
2 24 -8 -7.875 30 -8 -7.271 26.974 
2 24 -8 -3.464 28 -8 -4 30 
2 24 -8 -7.875 36.818 -8 -7.875 30 
2 24 -8 -3.464 32 -8 -2 33.464 
2 24 -8 -4 30 -8 -3.464 32 
2 24 -8 -3.112 38.551 -8 -7.875 36.818 
2 24 -13.625 -3.112 38.551 -13.625 -9.6 36.19 
2 24 -8 3.951 37.765 -8 2.706 38.688 
2 24 -8 4.463 36.301 -8 3.951 37.765 
2 24 -8 -1.199 39.021 -8 -3.112 38.551 
2 24 -13.625 -1.199 39.021 -13.625 -3.112 38.551 
2 24 -8 2.706 38.688 -8 0.773 39.067 
2 24 -8 0.773 39.067 -8 -1.199 39.021 
2 24 -13.625 0.773 39.067 -13.625 -1.199 39.021 
2 24 -13.625 2.706 38.688 -13.625 0.773 39.067 
2 24 -13.625 3.951 37.765 -13.625 2.706 38.688 
2 24 -13.625 4.463 36.301 -13.625 3.951 37.765 
2 24 -8 -2 33.464 -8 0 34 
2 24 -8 4.035 34.903 -8 4.463 36.301 
2 24 -13.625 4.035 34.903 -13.625 4.463 36.301 
2 24 -8 2.9 33.984 -8 4.035 34.903 
2 24 -13.625 2.9 33.984 -13.625 4.035 34.903 
2 24 -8 0 34 -8 1.41 33.743 
2 24 -8 1.41 33.743 -8 2.9 33.984 
2 24 -13.625 1.41 33.743 -13.625 2.9 33.984 
2 24 -13.625 0 34 -13.625 1.41 33.743 
2 24 -13.625 -2 33.464 -13.625 0 34 
2 24 -13.625 -3.464 32 -13.625 -2 33.464 
2 24 -13.625 -4 30 -13.625 -3.464 32 
2 24 -13.625 -3.464 28 -13.625 -4 30 
2 24 -13.625 -2 26.536 -13.625 -3.464 28 
2 24 -13.625 0 26 -13.625 -2 26.536 
2 24 -13.625 1.962 26.514 -13.625 0 26 
2 24 -13.625 -6.503 28.732 -13.625 -6.625 31.269 
2 24 -13.625 -5.55 26.382 -13.625 -6.503 28.732 
2 24 -13.625 -5.55 18.326 -13.625 -5.55 26.382 
2 24 -13.625 5.4 25.314 -13.625 5.4 22.215 
2 24 -13.625 -6.625 31.269 -13.625 -9.6 31.269 
2 24 -13.625 -9.6 31.269 -13.625 -9.6 36.19 
2 24 -11.5 5.4 9.519 -8 5.4 9.519 
2 24 -11.5 5.4 9.519 -10.5 5.4 9.787 
2 24 -9.768 5.4 10.519 -9.5 5.4 11.519 
2 24 -10.5 5.4 9.787 -9.768 5.4 10.519 
2 24 -14.125 7.5 9.519 -11.5 7.5 9.519 
2 24 -14.125 -9.6 9.519 -14.125 7.5 9.519 
2 24 -11.5 7.5 9.519 -10.5 7.5 9.787 
2 24 -18.75 7.5 10.326 -16.005 7.5 11.562 
2 24 -14.125 7.5 8.375 -14.125 7.5 9.519 
2 24 -14.125 6.052 -0.941 -14.125 7.5 8.375 
2 24 -18.75 7.5 8.375 -18.75 7.5 10.326 
2 24 -14.125 -9.6 2.269 -14.125 -6.125 2.269 
2 24 -14.125 -9.6 9.519 -14.125 -9.6 2.269 
2 24 -10.75 -9.6 16.769 -18.249 -9.6 8.144 
2 24 -11.125 5.4 22.519 -13.625 5.4 22.215 
2 24 -10.875 5.4 22.519 -11.125 5.4 22.519 
2 24 -9.903 5.4 22.116 -10.875 5.4 22.519 
2 24 -13.625 7.5 22.215 -13.625 5.4 22.215 
2 24 -11.125 7.5 22.519 -13.625 7.5 22.215 
2 24 -13.625 7.5 22.215 -13.625 7.5 18.326 
2 24 -10.875 7.5 22.519 -11.125 7.5 22.519 
2 24 -9.903 7.5 22.116 -10.875 7.5 22.519 
2 24 -9.5 7.5 21.144 -9.903 7.5 22.116 
2 24 -9.5 7.5 11.519 -9.5 7.5 21.144 
2 24 -9.768 7.5 10.519 -9.5 7.5 11.519 
2 24 -10.5 7.5 9.787 -9.768 7.5 10.519 
2 24 -13.438 -5.55 16.822 -13.625 -5.55 18.326 
2 24 -13.625 7.5 18.326 -13.438 7.5 16.822 
2 24 -47.5 -9.6 31.269 -13.625 -9.6 31.269 
2 24 -13.625 -6.625 31.269 -47.5 -6.625 31.269 
2 24 -47.5 -6.625 31.269 -47.5 -9.6 31.269 
2 24 -47.5 -6.503 28.732 -47.5 -6.625 31.269 
2 24 -13.625 -5.55 26.382 -47.5 -5.55 26.382 
2 24 -47.5 -5.55 26.382 -47.5 -6.503 28.732 
2 24 -20 -5.55 23.019 -23.125 -5.55 22.181 
2 24 -16.875 -5.55 22.181 -20 -5.55 23.019 
2 24 -14.587 -5.55 19.894 -16.875 -5.55 22.181 
2 24 -13.75 -5.55 16.769 -14.587 -5.55 19.894 
2 24 -18.75 -5.55 10.326 -16.005 -5.55 11.562 
2 24 -18.75 7.5 10.326 -18.75 -5.55 10.326 
2 24 -16.005 7.5 11.562 -14.103 7.5 13.889 
2 24 -16.005 -5.55 11.562 -14.103 -5.55 13.889 
2 24 -13.438 7.5 16.822 -14.103 7.5 13.889 
2 24 -14.103 -5.55 13.889 -13.438 -5.55 16.822 
2 24 -14.587 -5.55 13.644 -13.75 -5.55 16.769 
2 24 -16.875 -5.55 11.356 -14.587 -5.55 13.644 
2 24 -20 -5.55 10.519 -16.875 -5.55 11.356 
2 24 -18.75 -5.55 2.269 -18.75 -5.55 10.326 
2 24 -18.75 7.5 8.375 -18.75 6.052 -0.941 
2 24 -23.125 -5.55 11.356 -20 -5.55 10.519 
2 24 -18.75 -5.55 2.269 -47.5 -5.55 2.269 
2 24 -18.75 -6.125 2.269 -18.75 -5.55 2.269 
2 24 -18.75 -6.125 0 -18.75 -6.125 2.269 
2 24 -47.5 -9.6 2.269 -47.5 -5.55 2.269 
2 24 -14.125 -6.125 2.269 -18.75 -6.125 2.269 
2 24 -14.125 -6.125 0 -14.125 -6.125 2.269 
2 24 -14.125 -9.6 2.269 -47.5 -9.6 2.269 
2 24 -18.75 -5.288 -3.125 -18.75 -6.125 0 
2 24 -18.75 6.052 -0.941 -18.75 5.538 -3.125 
2 24 -14.125 -5.288 -3.125 -14.125 -6.125 0 
2 24 -18.75 -3 -5.413 -18.75 -5.288 -3.125 
2 24 -18.75 5.538 -3.125 -18.75 3.25 -5.413 
2 24 -14.125 -3 -5.413 -14.125 -5.288 -3.125 
2 24 -18.75 3.25 -5.413 -18.75 0.125 -6.25 
2 24 -18.75 0.125 -6.25 -18.75 -3 -5.413 
2 24 -14.125 0.125 -6.25 -14.125 -3 -5.413 
2 24 -14.125 3.25 -5.413 -14.125 0.125 -6.25 
2 24 -14.125 5.538 -3.125 -14.125 3.25 -5.413 
2 24 -14.125 6.052 -0.941 -14.125 5.538 -3.125 
2 24 -23.125 -5.55 22.181 -25.413 -5.55 19.894 
2 24 -25.413 -5.55 13.644 -23.125 -5.55 11.356 
2 24 -26.25 -5.55 16.769 -25.413 -5.55 13.644 
2 24 -25.413 -5.55 19.894 -26.25 -5.55 16.769 
2 24 -47.5 -5.55 2.269 -47.5 -5.55 26.382 
2 24 -47.5 -9.6 2.269 -47.5 -9.6 31.269 
2 24 -29.25 -9.6 16.769 -20 -9.6 25.247 
2 24 -22.333 -9.6 8.144 -29.25 -9.6 16.769 
2 24 -16.875 -11.35 22.181 -20 -11.35 23.019 
2 24 -14.587 -11.35 19.894 -16.875 -11.35 22.181 
2 24 -13.75 -11.35 16.769 -14.587 -11.35 19.894 
2 24 -14.587 -11.35 13.644 -13.75 -11.35 16.769 
2 24 -16.875 -11.35 11.356 -14.587 -11.35 13.644 
2 24 -20 -11.35 10.519 -16.875 -11.35 11.356 
2 24 -23.125 -11.35 11.356 -20 -11.35 10.519 
2 24 -25.413 -11.35 13.644 -23.125 -11.35 11.356 
2 24 -26.25 -11.35 16.769 -25.413 -11.35 13.644 
2 24 -25.413 -11.35 19.894 -26.25 -11.35 16.769 
2 24 -23.125 -11.35 22.181 -25.413 -11.35 19.894 
2 24 -20 -11.35 23.019 -23.125 -11.35 22.181 
2 24 -20 -9.6 25.247 -10.75 -9.6 16.769 
2 24 -14.125 -9.6 9.519 14.125 -9.6 9.519 
2 24 -18.249 -9.6 8.144 -22.333 -9.6 8.144 
2 24 8 -5.55 24.413 8 -5.55 9.519 
2 24 8 -5.55 9.519 5.375 -5.55 9.519 
2 24 5.375 -5.55 9.519 5.375 -5.55 23.5 
2 24 5.375 -6.677 15 5.375 -6.394 19.286 
2 24 5.375 -6.394 19.286 5.375 -5.55 23.5 
2 24 8 -7.271 26.974 8 -5.55 24.413 
2 24 8 -5.55 24.413 -8 -5.55 24.413 
2 24 8 5.4 25.314 8 5.4 9.519 
2 24 8 5.4 9.519 8 -5.55 9.519 
2 24 8 5.216 25.962 8 5.4 25.314 
2 24 5.375 -5.55 9.519 5.375 -6.213 9.519 
2 24 5.375 -6.213 9.519 5.375 -6.677 15 
2 24 9.903 5.4 22.116 9.5 5.4 21.144 
2 24 9.5 5.4 21.144 9.5 5.4 11.519 
2 24 8 1.962 26.514 8 3.905 26.684 
2 24 8 3.905 26.684 8 4.566 26.558 
2 24 13.625 1.962 26.514 13.625 3.905 26.684 
2 24 8 4.566 26.558 8 5.216 25.962 
2 24 13.625 3.905 26.684 13.625 4.566 26.558 
2 24 13.625 4.566 26.558 13.625 5.216 25.962 
2 24 8 0 26 8 1.962 26.514 
2 24 13.625 5.216 25.962 13.625 5.4 25.314 
2 24 8 -2 26.536 8 0 26 
2 24 8 -3.464 28 8 -2 26.536 
2 24 8 -7.271 26.974 8 -7.875 30 
2 24 8 -4 30 8 -3.464 28 
2 24 8 -7.875 30 8 -7.875 36.818 
2 24 8 -2 33.464 8 -3.464 32 
2 24 -8 -7.875 36.818 8 -7.875 36.818 
2 24 8 -3.464 32 8 -4 30 
2 24 8 -7.875 36.818 8 -3.112 38.551 
2 24 13.625 -9.6 36.19 13.625 -3.112 38.551 
2 24 8 2.706 38.688 8 3.951 37.765 
2 24 8 3.951 37.765 8 4.463 36.301 
2 24 -13.625 -9.6 36.19 13.625 -9.6 36.19 
2 24 8 -3.112 38.551 8 -1.199 39.021 
2 24 13.625 -3.112 38.551 13.625 -1.199 39.021 
2 24 8 -1.199 39.021 8 0.773 39.067 
2 24 8 0.773 39.067 8 2.706 38.688 
2 24 13.625 -1.199 39.021 13.625 0.773 39.067 
2 24 13.625 0.773 39.067 13.625 2.706 38.688 
2 24 13.625 2.706 38.688 13.625 3.951 37.765 
2 24 13.625 3.951 37.765 13.625 4.463 36.301 
2 24 8 0 34 8 -2 33.464 
2 24 8 4.463 36.301 8 4.035 34.903 
2 24 13.625 4.463 36.301 13.625 4.035 34.903 
2 24 8 4.035 34.903 8 2.9 33.984 
2 24 13.625 4.035 34.903 13.625 2.9 33.984 
2 24 8 2.9 33.984 8 1.41 33.743 
2 24 8 1.41 33.743 8 0 34 
2 24 13.625 2.9 33.984 13.625 1.41 33.743 
2 24 13.625 1.41 33.743 13.625 0 34 
2 24 13.625 0 34 13.625 -2 33.464 
2 24 13.625 -2 33.464 13.625 -3.464 32 
2 24 13.625 -3.464 32 13.625 -4 30 
2 24 13.625 -4 30 13.625 -3.464 28 
2 24 13.625 -3.464 28 13.625 -2 26.536 
2 24 13.625 -2 26.536 13.625 0 26 
2 24 13.625 0 26 13.625 1.962 26.514 
2 24 13.625 -6.625 31.269 13.625 -6.503 28.732 
2 24 13.625 -6.503 28.732 13.625 -5.55 26.382 
2 24 13.625 -5.55 26.382 13.625 -5.55 18.326 
2 24 13.625 5.4 22.215 13.625 5.4 25.314 
2 24 13.625 -9.6 31.269 13.625 -9.6 36.19 
2 24 13.625 -9.6 31.269 13.625 -6.625 31.269 
2 24 8 5.4 9.519 11.5 5.4 9.519 
2 24 10.5 5.4 9.787 11.5 5.4 9.519 
2 24 9.5 5.4 11.519 9.768 5.4 10.519 
2 24 9.768 5.4 10.519 10.5 5.4 9.787 
2 24 11.5 7.5 9.519 14.125 7.5 9.519 
2 24 14.125 7.5 9.519 14.125 -9.6 9.519 
2 24 10.5 7.5 9.787 11.5 7.5 9.519 
2 24 16.005 7.5 11.562 18.75 7.5 10.326 
2 24 14.125 7.5 9.519 14.125 7.5 8.375 
2 24 14.125 7.5 8.375 14.125 6.052 -0.941 
2 24 18.75 7.5 10.326 18.75 7.5 8.375 
2 24 14.125 -9.6 2.269 14.125 -9.6 9.519 
2 24 14.125 -6.125 2.269 14.125 -9.6 2.269 
2 24 17.733 -9.6 8.144 10.75 -9.6 16.769 
2 24 13.625 5.4 22.215 11.125 5.4 22.519 
2 24 11.125 5.4 22.519 10.875 5.4 22.519 
2 24 10.875 5.4 22.519 9.903 5.4 22.116 
2 24 13.625 7.5 22.215 11.125 7.5 22.519 
2 24 13.625 5.4 22.215 13.625 7.5 22.215 
2 24 13.625 7.5 18.326 13.625 7.5 22.215 
2 24 11.125 7.5 22.519 10.875 7.5 22.519 
2 24 10.875 7.5 22.519 9.903 7.5 22.116 
2 24 9.903 7.5 22.116 9.5 7.5 21.144 
2 24 9.5 7.5 21.144 9.5 7.5 11.519 
2 24 9.5 7.5 11.519 9.768 7.5 10.519 
2 24 9.768 7.5 10.519 10.5 7.5 9.787 
2 24 13.625 -5.55 18.326 13.438 -5.55 16.822 
2 24 13.438 7.5 16.822 13.625 7.5 18.326 
2 24 13.625 -9.6 31.269 47.5 -9.6 31.269 
2 24 47.5 -9.6 31.269 47.5 -6.625 31.269 
2 24 47.5 -6.625 31.269 13.625 -6.625 31.269 
2 24 47.5 -6.625 31.269 47.5 -6.503 28.732 
2 24 47.5 -6.503 28.732 47.5 -5.55 26.382 
2 24 47.5 -5.55 26.382 13.625 -5.55 26.382 
2 24 23.125 -5.55 22.181 20 -5.55 23.019 
2 24 20 -5.55 23.019 16.875 -5.55 22.181 
2 24 16.875 -5.55 22.181 14.587 -5.55 19.894 
2 24 14.587 -5.55 19.894 13.75 -5.55 16.769 
2 24 16.005 -5.55 11.562 18.75 -5.55 10.326 
2 24 18.75 -5.55 10.326 18.75 7.5 10.326 
2 24 14.103 7.5 13.889 16.005 7.5 11.562 
2 24 14.103 -5.55 13.889 16.005 -5.55 11.562 
2 24 14.103 7.5 13.889 13.438 7.5 16.822 
2 24 13.438 -5.55 16.822 14.103 -5.55 13.889 
2 24 13.75 -5.55 16.769 14.587 -5.55 13.644 
2 24 14.587 -5.55 13.644 16.875 -5.55 11.356 
2 24 16.875 -5.55 11.356 20 -5.55 10.519 
2 24 18.75 -5.55 10.326 18.75 -5.55 2.269 
2 24 18.75 6.052 -0.941 18.75 7.5 8.375 
2 24 20 -5.55 10.519 23.125 -5.55 11.356 
2 24 47.5 -5.55 2.269 18.75 -5.55 2.269 
2 24 18.75 -6.125 2.269 18.75 -6.125 0 
2 24 18.75 -5.55 2.269 18.75 -6.125 2.269 
2 24 47.5 -5.55 2.269 47.5 -9.6 2.269 
2 24 18.75 -6.125 2.269 14.125 -6.125 2.269 
2 24 14.125 -6.125 2.269 14.125 -6.125 0 
2 24 47.5 -9.6 2.269 14.125 -9.6 2.269 
2 24 18.75 5.538 -3.125 18.75 6.052 -0.941 
2 24 14.125 -6.125 0 14.125 -5.288 -3.125 
2 24 18.75 -5.288 -3.125 18.75 -6.125 0 
2 24 18.75 3.25 -5.413 18.75 5.538 -3.125 
2 24 18.75 -5.288 -3.125 18.75 -3 -5.413 
2 24 14.125 -5.288 -3.125 14.125 -3 -5.413 
2 24 18.75 -3 -5.413 18.75 0.125 -6.25 
2 24 18.75 0.125 -6.25 18.75 3.25 -5.413 
2 24 14.125 -3 -5.413 14.125 0.125 -6.25 
2 24 14.125 0.125 -6.25 14.125 3.25 -5.413 
2 24 14.125 3.25 -5.413 14.125 5.538 -3.125 
2 24 14.125 5.538 -3.125 14.125 6.052 -0.941 
2 24 25.413 -5.55 19.894 23.125 -5.55 22.181 
2 24 23.125 -5.55 11.356 25.413 -5.55 13.644 
2 24 25.413 -5.55 13.644 26.25 -5.55 16.769 
2 24 26.25 -5.55 16.769 25.413 -5.55 19.894 
2 24 47.5 -5.55 26.382 47.5 -5.55 2.269 
2 24 47.5 -9.6 31.269 47.5 -9.6 2.269 
2 24 20 -9.6 25.353 29.25 -9.6 16.769 
2 24 29.25 -9.6 16.769 22.452 -9.6 8.144 
2 24 20 -11.35 23.019 16.875 -11.35 22.181 
2 24 16.875 -11.35 22.181 14.587 -11.35 19.894 
2 24 14.587 -11.35 19.894 13.75 -11.35 16.769 
2 24 13.75 -11.35 16.769 14.587 -11.35 13.644 
2 24 14.587 -11.35 13.644 16.875 -11.35 11.356 
2 24 16.875 -11.35 11.356 20 -11.35 10.519 
2 24 20 -11.35 10.519 23.125 -11.35 11.356 
2 24 23.125 -11.35 11.356 25.413 -11.35 13.644 
2 24 25.413 -11.35 13.644 26.25 -11.35 16.769 
2 24 26.25 -11.35 16.769 25.413 -11.35 19.894 
2 24 25.413 -11.35 19.894 23.125 -11.35 22.181 
2 24 23.125 -11.35 22.181 20 -11.35 23.019 
2 24 -5.375 -6.213 9.519 5.375 -6.213 9.519 
2 24 -5.375 -5.55 23.5 5.375 -5.55 23.5 
2 24 22.452 -9.6 8.144 17.733 -9.6 8.144 
2 24 10.75 -9.6 16.769 20 -9.6 25.353 
2 24 -13.288 -11.35 12.894 -12.25 -11.35 16.769 
2 24 -13.75 -11.35 16.769 -14.587 -11.35 13.644 
2 24 -16.125 -11.35 10.057 -13.288 -11.35 12.894 
2 24 -14.587 -11.35 13.644 -16.875 -11.35 11.356 
2 24 -20 -11.35 9.019 -16.125 -11.35 10.057 
2 24 -25.413 -11.35 13.644 -26.25 -11.35 16.769 
2 24 -27.75 -11.35 16.769 -26.712 -11.35 12.894 
2 24 -23.125 -11.35 11.356 -25.413 -11.35 13.644 
2 24 -20 -11.35 10.519 -23.125 -11.35 11.356 
2 24 -16.875 -11.35 11.356 -20 -11.35 10.519 
2 24 -26.712 -11.35 12.894 -23.875 -11.35 10.057 
2 24 -23.875 -11.35 10.057 -20 -11.35 9.019 
2 24 -27.75 -13.35 16.769 -26.712 -13.35 12.894 
2 24 -26.712 -13.35 12.894 -23.875 -13.35 10.057 
2 24 -23.875 -13.35 10.057 -20 -13.35 9.019 
2 24 -20 -13.35 9.019 -16.125 -13.35 10.057 
2 24 -16.125 -13.35 10.057 -13.288 -13.35 12.894 
2 24 -13.288 -13.35 12.894 -12.25 -13.35 16.769 
2 24 -10.75 -13.35 16.769 -11.989 -13.35 12.144 
2 24 -11.989 -9.6 12.144 -10.75 -9.6 16.769 
2 24 -11.989 -13.35 12.144 -15.375 -13.35 8.758 
2 24 -15.375 -9.6 8.758 -11.989 -9.6 12.144 
2 24 -17.667 -9.6 8.144 -15.375 -9.6 8.758 
2 24 -17.667 -13.35 8.144 -17.667 -9.6 8.144 
2 24 -15.375 -13.35 8.758 -17.667 -13.35 8.144 
2 24 -22.333 -13.35 8.144 -24.625 -13.35 8.758 
2 24 -22.333 -9.6 8.144 -22.333 -13.35 8.144 
2 24 -24.625 -9.6 8.758 -22.333 -9.6 8.144 
2 24 -22.333 -13.35 8.144 -17.667 -13.35 8.144 
2 24 -28.011 -13.35 12.144 -24.625 -13.35 8.758 
2 24 -29.25 -13.35 16.769 -28.011 -13.35 12.144 
2 24 -28.011 -9.6 12.144 -24.625 -9.6 8.758 
2 24 -29.25 -9.6 16.769 -28.011 -9.6 12.144 
2 24 -12.25 -11.35 16.769 -13.288 -11.35 20.644 
2 24 -13.288 -11.35 20.644 -16.125 -11.35 23.48 
2 24 -26.25 -11.35 16.769 -25.413 -11.35 19.894 
2 24 -26.712 -11.35 20.644 -27.75 -11.35 16.769 
2 24 -23.875 -11.35 23.48 -26.712 -11.35 20.644 
2 24 -20 -11.35 24.519 -23.875 -11.35 23.48 
2 24 -25.413 -11.35 19.894 -23.125 -11.35 22.181 
2 24 -16.125 -11.35 23.48 -20 -11.35 24.519 
2 24 -26.712 -13.35 20.644 -27.75 -13.35 16.769 
2 24 -23.875 -13.35 23.48 -26.712 -13.35 20.644 
2 24 -20 -13.35 24.519 -23.875 -13.35 23.48 
2 24 -16.125 -13.35 23.48 -20 -13.35 24.519 
2 24 -13.288 -13.35 20.644 -16.125 -13.35 23.48 
2 24 -12.25 -13.35 16.769 -13.288 -13.35 20.644 
2 24 -11.989 -13.35 21.394 -10.75 -13.35 16.769 
2 24 -10.75 -9.6 16.769 -11.989 -9.6 21.394 
2 24 -15.375 -13.35 24.779 -11.989 -13.35 21.394 
2 24 -11.989 -9.6 21.394 -15.375 -9.6 24.779 
2 24 -17.667 -9.6 25.394 -17.667 -13.35 25.394 
2 24 -15.375 -9.6 24.779 -17.667 -9.6 25.394 
2 24 -17.667 -13.35 25.394 -15.375 -13.35 24.779 
2 24 -17.667 -13.35 25.394 -22.333 -13.35 25.394 
2 24 -22.333 -13.35 25.394 -22.333 -9.6 25.394 
2 24 -24.625 -13.35 24.779 -22.333 -13.35 25.394 
2 24 -22.333 -9.6 25.394 -24.625 -9.6 24.779 
2 24 -28.011 -13.35 21.394 -24.625 -13.35 24.779 
2 24 -24.625 -9.6 24.779 -28.011 -9.6 21.394 
2 24 -28.011 -9.6 21.394 -29.25 -9.6 16.769 
2 24 -29.25 -13.35 16.769 -28.011 -13.35 21.394 
2 24 -5.499 -9.6 19.944 -6.097 -9.6 18.144 
2 24 -6.097 -9.6 18.144 -6.097 -10.85 18.144 
2 24 -6.097 -10.85 18.144 -5.499 -10.85 19.944 
2 24 -5.499 -10.85 19.944 -3.175 -10.85 22.268 
2 24 -3.175 -9.6 22.268 -5.499 -9.6 19.944 
2 24 -3.175 -10.85 22.268 0 -10.85 23.119 
2 24 0 -9.6 23.119 -3.175 -9.6 22.268 
2 24 -5.499 -10.85 13.594 -6.097 -10.85 15.394 
2 24 -6.097 -10.85 15.394 -6.097 -9.6 15.394 
2 24 -6.097 -9.6 15.394 -5.499 -9.6 13.594 
2 24 -4.33 -10.85 14.269 -5 -10.85 16.769 
2 24 -2.5 -10.85 12.439 -4.33 -10.85 14.269 
2 24 -5.499 -9.6 13.594 -3.175 -9.6 11.269 
2 24 -3.175 -10.85 11.269 -5.499 -10.85 13.594 
2 24 -3.175 -10.85 11.269 0 -10.85 10.419 
2 24 -3.175 -9.6 11.269 0 -9.6 10.419 
2 24 -2.5 -10.85 21.099 0 -10.85 21.769 
2 24 -4.33 -10.85 19.269 -2.5 -10.85 21.099 
2 24 -2.5 -10.85 12.439 0 -10.85 11.769 
2 24 0 -10.1 11.769 -2.5 -10.1 12.439 
2 24 -2.5 -10.1 12.439 -4.33 -10.1 14.269 
2 24 -4.33 -10.1 14.269 -5 -10.1 16.769 
2 24 -4.33 -10.85 19.269 -5 -10.85 16.769 
2 24 -5 -10.1 16.769 -4.33 -10.1 19.269 
2 24 -4.33 -10.1 19.269 -2.5 -10.1 21.099 
2 24 -2.5 -10.1 21.099 0 -10.1 21.769 
2 24 -6.097 -10.85 18.144 -6.097 -10.85 15.394 
2 24 5.499 -9.6 13.594 6.097 -9.6 15.394 
2 24 6.097 -9.6 15.394 6.097 -10.85 15.394 
2 24 6.097 -10.85 15.394 5.499 -10.85 13.594 
2 24 5.499 -10.85 13.594 3.175 -10.85 11.269 
2 24 3.175 -9.6 11.269 5.499 -9.6 13.594 
2 24 3.175 -10.85 11.269 0 -10.85 10.419 
2 24 0 -9.6 10.419 3.175 -9.6 11.269 
2 24 5.499 -10.85 19.944 6.097 -10.85 18.144 
2 24 6.097 -10.85 18.144 6.097 -9.6 18.144 
2 24 6.097 -9.6 18.144 5.499 -9.6 19.944 
2 24 4.33 -10.85 19.269 5 -10.85 16.769 
2 24 2.5 -10.85 21.099 4.33 -10.85 19.269 
2 24 5.499 -9.6 19.944 3.175 -9.6 22.268 
2 24 3.175 -10.85 22.268 5.499 -10.85 19.944 
2 24 3.175 -10.85 22.268 0 -10.85 23.119 
2 24 3.175 -9.6 22.268 0 -9.6 23.119 
2 24 2.5 -10.85 12.439 0 -10.85 11.769 
2 24 4.33 -10.85 14.269 2.5 -10.85 12.439 
2 24 2.5 -10.85 21.099 0 -10.85 21.769 
2 24 0 -10.1 21.769 2.5 -10.1 21.099 
2 24 2.5 -10.1 21.099 4.33 -10.1 19.269 
2 24 4.33 -10.1 19.269 5 -10.1 16.769 
2 24 4.33 -10.85 14.269 5 -10.85 16.769 
2 24 5 -10.1 16.769 4.33 -10.1 14.269 
2 24 4.33 -10.1 14.269 2.5 -10.1 12.439 
2 24 2.5 -10.1 12.439 0 -10.1 11.769 
2 24 6.097 -10.85 15.394 6.097 -10.85 18.144 
2 24 12.25 -11.35 16.769 13.288 -11.35 12.894 
2 24 14.587 -11.35 13.644 13.75 -11.35 16.769 
2 24 13.288 -11.35 12.894 16.125 -11.35 10.057 
2 24 16.875 -11.35 11.356 14.587 -11.35 13.644 
2 24 16.125 -11.35 10.057 20 -11.35 9.019 
2 24 26.25 -11.35 16.769 25.413 -11.35 13.644 
2 24 26.712 -11.35 12.894 27.75 -11.35 16.769 
2 24 25.413 -11.35 13.644 23.125 -11.35 11.356 
2 24 23.125 -11.35 11.356 20 -11.35 10.519 
2 24 20 -11.35 10.519 16.875 -11.35 11.356 
2 24 23.875 -11.35 10.057 26.712 -11.35 12.894 
2 24 20 -11.35 9.019 23.875 -11.35 10.057 
2 24 26.712 -13.35 12.894 27.75 -13.35 16.769 
2 24 23.875 -13.35 10.057 26.712 -13.35 12.894 
2 24 20 -13.35 9.019 23.875 -13.35 10.057 
2 24 16.125 -13.35 10.057 20 -13.35 9.019 
2 24 13.288 -13.35 12.894 16.125 -13.35 10.057 
2 24 12.25 -13.35 16.769 13.288 -13.35 12.894 
2 24 11.989 -13.35 12.144 10.75 -13.35 16.769 
2 24 10.75 -9.6 16.769 11.989 -9.6 12.144 
2 24 15.375 -13.35 8.758 11.989 -13.35 12.144 
2 24 11.989 -9.6 12.144 15.375 -9.6 8.758 
2 24 17.667 -9.6 8.144 17.667 -13.35 8.144 
2 24 15.375 -9.6 8.758 17.667 -9.6 8.144 
2 24 17.667 -13.35 8.144 15.375 -13.35 8.758 
2 24 22.333 -13.35 8.144 22.333 -9.6 8.144 
2 24 24.625 -13.35 8.758 22.333 -13.35 8.144 
2 24 22.333 -9.6 8.144 24.625 -9.6 8.758 
2 24 17.667 -13.35 8.144 22.333 -13.35 8.144 
2 24 24.625 -13.35 8.758 28.011 -13.35 12.144 
2 24 28.011 -13.35 12.144 29.25 -13.35 16.769 
2 24 24.625 -9.6 8.758 28.011 -9.6 12.144 
2 24 28.011 -9.6 12.144 29.25 -9.6 16.769 
2 24 13.288 -11.35 20.644 12.25 -11.35 16.769 
2 24 16.125 -11.35 23.48 13.288 -11.35 20.644 
2 24 25.413 -11.35 19.894 26.25 -11.35 16.769 
2 24 27.75 -11.35 16.769 26.712 -11.35 20.644 
2 24 26.712 -11.35 20.644 23.875 -11.35 23.48 
2 24 23.875 -11.35 23.48 20 -11.35 24.519 
2 24 23.125 -11.35 22.181 25.413 -11.35 19.894 
2 24 20 -11.35 24.519 16.125 -11.35 23.48 
2 24 27.75 -13.35 16.769 26.712 -13.35 20.644 
2 24 26.712 -13.35 20.644 23.875 -13.35 23.48 
2 24 23.875 -13.35 23.48 20 -13.35 24.519 
2 24 20 -13.35 24.519 16.125 -13.35 23.48 
2 24 16.125 -13.35 23.48 13.288 -13.35 20.644 
2 24 13.288 -13.35 20.644 12.25 -13.35 16.769 
2 24 10.75 -13.35 16.769 11.989 -13.35 21.394 
2 24 11.989 -9.6 21.394 10.75 -9.6 16.769 
2 24 11.989 -13.35 21.394 15.375 -13.35 24.779 
2 24 15.375 -9.6 24.779 11.989 -9.6 21.394 
2 24 17.667 -9.6 25.394 15.375 -9.6 24.779 
2 24 17.667 -13.35 25.394 17.667 -9.6 25.394 
2 24 15.375 -13.35 24.779 17.667 -13.35 25.394 
2 24 22.333 -13.35 25.394 17.667 -13.35 25.394 
2 24 22.333 -13.35 25.394 24.625 -13.35 24.779 
2 24 22.333 -9.6 25.394 22.333 -13.35 25.394 
2 24 24.625 -9.6 24.779 22.333 -9.6 25.394 
2 24 24.625 -13.35 24.779 28.011 -13.35 21.394 
2 24 28.011 -9.6 21.394 24.625 -9.6 24.779 
2 24 29.25 -9.6 16.769 28.011 -9.6 21.394 
2 24 28.011 -13.35 21.394 29.25 -13.35 16.769 
2 24 -47.5 -9.6 18.144 -47.5 -9.6 15.394 
2 24 -45 -13.35 18.144 -47.5 -9.6 18.144 
2 24 -47.5 -9.6 15.394 -45 -13.35 15.394 
2 24 -45 -13.35 15.394 -45 -13.35 18.144 
2 24 -45 -13.35 18.144 -28.882 -13.35 18.144 
2 24 -28.882 -13.35 18.144 -28.882 -9.6 18.144 
2 24 -28.882 -9.6 18.144 -47.5 -9.6 18.144 
2 24 -28.882 -9.6 15.394 -28.882 -13.35 15.394 
2 24 -47.5 -9.6 15.394 -28.882 -9.6 15.394 
2 24 -28.882 -13.35 15.394 -45 -13.35 15.394 
2 24 -29.25 -13.35 16.769 -28.882 -13.35 18.144 
2 24 -28.882 -13.35 15.394 -29.25 -13.35 16.769 
2 24 -6.097 -9.6 15.394 -6.097 -9.6 18.144 
2 24 -6.097 -13.35 15.394 -6.097 -9.6 15.394 
2 24 -6.097 -9.6 18.144 -6.097 -13.35 18.144 
2 24 -6.097 -13.35 18.144 -6.097 -13.35 15.394 
2 24 -11.118 -13.35 15.394 -11.118 -9.6 15.394 
2 24 -6.097 -13.35 15.394 -11.118 -13.35 15.394 
2 24 -11.118 -9.6 15.394 -6.097 -9.6 15.394 
2 24 -11.118 -13.35 18.144 -6.097 -13.35 18.144 
2 24 -11.118 -9.6 18.144 -11.118 -13.35 18.144 
2 24 -6.097 -9.6 18.144 -11.118 -9.6 18.144 
2 24 -10.75 -13.35 16.769 -11.118 -13.35 15.394 
2 24 -11.118 -13.35 18.144 -10.75 -13.35 16.769 
2 24 6.097 -9.6 15.394 6.097 -13.35 15.394 
2 24 6.097 -9.6 18.144 6.097 -9.6 15.394 
2 24 6.097 -13.35 15.394 6.097 -13.35 18.144 
2 24 6.097 -13.35 18.144 6.097 -9.6 18.144 
2 24 11.118 -13.35 15.394 6.097 -13.35 15.394 
2 24 11.118 -9.6 15.394 11.118 -13.35 15.394 
2 24 6.097 -9.6 15.394 11.118 -9.6 15.394 
2 24 11.118 -13.35 18.144 11.118 -9.6 18.144 
2 24 6.097 -13.35 18.144 11.118 -13.35 18.144 
2 24 11.118 -9.6 18.144 6.097 -9.6 18.144 
2 24 11.118 -13.35 15.394 10.75 -13.35 16.769 
2 24 10.75 -13.35 16.769 11.118 -13.35 18.144 
2 24 47.5 -9.6 18.144 45 -13.35 18.144 
2 24 47.5 -9.6 15.394 47.5 -9.6 18.144 
2 24 45 -13.35 18.144 45 -13.35 15.394 
2 24 45 -13.35 15.394 47.5 -9.6 15.394 
2 24 28.882 -13.35 18.144 45 -13.35 18.144 
2 24 47.5 -9.6 18.144 28.882 -9.6 18.144 
2 24 28.882 -9.6 18.144 28.882 -13.35 18.144 
2 24 28.882 -9.6 15.394 47.5 -9.6 15.394 
2 24 28.882 -13.35 15.394 28.882 -9.6 15.394 
2 24 45 -13.35 15.394 28.882 -13.35 15.394 
2 24 28.882 -13.35 18.144 29.25 -13.35 16.769 
2 24 29.25 -13.35 16.769 28.882 -13.35 15.394 

