0 H ICON W. STICK 3.2 (Needs Work)
0 Name: 92199.dat
0 Author: <AuthorRealName> [<AuthorLDrawName>]
0 !LDRAW_ORG Unofficial_Part
0 !LICENSE Redistributable under CCAL version 2.0 : see CAreadme.txt

0 BFC CERTIFY CCW

0 !HISTORY 2013-08-14 {LEGO Digital Designer} Original part shape
0 !HISTORY 2013-08-14 [<AuthorLDrawName>] File preparation for LDraw Parts Tracker

0 // Needs Work: Clean necessary

0 // Outside
3 16 3.464 1.994 0 3.464 1.994 -13.75 2 3.458 0 
3 16 2 3.458 0 3.464 1.994 -13.75 2 3.458 -13.75 
3 16 2 3.458 0 2 3.458 -13.75 0 3.994 0 
3 16 0 3.994 0 2 3.458 -13.75 0 3.994 -13.75 
3 16 0 3.994 0 0 3.994 -13.75 -2 3.458 0 
3 16 -2 3.458 0 0 3.994 -13.75 -2 3.458 -13.75 
3 16 -2 3.458 0 -2 3.458 -13.75 -3.464 1.994 0 
3 16 -3.464 1.994 0 -2 3.458 -13.75 -3.464 1.994 -13.75 
3 16 -3.464 1.994 0 -3.464 1.994 -13.75 -4 -0.006 0 
3 16 -4 -0.006 0 -3.464 1.994 -13.75 -4 -0.006 -13.75 
3 16 -4 -0.006 0 -4 -0.006 -13.75 -3.464 -2.006 0 
3 16 -3.464 -2.006 0 -4 -0.006 -13.75 -3.464 -2.006 -13.75 
3 16 -3.464 -2.006 0 -3.464 -2.006 -13.75 -2 -3.47 0 
3 16 -2 -3.47 0 -3.464 -2.006 -13.75 -2 -3.47 -13.75 
3 16 -2 -3.47 0 -2 -3.47 -13.75 0 -4.006 0 
3 16 0 -4.006 0 -2 -3.47 -13.75 0 -4.006 -13.75 
3 16 0 -4.006 0 0 -4.006 -13.75 2 -3.47 0 
3 16 2 -3.47 0 0 -4.006 -13.75 2 -3.47 -13.75 
3 16 2 -3.47 0 2 -3.47 -13.75 3.464 -2.006 0 
3 16 3.464 -2.006 0 2 -3.47 -13.75 3.464 -2.006 -13.75 
3 16 3.464 -2.006 0 3.464 -2.006 -13.75 4 -0.006 0 
3 16 4 -0.006 0 3.464 -2.006 -13.75 4 -0.006 -13.75 
3 16 4 -0.006 0 4 -0.006 -13.75 3.464 1.994 0 
3 16 3.464 1.994 0 4 -0.006 -13.75 3.464 1.994 -13.75 
3 16 -2 -3.47 0 2 -3.47 0 3.464 -2.006 0 
3 16 4 -0.006 0 -3.464 -2.006 0 3.464 -2.006 0 
3 16 3.464 1.994 0 -4 -0.006 0 4 -0.006 0 
3 16 2 3.458 0 -3.464 1.994 0 3.464 1.994 0 
3 16 2 3.458 0 0 3.994 0 -2 3.458 0 
3 16 2 3.458 0 -2 3.458 0 -3.464 1.994 0 
3 16 3.464 1.994 0 -3.464 1.994 0 -4 -0.006 0 
3 16 4 -0.006 0 -4 -0.006 0 -3.464 -2.006 0 
3 16 3.464 -2.006 0 -3.464 -2.006 0 -2 -3.47 0 
3 16 -2 -3.47 0 0 -4.006 0 2 -3.47 0 
3 16 14.9 -16.753 -17.25 14.9 -16.753 -13.75 12.859 -11.991 -17.25 
3 16 12.859 -11.991 -17.25 14.9 -16.753 -13.75 12.859 -11.99 -13.75 
3 16 18.593 -16.753 -13.75 16.317 -10.516 -13.75 14.9 -16.753 -13.75 
3 16 16.317 -10.516 -13.75 12.859 -11.99 -13.75 14.9 -16.753 -13.75 
3 16 14.9 -16.753 -17.25 9 -16.753 -17.25 14.9 -16.753 -13.75 
3 16 9 -16.753 -17.25 9 -16.753 -13.75 14.9 -16.753 -13.75 
3 16 9 -16.753 -13.75 18.29 -16.753 -10 14.9 -16.753 -13.75 
3 16 18.29 -16.753 -10 18.593 -16.753 -13.75 14.9 -16.753 -13.75 
3 16 12.859 -11.991 -17.25 12.859 -11.99 -13.75 8.013 -7.145 -17.25 
3 16 8.013 -7.145 -17.25 12.859 -11.99 -13.75 8.013 -7.145 -13.75 
3 16 9.964 -8.392 -13.75 8.013 -7.145 -13.75 12.859 -11.99 -13.75 
3 16 16.317 -10.516 -13.75 9.964 -8.392 -13.75 12.859 -11.99 -13.75 
3 16 3.25 -5.104 -17.25 8.013 -7.145 -17.25 3.25 -5.104 -13.75 
3 16 8.013 -7.145 -17.25 8.013 -7.145 -13.75 3.25 -5.104 -13.75 
3 16 9.964 -8.392 -13.75 7.506 -6.671 -13.75 8.013 -7.145 -13.75 
3 16 8.013 -7.145 -13.75 7.506 -6.671 -13.75 3.25 -5.104 -13.75 
3 16 7.506 -6.671 -13.75 9.565 -3.731 -13.75 3.25 -5.104 -13.75 
3 16 3.25 -8.253 -13.75 3.25 -8.253 -17.25 3.25 -5.104 -13.75 
3 16 3.25 -8.253 -17.25 3.25 -5.104 -17.25 3.25 -5.104 -13.75 
3 16 9.565 -3.731 -13.75 7.533 -2.697 -13.75 3.25 -5.104 -13.75 
3 16 8.15 -4.517 -17.25 12.272 -4.849 -17.25 11.013 -6.403 -17.25 
3 16 11.013 -6.403 -17.25 8.013 -7.145 -17.25 3.25 -5.104 -17.25 
3 16 3.25 -8.253 -17.25 0 -2.503 -17.25 3.25 -5.104 -17.25 
3 16 0 -2.503 -17.25 4.184 -3.069 -17.25 3.25 -5.104 -17.25 
3 16 4.184 -3.069 -17.25 8.15 -4.517 -17.25 3.25 -5.104 -17.25 
3 16 8.15 -4.517 -17.25 11.013 -6.403 -17.25 3.25 -5.104 -17.25 
3 16 8.013 -7.145 -17.25 11.013 -6.403 -17.25 12.859 -11.991 -17.25 
3 16 11.013 -6.403 -17.25 15.155 -11.253 -17.25 12.859 -11.991 -17.25 
3 16 17.285 -17.266 -17.25 14.9 -16.753 -17.25 15.155 -11.253 -17.25 
3 16 15.155 -11.253 -17.25 14.9 -16.753 -17.25 12.859 -11.991 -17.25 
3 16 9 -23.253 -17.25 14.9 -16.753 -17.25 14.9 -23.253 -17.25 
3 16 14.9 -16.753 -17.25 9 -23.253 -17.25 9 -16.753 -17.25 
3 16 18.29 -16.753 -10 9 -16.753 -13.75 3.25 -16.753 -13.75 
3 16 3.25 -23.253 -13.75 18.29 -23.253 -10 3.25 -16.753 -13.75 
3 16 18.29 -23.253 -10 18.29 -16.753 -10 3.25 -16.753 -13.75 
3 16 18.593 -16.753 -13.75 18.29 -16.753 -10 18.593 -16.753 -10 
3 16 18.29 -16.753 -10 24.25 -20.003 -10 18.593 -16.753 -10 
3 16 24.25 -20.003 -10 24.045 -16.854 -10 18.593 -16.753 -10 
3 16 24.25 -20.003 -10 18.29 -16.753 -10 22.011 -23.253 -10 
3 16 22.011 -23.253 -10 18.29 -16.753 -10 18.29 -23.253 -10 
3 16 18.593 -16.753 -10 16.317 -10.516 -10 18.593 -16.753 -13.75 
3 16 16.317 -10.516 -10 16.317 -10.516 -13.75 18.593 -16.753 -13.75 
3 16 16.317 -10.516 -10 18.593 -16.753 -10 21.932 -14.189 -10 
3 16 18.593 -16.753 -10 24.045 -16.854 -10 21.932 -14.189 -10 
3 16 0 -2.435 -18.55 4.168 -2.995 -18.55 0 -2.503 -17.25 
3 16 4.168 -2.995 -18.55 4.184 -3.069 -17.25 0 -2.503 -17.25 
3 16 8.123 -4.426 -18.55 8.15 -4.517 -17.25 4.184 -3.069 -17.25 
3 16 4.184 -3.069 -17.25 4.168 -2.995 -18.55 8.123 -4.426 -18.55 
3 16 12.272 -4.849 -17.25 8.15 -4.517 -17.25 10.746 -3.731 -17.25 
3 16 10.746 -3.731 -17.25 8.15 -4.517 -17.25 9.12 -2.767 -17.25 
3 16 10.003 -1.033 -18.55 9.12 -2.767 -17.25 8.123 -4.426 -18.55 
3 16 8.15 -4.517 -17.25 8.123 -4.426 -18.55 9.12 -2.767 -17.25 
3 16 10.049 -1.279 -15.5 10.746 -3.731 -17.25 9.12 -2.767 -17.25 
3 16 10.049 -1.279 -15.5 9.12 -2.767 -17.25 11.66 1.606 -15.3 
3 16 9.12 -2.767 -17.25 10.003 -1.033 -18.55 11.66 1.606 -15.3 
3 16 12.272 -4.849 -17.25 10.746 -3.731 -17.25 13.044 -3.228 -15.5 
3 16 10.746 -3.731 -17.25 11.588 -2.191 -15.5 13.044 -3.228 -15.5 
3 16 10.049 -1.279 -15.5 11.588 -2.191 -15.5 10.746 -3.731 -17.25 
3 16 12.272 -4.849 -17.25 12.036 -5.14 -19.25 11.013 -6.403 -17.25 
3 16 12.036 -5.14 -19.25 11.079 -6.322 -19.25 11.013 -6.403 -17.25 
3 16 12.036 -5.14 -19.25 12.272 -4.849 -17.25 14.081 -2.615 -16 
3 16 12.272 -4.849 -17.25 13.058 -3.877 -16 14.081 -2.615 -16 
3 16 12.272 -4.849 -17.25 13.044 -3.228 -15.5 13.058 -3.877 -16 
3 16 11.079 -6.322 -19.25 15.246 -11.201 -19.25 11.013 -6.403 -17.25 
3 16 15.246 -11.201 -19.25 15.155 -11.253 -17.25 11.013 -6.403 -17.25 
3 16 15.246 -11.201 -19.25 17.388 -17.249 -19.25 15.155 -11.253 -17.25 
3 16 17.388 -17.249 -19.25 17.285 -17.266 -17.25 15.155 -11.253 -17.25 
3 16 19.496 -20.383 -17.25 17.285 -17.266 -17.25 19.26 -16.953 -17.25 
3 16 19.26 -16.953 -17.25 17.285 -17.266 -17.25 18.89 -17.011 -19.25 
3 16 17.388 -17.249 -19.25 18.89 -17.011 -19.25 17.285 -17.266 -17.25 
3 16 19.496 -20.383 -17.25 17.496 -20.383 -17.25 17.285 -17.266 -17.25 
3 16 17.285 -17.266 -17.25 17.496 -20.383 -17.25 14.9 -16.753 -17.25 
3 16 21.05 -17.094 -15.5 19.496 -20.383 -17.25 20.495 -16.757 -16 
3 16 20.495 -16.757 -16 19.496 -20.383 -17.25 19.26 -16.953 -17.25 
3 16 18.89 -17.011 -19.25 22.1 -16.503 -16 19.26 -16.953 -17.25 
3 16 22.1 -16.503 -16 20.495 -16.757 -16 19.26 -16.953 -17.25 
3 16 19.496 -20.383 -17.25 21.05 -17.094 -15.5 21.249 -20.291 -15.5 
3 16 17.626 -20.517 -19.8 17.496 -20.383 -17.25 19.496 -20.383 -17.25 
3 16 21.494 -20.517 -19.8 17.626 -20.517 -19.8 19.496 -20.383 -17.25 
3 16 14.9 -23.253 -17.25 17.496 -20.383 -17.25 17.082 -23.804 -17.25 
3 16 17.626 -20.517 -19.8 17.082 -23.804 -17.25 17.496 -20.383 -17.25 
3 16 14.9 -23.253 -17.25 14.9 -16.753 -17.25 17.496 -20.383 -17.25 
3 16 14.309 -30.078 -17.25 12.859 -28.016 -17.25 17.082 -23.804 -17.25 
3 16 12.859 -28.016 -17.25 14.9 -23.253 -17.25 17.082 -23.804 -17.25 
3 16 17.195 -23.91 -19.8 14.433 -30.133 -19.8 17.082 -23.804 -17.25 
3 16 14.433 -30.133 -19.8 14.309 -30.078 -17.25 17.082 -23.804 -17.25 
3 16 17.082 -23.804 -17.25 17.626 -20.517 -19.8 17.195 -23.91 -19.8 
3 16 8.013 -32.862 -17.25 12.859 -28.016 -17.25 14.309 -30.078 -17.25 
3 16 8.013 -32.862 -17.25 14.309 -30.078 -17.25 9.337 -34.804 -17.25 
3 16 9.518 -34.847 -19.8 9.337 -34.804 -17.25 14.309 -30.078 -17.25 
3 16 14.309 -30.078 -17.25 14.433 -30.133 -19.8 9.518 -34.847 -19.8 
3 16 6.988 -38.208 -17.25 6.271 -36.341 -17.25 10.367 -36.519 -17.25 
3 16 10.367 -36.519 -17.25 6.271 -36.341 -17.25 9.337 -34.804 -17.25 
3 16 9.518 -34.847 -19.8 11.51 -38.162 -19.8 9.337 -34.804 -17.25 
3 16 9.337 -34.804 -17.25 11.51 -38.162 -19.8 10.367 -36.519 -17.25 
3 16 3.25 -34.903 -17.25 8.013 -32.862 -17.25 6.271 -36.341 -17.25 
3 16 8.013 -32.862 -17.25 9.337 -34.804 -17.25 6.271 -36.341 -17.25 
3 16 10.367 -36.519 -17.25 11.51 -38.162 -19.8 11.152 -37.994 -15.583 
3 16 10.367 -36.519 -17.25 9.567 -38.885 -15.583 6.988 -38.208 -17.25 
3 16 9.567 -38.885 -15.583 7.911 -39.636 -15.583 6.988 -38.208 -17.25 
3 16 11.152 -37.994 -15.583 9.567 -38.885 -15.583 10.367 -36.519 -17.25 
3 16 6.988 -38.208 -17.25 6.854 -37.858 -19.25 6.271 -36.341 -17.25 
3 16 6.854 -37.858 -19.25 6.309 -36.439 -19.25 6.271 -36.341 -17.25 
3 16 6.854 -37.858 -19.25 6.988 -38.208 -17.25 8.018 -40.892 -16 
3 16 6.988 -38.208 -17.25 7.436 -39.375 -16 8.018 -40.892 -16 
3 16 6.988 -38.208 -17.25 7.911 -39.636 -15.583 7.436 -39.375 -16 
3 16 0 -37.503 -17.25 3.25 -34.903 -17.25 6.271 -36.341 -17.25 
3 16 6.309 -36.439 -19.25 0 -37.608 -19.25 6.271 -36.341 -17.25 
3 16 0 -37.608 -19.25 0 -37.503 -17.25 6.271 -36.341 -17.25 
3 16 3.25 -31.753 -17.25 3.25 -31.753 -13.75 3.25 -34.903 -17.25 
3 16 3.25 -31.753 -13.75 3.25 -34.903 -13.75 3.25 -34.903 -17.25 
3 16 3.25 -34.903 -13.75 8.013 -32.862 -13.75 3.25 -34.903 -17.25 
3 16 8.013 -32.862 -13.75 8.013 -32.862 -17.25 3.25 -34.903 -17.25 
3 16 12.859 -28.016 -13.75 12.859 -28.016 -17.25 8.013 -32.862 -13.75 
3 16 8.013 -32.862 -13.75 12.859 -28.016 -17.25 8.013 -32.862 -17.25 
3 16 14.9 -23.253 -13.75 14.9 -23.253 -17.25 12.859 -28.016 -13.75 
3 16 12.859 -28.016 -13.75 14.9 -23.253 -17.25 12.859 -28.016 -17.25 
3 16 14.9 -23.253 -13.75 9 -23.253 -17.25 14.9 -23.253 -17.25 
3 16 18.29 -23.253 -10 9 -23.253 -13.75 14.9 -23.253 -13.75 
3 16 9 -23.253 -17.25 14.9 -23.253 -13.75 9 -23.253 -13.75 
3 16 9.964 -8.392 -13.75 16.317 -10.516 -13.75 12.022 -5.452 -13.75 
3 16 16.317 -10.516 -10 12.022 -5.452 -10 16.317 -10.516 -13.75 
3 16 12.022 -5.452 -10 12.022 -5.452 -13.75 16.317 -10.516 -13.75 
3 16 12.022 -5.452 -10 9.964 -8.392 -10 12.022 -5.452 -13.75 
3 16 12.022 -5.452 -13.75 9.964 -8.392 -10 9.964 -8.392 -13.75 
3 16 9.964 -8.392 -10 7.506 -6.671 -10 9.964 -8.392 -13.75 
3 16 7.506 -6.671 -10 7.506 -6.671 -13.75 9.964 -8.392 -13.75 
3 16 7.506 -6.671 -10 9.565 -3.731 -10.433 7.506 -6.671 -13.75 
3 16 9.565 -3.731 -10.433 9.565 -3.731 -13.75 7.506 -6.671 -13.75 
3 16 9.565 -3.731 -10.433 8.655 -3.232 -11.472 9.565 -3.731 -13.75 
3 16 7.533 -2.697 -13.75 9.565 -3.731 -13.75 8.087 -2.948 -12.574 
3 16 7.981 -0.552 -13.75 7.533 -2.697 -13.75 7.937 -1.015 -12.771 
3 16 7.533 -2.697 -13.161 7.937 -1.015 -12.771 7.533 -2.697 -13.75 
3 16 8.655 -3.232 -11.472 8.087 -2.948 -12.574 9.565 -3.731 -13.75 
3 16 8.087 -2.948 -12.574 7.533 -2.697 -13.161 7.533 -2.697 -13.75 
3 16 7.937 -1.015 -12.771 7.788 1.607 -12.918 7.981 -0.552 -13.75 
3 16 7.981 -0.552 -13.75 7.788 1.607 -12.918 7.832 1.627 -13.75 
3 16 6.905 4.036 -13.532 6.905 4.036 -13.75 7.788 1.607 -12.918 
3 16 7.788 1.607 -12.918 6.905 4.036 -13.75 7.832 1.627 -13.75 
3 16 6.905 4.036 -13.532 5.832 5.472 -13.75 6.905 4.036 -13.75 
3 16 6.905 4.036 -13.532 6.954 10.274 -13.511 5.832 5.472 -13.75 
3 16 5.832 5.472 -13.75 6.954 10.274 -13.511 5.832 10.498 -13.75 
3 16 4.469 10.473 -18.55 0 11.05 -13.75 5.832 10.498 -13.75 
3 16 5.832 10.498 -13.75 6.954 10.274 -13.511 4.469 10.473 -18.55 
3 16 8.843 9.502 -18.55 4.469 10.473 -18.55 6.954 10.274 -13.511 
3 16 4.469 10.473 -18.55 0 10.799 -18.55 0 11.05 -13.75 
3 16 21.932 -14.189 -10 19.573 -8.703 -10 16.317 -10.516 -10 
3 16 12.022 -5.452 -10 16.317 -10.516 -10 16.001 -3.917 -10 
3 16 19.573 -8.703 -10 16.001 -3.917 -10 16.317 -10.516 -10 
3 16 10.782 -1.993 -10.013 7.506 -6.671 -10 12.022 -5.452 -10 
3 16 7.506 -6.671 -10 9.964 -8.392 -10 12.022 -5.452 -10 
3 16 14.9 -23.253 -13.75 21.133 -23.253 -13.75 18.29 -23.253 -10 
3 16 18.29 -23.253 -10 21.133 -23.253 -13.75 22.011 -23.253 -10 
3 16 9 -23.253 -13.75 18.29 -23.253 -10 3.25 -23.253 -13.75 
3 16 19.427 -30.849 -10 24.248 -28.67 -10 22.011 -23.253 -10 
3 16 22.011 -23.253 -12.473 19.427 -30.849 -12.473 22.011 -23.253 -10 
3 16 19.427 -30.849 -12.473 19.427 -30.849 -10 22.011 -23.253 -10 
3 16 25.75 -20.003 -10 24.25 -20.003 -10 24.248 -28.67 -10 
3 16 24.248 -28.67 -10 24.25 -20.003 -10 22.011 -23.253 -10 
3 16 22.011 -23.253 -12.473 22.011 -23.253 -10 21.133 -23.253 -13.75 
3 16 19.427 -30.849 -10 19.917 -36.324 -10 24.248 -28.67 -10 
3 16 14.317 -37.035 -10 19.917 -36.324 -10 19.427 -30.849 -10 
3 16 19.427 -30.849 -12.473 14.317 -37.035 -12.473 19.427 -30.849 -10 
3 16 14.317 -37.035 -12.473 14.317 -37.035 -10 19.427 -30.849 -10 
3 16 7.798 -35.861 -10 14.317 -37.035 -10 11.963 -33.117 -10 
3 16 14.317 -37.035 -12.473 11.963 -33.117 -10 14.317 -37.035 -10 
3 16 3.082 -37.484 -10 14.317 -37.035 -10 7.798 -35.861 -10 
3 16 11.963 -33.117 -13.75 7.798 -35.861 -13.75 11.963 -33.117 -10 
3 16 7.798 -35.861 -13.75 7.798 -35.861 -10 11.963 -33.117 -10 
3 16 14.317 -37.035 -12.473 13.864 -36.281 -13.75 11.963 -33.117 -10 
3 16 11.963 -33.117 -10 13.864 -36.281 -13.75 11.963 -33.117 -13.75 
3 16 7.798 -35.861 -13.75 3.082 -37.484 -13.75 7.798 -35.861 -10 
3 16 3.082 -37.484 -13.75 3.082 -37.484 -10 7.798 -35.861 -10 
3 16 0 -34.878 -10 3.082 -37.484 -10 1.411 -35.215 -10 
3 16 2.515 -36.148 -10 1.411 -35.215 -10 3.082 -37.484 -10 
3 16 3.082 -37.484 -13.75 2.515 -36.148 -13.75 3.082 -37.484 -10 
3 16 2.515 -36.148 -13.75 2.515 -36.148 -10 3.082 -37.484 -10 
3 16 0 -34.878 -10 1.999 -40.406 -10 3.082 -37.484 -10 
3 16 1.999 -40.406 -10 4.641 -39.971 -10 3.082 -37.484 -10 
3 16 7.205 -39.195 -10 3.082 -37.484 -10 4.641 -39.971 -10 
3 16 2.515 -36.148 -13.75 1.411 -35.215 -13.75 2.515 -36.148 -10 
3 16 1.411 -35.215 -13.75 1.411 -35.215 -10 2.515 -36.148 -10 
3 16 1.411 -35.215 -13.75 0 -34.878 -13.75 1.411 -35.215 -10 
3 16 0 -34.878 -13.75 0 -34.878 -10 1.411 -35.215 -10 
3 16 0 -41.128 -10 1.063 -40.942 -10 0 -34.878 -10 
3 16 1.063 -40.942 -10 1.999 -40.406 -10 0 -34.878 -10 
3 16 0 -41.128 -13.75 1.063 -40.942 -13.75 0 -41.128 -10 
3 16 1.063 -40.942 -13.75 1.063 -40.942 -10 0 -41.128 -10 
3 16 1.063 -40.942 -13.75 1.999 -40.406 -13.75 1.063 -40.942 -10 
3 16 1.999 -40.406 -13.75 1.999 -40.406 -10 1.063 -40.942 -10 
3 16 1.999 -40.406 -13.75 4.641 -39.971 -10 1.999 -40.406 -10 
3 16 5.832 -39.656 -13.75 7.205 -39.195 -10 4.641 -39.971 -10 
3 16 5.832 -39.656 -13.75 4.641 -39.971 -10 1.999 -40.406 -13.75 
3 16 19.917 -36.324 -10 14.317 -37.035 -10 12.49 -40.789 -10 
3 16 3.082 -37.484 -10 7.205 -39.195 -10 14.317 -37.035 -10 
3 16 7.205 -39.195 -10 10.482 -40.289 -10 14.317 -37.035 -10 
3 16 10.482 -40.289 -10 12.49 -40.789 -10 14.317 -37.035 -10 
3 16 9.003 -39.795 -10.91 10.482 -40.289 -10 7.205 -39.195 -10 
3 16 7.963 -39.449 -12.738 9.003 -39.795 -10.91 7.205 -39.195 -10 
3 16 5.832 -39.656 -13.75 7.963 -39.449 -12.738 7.205 -39.195 -10 
3 16 12.49 -40.789 -10 10.482 -40.289 -10 10.585 -41.811 -10 
3 16 10.161 -41.791 -14 12.49 -40.789 -10 10.585 -41.811 -10 
3 16 19.917 -36.324 -10 12.49 -40.789 -10 13.262 -42.075 -10 
3 16 13.262 -42.075 -10 13.331 -41.798 -13.846 19.917 -36.324 -10 
3 16 13.331 -41.798 -13.846 19.803 -36.145 -13.846 19.917 -36.324 -10 
3 16 24.248 -28.67 -10 19.917 -36.324 -10 24.035 -28.665 -13.846 
3 16 19.803 -36.145 -13.846 24.035 -28.665 -13.846 19.917 -36.324 -10 
3 16 25.75 -20.003 -10 24.248 -28.67 -10 25.548 -20.205 -13.846 
3 16 25.548 -20.205 -13.846 24.248 -28.67 -10 24.035 -28.665 -13.846 
3 16 23.949 -17.909 -14 24.045 -16.854 -10 24.25 -20.003 -10 
3 16 24.25 -20.003 -10 24.039 -20.213 -14 23.949 -17.909 -14 
3 16 21.932 -14.189 -10 24.045 -16.854 -10 23.432 -13.758 -10 
3 16 23.641 -16.259 -16 23.432 -13.758 -10 24.045 -16.854 -10 
3 16 23.641 -16.259 -16 24.045 -16.854 -10 23.949 -17.909 -14 
3 16 23.432 -13.758 -10 21.708 -14.58 -16 21.932 -14.189 -10 
3 16 23.641 -16.259 -16 23.209 -14.15 -16 23.432 -13.758 -10 
3 16 21.708 -14.58 -16 19.377 -8.816 -16 21.932 -14.189 -10 
3 16 21.932 -14.189 -10 19.377 -8.816 -16 19.573 -8.703 -10 
3 16 19.377 -8.816 -16 16.001 -3.917 -10 19.573 -8.703 -10 
3 16 12.022 -5.452 -10 16.001 -3.917 -10 14.581 -0.626 -10 
3 16 17.124 -2.833 -10 14.581 -0.626 -10 16.001 -3.917 -10 
3 16 19.377 -8.816 -16 15.551 -3.915 -16 16.001 -3.917 -10 
3 16 12.022 -5.452 -10 14.581 -0.626 -10 11.757 1.206 -10 
3 16 13.788 -0.31 -14 11.757 1.206 -10 14.581 -0.626 -10 
3 16 14.581 -0.626 -10 17.124 -2.833 -10 15.063 -1.402 -16 
3 16 17.124 -2.833 -10 16.674 -2.831 -16 15.063 -1.402 -16 
3 16 15.063 -1.402 -16 13.788 -0.31 -14 14.581 -0.626 -10 
3 16 10.545 9.281 -10.046 11.757 1.206 -10 11.801 5.2 -10 
3 16 12.356 2.288 -10 11.801 5.2 -10 11.757 1.206 -10 
3 16 11.957 2.14 -15.3 12.356 2.288 -10 11.757 1.206 -10 
3 16 10.782 -1.993 -10.013 12.022 -5.452 -10 11.757 1.206 -10 
3 16 13.788 -0.31 -14 11.471 1.124 -14 11.757 1.206 -10 
3 16 11.957 2.14 -15.3 11.374 5.062 -15.3 12.356 2.288 -10 
3 16 12.356 2.288 -10 11.374 5.062 -15.3 11.801 5.2 -10 
3 16 11.247 8.112 -10 10.545 9.281 -10.046 11.801 5.2 -10 
3 16 11.374 5.062 -15.3 10.793 7.982 -15.3 11.801 5.2 -10 
3 16 11.801 5.2 -10 10.793 7.982 -15.3 11.247 8.112 -10 
3 16 10.793 7.982 -15.3 10.545 9.281 -10.046 11.247 8.112 -10 
3 16 10.793 7.982 -15.3 10.066 9.164 -15.3 10.545 9.281 -10.046 
3 16 10.782 -1.993 -10.013 9.565 -3.731 -10.433 7.506 -6.671 -10 
3 16 13.864 -36.281 -13.75 18.671 -30.422 -13.75 14.9 -23.253 -13.75 
3 16 14.9 -23.253 -13.75 18.671 -30.422 -13.75 21.133 -23.253 -13.75 
3 16 13.864 -36.281 -13.75 14.9 -23.253 -13.75 12.859 -28.016 -13.75 
3 16 22.011 -23.253 -12.473 21.133 -23.253 -13.75 19.427 -30.849 -12.473 
3 16 21.133 -23.253 -13.75 18.671 -30.422 -13.75 19.427 -30.849 -12.473 
3 16 11.963 -33.117 -13.75 13.864 -36.281 -13.75 12.859 -28.016 -13.75 
3 16 12.859 -28.016 -13.75 8.013 -32.862 -13.75 11.963 -33.117 -13.75 
3 16 7.798 -35.861 -13.75 11.963 -33.117 -13.75 8.013 -32.862 -13.75 
3 16 8.013 -32.862 -13.75 3.25 -34.903 -13.75 7.798 -35.861 -13.75 
3 16 3.25 -34.903 -13.75 3.082 -37.484 -13.75 7.798 -35.861 -13.75 
3 16 3.25 -31.753 -13.75 2.515 -36.148 -13.75 3.25 -34.903 -13.75 
3 16 2.515 -36.148 -13.75 3.082 -37.484 -13.75 3.25 -34.903 -13.75 
3 16 2.515 -36.148 -13.75 3.25 -31.753 -13.75 1.411 -35.215 -13.75 
3 16 19.427 -30.849 -12.473 18.671 -30.422 -13.75 14.317 -37.035 -12.473 
3 16 13.864 -36.281 -13.75 14.317 -37.035 -12.473 18.671 -30.422 -13.75 
3 16 0 -39.128 -19.25 2.953 -42.182 -16 0 -42.378 -16 
3 16 2.953 -42.182 -16 2.941 -42.303 -13.75 0 -42.378 -16 
3 16 0 -42.378 -16 2.941 -42.303 -13.75 0 -42.496 -13.75 
3 16 1.063 -40.942 -13.75 0 -41.128 -13.75 0 -42.496 -13.75 
3 16 0 -42.496 -13.75 2.941 -42.303 -13.75 1.063 -40.942 -13.75 
3 16 1.999 -40.406 -13.75 1.063 -40.942 -13.75 2.941 -42.303 -13.75 
3 16 6.854 -37.858 -19.25 0 -39.128 -19.25 6.309 -36.439 -19.25 
3 16 6.309 -36.439 -19.25 0 -39.128 -19.25 0 -37.608 -19.25 
3 16 0 -39.128 -19.25 6.854 -37.858 -19.25 2.953 -42.182 -16 
3 16 7.911 -39.636 -15.583 8.018 -40.892 -16 7.436 -39.375 -16 
3 16 7.114 -42.347 -16 8.018 -40.892 -16 8.577 -42.347 -16 
3 16 7.911 -39.636 -15.583 8.577 -42.347 -16 8.018 -40.892 -16 
3 16 6.854 -37.858 -19.25 8.018 -40.892 -16 5.854 -41.599 -16 
3 16 6.854 -37.858 -19.25 5.854 -41.599 -16 2.953 -42.182 -16 
3 16 7.114 -42.347 -16 5.854 -41.599 -16 8.018 -40.892 -16 
3 16 5.883 -41.713 -13.75 2.953 -42.182 -16 5.854 -41.599 -16 
3 16 7.114 -42.347 -16 7.267 -42.563 -13.346 5.854 -41.599 -16 
3 16 7.267 -42.563 -13.346 5.883 -41.713 -13.75 5.854 -41.599 -16 
3 16 2.953 -42.182 -16 5.883 -41.713 -13.75 2.941 -42.303 -13.75 
3 16 8.567 -42.597 -11.561 7.114 -42.347 -16 8.577 -42.347 -16 
3 16 7.267 -42.563 -13.346 7.114 -42.347 -16 8.567 -42.597 -11.561 
3 16 8.577 -42.347 -16 7.911 -39.636 -15.583 10.161 -41.791 -14 
3 16 9.158 -39.178 -14 10.161 -41.791 -14 7.911 -39.636 -15.583 
3 16 9.567 -38.885 -15.583 9.158 -39.178 -14 7.911 -39.636 -15.583 
3 16 9.567 -38.885 -15.583 11.124 -38.109 -14 9.158 -39.178 -14 
3 16 10.161 -41.791 -14 9.158 -39.178 -14 12.561 -40.501 -14 
3 16 9.158 -39.178 -14 11.124 -38.109 -14 12.561 -40.501 -14 
3 16 10.585 -41.811 -10 9.321 -42.355 -10.609 10.161 -41.791 -14 
3 16 9.321 -42.355 -10.609 8.577 -42.347 -16 10.161 -41.791 -14 
3 16 11.124 -38.109 -14 9.567 -38.885 -15.583 11.152 -37.994 -15.583 
3 16 11.51 -38.162 -19.8 11.124 -38.109 -14 11.152 -37.994 -15.583 
3 16 12.561 -40.501 -14 13.331 -41.798 -13.846 12.49 -40.789 -10 
3 16 13.331 -41.798 -13.846 13.262 -42.075 -10 12.49 -40.789 -10 
3 16 10.161 -41.791 -14 12.561 -40.501 -14 12.49 -40.789 -10 
3 16 13.331 -41.798 -13.846 12.561 -40.501 -14 11.51 -38.162 -19.8 
3 16 11.51 -38.162 -19.8 12.561 -40.501 -14 11.124 -38.109 -14 
3 16 17.584 -32.374 -19.8 11.51 -38.162 -19.8 9.518 -34.847 -19.8 
3 16 17.584 -32.374 -19.8 9.518 -34.847 -19.8 14.433 -30.133 -19.8 
3 16 11.51 -38.162 -19.8 17.584 -32.374 -19.8 19.803 -36.145 -13.846 
3 16 19.803 -36.145 -13.846 13.331 -41.798 -13.846 11.51 -38.162 -19.8 
3 16 9.003 -39.795 -10.91 9.321 -42.355 -10.609 10.482 -40.289 -10 
3 16 10.482 -40.289 -10 9.321 -42.355 -10.609 10.585 -41.811 -10 
3 16 8.577 -42.347 -16 9.321 -42.355 -10.609 8.567 -42.597 -11.561 
3 16 9.003 -39.795 -10.91 8.567 -42.597 -11.561 9.321 -42.355 -10.609 
3 16 7.267 -42.563 -13.346 8.567 -42.597 -11.561 7.963 -39.449 -12.738 
3 16 9.003 -39.795 -10.91 7.963 -39.449 -12.738 8.567 -42.597 -11.561 
3 16 7.267 -42.563 -13.346 7.963 -39.449 -12.738 5.832 -39.656 -13.75 
3 16 5.832 -39.656 -13.75 1.999 -40.406 -13.75 5.883 -41.713 -13.75 
3 16 2.941 -42.303 -13.75 5.883 -41.713 -13.75 1.999 -40.406 -13.75 
3 16 7.267 -42.563 -13.346 5.832 -39.656 -13.75 5.883 -41.713 -13.75 
3 16 21.494 -20.517 -19.8 20.98 -24.701 -19.8 17.626 -20.517 -19.8 
3 16 20.98 -24.701 -19.8 17.195 -23.91 -19.8 17.626 -20.517 -19.8 
3 16 20.98 -24.701 -19.8 17.584 -32.374 -19.8 17.195 -23.91 -19.8 
3 16 17.584 -32.374 -19.8 14.433 -30.133 -19.8 17.195 -23.91 -19.8 
3 16 24.039 -20.213 -14 24.25 -20.003 -10 25.548 -20.205 -13.846 
3 16 24.25 -20.003 -10 25.75 -20.003 -10 25.548 -20.205 -13.846 
3 16 25.548 -20.205 -13.846 21.249 -20.291 -15.5 24.039 -20.213 -14 
3 16 21.249 -20.213 -14 24.039 -20.213 -14 21.249 -20.291 -15.5 
3 16 21.249 -20.213 -14 23.949 -17.909 -14 24.039 -20.213 -14 
3 16 24.035 -28.665 -13.846 20.98 -24.701 -19.8 21.494 -20.517 -19.8 
3 16 25.548 -20.205 -13.846 21.494 -20.517 -19.8 21.249 -20.291 -15.5 
3 16 19.496 -20.383 -17.25 21.249 -20.291 -15.5 21.494 -20.517 -19.8 
3 16 24.035 -28.665 -13.846 21.494 -20.517 -19.8 25.548 -20.205 -13.846 
3 16 21.185 -18.347 -14 22.1 -16.503 -16 23.949 -17.909 -14 
3 16 23.949 -17.909 -14 22.1 -16.503 -16 23.641 -16.259 -16 
3 16 21.185 -18.347 -14 23.949 -17.909 -14 21.249 -20.213 -14 
3 16 23.209 -14.15 -16 23.641 -16.259 -16 21.708 -14.58 -16 
3 16 23.641 -16.259 -16 22.1 -16.503 -16 21.708 -14.58 -16 
3 16 21.708 -14.58 -16 23.432 -13.758 -10 23.209 -14.15 -16 
3 16 21.05 -17.094 -15.5 21.185 -18.347 -14 21.249 -20.291 -15.5 
3 16 21.249 -20.291 -15.5 21.185 -18.347 -14 21.249 -20.213 -14 
3 16 22.1 -16.503 -16 21.185 -18.347 -14 21.05 -17.094 -15.5 
3 16 22.1 -16.503 -16 21.05 -17.094 -15.5 20.495 -16.757 -16 
3 16 16.563 -10.441 -19.25 18.89 -17.011 -19.25 15.246 -11.201 -19.25 
3 16 15.246 -11.201 -19.25 18.89 -17.011 -19.25 17.388 -17.249 -19.25 
3 16 18.89 -17.011 -19.25 21.708 -14.58 -16 22.1 -16.503 -16 
3 16 16.563 -10.441 -19.25 19.377 -8.816 -16 18.89 -17.011 -19.25 
3 16 19.377 -8.816 -16 21.708 -14.58 -16 18.89 -17.011 -19.25 
3 16 12.036 -5.14 -19.25 16.563 -10.441 -19.25 11.079 -6.322 -19.25 
3 16 11.079 -6.322 -19.25 16.563 -10.441 -19.25 15.246 -11.201 -19.25 
3 16 14.081 -2.615 -16 15.551 -3.915 -16 12.036 -5.14 -19.25 
3 16 15.551 -3.915 -16 16.563 -10.441 -19.25 12.036 -5.14 -19.25 
3 16 13.044 -3.228 -15.5 14.081 -2.615 -16 13.058 -3.877 -16 
3 16 15.063 -1.402 -16 15.551 -3.915 -16 14.081 -2.615 -16 
3 16 12.027 -2.484 -14 15.063 -1.402 -16 14.081 -2.615 -16 
3 16 12.027 -2.484 -14 14.081 -2.615 -16 13.044 -3.228 -15.5 
3 16 19.377 -8.816 -16 16.563 -10.441 -19.25 15.551 -3.915 -16 
3 16 16.674 -2.831 -16 15.551 -3.915 -16 15.063 -1.402 -16 
3 16 17.124 -2.833 -10 16.001 -3.917 -10 16.674 -2.831 -16 
3 16 16.674 -2.831 -16 16.001 -3.917 -10 15.551 -3.915 -16 
3 16 10.118 -1.317 -14 12.027 -2.484 -14 11.588 -2.191 -15.5 
3 16 11.588 -2.191 -15.5 12.027 -2.484 -14 13.044 -3.228 -15.5 
3 16 15.063 -1.402 -16 12.027 -2.484 -14 13.788 -0.31 -14 
3 16 13.788 -0.31 -14 12.027 -2.484 -14 11.471 1.124 -14 
3 16 12.027 -2.484 -14 10.118 -1.317 -14 11.471 1.124 -14 
3 16 10.118 -1.317 -14 11.588 -2.191 -15.5 10.049 -1.279 -15.5 
3 16 11.957 2.14 -15.3 11.757 1.206 -10 11.471 1.124 -14 
3 16 11.957 2.14 -15.3 11.471 1.124 -14 11.66 1.606 -15.3 
3 16 10.118 -1.317 -14 10.049 -1.279 -15.5 11.471 1.124 -14 
3 16 10.049 -1.279 -15.5 11.66 1.606 -15.3 11.471 1.124 -14 
3 16 8.123 -4.426 -18.55 8.094 -0.144 -18.55 10.003 -1.033 -18.55 
3 16 9.466 2.653 -15.3 11.66 1.606 -15.3 8.094 -0.144 -18.55 
3 16 10.003 -1.033 -18.55 8.094 -0.144 -18.55 11.66 1.606 -15.3 
3 16 4.168 -2.995 -18.55 8.094 -0.144 -18.55 8.123 -4.426 -18.55 
3 16 8.094 -0.144 -18.55 4.168 -2.995 -18.55 6.107 0.555 -18.55 
3 16 4.168 -2.995 -18.55 0 -2.435 -18.55 0 -0.969 -18.55 
3 16 11.66 1.606 -15.3 9.466 2.653 -15.3 11.957 2.14 -15.3 
3 16 9.466 2.653 -15.3 11.374 5.062 -15.3 11.957 2.14 -15.3 
3 16 8.843 9.502 -18.55 0 9.463 -18.55 4.469 10.473 -18.55 
3 16 4.469 10.473 -18.55 0 9.463 -18.55 0 10.799 -18.55 
3 16 0 9.463 -18.55 2.607 8.762 -18.55 0 9.463 -17.863 
3 16 2.607 8.762 -18.55 2.607 8.762 -17.863 0 9.463 -17.863 
3 16 2.607 8.762 -18.55 0 9.463 -18.55 8.843 9.502 -18.55 
3 16 0 -0.969 -17.863 2.607 -0.269 -17.863 0 -0.969 -18.55 
3 16 2.607 -0.269 -17.863 2.607 -0.269 -18.55 0 -0.969 -18.55 
3 16 0 -0.969 -18.55 2.607 -0.269 -18.55 4.168 -2.995 -18.55 
3 16 8.843 9.502 -18.55 6.954 10.274 -13.511 7.875 10.085 -12.841 
3 16 7.788 1.607 -12.918 7.875 10.085 -12.841 6.905 4.036 -13.532 
3 16 6.954 10.274 -13.511 6.905 4.036 -13.532 7.875 10.085 -12.841 
3 16 8.843 9.502 -18.55 7.875 10.085 -12.841 9.055 9.616 -15.3 
3 16 8.994 9.873 -10.919 9.055 9.616 -15.3 7.875 10.085 -12.841 
3 16 8.655 -3.232 -11.472 8.994 9.873 -10.919 7.875 10.085 -12.841 
3 16 7.875 10.085 -12.841 7.788 1.607 -12.918 8.655 -3.232 -11.472 
3 16 8.655 -3.232 -11.472 7.937 -1.015 -12.771 8.087 -2.948 -12.574 
3 16 10.066 9.164 -15.3 8.994 9.873 -10.919 10.545 9.281 -10.046 
3 16 10.545 9.281 -10.046 8.994 9.873 -10.919 9.565 -3.731 -10.433 
3 16 8.994 9.873 -10.919 8.655 -3.232 -11.472 9.565 -3.731 -10.433 
3 16 10.066 9.164 -15.3 9.055 9.616 -15.3 8.994 9.873 -10.919 
3 16 7.179 3.478 -15.3 9.055 9.616 -15.3 10.066 9.164 -15.3 
3 16 6.107 0.555 -18.55 8.843 9.502 -18.55 7.179 3.478 -15.3 
3 16 7.179 3.478 -15.3 8.843 9.502 -18.55 9.055 9.616 -15.3 
3 16 8.843 9.502 -18.55 6.107 0.555 -18.55 5.216 4.246 -18.55 
3 16 4.516 1.639 -18.55 5.216 4.246 -18.55 6.107 0.555 -18.55 
3 16 4.516 6.854 -18.55 8.843 9.502 -18.55 5.216 4.246 -18.55 
3 16 2.607 8.762 -18.55 8.843 9.502 -18.55 4.516 6.854 -18.55 
3 16 7.937 -1.015 -12.771 8.655 -3.232 -11.472 7.788 1.607 -12.918 
3 16 8.087 -2.948 -12.574 7.937 -1.015 -12.771 7.533 -2.697 -13.161 
3 16 10.782 -1.993 -10.013 11.757 1.206 -10 10.545 9.281 -10.046 
3 16 9.565 -3.731 -10.433 10.782 -1.993 -10.013 10.545 9.281 -10.046 
3 16 7.179 3.478 -15.3 10.066 9.164 -15.3 10.793 7.982 -15.3 
3 16 10.793 7.982 -15.3 11.374 5.062 -15.3 7.179 3.478 -15.3 
3 16 11.374 5.062 -15.3 9.466 2.653 -15.3 7.179 3.478 -15.3 
3 16 9.466 2.653 -15.3 8.094 -0.144 -18.55 7.179 3.478 -15.3 
3 16 8.094 -0.144 -18.55 6.107 0.555 -18.55 7.179 3.478 -15.3 
3 16 6.107 0.555 -18.55 4.168 -2.995 -18.55 2.607 -0.269 -18.55 
3 16 4.516 1.639 -18.55 6.107 0.555 -18.55 2.607 -0.269 -18.55 
3 16 2.607 -0.269 -17.863 4.516 1.639 -17.863 2.607 -0.269 -18.55 
3 16 2.607 -0.269 -18.55 4.516 1.639 -17.863 4.516 1.639 -18.55 
3 16 4.516 1.639 -17.863 5.216 4.247 -17.863 4.516 1.639 -18.55 
3 16 5.216 4.247 -17.863 5.216 4.246 -18.55 4.516 1.639 -18.55 
3 16 4.516 6.854 -18.55 5.216 4.246 -18.55 4.516 6.854 -17.863 
3 16 5.216 4.247 -17.863 4.516 6.854 -17.863 5.216 4.246 -18.55 
3 16 4.516 6.854 -17.863 2.607 8.762 -17.863 4.516 6.854 -18.55 
3 16 4.516 6.854 -18.55 2.607 8.762 -17.863 2.607 8.762 -18.55 
3 16 17.584 -32.374 -19.8 24.035 -28.665 -13.846 19.803 -36.145 -13.846 
3 16 24.035 -28.665 -13.846 17.584 -32.374 -19.8 20.98 -24.701 -19.8 
3 16 -14.9 -16.753 -17.25 -12.859 -11.991 -17.25 -14.9 -16.753 -13.75 
3 16 -12.859 -11.991 -17.25 -12.859 -11.99 -13.75 -14.9 -16.753 -13.75 
3 16 -18.593 -16.753 -13.75 -14.9 -16.753 -13.75 -16.317 -10.516 -13.75 
3 16 -16.317 -10.516 -13.75 -14.9 -16.753 -13.75 -12.859 -11.99 -13.75 
3 16 -14.9 -16.753 -17.25 -14.9 -16.753 -13.75 -9 -16.753 -17.25 
3 16 -9 -16.753 -17.25 -14.9 -16.753 -13.75 -9 -16.753 -13.75 
3 16 -9 -16.753 -13.75 -14.9 -16.753 -13.75 -18.29 -16.753 -10 
3 16 -18.29 -16.753 -10 -14.9 -16.753 -13.75 -18.593 -16.753 -13.75 
3 16 -12.859 -11.991 -17.25 -8.013 -7.145 -17.25 -12.859 -11.99 -13.75 
3 16 -8.013 -7.145 -17.25 -8.013 -7.145 -13.75 -12.859 -11.99 -13.75 
3 16 -9.964 -8.392 -13.75 -12.859 -11.99 -13.75 -8.013 -7.145 -13.75 
3 16 -16.317 -10.516 -13.75 -12.859 -11.99 -13.75 -9.964 -8.392 -13.75 
3 16 -3.25 -5.104 -17.25 -3.25 -5.104 -13.75 -8.013 -7.145 -17.25 
3 16 -8.013 -7.145 -17.25 -3.25 -5.104 -13.75 -8.013 -7.145 -13.75 
3 16 -9.964 -8.392 -13.75 -8.013 -7.145 -13.75 -7.506 -6.671 -13.75 
3 16 -8.013 -7.145 -13.75 -3.25 -5.104 -13.75 -7.506 -6.671 -13.75 
3 16 -3.25 -5.104 -13.75 -9.565 -3.731 -13.75 -7.506 -6.671 -13.75 
3 16 -3.25 -8.253 -13.75 -3.25 -5.104 -13.75 -3.25 -8.253 -17.25 
3 16 -3.25 -8.253 -17.25 -3.25 -5.104 -13.75 -3.25 -5.104 -17.25 
3 16 -9.565 -3.731 -13.75 -3.25 -5.104 -13.75 -7.533 -2.697 -13.75 
3 16 -7.533 -2.697 -13.75 -3.25 -5.104 -13.75 7.533 -2.697 -13.75 
3 16 7.533 -2.697 -13.75 -3.25 -5.104 -13.75 3.25 -5.104 -13.75 
3 16 3.25 -5.104 -13.75 -3.25 -5.104 -13.75 -3.25 -8.253 -13.75 
3 16 3.25 -8.253 -13.75 3.25 -5.104 -13.75 -3.25 -8.253 -13.75 
3 16 -5.832 10.498 -13.75 -5.832 5.472 -13.75 0 11.05 -13.75 
3 16 5.832 10.498 -13.75 0 11.05 -13.75 5.832 5.472 -13.75 
3 16 0 11.05 -13.75 -5.832 5.472 -13.75 5.832 5.472 -13.75 
3 16 -7.981 -0.552 -13.75 -7.533 -2.697 -13.75 7.981 -0.552 -13.75 
3 16 7.832 1.627 -13.75 -7.832 1.627 -13.75 -7.981 -0.552 -13.75 
3 16 -7.832 1.627 -13.75 6.905 4.036 -13.75 -6.905 4.036 -13.75 
3 16 7.533 -2.697 -13.75 7.981 -0.552 -13.75 -7.533 -2.697 -13.75 
3 16 7.832 1.627 -13.75 -7.981 -0.552 -13.75 7.981 -0.552 -13.75 
3 16 -7.832 1.627 -13.75 7.832 1.627 -13.75 6.905 4.036 -13.75 
3 16 -5.832 5.472 -13.75 -6.905 4.036 -13.75 5.832 5.472 -13.75 
3 16 5.832 5.472 -13.75 -6.905 4.036 -13.75 6.905 4.036 -13.75 
3 16 -8.15 -4.517 -17.25 -11.013 -6.403 -17.25 -12.272 -4.849 -17.25 
3 16 -11.013 -6.403 -17.25 -3.25 -5.104 -17.25 -8.013 -7.145 -17.25 
3 16 3.25 -8.253 -17.25 -3.25 -8.253 -17.25 -3.25 -5.104 -17.25 
3 16 3.25 -8.253 -17.25 -3.25 -5.104 -17.25 0 -2.503 -17.25 
3 16 0 -2.503 -17.25 -3.25 -5.104 -17.25 -4.184 -3.069 -17.25 
3 16 -4.184 -3.069 -17.25 -3.25 -5.104 -17.25 -8.15 -4.517 -17.25 
3 16 -8.15 -4.517 -17.25 -3.25 -5.104 -17.25 -11.013 -6.403 -17.25 
3 16 -8.013 -7.145 -17.25 -12.859 -11.991 -17.25 -11.013 -6.403 -17.25 
3 16 -11.013 -6.403 -17.25 -12.859 -11.991 -17.25 -15.155 -11.253 -17.25 
3 16 -17.285 -17.266 -17.25 -15.155 -11.253 -17.25 -14.9 -16.753 -17.25 
3 16 -15.155 -11.253 -17.25 -12.859 -11.991 -17.25 -14.9 -16.753 -17.25 
3 16 -9 -23.253 -17.25 -14.9 -23.253 -17.25 -14.9 -16.753 -17.25 
3 16 -14.9 -16.753 -17.25 -9 -16.753 -17.25 -9 -23.253 -17.25 
3 16 -18.29 -16.753 -10 -3.25 -16.753 -13.75 -9 -16.753 -13.75 
3 16 -3.25 -23.253 -13.75 -3.25 -16.753 -13.75 -18.29 -23.253 -10 
3 16 -18.29 -23.253 -10 -3.25 -16.753 -13.75 -18.29 -16.753 -10 
3 16 -18.593 -16.753 -13.75 -18.593 -16.753 -10 -18.29 -16.753 -10 
3 16 -18.29 -16.753 -10 -18.593 -16.753 -10 -24.25 -20.003 -10 
3 16 -24.25 -20.003 -10 -18.593 -16.753 -10 -24.045 -16.854 -10 
3 16 -24.25 -20.003 -10 -22.011 -23.253 -10 -18.29 -16.753 -10 
3 16 -22.011 -23.253 -10 -18.29 -23.253 -10 -18.29 -16.753 -10 
3 16 -18.593 -16.753 -10 -18.593 -16.753 -13.75 -16.317 -10.516 -10 
3 16 -16.317 -10.516 -10 -18.593 -16.753 -13.75 -16.317 -10.516 -13.75 
3 16 -16.317 -10.516 -10 -21.932 -14.189 -10 -18.593 -16.753 -10 
3 16 -18.593 -16.753 -10 -21.932 -14.189 -10 -24.045 -16.854 -10 
3 16 -3.25 -8.253 -17.25 3.25 -8.253 -17.25 -3.25 -8.253 -13.75 
3 16 -3.25 -8.253 -13.75 3.25 -8.253 -17.25 3.25 -8.253 -13.75 
3 16 0 -2.435 -18.55 0 -2.503 -17.25 -4.168 -2.995 -18.55 
3 16 -4.168 -2.995 -18.55 0 -2.503 -17.25 -4.184 -3.069 -17.25 
3 16 -8.123 -4.426 -18.55 -4.184 -3.069 -17.25 -8.15 -4.517 -17.25 
3 16 -4.184 -3.069 -17.25 -8.123 -4.426 -18.55 -4.168 -2.995 -18.55 
3 16 -12.272 -4.849 -17.25 -10.746 -3.731 -17.25 -8.15 -4.517 -17.25 
3 16 -10.746 -3.731 -17.25 -9.12 -2.767 -17.25 -8.15 -4.517 -17.25 
3 16 -10.003 -1.033 -18.55 -8.123 -4.426 -18.55 -9.12 -2.767 -17.25 
3 16 -8.15 -4.517 -17.25 -9.12 -2.767 -17.25 -8.123 -4.426 -18.55 
3 16 -10.049 -1.279 -15.5 -9.12 -2.767 -17.25 -10.746 -3.731 -17.25 
3 16 -10.049 -1.279 -15.5 -11.66 1.606 -15.3 -9.12 -2.767 -17.25 
3 16 -9.12 -2.767 -17.25 -11.66 1.606 -15.3 -10.003 -1.033 -18.55 
3 16 -12.272 -4.849 -17.25 -13.044 -3.228 -15.5 -10.746 -3.731 -17.25 
3 16 -10.746 -3.731 -17.25 -13.044 -3.228 -15.5 -11.588 -2.191 -15.5 
3 16 -10.049 -1.279 -15.5 -10.746 -3.731 -17.25 -11.588 -2.191 -15.5 
3 16 -12.272 -4.849 -17.25 -11.013 -6.403 -17.25 -12.036 -5.14 -19.25 
3 16 -12.036 -5.14 -19.25 -11.013 -6.403 -17.25 -11.079 -6.322 -19.25 
3 16 -12.036 -5.14 -19.25 -14.081 -2.615 -16 -12.272 -4.849 -17.25 
3 16 -12.272 -4.849 -17.25 -14.081 -2.615 -16 -13.058 -3.877 -16 
3 16 -12.272 -4.849 -17.25 -13.058 -3.877 -16 -13.044 -3.228 -15.5 
3 16 -11.079 -6.322 -19.25 -11.013 -6.403 -17.25 -15.246 -11.201 -19.25 
3 16 -15.246 -11.201 -19.25 -11.013 -6.403 -17.25 -15.155 -11.253 -17.25 
3 16 -15.246 -11.201 -19.25 -15.155 -11.253 -17.25 -17.388 -17.249 -19.25 
3 16 -17.388 -17.249 -19.25 -15.155 -11.253 -17.25 -17.285 -17.266 -17.25 
3 16 -19.496 -20.383 -17.25 -19.26 -16.953 -17.25 -17.285 -17.266 -17.25 
3 16 -19.26 -16.953 -17.25 -18.89 -17.011 -19.25 -17.285 -17.266 -17.25 
3 16 -17.388 -17.249 -19.25 -17.285 -17.266 -17.25 -18.89 -17.011 -19.25 
3 16 -19.496 -20.383 -17.25 -17.285 -17.266 -17.25 -17.496 -20.383 -17.25 
3 16 -17.285 -17.266 -17.25 -14.9 -16.753 -17.25 -17.496 -20.383 -17.25 
3 16 -21.05 -17.094 -15.5 -20.495 -16.757 -16 -19.496 -20.383 -17.25 
3 16 -20.495 -16.757 -16 -19.26 -16.953 -17.25 -19.496 -20.383 -17.25 
3 16 -18.89 -17.011 -19.25 -19.26 -16.953 -17.25 -22.1 -16.503 -16 
3 16 -22.1 -16.503 -16 -19.26 -16.953 -17.25 -20.495 -16.757 -16 
3 16 -19.496 -20.383 -17.25 -21.249 -20.291 -15.5 -21.05 -17.094 -15.5 
3 16 -17.626 -20.517 -19.8 -19.496 -20.383 -17.25 -17.496 -20.383 -17.25 
3 16 -21.494 -20.517 -19.8 -19.496 -20.383 -17.25 -17.626 -20.517 -19.8 
3 16 -14.9 -23.253 -17.25 -17.082 -23.804 -17.25 -17.496 -20.383 -17.25 
3 16 -17.626 -20.517 -19.8 -17.496 -20.383 -17.25 -17.082 -23.804 -17.25 
3 16 -14.9 -23.253 -17.25 -17.496 -20.383 -17.25 -14.9 -16.753 -17.25 
3 16 -14.309 -30.078 -17.25 -17.082 -23.804 -17.25 -12.859 -28.016 -17.25 
3 16 -12.859 -28.016 -17.25 -17.082 -23.804 -17.25 -14.9 -23.253 -17.25 
3 16 -17.195 -23.91 -19.8 -17.082 -23.804 -17.25 -14.433 -30.133 -19.8 
3 16 -14.433 -30.133 -19.8 -17.082 -23.804 -17.25 -14.309 -30.078 -17.25 
3 16 -17.082 -23.804 -17.25 -17.195 -23.91 -19.8 -17.626 -20.517 -19.8 
3 16 -8.013 -32.862 -17.25 -14.309 -30.078 -17.25 -12.859 -28.016 -17.25 
3 16 -8.013 -32.862 -17.25 -9.337 -34.804 -17.25 -14.309 -30.078 -17.25 
3 16 -9.518 -34.847 -19.8 -14.309 -30.078 -17.25 -9.337 -34.804 -17.25 
3 16 -14.309 -30.078 -17.25 -9.518 -34.847 -19.8 -14.433 -30.133 -19.8 
3 16 -6.988 -38.208 -17.25 -10.367 -36.519 -17.25 -6.271 -36.341 -17.25 
3 16 -10.367 -36.519 -17.25 -9.337 -34.804 -17.25 -6.271 -36.341 -17.25 
3 16 -9.518 -34.847 -19.8 -9.337 -34.804 -17.25 -11.51 -38.162 -19.8 
3 16 -9.337 -34.804 -17.25 -10.367 -36.519 -17.25 -11.51 -38.162 -19.8 
3 16 -3.25 -34.903 -17.25 -6.271 -36.341 -17.25 -8.013 -32.862 -17.25 
3 16 -8.013 -32.862 -17.25 -6.271 -36.341 -17.25 -9.337 -34.804 -17.25 
3 16 -10.367 -36.519 -17.25 -11.152 -37.994 -15.583 -11.51 -38.162 -19.8 
3 16 -10.367 -36.519 -17.25 -6.988 -38.208 -17.25 -9.567 -38.885 -15.583 
3 16 -9.567 -38.885 -15.583 -6.988 -38.208 -17.25 -7.911 -39.636 -15.583 
3 16 -11.152 -37.994 -15.583 -10.367 -36.519 -17.25 -9.567 -38.885 -15.583 
3 16 -6.988 -38.208 -17.25 -6.271 -36.341 -17.25 -6.854 -37.858 -19.25 
3 16 -6.854 -37.858 -19.25 -6.271 -36.341 -17.25 -6.309 -36.439 -19.25 
3 16 -6.854 -37.858 -19.25 -8.018 -40.892 -16 -6.988 -38.208 -17.25 
3 16 -6.988 -38.208 -17.25 -8.018 -40.892 -16 -7.436 -39.375 -16 
3 16 -6.988 -38.208 -17.25 -7.436 -39.375 -16 -7.911 -39.636 -15.583 
3 16 0 -37.503 -17.25 -6.271 -36.341 -17.25 -3.25 -34.903 -17.25 
3 16 -6.309 -36.439 -19.25 -6.271 -36.341 -17.25 0 -37.608 -19.25 
3 16 0 -37.608 -19.25 -6.271 -36.341 -17.25 0 -37.503 -17.25 
3 16 -3.25 -31.753 -17.25 3.25 -31.753 -17.25 -3.25 -34.903 -17.25 
3 16 0 -37.503 -17.25 -3.25 -34.903 -17.25 3.25 -34.903 -17.25 
3 16 -3.25 -34.903 -17.25 3.25 -31.753 -17.25 3.25 -34.903 -17.25 
3 16 3.25 -31.753 -17.25 -3.25 -31.753 -17.25 3.25 -31.753 -13.75 
3 16 3.25 -31.753 -13.75 -3.25 -31.753 -17.25 -3.25 -31.753 -13.75 
3 16 -3.25 -31.753 -17.25 -3.25 -34.903 -17.25 -3.25 -31.753 -13.75 
3 16 -3.25 -31.753 -13.75 -3.25 -34.903 -17.25 -3.25 -34.903 -13.75 
3 16 -3.25 -34.903 -13.75 -3.25 -34.903 -17.25 -8.013 -32.862 -13.75 
3 16 -8.013 -32.862 -13.75 -3.25 -34.903 -17.25 -8.013 -32.862 -17.25 
3 16 -12.859 -28.016 -13.75 -8.013 -32.862 -13.75 -12.859 -28.016 -17.25 
3 16 -8.013 -32.862 -13.75 -8.013 -32.862 -17.25 -12.859 -28.016 -17.25 
3 16 -14.9 -23.253 -13.75 -12.859 -28.016 -13.75 -14.9 -23.253 -17.25 
3 16 -12.859 -28.016 -13.75 -12.859 -28.016 -17.25 -14.9 -23.253 -17.25 
3 16 -14.9 -23.253 -13.75 -14.9 -23.253 -17.25 -9 -23.253 -17.25 
3 16 -18.29 -23.253 -10 -14.9 -23.253 -13.75 -9 -23.253 -13.75 
3 16 -9 -23.253 -17.25 -9 -23.253 -13.75 -14.9 -23.253 -13.75 
3 16 -9.964 -8.392 -13.75 -12.022 -5.452 -13.75 -16.317 -10.516 -13.75 
3 16 -16.317 -10.516 -10 -16.317 -10.516 -13.75 -12.022 -5.452 -10 
3 16 -12.022 -5.452 -10 -16.317 -10.516 -13.75 -12.022 -5.452 -13.75 
3 16 -12.022 -5.452 -10 -12.022 -5.452 -13.75 -9.964 -8.392 -10 
3 16 -12.022 -5.452 -13.75 -9.964 -8.392 -13.75 -9.964 -8.392 -10 
3 16 -9.964 -8.392 -10 -9.964 -8.392 -13.75 -7.506 -6.671 -10 
3 16 -7.506 -6.671 -10 -9.964 -8.392 -13.75 -7.506 -6.671 -13.75 
3 16 -7.506 -6.671 -10 -7.506 -6.671 -13.75 -9.565 -3.731 -10.433 
3 16 -9.565 -3.731 -10.433 -7.506 -6.671 -13.75 -9.565 -3.731 -13.75 
3 16 -9.565 -3.731 -10.433 -9.565 -3.731 -13.75 -8.655 -3.232 -11.472 
3 16 -7.533 -2.697 -13.75 -8.087 -2.948 -12.574 -9.565 -3.731 -13.75 
3 16 -7.981 -0.552 -13.75 -7.937 -1.015 -12.771 -7.533 -2.697 -13.75 
3 16 -7.533 -2.697 -13.161 -7.533 -2.697 -13.75 -7.937 -1.015 -12.771 
3 16 -8.655 -3.232 -11.472 -9.565 -3.731 -13.75 -8.087 -2.948 -12.574 
3 16 -8.087 -2.948 -12.574 -7.533 -2.697 -13.75 -7.533 -2.697 -13.161 
3 16 -7.937 -1.015 -12.771 -7.981 -0.552 -13.75 -7.788 1.607 -12.918 
3 16 -7.981 -0.552 -13.75 -7.832 1.627 -13.75 -7.788 1.607 -12.918 
3 16 -6.905 4.036 -13.532 -7.788 1.607 -12.918 -6.905 4.036 -13.75 
3 16 -7.788 1.607 -12.918 -7.832 1.627 -13.75 -6.905 4.036 -13.75 
3 16 -6.905 4.036 -13.532 -6.905 4.036 -13.75 -5.832 5.472 -13.75 
3 16 -6.905 4.036 -13.532 -5.832 5.472 -13.75 -6.954 10.274 -13.511 
3 16 -5.832 5.472 -13.75 -5.832 10.498 -13.75 -6.954 10.274 -13.511 
3 16 -4.469 10.473 -18.55 -5.832 10.498 -13.75 0 11.05 -13.75 
3 16 -5.832 10.498 -13.75 -4.469 10.473 -18.55 -6.954 10.274 -13.511 
3 16 -8.843 9.502 -18.55 -6.954 10.274 -13.511 -4.469 10.473 -18.55 
3 16 -4.469 10.473 -18.55 0 11.05 -13.75 0 10.799 -18.55 
3 16 -21.932 -14.189 -10 -16.317 -10.516 -10 -19.573 -8.703 -10 
3 16 -12.022 -5.452 -10 -16.001 -3.917 -10 -16.317 -10.516 -10 
3 16 -19.573 -8.703 -10 -16.317 -10.516 -10 -16.001 -3.917 -10 
3 16 -10.782 -1.993 -10.013 -12.022 -5.452 -10 -7.506 -6.671 -10 
3 16 -7.506 -6.671 -10 -12.022 -5.452 -10 -9.964 -8.392 -10 
3 16 -14.9 -23.253 -13.75 -18.29 -23.253 -10 -21.133 -23.253 -13.75 
3 16 -18.29 -23.253 -10 -22.011 -23.253 -10 -21.133 -23.253 -13.75 
3 16 -9 -23.253 -13.75 -3.25 -23.253 -13.75 -18.29 -23.253 -10 
3 16 -19.427 -30.849 -10 -22.011 -23.253 -10 -24.248 -28.67 -10 
3 16 -22.011 -23.253 -12.473 -22.011 -23.253 -10 -19.427 -30.849 -12.473 
3 16 -19.427 -30.849 -12.473 -22.011 -23.253 -10 -19.427 -30.849 -10 
3 16 -25.75 -20.003 -10 -24.248 -28.67 -10 -24.25 -20.003 -10 
3 16 -24.248 -28.67 -10 -22.011 -23.253 -10 -24.25 -20.003 -10 
3 16 -22.011 -23.253 -12.473 -21.133 -23.253 -13.75 -22.011 -23.253 -10 
3 16 -19.427 -30.849 -10 -24.248 -28.67 -10 -19.917 -36.324 -10 
3 16 -14.317 -37.035 -10 -19.427 -30.849 -10 -19.917 -36.324 -10 
3 16 -19.427 -30.849 -12.473 -19.427 -30.849 -10 -14.317 -37.035 -12.473 
3 16 -14.317 -37.035 -12.473 -19.427 -30.849 -10 -14.317 -37.035 -10 
3 16 -7.798 -35.861 -10 -11.963 -33.117 -10 -14.317 -37.035 -10 
3 16 -14.317 -37.035 -12.473 -14.317 -37.035 -10 -11.963 -33.117 -10 
3 16 -3.082 -37.484 -10 -7.798 -35.861 -10 -14.317 -37.035 -10 
3 16 -11.963 -33.117 -13.75 -11.963 -33.117 -10 -7.798 -35.861 -13.75 
3 16 -7.798 -35.861 -13.75 -11.963 -33.117 -10 -7.798 -35.861 -10 
3 16 -14.317 -37.035 -12.473 -11.963 -33.117 -10 -13.864 -36.281 -13.75 
3 16 -11.963 -33.117 -10 -11.963 -33.117 -13.75 -13.864 -36.281 -13.75 
3 16 -7.798 -35.861 -13.75 -7.798 -35.861 -10 -3.082 -37.484 -13.75 
3 16 -3.082 -37.484 -13.75 -7.798 -35.861 -10 -3.082 -37.484 -10 
3 16 0 -34.878 -10 -1.411 -35.215 -10 -3.082 -37.484 -10 
3 16 -2.515 -36.148 -10 -3.082 -37.484 -10 -1.411 -35.215 -10 
3 16 -3.082 -37.484 -13.75 -3.082 -37.484 -10 -2.515 -36.148 -13.75 
3 16 -2.515 -36.148 -13.75 -3.082 -37.484 -10 -2.515 -36.148 -10 
3 16 0 -34.878 -10 -3.082 -37.484 -10 -1.999 -40.406 -10 
3 16 -1.999 -40.406 -10 -3.082 -37.484 -10 -4.641 -39.971 -10 
3 16 -7.205 -39.195 -10 -4.641 -39.971 -10 -3.082 -37.484 -10 
3 16 -2.515 -36.148 -13.75 -2.515 -36.148 -10 -1.411 -35.215 -13.75 
3 16 -1.411 -35.215 -13.75 -2.515 -36.148 -10 -1.411 -35.215 -10 
3 16 -1.411 -35.215 -13.75 -1.411 -35.215 -10 0 -34.878 -13.75 
3 16 0 -34.878 -13.75 -1.411 -35.215 -10 0 -34.878 -10 
3 16 0 -41.128 -10 0 -34.878 -10 -1.063 -40.942 -10 
3 16 -1.063 -40.942 -10 0 -34.878 -10 -1.999 -40.406 -10 
3 16 0 -41.128 -13.75 0 -41.128 -10 -1.063 -40.942 -13.75 
3 16 -1.063 -40.942 -13.75 0 -41.128 -10 -1.063 -40.942 -10 
3 16 -1.063 -40.942 -13.75 -1.063 -40.942 -10 -1.999 -40.406 -13.75 
3 16 -1.999 -40.406 -13.75 -1.063 -40.942 -10 -1.999 -40.406 -10 
3 16 -1.999 -40.406 -13.75 -1.999 -40.406 -10 -4.641 -39.971 -10 
3 16 -5.832 -39.656 -13.75 -4.641 -39.971 -10 -7.205 -39.195 -10 
3 16 -5.832 -39.656 -13.75 -1.999 -40.406 -13.75 -4.641 -39.971 -10 
3 16 -19.917 -36.324 -10 -12.49 -40.789 -10 -14.317 -37.035 -10 
3 16 -3.082 -37.484 -10 -14.317 -37.035 -10 -7.205 -39.195 -10 
3 16 -7.205 -39.195 -10 -14.317 -37.035 -10 -10.482 -40.289 -10 
3 16 -10.482 -40.289 -10 -14.317 -37.035 -10 -12.49 -40.789 -10 
3 16 -9.003 -39.795 -10.91 -7.205 -39.195 -10 -10.482 -40.289 -10 
3 16 -7.963 -39.449 -12.738 -7.205 -39.195 -10 -9.003 -39.795 -10.91 
3 16 -5.832 -39.656 -13.75 -7.205 -39.195 -10 -7.963 -39.449 -12.738 
3 16 -12.49 -40.789 -10 -10.585 -41.811 -10 -10.482 -40.289 -10 
3 16 -10.161 -41.791 -14 -10.585 -41.811 -10 -12.49 -40.789 -10 
3 16 -19.917 -36.324 -10 -13.262 -42.075 -10 -12.49 -40.789 -10 
3 16 -13.262 -42.075 -10 -19.917 -36.324 -10 -13.331 -41.798 -13.846 
3 16 -13.331 -41.798 -13.846 -19.917 -36.324 -10 -19.803 -36.145 -13.846 
3 16 -24.248 -28.67 -10 -24.035 -28.665 -13.846 -19.917 -36.324 -10 
3 16 -19.803 -36.145 -13.846 -19.917 -36.324 -10 -24.035 -28.665 -13.846 
3 16 -25.75 -20.003 -10 -25.548 -20.205 -13.846 -24.248 -28.67 -10 
3 16 -25.548 -20.205 -13.846 -24.035 -28.665 -13.846 -24.248 -28.67 -10 
3 16 -23.949 -17.909 -14 -24.25 -20.003 -10 -24.045 -16.854 -10 
3 16 -24.25 -20.003 -10 -23.949 -17.909 -14 -24.039 -20.213 -14 
3 16 -21.932 -14.189 -10 -23.432 -13.758 -10 -24.045 -16.854 -10 
3 16 -23.641 -16.259 -16 -24.045 -16.854 -10 -23.432 -13.758 -10 
3 16 -23.641 -16.259 -16 -23.949 -17.909 -14 -24.045 -16.854 -10 
3 16 -23.432 -13.758 -10 -21.932 -14.189 -10 -21.708 -14.58 -16 
3 16 -23.641 -16.259 -16 -23.432 -13.758 -10 -23.209 -14.15 -16 
3 16 -21.708 -14.58 -16 -21.932 -14.189 -10 -19.377 -8.816 -16 
3 16 -21.932 -14.189 -10 -19.573 -8.703 -10 -19.377 -8.816 -16 
3 16 -19.377 -8.816 -16 -19.573 -8.703 -10 -16.001 -3.917 -10 
3 16 -12.022 -5.452 -10 -14.581 -0.626 -10 -16.001 -3.917 -10 
3 16 -17.124 -2.833 -10 -16.001 -3.917 -10 -14.581 -0.626 -10 
3 16 -19.377 -8.816 -16 -16.001 -3.917 -10 -15.551 -3.915 -16 
3 16 -12.022 -5.452 -10 -11.757 1.206 -10 -14.581 -0.626 -10 
3 16 -13.788 -0.31 -14 -14.581 -0.626 -10 -11.757 1.206 -10 
3 16 -14.581 -0.626 -10 -15.063 -1.402 -16 -17.124 -2.833 -10 
3 16 -17.124 -2.833 -10 -15.063 -1.402 -16 -16.674 -2.831 -16 
3 16 -15.063 -1.402 -16 -14.581 -0.626 -10 -13.788 -0.31 -14 
3 16 -10.545 9.281 -10.046 -11.801 5.2 -10 -11.757 1.206 -10 
3 16 -12.356 2.288 -10 -11.757 1.206 -10 -11.801 5.2 -10 
3 16 -11.957 2.14 -15.3 -11.757 1.206 -10 -12.356 2.288 -10 
3 16 -10.782 -1.993 -10.013 -11.757 1.206 -10 -12.022 -5.452 -10 
3 16 -13.788 -0.31 -14 -11.757 1.206 -10 -11.471 1.124 -14 
3 16 -11.957 2.14 -15.3 -12.356 2.288 -10 -11.374 5.062 -15.3 
3 16 -12.356 2.288 -10 -11.801 5.2 -10 -11.374 5.062 -15.3 
3 16 -11.247 8.112 -10 -11.801 5.2 -10 -10.545 9.281 -10.046 
3 16 -11.374 5.062 -15.3 -11.801 5.2 -10 -10.793 7.982 -15.3 
3 16 -11.801 5.2 -10 -11.247 8.112 -10 -10.793 7.982 -15.3 
3 16 -10.793 7.982 -15.3 -11.247 8.112 -10 -10.545 9.281 -10.046 
3 16 -10.793 7.982 -15.3 -10.545 9.281 -10.046 -10.066 9.164 -15.3 
3 16 -10.782 -1.993 -10.013 -7.506 -6.671 -10 -9.565 -3.731 -10.433 
3 16 -13.864 -36.281 -13.75 -14.9 -23.253 -13.75 -18.671 -30.422 -13.75 
3 16 -14.9 -23.253 -13.75 -21.133 -23.253 -13.75 -18.671 -30.422 -13.75 
3 16 -13.864 -36.281 -13.75 -12.859 -28.016 -13.75 -14.9 -23.253 -13.75 
3 16 -22.011 -23.253 -12.473 -19.427 -30.849 -12.473 -21.133 -23.253 -13.75 
3 16 -21.133 -23.253 -13.75 -19.427 -30.849 -12.473 -18.671 -30.422 -13.75 
3 16 -11.963 -33.117 -13.75 -12.859 -28.016 -13.75 -13.864 -36.281 -13.75 
3 16 -12.859 -28.016 -13.75 -11.963 -33.117 -13.75 -8.013 -32.862 -13.75 
3 16 -7.798 -35.861 -13.75 -8.013 -32.862 -13.75 -11.963 -33.117 -13.75 
3 16 -8.013 -32.862 -13.75 -7.798 -35.861 -13.75 -3.25 -34.903 -13.75 
3 16 -3.25 -34.903 -13.75 -7.798 -35.861 -13.75 -3.082 -37.484 -13.75 
3 16 -3.25 -31.753 -13.75 -3.25 -34.903 -13.75 -2.515 -36.148 -13.75 
3 16 -2.515 -36.148 -13.75 -3.25 -34.903 -13.75 -3.082 -37.484 -13.75 
3 16 1.411 -35.215 -13.75 3.25 -31.753 -13.75 0 -34.878 -13.75 
3 16 0 -34.878 -13.75 3.25 -31.753 -13.75 -3.25 -31.753 -13.75 
3 16 -1.411 -35.215 -13.75 0 -34.878 -13.75 -3.25 -31.753 -13.75 
3 16 -2.515 -36.148 -13.75 -1.411 -35.215 -13.75 -3.25 -31.753 -13.75 
3 16 -19.427 -30.849 -12.473 -14.317 -37.035 -12.473 -18.671 -30.422 -13.75 
3 16 -13.864 -36.281 -13.75 -18.671 -30.422 -13.75 -14.317 -37.035 -12.473 
3 16 0 -39.128 -19.25 0 -42.378 -16 -2.953 -42.182 -16 
3 16 -2.953 -42.182 -16 0 -42.378 -16 -2.941 -42.303 -13.75 
3 16 0 -42.378 -16 0 -42.496 -13.75 -2.941 -42.303 -13.75 
3 16 -1.063 -40.942 -13.75 0 -42.496 -13.75 0 -41.128 -13.75 
3 16 0 -42.496 -13.75 -1.063 -40.942 -13.75 -2.941 -42.303 -13.75 
3 16 -1.999 -40.406 -13.75 -2.941 -42.303 -13.75 -1.063 -40.942 -13.75 
3 16 -6.854 -37.858 -19.25 -6.309 -36.439 -19.25 0 -39.128 -19.25 
3 16 -6.309 -36.439 -19.25 0 -37.608 -19.25 0 -39.128 -19.25 
3 16 -5.854 -41.599 -16 -8.018 -40.892 -16 -6.854 -37.858 -19.25 
3 16 -7.911 -39.636 -15.583 -7.436 -39.375 -16 -8.018 -40.892 -16 
3 16 -7.114 -42.347 -16 -8.577 -42.347 -16 -8.018 -40.892 -16 
3 16 -7.911 -39.636 -15.583 -8.018 -40.892 -16 -8.577 -42.347 -16 
3 16 -2.953 -42.182 -16 -5.854 -41.599 -16 -6.854 -37.858 -19.25 
3 16 -2.953 -42.182 -16 -6.854 -37.858 -19.25 0 -39.128 -19.25 
3 16 -7.114 -42.347 -16 -8.018 -40.892 -16 -5.854 -41.599 -16 
3 16 -5.883 -41.713 -13.75 -5.854 -41.599 -16 -2.953 -42.182 -16 
3 16 -7.114 -42.347 -16 -5.854 -41.599 -16 -7.267 -42.563 -13.346 
3 16 -7.267 -42.563 -13.346 -5.854 -41.599 -16 -5.883 -41.713 -13.75 
3 16 -2.953 -42.182 -16 -2.941 -42.303 -13.75 -5.883 -41.713 -13.75 
3 16 -8.567 -42.597 -11.561 -8.577 -42.347 -16 -7.114 -42.347 -16 
3 16 -7.267 -42.563 -13.346 -8.567 -42.597 -11.561 -7.114 -42.347 -16 
3 16 -8.577 -42.347 -16 -10.161 -41.791 -14 -7.911 -39.636 -15.583 
3 16 -9.158 -39.178 -14 -7.911 -39.636 -15.583 -10.161 -41.791 -14 
3 16 -9.567 -38.885 -15.583 -7.911 -39.636 -15.583 -9.158 -39.178 -14 
3 16 -9.567 -38.885 -15.583 -9.158 -39.178 -14 -11.124 -38.109 -14 
3 16 -10.161 -41.791 -14 -12.561 -40.501 -14 -9.158 -39.178 -14 
3 16 -9.158 -39.178 -14 -12.561 -40.501 -14 -11.124 -38.109 -14 
3 16 -10.585 -41.811 -10 -10.161 -41.791 -14 -9.321 -42.355 -10.609 
3 16 -9.321 -42.355 -10.609 -10.161 -41.791 -14 -8.577 -42.347 -16 
3 16 -11.124 -38.109 -14 -11.152 -37.994 -15.583 -9.567 -38.885 -15.583 
3 16 -11.51 -38.162 -19.8 -11.152 -37.994 -15.583 -11.124 -38.109 -14 
3 16 -12.561 -40.501 -14 -12.49 -40.789 -10 -13.331 -41.798 -13.846 
3 16 -13.331 -41.798 -13.846 -12.49 -40.789 -10 -13.262 -42.075 -10 
3 16 -10.161 -41.791 -14 -12.49 -40.789 -10 -12.561 -40.501 -14 
3 16 -13.331 -41.798 -13.846 -11.51 -38.162 -19.8 -12.561 -40.501 -14 
3 16 -11.51 -38.162 -19.8 -11.124 -38.109 -14 -12.561 -40.501 -14 
3 16 -17.584 -32.374 -19.8 -9.518 -34.847 -19.8 -11.51 -38.162 -19.8 
3 16 -17.584 -32.374 -19.8 -14.433 -30.133 -19.8 -9.518 -34.847 -19.8 
3 16 -11.51 -38.162 -19.8 -19.803 -36.145 -13.846 -17.584 -32.374 -19.8 
3 16 -19.803 -36.145 -13.846 -11.51 -38.162 -19.8 -13.331 -41.798 -13.846 
3 16 -9.003 -39.795 -10.91 -10.482 -40.289 -10 -9.321 -42.355 -10.609 
3 16 -10.482 -40.289 -10 -10.585 -41.811 -10 -9.321 -42.355 -10.609 
3 16 -8.577 -42.347 -16 -8.567 -42.597 -11.561 -9.321 -42.355 -10.609 
3 16 -9.003 -39.795 -10.91 -9.321 -42.355 -10.609 -8.567 -42.597 -11.561 
3 16 -7.267 -42.563 -13.346 -7.963 -39.449 -12.738 -8.567 -42.597 -11.561 
3 16 -9.003 -39.795 -10.91 -8.567 -42.597 -11.561 -7.963 -39.449 -12.738 
3 16 -7.267 -42.563 -13.346 -5.832 -39.656 -13.75 -7.963 -39.449 -12.738 
3 16 -5.832 -39.656 -13.75 -5.883 -41.713 -13.75 -1.999 -40.406 -13.75 
3 16 -2.941 -42.303 -13.75 -1.999 -40.406 -13.75 -5.883 -41.713 -13.75 
3 16 -7.267 -42.563 -13.346 -5.883 -41.713 -13.75 -5.832 -39.656 -13.75 
3 16 -21.494 -20.517 -19.8 -17.626 -20.517 -19.8 -20.98 -24.701 -19.8 
3 16 -20.98 -24.701 -19.8 -17.626 -20.517 -19.8 -17.195 -23.91 -19.8 
3 16 -20.98 -24.701 -19.8 -17.195 -23.91 -19.8 -17.584 -32.374 -19.8 
3 16 -17.584 -32.374 -19.8 -17.195 -23.91 -19.8 -14.433 -30.133 -19.8 
3 16 -24.039 -20.213 -14 -25.548 -20.205 -13.846 -24.25 -20.003 -10 
3 16 -24.25 -20.003 -10 -25.548 -20.205 -13.846 -25.75 -20.003 -10 
3 16 -25.548 -20.205 -13.846 -24.039 -20.213 -14 -21.249 -20.291 -15.5 
3 16 -21.249 -20.213 -14 -21.249 -20.291 -15.5 -24.039 -20.213 -14 
3 16 -21.249 -20.213 -14 -24.039 -20.213 -14 -23.949 -17.909 -14 
3 16 -24.035 -28.665 -13.846 -21.494 -20.517 -19.8 -20.98 -24.701 -19.8 
3 16 -25.548 -20.205 -13.846 -21.249 -20.291 -15.5 -21.494 -20.517 -19.8 
3 16 -19.496 -20.383 -17.25 -21.494 -20.517 -19.8 -21.249 -20.291 -15.5 
3 16 -24.035 -28.665 -13.846 -25.548 -20.205 -13.846 -21.494 -20.517 -19.8 
3 16 -21.185 -18.347 -14 -23.949 -17.909 -14 -22.1 -16.503 -16 
3 16 -23.949 -17.909 -14 -23.641 -16.259 -16 -22.1 -16.503 -16 
3 16 -21.185 -18.347 -14 -21.249 -20.213 -14 -23.949 -17.909 -14 
3 16 -23.209 -14.15 -16 -21.708 -14.58 -16 -23.641 -16.259 -16 
3 16 -23.641 -16.259 -16 -21.708 -14.58 -16 -22.1 -16.503 -16 
3 16 -21.708 -14.58 -16 -23.209 -14.15 -16 -23.432 -13.758 -10 
3 16 -21.05 -17.094 -15.5 -21.249 -20.291 -15.5 -21.185 -18.347 -14 
3 16 -21.249 -20.291 -15.5 -21.249 -20.213 -14 -21.185 -18.347 -14 
3 16 -22.1 -16.503 -16 -21.05 -17.094 -15.5 -21.185 -18.347 -14 
3 16 -22.1 -16.503 -16 -20.495 -16.757 -16 -21.05 -17.094 -15.5 
3 16 -16.563 -10.441 -19.25 -15.246 -11.201 -19.25 -18.89 -17.011 -19.25 
3 16 -15.246 -11.201 -19.25 -17.388 -17.249 -19.25 -18.89 -17.011 -19.25 
3 16 -18.89 -17.011 -19.25 -22.1 -16.503 -16 -21.708 -14.58 -16 
3 16 -16.563 -10.441 -19.25 -18.89 -17.011 -19.25 -19.377 -8.816 -16 
3 16 -19.377 -8.816 -16 -18.89 -17.011 -19.25 -21.708 -14.58 -16 
3 16 -12.036 -5.14 -19.25 -11.079 -6.322 -19.25 -16.563 -10.441 -19.25 
3 16 -11.079 -6.322 -19.25 -15.246 -11.201 -19.25 -16.563 -10.441 -19.25 
3 16 -14.081 -2.615 -16 -12.036 -5.14 -19.25 -15.551 -3.915 -16 
3 16 -15.551 -3.915 -16 -12.036 -5.14 -19.25 -16.563 -10.441 -19.25 
3 16 -13.044 -3.228 -15.5 -13.058 -3.877 -16 -14.081 -2.615 -16 
3 16 -15.063 -1.402 -16 -14.081 -2.615 -16 -15.551 -3.915 -16 
3 16 -12.027 -2.484 -14 -14.081 -2.615 -16 -15.063 -1.402 -16 
3 16 -12.027 -2.484 -14 -13.044 -3.228 -15.5 -14.081 -2.615 -16 
3 16 -19.377 -8.816 -16 -15.551 -3.915 -16 -16.563 -10.441 -19.25 
3 16 -16.674 -2.831 -16 -15.063 -1.402 -16 -15.551 -3.915 -16 
3 16 -17.124 -2.833 -10 -16.674 -2.831 -16 -16.001 -3.917 -10 
3 16 -16.674 -2.831 -16 -15.551 -3.915 -16 -16.001 -3.917 -10 
3 16 -10.118 -1.317 -14 -11.588 -2.191 -15.5 -12.027 -2.484 -14 
3 16 -11.588 -2.191 -15.5 -13.044 -3.228 -15.5 -12.027 -2.484 -14 
3 16 -15.063 -1.402 -16 -13.788 -0.31 -14 -12.027 -2.484 -14 
3 16 -13.788 -0.31 -14 -11.471 1.124 -14 -12.027 -2.484 -14 
3 16 -12.027 -2.484 -14 -11.471 1.124 -14 -10.118 -1.317 -14 
3 16 -10.118 -1.317 -14 -10.049 -1.279 -15.5 -11.588 -2.191 -15.5 
3 16 -11.957 2.14 -15.3 -11.471 1.124 -14 -11.757 1.206 -10 
3 16 -11.957 2.14 -15.3 -11.66 1.606 -15.3 -11.471 1.124 -14 
3 16 -10.118 -1.317 -14 -11.471 1.124 -14 -10.049 -1.279 -15.5 
3 16 -10.049 -1.279 -15.5 -11.471 1.124 -14 -11.66 1.606 -15.3 
3 16 -8.094 -0.144 -18.55 -4.168 -2.995 -18.55 -8.123 -4.426 -18.55 
3 16 -9.466 2.653 -15.3 -8.094 -0.144 -18.55 -11.66 1.606 -15.3 
3 16 -10.003 -1.033 -18.55 -11.66 1.606 -15.3 -8.094 -0.144 -18.55 
3 16 0 -2.435 -18.55 -4.168 -2.995 -18.55 -2.607 -0.269 -18.55 
3 16 -4.168 -2.995 -18.55 -6.107 0.555 -18.55 -2.607 -0.269 -18.55 
3 16 -2.607 -0.269 -18.55 0 -0.969 -18.55 0 -2.435 -18.55 
3 16 -11.66 1.606 -15.3 -11.957 2.14 -15.3 -9.466 2.653 -15.3 
3 16 -9.466 2.653 -15.3 -11.957 2.14 -15.3 -11.374 5.062 -15.3 
3 16 -8.843 9.502 -18.55 -4.469 10.473 -18.55 0 9.463 -18.55 
3 16 -4.469 10.473 -18.55 0 10.799 -18.55 0 9.463 -18.55 
3 16 0 9.463 -18.55 0 9.463 -17.863 -2.607 8.762 -18.55 
3 16 -2.607 8.762 -18.55 0 9.463 -17.863 -2.607 8.762 -17.863 
3 16 -2.607 8.762 -18.55 -8.843 9.502 -18.55 0 9.463 -18.55 
3 16 0 -0.969 -17.863 0 -0.969 -18.55 -2.607 -0.269 -17.863 
3 16 -2.607 -0.269 -17.863 0 -0.969 -18.55 -2.607 -0.269 -18.55 
3 16 0 -0.969 -17.863 -2.607 -0.269 -17.863 2.607 -0.269 -17.863 
3 16 -2.607 -0.269 -17.863 -4.516 1.639 -17.863 2.607 -0.269 -17.863 
3 16 2.607 -0.269 -17.863 -4.516 1.639 -17.863 4.516 1.639 -17.863 
3 16 -4.516 1.639 -17.863 -5.216 4.247 -17.863 4.516 1.639 -17.863 
3 16 4.516 1.639 -17.863 -5.216 4.247 -17.863 5.216 4.247 -17.863 
3 16 -4.516 6.854 -17.863 5.216 4.247 -17.863 -5.216 4.247 -17.863 
3 16 -2.607 8.762 -17.863 4.516 6.854 -17.863 -4.516 6.854 -17.863 
3 16 -2.607 8.762 -17.863 0 9.463 -17.863 2.607 8.762 -17.863 
3 16 -2.607 8.762 -17.863 2.607 8.762 -17.863 4.516 6.854 -17.863 
3 16 -4.516 6.854 -17.863 4.516 6.854 -17.863 5.216 4.247 -17.863 
3 16 -8.094 -0.144 -18.55 -8.123 -4.426 -18.55 -10.003 -1.033 -18.55 
3 16 -8.843 9.502 -18.55 -7.875 10.085 -12.841 -6.954 10.274 -13.511 
3 16 -7.788 1.607 -12.918 -6.905 4.036 -13.532 -7.875 10.085 -12.841 
3 16 -6.954 10.274 -13.511 -7.875 10.085 -12.841 -6.905 4.036 -13.532 
3 16 -8.843 9.502 -18.55 -9.055 9.616 -15.3 -7.875 10.085 -12.841 
3 16 -8.994 9.873 -10.919 -7.875 10.085 -12.841 -9.055 9.616 -15.3 
3 16 -8.655 -3.232 -11.472 -7.875 10.085 -12.841 -8.994 9.873 -10.919 
3 16 -7.875 10.085 -12.841 -8.655 -3.232 -11.472 -7.788 1.607 -12.918 
3 16 -8.655 -3.232 -11.472 -8.087 -2.948 -12.574 -7.937 -1.015 -12.771 
3 16 -10.066 9.164 -15.3 -10.545 9.281 -10.046 -8.994 9.873 -10.919 
3 16 -10.545 9.281 -10.046 -9.565 -3.731 -10.433 -8.994 9.873 -10.919 
3 16 -8.994 9.873 -10.919 -9.565 -3.731 -10.433 -8.655 -3.232 -11.472 
3 16 -10.066 9.164 -15.3 -8.994 9.873 -10.919 -9.055 9.616 -15.3 
3 16 -7.179 3.478 -15.3 -10.066 9.164 -15.3 -9.055 9.616 -15.3 
3 16 -6.107 0.555 -18.55 -7.179 3.478 -15.3 -8.843 9.502 -18.55 
3 16 -7.179 3.478 -15.3 -9.055 9.616 -15.3 -8.843 9.502 -18.55 
3 16 -8.843 9.502 -18.55 -5.216 4.246 -18.55 -6.107 0.555 -18.55 
3 16 -4.516 1.639 -18.55 -6.107 0.555 -18.55 -5.216 4.246 -18.55 
3 16 -4.516 6.854 -18.55 -5.216 4.246 -18.55 -8.843 9.502 -18.55 
3 16 -2.607 8.762 -18.55 -4.516 6.854 -18.55 -8.843 9.502 -18.55 
3 16 -7.937 -1.015 -12.771 -7.788 1.607 -12.918 -8.655 -3.232 -11.472 
3 16 -8.087 -2.948 -12.574 -7.533 -2.697 -13.161 -7.937 -1.015 -12.771 
3 16 -10.782 -1.993 -10.013 -10.545 9.281 -10.046 -11.757 1.206 -10 
3 16 -9.565 -3.731 -10.433 -10.545 9.281 -10.046 -10.782 -1.993 -10.013 
3 16 -7.179 3.478 -15.3 -10.793 7.982 -15.3 -10.066 9.164 -15.3 
3 16 -10.793 7.982 -15.3 -7.179 3.478 -15.3 -11.374 5.062 -15.3 
3 16 -11.374 5.062 -15.3 -7.179 3.478 -15.3 -9.466 2.653 -15.3 
3 16 -9.466 2.653 -15.3 -7.179 3.478 -15.3 -8.094 -0.144 -18.55 
3 16 -8.094 -0.144 -18.55 -7.179 3.478 -15.3 -6.107 0.555 -18.55 
3 16 -4.168 -2.995 -18.55 -8.094 -0.144 -18.55 -6.107 0.555 -18.55 
3 16 -4.516 1.639 -18.55 -2.607 -0.269 -18.55 -6.107 0.555 -18.55 
3 16 -2.607 -0.269 -17.863 -2.607 -0.269 -18.55 -4.516 1.639 -17.863 
3 16 -2.607 -0.269 -18.55 -4.516 1.639 -18.55 -4.516 1.639 -17.863 
3 16 -4.516 1.639 -17.863 -4.516 1.639 -18.55 -5.216 4.247 -17.863 
3 16 -5.216 4.247 -17.863 -4.516 1.639 -18.55 -5.216 4.246 -18.55 
3 16 -4.516 6.854 -18.55 -4.516 6.854 -17.863 -5.216 4.246 -18.55 
3 16 -5.216 4.247 -17.863 -5.216 4.246 -18.55 -4.516 6.854 -17.863 
3 16 -4.516 6.854 -17.863 -4.516 6.854 -18.55 -2.607 8.762 -17.863 
3 16 -4.516 6.854 -18.55 -2.607 8.762 -18.55 -2.607 8.762 -17.863 
3 16 -17.584 -32.374 -19.8 -19.803 -36.145 -13.846 -24.035 -28.665 -13.846 
3 16 -24.035 -28.665 -13.846 -20.98 -24.701 -19.8 -17.584 -32.374 -19.8 
3 16 9 -11.753 -19.8 1.75 -11.753 -19.8 9 -11.753 -13.75 
3 16 1.75 -11.753 -19.8 1.75 -11.753 -13.75 9 -11.753 -13.75 
3 16 9 -28.253 -19.8 9 -11.753 -19.8 9 -11.753 -13.75 
3 16 1.75 -28.253 -19.8 1.75 -11.753 -19.8 9 -28.253 -19.8 
3 16 1.75 -11.753 -19.8 9 -11.753 -19.8 9 -28.253 -19.8 
3 16 9 -28.253 -19.8 9 -11.753 -13.75 9 -28.253 -13.75 
3 16 1.75 -11.753 -13.75 9 -28.253 -13.75 9 -11.753 -13.75 
3 16 9 -28.253 -13.75 1.75 -11.753 -13.75 1.75 -28.253 -13.75 
3 16 1.75 -11.753 -13.75 1.75 -11.753 -19.8 1.75 -28.253 -13.75 
3 16 1.75 -11.753 -19.8 1.75 -28.253 -19.8 1.75 -28.253 -13.75 
3 16 1.75 -28.253 -19.8 9 -28.253 -19.8 1.75 -28.253 -13.75 
3 16 9 -28.253 -19.8 9 -28.253 -13.75 1.75 -28.253 -13.75 
3 16 -9 -11.753 -19.8 -9 -11.753 -13.75 -1.75 -11.753 -19.8 
3 16 -9 -11.753 -13.75 -1.75 -11.753 -13.75 -1.75 -11.753 -19.8 
3 16 -9 -28.253 -19.8 -9 -11.753 -13.75 -9 -11.753 -19.8 
3 16 -1.75 -28.253 -19.8 -9 -28.253 -19.8 -1.75 -11.753 -19.8 
3 16 -9 -28.253 -19.8 -9 -11.753 -19.8 -1.75 -11.753 -19.8 
3 16 -9 -11.753 -13.75 -9 -28.253 -19.8 -9 -28.253 -13.75 
3 16 -1.75 -11.753 -13.75 -9 -11.753 -13.75 -9 -28.253 -13.75 
3 16 -9 -28.253 -13.75 -1.75 -28.253 -13.75 -1.75 -11.753 -13.75 
3 16 -1.75 -11.753 -13.75 -1.75 -28.253 -13.75 -1.75 -11.753 -19.8 
3 16 -1.75 -28.253 -13.75 -1.75 -28.253 -19.8 -1.75 -11.753 -19.8 
3 16 -1.75 -28.253 -19.8 -1.75 -28.253 -13.75 -9 -28.253 -19.8 
3 16 -1.75 -28.253 -13.75 -9 -28.253 -13.75 -9 -28.253 -19.8 
3 16 1.75 -16.753 -13.75 -1.75 -16.753 -13.75 -1.75 -23.253 -13.75 
3 16 1.75 -16.753 -13.75 -1.75 -23.253 -13.75 1.75 -23.253 -13.75 
3 16 1.75 -16.753 -19.8 -1.75 -16.753 -19.8 1.75 -16.753 -13.75 
3 16 -1.75 -16.753 -13.75 1.75 -16.753 -13.75 -1.75 -16.753 -19.8 
3 16 1.75 -23.253 -19.8 1.75 -23.253 -13.75 -1.75 -23.253 -19.8 
3 16 1.75 -23.253 -13.75 -1.75 -23.253 -13.75 -1.75 -23.253 -19.8 
3 16 1.75 -23.253 -19.8 -1.75 -23.253 -19.8 -1.75 -16.753 -19.8 
3 16 1.75 -23.253 -19.8 -1.75 -16.753 -19.8 1.75 -16.753 -19.8 
2 24 2 3.458 0 3.464 1.994 0 
2 24 3.464 1.994 -13.75 2 3.458 -13.75 
2 24 0 3.994 0 2 3.458 0 
2 24 2 3.458 -13.75 0 3.994 -13.75 
2 24 -2 3.458 0 0 3.994 0 
2 24 0 3.994 -13.75 -2 3.458 -13.75 
2 24 -3.464 1.994 0 -2 3.458 0 
2 24 -2 3.458 -13.75 -3.464 1.994 -13.75 
2 24 -4 -0.006 0 -3.464 1.994 0 
2 24 -3.464 1.994 -13.75 -4 -0.006 -13.75 
2 24 -3.464 -2.006 0 -4 -0.006 0 
2 24 -4 -0.006 -13.75 -3.464 -2.006 -13.75 
2 24 -2 -3.47 0 -3.464 -2.006 0 
2 24 -3.464 -2.006 -13.75 -2 -3.47 -13.75 
2 24 0 -4.006 0 -2 -3.47 0 
2 24 -2 -3.47 -13.75 0 -4.006 -13.75 
2 24 2 -3.47 0 0 -4.006 0 
2 24 0 -4.006 -13.75 2 -3.47 -13.75 
2 24 3.464 -2.006 0 2 -3.47 0 
2 24 2 -3.47 -13.75 3.464 -2.006 -13.75 
2 24 4 -0.006 0 3.464 -2.006 0 
2 24 3.464 -2.006 -13.75 4 -0.006 -13.75 
2 24 3.464 1.994 0 4 -0.006 0 
2 24 4 -0.006 -13.75 3.464 1.994 -13.75 
2 24 14.9 -16.753 -17.25 14.9 -16.753 -13.75 
2 24 12.859 -11.991 -17.25 14.9 -16.753 -17.25 
2 24 14.9 -16.753 -13.75 12.859 -11.99 -13.75 
2 24 18.593 -16.753 -13.75 16.317 -10.516 -13.75 
2 24 14.9 -16.753 -13.75 18.593 -16.753 -13.75 
2 24 14.9 -16.753 -17.25 9 -16.753 -17.25 
2 24 9 -16.753 -17.25 9 -16.753 -13.75 
2 24 8.013 -7.145 -17.25 12.859 -11.991 -17.25 
2 24 12.859 -11.99 -13.75 8.013 -7.145 -13.75 
2 24 3.25 -5.104 -17.25 8.013 -7.145 -17.25 
2 24 3.25 -5.104 -13.75 3.25 -5.104 -17.25 
2 24 8.013 -7.145 -13.75 3.25 -5.104 -13.75 
2 24 9.964 -8.392 -13.75 7.506 -6.671 -13.75 
2 24 7.506 -6.671 -13.75 9.565 -3.731 -13.75 
2 24 3.25 -8.253 -13.75 3.25 -8.253 -17.25 
2 24 3.25 -5.104 -13.75 3.25 -8.253 -13.75 
2 24 3.25 -8.253 -17.25 3.25 -5.104 -17.25 
2 24 9.565 -3.731 -13.75 7.533 -2.697 -13.75 
2 24 12.272 -4.849 -17.25 11.013 -6.403 -17.25 
2 24 0 -2.503 -17.25 4.184 -3.069 -17.25 
2 24 4.184 -3.069 -17.25 8.15 -4.517 -17.25 
2 24 11.013 -6.403 -17.25 15.155 -11.253 -17.25 
2 24 15.155 -11.253 -17.25 17.285 -17.266 -17.25 
2 24 14.9 -23.253 -17.25 9 -23.253 -17.25 
2 24 9 -23.253 -17.25 9 -16.753 -17.25 
2 24 9 -16.753 -13.75 3.25 -16.753 -13.75 
2 24 3.25 -16.753 -13.75 18.29 -16.753 -10 
2 24 3.25 -23.253 -13.75 18.29 -23.253 -10 
2 24 3.25 -16.753 -13.75 3.25 -23.253 -13.75 
2 24 18.29 -23.253 -10 18.29 -16.753 -10 
2 24 18.29 -16.753 -10 18.593 -16.753 -10 
2 24 18.593 -16.753 -10 18.593 -16.753 -13.75 
2 24 24.25 -20.003 -10 24.045 -16.854 -10 
2 24 18.29 -23.253 -10 22.011 -23.253 -10 
2 24 18.593 -16.753 -10 16.317 -10.516 -10 
2 24 0 -2.435 -18.55 4.168 -2.995 -18.55 
2 24 8.123 -4.426 -18.55 8.15 -4.517 -17.25 
2 24 4.168 -2.995 -18.55 8.123 -4.426 -18.55 
2 24 10.746 -3.731 -17.25 12.272 -4.849 -17.25 
2 24 8.15 -4.517 -17.25 9.12 -2.767 -17.25 
2 24 9.12 -2.767 -17.25 10.746 -3.731 -17.25 
2 24 8.123 -4.426 -18.55 10.003 -1.033 -18.55 
2 24 9.12 -2.767 -17.25 10.049 -1.279 -15.5 
2 24 10.003 -1.033 -18.55 11.66 1.606 -15.3 
2 24 11.588 -2.191 -15.5 13.044 -3.228 -15.5 
2 24 10.049 -1.279 -15.5 11.588 -2.191 -15.5 
2 24 12.036 -5.14 -19.25 11.079 -6.322 -19.25 
2 24 11.079 -6.322 -19.25 11.013 -6.403 -17.25 
2 24 14.081 -2.615 -16 12.036 -5.14 -19.25 
2 24 12.272 -4.849 -17.25 13.058 -3.877 -16 
2 24 13.058 -3.877 -16 14.081 -2.615 -16 
2 24 13.044 -3.228 -15.5 13.058 -3.877 -16 
2 24 11.079 -6.322 -19.25 15.246 -11.201 -19.25 
2 24 15.246 -11.201 -19.25 17.388 -17.249 -19.25 
2 24 17.388 -17.249 -19.25 17.285 -17.266 -17.25 
2 24 17.285 -17.266 -17.25 19.26 -16.953 -17.25 
2 24 19.26 -16.953 -17.25 19.496 -20.383 -17.25 
2 24 17.388 -17.249 -19.25 18.89 -17.011 -19.25 
2 24 19.496 -20.383 -17.25 17.496 -20.383 -17.25 
2 24 20.495 -16.757 -16 21.05 -17.094 -15.5 
2 24 19.26 -16.953 -17.25 20.495 -16.757 -16 
2 24 18.89 -17.011 -19.25 22.1 -16.503 -16 
2 24 22.1 -16.503 -16 20.495 -16.757 -16 
2 24 21.05 -17.094 -15.5 21.249 -20.291 -15.5 
2 24 21.249 -20.291 -15.5 19.496 -20.383 -17.25 
2 24 17.626 -20.517 -19.8 17.496 -20.383 -17.25 
2 24 21.494 -20.517 -19.8 17.626 -20.517 -19.8 
2 24 17.496 -20.383 -17.25 17.082 -23.804 -17.25 
2 24 17.082 -23.804 -17.25 14.309 -30.078 -17.25 
2 24 12.859 -28.016 -17.25 14.9 -23.253 -17.25 
2 24 17.195 -23.91 -19.8 14.433 -30.133 -19.8 
2 24 17.626 -20.517 -19.8 17.195 -23.91 -19.8 
2 24 8.013 -32.862 -17.25 12.859 -28.016 -17.25 
2 24 14.309 -30.078 -17.25 9.337 -34.804 -17.25 
2 24 9.518 -34.847 -19.8 9.337 -34.804 -17.25 
2 24 14.433 -30.133 -19.8 9.518 -34.847 -19.8 
2 24 6.988 -38.208 -17.25 6.271 -36.341 -17.25 
2 24 10.367 -36.519 -17.25 6.988 -38.208 -17.25 
2 24 9.337 -34.804 -17.25 10.367 -36.519 -17.25 
2 24 9.518 -34.847 -19.8 11.51 -38.162 -19.8 
2 24 3.25 -34.903 -17.25 8.013 -32.862 -17.25 
2 24 11.152 -37.994 -15.583 10.367 -36.519 -17.25 
2 24 9.567 -38.885 -15.583 7.911 -39.636 -15.583 
2 24 11.152 -37.994 -15.583 9.567 -38.885 -15.583 
2 24 6.854 -37.858 -19.25 6.309 -36.439 -19.25 
2 24 6.309 -36.439 -19.25 6.271 -36.341 -17.25 
2 24 8.018 -40.892 -16 6.854 -37.858 -19.25 
2 24 6.988 -38.208 -17.25 7.436 -39.375 -16 
2 24 7.436 -39.375 -16 8.018 -40.892 -16 
2 24 7.911 -39.636 -15.583 7.436 -39.375 -16 
2 24 6.271 -36.341 -17.25 0 -37.503 -17.25 
2 24 6.309 -36.439 -19.25 0 -37.608 -19.25 
2 24 3.25 -31.753 -17.25 3.25 -31.753 -13.75 
2 24 3.25 -34.903 -17.25 3.25 -31.753 -17.25 
2 24 3.25 -31.753 -13.75 3.25 -34.903 -13.75 
2 24 3.25 -34.903 -13.75 3.25 -34.903 -17.25 
2 24 3.25 -34.903 -13.75 8.013 -32.862 -13.75 
2 24 8.013 -32.862 -13.75 12.859 -28.016 -13.75 
2 24 14.9 -23.253 -13.75 14.9 -23.253 -17.25 
2 24 12.859 -28.016 -13.75 14.9 -23.253 -13.75 
2 24 9 -23.253 -13.75 9 -23.253 -17.25 
2 24 16.317 -10.516 -13.75 12.022 -5.452 -13.75 
2 24 12.022 -5.452 -13.75 9.964 -8.392 -13.75 
2 24 16.317 -10.516 -10 12.022 -5.452 -10 
2 24 12.022 -5.452 -10 12.022 -5.452 -13.75 
2 24 12.022 -5.452 -10 9.964 -8.392 -10 
2 24 9.964 -8.392 -10 9.964 -8.392 -13.75 
2 24 9.964 -8.392 -10 7.506 -6.671 -10 
2 24 7.506 -6.671 -10 7.506 -6.671 -13.75 
2 24 9.565 -3.731 -10.433 9.565 -3.731 -13.75 
2 24 9.565 -3.731 -10.433 8.655 -3.232 -11.472 
2 24 7.981 -0.552 -13.75 7.533 -2.697 -13.75 
2 24 7.533 -2.697 -13.161 7.937 -1.015 -12.771 
2 24 7.533 -2.697 -13.75 7.533 -2.697 -13.161 
2 24 8.655 -3.232 -11.472 8.087 -2.948 -12.574 
2 24 8.087 -2.948 -12.574 7.533 -2.697 -13.161 
2 24 7.937 -1.015 -12.771 7.788 1.607 -12.918 
2 24 7.832 1.627 -13.75 7.981 -0.552 -13.75 
2 24 7.788 1.607 -12.918 6.905 4.036 -13.532 
2 24 6.905 4.036 -13.75 7.832 1.627 -13.75 
2 24 6.905 4.036 -13.532 5.832 5.472 -13.75 
2 24 5.832 5.472 -13.75 6.905 4.036 -13.75 
2 24 6.954 10.274 -13.511 5.832 10.498 -13.75 
2 24 5.832 10.498 -13.75 5.832 5.472 -13.75 
2 24 0 11.05 -13.75 5.832 10.498 -13.75 
2 24 8.843 9.502 -18.55 4.469 10.473 -18.55 
2 24 4.469 10.473 -18.55 0 10.799 -18.55 
2 24 21.932 -14.189 -10 19.573 -8.703 -10 
2 24 19.573 -8.703 -10 16.001 -3.917 -10 
2 24 10.782 -1.993 -10.013 7.506 -6.671 -10 
2 24 12.022 -5.452 -10 10.782 -1.993 -10.013 
2 24 14.9 -23.253 -13.75 21.133 -23.253 -13.75 
2 24 3.25 -23.253 -13.75 9 -23.253 -13.75 
2 24 22.011 -23.253 -10 19.427 -30.849 -10 
2 24 22.011 -23.253 -12.473 19.427 -30.849 -12.473 
2 24 22.011 -23.253 -10 22.011 -23.253 -12.473 
2 24 25.75 -20.003 -10 24.25 -20.003 -10 
2 24 24.248 -28.67 -10 25.75 -20.003 -10 
2 24 21.133 -23.253 -13.75 22.011 -23.253 -12.473 
2 24 19.917 -36.324 -10 24.248 -28.67 -10 
2 24 19.427 -30.849 -10 14.317 -37.035 -10 
2 24 19.427 -30.849 -12.473 14.317 -37.035 -12.473 
2 24 14.317 -37.035 -12.473 14.317 -37.035 -10 
2 24 14.317 -37.035 -10 11.963 -33.117 -10 
2 24 11.963 -33.117 -10 7.798 -35.861 -10 
2 24 7.798 -35.861 -10 3.082 -37.484 -10 
2 24 11.963 -33.117 -13.75 7.798 -35.861 -13.75 
2 24 11.963 -33.117 -10 11.963 -33.117 -13.75 
2 24 14.317 -37.035 -12.473 13.864 -36.281 -13.75 
2 24 13.864 -36.281 -13.75 11.963 -33.117 -13.75 
2 24 7.798 -35.861 -13.75 3.082 -37.484 -13.75 
2 24 3.082 -37.484 -13.75 3.082 -37.484 -10 
2 24 1.411 -35.215 -10 0 -34.878 -10 
2 24 2.515 -36.148 -10 1.411 -35.215 -10 
2 24 3.082 -37.484 -10 2.515 -36.148 -10 
2 24 3.082 -37.484 -13.75 2.515 -36.148 -13.75 
2 24 1.999 -40.406 -10 4.641 -39.971 -10 
2 24 4.641 -39.971 -10 7.205 -39.195 -10 
2 24 2.515 -36.148 -13.75 1.411 -35.215 -13.75 
2 24 1.411 -35.215 -13.75 0 -34.878 -13.75 
2 24 0 -41.128 -10 1.063 -40.942 -10 
2 24 1.063 -40.942 -10 1.999 -40.406 -10 
2 24 0 -41.128 -13.75 1.063 -40.942 -13.75 
2 24 1.063 -40.942 -13.75 1.999 -40.406 -13.75 
2 24 1.999 -40.406 -13.75 1.999 -40.406 -10 
2 24 1.999 -40.406 -13.75 5.832 -39.656 -13.75 
2 24 7.205 -39.195 -10 10.482 -40.289 -10 
2 24 9.003 -39.795 -10.91 10.482 -40.289 -10 
2 24 7.963 -39.449 -12.738 9.003 -39.795 -10.91 
2 24 5.832 -39.656 -13.75 7.963 -39.449 -12.738 
2 24 10.482 -40.289 -10 10.585 -41.811 -10 
2 24 10.585 -41.811 -10 12.49 -40.789 -10 
2 24 12.49 -40.789 -10 13.262 -42.075 -10 
2 24 13.262 -42.075 -10 19.917 -36.324 -10 
2 24 13.262 -42.075 -10 13.331 -41.798 -13.846 
2 24 13.331 -41.798 -13.846 19.803 -36.145 -13.846 
2 24 19.803 -36.145 -13.846 24.035 -28.665 -13.846 
2 24 25.548 -20.205 -13.846 25.75 -20.003 -10 
2 24 24.035 -28.665 -13.846 25.548 -20.205 -13.846 
2 24 24.25 -20.003 -10 24.039 -20.213 -14 
2 24 24.039 -20.213 -14 23.949 -17.909 -14 
2 24 24.045 -16.854 -10 23.432 -13.758 -10 
2 24 23.432 -13.758 -10 21.932 -14.189 -10 
2 24 23.949 -17.909 -14 23.641 -16.259 -16 
2 24 21.708 -14.58 -16 21.932 -14.189 -10 
2 24 23.641 -16.259 -16 23.209 -14.15 -16 
2 24 23.209 -14.15 -16 23.432 -13.758 -10 
2 24 21.708 -14.58 -16 19.377 -8.816 -16 
2 24 17.124 -2.833 -10 14.581 -0.626 -10 
2 24 16.001 -3.917 -10 17.124 -2.833 -10 
2 24 19.377 -8.816 -16 15.551 -3.915 -16 
2 24 15.551 -3.915 -16 16.001 -3.917 -10 
2 24 14.581 -0.626 -10 11.757 1.206 -10 
2 24 17.124 -2.833 -10 16.674 -2.831 -16 
2 24 16.674 -2.831 -16 15.063 -1.402 -16 
2 24 15.063 -1.402 -16 13.788 -0.31 -14 
2 24 12.356 2.288 -10 11.801 5.2 -10 
2 24 11.757 1.206 -10 12.356 2.288 -10 
2 24 11.957 2.14 -15.3 12.356 2.288 -10 
2 24 11.757 1.206 -10 10.782 -1.993 -10.013 
2 24 13.788 -0.31 -14 11.471 1.124 -14 
2 24 11.471 1.124 -14 11.757 1.206 -10 
2 24 11.957 2.14 -15.3 11.374 5.062 -15.3 
2 24 11.247 8.112 -10 10.545 9.281 -10.046 
2 24 11.801 5.2 -10 11.247 8.112 -10 
2 24 11.374 5.062 -15.3 10.793 7.982 -15.3 
2 24 10.793 7.982 -15.3 10.066 9.164 -15.3 
2 24 10.782 -1.993 -10.013 9.565 -3.731 -10.433 
2 24 13.864 -36.281 -13.75 18.671 -30.422 -13.75 
2 24 18.671 -30.422 -13.75 21.133 -23.253 -13.75 
2 24 2.953 -42.182 -16 0 -42.378 -16 
2 24 2.941 -42.303 -13.75 0 -42.496 -13.75 
2 24 6.854 -37.858 -19.25 0 -39.128 -19.25 
2 24 8.018 -40.892 -16 8.577 -42.347 -16 
2 24 8.577 -42.347 -16 7.114 -42.347 -16 
2 24 8.018 -40.892 -16 5.854 -41.599 -16 
2 24 5.854 -41.599 -16 2.953 -42.182 -16 
2 24 7.114 -42.347 -16 5.854 -41.599 -16 
2 24 5.854 -41.599 -16 5.883 -41.713 -13.75 
2 24 7.267 -42.563 -13.346 5.883 -41.713 -13.75 
2 24 5.883 -41.713 -13.75 2.941 -42.303 -13.75 
2 24 8.567 -42.597 -11.561 7.267 -42.563 -13.346 
2 24 10.161 -41.791 -14 8.577 -42.347 -16 
2 24 9.158 -39.178 -14 10.161 -41.791 -14 
2 24 7.911 -39.636 -15.583 9.158 -39.178 -14 
2 24 11.124 -38.109 -14 9.158 -39.178 -14 
2 24 12.561 -40.501 -14 10.161 -41.791 -14 
2 24 11.124 -38.109 -14 12.561 -40.501 -14 
2 24 10.585 -41.811 -10 9.321 -42.355 -10.609 
2 24 11.152 -37.994 -15.583 11.124 -38.109 -14 
2 24 12.49 -40.789 -10 12.561 -40.501 -14 
2 24 11.51 -38.162 -19.8 13.331 -41.798 -13.846 
2 24 17.584 -32.374 -19.8 11.51 -38.162 -19.8 
2 24 9.321 -42.355 -10.609 8.567 -42.597 -11.561 
2 24 21.494 -20.517 -19.8 20.98 -24.701 -19.8 
2 24 20.98 -24.701 -19.8 17.584 -32.374 -19.8 
2 24 21.249 -20.213 -14 24.039 -20.213 -14 
2 24 21.249 -20.291 -15.5 21.249 -20.213 -14 
2 24 25.548 -20.205 -13.846 21.494 -20.517 -19.8 
2 24 23.949 -17.909 -14 21.185 -18.347 -14 
2 24 22.1 -16.503 -16 23.641 -16.259 -16 
2 24 21.249 -20.213 -14 21.185 -18.347 -14 
2 24 21.708 -14.58 -16 23.209 -14.15 -16 
2 24 22.1 -16.503 -16 21.708 -14.58 -16 
2 24 21.05 -17.094 -15.5 21.185 -18.347 -14 
2 24 16.563 -10.441 -19.25 18.89 -17.011 -19.25 
2 24 12.036 -5.14 -19.25 16.563 -10.441 -19.25 
2 24 14.081 -2.615 -16 15.551 -3.915 -16 
2 24 14.081 -2.615 -16 15.063 -1.402 -16 
2 24 13.044 -3.228 -15.5 12.027 -2.484 -14 
2 24 16.674 -2.831 -16 15.551 -3.915 -16 
2 24 10.118 -1.317 -14 12.027 -2.484 -14 
2 24 12.027 -2.484 -14 13.788 -0.31 -14 
2 24 10.118 -1.317 -14 11.471 1.124 -14 
2 24 10.049 -1.279 -15.5 10.118 -1.317 -14 
2 24 11.66 1.606 -15.3 11.957 2.14 -15.3 
2 24 8.094 -0.144 -18.55 10.003 -1.033 -18.55 
2 24 9.466 2.653 -15.3 11.66 1.606 -15.3 
2 24 6.107 0.555 -18.55 8.094 -0.144 -18.55 
2 24 0 9.463 -18.55 2.607 8.762 -18.55 
2 24 2.607 8.762 -17.863 0 9.463 -17.863 
2 24 0 -0.969 -17.863 2.607 -0.269 -17.863 
2 24 2.607 -0.269 -18.55 0 -0.969 -18.55 
2 24 6.954 10.274 -13.511 7.875 10.085 -12.841 
2 24 9.055 9.616 -15.3 8.843 9.502 -18.55 
2 24 7.875 10.085 -12.841 8.994 9.873 -10.919 
2 24 8.994 9.873 -10.919 10.545 9.281 -10.046 
2 24 10.066 9.164 -15.3 9.055 9.616 -15.3 
2 24 7.179 3.478 -15.3 9.055 9.616 -15.3 
2 24 6.107 0.555 -18.55 8.843 9.502 -18.55 
2 24 7.179 3.478 -15.3 6.107 0.555 -18.55 
2 24 4.516 1.639 -18.55 5.216 4.246 -18.55 
2 24 5.216 4.246 -18.55 4.516 6.854 -18.55 
2 24 4.516 6.854 -18.55 2.607 8.762 -18.55 
2 24 9.466 2.653 -15.3 7.179 3.478 -15.3 
2 24 2.607 -0.269 -18.55 4.516 1.639 -18.55 
2 24 2.607 -0.269 -17.863 4.516 1.639 -17.863 
2 24 4.516 1.639 -17.863 5.216 4.247 -17.863 
2 24 5.216 4.247 -17.863 4.516 6.854 -17.863 
2 24 4.516 6.854 -17.863 2.607 8.762 -17.863 
2 24 -14.9 -16.753 -17.25 -12.859 -11.991 -17.25 
2 24 -14.9 -16.753 -13.75 -14.9 -16.753 -17.25 
2 24 -12.859 -11.99 -13.75 -14.9 -16.753 -13.75 
2 24 -18.593 -16.753 -13.75 -14.9 -16.753 -13.75 
2 24 -16.317 -10.516 -13.75 -18.593 -16.753 -13.75 
2 24 -9 -16.753 -17.25 -14.9 -16.753 -17.25 
2 24 -9 -16.753 -13.75 -9 -16.753 -17.25 
2 24 -12.859 -11.991 -17.25 -8.013 -7.145 -17.25 
2 24 -8.013 -7.145 -13.75 -12.859 -11.99 -13.75 
2 24 -3.25 -5.104 -17.25 -3.25 -5.104 -13.75 
2 24 -8.013 -7.145 -17.25 -3.25 -5.104 -17.25 
2 24 -3.25 -5.104 -13.75 -8.013 -7.145 -13.75 
2 24 -7.506 -6.671 -13.75 -9.964 -8.392 -13.75 
2 24 -9.565 -3.731 -13.75 -7.506 -6.671 -13.75 
2 24 -3.25 -8.253 -13.75 -3.25 -5.104 -13.75 
2 24 -3.25 -8.253 -17.25 -3.25 -8.253 -13.75 
2 24 -3.25 -5.104 -17.25 -3.25 -8.253 -17.25 
2 24 -7.533 -2.697 -13.75 -9.565 -3.731 -13.75 
2 24 -3.25 -8.253 -13.75 3.25 -8.253 -13.75 
2 24 -5.832 10.498 -13.75 -5.832 5.472 -13.75 
2 24 0 11.05 -13.75 -5.832 10.498 -13.75 
2 24 -7.981 -0.552 -13.75 -7.533 -2.697 -13.75 
2 24 -7.832 1.627 -13.75 -7.981 -0.552 -13.75 
2 24 -6.905 4.036 -13.75 -7.832 1.627 -13.75 
2 24 -5.832 5.472 -13.75 -6.905 4.036 -13.75 
2 24 -11.013 -6.403 -17.25 -12.272 -4.849 -17.25 
2 24 3.25 -8.253 -17.25 -3.25 -8.253 -17.25 
2 24 -4.184 -3.069 -17.25 0 -2.503 -17.25 
2 24 -8.15 -4.517 -17.25 -4.184 -3.069 -17.25 
2 24 -15.155 -11.253 -17.25 -11.013 -6.403 -17.25 
2 24 -17.285 -17.266 -17.25 -15.155 -11.253 -17.25 
2 24 -9 -23.253 -17.25 -14.9 -23.253 -17.25 
2 24 -9 -16.753 -17.25 -9 -23.253 -17.25 
2 24 -18.29 -16.753 -10 -3.25 -16.753 -13.75 
2 24 -3.25 -16.753 -13.75 -9 -16.753 -13.75 
2 24 -3.25 -23.253 -13.75 -3.25 -16.753 -13.75 
2 24 -18.29 -23.253 -10 -3.25 -23.253 -13.75 
2 24 -18.29 -16.753 -10 -18.29 -23.253 -10 
2 24 -18.593 -16.753 -13.75 -18.593 -16.753 -10 
2 24 -18.593 -16.753 -10 -18.29 -16.753 -10 
2 24 -24.045 -16.854 -10 -24.25 -20.003 -10 
2 24 -22.011 -23.253 -10 -18.29 -23.253 -10 
2 24 -16.317 -10.516 -10 -18.593 -16.753 -10 
2 24 -4.168 -2.995 -18.55 0 -2.435 -18.55 
2 24 -8.15 -4.517 -17.25 -8.123 -4.426 -18.55 
2 24 -8.123 -4.426 -18.55 -4.168 -2.995 -18.55 
2 24 -12.272 -4.849 -17.25 -10.746 -3.731 -17.25 
2 24 -10.746 -3.731 -17.25 -9.12 -2.767 -17.25 
2 24 -9.12 -2.767 -17.25 -8.15 -4.517 -17.25 
2 24 -10.003 -1.033 -18.55 -8.123 -4.426 -18.55 
2 24 -10.049 -1.279 -15.5 -9.12 -2.767 -17.25 
2 24 -11.66 1.606 -15.3 -10.003 -1.033 -18.55 
2 24 -13.044 -3.228 -15.5 -11.588 -2.191 -15.5 
2 24 -11.588 -2.191 -15.5 -10.049 -1.279 -15.5 
2 24 -11.013 -6.403 -17.25 -11.079 -6.322 -19.25 
2 24 -11.079 -6.322 -19.25 -12.036 -5.14 -19.25 
2 24 -12.036 -5.14 -19.25 -14.081 -2.615 -16 
2 24 -14.081 -2.615 -16 -13.058 -3.877 -16 
2 24 -13.058 -3.877 -16 -12.272 -4.849 -17.25 
2 24 -13.058 -3.877 -16 -13.044 -3.228 -15.5 
2 24 -15.246 -11.201 -19.25 -11.079 -6.322 -19.25 
2 24 -17.388 -17.249 -19.25 -15.246 -11.201 -19.25 
2 24 -17.285 -17.266 -17.25 -17.388 -17.249 -19.25 
2 24 -19.496 -20.383 -17.25 -19.26 -16.953 -17.25 
2 24 -19.26 -16.953 -17.25 -17.285 -17.266 -17.25 
2 24 -18.89 -17.011 -19.25 -17.388 -17.249 -19.25 
2 24 -17.496 -20.383 -17.25 -19.496 -20.383 -17.25 
2 24 -21.05 -17.094 -15.5 -20.495 -16.757 -16 
2 24 -20.495 -16.757 -16 -19.26 -16.953 -17.25 
2 24 -22.1 -16.503 -16 -18.89 -17.011 -19.25 
2 24 -20.495 -16.757 -16 -22.1 -16.503 -16 
2 24 -19.496 -20.383 -17.25 -21.249 -20.291 -15.5 
2 24 -21.249 -20.291 -15.5 -21.05 -17.094 -15.5 
2 24 -17.496 -20.383 -17.25 -17.626 -20.517 -19.8 
2 24 -17.626 -20.517 -19.8 -21.494 -20.517 -19.8 
2 24 -17.082 -23.804 -17.25 -17.496 -20.383 -17.25 
2 24 -14.309 -30.078 -17.25 -17.082 -23.804 -17.25 
2 24 -14.9 -23.253 -17.25 -12.859 -28.016 -17.25 
2 24 -14.433 -30.133 -19.8 -17.195 -23.91 -19.8 
2 24 -17.195 -23.91 -19.8 -17.626 -20.517 -19.8 
2 24 -12.859 -28.016 -17.25 -8.013 -32.862 -17.25 
2 24 -9.337 -34.804 -17.25 -14.309 -30.078 -17.25 
2 24 -9.337 -34.804 -17.25 -9.518 -34.847 -19.8 
2 24 -9.518 -34.847 -19.8 -14.433 -30.133 -19.8 
2 24 -6.988 -38.208 -17.25 -10.367 -36.519 -17.25 
2 24 -6.271 -36.341 -17.25 -6.988 -38.208 -17.25 
2 24 -10.367 -36.519 -17.25 -9.337 -34.804 -17.25 
2 24 -11.51 -38.162 -19.8 -9.518 -34.847 -19.8 
2 24 -8.013 -32.862 -17.25 -3.25 -34.903 -17.25 
2 24 -10.367 -36.519 -17.25 -11.152 -37.994 -15.583 
2 24 -7.911 -39.636 -15.583 -9.567 -38.885 -15.583 
2 24 -9.567 -38.885 -15.583 -11.152 -37.994 -15.583 
2 24 -6.271 -36.341 -17.25 -6.309 -36.439 -19.25 
2 24 -6.309 -36.439 -19.25 -6.854 -37.858 -19.25 
2 24 -6.854 -37.858 -19.25 -8.018 -40.892 -16 
2 24 -8.018 -40.892 -16 -7.436 -39.375 -16 
2 24 -7.436 -39.375 -16 -6.988 -38.208 -17.25 
2 24 -7.436 -39.375 -16 -7.911 -39.636 -15.583 
2 24 0 -37.503 -17.25 -6.271 -36.341 -17.25 
2 24 0 -37.608 -19.25 -6.309 -36.439 -19.25 
2 24 -3.25 -31.753 -17.25 3.25 -31.753 -17.25 
2 24 -3.25 -34.903 -17.25 -3.25 -31.753 -17.25 
2 24 -3.25 -31.753 -17.25 -3.25 -31.753 -13.75 
2 24 -3.25 -31.753 -13.75 3.25 -31.753 -13.75 
2 24 -3.25 -34.903 -17.25 -3.25 -34.903 -13.75 
2 24 -3.25 -34.903 -13.75 -3.25 -31.753 -13.75 
2 24 -8.013 -32.862 -13.75 -3.25 -34.903 -13.75 
2 24 -12.859 -28.016 -13.75 -8.013 -32.862 -13.75 
2 24 -14.9 -23.253 -13.75 -12.859 -28.016 -13.75 
2 24 -14.9 -23.253 -17.25 -14.9 -23.253 -13.75 
2 24 -9 -23.253 -17.25 -9 -23.253 -13.75 
2 24 -9.964 -8.392 -13.75 -12.022 -5.452 -13.75 
2 24 -12.022 -5.452 -13.75 -16.317 -10.516 -13.75 
2 24 -12.022 -5.452 -10 -16.317 -10.516 -10 
2 24 -12.022 -5.452 -13.75 -12.022 -5.452 -10 
2 24 -9.964 -8.392 -10 -12.022 -5.452 -10 
2 24 -9.964 -8.392 -13.75 -9.964 -8.392 -10 
2 24 -7.506 -6.671 -10 -9.964 -8.392 -10 
2 24 -7.506 -6.671 -13.75 -7.506 -6.671 -10 
2 24 -9.565 -3.731 -13.75 -9.565 -3.731 -10.433 
2 24 -8.655 -3.232 -11.472 -9.565 -3.731 -10.433 
2 24 -7.533 -2.697 -13.161 -7.533 -2.697 -13.75 
2 24 -7.937 -1.015 -12.771 -7.533 -2.697 -13.161 
2 24 -8.087 -2.948 -12.574 -8.655 -3.232 -11.472 
2 24 -7.533 -2.697 -13.161 -8.087 -2.948 -12.574 
2 24 -7.788 1.607 -12.918 -7.937 -1.015 -12.771 
2 24 -6.905 4.036 -13.532 -7.788 1.607 -12.918 
2 24 -5.832 5.472 -13.75 -6.905 4.036 -13.532 
2 24 -5.832 10.498 -13.75 -6.954 10.274 -13.511 
2 24 -4.469 10.473 -18.55 -8.843 9.502 -18.55 
2 24 0 10.799 -18.55 -4.469 10.473 -18.55 
2 24 -19.573 -8.703 -10 -21.932 -14.189 -10 
2 24 -16.001 -3.917 -10 -19.573 -8.703 -10 
2 24 -10.782 -1.993 -10.013 -12.022 -5.452 -10 
2 24 -7.506 -6.671 -10 -10.782 -1.993 -10.013 
2 24 -21.133 -23.253 -13.75 -14.9 -23.253 -13.75 
2 24 -9 -23.253 -13.75 -3.25 -23.253 -13.75 
2 24 -19.427 -30.849 -10 -22.011 -23.253 -10 
2 24 -22.011 -23.253 -12.473 -22.011 -23.253 -10 
2 24 -19.427 -30.849 -12.473 -22.011 -23.253 -12.473 
2 24 -25.75 -20.003 -10 -24.248 -28.67 -10 
2 24 -24.25 -20.003 -10 -25.75 -20.003 -10 
2 24 -22.011 -23.253 -12.473 -21.133 -23.253 -13.75 
2 24 -24.248 -28.67 -10 -19.917 -36.324 -10 
2 24 -14.317 -37.035 -10 -19.427 -30.849 -10 
2 24 -14.317 -37.035 -12.473 -19.427 -30.849 -12.473 
2 24 -14.317 -37.035 -10 -14.317 -37.035 -12.473 
2 24 -7.798 -35.861 -10 -11.963 -33.117 -10 
2 24 -11.963 -33.117 -10 -14.317 -37.035 -10 
2 24 -3.082 -37.484 -10 -7.798 -35.861 -10 
2 24 -11.963 -33.117 -13.75 -11.963 -33.117 -10 
2 24 -7.798 -35.861 -13.75 -11.963 -33.117 -13.75 
2 24 -13.864 -36.281 -13.75 -14.317 -37.035 -12.473 
2 24 -11.963 -33.117 -13.75 -13.864 -36.281 -13.75 
2 24 -3.082 -37.484 -13.75 -7.798 -35.861 -13.75 
2 24 -3.082 -37.484 -10 -3.082 -37.484 -13.75 
2 24 0 -34.878 -10 -1.411 -35.215 -10 
2 24 -2.515 -36.148 -10 -3.082 -37.484 -10 
2 24 -1.411 -35.215 -10 -2.515 -36.148 -10 
2 24 -2.515 -36.148 -13.75 -3.082 -37.484 -13.75 
2 24 -4.641 -39.971 -10 -1.999 -40.406 -10 
2 24 -7.205 -39.195 -10 -4.641 -39.971 -10 
2 24 -1.411 -35.215 -13.75 -2.515 -36.148 -13.75 
2 24 0 -34.878 -13.75 -1.411 -35.215 -13.75 
2 24 -1.063 -40.942 -10 0 -41.128 -10 
2 24 -1.999 -40.406 -10 -1.063 -40.942 -10 
2 24 -1.063 -40.942 -13.75 0 -41.128 -13.75 
2 24 -1.999 -40.406 -13.75 -1.063 -40.942 -13.75 
2 24 -1.999 -40.406 -10 -1.999 -40.406 -13.75 
2 24 -5.832 -39.656 -13.75 -1.999 -40.406 -13.75 
2 24 -10.482 -40.289 -10 -7.205 -39.195 -10 
2 24 -10.482 -40.289 -10 -9.003 -39.795 -10.91 
2 24 -9.003 -39.795 -10.91 -7.963 -39.449 -12.738 
2 24 -7.963 -39.449 -12.738 -5.832 -39.656 -13.75 
2 24 -12.49 -40.789 -10 -10.585 -41.811 -10 
2 24 -10.585 -41.811 -10 -10.482 -40.289 -10 
2 24 -19.917 -36.324 -10 -13.262 -42.075 -10 
2 24 -13.262 -42.075 -10 -12.49 -40.789 -10 
2 24 -13.331 -41.798 -13.846 -13.262 -42.075 -10 
2 24 -19.803 -36.145 -13.846 -13.331 -41.798 -13.846 
2 24 -24.035 -28.665 -13.846 -19.803 -36.145 -13.846 
2 24 -25.75 -20.003 -10 -25.548 -20.205 -13.846 
2 24 -25.548 -20.205 -13.846 -24.035 -28.665 -13.846 
2 24 -23.949 -17.909 -14 -24.039 -20.213 -14 
2 24 -24.039 -20.213 -14 -24.25 -20.003 -10 
2 24 -21.932 -14.189 -10 -23.432 -13.758 -10 
2 24 -23.432 -13.758 -10 -24.045 -16.854 -10 
2 24 -23.641 -16.259 -16 -23.949 -17.909 -14 
2 24 -21.932 -14.189 -10 -21.708 -14.58 -16 
2 24 -23.432 -13.758 -10 -23.209 -14.15 -16 
2 24 -23.209 -14.15 -16 -23.641 -16.259 -16 
2 24 -19.377 -8.816 -16 -21.708 -14.58 -16 
2 24 -17.124 -2.833 -10 -16.001 -3.917 -10 
2 24 -14.581 -0.626 -10 -17.124 -2.833 -10 
2 24 -16.001 -3.917 -10 -15.551 -3.915 -16 
2 24 -15.551 -3.915 -16 -19.377 -8.816 -16 
2 24 -11.757 1.206 -10 -14.581 -0.626 -10 
2 24 -15.063 -1.402 -16 -16.674 -2.831 -16 
2 24 -16.674 -2.831 -16 -17.124 -2.833 -10 
2 24 -13.788 -0.31 -14 -15.063 -1.402 -16 
2 24 -12.356 2.288 -10 -11.757 1.206 -10 
2 24 -11.801 5.2 -10 -12.356 2.288 -10 
2 24 -12.356 2.288 -10 -11.957 2.14 -15.3 
2 24 -10.782 -1.993 -10.013 -11.757 1.206 -10 
2 24 -11.757 1.206 -10 -11.471 1.124 -14 
2 24 -11.471 1.124 -14 -13.788 -0.31 -14 
2 24 -11.374 5.062 -15.3 -11.957 2.14 -15.3 
2 24 -11.247 8.112 -10 -11.801 5.2 -10 
2 24 -10.545 9.281 -10.046 -11.247 8.112 -10 
2 24 -10.793 7.982 -15.3 -11.374 5.062 -15.3 
2 24 -10.066 9.164 -15.3 -10.793 7.982 -15.3 
2 24 -9.565 -3.731 -10.433 -10.782 -1.993 -10.013 
2 24 -18.671 -30.422 -13.75 -13.864 -36.281 -13.75 
2 24 -21.133 -23.253 -13.75 -18.671 -30.422 -13.75 
2 24 0 -42.378 -16 -2.953 -42.182 -16 
2 24 0 -42.496 -13.75 -2.941 -42.303 -13.75 
2 24 0 -39.128 -19.25 -6.854 -37.858 -19.25 
2 24 -5.854 -41.599 -16 -8.018 -40.892 -16 
2 24 -7.114 -42.347 -16 -8.577 -42.347 -16 
2 24 -8.577 -42.347 -16 -8.018 -40.892 -16 
2 24 -2.953 -42.182 -16 -5.854 -41.599 -16 
2 24 -5.854 -41.599 -16 -7.114 -42.347 -16 
2 24 -5.883 -41.713 -13.75 -5.854 -41.599 -16 
2 24 -5.883 -41.713 -13.75 -7.267 -42.563 -13.346 
2 24 -2.941 -42.303 -13.75 -5.883 -41.713 -13.75 
2 24 -7.267 -42.563 -13.346 -8.567 -42.597 -11.561 
2 24 -8.577 -42.347 -16 -10.161 -41.791 -14 
2 24 -9.158 -39.178 -14 -7.911 -39.636 -15.583 
2 24 -10.161 -41.791 -14 -9.158 -39.178 -14 
2 24 -9.158 -39.178 -14 -11.124 -38.109 -14 
2 24 -10.161 -41.791 -14 -12.561 -40.501 -14 
2 24 -12.561 -40.501 -14 -11.124 -38.109 -14 
2 24 -9.321 -42.355 -10.609 -10.585 -41.811 -10 
2 24 -11.124 -38.109 -14 -11.152 -37.994 -15.583 
2 24 -12.561 -40.501 -14 -12.49 -40.789 -10 
2 24 -13.331 -41.798 -13.846 -11.51 -38.162 -19.8 
2 24 -11.51 -38.162 -19.8 -17.584 -32.374 -19.8 
2 24 -8.567 -42.597 -11.561 -9.321 -42.355 -10.609 
2 24 -20.98 -24.701 -19.8 -21.494 -20.517 -19.8 
2 24 -17.584 -32.374 -19.8 -20.98 -24.701 -19.8 
2 24 -21.249 -20.213 -14 -21.249 -20.291 -15.5 
2 24 -24.039 -20.213 -14 -21.249 -20.213 -14 
2 24 -21.494 -20.517 -19.8 -25.548 -20.205 -13.846 
2 24 -21.185 -18.347 -14 -23.949 -17.909 -14 
2 24 -23.641 -16.259 -16 -22.1 -16.503 -16 
2 24 -21.185 -18.347 -14 -21.249 -20.213 -14 
2 24 -23.209 -14.15 -16 -21.708 -14.58 -16 
2 24 -21.708 -14.58 -16 -22.1 -16.503 -16 
2 24 -21.185 -18.347 -14 -21.05 -17.094 -15.5 
2 24 -18.89 -17.011 -19.25 -16.563 -10.441 -19.25 
2 24 -16.563 -10.441 -19.25 -12.036 -5.14 -19.25 
2 24 -15.551 -3.915 -16 -14.081 -2.615 -16 
2 24 -15.063 -1.402 -16 -14.081 -2.615 -16 
2 24 -12.027 -2.484 -14 -13.044 -3.228 -15.5 
2 24 -15.551 -3.915 -16 -16.674 -2.831 -16 
2 24 -12.027 -2.484 -14 -10.118 -1.317 -14 
2 24 -13.788 -0.31 -14 -12.027 -2.484 -14 
2 24 -11.471 1.124 -14 -10.118 -1.317 -14 
2 24 -10.118 -1.317 -14 -10.049 -1.279 -15.5 
2 24 -11.957 2.14 -15.3 -11.66 1.606 -15.3 
2 24 -11.66 1.606 -15.3 -9.466 2.653 -15.3 
2 24 -8.094 -0.144 -18.55 -10.003 -1.033 -18.55 
2 24 -2.607 -0.269 -18.55 0 -0.969 -18.55 
2 24 -2.607 8.762 -18.55 0 9.463 -18.55 
2 24 0 9.463 -17.863 -2.607 8.762 -17.863 
2 24 -2.607 -0.269 -17.863 0 -0.969 -17.863 
2 24 -2.607 -0.269 -17.863 -4.516 1.639 -17.863 
2 24 -4.516 1.639 -17.863 -5.216 4.247 -17.863 
2 24 -5.216 4.247 -17.863 -4.516 6.854 -17.863 
2 24 -4.516 6.854 -17.863 -2.607 8.762 -17.863 
2 24 -7.875 10.085 -12.841 -6.954 10.274 -13.511 
2 24 -8.843 9.502 -18.55 -9.055 9.616 -15.3 
2 24 -8.994 9.873 -10.919 -7.875 10.085 -12.841 
2 24 -10.545 9.281 -10.046 -8.994 9.873 -10.919 
2 24 -9.055 9.616 -15.3 -10.066 9.164 -15.3 
2 24 -9.055 9.616 -15.3 -7.179 3.478 -15.3 
2 24 -6.107 0.555 -18.55 -7.179 3.478 -15.3 
2 24 -8.843 9.502 -18.55 -6.107 0.555 -18.55 
2 24 -5.216 4.246 -18.55 -4.516 1.639 -18.55 
2 24 -4.516 6.854 -18.55 -5.216 4.246 -18.55 
2 24 -2.607 8.762 -18.55 -4.516 6.854 -18.55 
2 24 -7.179 3.478 -15.3 -9.466 2.653 -15.3 
2 24 -6.107 0.555 -18.55 -8.094 -0.144 -18.55 
2 24 -4.516 1.639 -18.55 -2.607 -0.269 -18.55 
2 24 9 -11.753 -19.8 1.75 -11.753 -19.8 
2 24 9 -11.753 -13.75 9 -11.753 -19.8 
2 24 1.75 -11.753 -19.8 1.75 -11.753 -13.75 
2 24 1.75 -11.753 -13.75 9 -11.753 -13.75 
2 24 9 -28.253 -19.8 9 -11.753 -19.8 
2 24 1.75 -28.253 -19.8 1.75 -11.753 -19.8 
2 24 9 -28.253 -19.8 1.75 -28.253 -19.8 
2 24 9 -11.753 -13.75 9 -28.253 -13.75 
2 24 9 -28.253 -13.75 9 -28.253 -19.8 
2 24 1.75 -11.753 -13.75 1.75 -28.253 -13.75 
2 24 1.75 -28.253 -13.75 9 -28.253 -13.75 
2 24 1.75 -28.253 -19.8 1.75 -28.253 -13.75 
2 24 -9 -11.753 -19.8 -9 -11.753 -13.75 
2 24 -1.75 -11.753 -19.8 -9 -11.753 -19.8 
2 24 -9 -11.753 -13.75 -1.75 -11.753 -13.75 
2 24 -1.75 -11.753 -13.75 -1.75 -11.753 -19.8 
2 24 -9 -11.753 -19.8 -9 -28.253 -19.8 
2 24 -1.75 -28.253 -19.8 -9 -28.253 -19.8 
2 24 -1.75 -11.753 -19.8 -1.75 -28.253 -19.8 
2 24 -9 -28.253 -19.8 -9 -28.253 -13.75 
2 24 -9 -28.253 -13.75 -9 -11.753 -13.75 
2 24 -9 -28.253 -13.75 -1.75 -28.253 -13.75 
2 24 -1.75 -28.253 -13.75 -1.75 -11.753 -13.75 
2 24 -1.75 -28.253 -13.75 -1.75 -28.253 -19.8 
2 24 1.75 -16.753 -13.75 -1.75 -16.753 -13.75 
2 24 -1.75 -16.753 -13.75 -1.75 -23.253 -13.75 
2 24 -1.75 -23.253 -13.75 1.75 -23.253 -13.75 
2 24 1.75 -23.253 -13.75 1.75 -16.753 -13.75 
2 24 1.75 -16.753 -19.8 -1.75 -16.753 -19.8 
2 24 1.75 -16.753 -13.75 1.75 -16.753 -19.8 
2 24 -1.75 -16.753 -19.8 -1.75 -16.753 -13.75 
2 24 1.75 -23.253 -19.8 1.75 -23.253 -13.75 
2 24 -1.75 -23.253 -19.8 1.75 -23.253 -19.8 
2 24 -1.75 -23.253 -13.75 -1.75 -23.253 -19.8 
2 24 -1.75 -23.253 -19.8 -1.75 -16.753 -19.8 
2 24 1.75 -16.753 -19.8 1.75 -23.253 -19.8 

