0 Stud Tube Open to Fillet Standard (3LDu) Joint Off Centre
0 Name: s\92340s01.dat
0 Author: Massimo Maso [Sirio]
0 !LDRAW_ORG Unofficial_Primitive
0 !LICENSE Redistributable under CCAL version 2.0 : see CAreadme.txt

0 BFC CERTIFY CCW

1 16 0 0 0 4.24264 0 4.24264 0 1 0 -4.24264 0 4.24264 1-8edge.dat
0 BFC INVERTNEXT
1 16 0 0 0 4.24264 0 4.24264 0 -4 0 -4.24264 0 4.24264 1-8cyli.dat
1 16 0 -4 0 4.24264 0 4.24264 0 1 0 -4.24264 0 4.24264 1-8edge.dat
2 24 6.7639 -4 -4 8 -4 -4
2 24 7.6022 -4 -2 8 -4 -2
2 24 6.7639 0 -4 8 0 -4
2 24 7.6022 0 -2 8 0 -2
2 24 6.7639 -4 -4 6.7639 0 -4
2 24 7.6022 -4 -2 7.6022 0 -2
2 24 5.6569 -4 -5.6569 6.7639 -4 -4
2 24 8 -4 0 7.6022 -4 -2
2 24 5.6569 0 -5.6569 6.7639 0 -4
2 24 8 0 0 7.6022 0 -2
4 16 5.6569 0 -5.6569 6.7639 0 -4 6.7639 -4 -4 5.6569 -4 -5.6569
4 16 8 -4 0 7.6022 -4 -2 7.6022 0 -2 8 0 0
4 16 5.6569 -4 -5.6569 6.7639 -4 -4 5.5433 -4 -2.2961 4.2426 -4 -4.2426
4 16 6 -4 0 5.5433 -4 -2.2961 7.6022 -4 -2 8 -4 0
3 16 6.7639 -4 -4 7.6022 -4 -2 5.5433 -4 -2.2961
4 16 7.6022 -4 -2 6.7639 -4 -4 8 -4 -4 8 -4 -2
4 16 6.7639 -4 -4 6.7639 0 -4 8 0 -4 8 -4 -4
4 16 8 -4 -2 8 0 -2 7.6022 0 -2 7.6022 -4 -2
5 24 5.6569 0 -5.6569 5.6569 -4 -5.6569 3.0615 0 -7.391 7.391 0 -3.0615
5 24 8 0 0 8 -4 0 7.391 0 -3.0615 7.391 0 3.0615
