0 SHAAK TI HEAD PIECE (Needs Work)
0 Name: 92745.dat
0 Author: <AuthorRealName> [<AuthorLDrawName>]
0 !LDRAW_ORG Unofficial_Part
0 !LICENSE Redistributable under CCAL version 2.0 : see CAreadme.txt

0 BFC CERTIFY CCW

0 !HISTORY 2013-08-14 {LEGO Digital Designer} Original part shape
0 !HISTORY 2013-08-14 [<AuthorLDrawName>] File preparation for LDraw Parts Tracker

0 // Needs Work: Clean necessary

0 // Outside
3 16 8.758 59.811 -11.544 8.69 60.548 -12.129 7.332 60.151 -11.783 
3 16 7.332 60.151 -11.783 8.69 60.548 -12.129 7.641 60.527 -12.209 
3 16 7.094 36.952 15.624 5.821 47.079 16.083 6.391 36.955 18.698 
3 16 6.391 36.955 18.698 5.821 47.079 16.083 5.152 46.916 18.633 
3 16 5.979 -2.611 -9.817 3.361 0.682 -12.74 6.408 0.613 -11.415 
3 16 20.044 18.93 2.882 21.188 18.157 -3.262 19.146 24.002 -5.709 
3 16 21.188 18.157 -3.262 19.142 23.13 -8.708 19.146 24.002 -5.709 
3 16 4.348 -10.64 0.956 5.745 -8.123 -3.319 9.089 -8.227 -2.366 
3 16 0 -6.987 -6.512 4.179 -6.78 -5.958 0 -8.93 -2.614 
3 16 0 -8.93 -2.614 4.179 -6.78 -5.958 5.371 -7.665 -3.579 
3 16 11.267 16.752 10.466 9.605 15.44 11.241 10.179 12.813 12.141 
3 16 10.968 6.742 -8.643 10.984 6.568 -8.646 10.971 3.4 -8.992 
3 16 11.288 1.145 -8.613 10.971 3.4 -8.992 10.984 6.568 -8.646 
3 16 11.288 1.145 -8.613 8.709 1.551 -10.289 10.971 3.4 -8.992 
3 16 4.348 -10.64 0.956 0 -10.487 1.262 5.745 -8.123 -3.319 
3 16 5.745 -8.123 -3.319 0 -10.487 1.262 0 -9.538 -2.111 
3 16 11.288 1.145 -8.613 12.15 0.521 -8.295 10.081 -2.773 -7.128 
3 16 10.081 -2.773 -7.128 12.15 0.521 -8.295 11.143 -3.004 -6.856 
3 16 0 -9.538 -2.111 0 -8.93 -2.614 5.745 -8.123 -3.319 
3 16 0 -8.93 -2.614 5.371 -7.665 -3.579 5.745 -8.123 -3.319 
3 16 13.24 17.019 -13.237 9.28 18.186 -12.042 12.252 20.381 -14.768 
3 16 12.659 18.999 1.918 11.224 16.086 6.481 11.478 22.208 5.932 
3 16 9.813 19.691 8.524 11.478 22.208 5.932 11.224 16.086 6.481 
3 16 12.574 24.297 3.297 14.701 24.251 2.614 12.309 24.239 -4.181 
3 16 13.974 24.374 -4.092 12.309 24.239 -4.181 14.701 24.251 2.614 
3 16 15.903 24.39 1.862 16.232 26.522 -3.98 15.674 24.512 -4.001 
3 16 0 2.352 -13.282 3.361 0.682 -12.74 0 -2.598 -11.451 
3 16 3.361 0.682 -12.74 5.979 -2.611 -9.817 0 -2.598 -11.451 
3 16 10.868 8.364 -8.235 10.968 6.742 -8.643 9.937 4.554 -8.351 
3 16 10.971 3.4 -8.992 10.185 4.26 -8.953 10.968 6.742 -8.643 
3 16 9.937 4.554 -8.351 10.968 6.742 -8.643 10.185 4.26 -8.953 
3 16 8.491 2.244 -10.096 8.265 2.953 -9.52 10.185 4.26 -8.953 
3 16 10.185 4.26 -8.953 8.265 2.953 -9.52 9.937 4.554 -8.351 
3 16 3.304 1.551 -12.252 3.408 2.215 -11.664 6.094 1.567 -11.157 
3 16 5.781 2.114 -10.802 6.094 1.567 -11.157 3.408 2.215 -11.664 
3 16 0 3.299 -12.701 3.408 2.215 -11.664 0 2.934 -12.919 
3 16 0 2.934 -12.919 3.408 2.215 -11.664 3.304 1.551 -12.252 
3 16 8.265 2.953 -9.52 8.491 2.244 -10.096 5.781 2.114 -10.802 
3 16 5.781 2.114 -10.802 8.491 2.244 -10.096 6.094 1.567 -11.157 
3 16 6.408 0.613 -11.415 8.709 1.551 -10.289 5.979 -2.611 -9.817 
3 16 0.777 66.903 21.115 1.98 65.647 20.695 1.453 61.216 18.605 
3 16 1.453 61.216 18.605 1.98 65.647 20.695 3.048 61.219 18.602 
3 16 3.501 25.29 14.561 3.718 19.699 12.55 0 25.079 14.475 
3 16 0 25.079 14.475 3.718 19.699 12.55 0 20.838 12.999 
3 16 0 67.054 21.239 0.777 66.903 21.115 0 61.216 18.605 
3 16 0.777 66.903 21.115 1.453 61.216 18.605 0 61.216 18.605 
3 16 11.143 -3.004 -6.856 5.745 -8.123 -3.319 10.081 -2.773 -7.128 
3 16 10.081 -2.773 -7.128 5.745 -8.123 -3.319 5.371 -7.665 -3.579 
3 16 10.081 -2.773 -7.128 5.371 -7.665 -3.579 5.979 -2.611 -9.817 
3 16 5.371 -7.665 -3.579 4.179 -6.78 -5.958 5.979 -2.611 -9.817 
3 16 5.979 -2.611 -9.817 4.179 -6.78 -5.958 0 -2.598 -11.451 
3 16 0 -2.598 -11.451 4.179 -6.78 -5.958 0 -6.987 -6.512 
3 16 3.462 56.436 19.271 5.152 46.916 18.633 3.988 56.429 17.223 
3 16 5.152 46.916 18.633 5.821 47.079 16.083 3.988 56.429 17.223 
3 16 5.152 46.916 18.633 3.462 56.436 19.271 2.211 46.937 21.776 
3 16 2.211 46.937 21.776 3.462 56.436 19.271 1.526 56.399 21.745 
3 16 2.025 56.434 17.224 0 56.434 17.224 1.453 61.216 18.605 
3 16 1.453 61.216 18.605 0 56.434 17.224 0 61.216 18.605 
3 16 3.988 56.429 17.223 2.025 56.434 17.224 3.048 61.219 18.602 
3 16 1.453 61.216 18.605 3.048 61.219 18.602 2.025 56.434 17.224 
3 16 9.038 55.789 -10.984 8.758 59.811 -11.544 6.753 56.891 -11.032 
3 16 6.753 56.891 -11.032 8.758 59.811 -11.544 7.332 60.151 -11.783 
3 16 10.18 59.356 -11.733 9.84 60.346 -12.122 8.758 59.811 -11.544 
3 16 8.758 59.811 -11.544 9.84 60.346 -12.122 8.69 60.548 -12.129 
3 16 8.758 59.811 -11.544 9.038 55.789 -10.984 10.18 59.356 -11.733 
3 16 10.679 55.849 -11.446 10.18 59.356 -11.733 9.038 55.789 -10.984 
3 16 6.753 56.891 -11.032 6.95 50.445 -10.786 9.038 55.789 -10.984 
3 16 6.95 50.445 -10.786 9.408 50.437 -10.784 9.038 55.789 -10.984 
3 16 5.904 57.593 -12.039 6.015 56.53 -12.897 5.122 50.45 -11.949 
3 16 5.607 50.446 -12.77 5.122 50.45 -11.949 6.015 56.53 -12.897 
3 16 11.045 50.437 -11.196 10.679 55.849 -11.446 9.408 50.437 -10.784 
3 16 9.408 50.437 -10.784 10.679 55.849 -11.446 9.038 55.789 -10.984 
3 16 0 -11.188 6.25 0 -10.487 1.262 4.825 -12.308 6.048 
3 16 4.825 -12.308 6.048 0 -10.487 1.262 4.348 -10.64 0.956 
3 16 10.608 -10.674 2.281 10.42 -12.688 6.433 4.348 -10.64 0.956 
3 16 10.42 -12.688 6.433 4.825 -12.308 6.048 4.348 -10.64 0.956 
3 16 8.396 27.845 -9.921 13.305 28.068 -10.279 8.193 32.158 -10.105 
3 16 8.193 32.158 -10.105 13.305 28.068 -10.279 10.652 32.71 -10.122 
3 16 12.309 24.239 -4.181 15.574 24.457 -6.106 10.314 24.223 -7.887 
3 16 10.314 24.223 -7.887 15.574 24.457 -6.106 15.488 24.409 -7.911 
3 16 6.012 25.264 -11.495 8.396 27.845 -9.921 5.226 29.808 -11.915 
3 16 5.226 29.808 -11.915 8.396 27.845 -9.921 8.193 32.158 -10.105 
3 16 5.904 57.593 -12.039 5.122 50.45 -11.949 6.753 56.891 -11.032 
3 16 5.122 50.45 -11.949 6.95 50.445 -10.786 6.753 56.891 -11.032 
3 16 6.753 56.891 -11.032 7.332 60.151 -11.783 5.904 57.593 -12.039 
3 16 5.904 57.593 -12.039 7.332 60.151 -11.783 6.662 59.885 -12.273 
3 16 11.204 11.444 -8.728 10.371 11.828 -8.352 10.72 13.62 -9.982 
3 16 10.72 13.62 -9.982 10.371 11.828 -8.352 9.813 13.66 -8.718 
3 16 13.224 -12.251 8.022 14.364 -11.827 10.071 12.33 -15.269 12.874 
3 16 12.33 -15.269 12.874 14.364 -11.827 10.071 13.369 -14.092 13.727 
3 16 10.351 -13.89 8.714 8.999 -15.948 12.137 6.749 -14.366 9.218 
3 16 6.749 -14.366 9.218 8.999 -15.948 12.137 2.842 -12.53 10.402 
3 16 2.842 -12.53 10.402 8.999 -15.948 12.137 5.569 -15.043 13.2 
3 16 5.569 -15.043 13.2 4.683 -13.643 15.4 2.842 -12.53 10.402 
3 16 2.842 -12.53 10.402 4.683 -13.643 15.4 2.542 -11.487 13.372 
3 16 5.214 -9.742 15.987 2.542 -11.487 13.372 6.055 -12.9 17.65 
3 16 6.055 -12.9 17.65 2.542 -11.487 13.372 4.683 -13.643 15.4 
3 16 10.314 24.223 -7.887 8.553 24.406 -9.79 8.204 18.044 -9.952 
3 16 8.204 18.044 -9.952 8.553 24.406 -9.79 6.662 21.673 -11.163 
3 16 10.314 24.223 -7.887 10.943 18.6 -6.915 12.309 24.239 -4.181 
3 16 10.943 18.6 -6.915 12.659 18.999 1.918 12.309 24.239 -4.181 
3 16 12.309 24.239 -4.181 12.659 18.999 1.918 12.574 24.297 3.297 
3 16 11.478 22.208 5.932 12.574 24.297 3.297 12.659 18.999 1.918 
3 16 8.204 18.044 -9.952 9.813 13.66 -8.718 10.943 18.6 -6.915 
3 16 10.943 18.6 -6.915 9.813 13.66 -8.718 11.294 13.864 -6.52 
3 16 12.659 18.999 1.918 10.943 18.6 -6.915 13.041 13.864 0 
3 16 11.294 13.864 -6.52 13.041 13.864 0 10.943 18.6 -6.915 
3 16 12.659 18.999 1.918 13.041 13.864 0 11.224 16.086 6.481 
3 16 11.224 16.086 6.481 13.041 13.864 0 11.294 13.864 6.52 
3 16 11.294 13.864 6.52 6.52 13.864 11.294 11.224 16.086 6.481 
3 16 6.52 13.864 11.294 6.988 15.983 10.962 11.224 16.086 6.481 
3 16 6.988 15.983 10.962 6.52 13.864 11.294 0 16.086 12.972 
3 16 6.52 13.864 11.294 0 13.864 13.041 0 16.086 12.972 
3 16 11.294 4.352 -6.52 11.294 13.864 -6.52 10.868 8.364 -8.235 
3 16 10.371 11.828 -8.352 10.868 8.364 -8.235 11.294 13.864 -6.52 
3 16 10.868 8.364 -8.235 9.937 4.554 -8.351 11.294 4.352 -6.52 
3 16 16.422 -8.499 6.376 16.654 -6.119 9.583 14.364 -11.827 10.071 
3 16 14.364 -11.827 10.071 16.654 -6.119 9.583 14.289 -10.271 12.247 
3 16 10.608 -10.674 2.281 15.286 -7.35 2.617 13.224 -12.251 8.022 
3 16 2.842 -12.53 10.402 4.825 -12.308 6.048 6.749 -14.366 9.218 
3 16 6.749 -14.366 9.218 4.825 -12.308 6.048 10.351 -13.89 8.714 
3 16 10.351 -13.89 8.714 4.825 -12.308 6.048 10.42 -12.688 6.433 
3 16 13.224 -12.251 8.022 10.351 -13.89 8.714 10.42 -12.688 6.433 
3 16 7.264 -6.756 16.15 8.996 -12.339 18.928 12.473 -8.504 15.051 
3 16 12.473 -8.504 15.051 8.996 -12.339 18.928 11.969 -12.117 17.347 
3 16 14.364 -11.827 10.071 14.289 -10.271 12.247 13.369 -14.092 13.727 
3 16 13.369 -14.092 13.727 14.289 -10.271 12.247 13.17 -12.861 14.954 
3 16 5.063 34.092 -11.986 6.147 34.092 -13.87 5.226 29.808 -11.915 
3 16 6.147 34.092 -13.87 7.028 25.362 -13.688 5.226 29.808 -11.915 
3 16 7.028 25.362 -13.688 6.012 25.264 -11.495 5.226 29.808 -11.915 
3 16 13.332 26.753 -15.695 11.59 34.092 -15.38 14.741 28.979 -12.235 
3 16 12.856 34.093 -12.362 14.741 28.979 -12.235 11.59 34.092 -15.38 
3 16 14.105 -3.307 13.618 9.958 -3.237 15.688 12.473 -8.504 15.051 
3 16 9.958 -3.237 15.688 7.264 -6.756 16.15 12.473 -8.504 15.051 
3 16 3.21 -7.399 14.335 2.542 -11.487 13.372 5.214 -9.742 15.987 
3 16 3.21 -7.399 14.335 0 -8.115 13.168 2.542 -11.487 13.372 
3 16 0 -8.115 13.168 0 -10.779 12.11 2.542 -11.487 13.372 
3 16 6.015 56.53 -12.897 7.502 55.277 -14.74 5.607 50.446 -12.77 
3 16 7.441 50.44 -14.675 5.607 50.446 -12.77 7.502 55.277 -14.74 
3 16 7.502 55.277 -14.74 9.501 55.178 -14.819 7.441 50.44 -14.675 
3 16 9.535 50.439 -14.553 7.441 50.44 -14.675 9.501 55.178 -14.819 
3 16 10.514 55.525 -13.11 10.698 50.44 -12.842 9.501 55.178 -14.819 
3 16 10.698 50.44 -12.842 9.535 50.439 -14.553 9.501 55.178 -14.819 
3 16 10.679 55.849 -11.446 11.045 50.437 -11.196 10.514 55.525 -13.11 
3 16 11.045 50.437 -11.196 10.698 50.44 -12.842 10.514 55.525 -13.11 
3 16 7.873 40.266 -15.53 5.718 40.266 -13.513 7.52 45.51 -14.981 
3 16 5.718 40.266 -13.513 5.57 45.51 -13.164 7.52 45.51 -14.981 
3 16 5.718 40.266 -13.513 4.842 40.266 -12.065 5.57 45.51 -13.164 
3 16 4.842 40.266 -12.065 4.913 45.51 -12.035 5.57 45.51 -13.164 
3 16 18.175 22.233 -12.063 19.904 17.404 -8.008 16.114 21.345 -14.369 
3 16 19.904 17.404 -8.008 17.363 17.241 -11.631 16.114 21.345 -14.369 
3 16 12.15 0.521 -8.295 11.288 1.145 -8.613 12.085 6.281 -8.641 
3 16 12.085 6.281 -8.641 11.288 1.145 -8.613 10.984 6.568 -8.646 
3 16 12.085 6.281 -8.641 14.069 2.214 -6.462 12.15 0.521 -8.295 
3 16 17.648 2.291 7.334 18.005 -1.689 7.72 18.492 -2.73 3.717 
3 16 11.367 2.048 14.747 14.956 1.095 12.295 12.382 5.179 13.078 
3 16 12.382 5.179 13.078 14.956 1.095 12.295 14.812 4.313 11.237 
3 16 4.932 -1.237 14.637 11.367 2.048 14.747 9.859 5.439 13.59 
3 16 9.859 5.439 13.59 11.367 2.048 14.747 12.382 5.179 13.078 
3 16 10.894 9.592 12.714 12.271 11.977 12.121 10.179 12.813 12.141 
3 16 12.962 8.715 12.27 12.271 11.977 12.121 10.894 9.592 12.714 
3 16 15.247 7.855 10.945 15.964 12.134 10.613 12.962 8.715 12.27 
3 16 12.962 8.715 12.27 15.964 12.134 10.613 12.271 11.977 12.121 
3 16 18.282 6.928 -1.34 16.216 8.585 -5.979 19.665 12.243 -4.189 
3 16 16.216 8.585 -5.979 17.101 12.536 -8.383 19.665 12.243 -4.189 
3 16 8.735 34.092 -16.163 6.147 34.092 -13.87 7.873 40.266 -15.53 
3 16 6.147 34.092 -13.87 5.718 40.266 -13.513 7.873 40.266 -15.53 
3 16 6.147 34.092 -13.87 5.063 34.092 -11.986 5.718 40.266 -13.513 
3 16 4.842 40.266 -12.065 5.718 40.266 -13.513 5.063 34.092 -11.986 
3 16 16.083 28.166 -9.724 15.936 27.444 -11.727 15.045 29.401 -10.598 
3 16 14.741 28.979 -12.235 15.045 29.401 -10.598 15.936 27.444 -11.727 
3 16 18.437 6.852 7.185 19.826 13.006 5.759 15.247 7.855 10.945 
3 16 15.964 12.134 10.613 15.247 7.855 10.945 19.826 13.006 5.759 
3 16 18.005 -1.689 7.72 17.648 2.291 7.334 14.956 1.095 12.295 
3 16 14.956 1.095 12.295 17.648 2.291 7.334 14.812 4.313 11.237 
3 16 16.654 -6.119 9.583 14.105 -3.307 13.618 14.289 -10.271 12.247 
3 16 14.289 -10.271 12.247 14.105 -3.307 13.618 12.473 -8.504 15.051 
3 16 14.289 -10.271 12.247 12.473 -8.504 15.051 13.17 -12.861 14.954 
3 16 13.17 -12.861 14.954 12.473 -8.504 15.051 11.969 -12.117 17.347 
3 16 7.094 36.952 15.624 3.541 36.952 15.532 5.821 47.079 16.083 
3 16 5.821 47.079 16.083 3.541 36.952 15.532 3.147 46.915 15.904 
3 16 3.541 36.952 15.532 0 36.952 15.505 3.147 46.915 15.904 
3 16 3.147 46.915 15.904 0 36.952 15.505 0 46.915 15.906 
3 16 3.147 46.915 15.904 0 46.915 15.906 2.025 56.434 17.224 
3 16 2.025 56.434 17.224 0 46.915 15.906 0 56.434 17.224 
3 16 2.025 56.434 17.224 3.988 56.429 17.223 3.147 46.915 15.904 
3 16 3.988 56.429 17.223 5.821 47.079 16.083 3.147 46.915 15.904 
3 16 20.044 18.93 2.882 18.554 22.539 1.257 15.135 19.364 7.669 
3 16 12.15 0.521 -8.295 14.069 2.214 -6.462 11.143 -3.004 -6.856 
3 16 11.143 -3.004 -6.856 14.069 2.214 -6.462 12.956 -3.614 -4.546 
3 16 9.089 -8.227 -2.366 5.745 -8.123 -3.319 12.956 -3.614 -4.546 
3 16 12.956 -3.614 -4.546 5.745 -8.123 -3.319 11.143 -3.004 -6.856 
3 16 7.264 -6.756 16.15 3.21 -7.399 14.335 5.214 -9.742 15.987 
3 16 6.988 15.983 10.962 9.605 15.44 11.241 11.267 16.752 10.466 
3 16 19.826 13.006 5.759 18.437 6.852 7.185 21.095 12.845 0.558 
3 16 19.555 6.331 3.017 21.095 12.845 0.558 18.437 6.852 7.185 
3 16 6.662 59.885 -12.273 7.332 60.151 -11.783 6.99 60.459 -12.416 
3 16 6.99 60.459 -12.416 7.332 60.151 -11.783 7.641 60.527 -12.209 
3 16 0 1.509 -11.132 5.566 1.324 -9.641 3.408 2.215 -11.664 
3 16 3.408 2.215 -11.664 5.566 1.324 -9.641 5.781 2.114 -10.802 
3 16 5.781 2.114 -10.802 5.566 1.324 -9.641 8.265 2.953 -9.52 
3 16 10.338 1.069 -6.092 8.265 2.953 -9.52 5.566 1.324 -9.641 
3 16 9.937 4.554 -8.351 10.338 1.069 -6.092 11.294 4.352 -6.52 
3 16 0 1.509 -11.132 3.408 2.215 -11.664 0 3.299 -12.701 
3 16 10.338 1.069 -6.092 9.937 4.554 -8.351 8.265 2.953 -9.52 
3 16 9.813 13.66 -8.718 10.371 11.828 -8.352 11.294 13.864 -6.52 
3 16 0 25.079 14.475 0 36.952 15.505 3.501 25.29 14.561 
3 16 3.541 36.952 15.532 3.501 25.29 14.561 0 36.952 15.505 
3 16 3.541 36.952 15.532 7.094 36.952 15.624 3.501 25.29 14.561 
3 16 3.501 25.29 14.561 7.094 36.952 15.624 6.877 25.683 14.716 
3 16 7.028 25.362 -13.688 6.147 34.092 -13.87 10.333 26.091 -16.247 
3 16 10.333 26.091 -16.247 6.147 34.092 -13.87 8.735 34.092 -16.163 
3 16 13.607 10.241 -8.463 11.204 11.444 -8.728 13.528 13.446 -10.653 
3 16 10.72 13.62 -9.982 13.528 13.446 -10.653 11.204 11.444 -8.728 
3 16 14.741 28.979 -12.235 12.856 34.093 -12.362 15.045 29.401 -10.598 
3 16 15.045 29.401 -10.598 12.856 34.093 -12.362 13.654 32.217 -10.562 
3 16 13.654 32.217 -10.562 12.856 34.093 -12.362 13.136 34.102 -10.569 
3 16 16.372 27.587 -8.055 15.488 24.409 -7.911 16.397 27.261 -5.99 
3 16 16.397 27.261 -5.99 15.488 24.409 -7.911 15.574 24.457 -6.106 
3 16 14.701 24.251 2.614 15.903 24.39 1.862 13.974 24.374 -4.092 
3 16 15.903 24.39 1.862 15.674 24.512 -4.001 13.974 24.374 -4.092 
3 16 13.654 32.217 -10.562 13.136 34.102 -10.569 10.652 32.71 -10.122 
3 16 10.49 34.101 -10.173 10.652 32.71 -10.122 13.136 34.102 -10.569 
3 16 8.046 34.101 -10.177 8.193 32.158 -10.105 10.49 34.101 -10.173 
3 16 10.652 32.71 -10.122 10.49 34.101 -10.173 8.193 32.158 -10.105 
3 16 5.226 29.808 -11.915 8.193 32.158 -10.105 5.063 34.092 -11.986 
3 16 5.063 34.092 -11.986 8.193 32.158 -10.105 8.046 34.101 -10.177 
3 16 8.046 34.101 -10.177 7.712 40.267 -10.408 5.063 34.092 -11.986 
3 16 7.712 40.267 -10.408 4.842 40.266 -12.065 5.063 34.092 -11.986 
3 16 10.099 40.269 -10.404 7.712 40.267 -10.408 10.49 34.101 -10.173 
3 16 10.49 34.101 -10.173 7.712 40.267 -10.408 8.046 34.101 -10.177 
3 16 13.136 34.102 -10.569 12.012 40.234 -10.858 10.49 34.101 -10.173 
3 16 12.012 40.234 -10.858 10.099 40.269 -10.404 10.49 34.101 -10.173 
3 16 11.776 40.26 -12.496 10.537 40.262 -15.029 11.012 45.509 -12.624 
3 16 11.012 45.509 -12.624 10.537 40.262 -15.029 9.91 45.509 -14.678 
3 16 10.537 40.262 -15.029 7.873 40.266 -15.53 9.91 45.509 -14.678 
3 16 9.91 45.509 -14.678 7.873 40.266 -15.53 7.52 45.51 -14.981 
3 16 7.712 40.267 -10.408 7.441 45.509 -10.604 4.842 40.266 -12.065 
3 16 4.842 40.266 -12.065 7.441 45.509 -10.604 4.913 45.51 -12.035 
3 16 10.099 40.269 -10.404 9.704 45.509 -10.599 7.712 40.267 -10.408 
3 16 7.441 45.509 -10.604 7.712 40.267 -10.408 9.704 45.509 -10.599 
3 16 12.012 40.234 -10.858 11.513 45.508 -11.01 10.099 40.269 -10.404 
3 16 9.704 45.509 -10.599 10.099 40.269 -10.404 11.513 45.508 -11.01 
3 16 11.012 45.509 -12.624 11.513 45.508 -11.01 11.776 40.26 -12.496 
3 16 11.513 45.508 -11.01 12.012 40.234 -10.858 11.776 40.26 -12.496 
3 16 12.856 34.093 -12.362 11.59 34.092 -15.38 11.776 40.26 -12.496 
3 16 11.776 40.26 -12.496 11.59 34.092 -15.38 10.537 40.262 -15.029 
3 16 11.59 34.092 -15.38 8.735 34.092 -16.163 10.537 40.262 -15.029 
3 16 10.537 40.262 -15.029 8.735 34.092 -16.163 7.873 40.266 -15.53 
3 16 13.136 34.102 -10.569 12.856 34.093 -12.362 12.012 40.234 -10.858 
3 16 12.012 40.234 -10.858 12.856 34.093 -12.362 11.776 40.26 -12.496 
3 16 9.91 45.509 -14.678 7.52 45.51 -14.981 9.535 50.439 -14.553 
3 16 9.535 50.439 -14.553 7.52 45.51 -14.981 7.441 50.44 -14.675 
3 16 7.52 45.51 -14.981 5.57 45.51 -13.164 7.441 50.44 -14.675 
3 16 7.441 50.44 -14.675 5.57 45.51 -13.164 5.607 50.446 -12.77 
3 16 5.57 45.51 -13.164 4.913 45.51 -12.035 5.607 50.446 -12.77 
3 16 5.607 50.446 -12.77 4.913 45.51 -12.035 5.122 50.45 -11.949 
3 16 7.441 45.509 -10.604 6.95 50.445 -10.786 4.913 45.51 -12.035 
3 16 5.122 50.45 -11.949 4.913 45.51 -12.035 6.95 50.445 -10.786 
3 16 6.95 50.445 -10.786 7.441 45.509 -10.604 9.408 50.437 -10.784 
3 16 9.408 50.437 -10.784 7.441 45.509 -10.604 9.704 45.509 -10.599 
3 16 11.513 45.508 -11.01 11.045 50.437 -11.196 9.704 45.509 -10.599 
3 16 9.408 50.437 -10.784 9.704 45.509 -10.599 11.045 50.437 -11.196 
3 16 21.095 12.845 0.558 19.555 6.331 3.017 19.665 12.243 -4.189 
3 16 19.555 6.331 3.017 18.282 6.928 -1.34 19.665 12.243 -4.189 
3 16 21.188 18.157 -3.262 19.904 17.404 -8.008 19.142 23.13 -8.708 
3 16 19.142 23.13 -8.708 19.904 17.404 -8.008 18.175 22.233 -12.063 
3 16 14.557 -5.248 -1.142 15.286 -7.35 2.617 10.608 -10.674 2.281 
3 16 13.89 25.082 -15.662 13.332 26.753 -15.695 15.936 27.444 -11.727 
3 16 15.936 27.444 -11.727 13.332 26.753 -15.695 14.741 28.979 -12.235 
3 16 10.652 32.71 -10.122 13.305 28.068 -10.279 13.654 32.217 -10.562 
3 16 15.045 29.401 -10.598 13.654 32.217 -10.562 13.305 28.068 -10.279 
3 16 8.553 24.406 -9.79 15.403 24.362 -9.689 8.396 27.845 -9.921 
3 16 8.396 27.845 -9.921 15.403 24.362 -9.689 13.305 28.068 -10.279 
3 16 8.396 27.845 -9.921 6.012 25.264 -11.495 8.553 24.406 -9.79 
3 16 6.662 21.673 -11.163 8.553 24.406 -9.79 6.012 25.264 -11.495 
3 16 6.012 25.264 -11.495 7.028 25.362 -13.688 6.662 21.673 -11.163 
3 16 7.72 22.473 -13.326 6.662 21.673 -11.163 7.028 25.362 -13.688 
3 16 7.028 25.362 -13.688 10.333 26.091 -16.247 7.72 22.473 -13.326 
3 16 7.72 22.473 -13.326 10.333 26.091 -16.247 10.904 24.417 -15.935 
3 16 13.305 28.068 -10.279 15.403 24.362 -9.689 15.045 29.401 -10.598 
3 16 16.083 28.166 -9.724 15.045 29.401 -10.598 15.403 24.362 -9.689 
3 16 10.333 26.091 -16.247 8.735 34.092 -16.163 13.332 26.753 -15.695 
3 16 13.332 26.753 -15.695 8.735 34.092 -16.163 11.59 34.092 -15.38 
3 16 13.332 26.753 -15.695 13.89 25.082 -15.662 10.333 26.091 -16.247 
3 16 13.89 25.082 -15.662 10.904 24.417 -15.935 10.333 26.091 -16.247 
3 16 17.363 17.241 -11.631 13.24 17.019 -13.237 16.114 21.345 -14.369 
3 16 12.252 20.381 -14.768 16.114 21.345 -14.369 13.24 17.019 -13.237 
3 16 16.216 8.585 -5.979 13.607 10.241 -8.463 17.101 12.536 -8.383 
3 16 17.101 12.536 -8.383 13.607 10.241 -8.463 13.528 13.446 -10.653 
3 16 6.988 15.983 10.962 3.718 19.699 12.55 5.851 20.197 12.899 
3 16 5.851 20.197 12.899 3.718 19.699 12.55 3.501 25.29 14.561 
3 16 10.608 -10.674 2.281 4.348 -10.64 0.956 9.089 -8.227 -2.366 
3 16 14.557 -5.248 -1.142 10.608 -10.674 2.281 12.956 -3.614 -4.546 
3 16 12.956 -3.614 -4.546 10.608 -10.674 2.281 9.089 -8.227 -2.366 
3 16 14.069 2.214 -6.462 16.139 0.021 -2.952 12.956 -3.614 -4.546 
3 16 16.139 0.021 -2.952 14.557 -5.248 -1.142 12.956 -3.614 -4.546 
3 16 11.288 1.145 -8.613 10.081 -2.773 -7.128 8.709 1.551 -10.289 
3 16 8.709 1.551 -10.289 10.081 -2.773 -7.128 5.979 -2.611 -9.817 
3 16 13.224 -12.251 8.022 15.286 -7.35 2.617 14.364 -11.827 10.071 
3 16 15.286 -7.35 2.617 16.422 -8.499 6.376 14.364 -11.827 10.071 
3 16 7.264 -6.756 16.15 5.214 -9.742 15.987 8.996 -12.339 18.928 
3 16 5.214 -9.742 15.987 6.055 -12.9 17.65 8.996 -12.339 18.928 
3 16 13.89 25.082 -15.662 15.936 27.444 -11.727 16.146 25.599 -13.172 
3 16 15.936 27.444 -11.727 17.027 26.469 -11.127 16.146 25.599 -13.172 
3 16 16.372 27.587 -8.055 17.027 26.469 -11.127 16.083 28.166 -9.724 
3 16 16.083 28.166 -9.724 17.027 26.469 -11.127 15.936 27.444 -11.727 
3 16 8.553 24.406 -9.79 10.314 24.223 -7.887 15.403 24.362 -9.689 
3 16 15.488 24.409 -7.911 15.403 24.362 -9.689 10.314 24.223 -7.887 
3 16 16.083 28.166 -9.724 15.403 24.362 -9.689 16.372 27.587 -8.055 
3 16 16.372 27.587 -8.055 15.403 24.362 -9.689 15.488 24.409 -7.911 
3 16 9.605 15.44 11.241 6.988 15.983 10.962 7.129 20.28 12.958 
3 16 7.129 20.28 12.958 6.988 15.983 10.962 5.851 20.197 12.899 
3 16 3.501 25.29 14.561 6.877 25.683 14.716 5.851 20.197 12.899 
3 16 5.851 20.197 12.899 6.877 25.683 14.716 7.129 20.28 12.958 
3 16 16.397 27.261 -5.99 15.574 24.457 -6.106 16.232 26.522 -3.98 
3 16 15.574 24.457 -6.106 15.674 24.512 -4.001 16.232 26.522 -3.98 
3 16 12.309 24.239 -4.181 13.974 24.374 -4.092 15.574 24.457 -6.106 
3 16 15.574 24.457 -6.106 13.974 24.374 -4.092 15.674 24.512 -4.001 
3 16 8.204 18.044 -9.952 10.943 18.6 -6.915 10.314 24.223 -7.887 
3 16 3.361 0.682 -12.74 0 2.352 -13.282 3.304 1.551 -12.252 
3 16 0 2.934 -12.919 3.304 1.551 -12.252 0 2.352 -13.282 
3 16 6.408 0.613 -11.415 3.361 0.682 -12.74 6.094 1.567 -11.157 
3 16 6.094 1.567 -11.157 3.361 0.682 -12.74 3.304 1.551 -12.252 
3 16 6.408 0.613 -11.415 6.094 1.567 -11.157 8.709 1.551 -10.289 
3 16 8.491 2.244 -10.096 8.709 1.551 -10.289 6.094 1.567 -11.157 
3 16 8.709 1.551 -10.289 8.491 2.244 -10.096 10.971 3.4 -8.992 
3 16 10.971 3.4 -8.992 8.491 2.244 -10.096 10.185 4.26 -8.953 
3 16 6.988 15.983 10.962 9.813 19.691 8.524 11.224 16.086 6.481 
3 16 3.21 -7.399 14.335 0 -5.272 13.853 0 -8.115 13.168 
3 16 3.21 -7.399 14.335 4.932 -1.237 14.637 0 -5.272 13.853 
3 16 18.492 -2.73 3.717 18.512 3.168 3.304 17.648 2.291 7.334 
3 16 17.648 2.291 7.334 18.512 3.168 3.304 18.437 6.852 7.185 
3 16 18.437 6.852 7.185 18.512 3.168 3.304 19.555 6.331 3.017 
3 16 15.286 -7.35 2.617 14.557 -5.248 -1.142 17.464 -1.644 0.61 
3 16 16.139 0.021 -2.952 17.464 -1.644 0.61 14.557 -5.248 -1.142 
3 16 1.98 65.647 20.695 1.969 65.186 21.289 3.048 61.219 18.602 
3 16 3.048 61.219 18.602 1.969 65.186 21.289 2.734 60.94 20.217 
3 16 11.204 11.444 -8.728 13.607 10.241 -8.463 11.698 8.301 -8.355 
3 16 13.607 10.241 -8.463 13.836 7.304 -7.458 11.698 8.301 -8.355 
3 16 1.969 65.186 21.289 1.992 64.295 21.541 2.734 60.94 20.217 
3 16 0.777 66.903 21.115 0.832 66.277 22.191 1.98 65.647 20.695 
3 16 0.832 66.277 22.191 1.969 65.186 21.289 1.98 65.647 20.695 
3 16 0.832 66.277 22.191 0.965 64.987 22.773 1.969 65.186 21.289 
3 16 0.965 64.987 22.773 1.992 64.295 21.541 1.969 65.186 21.289 
3 16 0.965 64.987 22.773 1.235 60.984 22.248 1.992 64.295 21.541 
3 16 1.235 60.984 22.248 2.734 60.94 20.217 1.992 64.295 21.541 
3 16 0 37.151 24.168 0 23.647 25.785 2.876 37.06 22.956 
3 16 2.876 37.06 22.956 0 23.647 25.785 3.204 23.958 24.297 
3 16 9.745 11.328 13.609 10.179 12.813 12.141 7.129 20.28 12.958 
3 16 9.605 15.44 11.241 7.129 20.28 12.958 10.179 12.813 12.141 
3 16 10.894 9.592 12.714 10.179 12.813 12.141 9.745 11.328 13.609 
3 16 4.932 -1.237 14.637 9.859 5.439 13.59 4.574 2.761 17.202 
3 16 9.745 11.328 13.609 4.574 2.761 17.202 9.859 5.439 13.59 
3 16 6.391 36.955 18.698 5.152 46.916 18.633 2.876 37.06 22.956 
3 16 2.876 37.06 22.956 5.152 46.916 18.633 2.211 46.937 21.776 
3 16 2.211 46.937 21.776 1.526 56.399 21.745 0 46.92 22.649 
3 16 0 46.92 22.649 1.526 56.399 21.745 0 56.446 22.186 
3 16 3.048 61.219 18.602 2.734 60.94 20.217 3.988 56.429 17.223 
3 16 2.734 60.94 20.217 3.462 56.436 19.271 3.988 56.429 17.223 
3 16 1.526 56.399 21.745 3.462 56.436 19.271 1.235 60.984 22.248 
3 16 1.235 60.984 22.248 3.462 56.436 19.271 2.734 60.94 20.217 
3 16 20.044 18.93 2.882 19.826 13.006 5.759 21.188 18.157 -3.262 
3 16 21.095 12.845 0.558 21.188 18.157 -3.262 19.826 13.006 5.759 
3 16 16.216 8.585 -5.979 18.282 6.928 -1.34 16.144 5.702 -4.588 
3 16 16.144 5.702 -4.588 18.282 6.928 -1.34 17.662 4.176 -0.447 
3 16 14.812 4.313 11.237 15.247 7.855 10.945 12.382 5.179 13.078 
3 16 12.382 5.179 13.078 15.247 7.855 10.945 12.962 8.715 12.27 
3 16 10.894 9.592 12.714 9.859 5.439 13.59 12.962 8.715 12.27 
3 16 12.382 5.179 13.078 12.962 8.715 12.27 9.859 5.439 13.59 
3 16 19.904 17.404 -8.008 19.665 12.243 -4.189 17.363 17.241 -11.631 
3 16 19.665 12.243 -4.189 17.101 12.536 -8.383 17.363 17.241 -11.631 
3 16 3.21 -7.399 14.335 7.264 -6.756 16.15 4.932 -1.237 14.637 
3 16 9.958 -3.237 15.688 14.105 -3.307 13.618 11.367 2.048 14.747 
3 16 11.367 2.048 14.747 14.105 -3.307 13.618 14.956 1.095 12.295 
3 16 6.15 25.046 18.59 6.391 36.955 18.698 3.204 23.958 24.297 
3 16 6.391 36.955 18.698 2.876 37.06 22.956 3.204 23.958 24.297 
3 16 6.877 25.683 14.716 7.094 36.952 15.624 6.15 25.046 18.59 
3 16 7.094 36.952 15.624 6.391 36.955 18.698 6.15 25.046 18.59 
3 16 15.964 12.134 10.613 15.135 19.364 7.669 12.271 11.977 12.121 
3 16 12.271 11.977 12.121 15.135 19.364 7.669 11.267 16.752 10.466 
3 16 12.271 11.977 12.121 11.267 16.752 10.466 10.179 12.813 12.141 
3 16 10.72 13.62 -9.982 9.813 13.66 -8.718 9.28 18.186 -12.042 
3 16 9.813 13.66 -8.718 8.204 18.044 -9.952 9.28 18.186 -12.042 
3 16 14.069 2.214 -6.462 12.085 6.281 -8.641 13.836 7.304 -7.458 
3 16 13.836 7.304 -7.458 12.085 6.281 -8.641 11.698 8.301 -8.355 
3 16 16.139 0.021 -2.952 14.069 2.214 -6.462 16.144 5.702 -4.588 
3 16 16.144 5.702 -4.588 14.069 2.214 -6.462 13.836 7.304 -7.458 
3 16 16.144 5.702 -4.588 17.662 4.176 -0.447 16.139 0.021 -2.952 
3 16 17.662 4.176 -0.447 17.464 -1.644 0.61 16.139 0.021 -2.952 
3 16 16.422 -8.499 6.376 18.492 -2.73 3.717 16.654 -6.119 9.583 
3 16 16.654 -6.119 9.583 18.492 -2.73 3.717 18.005 -1.689 7.72 
3 16 4.574 2.761 17.202 9.745 11.328 13.609 3.589 12.112 22.001 
3 16 9.745 11.328 13.609 7.013 17.087 16.386 3.589 12.112 22.001 
3 16 17.648 2.291 7.334 18.437 6.852 7.185 14.812 4.313 11.237 
3 16 14.812 4.313 11.237 18.437 6.852 7.185 15.247 7.855 10.945 
3 16 14.956 1.095 12.295 14.105 -3.307 13.618 18.005 -1.689 7.72 
3 16 16.654 -6.119 9.583 18.005 -1.689 7.72 14.105 -3.307 13.618 
3 16 7.129 20.28 12.958 7.013 17.087 16.386 9.745 11.328 13.609 
3 16 19.826 13.006 5.759 20.044 18.93 2.882 15.964 12.134 10.613 
3 16 15.135 19.364 7.669 15.964 12.134 10.613 20.044 18.93 2.882 
3 16 9.28 18.186 -12.042 13.24 17.019 -13.237 10.72 13.62 -9.982 
3 16 13.24 17.019 -13.237 13.528 13.446 -10.653 10.72 13.62 -9.982 
3 16 10.371 11.828 -8.352 11.204 11.444 -8.728 10.868 8.364 -8.235 
3 16 10.868 8.364 -8.235 11.204 11.444 -8.728 11.698 8.301 -8.355 
3 16 12.085 6.281 -8.641 10.984 6.568 -8.646 11.698 8.301 -8.355 
3 16 10.984 6.568 -8.646 10.968 6.742 -8.643 11.698 8.301 -8.355 
3 16 11.698 8.301 -8.355 10.968 6.742 -8.643 10.868 8.364 -8.235 
3 16 7.264 -6.756 16.15 9.958 -3.237 15.688 4.932 -1.237 14.637 
3 16 9.958 -3.237 15.688 11.367 2.048 14.747 4.932 -1.237 14.637 
3 16 15.286 -7.35 2.617 17.464 -1.644 0.61 16.422 -8.499 6.376 
3 16 18.492 -2.73 3.717 16.422 -8.499 6.376 17.464 -1.644 0.61 
3 16 18.512 3.168 3.304 18.492 -2.73 3.717 17.662 4.176 -0.447 
3 16 18.492 -2.73 3.717 17.464 -1.644 0.61 17.662 4.176 -0.447 
3 16 18.282 6.928 -1.34 19.555 6.331 3.017 17.662 4.176 -0.447 
3 16 18.512 3.168 3.304 17.662 4.176 -0.447 19.555 6.331 3.017 
3 16 21.188 18.157 -3.262 21.095 12.845 0.558 19.904 17.404 -8.008 
3 16 19.904 17.404 -8.008 21.095 12.845 0.558 19.665 12.243 -4.189 
3 16 17.101 12.536 -8.383 13.528 13.446 -10.653 17.363 17.241 -11.631 
3 16 13.24 17.019 -13.237 17.363 17.241 -11.631 13.528 13.446 -10.653 
3 16 16.144 5.702 -4.588 13.836 7.304 -7.458 16.216 8.585 -5.979 
3 16 16.216 8.585 -5.979 13.836 7.304 -7.458 13.607 10.241 -8.463 
3 16 6.15 25.046 18.59 7.013 17.087 16.386 6.877 25.683 14.716 
3 16 6.877 25.683 14.716 7.013 17.087 16.386 7.129 20.28 12.958 
3 16 3.589 12.112 22.001 7.013 17.087 16.386 3.204 23.958 24.297 
3 16 3.204 23.958 24.297 7.013 17.087 16.386 6.15 25.046 18.59 
3 16 9.745 11.328 13.609 9.859 5.439 13.59 10.894 9.592 12.714 
3 16 17.027 26.469 -11.127 16.372 27.587 -8.055 19.146 24.002 -5.709 
3 16 19.146 24.002 -5.709 16.372 27.587 -8.055 16.397 27.261 -5.99 
3 16 9.813 19.691 8.524 6.988 15.983 10.962 11.267 16.752 10.466 
3 16 9.28 18.186 -12.042 8.204 18.044 -9.952 7.72 22.473 -13.326 
3 16 6.662 21.673 -11.163 7.72 22.473 -13.326 8.204 18.044 -9.952 
3 16 14.701 24.251 2.614 12.574 24.297 3.297 15.135 19.364 7.669 
3 16 15.135 19.364 7.669 12.574 24.297 3.297 11.478 22.208 5.932 
3 16 15.135 19.364 7.669 15.903 24.39 1.862 14.701 24.251 2.614 
3 16 16.114 21.345 -14.369 13.89 25.082 -15.662 18.175 22.233 -12.063 
3 16 18.175 22.233 -12.063 13.89 25.082 -15.662 16.146 25.599 -13.172 
3 16 17.027 26.469 -11.127 19.146 24.002 -5.709 19.142 23.13 -8.708 
3 16 7.72 22.473 -13.326 10.904 24.417 -15.935 9.28 18.186 -12.042 
3 16 12.252 20.381 -14.768 9.28 18.186 -12.042 10.904 24.417 -15.935 
3 16 17.945 24.774 -2.635 15.903 24.39 1.862 18.554 22.539 1.257 
3 16 18.554 22.539 1.257 15.903 24.39 1.862 15.135 19.364 7.669 
3 16 20.044 18.93 2.882 19.146 24.002 -5.709 18.554 22.539 1.257 
3 16 19.146 24.002 -5.709 17.945 24.774 -2.635 18.554 22.539 1.257 
3 16 17.945 24.774 -2.635 16.232 26.522 -3.98 15.903 24.39 1.862 
3 16 11.267 16.752 10.466 15.135 19.364 7.669 9.813 19.691 8.524 
3 16 11.478 22.208 5.932 9.813 19.691 8.524 15.135 19.364 7.669 
3 16 18.175 22.233 -12.063 16.146 25.599 -13.172 19.142 23.13 -8.708 
3 16 19.142 23.13 -8.708 16.146 25.599 -13.172 17.027 26.469 -11.127 
3 16 12.252 20.381 -14.768 10.904 24.417 -15.935 16.114 21.345 -14.369 
3 16 16.114 21.345 -14.369 10.904 24.417 -15.935 13.89 25.082 -15.662 
3 16 19.146 24.002 -5.709 16.397 27.261 -5.99 17.945 24.774 -2.635 
3 16 17.945 24.774 -2.635 16.397 27.261 -5.99 16.232 26.522 -3.98 
3 16 11.012 45.509 -12.624 9.91 45.509 -14.678 10.698 50.44 -12.842 
3 16 9.91 45.509 -14.678 9.535 50.439 -14.553 10.698 50.44 -12.842 
3 16 11.513 45.508 -11.01 11.012 45.509 -12.624 11.045 50.437 -11.196 
3 16 11.012 45.509 -12.624 10.698 50.44 -12.842 11.045 50.437 -11.196 
3 16 10.18 59.356 -11.733 10.679 55.849 -11.446 10.329 58.25 -13.25 
3 16 10.329 58.25 -13.25 10.679 55.849 -11.446 10.514 55.525 -13.11 
3 16 8.039 60.461 -13.568 7.641 60.527 -12.209 8.908 60.591 -13.235 
3 16 7.641 60.527 -12.209 8.69 60.548 -12.129 8.908 60.591 -13.235 
3 16 9.291 59.582 -14.744 9.571 57.667 -14.986 7.914 59.235 -14.938 
3 16 7.914 59.235 -14.938 9.571 57.667 -14.986 7.661 57.888 -14.838 
3 16 6.523 58.745 -13.238 6.662 59.885 -12.273 7.197 60.244 -13.642 
3 16 6.99 60.459 -12.416 7.197 60.244 -13.642 6.662 59.885 -12.273 
3 16 10.329 58.25 -13.25 9.571 57.667 -14.986 9.944 60.141 -13.285 
3 16 9.291 59.582 -14.744 9.944 60.141 -13.285 9.571 57.667 -14.986 
3 16 8.69 60.548 -12.129 9.84 60.346 -12.122 8.908 60.591 -13.235 
3 16 8.908 60.591 -13.235 9.84 60.346 -12.122 9.944 60.141 -13.285 
3 16 9.944 60.141 -13.285 9.291 59.582 -14.744 8.908 60.591 -13.235 
3 16 7.661 57.888 -14.838 9.571 57.667 -14.986 7.502 55.277 -14.74 
3 16 9.571 57.667 -14.986 9.501 55.178 -14.819 7.502 55.277 -14.74 
3 16 10.329 58.25 -13.25 10.514 55.525 -13.11 9.571 57.667 -14.986 
3 16 9.571 57.667 -14.986 10.514 55.525 -13.11 9.501 55.178 -14.819 
3 16 6.662 59.885 -12.273 6.523 58.745 -13.238 5.904 57.593 -12.039 
3 16 5.904 57.593 -12.039 6.523 58.745 -13.238 6.015 56.53 -12.897 
3 16 7.641 60.527 -12.209 8.039 60.461 -13.568 6.99 60.459 -12.416 
3 16 6.99 60.459 -12.416 8.039 60.461 -13.568 7.197 60.244 -13.642 
3 16 7.502 55.277 -14.74 6.015 56.53 -12.897 7.661 57.888 -14.838 
3 16 7.661 57.888 -14.838 6.015 56.53 -12.897 6.523 58.745 -13.238 
3 16 6.523 58.745 -13.238 7.197 60.244 -13.642 7.661 57.888 -14.838 
3 16 7.914 59.235 -14.938 7.661 57.888 -14.838 7.197 60.244 -13.642 
3 16 7.914 59.235 -14.938 8.039 60.461 -13.568 9.291 59.582 -14.744 
3 16 8.039 60.461 -13.568 8.908 60.591 -13.235 9.291 59.582 -14.744 
3 16 8.039 60.461 -13.568 7.914 59.235 -14.938 7.197 60.244 -13.642 
3 16 10.329 58.25 -13.25 9.944 60.141 -13.285 10.18 59.356 -11.733 
3 16 9.84 60.346 -12.122 10.18 59.356 -11.733 9.944 60.141 -13.285 
3 16 13.224 -12.251 8.022 10.42 -12.688 6.433 10.608 -10.674 2.281 
3 16 13.224 -12.251 8.022 12.33 -15.269 12.874 10.351 -13.89 8.714 
3 16 8.999 -15.948 12.137 10.351 -13.89 8.714 12.33 -15.269 12.874 
3 16 11.518 -18.196 15.988 13.552 -17.162 15.849 13.18 -19.053 17.673 
3 16 13.18 -19.053 17.673 13.552 -17.162 15.849 14.651 -18.244 17.443 
3 16 13.798 -18.048 19.966 11.523 -15.867 20.327 12.845 -18.261 20.103 
3 16 13.798 -18.048 19.966 14.864 -17.249 18.972 11.523 -15.867 20.327 
3 16 14.864 -17.249 18.972 13.296 -15.299 19.062 11.523 -15.867 20.327 
3 16 9.156 -17.549 18.438 9.434 -18.071 16.778 11.588 -18.736 19.091 
3 16 9.434 -18.071 16.778 11.562 -18.975 18.218 11.588 -18.736 19.091 
3 16 13.18 -19.053 17.673 13.469 -18.81 19.212 11.562 -18.975 18.218 
3 16 11.562 -18.975 18.218 13.469 -18.81 19.212 11.588 -18.736 19.091 
3 16 13.18 -19.053 17.673 14.651 -18.244 17.443 13.469 -18.81 19.212 
3 16 14.651 -18.244 17.443 14.944 -17.723 18.344 13.469 -18.81 19.212 
3 16 11.523 -15.867 20.327 9.965 -16.73 19.883 12.845 -18.261 20.103 
3 16 12.845 -18.261 20.103 9.965 -16.73 19.883 12.048 -18.311 19.787 
3 16 9.434 -18.071 16.778 11.518 -18.196 15.988 11.562 -18.975 18.218 
3 16 11.562 -18.975 18.218 11.518 -18.196 15.988 13.18 -19.053 17.673 
3 16 14.121 -15.581 17.279 14.944 -17.723 18.344 13.552 -17.162 15.849 
3 16 13.552 -17.162 15.849 14.944 -17.723 18.344 14.651 -18.244 17.443 
3 16 9.156 -17.549 18.438 9.965 -16.73 19.883 4.683 -13.643 15.4 
3 16 6.055 -12.9 17.65 4.683 -13.643 15.4 9.965 -16.73 19.883 
3 16 9.965 -16.73 19.883 9.156 -17.549 18.438 12.048 -18.311 19.787 
3 16 12.048 -18.311 19.787 9.156 -17.549 18.438 11.588 -18.736 19.091 
3 16 11.588 -18.736 19.091 13.469 -18.81 19.212 12.048 -18.311 19.787 
3 16 13.469 -18.81 19.212 12.845 -18.261 20.103 12.048 -18.311 19.787 
3 16 13.798 -18.048 19.966 12.845 -18.261 20.103 13.469 -18.81 19.212 
3 16 13.469 -18.81 19.212 14.944 -17.723 18.344 13.798 -18.048 19.966 
3 16 14.944 -17.723 18.344 14.864 -17.249 18.972 13.798 -18.048 19.966 
3 16 14.121 -15.581 17.279 14.864 -17.249 18.972 14.944 -17.723 18.344 
3 16 13.296 -15.299 19.062 14.864 -17.249 18.972 14.121 -15.581 17.279 
3 16 9.965 -16.73 19.883 11.523 -15.867 20.327 6.055 -12.9 17.65 
3 16 6.055 -12.9 17.65 11.523 -15.867 20.327 8.996 -12.339 18.928 
3 16 8.996 -12.339 18.928 11.523 -15.867 20.327 11.969 -12.117 17.347 
3 16 11.969 -12.117 17.347 11.523 -15.867 20.327 13.296 -15.299 19.062 
3 16 11.969 -12.117 17.347 13.296 -15.299 19.062 13.17 -12.861 14.954 
3 16 14.121 -15.581 17.279 13.17 -12.861 14.954 13.296 -15.299 19.062 
3 16 14.121 -15.581 17.279 13.369 -14.092 13.727 13.17 -12.861 14.954 
3 16 14.121 -15.581 17.279 13.552 -17.162 15.849 13.369 -14.092 13.727 
3 16 13.552 -17.162 15.849 12.33 -15.269 12.874 13.369 -14.092 13.727 
3 16 8.999 -15.948 12.137 12.33 -15.269 12.874 11.518 -18.196 15.988 
3 16 12.33 -15.269 12.874 13.552 -17.162 15.849 11.518 -18.196 15.988 
3 16 5.569 -15.043 13.2 8.999 -15.948 12.137 9.434 -18.071 16.778 
3 16 8.999 -15.948 12.137 11.518 -18.196 15.988 9.434 -18.071 16.778 
3 16 4.683 -13.643 15.4 5.569 -15.043 13.2 9.156 -17.549 18.438 
3 16 9.156 -17.549 18.438 5.569 -15.043 13.2 9.434 -18.071 16.778 
3 16 2.842 -12.53 10.402 0 -11.188 6.25 4.825 -12.308 6.048 
3 16 0 -11.188 6.25 2.842 -12.53 10.402 0 -10.779 12.11 
3 16 0 -10.779 12.11 2.842 -12.53 10.402 2.542 -11.487 13.372 
3 16 6.988 15.983 10.962 0 16.086 12.972 3.718 19.699 12.55 
3 16 3.718 19.699 12.55 0 16.086 12.972 0 20.838 12.999 
3 16 0 61.047 22.634 1.235 60.984 22.248 0 65.337 23.135 
3 16 0 65.337 23.135 1.235 60.984 22.248 0.965 64.987 22.773 
3 16 0 67.054 21.239 0 66.456 22.376 0.777 66.903 21.115 
3 16 0 66.456 22.376 0.832 66.277 22.191 0.777 66.903 21.115 
3 16 0.965 64.987 22.773 0.832 66.277 22.191 0 65.337 23.135 
3 16 0 65.337 23.135 0.832 66.277 22.191 0 66.456 22.376 
3 16 0 10.932 23.526 3.589 12.112 22.001 0 23.647 25.785 
3 16 0 23.647 25.785 3.589 12.112 22.001 3.204 23.958 24.297 
3 16 4.574 2.761 17.202 0 0.542 18.008 4.932 -1.237 14.637 
3 16 0 -5.272 13.853 4.932 -1.237 14.637 0 0.542 18.008 
3 16 2.876 37.06 22.956 2.211 46.937 21.776 0 37.151 24.168 
3 16 0 37.151 24.168 2.211 46.937 21.776 0 46.92 22.649 
3 16 1.526 56.399 21.745 1.235 60.984 22.248 0 56.446 22.186 
3 16 0 56.446 22.186 1.235 60.984 22.248 0 61.047 22.634 
3 16 0 0.542 18.008 4.574 2.761 17.202 0 10.932 23.526 
3 16 0 10.932 23.526 4.574 2.761 17.202 3.589 12.112 22.001 
3 16 11.294 -0.047 6.52 13.041 -0.047 0 11.294 -2.489 6.52 
3 16 13.041 -0.047 0 13.041 -2.489 0 11.294 -2.489 6.52 
3 16 6.52 -0.047 11.294 11.294 -0.047 6.52 6.52 -2.489 11.294 
3 16 11.294 -0.047 6.52 11.294 -2.489 6.52 6.52 -2.489 11.294 
3 16 6.52 -0.047 11.294 6.52 -2.489 11.294 0 -0.041 13.041 
3 16 0 -0.041 13.041 6.52 -2.489 11.294 0 -2.485 13.041 
3 16 10.338 1.069 -6.092 5.566 1.324 -9.641 9.143 -0.023 -5.279 
3 16 9.143 -0.023 -5.279 5.566 1.324 -9.641 4.514 0.216 -7.819 
3 16 11.294 4.352 6.52 13.041 4.352 0 11.294 -0.047 6.52 
3 16 13.041 4.352 0 13.041 -0.047 0 11.294 -0.047 6.52 
3 16 7.819 0 4.514 7.819 -4.725 4.514 9.029 0 0 
3 16 9.029 0 0 7.819 -4.725 4.514 9.029 -4.725 0 
3 16 11.294 4.352 6.52 11.294 -0.047 6.52 6.52 4.352 11.294 
3 16 6.52 4.352 11.294 11.294 -0.047 6.52 6.52 -0.047 11.294 
3 16 4.511 0 7.812 4.511 -4.725 7.812 7.819 0 4.514 
3 16 7.819 0 4.514 4.511 -4.725 7.812 7.819 -4.725 4.514 
3 16 0 4.357 13.041 6.52 4.352 11.294 0 -0.041 13.041 
3 16 6.52 4.352 11.294 6.52 -0.047 11.294 0 -0.041 13.041 
3 16 0 0 9.029 0 -4.725 9.029 4.511 0 7.812 
3 16 4.511 0 7.812 0 -4.725 9.029 4.511 -4.725 7.812 
3 16 13.041 4.352 0 11.294 4.352 -6.52 13.041 -0.047 0 
3 16 13.041 -0.047 0 11.294 4.352 -6.52 10.338 1.069 -6.092 
3 16 9.143 -4.388 -5.279 9.143 -0.023 -5.279 7.812 0 -4.511 
3 16 0 -2.485 13.041 5.279 -5.093 9.143 0 -5.088 10.557 
3 16 6.52 -2.489 11.294 5.279 -5.093 9.143 0 -2.485 13.041 
3 16 11.294 -2.489 6.52 5.279 -5.093 9.143 6.52 -2.489 11.294 
3 16 11.294 -2.489 6.52 9.143 -5.093 5.279 5.279 -5.093 9.143 
3 16 13.041 -2.489 0 10.557 -5.093 0 11.294 -2.489 6.52 
3 16 11.294 -2.489 6.52 10.557 -5.093 0 9.143 -5.093 5.279 
3 16 7.812 0 -4.511 9.143 -0.023 -5.279 4.514 0.216 -7.819 
3 16 13.041 -0.047 0 10.338 1.069 -6.092 13.041 -2.489 0 
3 16 13.041 -2.489 0 10.338 1.069 -6.092 9.143 -0.023 -5.279 
3 16 0 0.192 -9.029 4.514 0.216 -7.819 5.566 1.324 -9.641 
3 16 0 1.509 -11.132 0 0.192 -9.029 5.566 1.324 -9.641 
3 16 13.041 -2.489 0 9.143 -0.023 -5.279 10.557 -5.093 0 
3 16 9.143 -4.388 -5.279 10.557 -5.093 0 9.143 -0.023 -5.279 
3 16 6.52 4.352 11.294 0 4.357 13.041 6.52 13.864 11.294 
3 16 0 13.864 13.041 6.52 13.864 11.294 0 4.357 13.041 
3 16 11.294 4.352 6.52 6.52 4.352 11.294 11.294 13.864 6.52 
3 16 11.294 13.864 6.52 6.52 4.352 11.294 6.52 13.864 11.294 
3 16 13.041 4.352 0 11.294 4.352 6.52 13.041 13.864 0 
3 16 13.041 13.864 0 11.294 4.352 6.52 11.294 13.864 6.52 
3 16 11.294 4.352 -6.52 13.041 4.352 0 11.294 13.864 -6.52 
3 16 13.041 4.352 0 13.041 13.864 0 11.294 13.864 -6.52 
3 16 5.279 -5.093 9.143 0 -4.725 9.029 0 -5.088 10.557 
3 16 5.279 -5.093 9.143 4.511 -4.725 7.812 0 -4.725 9.029 
3 16 5.279 -5.093 9.143 7.819 -4.725 4.514 4.511 -4.725 7.812 
3 16 9.143 -5.093 5.279 7.819 -4.725 4.514 5.279 -5.093 9.143 
3 16 9.143 -5.093 5.279 10.557 -5.093 0 7.819 -4.725 4.514 
3 16 10.557 -5.093 0 9.029 -4.725 0 7.819 -4.725 4.514 
3 16 9.143 -4.388 -5.279 9.029 -4.725 0 10.557 -5.093 0 
3 16 9.029 -4.725 0 9.143 -4.388 -5.279 7.812 0 -4.511 
3 16 9.029 -4.725 0 7.812 0 -4.511 9.029 0 0 
3 16 -8.758 59.811 -11.544 -7.332 60.151 -11.783 -8.69 60.548 -12.129 
3 16 -7.332 60.151 -11.783 -7.641 60.527 -12.209 -8.69 60.548 -12.129 
3 16 -7.094 36.952 15.624 -6.391 36.955 18.698 -5.821 47.079 16.083 
3 16 -6.391 36.955 18.698 -5.152 46.916 18.633 -5.821 47.079 16.083 
3 16 -5.979 -2.611 -9.817 -6.408 0.613 -11.415 -3.361 0.682 -12.74 
3 16 -20.044 18.93 2.882 -19.146 24.002 -5.709 -21.188 18.157 -3.262 
3 16 -21.188 18.157 -3.262 -19.146 24.002 -5.709 -19.142 23.13 -8.708 
3 16 -4.348 -10.64 0.956 -9.089 -8.227 -2.366 -5.745 -8.123 -3.319 
3 16 0 -6.987 -6.512 0 -8.93 -2.614 -4.179 -6.78 -5.958 
3 16 0 -8.93 -2.614 -5.371 -7.665 -3.579 -4.179 -6.78 -5.958 
3 16 -11.267 16.752 10.466 -10.179 12.813 12.141 -9.605 15.44 11.241 
3 16 -10.968 6.742 -8.643 -10.971 3.4 -8.992 -10.984 6.568 -8.646 
3 16 -11.288 1.145 -8.613 -10.984 6.568 -8.646 -10.971 3.4 -8.992 
3 16 -11.288 1.145 -8.613 -10.971 3.4 -8.992 -8.709 1.551 -10.289 
3 16 -4.348 -10.64 0.956 -5.745 -8.123 -3.319 0 -10.487 1.262 
3 16 -5.745 -8.123 -3.319 0 -9.538 -2.111 0 -10.487 1.262 
3 16 -11.288 1.145 -8.613 -10.081 -2.773 -7.128 -12.15 0.521 -8.295 
3 16 -10.081 -2.773 -7.128 -11.143 -3.004 -6.856 -12.15 0.521 -8.295 
3 16 0 -9.538 -2.111 -5.745 -8.123 -3.319 0 -8.93 -2.614 
3 16 0 -8.93 -2.614 -5.745 -8.123 -3.319 -5.371 -7.665 -3.579 
3 16 -13.24 17.019 -13.237 -12.252 20.381 -14.768 -9.28 18.186 -12.042 
3 16 -12.659 18.999 1.918 -11.478 22.208 5.932 -11.224 16.086 6.481 
3 16 -9.813 19.691 8.524 -11.224 16.086 6.481 -11.478 22.208 5.932 
3 16 -12.574 24.297 3.297 -12.309 24.239 -4.181 -14.701 24.251 2.614 
3 16 -13.974 24.374 -4.092 -14.701 24.251 2.614 -12.309 24.239 -4.181 
3 16 -15.903 24.39 1.862 -15.674 24.512 -4.001 -16.232 26.522 -3.98 
3 16 0 2.352 -13.282 0 -2.598 -11.451 -3.361 0.682 -12.74 
3 16 -3.361 0.682 -12.74 0 -2.598 -11.451 -5.979 -2.611 -9.817 
3 16 -10.868 8.364 -8.235 -9.937 4.554 -8.351 -10.968 6.742 -8.643 
3 16 -10.971 3.4 -8.992 -10.968 6.742 -8.643 -10.185 4.26 -8.953 
3 16 -9.937 4.554 -8.351 -10.185 4.26 -8.953 -10.968 6.742 -8.643 
3 16 -8.491 2.244 -10.096 -10.185 4.26 -8.953 -8.265 2.953 -9.52 
3 16 -10.185 4.26 -8.953 -9.937 4.554 -8.351 -8.265 2.953 -9.52 
3 16 -3.304 1.551 -12.252 -6.094 1.567 -11.157 -3.408 2.215 -11.664 
3 16 -5.781 2.114 -10.802 -3.408 2.215 -11.664 -6.094 1.567 -11.157 
3 16 0 3.299 -12.701 0 2.934 -12.919 -3.408 2.215 -11.664 
3 16 0 2.934 -12.919 -3.304 1.551 -12.252 -3.408 2.215 -11.664 
3 16 -8.265 2.953 -9.52 -5.781 2.114 -10.802 -8.491 2.244 -10.096 
3 16 -5.781 2.114 -10.802 -6.094 1.567 -11.157 -8.491 2.244 -10.096 
3 16 -6.408 0.613 -11.415 -5.979 -2.611 -9.817 -8.709 1.551 -10.289 
3 16 -0.777 66.903 21.115 -1.453 61.216 18.605 -1.98 65.647 20.695 
3 16 -1.453 61.216 18.605 -3.048 61.219 18.602 -1.98 65.647 20.695 
3 16 -3.501 25.29 14.561 0 25.079 14.475 -3.718 19.699 12.55 
3 16 0 25.079 14.475 0 20.838 12.999 -3.718 19.699 12.55 
3 16 0 67.054 21.239 0 61.216 18.605 -0.777 66.903 21.115 
3 16 -0.777 66.903 21.115 0 61.216 18.605 -1.453 61.216 18.605 
3 16 -11.143 -3.004 -6.856 -10.081 -2.773 -7.128 -5.745 -8.123 -3.319 
3 16 -10.081 -2.773 -7.128 -5.371 -7.665 -3.579 -5.745 -8.123 -3.319 
3 16 -10.081 -2.773 -7.128 -5.979 -2.611 -9.817 -5.371 -7.665 -3.579 
3 16 -5.371 -7.665 -3.579 -5.979 -2.611 -9.817 -4.179 -6.78 -5.958 
3 16 -5.979 -2.611 -9.817 0 -2.598 -11.451 -4.179 -6.78 -5.958 
3 16 0 -2.598 -11.451 0 -6.987 -6.512 -4.179 -6.78 -5.958 
3 16 -3.462 56.436 19.271 -3.988 56.429 17.223 -5.152 46.916 18.633 
3 16 -5.152 46.916 18.633 -3.988 56.429 17.223 -5.821 47.079 16.083 
3 16 -5.152 46.916 18.633 -2.211 46.937 21.776 -3.462 56.436 19.271 
3 16 -2.211 46.937 21.776 -1.526 56.399 21.745 -3.462 56.436 19.271 
3 16 -2.025 56.434 17.224 -1.453 61.216 18.605 0 56.434 17.224 
3 16 -1.453 61.216 18.605 0 61.216 18.605 0 56.434 17.224 
3 16 -3.988 56.429 17.223 -3.048 61.219 18.602 -2.025 56.434 17.224 
3 16 -1.453 61.216 18.605 -2.025 56.434 17.224 -3.048 61.219 18.602 
3 16 -9.038 55.789 -10.984 -6.753 56.891 -11.032 -8.758 59.811 -11.544 
3 16 -6.753 56.891 -11.032 -7.332 60.151 -11.783 -8.758 59.811 -11.544 
3 16 -10.18 59.356 -11.733 -8.758 59.811 -11.544 -9.84 60.346 -12.122 
3 16 -8.758 59.811 -11.544 -8.69 60.548 -12.129 -9.84 60.346 -12.122 
3 16 -8.758 59.811 -11.544 -10.18 59.356 -11.733 -9.038 55.789 -10.984 
3 16 -10.679 55.849 -11.446 -9.038 55.789 -10.984 -10.18 59.356 -11.733 
3 16 -6.753 56.891 -11.032 -9.038 55.789 -10.984 -6.95 50.445 -10.786 
3 16 -6.95 50.445 -10.786 -9.038 55.789 -10.984 -9.408 50.437 -10.784 
3 16 -5.904 57.593 -12.039 -5.122 50.45 -11.949 -6.015 56.53 -12.897 
3 16 -5.607 50.446 -12.77 -6.015 56.53 -12.897 -5.122 50.45 -11.949 
3 16 -11.045 50.437 -11.196 -9.408 50.437 -10.784 -10.679 55.849 -11.446 
3 16 -9.408 50.437 -10.784 -9.038 55.789 -10.984 -10.679 55.849 -11.446 
3 16 0 -11.188 6.25 -4.825 -12.308 6.048 0 -10.487 1.262 
3 16 -4.825 -12.308 6.048 -4.348 -10.64 0.956 0 -10.487 1.262 
3 16 -10.608 -10.674 2.281 -4.348 -10.64 0.956 -10.42 -12.688 6.433 
3 16 -10.42 -12.688 6.433 -4.348 -10.64 0.956 -4.825 -12.308 6.048 
3 16 -8.396 27.845 -9.921 -8.193 32.158 -10.105 -13.305 28.068 -10.279 
3 16 -8.193 32.158 -10.105 -10.652 32.71 -10.122 -13.305 28.068 -10.279 
3 16 -12.309 24.239 -4.181 -10.314 24.223 -7.887 -15.574 24.457 -6.106 
3 16 -10.314 24.223 -7.887 -15.488 24.409 -7.911 -15.574 24.457 -6.106 
3 16 -6.012 25.264 -11.495 -5.226 29.808 -11.915 -8.396 27.845 -9.921 
3 16 -5.226 29.808 -11.915 -8.193 32.158 -10.105 -8.396 27.845 -9.921 
3 16 -5.904 57.593 -12.039 -6.753 56.891 -11.032 -5.122 50.45 -11.949 
3 16 -5.122 50.45 -11.949 -6.753 56.891 -11.032 -6.95 50.445 -10.786 
3 16 -6.753 56.891 -11.032 -5.904 57.593 -12.039 -7.332 60.151 -11.783 
3 16 -5.904 57.593 -12.039 -6.662 59.885 -12.273 -7.332 60.151 -11.783 
3 16 -11.204 11.444 -8.728 -10.72 13.62 -9.982 -10.371 11.828 -8.352 
3 16 -10.72 13.62 -9.982 -9.813 13.66 -8.718 -10.371 11.828 -8.352 
3 16 -13.224 -12.251 8.022 -12.33 -15.269 12.874 -14.364 -11.827 10.071 
3 16 -12.33 -15.269 12.874 -13.369 -14.092 13.727 -14.364 -11.827 10.071 
3 16 -10.351 -13.89 8.714 -6.749 -14.366 9.218 -8.999 -15.948 12.137 
3 16 -6.749 -14.366 9.218 -2.842 -12.53 10.402 -8.999 -15.948 12.137 
3 16 -2.842 -12.53 10.402 -5.569 -15.043 13.2 -8.999 -15.948 12.137 
3 16 -5.569 -15.043 13.2 -2.842 -12.53 10.402 -4.683 -13.643 15.4 
3 16 -2.842 -12.53 10.402 -2.542 -11.487 13.372 -4.683 -13.643 15.4 
3 16 -5.214 -9.742 15.987 -6.055 -12.9 17.65 -2.542 -11.487 13.372 
3 16 -6.055 -12.9 17.65 -4.683 -13.643 15.4 -2.542 -11.487 13.372 
3 16 -10.314 24.223 -7.887 -8.204 18.044 -9.952 -8.553 24.406 -9.79 
3 16 -8.204 18.044 -9.952 -6.662 21.673 -11.163 -8.553 24.406 -9.79 
3 16 -10.314 24.223 -7.887 -12.309 24.239 -4.181 -10.943 18.6 -6.915 
3 16 -10.943 18.6 -6.915 -12.309 24.239 -4.181 -12.659 18.999 1.918 
3 16 -12.309 24.239 -4.181 -12.574 24.297 3.297 -12.659 18.999 1.918 
3 16 -11.478 22.208 5.932 -12.659 18.999 1.918 -12.574 24.297 3.297 
3 16 -8.204 18.044 -9.952 -10.943 18.6 -6.915 -9.813 13.66 -8.718 
3 16 -10.943 18.6 -6.915 -11.294 13.864 -6.52 -9.813 13.66 -8.718 
3 16 -12.659 18.999 1.918 -13.041 13.864 0 -10.943 18.6 -6.915 
3 16 -11.294 13.864 -6.52 -10.943 18.6 -6.915 -13.041 13.864 0 
3 16 -12.659 18.999 1.918 -11.224 16.086 6.481 -13.041 13.864 0 
3 16 -11.224 16.086 6.481 -11.294 13.864 6.52 -13.041 13.864 0 
3 16 -11.294 13.864 6.52 -11.224 16.086 6.481 -6.52 13.864 11.294 
3 16 -6.52 13.864 11.294 -11.224 16.086 6.481 -6.988 15.983 10.962 
3 16 -6.988 15.983 10.962 0 16.086 12.972 -6.52 13.864 11.294 
3 16 -6.52 13.864 11.294 0 16.086 12.972 0 13.864 13.041 
3 16 -11.294 4.352 -6.52 -10.868 8.364 -8.235 -11.294 13.864 -6.52 
3 16 -10.371 11.828 -8.352 -11.294 13.864 -6.52 -10.868 8.364 -8.235 
3 16 -10.868 8.364 -8.235 -11.294 4.352 -6.52 -9.937 4.554 -8.351 
3 16 -16.422 -8.499 6.376 -14.364 -11.827 10.071 -16.654 -6.119 9.583 
3 16 -14.364 -11.827 10.071 -14.289 -10.271 12.247 -16.654 -6.119 9.583 
3 16 -10.608 -10.674 2.281 -13.224 -12.251 8.022 -15.286 -7.35 2.617 
3 16 -2.842 -12.53 10.402 -6.749 -14.366 9.218 -4.825 -12.308 6.048 
3 16 -6.749 -14.366 9.218 -10.351 -13.89 8.714 -4.825 -12.308 6.048 
3 16 -10.351 -13.89 8.714 -10.42 -12.688 6.433 -4.825 -12.308 6.048 
3 16 -13.224 -12.251 8.022 -10.42 -12.688 6.433 -10.351 -13.89 8.714 
3 16 -7.264 -6.756 16.15 -12.473 -8.504 15.051 -8.996 -12.339 18.928 
3 16 -12.473 -8.504 15.051 -11.969 -12.117 17.347 -8.996 -12.339 18.928 
3 16 -14.364 -11.827 10.071 -13.369 -14.092 13.727 -14.289 -10.271 12.247 
3 16 -13.369 -14.092 13.727 -13.17 -12.861 14.954 -14.289 -10.271 12.247 
3 16 -5.063 34.092 -11.986 -5.226 29.808 -11.915 -6.147 34.092 -13.87 
3 16 -6.147 34.092 -13.87 -5.226 29.808 -11.915 -7.028 25.362 -13.688 
3 16 -7.028 25.362 -13.688 -5.226 29.808 -11.915 -6.012 25.264 -11.495 
3 16 -13.332 26.753 -15.695 -14.741 28.979 -12.235 -11.59 34.092 -15.38 
3 16 -12.856 34.093 -12.362 -11.59 34.092 -15.38 -14.741 28.979 -12.235 
3 16 -14.105 -3.307 13.618 -12.473 -8.504 15.051 -9.958 -3.237 15.688 
3 16 -9.958 -3.237 15.688 -12.473 -8.504 15.051 -7.264 -6.756 16.15 
3 16 -3.21 -7.399 14.335 -5.214 -9.742 15.987 -2.542 -11.487 13.372 
3 16 -3.21 -7.399 14.335 -2.542 -11.487 13.372 0 -8.115 13.168 
3 16 0 -8.115 13.168 -2.542 -11.487 13.372 0 -10.779 12.11 
3 16 -6.015 56.53 -12.897 -5.607 50.446 -12.77 -7.502 55.277 -14.74 
3 16 -7.441 50.44 -14.675 -7.502 55.277 -14.74 -5.607 50.446 -12.77 
3 16 -7.502 55.277 -14.74 -7.441 50.44 -14.675 -9.501 55.178 -14.819 
3 16 -9.535 50.439 -14.553 -9.501 55.178 -14.819 -7.441 50.44 -14.675 
3 16 -10.514 55.525 -13.11 -9.501 55.178 -14.819 -10.698 50.44 -12.842 
3 16 -10.698 50.44 -12.842 -9.501 55.178 -14.819 -9.535 50.439 -14.553 
3 16 -10.679 55.849 -11.446 -10.514 55.525 -13.11 -11.045 50.437 -11.196 
3 16 -11.045 50.437 -11.196 -10.514 55.525 -13.11 -10.698 50.44 -12.842 
3 16 -7.873 40.266 -15.53 -7.52 45.51 -14.981 -5.718 40.266 -13.513 
3 16 -5.718 40.266 -13.513 -7.52 45.51 -14.981 -5.57 45.51 -13.164 
3 16 -5.718 40.266 -13.513 -5.57 45.51 -13.164 -4.842 40.266 -12.065 
3 16 -4.842 40.266 -12.065 -5.57 45.51 -13.164 -4.913 45.51 -12.035 
3 16 -18.175 22.233 -12.063 -16.114 21.345 -14.369 -19.904 17.404 -8.008 
3 16 -19.904 17.404 -8.008 -16.114 21.345 -14.369 -17.363 17.241 -11.631 
3 16 -12.15 0.521 -8.295 -12.085 6.281 -8.641 -11.288 1.145 -8.613 
3 16 -12.085 6.281 -8.641 -10.984 6.568 -8.646 -11.288 1.145 -8.613 
3 16 -12.085 6.281 -8.641 -12.15 0.521 -8.295 -14.069 2.214 -6.462 
3 16 -17.648 2.291 7.334 -18.492 -2.73 3.717 -18.005 -1.689 7.72 
3 16 -11.367 2.048 14.747 -12.382 5.179 13.078 -14.956 1.095 12.295 
3 16 -12.382 5.179 13.078 -14.812 4.313 11.237 -14.956 1.095 12.295 
3 16 -4.932 -1.237 14.637 -9.859 5.439 13.59 -11.367 2.048 14.747 
3 16 -9.859 5.439 13.59 -12.382 5.179 13.078 -11.367 2.048 14.747 
3 16 -10.894 9.592 12.714 -10.179 12.813 12.141 -12.271 11.977 12.121 
3 16 -12.962 8.715 12.27 -10.894 9.592 12.714 -12.271 11.977 12.121 
3 16 -15.247 7.855 10.945 -12.962 8.715 12.27 -15.964 12.134 10.613 
3 16 -12.962 8.715 12.27 -12.271 11.977 12.121 -15.964 12.134 10.613 
3 16 -18.282 6.928 -1.34 -19.665 12.243 -4.189 -16.216 8.585 -5.979 
3 16 -16.216 8.585 -5.979 -19.665 12.243 -4.189 -17.101 12.536 -8.383 
3 16 -8.735 34.092 -16.163 -7.873 40.266 -15.53 -6.147 34.092 -13.87 
3 16 -6.147 34.092 -13.87 -7.873 40.266 -15.53 -5.718 40.266 -13.513 
3 16 -6.147 34.092 -13.87 -5.718 40.266 -13.513 -5.063 34.092 -11.986 
3 16 -4.842 40.266 -12.065 -5.063 34.092 -11.986 -5.718 40.266 -13.513 
3 16 -16.083 28.166 -9.724 -15.045 29.401 -10.598 -15.936 27.444 -11.727 
3 16 -14.741 28.979 -12.235 -15.936 27.444 -11.727 -15.045 29.401 -10.598 
3 16 -18.437 6.852 7.185 -15.247 7.855 10.945 -19.826 13.006 5.759 
3 16 -15.964 12.134 10.613 -19.826 13.006 5.759 -15.247 7.855 10.945 
3 16 -18.005 -1.689 7.72 -14.956 1.095 12.295 -17.648 2.291 7.334 
3 16 -14.956 1.095 12.295 -14.812 4.313 11.237 -17.648 2.291 7.334 
3 16 -16.654 -6.119 9.583 -14.289 -10.271 12.247 -14.105 -3.307 13.618 
3 16 -14.289 -10.271 12.247 -12.473 -8.504 15.051 -14.105 -3.307 13.618 
3 16 -14.289 -10.271 12.247 -13.17 -12.861 14.954 -12.473 -8.504 15.051 
3 16 -13.17 -12.861 14.954 -11.969 -12.117 17.347 -12.473 -8.504 15.051 
3 16 -7.094 36.952 15.624 -5.821 47.079 16.083 -3.541 36.952 15.532 
3 16 -5.821 47.079 16.083 -3.147 46.915 15.904 -3.541 36.952 15.532 
3 16 -3.541 36.952 15.532 -3.147 46.915 15.904 0 36.952 15.505 
3 16 -3.147 46.915 15.904 0 46.915 15.906 0 36.952 15.505 
3 16 -3.147 46.915 15.904 -2.025 56.434 17.224 0 46.915 15.906 
3 16 -2.025 56.434 17.224 0 56.434 17.224 0 46.915 15.906 
3 16 -2.025 56.434 17.224 -3.147 46.915 15.904 -3.988 56.429 17.223 
3 16 -3.988 56.429 17.223 -3.147 46.915 15.904 -5.821 47.079 16.083 
3 16 -20.044 18.93 2.882 -15.135 19.364 7.669 -18.554 22.539 1.257 
3 16 -18.554 22.539 1.257 -15.135 19.364 7.669 -15.903 24.39 1.862 
3 16 -12.15 0.521 -8.295 -11.143 -3.004 -6.856 -14.069 2.214 -6.462 
3 16 -11.143 -3.004 -6.856 -12.956 -3.614 -4.546 -14.069 2.214 -6.462 
3 16 -9.089 -8.227 -2.366 -12.956 -3.614 -4.546 -5.745 -8.123 -3.319 
3 16 -12.956 -3.614 -4.546 -11.143 -3.004 -6.856 -5.745 -8.123 -3.319 
3 16 -7.264 -6.756 16.15 -5.214 -9.742 15.987 -3.21 -7.399 14.335 
3 16 -6.988 15.983 10.962 -11.267 16.752 10.466 -9.605 15.44 11.241 
3 16 -19.826 13.006 5.759 -21.095 12.845 0.558 -18.437 6.852 7.185 
3 16 -19.555 6.331 3.017 -18.437 6.852 7.185 -21.095 12.845 0.558 
3 16 -6.662 59.885 -12.273 -6.99 60.459 -12.416 -7.332 60.151 -11.783 
3 16 -6.99 60.459 -12.416 -7.641 60.527 -12.209 -7.332 60.151 -11.783 
3 16 0 1.509 -11.132 -3.408 2.215 -11.664 -5.566 1.324 -9.641 
3 16 -3.408 2.215 -11.664 -5.781 2.114 -10.802 -5.566 1.324 -9.641 
3 16 -5.781 2.114 -10.802 -8.265 2.953 -9.52 -5.566 1.324 -9.641 
3 16 -10.338 1.069 -6.092 -5.566 1.324 -9.641 -8.265 2.953 -9.52 
3 16 -9.937 4.554 -8.351 -11.294 4.352 -6.52 -10.338 1.069 -6.092 
3 16 0 1.509 -11.132 0 3.299 -12.701 -3.408 2.215 -11.664 
3 16 -10.338 1.069 -6.092 -8.265 2.953 -9.52 -9.937 4.554 -8.351 
3 16 -9.813 13.66 -8.718 -11.294 13.864 -6.52 -10.371 11.828 -8.352 
3 16 0 25.079 14.475 -3.501 25.29 14.561 0 36.952 15.505 
3 16 -3.541 36.952 15.532 0 36.952 15.505 -3.501 25.29 14.561 
3 16 -3.541 36.952 15.532 -3.501 25.29 14.561 -7.094 36.952 15.624 
3 16 -3.501 25.29 14.561 -6.877 25.683 14.716 -7.094 36.952 15.624 
3 16 -7.028 25.362 -13.688 -10.333 26.091 -16.247 -6.147 34.092 -13.87 
3 16 -10.333 26.091 -16.247 -8.735 34.092 -16.163 -6.147 34.092 -13.87 
3 16 -13.607 10.241 -8.463 -13.528 13.446 -10.653 -11.204 11.444 -8.728 
3 16 -10.72 13.62 -9.982 -11.204 11.444 -8.728 -13.528 13.446 -10.653 
3 16 -14.741 28.979 -12.235 -15.045 29.401 -10.598 -12.856 34.093 -12.362 
3 16 -15.045 29.401 -10.598 -13.654 32.217 -10.562 -12.856 34.093 -12.362 
3 16 -13.654 32.217 -10.562 -13.136 34.102 -10.569 -12.856 34.093 -12.362 
3 16 -16.372 27.587 -8.055 -16.397 27.261 -5.99 -15.488 24.409 -7.911 
3 16 -16.397 27.261 -5.99 -15.574 24.457 -6.106 -15.488 24.409 -7.911 
3 16 -14.701 24.251 2.614 -13.974 24.374 -4.092 -15.903 24.39 1.862 
3 16 -15.903 24.39 1.862 -13.974 24.374 -4.092 -15.674 24.512 -4.001 
3 16 -13.654 32.217 -10.562 -10.652 32.71 -10.122 -13.136 34.102 -10.569 
3 16 -10.49 34.101 -10.173 -13.136 34.102 -10.569 -10.652 32.71 -10.122 
3 16 -8.046 34.101 -10.177 -10.49 34.101 -10.173 -8.193 32.158 -10.105 
3 16 -10.652 32.71 -10.122 -8.193 32.158 -10.105 -10.49 34.101 -10.173 
3 16 -5.226 29.808 -11.915 -5.063 34.092 -11.986 -8.193 32.158 -10.105 
3 16 -5.063 34.092 -11.986 -8.046 34.101 -10.177 -8.193 32.158 -10.105 
3 16 -8.046 34.101 -10.177 -5.063 34.092 -11.986 -7.712 40.267 -10.408 
3 16 -7.712 40.267 -10.408 -5.063 34.092 -11.986 -4.842 40.266 -12.065 
3 16 -10.099 40.269 -10.404 -10.49 34.101 -10.173 -7.712 40.267 -10.408 
3 16 -10.49 34.101 -10.173 -8.046 34.101 -10.177 -7.712 40.267 -10.408 
3 16 -13.136 34.102 -10.569 -10.49 34.101 -10.173 -12.012 40.234 -10.858 
3 16 -12.012 40.234 -10.858 -10.49 34.101 -10.173 -10.099 40.269 -10.404 
3 16 -11.776 40.26 -12.496 -11.012 45.509 -12.624 -10.537 40.262 -15.029 
3 16 -11.012 45.509 -12.624 -9.91 45.509 -14.678 -10.537 40.262 -15.029 
3 16 -10.537 40.262 -15.029 -9.91 45.509 -14.678 -7.873 40.266 -15.53 
3 16 -9.91 45.509 -14.678 -7.52 45.51 -14.981 -7.873 40.266 -15.53 
3 16 -7.712 40.267 -10.408 -4.842 40.266 -12.065 -7.441 45.509 -10.604 
3 16 -4.842 40.266 -12.065 -4.913 45.51 -12.035 -7.441 45.509 -10.604 
3 16 -10.099 40.269 -10.404 -7.712 40.267 -10.408 -9.704 45.509 -10.599 
3 16 -7.441 45.509 -10.604 -9.704 45.509 -10.599 -7.712 40.267 -10.408 
3 16 -12.012 40.234 -10.858 -10.099 40.269 -10.404 -11.513 45.508 -11.01 
3 16 -9.704 45.509 -10.599 -11.513 45.508 -11.01 -10.099 40.269 -10.404 
3 16 -11.012 45.509 -12.624 -11.776 40.26 -12.496 -11.513 45.508 -11.01 
3 16 -11.513 45.508 -11.01 -11.776 40.26 -12.496 -12.012 40.234 -10.858 
3 16 -12.856 34.093 -12.362 -11.776 40.26 -12.496 -11.59 34.092 -15.38 
3 16 -11.776 40.26 -12.496 -10.537 40.262 -15.029 -11.59 34.092 -15.38 
3 16 -11.59 34.092 -15.38 -10.537 40.262 -15.029 -8.735 34.092 -16.163 
3 16 -10.537 40.262 -15.029 -7.873 40.266 -15.53 -8.735 34.092 -16.163 
3 16 -13.136 34.102 -10.569 -12.012 40.234 -10.858 -12.856 34.093 -12.362 
3 16 -12.012 40.234 -10.858 -11.776 40.26 -12.496 -12.856 34.093 -12.362 
3 16 -9.91 45.509 -14.678 -9.535 50.439 -14.553 -7.52 45.51 -14.981 
3 16 -9.535 50.439 -14.553 -7.441 50.44 -14.675 -7.52 45.51 -14.981 
3 16 -7.52 45.51 -14.981 -7.441 50.44 -14.675 -5.57 45.51 -13.164 
3 16 -7.441 50.44 -14.675 -5.607 50.446 -12.77 -5.57 45.51 -13.164 
3 16 -5.57 45.51 -13.164 -5.607 50.446 -12.77 -4.913 45.51 -12.035 
3 16 -5.607 50.446 -12.77 -5.122 50.45 -11.949 -4.913 45.51 -12.035 
3 16 -7.441 45.509 -10.604 -4.913 45.51 -12.035 -6.95 50.445 -10.786 
3 16 -5.122 50.45 -11.949 -6.95 50.445 -10.786 -4.913 45.51 -12.035 
3 16 -6.95 50.445 -10.786 -9.408 50.437 -10.784 -7.441 45.509 -10.604 
3 16 -9.408 50.437 -10.784 -9.704 45.509 -10.599 -7.441 45.509 -10.604 
3 16 -11.513 45.508 -11.01 -9.704 45.509 -10.599 -11.045 50.437 -11.196 
3 16 -9.408 50.437 -10.784 -11.045 50.437 -11.196 -9.704 45.509 -10.599 
3 16 -21.095 12.845 0.558 -19.665 12.243 -4.189 -19.555 6.331 3.017 
3 16 -19.555 6.331 3.017 -19.665 12.243 -4.189 -18.282 6.928 -1.34 
3 16 -21.188 18.157 -3.262 -19.142 23.13 -8.708 -19.904 17.404 -8.008 
3 16 -19.142 23.13 -8.708 -18.175 22.233 -12.063 -19.904 17.404 -8.008 
3 16 -14.557 -5.248 -1.142 -10.608 -10.674 2.281 -15.286 -7.35 2.617 
3 16 -13.89 25.082 -15.662 -15.936 27.444 -11.727 -13.332 26.753 -15.695 
3 16 -15.936 27.444 -11.727 -14.741 28.979 -12.235 -13.332 26.753 -15.695 
3 16 -10.652 32.71 -10.122 -13.654 32.217 -10.562 -13.305 28.068 -10.279 
3 16 -15.045 29.401 -10.598 -13.305 28.068 -10.279 -13.654 32.217 -10.562 
3 16 -8.553 24.406 -9.79 -8.396 27.845 -9.921 -15.403 24.362 -9.689 
3 16 -8.396 27.845 -9.921 -13.305 28.068 -10.279 -15.403 24.362 -9.689 
3 16 -8.396 27.845 -9.921 -8.553 24.406 -9.79 -6.012 25.264 -11.495 
3 16 -6.662 21.673 -11.163 -6.012 25.264 -11.495 -8.553 24.406 -9.79 
3 16 -6.012 25.264 -11.495 -6.662 21.673 -11.163 -7.028 25.362 -13.688 
3 16 -7.72 22.473 -13.326 -7.028 25.362 -13.688 -6.662 21.673 -11.163 
3 16 -7.028 25.362 -13.688 -7.72 22.473 -13.326 -10.333 26.091 -16.247 
3 16 -7.72 22.473 -13.326 -10.904 24.417 -15.935 -10.333 26.091 -16.247 
3 16 -13.305 28.068 -10.279 -15.045 29.401 -10.598 -15.403 24.362 -9.689 
3 16 -16.083 28.166 -9.724 -15.403 24.362 -9.689 -15.045 29.401 -10.598 
3 16 -10.333 26.091 -16.247 -13.332 26.753 -15.695 -8.735 34.092 -16.163 
3 16 -13.332 26.753 -15.695 -11.59 34.092 -15.38 -8.735 34.092 -16.163 
3 16 -13.332 26.753 -15.695 -10.333 26.091 -16.247 -13.89 25.082 -15.662 
3 16 -13.89 25.082 -15.662 -10.333 26.091 -16.247 -10.904 24.417 -15.935 
3 16 -17.363 17.241 -11.631 -16.114 21.345 -14.369 -13.24 17.019 -13.237 
3 16 -12.252 20.381 -14.768 -13.24 17.019 -13.237 -16.114 21.345 -14.369 
3 16 -16.216 8.585 -5.979 -17.101 12.536 -8.383 -13.607 10.241 -8.463 
3 16 -17.101 12.536 -8.383 -13.528 13.446 -10.653 -13.607 10.241 -8.463 
3 16 -6.988 15.983 10.962 -5.851 20.197 12.899 -3.718 19.699 12.55 
3 16 -5.851 20.197 12.899 -3.501 25.29 14.561 -3.718 19.699 12.55 
3 16 -10.608 -10.674 2.281 -9.089 -8.227 -2.366 -4.348 -10.64 0.956 
3 16 -14.557 -5.248 -1.142 -12.956 -3.614 -4.546 -10.608 -10.674 2.281 
3 16 -12.956 -3.614 -4.546 -9.089 -8.227 -2.366 -10.608 -10.674 2.281 
3 16 -14.069 2.214 -6.462 -12.956 -3.614 -4.546 -16.139 0.021 -2.952 
3 16 -16.139 0.021 -2.952 -12.956 -3.614 -4.546 -14.557 -5.248 -1.142 
3 16 -11.288 1.145 -8.613 -8.709 1.551 -10.289 -10.081 -2.773 -7.128 
3 16 -8.709 1.551 -10.289 -5.979 -2.611 -9.817 -10.081 -2.773 -7.128 
3 16 -13.224 -12.251 8.022 -14.364 -11.827 10.071 -15.286 -7.35 2.617 
3 16 -15.286 -7.35 2.617 -14.364 -11.827 10.071 -16.422 -8.499 6.376 
3 16 -7.264 -6.756 16.15 -8.996 -12.339 18.928 -5.214 -9.742 15.987 
3 16 -5.214 -9.742 15.987 -8.996 -12.339 18.928 -6.055 -12.9 17.65 
3 16 -13.89 25.082 -15.662 -16.146 25.599 -13.172 -15.936 27.444 -11.727 
3 16 -15.936 27.444 -11.727 -16.146 25.599 -13.172 -17.027 26.469 -11.127 
3 16 -16.372 27.587 -8.055 -16.083 28.166 -9.724 -17.027 26.469 -11.127 
3 16 -16.083 28.166 -9.724 -15.936 27.444 -11.727 -17.027 26.469 -11.127 
3 16 -8.553 24.406 -9.79 -15.403 24.362 -9.689 -10.314 24.223 -7.887 
3 16 -15.488 24.409 -7.911 -10.314 24.223 -7.887 -15.403 24.362 -9.689 
3 16 -16.083 28.166 -9.724 -16.372 27.587 -8.055 -15.403 24.362 -9.689 
3 16 -16.372 27.587 -8.055 -15.488 24.409 -7.911 -15.403 24.362 -9.689 
3 16 -9.605 15.44 11.241 -7.129 20.28 12.958 -6.988 15.983 10.962 
3 16 -7.129 20.28 12.958 -5.851 20.197 12.899 -6.988 15.983 10.962 
3 16 -3.501 25.29 14.561 -5.851 20.197 12.899 -6.877 25.683 14.716 
3 16 -5.851 20.197 12.899 -7.129 20.28 12.958 -6.877 25.683 14.716 
3 16 -16.397 27.261 -5.99 -16.232 26.522 -3.98 -15.574 24.457 -6.106 
3 16 -15.574 24.457 -6.106 -16.232 26.522 -3.98 -15.674 24.512 -4.001 
3 16 -12.309 24.239 -4.181 -15.574 24.457 -6.106 -13.974 24.374 -4.092 
3 16 -15.574 24.457 -6.106 -15.674 24.512 -4.001 -13.974 24.374 -4.092 
3 16 -8.204 18.044 -9.952 -10.314 24.223 -7.887 -10.943 18.6 -6.915 
3 16 -3.361 0.682 -12.74 -3.304 1.551 -12.252 0 2.352 -13.282 
3 16 0 2.934 -12.919 0 2.352 -13.282 -3.304 1.551 -12.252 
3 16 -6.408 0.613 -11.415 -6.094 1.567 -11.157 -3.361 0.682 -12.74 
3 16 -6.094 1.567 -11.157 -3.304 1.551 -12.252 -3.361 0.682 -12.74 
3 16 -6.408 0.613 -11.415 -8.709 1.551 -10.289 -6.094 1.567 -11.157 
3 16 -8.491 2.244 -10.096 -6.094 1.567 -11.157 -8.709 1.551 -10.289 
3 16 -8.709 1.551 -10.289 -10.971 3.4 -8.992 -8.491 2.244 -10.096 
3 16 -10.971 3.4 -8.992 -10.185 4.26 -8.953 -8.491 2.244 -10.096 
3 16 -6.988 15.983 10.962 -11.224 16.086 6.481 -9.813 19.691 8.524 
3 16 -3.21 -7.399 14.335 0 -8.115 13.168 0 -5.272 13.853 
3 16 -3.21 -7.399 14.335 0 -5.272 13.853 -4.932 -1.237 14.637 
3 16 -18.492 -2.73 3.717 -17.648 2.291 7.334 -18.512 3.168 3.304 
3 16 -17.648 2.291 7.334 -18.437 6.852 7.185 -18.512 3.168 3.304 
3 16 -18.437 6.852 7.185 -19.555 6.331 3.017 -18.512 3.168 3.304 
3 16 -15.286 -7.35 2.617 -17.464 -1.644 0.61 -14.557 -5.248 -1.142 
3 16 -16.139 0.021 -2.952 -14.557 -5.248 -1.142 -17.464 -1.644 0.61 
3 16 -1.98 65.647 20.695 -3.048 61.219 18.602 -1.969 65.186 21.289 
3 16 -3.048 61.219 18.602 -2.734 60.94 20.217 -1.969 65.186 21.289 
3 16 -11.204 11.444 -8.728 -11.698 8.301 -8.355 -13.607 10.241 -8.463 
3 16 -13.607 10.241 -8.463 -11.698 8.301 -8.355 -13.836 7.304 -7.458 
3 16 -1.969 65.186 21.289 -2.734 60.94 20.217 -1.992 64.295 21.541 
3 16 -0.777 66.903 21.115 -1.98 65.647 20.695 -0.832 66.277 22.191 
3 16 -0.832 66.277 22.191 -1.98 65.647 20.695 -1.969 65.186 21.289 
3 16 -0.832 66.277 22.191 -1.969 65.186 21.289 -0.965 64.987 22.773 
3 16 -0.965 64.987 22.773 -1.969 65.186 21.289 -1.992 64.295 21.541 
3 16 -0.965 64.987 22.773 -1.992 64.295 21.541 -1.235 60.984 22.248 
3 16 -1.235 60.984 22.248 -1.992 64.295 21.541 -2.734 60.94 20.217 
3 16 0 37.151 24.168 -2.876 37.06 22.956 0 23.647 25.785 
3 16 -2.876 37.06 22.956 -3.204 23.958 24.297 0 23.647 25.785 
3 16 -9.745 11.328 13.609 -7.129 20.28 12.958 -10.179 12.813 12.141 
3 16 -9.605 15.44 11.241 -10.179 12.813 12.141 -7.129 20.28 12.958 
3 16 -10.894 9.592 12.714 -9.745 11.328 13.609 -10.179 12.813 12.141 
3 16 -4.932 -1.237 14.637 -4.574 2.761 17.202 -9.859 5.439 13.59 
3 16 -9.745 11.328 13.609 -9.859 5.439 13.59 -4.574 2.761 17.202 
3 16 -6.391 36.955 18.698 -2.876 37.06 22.956 -5.152 46.916 18.633 
3 16 -2.876 37.06 22.956 -2.211 46.937 21.776 -5.152 46.916 18.633 
3 16 -2.211 46.937 21.776 0 46.92 22.649 -1.526 56.399 21.745 
3 16 0 46.92 22.649 0 56.446 22.186 -1.526 56.399 21.745 
3 16 -3.048 61.219 18.602 -3.988 56.429 17.223 -2.734 60.94 20.217 
3 16 -2.734 60.94 20.217 -3.988 56.429 17.223 -3.462 56.436 19.271 
3 16 -1.526 56.399 21.745 -1.235 60.984 22.248 -3.462 56.436 19.271 
3 16 -1.235 60.984 22.248 -2.734 60.94 20.217 -3.462 56.436 19.271 
3 16 -20.044 18.93 2.882 -21.188 18.157 -3.262 -19.826 13.006 5.759 
3 16 -21.095 12.845 0.558 -19.826 13.006 5.759 -21.188 18.157 -3.262 
3 16 -16.216 8.585 -5.979 -16.144 5.702 -4.588 -18.282 6.928 -1.34 
3 16 -16.144 5.702 -4.588 -17.662 4.176 -0.447 -18.282 6.928 -1.34 
3 16 -14.812 4.313 11.237 -12.382 5.179 13.078 -15.247 7.855 10.945 
3 16 -12.382 5.179 13.078 -12.962 8.715 12.27 -15.247 7.855 10.945 
3 16 -10.894 9.592 12.714 -12.962 8.715 12.27 -9.859 5.439 13.59 
3 16 -12.382 5.179 13.078 -9.859 5.439 13.59 -12.962 8.715 12.27 
3 16 -19.904 17.404 -8.008 -17.363 17.241 -11.631 -19.665 12.243 -4.189 
3 16 -19.665 12.243 -4.189 -17.363 17.241 -11.631 -17.101 12.536 -8.383 
3 16 -3.21 -7.399 14.335 -4.932 -1.237 14.637 -7.264 -6.756 16.15 
3 16 -9.958 -3.237 15.688 -11.367 2.048 14.747 -14.105 -3.307 13.618 
3 16 -11.367 2.048 14.747 -14.956 1.095 12.295 -14.105 -3.307 13.618 
3 16 -6.15 25.046 18.59 -3.204 23.958 24.297 -6.391 36.955 18.698 
3 16 -6.391 36.955 18.698 -3.204 23.958 24.297 -2.876 37.06 22.956 
3 16 -6.877 25.683 14.716 -6.15 25.046 18.59 -7.094 36.952 15.624 
3 16 -7.094 36.952 15.624 -6.15 25.046 18.59 -6.391 36.955 18.698 
3 16 -15.964 12.134 10.613 -12.271 11.977 12.121 -15.135 19.364 7.669 
3 16 -12.271 11.977 12.121 -11.267 16.752 10.466 -15.135 19.364 7.669 
3 16 -12.271 11.977 12.121 -10.179 12.813 12.141 -11.267 16.752 10.466 
3 16 -10.72 13.62 -9.982 -9.28 18.186 -12.042 -9.813 13.66 -8.718 
3 16 -9.813 13.66 -8.718 -9.28 18.186 -12.042 -8.204 18.044 -9.952 
3 16 -14.069 2.214 -6.462 -13.836 7.304 -7.458 -12.085 6.281 -8.641 
3 16 -13.836 7.304 -7.458 -11.698 8.301 -8.355 -12.085 6.281 -8.641 
3 16 -16.139 0.021 -2.952 -16.144 5.702 -4.588 -14.069 2.214 -6.462 
3 16 -16.144 5.702 -4.588 -13.836 7.304 -7.458 -14.069 2.214 -6.462 
3 16 -16.144 5.702 -4.588 -16.139 0.021 -2.952 -17.662 4.176 -0.447 
3 16 -17.662 4.176 -0.447 -16.139 0.021 -2.952 -17.464 -1.644 0.61 
3 16 -16.422 -8.499 6.376 -16.654 -6.119 9.583 -18.492 -2.73 3.717 
3 16 -16.654 -6.119 9.583 -18.005 -1.689 7.72 -18.492 -2.73 3.717 
3 16 -4.574 2.761 17.202 -3.589 12.112 22.001 -9.745 11.328 13.609 
3 16 -9.745 11.328 13.609 -3.589 12.112 22.001 -7.013 17.087 16.386 
3 16 -17.648 2.291 7.334 -14.812 4.313 11.237 -18.437 6.852 7.185 
3 16 -14.812 4.313 11.237 -15.247 7.855 10.945 -18.437 6.852 7.185 
3 16 -14.956 1.095 12.295 -18.005 -1.689 7.72 -14.105 -3.307 13.618 
3 16 -16.654 -6.119 9.583 -14.105 -3.307 13.618 -18.005 -1.689 7.72 
3 16 -7.129 20.28 12.958 -9.745 11.328 13.609 -7.013 17.087 16.386 
3 16 -19.826 13.006 5.759 -15.964 12.134 10.613 -20.044 18.93 2.882 
3 16 -15.135 19.364 7.669 -20.044 18.93 2.882 -15.964 12.134 10.613 
3 16 -9.28 18.186 -12.042 -10.72 13.62 -9.982 -13.24 17.019 -13.237 
3 16 -13.24 17.019 -13.237 -10.72 13.62 -9.982 -13.528 13.446 -10.653 
3 16 -10.371 11.828 -8.352 -10.868 8.364 -8.235 -11.204 11.444 -8.728 
3 16 -10.868 8.364 -8.235 -11.698 8.301 -8.355 -11.204 11.444 -8.728 
3 16 -12.085 6.281 -8.641 -11.698 8.301 -8.355 -10.984 6.568 -8.646 
3 16 -10.984 6.568 -8.646 -11.698 8.301 -8.355 -10.968 6.742 -8.643 
3 16 -11.698 8.301 -8.355 -10.868 8.364 -8.235 -10.968 6.742 -8.643 
3 16 -7.264 -6.756 16.15 -4.932 -1.237 14.637 -9.958 -3.237 15.688 
3 16 -9.958 -3.237 15.688 -4.932 -1.237 14.637 -11.367 2.048 14.747 
3 16 -15.286 -7.35 2.617 -16.422 -8.499 6.376 -17.464 -1.644 0.61 
3 16 -18.492 -2.73 3.717 -17.464 -1.644 0.61 -16.422 -8.499 6.376 
3 16 -18.512 3.168 3.304 -17.662 4.176 -0.447 -18.492 -2.73 3.717 
3 16 -18.492 -2.73 3.717 -17.662 4.176 -0.447 -17.464 -1.644 0.61 
3 16 -18.282 6.928 -1.34 -17.662 4.176 -0.447 -19.555 6.331 3.017 
3 16 -18.512 3.168 3.304 -19.555 6.331 3.017 -17.662 4.176 -0.447 
3 16 -21.188 18.157 -3.262 -19.904 17.404 -8.008 -21.095 12.845 0.558 
3 16 -19.904 17.404 -8.008 -19.665 12.243 -4.189 -21.095 12.845 0.558 
3 16 -17.101 12.536 -8.383 -17.363 17.241 -11.631 -13.528 13.446 -10.653 
3 16 -13.24 17.019 -13.237 -13.528 13.446 -10.653 -17.363 17.241 -11.631 
3 16 -16.144 5.702 -4.588 -16.216 8.585 -5.979 -13.836 7.304 -7.458 
3 16 -16.216 8.585 -5.979 -13.607 10.241 -8.463 -13.836 7.304 -7.458 
3 16 -6.15 25.046 18.59 -6.877 25.683 14.716 -7.013 17.087 16.386 
3 16 -6.877 25.683 14.716 -7.129 20.28 12.958 -7.013 17.087 16.386 
3 16 -3.589 12.112 22.001 -3.204 23.958 24.297 -7.013 17.087 16.386 
3 16 -3.204 23.958 24.297 -6.15 25.046 18.59 -7.013 17.087 16.386 
3 16 -9.745 11.328 13.609 -10.894 9.592 12.714 -9.859 5.439 13.59 
3 16 -17.027 26.469 -11.127 -19.146 24.002 -5.709 -16.372 27.587 -8.055 
3 16 -19.146 24.002 -5.709 -16.397 27.261 -5.99 -16.372 27.587 -8.055 
3 16 -9.813 19.691 8.524 -11.267 16.752 10.466 -6.988 15.983 10.962 
3 16 -9.28 18.186 -12.042 -7.72 22.473 -13.326 -8.204 18.044 -9.952 
3 16 -6.662 21.673 -11.163 -8.204 18.044 -9.952 -7.72 22.473 -13.326 
3 16 -14.701 24.251 2.614 -15.135 19.364 7.669 -12.574 24.297 3.297 
3 16 -15.135 19.364 7.669 -11.478 22.208 5.932 -12.574 24.297 3.297 
3 16 -15.903 24.39 1.862 -15.135 19.364 7.669 -14.701 24.251 2.614 
3 16 -16.114 21.345 -14.369 -18.175 22.233 -12.063 -13.89 25.082 -15.662 
3 16 -18.175 22.233 -12.063 -16.146 25.599 -13.172 -13.89 25.082 -15.662 
3 16 -17.027 26.469 -11.127 -19.142 23.13 -8.708 -19.146 24.002 -5.709 
3 16 -7.72 22.473 -13.326 -9.28 18.186 -12.042 -10.904 24.417 -15.935 
3 16 -12.252 20.381 -14.768 -10.904 24.417 -15.935 -9.28 18.186 -12.042 
3 16 -17.945 24.774 -2.635 -18.554 22.539 1.257 -15.903 24.39 1.862 
3 16 -20.044 18.93 2.882 -18.554 22.539 1.257 -19.146 24.002 -5.709 
3 16 -19.146 24.002 -5.709 -18.554 22.539 1.257 -17.945 24.774 -2.635 
3 16 -17.945 24.774 -2.635 -15.903 24.39 1.862 -16.232 26.522 -3.98 
3 16 -11.267 16.752 10.466 -9.813 19.691 8.524 -15.135 19.364 7.669 
3 16 -11.478 22.208 5.932 -15.135 19.364 7.669 -9.813 19.691 8.524 
3 16 -18.175 22.233 -12.063 -19.142 23.13 -8.708 -16.146 25.599 -13.172 
3 16 -19.142 23.13 -8.708 -17.027 26.469 -11.127 -16.146 25.599 -13.172 
3 16 -12.252 20.381 -14.768 -16.114 21.345 -14.369 -10.904 24.417 -15.935 
3 16 -16.114 21.345 -14.369 -13.89 25.082 -15.662 -10.904 24.417 -15.935 
3 16 -19.146 24.002 -5.709 -17.945 24.774 -2.635 -16.397 27.261 -5.99 
3 16 -17.945 24.774 -2.635 -16.232 26.522 -3.98 -16.397 27.261 -5.99 
3 16 -11.012 45.509 -12.624 -10.698 50.44 -12.842 -9.91 45.509 -14.678 
3 16 -9.91 45.509 -14.678 -10.698 50.44 -12.842 -9.535 50.439 -14.553 
3 16 -11.513 45.508 -11.01 -11.045 50.437 -11.196 -11.012 45.509 -12.624 
3 16 -11.012 45.509 -12.624 -11.045 50.437 -11.196 -10.698 50.44 -12.842 
3 16 -10.18 59.356 -11.733 -10.329 58.25 -13.25 -10.679 55.849 -11.446 
3 16 -10.329 58.25 -13.25 -10.514 55.525 -13.11 -10.679 55.849 -11.446 
3 16 -8.039 60.461 -13.568 -8.908 60.591 -13.235 -7.641 60.527 -12.209 
3 16 -7.641 60.527 -12.209 -8.908 60.591 -13.235 -8.69 60.548 -12.129 
3 16 -9.291 59.582 -14.744 -7.914 59.235 -14.938 -9.571 57.667 -14.986 
3 16 -7.914 59.235 -14.938 -7.661 57.888 -14.838 -9.571 57.667 -14.986 
3 16 -6.523 58.745 -13.238 -7.197 60.244 -13.642 -6.662 59.885 -12.273 
3 16 -6.99 60.459 -12.416 -6.662 59.885 -12.273 -7.197 60.244 -13.642 
3 16 -10.329 58.25 -13.25 -9.944 60.141 -13.285 -9.571 57.667 -14.986 
3 16 -9.291 59.582 -14.744 -9.571 57.667 -14.986 -9.944 60.141 -13.285 
3 16 -8.69 60.548 -12.129 -8.908 60.591 -13.235 -9.84 60.346 -12.122 
3 16 -8.908 60.591 -13.235 -9.944 60.141 -13.285 -9.84 60.346 -12.122 
3 16 -9.944 60.141 -13.285 -8.908 60.591 -13.235 -9.291 59.582 -14.744 
3 16 -7.661 57.888 -14.838 -7.502 55.277 -14.74 -9.571 57.667 -14.986 
3 16 -9.571 57.667 -14.986 -7.502 55.277 -14.74 -9.501 55.178 -14.819 
3 16 -10.329 58.25 -13.25 -9.571 57.667 -14.986 -10.514 55.525 -13.11 
3 16 -9.571 57.667 -14.986 -9.501 55.178 -14.819 -10.514 55.525 -13.11 
3 16 -6.662 59.885 -12.273 -5.904 57.593 -12.039 -6.523 58.745 -13.238 
3 16 -5.904 57.593 -12.039 -6.015 56.53 -12.897 -6.523 58.745 -13.238 
3 16 -7.641 60.527 -12.209 -6.99 60.459 -12.416 -8.039 60.461 -13.568 
3 16 -6.99 60.459 -12.416 -7.197 60.244 -13.642 -8.039 60.461 -13.568 
3 16 -7.502 55.277 -14.74 -7.661 57.888 -14.838 -6.015 56.53 -12.897 
3 16 -7.661 57.888 -14.838 -6.523 58.745 -13.238 -6.015 56.53 -12.897 
3 16 -6.523 58.745 -13.238 -7.661 57.888 -14.838 -7.197 60.244 -13.642 
3 16 -7.914 59.235 -14.938 -7.197 60.244 -13.642 -7.661 57.888 -14.838 
3 16 -7.914 59.235 -14.938 -9.291 59.582 -14.744 -8.039 60.461 -13.568 
3 16 -8.039 60.461 -13.568 -9.291 59.582 -14.744 -8.908 60.591 -13.235 
3 16 -8.039 60.461 -13.568 -7.197 60.244 -13.642 -7.914 59.235 -14.938 
3 16 -10.329 58.25 -13.25 -10.18 59.356 -11.733 -9.944 60.141 -13.285 
3 16 -9.84 60.346 -12.122 -9.944 60.141 -13.285 -10.18 59.356 -11.733 
3 16 -13.224 -12.251 8.022 -10.608 -10.674 2.281 -10.42 -12.688 6.433 
3 16 -13.224 -12.251 8.022 -10.351 -13.89 8.714 -12.33 -15.269 12.874 
3 16 -8.999 -15.948 12.137 -12.33 -15.269 12.874 -10.351 -13.89 8.714 
3 16 -11.518 -18.196 15.988 -13.18 -19.053 17.673 -13.552 -17.162 15.849 
3 16 -13.18 -19.053 17.673 -14.651 -18.244 17.443 -13.552 -17.162 15.849 
3 16 -13.321 -18.155 20.035 -11.523 -15.867 20.327 -14.864 -17.249 18.972 
3 16 -14.864 -17.249 18.972 -11.523 -15.867 20.327 -13.296 -15.299 19.062 
3 16 -9.156 -17.549 18.438 -11.588 -18.736 19.091 -9.434 -18.071 16.778 
3 16 -9.434 -18.071 16.778 -11.588 -18.736 19.091 -11.562 -18.975 18.218 
3 16 -13.18 -19.053 17.673 -11.562 -18.975 18.218 -13.469 -18.81 19.212 
3 16 -11.562 -18.975 18.218 -11.588 -18.736 19.091 -13.469 -18.81 19.212 
3 16 -13.18 -19.053 17.673 -13.469 -18.81 19.212 -14.651 -18.244 17.443 
3 16 -14.651 -18.244 17.443 -13.469 -18.81 19.212 -14.944 -17.723 18.344 
3 16 -11.523 -15.867 20.327 -13.321 -18.155 20.035 -9.965 -16.73 19.883 
3 16 -13.321 -18.155 20.035 -12.048 -18.311 19.787 -9.965 -16.73 19.883 
3 16 -9.434 -18.071 16.778 -11.562 -18.975 18.218 -11.518 -18.196 15.988 
3 16 -11.562 -18.975 18.218 -13.18 -19.053 17.673 -11.518 -18.196 15.988 
3 16 -14.121 -15.581 17.279 -13.552 -17.162 15.849 -14.944 -17.723 18.344 
3 16 -13.552 -17.162 15.849 -14.651 -18.244 17.443 -14.944 -17.723 18.344 
3 16 -9.156 -17.549 18.438 -4.683 -13.643 15.4 -9.965 -16.73 19.883 
3 16 -6.055 -12.9 17.65 -9.965 -16.73 19.883 -4.683 -13.643 15.4 
3 16 -9.965 -16.73 19.883 -12.048 -18.311 19.787 -9.156 -17.549 18.438 
3 16 -12.048 -18.311 19.787 -11.588 -18.736 19.091 -9.156 -17.549 18.438 
3 16 -11.588 -18.736 19.091 -12.048 -18.311 19.787 -13.469 -18.81 19.212 
3 16 -13.469 -18.81 19.212 -12.048 -18.311 19.787 -13.321 -18.155 20.035 
3 16 -13.469 -18.81 19.212 -13.321 -18.155 20.035 -14.944 -17.723 18.344 
3 16 -14.944 -17.723 18.344 -13.321 -18.155 20.035 -14.864 -17.249 18.972 
3 16 -14.121 -15.581 17.279 -14.944 -17.723 18.344 -14.864 -17.249 18.972 
3 16 -13.296 -15.299 19.062 -14.121 -15.581 17.279 -14.864 -17.249 18.972 
3 16 -9.965 -16.73 19.883 -6.055 -12.9 17.65 -11.523 -15.867 20.327 
3 16 -6.055 -12.9 17.65 -8.996 -12.339 18.928 -11.523 -15.867 20.327 
3 16 -8.996 -12.339 18.928 -11.969 -12.117 17.347 -11.523 -15.867 20.327 
3 16 -11.969 -12.117 17.347 -13.296 -15.299 19.062 -11.523 -15.867 20.327 
3 16 -11.969 -12.117 17.347 -13.17 -12.861 14.954 -13.296 -15.299 19.062 
3 16 -14.121 -15.581 17.279 -13.296 -15.299 19.062 -13.17 -12.861 14.954 
3 16 -14.121 -15.581 17.279 -13.17 -12.861 14.954 -13.369 -14.092 13.727 
3 16 -14.121 -15.581 17.279 -13.369 -14.092 13.727 -13.552 -17.162 15.849 
3 16 -13.552 -17.162 15.849 -13.369 -14.092 13.727 -12.33 -15.269 12.874 
3 16 -8.999 -15.948 12.137 -11.518 -18.196 15.988 -12.33 -15.269 12.874 
3 16 -12.33 -15.269 12.874 -11.518 -18.196 15.988 -13.552 -17.162 15.849 
3 16 -5.569 -15.043 13.2 -9.434 -18.071 16.778 -8.999 -15.948 12.137 
3 16 -8.999 -15.948 12.137 -9.434 -18.071 16.778 -11.518 -18.196 15.988 
3 16 -4.683 -13.643 15.4 -9.156 -17.549 18.438 -5.569 -15.043 13.2 
3 16 -9.156 -17.549 18.438 -9.434 -18.071 16.778 -5.569 -15.043 13.2 
3 16 -2.842 -12.53 10.402 -4.825 -12.308 6.048 0 -11.188 6.25 
3 16 0 -11.188 6.25 0 -10.779 12.11 -2.842 -12.53 10.402 
3 16 0 -10.779 12.11 -2.542 -11.487 13.372 -2.842 -12.53 10.402 
3 16 -6.988 15.983 10.962 -3.718 19.699 12.55 0 16.086 12.972 
3 16 -3.718 19.699 12.55 0 20.838 12.999 0 16.086 12.972 
3 16 0 61.047 22.634 0 65.337 23.135 -1.235 60.984 22.248 
3 16 0 65.337 23.135 -0.965 64.987 22.773 -1.235 60.984 22.248 
3 16 0 67.054 21.239 -0.777 66.903 21.115 0 66.456 22.376 
3 16 0 66.456 22.376 -0.777 66.903 21.115 -0.832 66.277 22.191 
3 16 -0.965 64.987 22.773 0 65.337 23.135 -0.832 66.277 22.191 
3 16 0 65.337 23.135 0 66.456 22.376 -0.832 66.277 22.191 
3 16 0 10.932 23.526 0 23.647 25.785 -3.589 12.112 22.001 
3 16 0 23.647 25.785 -3.204 23.958 24.297 -3.589 12.112 22.001 
3 16 -4.574 2.761 17.202 -4.932 -1.237 14.637 0 0.542 18.008 
3 16 0 -5.272 13.853 0 0.542 18.008 -4.932 -1.237 14.637 
3 16 -2.876 37.06 22.956 0 37.151 24.168 -2.211 46.937 21.776 
3 16 0 37.151 24.168 0 46.92 22.649 -2.211 46.937 21.776 
3 16 -1.526 56.399 21.745 0 56.446 22.186 -1.235 60.984 22.248 
3 16 0 56.446 22.186 0 61.047 22.634 -1.235 60.984 22.248 
3 16 0 0.542 18.008 0 10.932 23.526 -4.574 2.761 17.202 
3 16 0 10.932 23.526 -3.589 12.112 22.001 -4.574 2.761 17.202 
3 16 -11.294 -0.047 6.52 -11.294 -2.489 6.52 -13.041 -0.047 0 
3 16 -13.041 -0.047 0 -11.294 -2.489 6.52 -13.041 -2.489 0 
3 16 -6.52 -0.047 11.294 -6.52 -2.489 11.294 -11.294 -0.047 6.52 
3 16 -11.294 -0.047 6.52 -6.52 -2.489 11.294 -11.294 -2.489 6.52 
3 16 -6.52 -0.047 11.294 0 -0.041 13.041 -6.52 -2.489 11.294 
3 16 0 -0.041 13.041 0 -2.485 13.041 -6.52 -2.489 11.294 
3 16 -10.338 1.069 -6.092 -9.143 -0.023 -5.279 -5.566 1.324 -9.641 
3 16 -9.143 -0.023 -5.279 -4.514 0.216 -7.819 -5.566 1.324 -9.641 
3 16 -11.294 4.352 6.52 -11.294 -0.047 6.52 -13.041 4.352 0 
3 16 -13.041 4.352 0 -11.294 -0.047 6.52 -13.041 -0.047 0 
3 16 -7.819 0 4.514 -9.029 0 0 -7.819 -4.725 4.514 
3 16 -9.029 0 0 -9.029 -4.725 0 -7.819 -4.725 4.514 
3 16 -11.294 4.352 6.52 -6.52 4.352 11.294 -11.294 -0.047 6.52 
3 16 -6.52 4.352 11.294 -6.52 -0.047 11.294 -11.294 -0.047 6.52 
3 16 -4.511 0 7.812 -7.819 0 4.514 -4.511 -4.725 7.812 
3 16 -7.819 0 4.514 -7.819 -4.725 4.514 -4.511 -4.725 7.812 
3 16 0 4.357 13.041 0 -0.041 13.041 -6.52 4.352 11.294 
3 16 -6.52 4.352 11.294 0 -0.041 13.041 -6.52 -0.047 11.294 
3 16 0 0 9.029 -4.511 0 7.812 0 -4.725 9.029 
3 16 -4.511 0 7.812 -4.511 -4.725 7.812 0 -4.725 9.029 
3 16 -13.041 4.352 0 -13.041 -0.047 0 -11.294 4.352 -6.52 
3 16 -13.041 -0.047 0 -10.338 1.069 -6.092 -11.294 4.352 -6.52 
3 16 -9.143 -4.388 -5.279 -7.812 0 -4.511 -9.143 -0.023 -5.279 
3 16 0 -2.485 13.041 0 -5.088 10.557 -5.279 -5.093 9.143 
3 16 -6.52 -2.489 11.294 0 -2.485 13.041 -5.279 -5.093 9.143 
3 16 -11.294 -2.489 6.52 -6.52 -2.489 11.294 -5.279 -5.093 9.143 
3 16 -11.294 -2.489 6.52 -5.279 -5.093 9.143 -9.143 -5.093 5.279 
3 16 -13.041 -2.489 0 -11.294 -2.489 6.52 -10.557 -5.093 0 
3 16 -11.294 -2.489 6.52 -9.143 -5.093 5.279 -10.557 -5.093 0 
3 16 -7.812 0 -4.511 -4.514 0.216 -7.819 -9.143 -0.023 -5.279 
3 16 -13.041 -0.047 0 -13.041 -2.489 0 -10.338 1.069 -6.092 
3 16 -13.041 -2.489 0 -9.143 -0.023 -5.279 -10.338 1.069 -6.092 
3 16 0 0.192 -9.029 -5.566 1.324 -9.641 -4.514 0.216 -7.819 
3 16 0 1.509 -11.132 -5.566 1.324 -9.641 0 0.192 -9.029 
3 16 -13.041 -2.489 0 -10.557 -5.093 0 -9.143 -0.023 -5.279 
3 16 -9.143 -4.388 -5.279 -9.143 -0.023 -5.279 -10.557 -5.093 0 
3 16 -6.52 4.352 11.294 -6.52 13.864 11.294 0 4.357 13.041 
3 16 0 13.864 13.041 0 4.357 13.041 -6.52 13.864 11.294 
3 16 -11.294 4.352 6.52 -11.294 13.864 6.52 -6.52 4.352 11.294 
3 16 -11.294 13.864 6.52 -6.52 13.864 11.294 -6.52 4.352 11.294 
3 16 -13.041 4.352 0 -13.041 13.864 0 -11.294 4.352 6.52 
3 16 -13.041 13.864 0 -11.294 13.864 6.52 -11.294 4.352 6.52 
3 16 -11.294 4.352 -6.52 -11.294 13.864 -6.52 -13.041 4.352 0 
3 16 -13.041 4.352 0 -11.294 13.864 -6.52 -13.041 13.864 0 
3 16 -5.279 -5.093 9.143 0 -5.088 10.557 0 -4.725 9.029 
3 16 -5.279 -5.093 9.143 0 -4.725 9.029 -4.511 -4.725 7.812 
3 16 -5.279 -5.093 9.143 -4.511 -4.725 7.812 -7.819 -4.725 4.514 
3 16 -9.143 -5.093 5.279 -5.279 -5.093 9.143 -7.819 -4.725 4.514 
3 16 -9.143 -5.093 5.279 -7.819 -4.725 4.514 -10.557 -5.093 0 
3 16 -10.557 -5.093 0 -7.819 -4.725 4.514 -9.029 -4.725 0 
3 16 -9.143 -4.388 -5.279 -10.557 -5.093 0 -9.029 -4.725 0 
3 16 -9.029 -4.725 0 -7.812 0 -4.511 -9.143 -4.388 -5.279 
3 16 -9.029 -4.725 0 -9.029 0 0 -7.812 0 -4.511 
2 24 8.69 60.548 -12.129 7.641 60.527 -12.209 
2 24 7.094 36.952 15.624 5.821 47.079 16.083 
2 24 3.361 0.682 -12.74 6.408 0.613 -11.415 
2 24 5.371 -7.665 -3.579 0 -8.93 -2.614 
2 24 9.605 15.44 11.241 10.179 12.813 12.141 
2 24 10.968 6.742 -8.643 10.984 6.568 -8.646 
2 24 10.971 3.4 -8.992 10.968 6.742 -8.643 
2 24 10.984 6.568 -8.646 11.288 1.145 -8.613 
2 24 8.709 1.551 -10.289 10.971 3.4 -8.992 
2 24 0 -9.538 -2.111 5.745 -8.123 -3.319 
2 24 10.081 -2.773 -7.128 11.288 1.145 -8.613 
2 24 12.15 0.521 -8.295 11.143 -3.004 -6.856 
2 24 9.813 19.691 8.524 11.478 22.208 5.932 
2 24 12.574 24.297 3.297 14.701 24.251 2.614 
2 24 12.309 24.239 -4.181 12.574 24.297 3.297 
2 24 15.903 24.39 1.862 16.232 26.522 -3.98 
2 24 0 2.352 -13.282 3.361 0.682 -12.74 
2 24 9.937 4.554 -8.351 10.868 8.364 -8.235 
2 24 10.971 3.4 -8.992 10.185 4.26 -8.953 
2 24 10.185 4.26 -8.953 9.937 4.554 -8.351 
2 24 8.265 2.953 -9.52 9.937 4.554 -8.351 
2 24 3.408 2.215 -11.664 5.781 2.114 -10.802 
2 24 0 3.299 -12.701 3.408 2.215 -11.664 
2 24 0 2.934 -12.919 0 3.299 -12.701 
2 24 5.781 2.114 -10.802 8.265 2.953 -9.52 
2 24 6.408 0.613 -11.415 8.709 1.551 -10.289 
2 24 0.777 66.903 21.115 1.98 65.647 20.695 
2 24 1.98 65.647 20.695 3.048 61.219 18.602 
2 24 3.718 19.699 12.55 0 20.838 12.999 
2 24 0 67.054 21.239 0.777 66.903 21.115 
2 24 11.143 -3.004 -6.856 5.745 -8.123 -3.319 
2 24 5.371 -7.665 -3.579 10.081 -2.773 -7.128 
2 24 5.821 47.079 16.083 3.988 56.429 17.223 
2 24 3.048 61.219 18.602 3.988 56.429 17.223 
2 24 10.18 59.356 -11.733 9.84 60.346 -12.122 
2 24 9.84 60.346 -12.122 8.69 60.548 -12.129 
2 24 10.679 55.849 -11.446 10.18 59.356 -11.733 
2 24 5.122 50.45 -11.949 5.904 57.593 -12.039 
2 24 11.045 50.437 -11.196 10.679 55.849 -11.446 
2 24 10.314 24.223 -7.887 12.309 24.239 -4.181 
2 24 5.226 29.808 -11.915 6.012 25.264 -11.495 
2 24 6.662 59.885 -12.273 5.904 57.593 -12.039 
2 24 10.371 11.828 -8.352 9.813 13.66 -8.718 
2 24 10.314 24.223 -7.887 8.553 24.406 -9.79 
2 24 6.662 21.673 -11.163 8.204 18.044 -9.952 
2 24 11.478 22.208 5.932 12.574 24.297 3.297 
2 24 8.204 18.044 -9.952 9.813 13.66 -8.718 
2 24 11.294 13.864 -6.52 13.041 13.864 0 
2 24 13.041 13.864 0 11.294 13.864 6.52 
2 24 11.294 13.864 6.52 6.52 13.864 11.294 
2 24 6.52 13.864 11.294 0 13.864 13.041 
2 24 11.294 4.352 -6.52 11.294 13.864 -6.52 
2 24 10.371 11.828 -8.352 10.868 8.364 -8.235 
2 24 5.226 29.808 -11.915 5.063 34.092 -11.986 
2 24 4.842 40.266 -12.065 4.913 45.51 -12.035 
2 24 12.085 6.281 -8.641 12.15 0.521 -8.295 
2 24 10.984 6.568 -8.646 12.085 6.281 -8.641 
2 24 9.859 5.439 13.59 4.932 -1.237 14.637 
2 24 10.179 12.813 12.141 10.894 9.592 12.714 
2 24 5.063 34.092 -11.986 4.842 40.266 -12.065 
2 24 15.045 29.401 -10.598 16.083 28.166 -9.724 
2 24 6.988 15.983 10.962 9.605 15.44 11.241 
2 24 6.99 60.459 -12.416 6.662 59.885 -12.273 
2 24 7.641 60.527 -12.209 6.99 60.459 -12.416 
2 24 0 1.509 -11.132 5.566 1.324 -9.641 
2 24 5.566 1.324 -9.641 10.338 1.069 -6.092 
2 24 10.338 1.069 -6.092 11.294 4.352 -6.52 
2 24 7.094 36.952 15.624 6.877 25.683 14.716 
2 24 13.654 32.217 -10.562 15.045 29.401 -10.598 
2 24 13.136 34.102 -10.569 13.654 32.217 -10.562 
2 24 16.397 27.261 -5.99 16.372 27.587 -8.055 
2 24 14.701 24.251 2.614 15.903 24.39 1.862 
2 24 13.136 34.102 -10.569 12.012 40.234 -10.858 
2 24 12.012 40.234 -10.858 11.513 45.508 -11.01 
2 24 4.913 45.51 -12.035 5.122 50.45 -11.949 
2 24 11.513 45.508 -11.01 11.045 50.437 -11.196 
2 24 8.553 24.406 -9.79 15.403 24.362 -9.689 
2 24 6.012 25.264 -11.495 6.662 21.673 -11.163 
2 24 15.403 24.362 -9.689 16.083 28.166 -9.724 
2 24 6.988 15.983 10.962 3.718 19.699 12.55 
2 24 16.083 28.166 -9.724 16.372 27.587 -8.055 
2 24 7.129 20.28 12.958 9.605 15.44 11.241 
2 24 6.877 25.683 14.716 7.129 20.28 12.958 
2 24 16.232 26.522 -3.98 16.397 27.261 -5.99 
2 24 0 2.352 -13.282 0 2.934 -12.919 
2 24 6.988 15.983 10.962 9.813 19.691 8.524 
2 24 4.932 -1.237 14.637 0 -5.272 13.853 
2 24 10.894 9.592 12.714 9.859 5.439 13.59 
2 24 9.029 0 0 7.819 0 4.514 
2 24 7.819 -4.725 4.514 9.029 -4.725 0 
2 24 7.819 0 4.514 4.511 0 7.812 
2 24 4.511 -4.725 7.812 7.819 -4.725 4.514 
2 24 4.511 0 7.812 0 0 9.029 
2 24 0 -4.725 9.029 4.511 -4.725 7.812 
2 24 9.143 -0.023 -5.279 7.812 0 -4.511 
2 24 4.514 0.216 -7.819 7.812 0 -4.511 
2 24 0 0.192 -9.029 4.514 0.216 -7.819 
2 24 7.812 0 -4.511 9.029 -4.725 0 
2 24 7.812 0 -4.511 9.029 0 0 
2 24 -7.641 60.527 -12.209 -8.69 60.548 -12.129 
2 24 -5.821 47.079 16.083 -7.094 36.952 15.624 
2 24 -6.408 0.613 -11.415 -3.361 0.682 -12.74 
2 24 0 -8.93 -2.614 -5.371 -7.665 -3.579 
2 24 -10.179 12.813 12.141 -9.605 15.44 11.241 
2 24 -10.968 6.742 -8.643 -10.971 3.4 -8.992 
2 24 -10.984 6.568 -8.646 -10.968 6.742 -8.643 
2 24 -11.288 1.145 -8.613 -10.984 6.568 -8.646 
2 24 -10.971 3.4 -8.992 -8.709 1.551 -10.289 
2 24 -5.745 -8.123 -3.319 0 -9.538 -2.111 
2 24 -11.288 1.145 -8.613 -10.081 -2.773 -7.128 
2 24 -11.143 -3.004 -6.856 -12.15 0.521 -8.295 
2 24 -11.478 22.208 5.932 -9.813 19.691 8.524 
2 24 -12.574 24.297 3.297 -12.309 24.239 -4.181 
2 24 -14.701 24.251 2.614 -12.574 24.297 3.297 
2 24 -16.232 26.522 -3.98 -15.903 24.39 1.862 
2 24 -3.361 0.682 -12.74 0 2.352 -13.282 
2 24 -10.868 8.364 -8.235 -9.937 4.554 -8.351 
2 24 -10.185 4.26 -8.953 -10.971 3.4 -8.992 
2 24 -9.937 4.554 -8.351 -10.185 4.26 -8.953 
2 24 -9.937 4.554 -8.351 -8.265 2.953 -9.52 
2 24 -5.781 2.114 -10.802 -3.408 2.215 -11.664 
2 24 -3.408 2.215 -11.664 0 3.299 -12.701 
2 24 -8.265 2.953 -9.52 -5.781 2.114 -10.802 
2 24 -8.709 1.551 -10.289 -6.408 0.613 -11.415 
2 24 -1.98 65.647 20.695 -0.777 66.903 21.115 
2 24 -3.048 61.219 18.602 -1.98 65.647 20.695 
2 24 0 20.838 12.999 -3.718 19.699 12.55 
2 24 -0.777 66.903 21.115 0 67.054 21.239 
2 24 -5.745 -8.123 -3.319 -11.143 -3.004 -6.856 
2 24 -10.081 -2.773 -7.128 -5.371 -7.665 -3.579 
2 24 -3.988 56.429 17.223 -5.821 47.079 16.083 
2 24 -3.988 56.429 17.223 -3.048 61.219 18.602 
2 24 -9.84 60.346 -12.122 -10.18 59.356 -11.733 
2 24 -8.69 60.548 -12.129 -9.84 60.346 -12.122 
2 24 -10.18 59.356 -11.733 -10.679 55.849 -11.446 
2 24 -5.904 57.593 -12.039 -5.122 50.45 -11.949 
2 24 -10.679 55.849 -11.446 -11.045 50.437 -11.196 
2 24 -12.309 24.239 -4.181 -10.314 24.223 -7.887 
2 24 -6.012 25.264 -11.495 -5.226 29.808 -11.915 
2 24 -5.904 57.593 -12.039 -6.662 59.885 -12.273 
2 24 -9.813 13.66 -8.718 -10.371 11.828 -8.352 
2 24 -8.553 24.406 -9.79 -10.314 24.223 -7.887 
2 24 -8.204 18.044 -9.952 -6.662 21.673 -11.163 
2 24 -12.574 24.297 3.297 -11.478 22.208 5.932 
2 24 -9.813 13.66 -8.718 -8.204 18.044 -9.952 
2 24 -13.041 13.864 0 -11.294 13.864 -6.52 
2 24 -11.294 13.864 6.52 -13.041 13.864 0 
2 24 -6.52 13.864 11.294 -11.294 13.864 6.52 
2 24 0 13.864 13.041 -6.52 13.864 11.294 
2 24 -11.294 13.864 -6.52 -11.294 4.352 -6.52 
2 24 -10.868 8.364 -8.235 -10.371 11.828 -8.352 
2 24 -5.063 34.092 -11.986 -5.226 29.808 -11.915 
2 24 -4.913 45.51 -12.035 -4.842 40.266 -12.065 
2 24 -12.15 0.521 -8.295 -12.085 6.281 -8.641 
2 24 -12.085 6.281 -8.641 -10.984 6.568 -8.646 
2 24 -4.932 -1.237 14.637 -9.859 5.439 13.59 
2 24 -10.894 9.592 12.714 -10.179 12.813 12.141 
2 24 -4.842 40.266 -12.065 -5.063 34.092 -11.986 
2 24 -16.083 28.166 -9.724 -15.045 29.401 -10.598 
2 24 -9.605 15.44 11.241 -6.988 15.983 10.962 
2 24 -6.662 59.885 -12.273 -6.99 60.459 -12.416 
2 24 -6.99 60.459 -12.416 -7.641 60.527 -12.209 
2 24 -5.566 1.324 -9.641 0 1.509 -11.132 
2 24 -10.338 1.069 -6.092 -5.566 1.324 -9.641 
2 24 -11.294 4.352 -6.52 -10.338 1.069 -6.092 
2 24 -6.877 25.683 14.716 -7.094 36.952 15.624 
2 24 -15.045 29.401 -10.598 -13.654 32.217 -10.562 
2 24 -13.654 32.217 -10.562 -13.136 34.102 -10.569 
2 24 -16.372 27.587 -8.055 -16.397 27.261 -5.99 
2 24 -15.903 24.39 1.862 -14.701 24.251 2.614 
2 24 -12.012 40.234 -10.858 -13.136 34.102 -10.569 
2 24 -11.513 45.508 -11.01 -12.012 40.234 -10.858 
2 24 -5.122 50.45 -11.949 -4.913 45.51 -12.035 
2 24 -11.045 50.437 -11.196 -11.513 45.508 -11.01 
2 24 -15.403 24.362 -9.689 -8.553 24.406 -9.79 
2 24 -6.662 21.673 -11.163 -6.012 25.264 -11.495 
2 24 -16.083 28.166 -9.724 -15.403 24.362 -9.689 
2 24 -3.718 19.699 12.55 -6.988 15.983 10.962 
2 24 -16.372 27.587 -8.055 -16.083 28.166 -9.724 
2 24 -9.605 15.44 11.241 -7.129 20.28 12.958 
2 24 -7.129 20.28 12.958 -6.877 25.683 14.716 
2 24 -16.397 27.261 -5.99 -16.232 26.522 -3.98 
2 24 -9.813 19.691 8.524 -6.988 15.983 10.962 
2 24 0 -5.272 13.853 -4.932 -1.237 14.637 
2 24 -9.859 5.439 13.59 -10.894 9.592 12.714 
2 24 -7.819 0 4.514 -9.029 0 0 
2 24 -9.029 -4.725 0 -7.819 -4.725 4.514 
2 24 -4.511 0 7.812 -7.819 0 4.514 
2 24 -7.819 -4.725 4.514 -4.511 -4.725 7.812 
2 24 0 0 9.029 -4.511 0 7.812 
2 24 -4.511 -4.725 7.812 0 -4.725 9.029 
2 24 -7.812 0 -4.511 -9.143 -0.023 -5.279 
2 24 -7.812 0 -4.511 -4.514 0.216 -7.819 
2 24 -4.514 0.216 -7.819 0 0.192 -9.029 
2 24 -9.029 -4.725 0 -7.812 0 -4.511 
2 24 -9.029 0 0 -7.812 0 -4.511 

0 // Inside
3 16 0 0.192 -9.029 3.125 0 -5.413 4.514 0.216 -7.819 
3 16 4.514 0.216 -7.819 3.125 0 -5.413 5.413 0 -3.125 
3 16 4.514 0.216 -7.819 5.413 0 -3.125 7.812 0 -4.511 
3 16 0 0.192 -9.029 0 0 -6.25 3.125 0 -5.413 
3 16 9.029 0 0 5.413 0 -3.125 6.25 0 0 
3 16 9.029 0 0 5.413 0 3.125 7.819 0 4.514 
3 16 7.819 0 4.514 5.413 0 3.125 4.511 0 7.812 
3 16 4.511 0 7.812 5.413 0 3.125 3.125 0 5.413 
3 16 4.511 0 7.812 3.125 0 5.413 0 0 9.029 
3 16 9.029 0 0 6.25 0 0 5.413 0 3.125 
3 16 7.812 0 -4.511 5.413 0 -3.125 9.029 0 0 
3 16 0 0 9.029 3.125 0 5.413 0 0 6.25 
3 16 3.125 0 -5.413 3.125 -4.937 -5.413 5.413 0 -3.125 
3 16 5.413 0 -3.125 3.125 -4.937 -5.413 5.413 -4.937 -3.125 
3 16 0 -4.964 -6.25 3.125 -4.937 -5.413 0 0 -6.25 
3 16 0 0 -6.25 3.125 -4.937 -5.413 3.125 0 -5.413 
3 16 5.413 0 -3.125 5.413 -4.937 -3.125 6.25 0 0 
3 16 6.25 0 0 5.413 -4.937 -3.125 6.25 -4.937 0 
3 16 5.413 0 3.125 5.413 -4.937 3.125 3.125 0 5.413 
3 16 3.125 0 5.413 5.413 -4.937 3.125 3.125 -4.937 5.413 
3 16 6.25 0 0 6.25 -4.937 0 5.413 0 3.125 
3 16 5.413 0 3.125 6.25 -4.937 0 5.413 -4.937 3.125 
3 16 3.125 -4.937 -5.413 3.125 -4.937 5.413 5.413 -4.937 -3.125 
3 16 5.413 -4.937 -3.125 3.125 -4.937 5.413 5.413 -4.937 3.125 
3 16 5.413 -4.937 3.125 6.25 -4.937 0 5.413 -4.937 -3.125 
3 16 3.125 -4.937 5.413 3.125 -4.937 -5.413 0 -4.879 6.25 
3 16 0 -4.879 6.25 3.125 -4.937 -5.413 0 -4.964 -6.25 
3 16 0 0 6.25 3.125 0 5.413 0 -4.879 6.25 
3 16 0 -4.879 6.25 3.125 0 5.413 3.125 -4.937 5.413 
3 16 0 0.192 -9.029 -4.514 0.216 -7.819 -3.125 0 -5.413 
3 16 -4.514 0.216 -7.819 -5.413 0 -3.125 -3.125 0 -5.413 
3 16 -4.514 0.216 -7.819 -7.812 0 -4.511 -5.413 0 -3.125 
3 16 0 0.192 -9.029 -3.125 0 -5.413 0 0 -6.25 
3 16 -9.029 0 0 -6.25 0 0 -5.413 0 -3.125 
3 16 -9.029 0 0 -7.819 0 4.514 -5.413 0 3.125 
3 16 -7.819 0 4.514 -4.511 0 7.812 -5.413 0 3.125 
3 16 -4.511 0 7.812 -3.125 0 5.413 -5.413 0 3.125 
3 16 -4.511 0 7.812 0 0 9.029 -3.125 0 5.413 
3 16 -9.029 0 0 -5.413 0 3.125 -6.25 0 0 
3 16 -7.812 0 -4.511 -9.029 0 0 -5.413 0 -3.125 
3 16 0 0 9.029 0 0 6.25 -3.125 0 5.413 
3 16 -3.125 0 -5.413 -5.413 0 -3.125 -3.125 -4.937 -5.413 
3 16 -5.413 0 -3.125 -5.413 -4.937 -3.125 -3.125 -4.937 -5.413 
3 16 0 -4.964 -6.25 0 0 -6.25 -3.125 -4.937 -5.413 
3 16 0 0 -6.25 -3.125 0 -5.413 -3.125 -4.937 -5.413 
3 16 -5.413 0 -3.125 -6.25 0 0 -5.413 -4.937 -3.125 
3 16 -6.25 0 0 -6.25 -4.937 0 -5.413 -4.937 -3.125 
3 16 -5.413 0 3.125 -3.125 0 5.413 -5.413 -4.937 3.125 
3 16 -3.125 0 5.413 -3.125 -4.937 5.413 -5.413 -4.937 3.125 
3 16 -6.25 0 0 -5.413 0 3.125 -6.25 -4.937 0 
3 16 -5.413 0 3.125 -5.413 -4.937 3.125 -6.25 -4.937 0 
3 16 -3.125 -4.937 -5.413 -5.413 -4.937 -3.125 -3.125 -4.937 5.413 
3 16 -5.413 -4.937 -3.125 -5.413 -4.937 3.125 -3.125 -4.937 5.413 
3 16 -5.413 -4.937 3.125 -5.413 -4.937 -3.125 -6.25 -4.937 0 
3 16 -3.125 -4.937 5.413 0 -4.879 6.25 -3.125 -4.937 -5.413 
3 16 0 -4.879 6.25 0 -4.964 -6.25 -3.125 -4.937 -5.413 
3 16 0 0 6.25 0 -4.879 6.25 -3.125 0 5.413 
3 16 0 -4.879 6.25 -3.125 -4.937 5.413 -3.125 0 5.413 
2 24 4.514 0.216 -7.819 0 0.192 -9.029 
2 24 3.125 0 -5.413 5.413 0 -3.125 
2 24 7.812 0 -4.511 4.514 0.216 -7.819 
2 24 0 0 -6.25 3.125 0 -5.413 
2 24 5.413 0 -3.125 6.25 0 0 
2 24 7.819 0 4.514 9.029 0 0 
2 24 4.511 0 7.812 7.819 0 4.514 
2 24 5.413 0 3.125 3.125 0 5.413 
2 24 0 0 9.029 4.511 0 7.812 
2 24 6.25 0 0 5.413 0 3.125 
2 24 9.029 0 0 7.812 0 -4.511 
2 24 3.125 0 5.413 0 0 6.25 
2 24 3.125 -4.937 -5.413 5.413 -4.937 -3.125 
2 24 0 -4.964 -6.25 3.125 -4.937 -5.413 
2 24 5.413 -4.937 -3.125 6.25 -4.937 0 
2 24 5.413 -4.937 3.125 3.125 -4.937 5.413 
2 24 6.25 -4.937 0 5.413 -4.937 3.125 
2 24 0 -4.879 6.25 3.125 -4.937 5.413 
2 24 0 0.192 -9.029 -4.514 0.216 -7.819 
2 24 -5.413 0 -3.125 -3.125 0 -5.413 
2 24 -4.514 0.216 -7.819 -7.812 0 -4.511 
2 24 -3.125 0 -5.413 0 0 -6.25 
2 24 -6.25 0 0 -5.413 0 -3.125 
2 24 -9.029 0 0 -7.819 0 4.514 
2 24 -7.819 0 4.514 -4.511 0 7.812 
2 24 -3.125 0 5.413 -5.413 0 3.125 
2 24 -4.511 0 7.812 0 0 9.029 
2 24 -5.413 0 3.125 -6.25 0 0 
2 24 -7.812 0 -4.511 -9.029 0 0 
2 24 0 0 6.25 -3.125 0 5.413 
2 24 -5.413 -4.937 -3.125 -3.125 -4.937 -5.413 
2 24 -3.125 -4.937 -5.413 0 -4.964 -6.25 
2 24 -6.25 -4.937 0 -5.413 -4.937 -3.125 
2 24 -3.125 -4.937 5.413 -5.413 -4.937 3.125 
2 24 -5.413 -4.937 3.125 -6.25 -4.937 0 
2 24 -3.125 -4.937 5.413 0 -4.879 6.25 

