0 GRADUATION HAT (Needs Work)
0 Name: 92814.dat
0 Author: <AuthorRealName> [<AuthorLDrawName>]
0 !LDRAW_ORG Unofficial_Part
0 !LICENSE Redistributable under CCAL version 2.0 : see CAreadme.txt

0 BFC CERTIFY CCW

0 !HISTORY 2013-08-14 {LEGO Digital Designer} Original part shape
0 !HISTORY 2013-08-14 [<AuthorLDrawName>] File preparation for LDraw Parts Tracker

0 // Needs Work: Clean necessary

0 // Outside
3 16 3.255 -7.469 3.98 1.966 -8.863 3.248 3.948 -7.698 2.457 
3 16 1.966 -8.863 3.248 2.39 -9.016 2.307 3.948 -7.698 2.457 
3 16 1.987 -7.286 5.107 1.191 -8.752 3.937 3.255 -7.469 3.98 
3 16 1.191 -8.752 3.937 1.966 -8.863 3.248 3.255 -7.469 3.98 
3 16 -0.492 -7.202 5.627 -0.326 -8.7 4.255 1.987 -7.286 5.107 
3 16 -0.326 -8.7 4.255 1.191 -8.752 3.937 1.987 -7.286 5.107 
3 16 -2.808 -7.367 4.609 -1.743 -8.801 3.633 -0.492 -7.202 5.627 
3 16 -1.743 -8.801 3.633 -0.326 -8.7 4.255 -0.492 -7.202 5.627 
3 16 -4.1 -7.699 2.44 -2.518 -9.016 2.307 -2.808 -7.367 4.609 
3 16 -2.518 -9.016 2.307 -1.743 -8.801 3.633 -2.808 -7.367 4.609 
3 16 -2.518 -9.016 2.307 -4.1 -7.699 2.44 -2.356 -9.263 0.785 
3 16 -3.853 -8.085 -0.044 -2.356 -9.263 0.785 -4.1 -7.699 2.44 
3 16 -2.806 -8.308 -1.481 -2.272 -9.084 -0.436 -3.853 -8.085 -0.044 
3 16 -3.853 -8.085 -0.044 -2.272 -9.084 -0.436 -2.356 -9.263 0.785 
3 16 -2.356 -9.263 0.785 -2.272 -9.084 -0.436 -1.743 -9.398 -0.048 
3 16 -2.272 -9.084 -0.436 -1.388 -9.409 -0.457 -1.743 -9.398 -0.048 
3 16 -1.743 -9.398 -0.048 -1.388 -9.409 -0.457 -0.023 -9.492 -0.706 
3 16 -1.388 -9.409 -0.457 -0.67 -9.184 -1.357 -0.023 -9.492 -0.706 
3 16 -0.089 -8.467 -2.502 0.224 -8.464 -2.477 -0.67 -9.184 -1.357 
3 16 -0.023 -9.492 -0.706 -0.67 -9.184 -1.357 0.224 -8.464 -2.477 
3 16 2.688 -8.305 -1.432 1.615 -9.398 -0.048 0.224 -8.464 -2.477 
3 16 1.615 -9.398 -0.048 -0.023 -9.492 -0.706 0.224 -8.464 -2.477 
3 16 3.72 -8.088 -0.03 2.228 -9.263 0.785 2.688 -8.305 -1.432 
3 16 2.228 -9.263 0.785 1.615 -9.398 -0.048 2.688 -8.305 -1.432 
3 16 3.948 -7.698 2.457 2.39 -9.016 2.307 3.72 -8.088 -0.03 
3 16 2.39 -9.016 2.307 2.228 -9.263 0.785 3.72 -8.088 -0.03 
3 16 2.333 -0.04 -23.47 2.326 -6.303 -23.569 2.993 -0.04 -23.719 
3 16 2.582 -7.265 -23.393 2.827 -7.235 -23.842 2.326 -6.303 -23.569 
3 16 2.993 -0.04 -23.719 2.326 -6.303 -23.569 2.827 -7.235 -23.842 
3 16 2.993 -0.04 -23.719 2.827 -7.235 -23.842 3.24 -0.04 -24.494 
3 16 3.24 -0.04 -24.494 2.827 -7.235 -23.842 2.893 -7.233 -24.515 
3 16 2.683 -7.234 -25.024 2.993 -0.04 -25.234 2.893 -7.233 -24.515 
3 16 2.993 -0.04 -25.234 3.24 -0.04 -24.494 2.893 -7.233 -24.515 
3 16 2.355 -7.234 -25.385 2.334 -0.04 -25.484 2.683 -7.234 -25.024 
3 16 2.334 -0.04 -25.484 2.993 -0.04 -25.234 2.683 -7.234 -25.024 
3 16 0.219 -7.233 -27.022 0.359 -0.04 -27.304 0.781 -7.235 -26.589 
3 16 0.359 -0.04 -27.304 0.806 -0.04 -26.653 0.781 -7.235 -26.589 
3 16 0.812 -6.303 -22.325 0.81 -0.04 -22.293 0.282 -6.299 -21.895 
3 16 0.282 -6.299 -21.895 0.81 -0.04 -22.293 0.359 -0.04 -21.634 
3 16 -0.953 -0.04 -21.634 -0.824 -6.298 -21.892 0.359 -0.04 -21.634 
3 16 0.282 -6.299 -21.895 0.359 -0.04 -21.634 -0.824 -6.298 -21.892 
3 16 -0.824 -6.298 -21.892 -0.953 -0.04 -21.634 -1.363 -6.303 -22.365 
3 16 -0.953 -0.04 -21.634 -1.403 -0.04 -22.298 -1.363 -6.303 -22.365 
3 16 -3.472 -7.233 -24.53 -3.843 -0.04 -24.492 -3.237 -7.233 -25.064 
3 16 -3.843 -0.04 -24.492 -3.591 -0.04 -25.232 -3.237 -7.233 -25.064 
3 16 -3.422 -7.235 -23.784 -3.591 -0.04 -23.717 -3.472 -7.233 -24.53 
3 16 -3.591 -0.04 -23.717 -3.843 -0.04 -24.492 -3.472 -7.233 -24.53 
3 16 -3.422 -7.235 -23.784 -2.899 -6.303 -23.584 -3.591 -0.04 -23.717 
3 16 -2.899 -6.303 -23.584 -2.922 -0.04 -23.471 -3.591 -0.04 -23.717 
3 16 -2.931 -0.04 -25.48 -2.861 -7.25 -25.431 -3.591 -0.04 -25.232 
3 16 -3.591 -0.04 -25.232 -2.861 -7.25 -25.431 -3.237 -7.233 -25.064 
3 16 -0.67 -9.184 -1.357 -0.135 -9.124 -2.672 -0.089 -8.467 -2.502 
3 16 0.186 -8.532 -2.918 -0.089 -8.467 -2.502 -0.135 -9.124 -2.672 
3 16 0.186 -8.532 -2.918 -0.135 -9.124 -2.672 1.062 -8.664 -3.766 
3 16 -0.135 -9.124 -2.672 0.909 -9.283 -3.76 1.062 -8.664 -3.766 
3 16 3.036 -9.607 -5.273 3.132 -8.885 -5.182 0.909 -9.283 -3.76 
3 16 3.132 -8.885 -5.182 1.062 -8.664 -3.766 0.909 -9.283 -3.76 
3 16 7.148 -9.692 -10.385 6.89 -10.421 -10.271 6.232 -10.254 -13.984 
3 16 6.232 -10.254 -13.984 6.89 -10.421 -10.271 5.922 -11.164 -13.478 
3 16 3.741 -10.669 -16.658 3.553 -11.442 -16.286 2.008 -11.014 -18.849 
3 16 2.008 -11.014 -18.849 3.553 -11.442 -16.286 1.821 -11.772 -18.363 
3 16 3.132 -8.885 -5.182 3.036 -9.607 -5.273 5.982 -9.25 -7.521 
3 16 5.782 -9.978 -7.531 5.982 -9.25 -7.521 3.036 -9.607 -5.273 
3 16 5.982 -9.25 -7.521 5.782 -9.978 -7.531 7.148 -9.692 -10.385 
3 16 7.148 -9.692 -10.385 5.782 -9.978 -7.531 6.89 -10.421 -10.271 
3 16 -2.272 -9.084 -0.436 -2.806 -8.308 -1.481 -2.17 -9.463 -2.66 
3 16 -2.806 -8.308 -1.481 -2.524 -8.571 -3.158 -2.17 -9.463 -2.66 
3 16 1.759 -10.423 -15.077 2.102 -11.242 -15.045 3.961 -10.085 -12.903 
3 16 3.961 -10.085 -12.903 2.102 -11.242 -15.045 4.26 -10.889 -12.838 
3 16 -1.049 -8.892 -5.244 -0.761 -9.805 -4.697 -2.524 -8.571 -3.158 
3 16 -2.17 -9.463 -2.66 -2.524 -8.571 -3.158 -0.761 -9.805 -4.697 
3 16 1.648 -9.198 -7.181 1.826 -10.054 -6.68 -1.049 -8.892 -5.244 
3 16 -1.049 -8.892 -5.244 1.826 -10.054 -6.68 -0.761 -9.805 -4.697 
3 16 4.038 -9.491 -9.088 4.208 -10.346 -8.531 1.648 -9.198 -7.181 
3 16 1.648 -9.198 -7.181 4.208 -10.346 -8.531 1.826 -10.054 -6.68 
3 16 4.208 -10.346 -8.531 4.038 -9.491 -9.088 4.923 -10.512 -10.398 
3 16 4.038 -9.491 -9.088 4.623 -9.714 -10.702 4.923 -10.512 -10.398 
3 16 2.102 -11.242 -15.045 1.759 -10.423 -15.077 0.262 -11.645 -17.339 
3 16 1.759 -10.423 -15.077 -0.204 -10.823 -17.638 0.262 -11.645 -17.339 
3 16 0.262 -11.645 -17.339 -0.204 -10.823 -17.638 -1.424 -12.042 -20.351 
3 16 -0.204 -10.823 -17.638 -2.074 -11.224 -20.632 -1.424 -12.042 -20.351 
3 16 -1.388 -9.409 -0.457 -1.148 -9.669 -2.284 -0.67 -9.184 -1.357 
3 16 -0.67 -9.184 -1.357 -1.148 -9.669 -2.284 -0.135 -9.124 -2.672 
3 16 -0.135 -9.124 -2.672 -1.148 -9.669 -2.284 0.909 -9.283 -3.76 
3 16 -1.148 -9.669 -2.284 0.125 -9.908 -3.959 0.909 -9.283 -3.76 
3 16 3.036 -9.607 -5.273 2.464 -10.223 -5.772 5.782 -9.978 -7.531 
3 16 4.966 -10.54 -7.81 5.782 -9.978 -7.531 2.464 -10.223 -5.772 
3 16 5.782 -9.978 -7.531 4.966 -10.54 -7.81 6.89 -10.421 -10.271 
3 16 5.941 -10.947 -10.25 6.89 -10.421 -10.271 4.966 -10.54 -7.81 
3 16 6.232 -10.254 -13.984 5.922 -11.164 -13.478 3.741 -10.669 -16.658 
3 16 3.553 -11.442 -16.286 3.741 -10.669 -16.658 5.922 -11.164 -13.478 
3 16 2.846 -11.764 -15.515 3.553 -11.442 -16.286 5.116 -11.361 -12.917 
3 16 5.116 -11.361 -12.917 3.553 -11.442 -16.286 5.922 -11.164 -13.478 
3 16 2.464 -10.223 -5.772 3.036 -9.607 -5.273 0.125 -9.908 -3.959 
3 16 3.036 -9.607 -5.273 0.909 -9.283 -3.76 0.125 -9.908 -3.959 
3 16 6.89 -10.421 -10.271 5.941 -10.947 -10.25 5.922 -11.164 -13.478 
3 16 5.116 -11.361 -12.917 5.922 -11.164 -13.478 5.941 -10.947 -10.25 
3 16 1.096 -12.102 -17.691 1.821 -11.772 -18.363 2.846 -11.764 -15.515 
3 16 1.821 -11.772 -18.363 3.553 -11.442 -16.286 2.846 -11.764 -15.515 
3 16 4.923 -10.512 -10.398 4.623 -9.714 -10.702 4.26 -10.889 -12.838 
3 16 4.623 -9.714 -10.702 3.961 -10.085 -12.903 4.26 -10.889 -12.838 
3 16 1.59 -7.233 -26.391 1.614 -0.04 -26.466 2.055 -7.233 -26.01 
3 16 1.614 -0.04 -26.466 2.06 -0.04 -26.112 2.055 -7.233 -26.01 
3 16 2.334 -0.04 -25.484 2.355 -7.234 -25.385 2.06 -0.04 -26.112 
3 16 2.06 -0.04 -26.112 2.355 -7.234 -25.385 2.055 -7.233 -26.01 
3 16 -2.861 -7.25 -25.431 -2.931 -0.04 -25.48 -2.6 -7.233 -26.03 
3 16 -2.931 -0.04 -25.48 -2.682 -0.04 -26.091 -2.6 -7.233 -26.03 
3 16 -2.6 -7.233 -26.03 -2.682 -0.04 -26.091 -2.168 -7.233 -26.362 
3 16 -2.682 -0.04 -26.091 -2.242 -0.04 -26.448 -2.168 -7.233 -26.362 
3 16 -1.407 -0.04 -26.658 -1.334 -7.234 -26.639 -2.242 -0.04 -26.448 
3 16 -2.242 -0.04 -26.448 -1.334 -7.234 -26.639 -2.168 -7.233 -26.362 
3 16 -1.363 -6.303 -22.365 -1.403 -0.04 -22.298 -2.209 -6.303 -22.585 
3 16 -2.209 -6.303 -22.585 -1.403 -0.04 -22.298 -2.269 -0.04 -22.518 
3 16 -2.624 -6.303 -22.946 -2.697 -0.04 -22.885 -2.899 -6.303 -23.584 
3 16 -2.899 -6.303 -23.584 -2.697 -0.04 -22.885 -2.922 -0.04 -23.471 
3 16 -2.209 -6.303 -22.585 -2.269 -0.04 -22.518 -2.624 -6.303 -22.946 
3 16 -2.624 -6.303 -22.946 -2.269 -0.04 -22.518 -2.697 -0.04 -22.885 
3 16 2.326 -6.303 -23.569 2.333 -0.04 -23.47 2.077 -6.303 -22.956 
3 16 2.077 -6.303 -22.956 2.333 -0.04 -23.47 2.086 -0.04 -22.864 
3 16 2.077 -6.303 -22.956 2.086 -0.04 -22.864 1.599 -6.303 -22.561 
3 16 2.086 -0.04 -22.864 1.647 -0.04 -22.507 1.599 -6.303 -22.561 
3 16 0.81 -0.04 -22.293 0.812 -6.303 -22.325 1.647 -0.04 -22.507 
3 16 1.599 -6.303 -22.561 1.647 -0.04 -22.507 0.812 -6.303 -22.325 
3 16 -1.148 -9.669 -2.284 -2.17 -9.463 -2.66 0.125 -9.908 -3.959 
3 16 -2.17 -9.463 -2.66 -0.761 -9.805 -4.697 0.125 -9.908 -3.959 
3 16 -1.388 -9.409 -0.457 -2.272 -9.084 -0.436 -1.148 -9.669 -2.284 
3 16 -2.272 -9.084 -0.436 -2.17 -9.463 -2.66 -1.148 -9.669 -2.284 
3 16 1.826 -10.054 -6.68 2.464 -10.223 -5.772 -0.761 -9.805 -4.697 
3 16 -0.761 -9.805 -4.697 2.464 -10.223 -5.772 0.125 -9.908 -3.959 
3 16 2.464 -10.223 -5.772 1.826 -10.054 -6.68 4.966 -10.54 -7.81 
3 16 1.826 -10.054 -6.68 4.208 -10.346 -8.531 4.966 -10.54 -7.81 
3 16 5.941 -10.947 -10.25 4.923 -10.512 -10.398 5.116 -11.361 -12.917 
3 16 4.26 -10.889 -12.838 5.116 -11.361 -12.917 4.923 -10.512 -10.398 
3 16 4.966 -10.54 -7.81 4.208 -10.346 -8.531 5.941 -10.947 -10.25 
3 16 4.923 -10.512 -10.398 5.941 -10.947 -10.25 4.208 -10.346 -8.531 
3 16 0.262 -11.645 -17.339 1.096 -12.102 -17.691 2.102 -11.242 -15.045 
3 16 1.096 -12.102 -17.691 2.846 -11.764 -15.515 2.102 -11.242 -15.045 
3 16 5.116 -11.361 -12.917 4.26 -10.889 -12.838 2.846 -11.764 -15.515 
3 16 2.102 -11.242 -15.045 2.846 -11.764 -15.515 4.26 -10.889 -12.838 
3 16 -1.334 -7.234 -26.639 -1.407 -0.04 -26.658 -0.564 -7.234 -27.078 
3 16 -1.407 -0.04 -26.658 -0.64 -0.04 -27.403 -0.564 -7.234 -27.078 
3 16 0.359 -0.04 -27.304 0.219 -7.233 -27.022 -0.64 -0.04 -27.403 
3 16 0.219 -7.233 -27.022 -0.564 -7.234 -27.078 -0.64 -0.04 -27.403 
3 16 0.282 -6.299 -21.895 0.37 -7.243 -21.278 0.812 -6.303 -22.325 
3 16 0.37 -7.243 -21.278 1.001 -7.256 -21.693 0.812 -6.303 -22.325 
3 16 -0.824 -6.298 -21.892 -0.736 -7.242 -21.232 0.282 -6.299 -21.895 
3 16 -0.736 -7.242 -21.232 0.37 -7.243 -21.278 0.282 -6.299 -21.895 
3 16 -0.736 -7.242 -21.232 -0.824 -6.298 -21.892 -1.436 -7.231 -21.659 
3 16 -1.436 -7.231 -21.659 -0.824 -6.298 -21.892 -1.363 -6.303 -22.365 
3 16 -1.436 -7.231 -21.659 -1.363 -6.303 -22.365 -2.334 -7.26 -22.061 
3 16 -2.334 -7.26 -22.061 -1.363 -6.303 -22.365 -2.209 -6.303 -22.585 
3 16 -2.792 -7.25 -22.619 -2.624 -6.303 -22.946 -3.061 -7.239 -23.313 
3 16 -3.061 -7.239 -23.313 -2.624 -6.303 -22.946 -2.899 -6.303 -23.584 
3 16 -2.334 -7.26 -22.061 -2.209 -6.303 -22.585 -2.792 -7.25 -22.619 
3 16 -2.792 -7.25 -22.619 -2.209 -6.303 -22.585 -2.624 -6.303 -22.946 
3 16 2.077 -6.303 -22.956 2.275 -7.246 -22.715 2.326 -6.303 -23.569 
3 16 2.275 -7.246 -22.715 2.582 -7.265 -23.393 2.326 -6.303 -23.569 
3 16 2.275 -7.246 -22.715 2.077 -6.303 -22.956 1.816 -7.245 -22.132 
3 16 1.816 -7.245 -22.132 2.077 -6.303 -22.956 1.599 -6.303 -22.561 
3 16 0.812 -6.303 -22.325 1.001 -7.256 -21.693 1.599 -6.303 -22.561 
3 16 1.001 -7.256 -21.693 1.816 -7.245 -22.132 1.599 -6.303 -22.561 
3 16 2.969 -8.204 -23.599 2.582 -7.265 -23.393 2.632 -8.119 -22.305 
3 16 2.632 -8.119 -22.305 2.582 -7.265 -23.393 2.275 -7.246 -22.715 
3 16 2.836 -8.206 -24.737 2.683 -7.234 -25.024 2.893 -7.233 -24.515 
3 16 1.59 -7.233 -26.391 1.08 -8.196 -26.708 0.781 -7.235 -26.589 
3 16 0.781 -7.235 -26.589 1.08 -8.196 -26.708 0.219 -7.233 -27.022 
3 16 0.58 -8.209 -26.885 0.219 -7.233 -27.022 1.08 -8.196 -26.708 
3 16 -3.383 -8.205 -24.941 -3.625 -8.195 -23.624 -3.472 -7.233 -24.53 
3 16 -3.472 -7.233 -24.53 -3.625 -8.195 -23.624 -3.422 -7.235 -23.784 
3 16 -3.625 -8.195 -23.624 -3.061 -7.239 -23.313 -3.422 -7.235 -23.784 
3 16 2.969 -8.204 -23.599 2.827 -7.235 -23.842 2.582 -7.265 -23.393 
3 16 1.08 -8.196 -26.708 1.59 -7.233 -26.391 2.25 -8.205 -25.855 
3 16 1.59 -7.233 -26.391 2.055 -7.233 -26.01 2.25 -8.205 -25.855 
3 16 2.355 -7.234 -25.385 2.25 -8.205 -25.855 2.055 -7.233 -26.01 
3 16 -2.302 -8.206 -26.223 -2.6 -7.233 -26.03 -2.168 -7.233 -26.362 
3 16 -1.228 -7.774 -20.61 -1.436 -7.231 -21.659 -2.522 -8.124 -21.289 
3 16 -1.436 -7.231 -21.659 -2.334 -7.26 -22.061 -2.522 -8.124 -21.289 
3 16 -3.625 -8.195 -23.624 -3.201 -8.142 -22.237 -3.061 -7.239 -23.313 
3 16 -3.201 -8.142 -22.237 -2.792 -7.25 -22.619 -3.061 -7.239 -23.313 
3 16 -2.792 -7.25 -22.619 -3.201 -8.142 -22.237 -2.334 -7.26 -22.061 
3 16 -3.201 -8.142 -22.237 -2.522 -8.124 -21.289 -2.334 -7.26 -22.061 
3 16 1.816 -7.245 -22.132 2.231 -8.18 -21.656 2.275 -7.246 -22.715 
3 16 2.231 -8.18 -21.656 2.632 -8.119 -22.305 2.275 -7.246 -22.715 
3 16 1.88 -8.019 -21.078 1.001 -7.256 -21.693 0.678 -7.86 -20.471 
3 16 0.678 -7.86 -20.471 1.001 -7.256 -21.693 0.37 -7.243 -21.278 
3 16 -1.228 -7.774 -20.61 0.678 -7.86 -20.471 -0.736 -7.242 -21.232 
3 16 0.678 -7.86 -20.471 0.37 -7.243 -21.278 -0.736 -7.242 -21.232 
3 16 -1.228 -7.774 -20.61 -0.736 -7.242 -21.232 -1.436 -7.231 -21.659 
3 16 1.001 -7.256 -21.693 1.88 -8.019 -21.078 1.816 -7.245 -22.132 
3 16 1.88 -8.019 -21.078 2.231 -8.18 -21.656 1.816 -7.245 -22.132 
3 16 2.836 -8.206 -24.737 2.893 -7.233 -24.515 2.969 -8.204 -23.599 
3 16 2.893 -7.233 -24.515 2.827 -7.235 -23.842 2.969 -8.204 -23.599 
3 16 -3.383 -8.205 -24.941 -3.472 -7.233 -24.53 -3.237 -7.233 -25.064 
3 16 -3.383 -8.205 -24.941 -3.237 -7.233 -25.064 -2.861 -7.25 -25.431 
3 16 2.836 -8.206 -24.737 2.25 -8.205 -25.855 2.683 -7.234 -25.024 
3 16 2.25 -8.205 -25.855 2.355 -7.234 -25.385 2.683 -7.234 -25.024 
3 16 -0.387 -8.201 -26.964 -0.564 -7.234 -27.078 0.58 -8.209 -26.885 
3 16 -0.564 -7.234 -27.078 0.219 -7.233 -27.022 0.58 -8.209 -26.885 
3 16 -0.564 -7.234 -27.078 -0.387 -8.201 -26.964 -1.334 -7.234 -26.639 
3 16 -1.334 -7.234 -26.639 -0.387 -8.201 -26.964 -1.235 -8.203 -26.775 
3 16 -2.302 -8.206 -26.223 -2.168 -7.233 -26.362 -1.235 -8.203 -26.775 
3 16 -1.235 -8.203 -26.775 -2.168 -7.233 -26.362 -1.334 -7.234 -26.639 
3 16 -3.383 -8.205 -24.941 -2.861 -7.25 -25.431 -2.302 -8.206 -26.223 
3 16 -2.302 -8.206 -26.223 -2.861 -7.25 -25.431 -2.6 -7.233 -26.03 
3 16 2.632 -8.119 -22.305 2.655 -10.218 -22.461 2.969 -8.204 -23.599 
3 16 2.826 -10.253 -23.405 2.969 -8.204 -23.599 2.655 -10.218 -22.461 
3 16 2.695 -10.259 -24.671 2.836 -8.206 -24.737 2.826 -10.253 -23.405 
3 16 2.836 -8.206 -24.737 2.969 -8.204 -23.599 2.826 -10.253 -23.405 
3 16 0.369 -10.281 -26.516 0.58 -8.209 -26.885 0.975 -10.27 -26.376 
3 16 0.58 -8.209 -26.885 1.08 -8.196 -26.708 0.975 -10.27 -26.376 
3 16 -0.387 -8.201 -26.964 -0.37 -10.271 -26.526 -1.235 -8.203 -26.775 
3 16 -1.208 -10.269 -26.354 -1.235 -8.203 -26.775 -0.37 -10.271 -26.526 
3 16 0.58 -8.209 -26.885 0.369 -10.281 -26.516 -0.387 -8.201 -26.964 
3 16 -0.387 -8.201 -26.964 0.369 -10.281 -26.516 -0.37 -10.271 -26.526 
3 16 -3.111 -10.264 -24.79 -3.383 -8.205 -24.941 -2.074 -10.276 -25.943 
3 16 -3.383 -8.205 -24.941 -2.302 -8.206 -26.223 -2.074 -10.276 -25.943 
3 16 -3.339 -10.254 -23.517 -3.625 -8.195 -23.624 -3.111 -10.264 -24.79 
3 16 -3.625 -8.195 -23.624 -3.383 -8.205 -24.941 -3.111 -10.264 -24.79 
3 16 2.25 -8.205 -25.855 2.101 -10.271 -25.681 1.08 -8.196 -26.708 
3 16 1.08 -8.196 -26.708 2.101 -10.271 -25.681 0.975 -10.27 -26.376 
3 16 2.836 -8.206 -24.737 2.695 -10.259 -24.671 2.25 -8.205 -25.855 
3 16 2.25 -8.205 -25.855 2.695 -10.259 -24.671 2.101 -10.271 -25.681 
3 16 -2.074 -10.276 -25.943 -2.302 -8.206 -26.223 -1.208 -10.269 -26.354 
3 16 -2.302 -8.206 -26.223 -1.235 -8.203 -26.775 -1.208 -10.269 -26.354 
3 16 -3.002 -10.228 -22.133 -3.201 -8.142 -22.237 -3.339 -10.254 -23.517 
3 16 -3.201 -8.142 -22.237 -3.625 -8.195 -23.624 -3.339 -10.254 -23.517 
3 16 -3.201 -8.142 -22.237 -3.002 -10.228 -22.133 -2.3 -8.333 -21.072 
3 16 -3.002 -10.228 -22.133 -2.27 -10.207 -20.892 -2.3 -8.333 -21.072 
3 16 -2.3 -8.333 -21.072 -2.522 -8.124 -21.289 -3.201 -8.142 -22.237 
3 16 2.069 -10.059 -20.961 2.655 -10.218 -22.461 2.231 -8.18 -21.656 
3 16 2.655 -10.218 -22.461 2.632 -8.119 -22.305 2.231 -8.18 -21.656 
3 16 2.231 -8.18 -21.656 1.98 -8.564 -21.271 2.069 -10.059 -20.961 
3 16 1.947 -11.223 -20.469 2.445 -11.064 -22.351 2.069 -10.059 -20.961 
3 16 2.445 -11.064 -22.351 2.655 -10.218 -22.461 2.069 -10.059 -20.961 
3 16 2.655 -10.218 -22.461 2.445 -11.064 -22.351 2.826 -10.253 -23.405 
3 16 2.574 -11.12 -23.126 2.826 -10.253 -23.405 2.445 -11.064 -22.351 
3 16 2.435 -11.223 -24.527 2.695 -10.259 -24.671 2.574 -11.12 -23.126 
3 16 2.695 -10.259 -24.671 2.826 -10.253 -23.405 2.574 -11.12 -23.126 
3 16 2.695 -10.259 -24.671 2.435 -11.223 -24.527 2.101 -10.271 -25.681 
3 16 1.874 -11.218 -25.42 2.101 -10.271 -25.681 2.435 -11.223 -24.527 
3 16 2.101 -10.271 -25.681 1.874 -11.218 -25.42 0.975 -10.27 -26.376 
3 16 0.878 -11.212 -26.01 0.975 -10.27 -26.376 1.874 -11.218 -25.42 
3 16 0.267 -11.221 -26.124 0.369 -10.281 -26.516 0.878 -11.212 -26.01 
3 16 0.369 -10.281 -26.516 0.975 -10.27 -26.376 0.878 -11.212 -26.01 
3 16 0.369 -10.281 -26.516 0.267 -11.221 -26.124 -0.37 -10.271 -26.526 
3 16 -0.328 -11.215 -26.132 -0.37 -10.271 -26.526 0.267 -11.221 -26.124 
3 16 -0.37 -10.271 -26.526 -0.328 -11.215 -26.132 -1.208 -10.269 -26.354 
3 16 -1.12 -11.212 -25.981 -1.208 -10.269 -26.354 -0.328 -11.215 -26.132 
3 16 -1.909 -11.212 -25.618 -2.074 -10.276 -25.943 -1.12 -11.212 -25.981 
3 16 -1.12 -11.212 -25.981 -2.074 -10.276 -25.943 -1.208 -10.269 -26.354 
3 16 -2.801 -11.209 -24.656 -3.111 -10.264 -24.79 -1.909 -11.212 -25.618 
3 16 -1.909 -11.212 -25.618 -3.111 -10.264 -24.79 -2.074 -10.276 -25.943 
3 16 -3.049 -11.215 -23.481 -3.339 -10.254 -23.517 -2.801 -11.209 -24.656 
3 16 -2.801 -11.209 -24.656 -3.339 -10.254 -23.517 -3.111 -10.264 -24.79 
3 16 -2.766 -11.212 -22.154 -3.002 -10.228 -22.133 -3.049 -11.215 -23.481 
3 16 -3.049 -11.215 -23.481 -3.002 -10.228 -22.133 -3.339 -10.254 -23.517 
3 16 -3.002 -10.228 -22.133 -2.766 -11.212 -22.154 -2.27 -10.207 -20.892 
3 16 -2.766 -11.212 -22.154 -2.074 -11.224 -20.632 -2.27 -10.207 -20.892 
3 16 1.096 -12.102 -17.691 0.262 -11.645 -17.339 -0.179 -12.706 -20.141 
3 16 0.262 -11.645 -17.339 -1.424 -12.042 -20.351 -0.179 -12.706 -20.141 
3 16 -0.179 -12.706 -20.141 1.174 -12.394 -20.272 1.096 -12.102 -17.691 
3 16 1.096 -12.102 -17.691 1.174 -12.394 -20.272 1.821 -11.772 -18.363 
3 16 1.174 -12.394 -20.272 1.947 -11.223 -20.469 1.821 -11.772 -18.363 
3 16 1.947 -11.223 -20.469 2.008 -11.014 -18.849 1.821 -11.772 -18.363 
3 16 -1.909 -11.212 -25.618 -1.12 -11.212 -25.981 -2.198 -11.864 -24.832 
3 16 -2.198 -11.864 -24.832 -1.12 -11.212 -25.981 -1.383 -12.235 -25.034 
3 16 -0.401 -12.348 -25.191 -1.383 -12.235 -25.034 -0.328 -11.215 -26.132 
3 16 -1.383 -12.235 -25.034 -1.12 -11.212 -25.981 -0.328 -11.215 -26.132 
3 16 0.621 -12.292 -25.156 -0.401 -12.348 -25.191 0.267 -11.221 -26.124 
3 16 -0.328 -11.215 -26.132 0.267 -11.221 -26.124 -0.401 -12.348 -25.191 
3 16 0.267 -11.221 -26.124 0.878 -11.212 -26.01 0.621 -12.292 -25.156 
3 16 0.878 -11.212 -26.01 1.364 -11.967 -25.184 0.621 -12.292 -25.156 
3 16 -2.198 -11.864 -24.832 -1.383 -12.235 -25.034 -2.416 -12.213 -23.459 
3 16 -1.383 -12.235 -25.034 -1.509 -12.813 -23.503 -2.416 -12.213 -23.459 
3 16 -1.383 -12.235 -25.034 -0.401 -12.348 -25.191 -1.509 -12.813 -23.503 
3 16 -0.401 -12.348 -25.191 -0.406 -13.051 -23.514 -1.509 -12.813 -23.503 
3 16 -0.401 -12.348 -25.191 0.621 -12.292 -25.156 -0.406 -13.051 -23.514 
3 16 0.621 -12.292 -25.156 0.797 -12.868 -23.597 -0.406 -13.051 -23.514 
3 16 0.621 -12.292 -25.156 1.364 -11.967 -25.184 0.797 -12.868 -23.597 
3 16 1.364 -11.967 -25.184 1.79 -12.264 -23.96 0.797 -12.868 -23.597 
3 16 -2.416 -12.213 -23.459 -1.509 -12.813 -23.503 -2.299 -12.059 -22.088 
3 16 -1.509 -12.813 -23.503 -1.515 -12.744 -22.023 -2.299 -12.059 -22.088 
3 16 -1.509 -12.813 -23.503 -0.406 -13.051 -23.514 -1.515 -12.744 -22.023 
3 16 -0.406 -13.051 -23.514 -0.38 -13.091 -21.985 -1.515 -12.744 -22.023 
3 16 0.96 -12.814 -21.997 -0.38 -13.091 -21.985 0.797 -12.868 -23.597 
3 16 0.797 -12.868 -23.597 -0.38 -13.091 -21.985 -0.406 -13.051 -23.514 
3 16 1.939 -12.068 -22.4 0.96 -12.814 -21.997 1.79 -12.264 -23.96 
3 16 1.79 -12.264 -23.96 0.96 -12.814 -21.997 0.797 -12.868 -23.597 
3 16 -2.299 -12.059 -22.088 -1.515 -12.744 -22.023 -2.074 -11.224 -20.632 
3 16 -2.074 -11.224 -20.632 -1.515 -12.744 -22.023 -1.424 -12.042 -20.351 
3 16 -0.179 -12.706 -20.141 -1.424 -12.042 -20.351 -0.38 -13.091 -21.985 
3 16 -1.424 -12.042 -20.351 -1.515 -12.744 -22.023 -0.38 -13.091 -21.985 
3 16 -0.38 -13.091 -21.985 0.96 -12.814 -21.997 -0.179 -12.706 -20.141 
3 16 0.96 -12.814 -21.997 1.174 -12.394 -20.272 -0.179 -12.706 -20.141 
3 16 1.947 -11.223 -20.469 1.174 -12.394 -20.272 1.939 -12.068 -22.4 
3 16 0.96 -12.814 -21.997 1.939 -12.068 -22.4 1.174 -12.394 -20.272 
3 16 -2.801 -11.209 -24.656 -1.909 -11.212 -25.618 -2.198 -11.864 -24.832 
3 16 -2.801 -11.209 -24.656 -2.198 -11.864 -24.832 -3.049 -11.215 -23.481 
3 16 -2.416 -12.213 -23.459 -3.049 -11.215 -23.481 -2.198 -11.864 -24.832 
3 16 -2.074 -11.224 -20.632 -2.766 -11.212 -22.154 -2.299 -12.059 -22.088 
3 16 1.364 -11.967 -25.184 0.878 -11.212 -26.01 1.874 -11.218 -25.42 
3 16 2.445 -11.064 -22.351 1.939 -12.068 -22.4 2.574 -11.12 -23.126 
3 16 2.435 -11.223 -24.527 1.79 -12.264 -23.96 1.874 -11.218 -25.42 
3 16 1.364 -11.967 -25.184 1.874 -11.218 -25.42 1.79 -12.264 -23.96 
3 16 1.79 -12.264 -23.96 2.435 -11.223 -24.527 1.939 -12.068 -22.4 
3 16 2.435 -11.223 -24.527 2.574 -11.12 -23.126 1.939 -12.068 -22.4 
3 16 -3.049 -11.215 -23.481 -2.416 -12.213 -23.459 -2.766 -11.212 -22.154 
3 16 -2.299 -12.059 -22.088 -2.766 -11.212 -22.154 -2.416 -12.213 -23.459 
3 16 1.939 -12.068 -22.4 2.445 -11.064 -22.351 1.947 -11.223 -20.469 
3 16 2.492 -8.191 -20.109 1.88 -8.019 -21.078 0.828 -8.063 -19.369 
3 16 0.828 -8.063 -19.369 1.88 -8.019 -21.078 0.678 -7.86 -20.471 
3 16 0.828 -8.063 -19.369 0.678 -7.86 -20.471 -1.194 -8.063 -19.436 
3 16 -1.228 -7.774 -20.61 -1.194 -8.063 -19.436 0.678 -7.86 -20.471 
3 16 2.492 -8.191 -20.109 1.98 -8.564 -21.271 1.88 -8.019 -21.078 
3 16 1.98 -8.564 -21.271 2.231 -8.18 -21.656 1.88 -8.019 -21.078 
3 16 -1.194 -8.063 -19.436 -1.228 -7.774 -20.61 -2.831 -8.165 -19.926 
3 16 -2.522 -8.124 -21.289 -2.3 -8.333 -21.072 -1.228 -7.774 -20.61 
3 16 -2.3 -8.333 -21.072 -2.831 -8.165 -19.926 -1.228 -7.774 -20.61 
3 16 1.615 -9.398 -0.048 2.228 -9.263 0.785 0.658 -8.562 0.79 
3 16 1.966 -8.863 3.248 0.664 -8.301 2.392 2.39 -9.016 2.307 
3 16 2.39 -9.016 2.307 0.664 -8.301 2.392 2.228 -9.263 0.785 
3 16 2.228 -9.263 0.785 0.664 -8.301 2.392 0.658 -8.562 0.79 
3 16 1.966 -8.863 3.248 1.191 -8.752 3.937 0.664 -8.301 2.392 
3 16 -1.743 -8.801 3.633 -0.797 -8.307 2.272 -0.326 -8.7 4.255 
3 16 -0.797 -8.307 2.272 0.664 -8.301 2.392 -0.326 -8.7 4.255 
3 16 0.664 -8.301 2.392 1.191 -8.752 3.937 -0.326 -8.7 4.255 
3 16 -1.743 -8.801 3.633 -2.518 -9.016 2.307 -0.797 -8.307 2.272 
3 16 -1.743 -9.398 -0.048 -0.839 -8.557 0.82 -2.356 -9.263 0.785 
3 16 -0.797 -8.307 2.272 -2.518 -9.016 2.307 -0.839 -8.557 0.82 
3 16 -2.518 -9.016 2.307 -2.356 -9.263 0.785 -0.839 -8.557 0.82 
3 16 1.615 -9.398 -0.048 0.658 -8.562 0.79 -0.023 -9.492 -0.706 
3 16 0.658 -8.562 0.79 -0.839 -8.557 0.82 -0.023 -9.492 -0.706 
3 16 -0.839 -8.557 0.82 -1.743 -9.398 -0.048 -0.023 -9.492 -0.706 
3 16 0.664 -8.301 2.392 -0.797 -8.307 2.272 0.658 -8.562 0.79 
3 16 -0.839 -8.557 0.82 0.658 -8.562 0.79 -0.797 -8.307 2.272 
3 16 -1.403 -0.04 -22.298 -0.953 -0.04 -21.634 0.81 -0.04 -22.293 
3 16 -0.953 -0.04 -21.634 0.359 -0.04 -21.634 0.81 -0.04 -22.293 
3 16 -3.843 -0.04 -24.492 -3.591 -0.04 -23.717 -3.591 -0.04 -25.232 
3 16 -3.591 -0.04 -25.232 -3.591 -0.04 -23.717 -2.922 -0.04 -23.471 
3 16 -3.591 -0.04 -25.232 -2.922 -0.04 -23.471 -2.931 -0.04 -25.48 
3 16 2.334 -0.04 -25.484 2.333 -0.04 -23.47 2.993 -0.04 -23.719 
3 16 2.993 -0.04 -23.719 3.24 -0.04 -24.494 2.993 -0.04 -25.234 
3 16 2.993 -0.04 -23.719 2.993 -0.04 -25.234 2.334 -0.04 -25.484 
3 16 -0.64 -0.04 -27.403 -1.407 -0.04 -26.658 0.359 -0.04 -27.304 
3 16 0.359 -0.04 -27.304 -1.407 -0.04 -26.658 0.806 -0.04 -26.653 
3 16 -2.682 -0.04 -26.091 -2.931 -0.04 -25.48 -2.242 -0.04 -26.448 
3 16 -2.922 -0.04 -23.471 -2.697 -0.04 -22.885 -1.403 -0.04 -22.298 
3 16 2.086 -0.04 -22.864 2.333 -0.04 -23.47 1.647 -0.04 -22.507 
3 16 2.334 -0.04 -25.484 2.06 -0.04 -26.112 0.806 -0.04 -26.653 
3 16 -2.242 -0.04 -26.448 -2.931 -0.04 -25.48 -1.407 -0.04 -26.658 
3 16 -1.407 -0.04 -26.658 -2.931 -0.04 -25.48 -1.403 -0.04 -22.298 
3 16 0.81 -0.04 -22.293 0.806 -0.04 -26.653 -1.407 -0.04 -26.658 
3 16 -2.922 -0.04 -23.471 -1.403 -0.04 -22.298 -2.931 -0.04 -25.48 
3 16 -1.403 -0.04 -22.298 -2.697 -0.04 -22.885 -2.269 -0.04 -22.518 
3 16 -1.407 -0.04 -26.658 -1.403 -0.04 -22.298 0.81 -0.04 -22.293 
3 16 0.806 -0.04 -26.653 0.81 -0.04 -22.293 2.333 -0.04 -23.47 
3 16 0.81 -0.04 -22.293 1.647 -0.04 -22.507 2.333 -0.04 -23.47 
3 16 2.06 -0.04 -26.112 1.614 -0.04 -26.466 0.806 -0.04 -26.653 
3 16 0.806 -0.04 -26.653 2.333 -0.04 -23.47 2.334 -0.04 -25.484 
3 16 0.781 -7.235 -26.589 0.806 -0.04 -26.653 1.59 -7.233 -26.391 
3 16 0.806 -0.04 -26.653 1.614 -0.04 -26.466 1.59 -7.233 -26.391 
3 16 -2.899 -6.303 -23.584 -3.422 -7.235 -23.784 -3.061 -7.239 -23.313 
3 16 4.499 0 -7.793 4.602 -2.458 -7.971 0 0 -8.998 
3 16 0 0 -8.998 4.602 -2.458 -7.971 0 -2.458 -9.205 
3 16 7.793 0 -4.499 7.971 -2.458 -4.602 4.499 0 -7.793 
3 16 4.499 0 -7.793 7.971 -2.458 -4.602 4.602 -2.458 -7.971 
3 16 8.998 -0.003 0 9.205 -2.458 0 7.793 0 -4.499 
3 16 7.793 0 -4.499 9.205 -2.458 0 7.971 -2.458 -4.602 
3 16 7.793 -0.003 4.499 7.971 -2.458 4.602 8.998 -0.003 0 
3 16 8.998 -0.003 0 7.971 -2.458 4.602 9.205 -2.458 0 
3 16 4.499 -0.003 7.793 4.602 -2.458 7.971 7.793 -0.003 4.499 
3 16 7.793 -0.003 4.499 4.602 -2.458 7.971 7.971 -2.458 4.602 
3 16 0 -0.003 8.998 0 -2.458 9.205 4.499 -0.003 7.793 
3 16 4.499 -0.003 7.793 0 -2.458 9.205 4.602 -2.458 7.971 
3 16 -4.499 -0.003 7.793 -4.602 -2.458 7.971 0 -0.003 8.998 
3 16 0 -0.003 8.998 -4.602 -2.458 7.971 0 -2.458 9.205 
3 16 -7.793 -0.003 4.499 -7.971 -2.458 4.602 -4.499 -0.003 7.793 
3 16 -4.499 -0.003 7.793 -7.971 -2.458 4.602 -4.602 -2.458 7.971 
3 16 -8.998 -0.003 0 -9.205 -2.458 0 -7.793 -0.003 4.499 
3 16 -7.793 -0.003 4.499 -9.205 -2.458 0 -7.971 -2.458 4.602 
3 16 -7.793 0 -4.499 -7.971 -2.458 -4.602 -8.998 -0.003 0 
3 16 -8.998 -0.003 0 -7.971 -2.458 -4.602 -9.205 -2.458 0 
3 16 -4.499 0 -7.793 -4.602 -2.458 -7.971 -7.793 0 -4.499 
3 16 -7.793 0 -4.499 -4.602 -2.458 -7.971 -7.971 -2.458 -4.602 
3 16 0 0 -8.998 0 -2.458 -9.205 -4.499 0 -7.793 
3 16 -4.499 0 -7.793 0 -2.458 -9.205 -4.602 -2.458 -7.971 
3 16 0 -2.458 -9.205 0.006 1.129 -11.924 -4.602 -2.458 -7.971 
3 16 0.006 1.129 -11.924 -5.934 1.129 -10.27 -4.602 -2.458 -7.971 
3 16 0.006 1.129 -11.924 0 -2.458 -9.205 5.947 1.129 -10.27 
3 16 0 -2.458 -9.205 4.602 -2.458 -7.971 5.947 1.129 -10.27 
3 16 7.971 -2.458 -4.602 10.353 1.129 -5.962 4.602 -2.458 -7.971 
3 16 10.353 1.129 -5.962 5.947 1.129 -10.27 4.602 -2.458 -7.971 
3 16 10.353 1.129 -5.962 7.971 -2.458 -4.602 11.888 1.129 0 
3 16 7.971 -2.458 -4.602 9.205 -2.458 0 11.888 1.129 0 
3 16 7.971 -2.458 4.602 10.353 1.129 5.962 9.205 -2.458 0 
3 16 10.353 1.129 5.962 11.888 1.129 0 9.205 -2.458 0 
3 16 10.353 1.129 5.962 7.971 -2.458 4.602 5.947 1.129 10.27 
3 16 7.971 -2.458 4.602 4.602 -2.458 7.971 5.947 1.129 10.27 
3 16 0 -2.458 9.205 0.006 1.129 11.924 4.602 -2.458 7.971 
3 16 0.006 1.129 11.924 5.947 1.129 10.27 4.602 -2.458 7.971 
3 16 0.006 1.129 11.924 0 -2.458 9.205 -5.934 1.129 10.27 
3 16 0 -2.458 9.205 -4.602 -2.458 7.971 -5.934 1.129 10.27 
3 16 -7.971 -2.458 4.602 -10.34 1.129 5.962 -4.602 -2.458 7.971 
3 16 -10.34 1.129 5.962 -5.934 1.129 10.27 -4.602 -2.458 7.971 
3 16 -10.34 1.129 5.962 -7.971 -2.458 4.602 -11.875 1.129 0 
3 16 -7.971 -2.458 4.602 -9.205 -2.458 0 -11.875 1.129 0 
3 16 -7.971 -2.458 -4.602 -10.34 1.129 -5.962 -9.205 -2.458 0 
3 16 -10.34 1.129 -5.962 -11.875 1.129 0 -9.205 -2.458 0 
3 16 -10.34 1.129 -5.962 -7.971 -2.458 -4.602 -5.934 1.129 -10.27 
3 16 -7.971 -2.458 -4.602 -4.602 -2.458 -7.971 -5.934 1.129 -10.27 
3 16 -6.429 6.118 11.102 -5.934 1.129 10.27 -11.202 5.811 6.445 
3 16 -5.934 1.129 10.27 -10.34 1.129 5.962 -11.202 5.811 6.445 
3 16 -11.202 5.811 6.445 -10.34 1.129 5.962 -12.865 5.386 0 
3 16 -10.34 1.129 5.962 -11.875 1.129 0 -12.865 5.386 0 
3 16 -12.865 5.386 0 -11.875 1.129 0 -11.202 4.961 -6.445 
3 16 -11.875 1.129 0 -10.34 1.129 -5.962 -11.202 4.961 -6.445 
3 16 -11.202 4.961 -6.445 -10.34 1.129 -5.962 -6.429 4.654 -11.102 
3 16 -10.34 1.129 -5.962 -5.934 1.129 -10.27 -6.429 4.654 -11.102 
3 16 -6.429 4.654 -11.102 -5.934 1.129 -10.27 0.006 4.536 -12.89 
3 16 -5.934 1.129 -10.27 0.006 1.129 -11.924 0.006 4.536 -12.89 
3 16 5.947 1.129 -10.27 6.442 4.654 -11.102 0.006 1.129 -11.924 
3 16 6.442 4.654 -11.102 0.006 4.536 -12.89 0.006 1.129 -11.924 
3 16 10.353 1.129 -5.962 11.215 4.961 -6.445 5.947 1.129 -10.27 
3 16 11.215 4.961 -6.445 6.442 4.654 -11.102 5.947 1.129 -10.27 
3 16 11.888 1.129 0 12.878 5.386 0 10.353 1.129 -5.962 
3 16 12.878 5.386 0 11.215 4.961 -6.445 10.353 1.129 -5.962 
3 16 10.353 1.129 5.962 11.215 5.811 6.445 11.888 1.129 0 
3 16 11.215 5.811 6.445 12.878 5.386 0 11.888 1.129 0 
3 16 5.947 1.129 10.27 6.442 6.118 11.102 10.353 1.129 5.962 
3 16 6.442 6.118 11.102 11.215 5.811 6.445 10.353 1.129 5.962 
3 16 0.006 1.129 11.924 0.006 6.236 12.89 5.947 1.129 10.27 
3 16 0.006 6.236 12.89 6.442 6.118 11.102 5.947 1.129 10.27 
3 16 0.006 6.236 12.89 0.006 1.129 11.924 -6.429 6.118 11.102 
3 16 0.006 1.129 11.924 -5.934 1.129 10.27 -6.429 6.118 11.102 
3 16 11.215 4.961 -6.445 12.877 4.656 -7.401 6.442 4.654 -11.102 
3 16 12.877 4.656 -7.401 7.396 4.304 -12.748 6.442 4.654 -11.102 
3 16 12.877 4.656 -7.401 11.215 4.961 -6.445 14.786 5.144 0 
3 16 11.215 4.961 -6.445 12.878 5.386 0 14.786 5.144 0 
3 16 14.786 5.144 0 12.878 5.386 0 12.877 5.632 7.401 
3 16 12.878 5.386 0 11.215 5.811 6.445 12.877 5.632 7.401 
3 16 12.877 5.632 7.401 11.215 5.811 6.445 7.396 5.984 12.748 
3 16 11.215 5.811 6.445 6.442 6.118 11.102 7.396 5.984 12.748 
3 16 7.396 5.984 12.748 6.442 6.118 11.102 0.006 6.119 14.801 
3 16 6.442 6.118 11.102 0.006 6.236 12.89 0.006 6.119 14.801 
3 16 0.006 6.119 14.801 0.006 6.236 12.89 -7.384 5.984 12.748 
3 16 0.006 6.236 12.89 -6.429 6.118 11.102 -7.384 5.984 12.748 
3 16 -11.202 5.811 6.445 -12.864 5.632 7.401 -6.429 6.118 11.102 
3 16 -12.864 5.632 7.401 -7.384 5.984 12.748 -6.429 6.118 11.102 
3 16 -12.864 5.632 7.401 -11.202 5.811 6.445 -14.773 5.144 0 
3 16 -11.202 5.811 6.445 -12.865 5.386 0 -14.773 5.144 0 
3 16 -11.202 4.961 -6.445 -12.864 4.656 -7.401 -12.865 5.386 0 
3 16 -12.864 4.656 -7.401 -14.773 5.144 0 -12.865 5.386 0 
3 16 -12.864 4.656 -7.401 -11.202 4.961 -6.445 -7.384 4.304 -12.748 
3 16 -11.202 4.961 -6.445 -6.429 4.654 -11.102 -7.384 4.304 -12.748 
3 16 0.006 4.536 -12.89 0.006 4.168 -14.801 -6.429 4.654 -11.102 
3 16 0.006 4.168 -14.801 -7.384 4.304 -12.748 -6.429 4.654 -11.102 
3 16 0.006 4.168 -14.801 0.006 4.536 -12.89 7.396 4.304 -12.748 
3 16 0.006 4.536 -12.89 6.442 4.654 -11.102 7.396 4.304 -12.748 
3 16 7.205 1.211 -12.087 7.396 4.304 -12.748 12.543 1.554 -6.879 
3 16 12.543 1.554 -6.879 7.396 4.304 -12.748 12.877 4.656 -7.401 
3 16 14.786 5.144 0 14.403 2.029 0.33 12.877 4.656 -7.401 
3 16 12.543 1.554 -6.879 12.877 4.656 -7.401 14.403 2.029 0.33 
3 16 14.403 2.029 0.33 14.786 5.144 0 12.543 2.504 7.538 
3 16 12.543 2.504 7.538 14.786 5.144 0 12.877 5.632 7.401 
3 16 12.543 2.504 7.538 12.877 5.632 7.401 7.205 2.847 12.747 
3 16 7.205 2.847 12.747 12.877 5.632 7.401 7.396 5.984 12.748 
3 16 7.205 2.847 12.747 7.396 5.984 12.748 0.006 2.979 14.747 
3 16 0.006 2.979 14.747 7.396 5.984 12.748 0.006 6.119 14.801 
3 16 -7.384 5.984 12.748 -7.192 2.847 12.747 0.006 6.119 14.801 
3 16 0.006 2.979 14.747 0.006 6.119 14.801 -7.192 2.847 12.747 
3 16 -12.864 5.632 7.401 -12.53 2.504 7.538 -7.384 5.984 12.748 
3 16 -7.192 2.847 12.747 -7.384 5.984 12.748 -12.53 2.504 7.538 
3 16 -14.773 5.144 0 -14.39 2.029 0.33 -12.864 5.632 7.401 
3 16 -14.39 2.029 0.33 -12.53 2.504 7.538 -12.864 5.632 7.401 
3 16 -14.39 2.029 0.33 -14.773 5.144 0 -12.53 1.554 -6.879 
3 16 -12.53 1.554 -6.879 -14.773 5.144 0 -12.864 4.656 -7.401 
3 16 0.006 4.168 -14.801 0.006 1.079 -14.087 -7.384 4.304 -12.748 
3 16 -7.192 1.211 -12.087 -7.384 4.304 -12.748 0.006 1.079 -14.087 
3 16 0.006 1.079 -14.087 0.006 4.168 -14.801 7.205 1.211 -12.087 
3 16 7.205 1.211 -12.087 0.006 4.168 -14.801 7.396 4.304 -12.748 
3 16 6.093 -3.336 -9.837 7.205 1.211 -12.087 10.674 -2.886 -5.448 
3 16 12.543 1.554 -6.879 10.674 -2.886 -5.448 7.205 1.211 -12.087 
3 16 10.674 -2.886 -5.448 12.543 1.554 -6.879 12.286 -2.23 0.734 
3 16 14.403 2.029 0.33 12.286 -2.23 0.734 12.543 1.554 -6.879 
3 16 12.286 -2.23 0.734 14.403 2.029 0.33 10.73 -1.575 6.945 
3 16 12.543 2.504 7.538 10.73 -1.575 6.945 14.403 2.029 0.33 
3 16 7.205 2.847 12.747 6.177 -1.099 11.45 12.543 2.504 7.538 
3 16 6.177 -1.099 11.45 10.73 -1.575 6.945 12.543 2.504 7.538 
3 16 6.177 -1.099 11.45 7.205 2.847 12.747 0.013 -0.913 13.176 
3 16 0.006 2.979 14.747 0.013 -0.913 13.176 7.205 2.847 12.747 
3 16 -7.192 2.847 12.747 -6.15 -1.099 11.45 0.006 2.979 14.747 
3 16 -6.15 -1.099 11.45 0.013 -0.913 13.176 0.006 2.979 14.747 
3 16 -12.53 2.504 7.538 -10.721 -1.581 6.955 -7.192 2.847 12.747 
3 16 -10.721 -1.581 6.955 -6.15 -1.099 11.45 -7.192 2.847 12.747 
3 16 -14.39 2.029 0.33 -12.299 -2.244 0.735 -12.53 2.504 7.538 
3 16 -12.299 -2.244 0.735 -10.721 -1.581 6.955 -12.53 2.504 7.538 
3 16 -12.53 1.554 -6.879 -10.644 -2.884 -5.448 -14.39 2.029 0.33 
3 16 -10.644 -2.884 -5.448 -12.299 -2.244 0.735 -14.39 2.029 0.33 
3 16 -7.192 1.211 -12.087 -6.075 -3.345 -9.86 -12.53 1.554 -6.879 
3 16 -6.075 -3.345 -9.86 -10.644 -2.884 -5.448 -12.53 1.554 -6.879 
3 16 -6.075 -3.345 -9.86 -7.192 1.211 -12.087 0.017 -3.522 -11.539 
3 16 0.006 1.079 -14.087 0.017 -3.522 -11.539 -7.192 1.211 -12.087 
3 16 0.017 -3.522 -11.539 0.006 1.079 -14.087 6.093 -3.336 -9.837 
3 16 7.205 1.211 -12.087 6.093 -3.336 -9.837 0.006 1.079 -14.087 
3 16 5.9 -5.623 -8.615 6.093 -3.336 -9.837 10.234 -5.173 -4.365 
3 16 10.674 -2.886 -5.448 10.234 -5.173 -4.365 6.093 -3.336 -9.837 
3 16 10.234 -5.173 -4.365 10.674 -2.886 -5.448 11.774 -4.41 1.344 
3 16 12.286 -2.23 0.734 11.774 -4.41 1.344 10.674 -2.886 -5.448 
3 16 11.774 -4.41 1.344 12.286 -2.23 0.734 10.396 -3.471 7.117 
3 16 10.73 -1.575 6.945 10.396 -3.471 7.117 12.286 -2.23 0.734 
3 16 10.396 -3.471 7.117 10.73 -1.575 6.945 6.123 -2.889 11.621 
3 16 6.177 -1.099 11.45 6.123 -2.889 11.621 10.73 -1.575 6.945 
3 16 0.013 -0.913 13.176 0.192 -2.575 13.43 6.177 -1.099 11.45 
3 16 0.192 -2.575 13.43 6.123 -2.889 11.621 6.177 -1.099 11.45 
3 16 -6.15 -1.099 11.45 -5.82 -2.838 11.763 0.013 -0.913 13.176 
3 16 -5.82 -2.838 11.763 0.192 -2.575 13.43 0.013 -0.913 13.176 
3 16 -10.721 -1.581 6.955 -10.294 -3.491 7.216 -6.15 -1.099 11.45 
3 16 -10.294 -3.491 7.216 -5.82 -2.838 11.763 -6.15 -1.099 11.45 
3 16 -12.299 -2.244 0.735 -11.782 -4.424 1.38 -10.721 -1.581 6.955 
3 16 -11.782 -4.424 1.38 -10.294 -3.491 7.216 -10.721 -1.581 6.955 
3 16 -10.644 -2.884 -5.448 -10.16 -5.162 -4.471 -12.299 -2.244 0.735 
3 16 -10.16 -5.162 -4.471 -11.782 -4.424 1.38 -12.299 -2.244 0.735 
3 16 -6.075 -3.345 -9.86 -5.763 -5.769 -8.755 -10.644 -2.884 -5.448 
3 16 -5.763 -5.769 -8.755 -10.16 -5.162 -4.471 -10.644 -2.884 -5.448 
3 16 0.017 -3.522 -11.539 0.092 -5.905 -10.373 -6.075 -3.345 -9.86 
3 16 0.092 -5.905 -10.373 -5.763 -5.769 -8.755 -6.075 -3.345 -9.86 
3 16 0.092 -5.905 -10.373 0.017 -3.522 -11.539 5.9 -5.623 -8.615 
3 16 0.017 -3.522 -11.539 6.093 -3.336 -9.837 5.9 -5.623 -8.615 
3 16 11.774 -4.41 1.344 12.76 -4.898 1.646 10.234 -5.173 -4.365 
3 16 12.76 -4.898 1.646 11.278 -5.847 -4.558 10.234 -5.173 -4.365 
3 16 10.396 -3.471 7.117 11.193 -3.935 7.754 11.774 -4.41 1.344 
3 16 11.193 -3.935 7.754 12.76 -4.898 1.646 11.774 -4.41 1.344 
3 16 6.123 -2.889 11.621 6.57 -3.166 12.44 10.396 -3.471 7.117 
3 16 6.57 -3.166 12.44 11.193 -3.935 7.754 10.396 -3.471 7.117 
3 16 0.192 -2.575 13.43 0.145 -2.819 14.387 6.123 -2.889 11.621 
3 16 0.145 -2.819 14.387 6.57 -3.166 12.44 6.123 -2.889 11.621 
3 16 -5.82 -2.838 11.763 -6.301 -3.131 12.628 0.192 -2.575 13.43 
3 16 -6.301 -3.131 12.628 0.145 -2.819 14.387 0.192 -2.575 13.43 
3 16 -6.301 -3.131 12.628 -5.82 -2.838 11.763 -11.102 -3.903 7.901 
3 16 -11.102 -3.903 7.901 -5.82 -2.838 11.763 -10.294 -3.491 7.216 
3 16 -11.102 -3.903 7.901 -10.294 -3.491 7.216 -12.745 -4.9 1.615 
3 16 -12.745 -4.9 1.615 -10.294 -3.491 7.216 -11.782 -4.424 1.38 
3 16 -12.745 -4.9 1.615 -11.782 -4.424 1.38 -11.166 -5.872 -4.721 
3 16 -11.166 -5.872 -4.721 -11.782 -4.424 1.38 -10.16 -5.162 -4.471 
3 16 -11.166 -5.872 -4.721 -10.16 -5.162 -4.471 -6.401 -6.568 -9.509 
3 16 -6.401 -6.568 -9.509 -10.16 -5.162 -4.471 -5.763 -5.769 -8.755 
3 16 -6.401 -6.568 -9.509 -5.763 -5.769 -8.755 0.108 -6.801 -11.344 
3 16 0.108 -6.801 -11.344 -5.763 -5.769 -8.755 0.092 -5.905 -10.373 
3 16 5.9 -5.623 -8.615 6.568 -6.562 -9.418 0.092 -5.905 -10.373 
3 16 6.568 -6.562 -9.418 0.108 -6.801 -11.344 0.092 -5.905 -10.373 
3 16 10.234 -5.173 -4.365 11.278 -5.847 -4.558 5.9 -5.623 -8.615 
3 16 11.278 -5.847 -4.558 6.568 -6.562 -9.418 5.9 -5.623 -8.615 
3 16 -7.384 4.304 -12.748 -7.192 1.211 -12.087 -12.864 4.656 -7.401 
3 16 -12.864 4.656 -7.401 -7.192 1.211 -12.087 -12.53 1.554 -6.879 
3 16 23.622 -4.978 1.948 -2.831 -8.165 -19.926 6.563 -6.169 -6.563 
3 16 -6.563 -6.15 -6.563 6.563 -6.169 -6.563 -2.831 -8.165 -19.926 
3 16 6.563 -6.169 -6.563 6.563 -4.142 6.563 23.622 -4.978 1.948 
3 16 23.622 -4.978 1.948 6.563 -4.142 6.563 1.583 -1.438 23.829 
3 16 6.563 -4.142 6.563 -6.563 -4.142 6.563 1.583 -1.438 23.829 
3 16 1.583 -1.438 23.829 -6.563 -4.142 6.563 -23.201 -5.331 -0.371 
3 16 -6.563 -4.142 6.563 -6.563 -6.15 -6.563 -23.201 -5.331 -0.371 
3 16 -23.201 -5.331 -0.371 -6.563 -6.15 -6.563 -2.831 -8.165 -19.926 
3 16 -23.201 -5.331 -0.371 -2.3 -8.333 -21.072 -2.27 -10.207 -20.892 
3 16 -23.107 -6.845 -0.337 -23.201 -5.331 -0.371 -2.27 -10.207 -20.892 
3 16 -23.107 -6.845 -0.337 -24.214 -6.516 1.28 -24.101 -5.143 1.017 
3 16 -23.201 -5.331 -0.371 -23.107 -6.845 -0.337 -24.101 -5.143 1.017 
3 16 -24.214 -6.516 1.28 -23.772 -4.967 1.989 -24.101 -5.143 1.017 
3 16 -23.756 -6.343 2.426 -23.772 -4.967 1.989 -24.214 -6.516 1.28 
3 16 -1.31 -1.339 24.236 -23.756 -6.343 2.426 -1.522 -2.865 24.407 
3 16 -23.772 -4.967 1.989 -23.756 -6.343 2.426 -1.31 -1.339 24.236 
3 16 -1.522 -2.865 24.407 -0.02 -2.712 25.19 -0.035 -1.248 24.952 
3 16 -1.31 -1.339 24.236 -1.522 -2.865 24.407 -0.035 -1.248 24.952 
3 16 -0.035 -1.248 24.952 -0.02 -2.712 25.19 1.583 -1.438 23.829 
3 16 1.555 -2.89 24.206 1.583 -1.438 23.829 -0.02 -2.712 25.19 
3 16 23.622 -4.978 1.948 1.583 -1.438 23.829 1.555 -2.89 24.206 
3 16 23.626 -6.353 2.413 23.622 -4.978 1.948 1.555 -2.89 24.206 
3 16 23.969 -5.175 1.033 23.626 -6.353 2.413 24.059 -6.503 1.297 
3 16 23.622 -4.978 1.948 23.626 -6.353 2.413 23.969 -5.175 1.033 
3 16 24.059 -6.503 1.297 22.963 -5.379 -0.368 23.969 -5.175 1.033 
3 16 22.93 -6.801 -0.362 22.963 -5.379 -0.368 24.059 -6.503 1.297 
3 16 22.93 -6.801 -0.362 2.069 -10.059 -20.961 1.98 -8.564 -21.271 
3 16 22.963 -5.379 -0.368 22.93 -6.801 -0.362 1.98 -8.564 -21.271 
3 16 -23.201 -5.331 -0.371 -23.772 -4.967 1.989 1.583 -1.438 23.829 
3 16 -24.101 -5.143 1.017 -23.772 -4.967 1.989 -23.201 -5.331 -0.371 
3 16 -23.772 -4.967 1.989 -1.31 -1.339 24.236 1.583 -1.438 23.829 
3 16 -1.194 -8.063 -19.436 23.622 -4.978 1.948 22.963 -5.379 -0.368 
3 16 22.963 -5.379 -0.368 0.828 -8.063 -19.369 -1.194 -8.063 -19.436 
3 16 23.969 -5.175 1.033 22.963 -5.379 -0.368 23.622 -4.978 1.948 
3 16 23.622 -4.978 1.948 -1.194 -8.063 -19.436 -2.831 -8.165 -19.926 
3 16 -0.035 -1.248 24.952 1.583 -1.438 23.829 -1.31 -1.339 24.236 
3 16 2.492 -8.191 -20.109 0.828 -8.063 -19.369 22.963 -5.379 -0.368 
3 16 1.98 -8.564 -21.271 2.492 -8.191 -20.109 22.963 -5.379 -0.368 
3 16 -2.3 -8.333 -21.072 -23.201 -5.331 -0.371 -2.831 -8.165 -19.926 
3 16 24.059 -6.503 1.297 23.259 -7.683 2.468 23.941 -7.685 1.552 
3 16 23.626 -6.353 2.413 23.259 -7.683 2.468 24.059 -6.503 1.297 
3 16 1.947 -11.223 -20.469 22.53 -8.068 -0.048 23.259 -7.683 2.468 
3 16 23.941 -7.685 1.552 23.259 -7.683 2.468 22.53 -8.068 -0.048 
3 16 -2.074 -11.224 -20.632 1.947 -11.223 -20.469 23.259 -7.683 2.468 
3 16 -0.009 -4.049 25.272 1.222 -4.288 24.251 1.555 -2.89 24.206 
3 16 -0.02 -2.712 25.19 -0.009 -4.049 25.272 1.555 -2.89 24.206 
3 16 23.941 -7.685 1.552 22.93 -6.801 -0.362 24.059 -6.503 1.297 
3 16 22.53 -8.068 -0.048 22.93 -6.801 -0.362 23.941 -7.685 1.552 
3 16 2.069 -10.059 -20.961 22.53 -8.068 -0.048 1.947 -11.223 -20.469 
3 16 22.93 -6.801 -0.362 22.53 -8.068 -0.048 2.069 -10.059 -20.961 
3 16 23.626 -6.353 2.413 1.555 -2.89 24.206 1.222 -4.288 24.251 
3 16 23.259 -7.683 2.468 23.626 -6.353 2.413 1.222 -4.288 24.251 
3 16 -24.02 -7.769 1.548 -23.756 -6.343 2.426 -24.214 -6.516 1.28 
3 16 -23.213 -7.647 2.662 -23.756 -6.343 2.426 -24.02 -7.769 1.548 
3 16 -1.522 -2.865 24.407 -23.213 -7.647 2.662 -1.418 -4.295 24.201 
3 16 -23.756 -6.343 2.426 -23.213 -7.647 2.662 -1.522 -2.865 24.407 
3 16 -22.772 -8.036 -0.142 -24.02 -7.769 1.548 -24.214 -6.516 1.28 
3 16 -23.107 -6.845 -0.337 -22.772 -8.036 -0.142 -24.214 -6.516 1.28 
3 16 -23.107 -6.845 -0.337 -2.27 -10.207 -20.892 -2.074 -11.224 -20.632 
3 16 -22.772 -8.036 -0.142 -23.107 -6.845 -0.337 -2.074 -11.224 -20.632 
3 16 -1.418 -4.295 24.201 -0.009 -4.049 25.272 -0.02 -2.712 25.19 
3 16 -1.522 -2.865 24.407 -1.418 -4.295 24.201 -0.02 -2.712 25.19 
3 16 1.222 -4.288 24.251 -1.418 -4.295 24.201 -22.772 -8.036 -0.142 
3 16 -0.009 -4.049 25.272 -1.418 -4.295 24.201 1.222 -4.288 24.251 
3 16 -1.418 -4.295 24.201 -23.213 -7.647 2.662 -22.772 -8.036 -0.142 
3 16 -24.02 -7.769 1.548 -22.772 -8.036 -0.142 -23.213 -7.647 2.662 
3 16 1.222 -4.288 24.251 -22.772 -8.036 -0.142 -2.074 -11.224 -20.632 
3 16 23.259 -7.683 2.468 1.222 -4.288 24.251 -2.074 -11.224 -20.632 
2 24 3.948 -7.698 2.457 3.255 -7.469 3.98 
2 24 1.966 -8.863 3.248 2.39 -9.016 2.307 
2 24 3.255 -7.469 3.98 1.987 -7.286 5.107 
2 24 1.191 -8.752 3.937 1.966 -8.863 3.248 
2 24 1.987 -7.286 5.107 -0.492 -7.202 5.627 
2 24 -0.326 -8.7 4.255 1.191 -8.752 3.937 
2 24 -0.492 -7.202 5.627 -2.808 -7.367 4.609 
2 24 -1.743 -8.801 3.633 -0.326 -8.7 4.255 
2 24 -2.808 -7.367 4.609 -4.1 -7.699 2.44 
2 24 -2.518 -9.016 2.307 -1.743 -8.801 3.633 
2 24 -2.356 -9.263 0.785 -2.518 -9.016 2.307 
2 24 -4.1 -7.699 2.44 -3.853 -8.085 -0.044 
2 24 -2.806 -8.308 -1.481 -2.272 -9.084 -0.436 
2 24 -3.853 -8.085 -0.044 -2.806 -8.308 -1.481 
2 24 -1.743 -9.398 -0.048 -2.356 -9.263 0.785 
2 24 -2.272 -9.084 -0.436 -1.388 -9.409 -0.457 
2 24 -0.023 -9.492 -0.706 -1.743 -9.398 -0.048 
2 24 -1.388 -9.409 -0.457 -0.67 -9.184 -1.357 
2 24 -0.089 -8.467 -2.502 0.224 -8.464 -2.477 
2 24 -0.67 -9.184 -1.357 -0.089 -8.467 -2.502 
2 24 0.224 -8.464 -2.477 2.688 -8.305 -1.432 
2 24 1.615 -9.398 -0.048 -0.023 -9.492 -0.706 
2 24 2.688 -8.305 -1.432 3.72 -8.088 -0.03 
2 24 2.228 -9.263 0.785 1.615 -9.398 -0.048 
2 24 3.72 -8.088 -0.03 3.948 -7.698 2.457 
2 24 2.39 -9.016 2.307 2.228 -9.263 0.785 
2 24 2.333 -0.04 -23.47 2.326 -6.303 -23.569 
2 24 2.993 -0.04 -23.719 2.333 -0.04 -23.47 
2 24 3.24 -0.04 -24.494 2.993 -0.04 -23.719 
2 24 2.993 -0.04 -25.234 3.24 -0.04 -24.494 
2 24 2.355 -7.234 -25.385 2.334 -0.04 -25.484 
2 24 2.334 -0.04 -25.484 2.993 -0.04 -25.234 
2 24 0.359 -0.04 -27.304 0.806 -0.04 -26.653 
2 24 0.806 -0.04 -26.653 0.781 -7.235 -26.589 
2 24 0.812 -6.303 -22.325 0.81 -0.04 -22.293 
2 24 0.81 -0.04 -22.293 0.359 -0.04 -21.634 
2 24 0.359 -0.04 -21.634 -0.953 -0.04 -21.634 
2 24 -0.953 -0.04 -21.634 -1.403 -0.04 -22.298 
2 24 -1.403 -0.04 -22.298 -1.363 -6.303 -22.365 
2 24 -3.843 -0.04 -24.492 -3.591 -0.04 -25.232 
2 24 -3.591 -0.04 -23.717 -3.843 -0.04 -24.492 
2 24 -2.899 -6.303 -23.584 -2.922 -0.04 -23.471 
2 24 -2.922 -0.04 -23.471 -3.591 -0.04 -23.717 
2 24 -2.931 -0.04 -25.48 -2.861 -7.25 -25.431 
2 24 -3.591 -0.04 -25.232 -2.931 -0.04 -25.48 
2 24 0.186 -8.532 -2.918 -0.089 -8.467 -2.502 
2 24 1.062 -8.664 -3.766 0.186 -8.532 -2.918 
2 24 3.132 -8.885 -5.182 1.062 -8.664 -3.766 
2 24 6.232 -10.254 -13.984 7.148 -9.692 -10.385 
2 24 2.008 -11.014 -18.849 3.741 -10.669 -16.658 
2 24 5.982 -9.25 -7.521 3.132 -8.885 -5.182 
2 24 7.148 -9.692 -10.385 5.982 -9.25 -7.521 
2 24 -2.806 -8.308 -1.481 -2.524 -8.571 -3.158 
2 24 3.961 -10.085 -12.903 1.759 -10.423 -15.077 
2 24 -2.524 -8.571 -3.158 -1.049 -8.892 -5.244 
2 24 -1.049 -8.892 -5.244 1.648 -9.198 -7.181 
2 24 1.648 -9.198 -7.181 4.038 -9.491 -9.088 
2 24 4.038 -9.491 -9.088 4.623 -9.714 -10.702 
2 24 1.759 -10.423 -15.077 -0.204 -10.823 -17.638 
2 24 -0.204 -10.823 -17.638 -2.074 -11.224 -20.632 
2 24 3.741 -10.669 -16.658 6.232 -10.254 -13.984 
2 24 4.623 -9.714 -10.702 3.961 -10.085 -12.903 
2 24 1.614 -0.04 -26.466 2.06 -0.04 -26.112 
2 24 2.06 -0.04 -26.112 2.334 -0.04 -25.484 
2 24 -2.931 -0.04 -25.48 -2.682 -0.04 -26.091 
2 24 -2.682 -0.04 -26.091 -2.242 -0.04 -26.448 
2 24 -1.407 -0.04 -26.658 -1.334 -7.234 -26.639 
2 24 -2.242 -0.04 -26.448 -1.407 -0.04 -26.658 
2 24 -1.403 -0.04 -22.298 -2.269 -0.04 -22.518 
2 24 -2.697 -0.04 -22.885 -2.922 -0.04 -23.471 
2 24 -2.269 -0.04 -22.518 -2.697 -0.04 -22.885 
2 24 2.333 -0.04 -23.47 2.086 -0.04 -22.864 
2 24 2.086 -0.04 -22.864 1.647 -0.04 -22.507 
2 24 1.647 -0.04 -22.507 0.81 -0.04 -22.293 
2 24 -1.407 -0.04 -26.658 -0.64 -0.04 -27.403 
2 24 -0.64 -0.04 -27.403 0.359 -0.04 -27.304 
2 24 -2.899 -6.303 -23.584 -3.061 -7.239 -23.313 
2 24 -2.27 -10.207 -20.892 -2.3 -8.333 -21.072 
2 24 1.98 -8.564 -21.271 2.069 -10.059 -20.961 
2 24 2.069 -10.059 -20.961 1.947 -11.223 -20.469 
2 24 -2.074 -11.224 -20.632 -2.27 -10.207 -20.892 
2 24 1.947 -11.223 -20.469 2.008 -11.014 -18.849 
2 24 0.828 -8.063 -19.369 2.492 -8.191 -20.109 
2 24 -1.194 -8.063 -19.436 0.828 -8.063 -19.369 
2 24 2.492 -8.191 -20.109 1.98 -8.564 -21.271 
2 24 -2.831 -8.165 -19.926 -1.194 -8.063 -19.436 
2 24 -2.3 -8.333 -21.072 -2.831 -8.165 -19.926 
2 24 1.614 -0.04 -26.466 0.806 -0.04 -26.653 
2 24 0 0 -8.998 4.499 0 -7.793 
2 24 4.602 -2.458 -7.971 0 -2.458 -9.205 
2 24 4.499 0 -7.793 7.793 0 -4.499 
2 24 7.971 -2.458 -4.602 4.602 -2.458 -7.971 
2 24 7.793 0 -4.499 8.998 -0.003 0 
2 24 9.205 -2.458 0 7.971 -2.458 -4.602 
2 24 8.998 -0.003 0 7.793 -0.003 4.499 
2 24 7.971 -2.458 4.602 9.205 -2.458 0 
2 24 7.793 -0.003 4.499 4.499 -0.003 7.793 
2 24 4.602 -2.458 7.971 7.971 -2.458 4.602 
2 24 4.499 -0.003 7.793 0 -0.003 8.998 
2 24 0 -2.458 9.205 4.602 -2.458 7.971 
2 24 0 -0.003 8.998 -4.499 -0.003 7.793 
2 24 -4.602 -2.458 7.971 0 -2.458 9.205 
2 24 -4.499 -0.003 7.793 -7.793 -0.003 4.499 
2 24 -7.971 -2.458 4.602 -4.602 -2.458 7.971 
2 24 -7.793 -0.003 4.499 -8.998 -0.003 0 
2 24 -9.205 -2.458 0 -7.971 -2.458 4.602 
2 24 -8.998 -0.003 0 -7.793 0 -4.499 
2 24 -7.971 -2.458 -4.602 -9.205 -2.458 0 
2 24 -7.793 0 -4.499 -4.499 0 -7.793 
2 24 -4.602 -2.458 -7.971 -7.971 -2.458 -4.602 
2 24 -4.499 0 -7.793 0 0 -8.998 
2 24 0 -2.458 -9.205 -4.602 -2.458 -7.971 
2 24 -11.202 5.811 6.445 -6.429 6.118 11.102 
2 24 -12.865 5.386 0 -11.202 5.811 6.445 
2 24 -11.202 4.961 -6.445 -12.865 5.386 0 
2 24 -6.429 4.654 -11.102 -11.202 4.961 -6.445 
2 24 0.006 4.536 -12.89 -6.429 4.654 -11.102 
2 24 6.442 4.654 -11.102 0.006 4.536 -12.89 
2 24 11.215 4.961 -6.445 6.442 4.654 -11.102 
2 24 12.878 5.386 0 11.215 4.961 -6.445 
2 24 11.215 5.811 6.445 12.878 5.386 0 
2 24 6.442 6.118 11.102 11.215 5.811 6.445 
2 24 0.006 6.236 12.89 6.442 6.118 11.102 
2 24 -6.429 6.118 11.102 0.006 6.236 12.89 
2 24 12.877 4.656 -7.401 7.396 4.304 -12.748 
2 24 14.786 5.144 0 12.877 4.656 -7.401 
2 24 12.877 5.632 7.401 14.786 5.144 0 
2 24 7.396 5.984 12.748 12.877 5.632 7.401 
2 24 0.006 6.119 14.801 7.396 5.984 12.748 
2 24 -7.384 5.984 12.748 0.006 6.119 14.801 
2 24 -12.864 5.632 7.401 -7.384 5.984 12.748 
2 24 -14.773 5.144 0 -12.864 5.632 7.401 
2 24 -12.864 4.656 -7.401 -14.773 5.144 0 
2 24 -7.384 4.304 -12.748 -12.864 4.656 -7.401 
2 24 0.006 4.168 -14.801 -7.384 4.304 -12.748 
2 24 7.396 4.304 -12.748 0.006 4.168 -14.801 
2 24 10.234 -5.173 -4.365 5.9 -5.623 -8.615 
2 24 11.774 -4.41 1.344 10.234 -5.173 -4.365 
2 24 10.396 -3.471 7.117 11.774 -4.41 1.344 
2 24 6.123 -2.889 11.621 10.396 -3.471 7.117 
2 24 0.192 -2.575 13.43 6.123 -2.889 11.621 
2 24 -5.82 -2.838 11.763 0.192 -2.575 13.43 
2 24 -10.294 -3.491 7.216 -5.82 -2.838 11.763 
2 24 -11.782 -4.424 1.38 -10.294 -3.491 7.216 
2 24 -10.16 -5.162 -4.471 -11.782 -4.424 1.38 
2 24 -5.763 -5.769 -8.755 -10.16 -5.162 -4.471 
2 24 0.092 -5.905 -10.373 -5.763 -5.769 -8.755 
2 24 5.9 -5.623 -8.615 0.092 -5.905 -10.373 
2 24 12.76 -4.898 1.646 11.278 -5.847 -4.558 
2 24 11.193 -3.935 7.754 12.76 -4.898 1.646 
2 24 6.57 -3.166 12.44 11.193 -3.935 7.754 
2 24 0.145 -2.819 14.387 6.57 -3.166 12.44 
2 24 -6.301 -3.131 12.628 0.145 -2.819 14.387 
2 24 -11.102 -3.903 7.901 -6.301 -3.131 12.628 
2 24 -12.745 -4.9 1.615 -11.102 -3.903 7.901 
2 24 -11.166 -5.872 -4.721 -12.745 -4.9 1.615 
2 24 -6.401 -6.568 -9.509 -11.166 -5.872 -4.721 
2 24 0.108 -6.801 -11.344 -6.401 -6.568 -9.509 
2 24 6.568 -6.562 -9.418 0.108 -6.801 -11.344 
2 24 11.278 -5.847 -4.558 6.568 -6.562 -9.418 
2 24 -6.563 -6.15 -6.563 6.563 -6.169 -6.563 
2 24 6.563 -6.169 -6.563 6.563 -4.142 6.563 
2 24 1.583 -1.438 23.829 23.622 -4.978 1.948 
2 24 6.563 -4.142 6.563 -6.563 -4.142 6.563 
2 24 -6.563 -4.142 6.563 -6.563 -6.15 -6.563 
2 24 -23.201 -5.331 -0.371 -2.3 -8.333 -21.072 
2 24 -2.3 -8.333 -21.072 -2.27 -10.207 -20.892 
2 24 -24.214 -6.516 1.28 -24.101 -5.143 1.017 
2 24 -24.101 -5.143 1.017 -23.201 -5.331 -0.371 
2 24 -23.772 -4.967 1.989 -24.101 -5.143 1.017 
2 24 -1.31 -1.339 24.236 -23.772 -4.967 1.989 
2 24 -0.02 -2.712 25.19 -0.035 -1.248 24.952 
2 24 -0.035 -1.248 24.952 -1.31 -1.339 24.236 
2 24 1.583 -1.438 23.829 -0.035 -1.248 24.952 
2 24 24.059 -6.503 1.297 23.969 -5.175 1.033 
2 24 23.969 -5.175 1.033 23.622 -4.978 1.948 
2 24 22.963 -5.379 -0.368 23.969 -5.175 1.033 
2 24 1.98 -8.564 -21.271 22.963 -5.379 -0.368 
2 24 -2.831 -8.165 -19.926 -2.3 -8.333 -21.072 
2 24 23.259 -7.683 2.468 23.941 -7.685 1.552 
2 24 23.941 -7.685 1.552 24.059 -6.503 1.297 
2 24 1.947 -11.223 -20.469 22.53 -8.068 -0.048 
2 24 22.53 -8.068 -0.048 23.941 -7.685 1.552 
2 24 -2.074 -11.224 -20.632 1.947 -11.223 -20.469 
2 24 -0.009 -4.049 25.272 1.222 -4.288 24.251 
2 24 -0.02 -2.712 25.19 -0.009 -4.049 25.272 
2 24 1.222 -4.288 24.251 23.259 -7.683 2.468 
2 24 -24.214 -6.516 1.28 -24.02 -7.769 1.548 
2 24 -24.02 -7.769 1.548 -23.213 -7.647 2.662 
2 24 -23.213 -7.647 2.662 -1.418 -4.295 24.201 
2 24 -22.772 -8.036 -0.142 -24.02 -7.769 1.548 
2 24 -2.074 -11.224 -20.632 -22.772 -8.036 -0.142 
2 24 -1.418 -4.295 24.201 -0.009 -4.049 25.272 

0 // Stud4
3 16 0 -0.007 -6.278 0 -5.219 -6.278 3.139 -0.007 -5.437 
3 16 0 -5.219 -6.278 3.139 -5.219 -5.437 3.139 -0.007 -5.437 
3 16 3.139 -0.007 -5.437 3.139 -5.219 -5.437 5.437 -0.007 -3.139 
3 16 3.139 -5.219 -5.437 5.437 -5.219 -3.139 5.437 -0.007 -3.139 
3 16 5.437 -0.007 -3.139 5.437 -5.219 -3.139 6.278 -0.007 0 
3 16 5.437 -5.219 -3.139 6.278 -5.219 0 6.278 -0.007 0 
3 16 6.278 -0.007 0 6.278 -5.219 0 5.437 -0.007 3.139 
3 16 6.278 -5.219 0 5.437 -5.219 3.139 5.437 -0.007 3.139 
3 16 5.437 -0.007 3.139 5.437 -5.219 3.139 3.139 -0.007 5.437 
3 16 5.437 -5.219 3.139 3.139 -5.219 5.437 3.139 -0.007 5.437 
3 16 3.139 -0.007 5.437 3.139 -5.219 5.437 0 -0.007 6.278 
3 16 3.139 -5.219 5.437 0 -5.219 6.278 0 -0.007 6.278 
3 16 0 -0.007 6.278 0 -5.219 6.278 -3.139 -0.007 5.437 
3 16 0 -5.219 6.278 -3.139 -5.219 5.437 -3.139 -0.007 5.437 
3 16 -3.139 -0.007 5.437 -3.139 -5.219 5.437 -5.437 -0.007 3.139 
3 16 -3.139 -5.219 5.437 -5.437 -5.219 3.139 -5.437 -0.007 3.139 
3 16 -5.437 -0.007 3.139 -5.437 -5.219 3.139 -6.278 -0.007 0 
3 16 -5.437 -5.219 3.139 -6.278 -5.219 0 -6.278 -0.007 0 
3 16 -6.278 -0.007 0 -6.278 -5.219 0 -5.437 -0.007 -3.139 
3 16 -6.278 -5.219 0 -5.437 -5.219 -3.139 -5.437 -0.007 -3.139 
3 16 -5.437 -0.007 -3.139 -5.437 -5.219 -3.139 -3.139 -0.007 -5.437 
3 16 -5.437 -5.219 -3.139 -3.139 -5.219 -5.437 -3.139 -0.007 -5.437 
3 16 -3.139 -0.007 -5.437 -3.139 -5.219 -5.437 0 -0.007 -6.278 
3 16 -3.139 -5.219 -5.437 0 -5.219 -6.278 0 -0.007 -6.278 
3 16 3.139 -0.007 -5.437 4.499 0 -7.793 0 -0.007 -6.278 
3 16 0 -0.007 -6.278 4.499 0 -7.793 0 0 -8.998 
3 16 5.437 -0.007 -3.139 7.793 0 -4.499 3.139 -0.007 -5.437 
3 16 3.139 -0.007 -5.437 7.793 0 -4.499 4.499 0 -7.793 
3 16 6.278 -0.007 0 8.998 -0.003 0 5.437 -0.007 -3.139 
3 16 5.437 -0.007 -3.139 8.998 -0.003 0 7.793 0 -4.499 
3 16 5.437 -0.007 3.139 7.793 -0.003 4.499 6.278 -0.007 0 
3 16 6.278 -0.007 0 7.793 -0.003 4.499 8.998 -0.003 0 
3 16 3.139 -0.007 5.437 4.499 -0.003 7.793 5.437 -0.007 3.139 
3 16 5.437 -0.007 3.139 4.499 -0.003 7.793 7.793 -0.003 4.499 
3 16 0 -0.007 6.278 0 -0.003 8.998 3.139 -0.007 5.437 
3 16 3.139 -0.007 5.437 0 -0.003 8.998 4.499 -0.003 7.793 
3 16 -3.139 -0.007 5.437 -4.499 -0.003 7.793 0 -0.007 6.278 
3 16 0 -0.007 6.278 -4.499 -0.003 7.793 0 -0.003 8.998 
3 16 -5.437 -0.007 3.139 -7.793 -0.003 4.499 -3.139 -0.007 5.437 
3 16 -3.139 -0.007 5.437 -7.793 -0.003 4.499 -4.499 -0.003 7.793 
3 16 -6.278 -0.007 0 -8.998 -0.003 0 -5.437 -0.007 3.139 
3 16 -5.437 -0.007 3.139 -8.998 -0.003 0 -7.793 -0.003 4.499 
3 16 -5.437 -0.007 -3.139 -7.793 0 -4.499 -6.278 -0.007 0 
3 16 -6.278 -0.007 0 -7.793 0 -4.499 -8.998 -0.003 0 
3 16 -3.139 -0.007 -5.437 -4.499 0 -7.793 -5.437 -0.007 -3.139 
3 16 -5.437 -0.007 -3.139 -4.499 0 -7.793 -7.793 0 -4.499 
3 16 0 -0.007 -6.278 0 0 -8.998 -3.139 -0.007 -5.437 
3 16 -3.139 -0.007 -5.437 0 0 -8.998 -4.499 0 -7.793 
3 16 3.139 -5.219 5.437 0 -5.219 0 0 -5.219 6.278 
3 16 0 -5.219 6.278 0 -5.219 0 -3.139 -5.219 5.437 
3 16 -3.139 -5.219 5.437 0 -5.219 0 -5.437 -5.219 3.139 
3 16 5.437 -5.219 3.139 0 -5.219 0 3.139 -5.219 5.437 
3 16 5.437 -5.219 3.139 6.278 -5.219 0 0 -5.219 0 
3 16 -5.437 -5.219 -3.139 -6.278 -5.219 0 0 -5.219 0 
3 16 0 -5.219 0 -3.139 -5.219 -5.437 -5.437 -5.219 -3.139 
3 16 0 -5.219 0 0 -5.219 -6.278 -3.139 -5.219 -5.437 
3 16 0 -5.219 0 3.139 -5.219 -5.437 0 -5.219 -6.278 
3 16 0 -5.219 0 5.437 -5.219 -3.139 3.139 -5.219 -5.437 
3 16 -6.278 -5.219 0 -5.437 -5.219 3.139 0 -5.219 0 
3 16 6.278 -5.219 0 5.437 -5.219 -3.139 0 -5.219 0 
2 24 3.139 -0.007 -5.437 0 -0.007 -6.278 
2 24 0 -5.219 -6.278 3.139 -5.219 -5.437 
2 24 5.437 -0.007 -3.139 3.139 -0.007 -5.437 
2 24 3.139 -5.219 -5.437 5.437 -5.219 -3.139 
2 24 6.278 -0.007 0 5.437 -0.007 -3.139 
2 24 5.437 -5.219 -3.139 6.278 -5.219 0 
2 24 5.437 -0.007 3.139 6.278 -0.007 0 
2 24 6.278 -5.219 0 5.437 -5.219 3.139 
2 24 3.139 -0.007 5.437 5.437 -0.007 3.139 
2 24 5.437 -5.219 3.139 3.139 -5.219 5.437 
2 24 0 -0.007 6.278 3.139 -0.007 5.437 
2 24 3.139 -5.219 5.437 0 -5.219 6.278 
2 24 -3.139 -0.007 5.437 0 -0.007 6.278 
2 24 0 -5.219 6.278 -3.139 -5.219 5.437 
2 24 -5.437 -0.007 3.139 -3.139 -0.007 5.437 
2 24 -3.139 -5.219 5.437 -5.437 -5.219 3.139 
2 24 -6.278 -0.007 0 -5.437 -0.007 3.139 
2 24 -5.437 -5.219 3.139 -6.278 -5.219 0 
2 24 -5.437 -0.007 -3.139 -6.278 -0.007 0 
2 24 -6.278 -5.219 0 -5.437 -5.219 -3.139 
2 24 -3.139 -0.007 -5.437 -5.437 -0.007 -3.139 
2 24 -5.437 -5.219 -3.139 -3.139 -5.219 -5.437 
2 24 0 -0.007 -6.278 -3.139 -0.007 -5.437 
2 24 -3.139 -5.219 -5.437 0 -5.219 -6.278 
2 24 4.499 0 -7.793 0 0 -8.998 
2 24 7.793 0 -4.499 4.499 0 -7.793 
2 24 8.998 -0.003 0 7.793 0 -4.499 
2 24 7.793 -0.003 4.499 8.998 -0.003 0 
2 24 4.499 -0.003 7.793 7.793 -0.003 4.499 
2 24 0 -0.003 8.998 4.499 -0.003 7.793 
2 24 -4.499 -0.003 7.793 0 -0.003 8.998 
2 24 -7.793 -0.003 4.499 -4.499 -0.003 7.793 
2 24 -8.998 -0.003 0 -7.793 -0.003 4.499 
2 24 -7.793 0 -4.499 -8.998 -0.003 0 
2 24 -4.499 0 -7.793 -7.793 0 -4.499 
2 24 0 0 -8.998 -4.499 0 -7.793 

