0 FILE 973pb0307.dat
0 Torso Shirt Front Seamed with Patch Pockets Pattern
0 Name:  973pb0307.dat
0 Author:  
0 BL_Item_No 973pb0307
0 BFC CERTIFY CCW
3 16 19.000 32.000 10.000 -19.000 32.000 10.000 -19.000 29.000 10.000
3 16 -19.000 29.000 10.000 19.000 29.000 10.000 19.000 32.000 10.000
3 16 14.345 2.000 10.000 19.000 29.000 10.000 -19.000 29.000 10.000
3 16 -19.000 29.000 10.000 -14.345 2.000 10.000 14.345 2.000 10.000
3 16 -12.000 0.000 10.000 12.000 0.000 10.000 14.345 2.000 10.000
3 16 14.345 2.000 10.000 -14.345 2.000 10.000 -12.000 0.000 10.000
3 16 -6.450 13.250 -10.000 -6.500 18.600 -10.000 -6.400 12.250 -10.000
3 16 -6.450 13.250 -10.000 -6.800 13.500 -10.000 -7.250 14.250 -10.000
3 16 -7.250 14.250 -10.000 -6.500 18.600 -10.000 -6.450 13.250 -10.000
3 16 -7.250 14.250 -10.000 -6.800 13.500 -10.000 -7.150 13.650 -10.000
3 16 -9.100 14.050 -10.000 -9.750 14.000 -10.000 -9.750 18.600 -10.000
3 16 -9.750 18.600 -10.000 -9.050 14.250 -10.000 -9.100 14.050 -10.000
3 16 -9.050 14.250 -10.000 -9.750 18.600 -10.000 -8.850 14.500 -10.000
3 16 -8.850 14.500 -10.000 -9.750 18.600 -10.000 -8.500 14.750 -10.000
3 16 -8.500 14.750 -10.000 -8.700 14.600 -10.000 -8.850 14.500 -10.000
3 16 -9.750 18.600 -10.000 -6.500 18.600 -10.000 -7.650 14.750 -10.000
3 16 -7.650 14.750 -10.000 -8.500 14.750 -10.000 -9.750 18.600 -10.000
3 16 -6.500 18.600 -10.000 -7.400 14.550 -10.000 -7.650 14.750 -10.000
3 16 -6.500 18.600 -10.000 -7.250 14.250 -10.000 -7.400 14.550 -10.000
3 16 -3.950 18.650 -10.000 -3.850 18.550 -10.000 -5.888 13.812 -10.000
3 16 -5.888 13.812 -10.000 -6.000 18.600 -10.000 -3.950 18.650 -10.000
3 16 -5.888 13.812 -10.000 -3.850 18.550 -10.000 -5.300 12.800 -10.000
3 16 -5.300 12.800 -10.000 -5.500 12.950 -10.000 -5.888 13.812 -10.000
3 16 -5.300 12.800 -10.000 -3.850 18.550 -10.000 -4.000 12.700 -10.000
3 16 -4.000 12.700 -10.000 -4.750 12.700 -10.000 -5.300 12.800 -10.000
3 16 -3.711 12.772 -10.000 -4.000 12.700 -10.000 -3.850 18.550 -10.000
3 16 -12.404 12.846 -10.000 -12.450 13.400 -10.000 -10.500 16.150 -10.000
3 16 -10.500 16.150 -10.000 -10.650 12.800 -10.000 -12.404 12.846 -10.000
3 16 -12.450 13.400 -10.000 -12.500 18.000 -10.000 -10.250 18.600 -10.000
3 16 -10.250 18.600 -10.000 -10.500 16.150 -10.000 -12.450 13.400 -10.000
3 16 -12.450 18.550 -10.000 -10.250 18.600 -10.000 -12.500 18.000 -10.000
3 16 -12.900 11.550 -10.000 -10.250 11.500 -10.000 -8.400 8.900 -10.000
3 16 -8.400 8.900 -10.000 -12.800 8.950 -10.000 -12.900 11.550 -10.000
3 16 -8.050 11.500 -10.000 -8.400 8.900 -10.000 -10.250 11.500 -10.000
3 16 -8.050 11.500 -10.000 -6.000 11.500 -10.000 -5.050 8.950 -10.000
3 16 -5.050 8.950 -10.000 -8.400 8.900 -10.000 -8.050 11.500 -10.000
3 16 -6.000 11.500 -10.000 -4.450 11.550 -10.000 -3.100 9.000 -10.000
3 16 -3.100 9.000 -10.000 -5.050 8.950 -10.000 -6.000 11.500 -10.000
3 16 -4.450 11.550 -10.000 -3.050 11.650 -10.000 -3.100 9.000 -10.000
3 16 -14.345 2.000 -10.000 -13.400 8.400 -10.000 -8.450 8.400 -10.000
3 16 -8.450 8.400 -10.000 -12.000 0.000 -10.000 -14.345 2.000 -10.000
3 16 -7.150 1.000 -10.000 -8.450 8.400 -10.000 -6.150 1.500 -10.000
3 16 -6.150 1.500 -10.000 -8.450 8.400 -10.000 -4.650 1.950 -10.000
3 16 -4.650 1.950 -10.000 -8.450 8.400 -10.000 -5.200 8.450 -10.000
3 16 -5.200 8.450 -10.000 -3.200 2.250 -10.000 -4.650 1.950 -10.000
3 16 -3.200 2.250 -10.000 -5.200 8.450 -10.000 -1.800 2.550 -10.000
3 16 -1.800 2.550 -10.000 -2.050 2.350 -10.000 -3.200 2.250 -10.000
3 16 -1.650 3.000 -10.000 -1.800 2.550 -10.000 -5.200 8.450 -10.000
3 16 -1.400 3.500 -10.000 -1.650 3.000 -10.000 -5.200 8.450 -10.000
3 16 -1.050 3.900 -10.000 -1.400 3.500 -10.000 -5.200 8.450 -10.000
3 16 -0.650 4.150 -10.000 -1.050 3.900 -10.000 -5.200 8.450 -10.000
3 16 -0.650 4.150 -10.000 -5.200 8.450 -10.000 -2.500 8.550 -10.000
3 16 -2.500 8.550 -10.000 -0.300 4.300 -10.000 -0.650 4.150 -10.000
3 16 -2.500 8.550 -10.000 -2.500 11.750 -10.000 -0.300 31.500 -10.000
3 16 -0.300 31.500 -10.000 -0.300 4.300 -10.000 -2.500 8.550 -10.000
3 16 -2.600 12.050 -10.000 -0.300 31.500 -10.000 -2.500 11.750 -10.000
3 16 -2.800 12.200 -10.000 -0.300 31.500 -10.000 -2.600 12.050 -10.000
3 16 -2.800 12.200 -10.000 -3.000 12.300 -10.000 -3.150 18.850 -10.000
3 16 -3.150 18.850 -10.000 -0.300 31.500 -10.000 -2.800 12.200 -10.000
3 16 -0.300 31.500 -10.000 -3.150 18.850 -10.000 -3.200 19.050 -10.000
3 16 -0.300 31.500 -10.000 -3.200 19.050 -10.000 -3.400 19.200 -10.000
3 16 -0.300 31.500 -10.000 -3.400 19.200 -10.000 -3.600 19.300 -10.000
3 16 -3.600 19.300 -10.000 -6.150 19.250 -10.000 -10.000 26.600 -10.000
3 16 -10.000 26.600 -10.000 -0.300 31.500 -10.000 -3.600 19.300 -10.000
3 16 6.400 12.250 -10.000 6.500 18.600 -10.000 6.450 13.250 -10.000
3 16 6.450 13.250 -10.000 6.500 18.600 -10.000 7.250 14.250 -10.000
3 16 7.250 14.250 -10.000 6.800 13.500 -10.000 6.450 13.250 -10.000
3 16 7.250 14.250 -10.000 7.150 13.650 -10.000 6.800 13.500 -10.000
3 16 9.100 14.050 -10.000 9.050 14.250 -10.000 9.750 18.600 -10.000
3 16 9.750 18.600 -10.000 9.750 14.000 -10.000 9.100 14.050 -10.000
3 16 9.750 18.600 -10.000 9.050 14.250 -10.000 8.850 14.500 -10.000
3 16 8.850 14.500 -10.000 8.700 14.600 -10.000 8.500 14.750 -10.000
3 16 8.500 14.750 -10.000 9.750 18.600 -10.000 8.850 14.500 -10.000
3 16 9.750 18.600 -10.000 8.500 14.750 -10.000 7.650 14.750 -10.000
3 16 7.650 14.750 -10.000 6.500 18.600 -10.000 9.750 18.600 -10.000
3 16 6.500 18.600 -10.000 7.650 14.750 -10.000 7.400 14.550 -10.000
3 16 6.500 18.600 -10.000 7.400 14.550 -10.000 7.250 14.250 -10.000
3 16 3.950 18.650 -10.000 6.000 18.600 -10.000 5.888 13.812 -10.000
3 16 5.888 13.812 -10.000 3.850 18.550 -10.000 3.950 18.650 -10.000
3 16 5.888 13.812 -10.000 5.500 12.950 -10.000 5.300 12.800 -10.000
3 16 5.300 12.800 -10.000 3.850 18.550 -10.000 5.888 13.812 -10.000
3 16 5.300 12.800 -10.000 4.750 12.700 -10.000 4.000 12.700 -10.000
3 16 4.000 12.700 -10.000 3.850 18.550 -10.000 5.300 12.800 -10.000
3 16 3.711 12.772 -10.000 3.850 18.550 -10.000 4.000 12.700 -10.000
3 16 12.404 12.846 -10.000 10.650 12.800 -10.000 10.500 16.150 -10.000
3 16 10.500 16.150 -10.000 12.450 13.400 -10.000 12.404 12.846 -10.000
3 16 12.450 13.400 -10.000 10.500 16.150 -10.000 10.250 18.600 -10.000
3 16 10.250 18.600 -10.000 12.500 18.000 -10.000 12.450 13.400 -10.000
3 16 12.500 18.000 -10.000 10.250 18.600 -10.000 12.450 18.550 -10.000
3 16 12.900 11.550 -10.000 12.800 8.950 -10.000 8.400 8.900 -10.000
3 16 8.400 8.900 -10.000 10.250 11.500 -10.000 12.900 11.550 -10.000
3 16 8.050 11.500 -10.000 10.250 11.500 -10.000 8.400 8.900 -10.000
3 16 8.050 11.500 -10.000 8.400 8.900 -10.000 5.050 8.950 -10.000
3 16 5.050 8.950 -10.000 6.000 11.500 -10.000 8.050 11.500 -10.000
3 16 6.000 11.500 -10.000 5.050 8.950 -10.000 3.100 9.000 -10.000
3 16 3.100 9.000 -10.000 4.450 11.550 -10.000 6.000 11.500 -10.000
3 16 3.100 9.000 -10.000 3.050 11.650 -10.000 4.450 11.550 -10.000
3 16 7.150 1.000 -10.000 6.150 1.500 -10.000 8.450 8.400 -10.000
3 16 6.150 1.500 -10.000 4.650 1.950 -10.000 8.450 8.400 -10.000
3 16 4.650 1.950 -10.000 3.200 2.250 -10.000 5.200 8.450 -10.000
3 16 5.200 8.450 -10.000 8.450 8.400 -10.000 4.650 1.950 -10.000
3 16 3.200 2.250 -10.000 2.050 2.350 -10.000 1.800 2.550 -10.000
3 16 1.800 2.550 -10.000 5.200 8.450 -10.000 3.200 2.250 -10.000
3 16 5.200 8.450 -10.000 1.800 2.550 -10.000 1.650 3.000 -10.000
3 16 5.200 8.450 -10.000 1.650 3.000 -10.000 1.400 3.500 -10.000
3 16 5.200 8.450 -10.000 1.400 3.500 -10.000 1.050 3.900 -10.000
3 16 5.200 8.450 -10.000 1.050 3.900 -10.000 0.650 4.150 -10.000
3 16 0.650 4.150 -10.000 0.300 4.300 -10.000 2.500 8.550 -10.000
3 16 2.500 8.550 -10.000 5.200 8.450 -10.000 0.650 4.150 -10.000
3 16 2.500 8.550 -10.000 0.300 4.300 -10.000 0.300 31.500 -10.000
3 16 0.300 31.500 -10.000 2.500 11.750 -10.000 2.500 8.550 -10.000
3 16 0.300 31.500 -10.000 2.600 12.050 -10.000 2.500 11.750 -10.000
3 16 0.300 31.500 -10.000 2.800 12.200 -10.000 2.600 12.050 -10.000
3 16 2.800 12.200 -10.000 0.300 31.500 -10.000 3.150 18.850 -10.000
3 16 3.150 18.850 -10.000 3.000 12.300 -10.000 2.800 12.200 -10.000
3 16 3.200 19.050 -10.000 3.150 18.850 -10.000 0.300 31.500 -10.000
3 16 3.400 19.200 -10.000 3.200 19.050 -10.000 0.300 31.500 -10.000
3 16 3.600 19.300 -10.000 3.400 19.200 -10.000 0.300 31.500 -10.000
3 16 3.600 19.300 -10.000 0.300 31.500 -10.000 10.100 27.600 -10.000
3 16 10.100 27.600 -10.000 6.150 19.250 -10.000 3.600 19.300 -10.000
3 16 14.345 2.000 -10.000 12.000 0.000 -10.000 8.450 8.400 -10.000
3 16 8.450 8.400 -10.000 13.400 8.400 -10.000 14.345 2.000 -10.000
3 16 13.400 8.400 -10.000 13.800 11.750 -10.000 17.500 26.250 -10.000
3 16 17.500 26.250 -10.000 14.345 2.000 -10.000 13.400 8.400 -10.000
3 16 -13.400 8.400 -10.000 -14.345 2.000 -10.000 -17.350 25.150 -10.000
3 16 -17.350 25.150 -10.000 -13.800 11.750 -10.000 -13.400 8.400 -10.000
3 16 -17.500 25.400 -10.000 -16.200 27.300 -10.000 -16.000 27.150 -10.000
3 16 -16.000 27.150 -10.000 -16.250 26.000 -10.000 -17.500 25.400 -10.000
3 16 -16.250 26.000 -10.000 -16.000 27.150 -10.000 -15.200 27.500 -10.000
3 16 -15.200 27.500 -10.000 -14.750 26.550 -10.000 -16.250 26.000 -10.000
3 16 -15.200 27.500 -10.000 -13.900 27.950 -10.000 -13.050 27.000 -10.000
3 16 -13.050 27.000 -10.000 -14.750 26.550 -10.000 -15.200 27.500 -10.000
3 16 -13.900 27.950 -10.000 -12.700 28.300 -10.000 -11.850 27.150 -10.000
3 16 -11.850 27.150 -10.000 -13.050 27.000 -10.000 -13.900 27.950 -10.000
3 16 -12.700 28.300 -10.000 -11.450 28.500 -10.000 -11.000 27.200 -10.000
3 16 -11.000 27.200 -10.000 -11.850 27.150 -10.000 -12.700 28.300 -10.000
3 16 -11.450 28.500 -10.000 -10.250 28.700 -10.000 -10.250 27.000 -10.000
3 16 -10.250 27.000 -10.000 -11.000 27.200 -10.000 -11.450 28.500 -10.000
3 16 -10.250 27.000 -10.000 -10.250 28.700 -10.000 -0.300 31.500 -10.000
3 16 -0.300 31.500 -10.000 -10.000 26.850 -10.000 -10.250 27.000 -10.000
3 16 -0.300 31.500 -10.000 -10.250 28.700 -10.000 -10.550 29.350 -10.000
3 16 -0.300 31.500 -10.000 -10.550 29.350 -10.000 -11.100 29.300 -10.000
3 16 -11.100 29.300 -10.000 -19.000 32.000 -10.000 -0.300 31.500 -10.000
3 16 -12.350 29.050 -10.000 -19.000 32.000 -10.000 -11.100 29.300 -10.000
3 16 -13.800 28.600 -10.000 -19.000 32.000 -10.000 -12.350 29.050 -10.000
3 16 -15.300 27.950 -10.000 -19.000 32.000 -10.000 -13.800 28.600 -10.000
3 16 -15.300 27.950 -10.000 -16.200 27.300 -10.000 -19.000 29.000 -10.000
3 16 -19.000 29.000 -10.000 -19.000 32.000 -10.000 -15.300 27.950 -10.000
3 16 -19.000 29.000 -10.000 -16.200 27.300 -10.000 -17.500 25.400 -10.000
3 16 -17.350 25.150 -10.000 -16.100 25.650 -10.000 -13.150 18.950 -10.000
3 16 -13.150 18.950 -10.000 -13.200 18.650 -10.000 -17.350 25.150 -10.000
3 16 -12.950 19.150 -10.000 -13.150 18.950 -10.000 -16.100 25.650 -10.000
3 16 -12.950 19.150 -10.000 -16.100 25.650 -10.000 -14.700 26.100 -10.000
3 16 -14.700 26.100 -10.000 -12.450 19.200 -10.000 -12.950 19.150 -10.000
3 16 -14.700 26.100 -10.000 -13.150 26.450 -10.000 -10.000 19.250 -10.000
3 16 -10.000 19.250 -10.000 -12.450 19.200 -10.000 -14.700 26.100 -10.000
3 16 -13.150 26.450 -10.000 -11.900 26.650 -10.000 -10.800 26.650 -10.000
3 16 -10.800 26.650 -10.000 -10.000 19.250 -10.000 -13.150 26.450 -10.000
3 16 -10.800 26.650 -10.000 -10.000 26.600 -10.000 -6.150 19.250 -10.000
3 16 -6.150 19.250 -10.000 -10.000 19.250 -10.000 -10.800 26.650 -10.000
3 16 -10.000 26.600 -10.000 -10.000 26.850 -10.000 -0.300 31.500 -10.000
3 16 -13.350 17.850 -10.000 -17.350 25.150 -10.000 -13.200 18.650 -10.000
3 16 -13.400 16.300 -10.000 -17.350 25.150 -10.000 -13.350 17.850 -10.000
3 16 -13.400 16.300 -10.000 -13.450 12.600 -10.000 -13.650 12.450 -10.000
3 16 -13.650 12.450 -10.000 -17.350 25.150 -10.000 -13.400 16.300 -10.000
3 16 -17.350 25.150 -10.000 -13.650 12.450 -10.000 -13.800 12.200 -10.000
3 16 -17.350 25.150 -10.000 -13.800 12.200 -10.000 -13.800 11.750 -10.000
3 16 -17.500 25.400 -10.000 -17.350 25.150 -10.000 -14.345 2.000 -10.000
3 16 -19.000 29.000 -10.000 -17.500 25.400 -10.000 -14.345 2.000 -10.000
3 16 11.100 27.900 -10.000 10.700 27.700 -10.000 10.550 28.400 -10.000
3 16 10.550 28.400 -10.000 10.900 28.150 -10.000 11.100 27.900 -10.000
3 16 10.700 27.700 -10.000 10.100 27.600 -10.000 0.300 31.500 -10.000
3 16 0.300 31.500 -10.000 10.550 28.400 -10.000 10.700 27.700 -10.000
3 16 10.550 28.400 -10.000 0.300 31.500 -10.000 14.300 29.450 -10.000
3 16 14.300 29.450 -10.000 14.200 29.250 -10.000 10.550 28.400 -10.000
3 16 0.300 31.500 -10.000 19.000 32.000 -10.000 14.300 29.450 -10.000
3 16 14.300 29.450 -10.000 19.000 32.000 -10.000 15.950 29.000 -10.000
3 16 15.950 29.000 -10.000 19.000 32.000 -10.000 17.250 28.600 -10.000
3 16 17.250 28.600 -10.000 19.000 32.000 -10.000 19.000 29.000 -10.000
3 16 19.000 29.000 -10.000 17.850 28.300 -10.000 17.250 28.600 -10.000
3 16 19.000 29.000 -10.000 17.850 27.600 -10.000 17.850 28.300 -10.000
3 16 17.850 27.600 -10.000 19.000 29.000 -10.000 14.345 2.000 -10.000
3 16 14.345 2.000 -10.000 17.650 26.550 -10.000 17.850 27.600 -10.000
3 16 17.650 26.550 -10.000 16.200 27.200 -10.000 17.300 27.950 -10.000
3 16 17.300 27.950 -10.000 17.850 27.600 -10.000 17.650 26.550 -10.000
3 16 17.300 27.950 -10.000 16.200 27.200 -10.000 14.700 27.700 -10.000
3 16 14.700 27.700 -10.000 16.500 28.350 -10.000 17.300 27.950 -10.000
3 16 16.500 28.350 -10.000 14.700 27.700 -10.000 14.200 29.250 -10.000
3 16 14.200 29.250 -10.000 15.400 28.850 -10.000 16.500 28.350 -10.000
3 16 14.700 27.700 -10.000 13.200 28.000 -10.000 14.200 29.250 -10.000
3 16 13.200 28.000 -10.000 11.700 28.250 -10.000 11.150 28.350 -10.000
3 16 11.150 28.350 -10.000 14.200 29.250 -10.000 13.200 28.000 -10.000
3 16 10.550 28.400 -10.000 14.200 29.250 -10.000 11.150 28.350 -10.000
3 16 6.150 19.250 -10.000 10.100 27.600 -10.000 10.000 19.250 -10.000
3 16 10.000 19.250 -10.000 10.100 27.600 -10.000 11.000 27.350 -10.000
3 16 11.000 27.350 -10.000 12.450 19.200 -10.000 10.000 19.250 -10.000
3 16 11.600 27.300 -10.000 12.450 19.200 -10.000 11.000 27.350 -10.000
3 16 11.600 27.300 -10.000 13.250 27.250 -10.000 14.900 27.050 -10.000
3 16 14.900 27.050 -10.000 12.450 19.200 -10.000 11.600 27.300 -10.000
3 16 14.900 27.050 -10.000 16.200 26.750 -10.000 17.500 26.250 -10.000
3 16 17.500 26.250 -10.000 12.450 19.200 -10.000 14.900 27.050 -10.000
3 16 12.450 19.200 -10.000 17.500 26.250 -10.000 12.950 19.150 -10.000
3 16 12.950 19.150 -10.000 17.500 26.250 -10.000 13.150 18.950 -10.000
3 16 13.150 18.950 -10.000 17.500 26.250 -10.000 13.350 17.850 -10.000
3 16 13.350 17.850 -10.000 13.200 18.650 -10.000 13.150 18.950 -10.000
3 16 17.500 26.250 -10.000 13.400 16.300 -10.000 13.350 17.850 -10.000
3 16 13.400 16.300 -10.000 17.500 26.250 -10.000 13.650 12.450 -10.000
3 16 13.650 12.450 -10.000 13.450 12.600 -10.000 13.400 16.300 -10.000
3 16 13.800 12.200 -10.000 13.650 12.450 -10.000 17.500 26.250 -10.000
3 16 13.800 11.750 -10.000 13.800 12.200 -10.000 17.500 26.250 -10.000
3 16 14.345 2.000 -10.000 17.500 26.250 -10.000 17.650 26.550 -10.000
3 16 -12.000 0.000 -10.000 -7.846 0.500 -10.000 -6.850 0.500 -10.000
3 16 -6.850 0.500 -10.000 6.850 0.500 -10.000 12.000 0.000 -10.000
3 16 12.000 0.000 -10.000 -12.000 0.000 -10.000 -6.850 0.500 -10.000
3 16 6.850 0.500 -10.000 7.846 0.500 -10.000 12.000 0.000 -10.000
3 16 -12.000 0.000 -10.000 -8.450 8.400 -10.000 -7.150 1.000 -10.000
3 16 -7.150 1.000 -10.000 -7.846 0.500 -10.000 -12.000 0.000 -10.000
3 16 7.150 1.000 -10.000 8.450 8.400 -10.000 12.000 0.000 -10.000
3 16 12.000 0.000 -10.000 7.846 0.500 -10.000 7.150 1.000 -10.000
3 16 -19.000 32.000 -10.000 19.000 32.000 -10.000 0.300 31.500 -10.000
3 16 0.300 31.500 -10.000 -0.300 31.500 -10.000 -19.000 32.000 -10.000
3 0 0.000 3.750 -10.000 -0.250 3.700 -10.000 -0.650 4.150 -10.000
3 0 -0.650 4.150 -10.000 -0.300 4.300 -10.000 0.000 3.750 -10.000
3 0 -0.250 3.700 -10.000 -0.500 3.600 -10.000 -1.050 3.900 -10.000
3 0 -1.050 3.900 -10.000 -0.650 4.150 -10.000 -0.250 3.700 -10.000
3 0 -0.500 3.600 -10.000 -0.800 3.300 -10.000 -1.400 3.500 -10.000
3 0 -1.400 3.500 -10.000 -1.050 3.900 -10.000 -0.500 3.600 -10.000
3 0 -0.800 3.300 -10.000 -1.100 2.800 -10.000 -1.650 3.000 -10.000
3 0 -1.650 3.000 -10.000 -1.400 3.500 -10.000 -0.800 3.300 -10.000
3 0 -1.650 3.000 -10.000 -1.100 2.800 -10.000 -1.200 1.800 -10.000
3 0 -1.200 1.800 -10.000 -1.800 2.550 -10.000 -1.650 3.000 -10.000
3 0 -1.800 2.550 -10.000 -1.200 1.800 -10.000 -2.050 2.350 -10.000
3 0 -1.200 1.800 -10.000 -3.700 1.500 -10.000 -3.200 2.250 -10.000
3 0 -3.200 2.250 -10.000 -2.050 2.350 -10.000 -1.200 1.800 -10.000
3 0 -3.200 2.250 -10.000 -3.700 1.500 -10.000 -5.300 1.200 -10.000
3 0 -5.300 1.200 -10.000 -4.650 1.950 -10.000 -3.200 2.250 -10.000
3 0 -4.650 1.950 -10.000 -5.300 1.200 -10.000 -6.400 0.800 -10.000
3 0 -6.400 0.800 -10.000 -6.150 1.500 -10.000 -4.650 1.950 -10.000
3 0 -6.150 1.500 -10.000 -6.400 0.800 -10.000 -6.850 0.500 -10.000
3 0 -6.850 0.500 -10.000 -7.150 1.000 -10.000 -6.150 1.500 -10.000
3 15 -8.200 12.000 -10.000 -8.200 12.250 -10.000 -7.850 12.250 -10.000
3 15 -7.850 12.250 -10.000 -7.850 12.000 -10.000 -8.200 12.000 -10.000
3 14 -8.700 12.650 -10.000 -8.700 12.000 -10.000 -9.100 12.000 -10.000
3 14 -9.100 12.000 -10.000 -9.100 13.050 -10.000 -8.700 12.650 -10.000
3 14 -8.700 12.650 -10.000 -9.100 13.050 -10.000 -7.000 13.050 -10.000
3 14 -7.000 13.050 -10.000 -7.450 12.650 -10.000 -8.700 12.650 -10.000
3 14 -7.450 12.650 -10.000 -7.000 13.050 -10.000 -7.000 12.000 -10.000
3 14 -7.000 12.000 -10.000 -7.450 12.000 -10.000 -7.450 12.650 -10.000
3 0 -9.100 12.000 -10.000 -9.550 12.250 -10.000 -9.550 13.300 -10.000
3 0 -9.550 13.300 -10.000 -9.100 13.050 -10.000 -9.100 12.000 -10.000
3 0 -9.550 13.300 -10.000 -9.400 13.550 -10.000 -8.700 13.600 -10.000
3 0 -8.700 13.600 -10.000 -9.100 13.050 -10.000 -9.550 13.300 -10.000
3 0 -9.100 13.050 -10.000 -8.700 13.600 -10.000 -8.500 13.650 -10.000
3 0 -8.500 13.650 -10.000 -7.000 13.050 -10.000 -9.100 13.050 -10.000
3 0 -8.500 13.650 -10.000 -7.150 13.650 -10.000 -6.800 13.500 -10.000
3 0 -6.800 13.500 -10.000 -7.000 13.050 -10.000 -8.500 13.650 -10.000
3 0 -6.800 13.500 -10.000 -6.600 13.300 -10.000 -6.550 13.000 -10.000
3 0 -6.550 13.000 -10.000 -7.000 13.050 -10.000 -6.800 13.500 -10.000
3 0 -7.000 13.050 -10.000 -6.550 13.000 -10.000 -6.550 12.250 -10.000
3 0 -6.550 12.250 -10.000 -7.000 12.000 -10.000 -7.000 13.050 -10.000
3 0 -8.500 13.650 -10.000 -8.700 14.100 -10.000 -7.250 14.250 -10.000
3 0 -7.250 14.250 -10.000 -7.150 13.650 -10.000 -8.500 13.650 -10.000
3 0 -7.250 14.250 -10.000 -8.700 14.100 -10.000 -8.800 14.400 -10.000
3 0 -8.800 14.400 -10.000 -7.400 14.550 -10.000 -7.250 14.250 -10.000
3 0 -8.800 14.400 -10.000 -8.700 14.600 -10.000 -7.650 14.750 -10.000
3 0 -7.650 14.750 -10.000 -7.400 14.550 -10.000 -8.800 14.400 -10.000
3 0 -8.500 14.750 -10.000 -7.650 14.750 -10.000 -8.700 14.600 -10.000
3 0 -8.700 12.650 -10.000 -8.200 12.250 -10.000 -8.200 12.000 -10.000
3 0 -8.200 12.000 -10.000 -8.700 12.000 -10.000 -8.700 12.650 -10.000
3 0 -7.850 12.000 -10.000 -7.850 12.250 -10.000 -7.450 12.650 -10.000
3 0 -7.450 12.650 -10.000 -7.450 12.000 -10.000 -7.850 12.000 -10.000
3 0 -8.700 12.650 -10.000 -7.450 12.650 -10.000 -7.850 12.250 -10.000
3 0 -7.850 12.250 -10.000 -8.200 12.250 -10.000 -8.700 12.650 -10.000
3 0 -13.400 8.400 -10.000 -12.800 8.950 -10.000 -8.400 8.900 -10.000
3 0 -8.400 8.900 -10.000 -8.450 8.400 -10.000 -13.400 8.400 -10.000
3 0 -8.450 8.400 -10.000 -8.400 8.900 -10.000 -5.050 8.950 -10.000
3 0 -5.050 8.950 -10.000 -5.200 8.450 -10.000 -8.450 8.400 -10.000
3 0 -5.200 8.450 -10.000 -5.050 8.950 -10.000 -3.100 9.000 -10.000
3 0 -3.100 9.000 -10.000 -2.500 8.550 -10.000 -5.200 8.450 -10.000
3 0 -2.500 8.550 -10.000 -3.100 9.000 -10.000 -3.050 11.650 -10.000
3 0 -3.050 11.650 -10.000 -2.500 11.750 -10.000 -2.500 8.550 -10.000
3 0 -2.500 11.750 -10.000 -3.050 11.650 -10.000 -2.800 12.200 -10.000
3 0 -2.800 12.200 -10.000 -2.600 12.050 -10.000 -2.500 11.750 -10.000
3 0 -2.800 12.200 -10.000 -3.050 11.650 -10.000 -3.700 12.300 -10.000
3 0 -3.700 12.300 -10.000 -3.000 12.300 -10.000 -2.800 12.200 -10.000
3 0 -12.800 8.950 -10.000 -13.400 8.400 -10.000 -13.450 11.600 -10.000
3 0 -13.450 11.600 -10.000 -12.900 11.550 -10.000 -12.800 8.950 -10.000
3 0 -13.450 11.600 -10.000 -13.400 11.850 -10.000 -13.250 12.000 -10.000
3 0 -13.250 12.000 -10.000 -12.900 11.550 -10.000 -13.450 11.600 -10.000
3 0 -13.250 12.000 -10.000 -13.050 12.100 -10.000 -12.350 12.200 -10.000
3 0 -12.350 12.200 -10.000 -12.900 11.550 -10.000 -13.250 12.000 -10.000
3 0 -12.900 11.550 -10.000 -12.350 12.200 -10.000 -10.300 12.100 -10.000
3 0 -10.300 12.100 -10.000 -10.250 11.500 -10.000 -12.900 11.550 -10.000
3 0 -10.300 12.100 -10.000 -9.750 12.250 -10.000 -9.550 12.250 -10.000
3 0 -9.550 12.250 -10.000 -10.250 11.500 -10.000 -10.300 12.100 -10.000
3 0 -10.250 11.500 -10.000 -9.550 12.250 -10.000 -9.100 12.000 -10.000
3 0 -9.100 12.000 -10.000 -8.700 12.000 -10.000 -8.050 11.500 -10.000
3 0 -8.050 11.500 -10.000 -10.250 11.500 -10.000 -9.100 12.000 -10.000
3 0 -8.700 12.000 -10.000 -8.200 12.000 -10.000 -8.050 11.500 -10.000
3 0 -8.200 12.000 -10.000 -7.850 12.000 -10.000 -8.050 11.500 -10.000
3 0 -7.850 12.000 -10.000 -7.450 12.000 -10.000 -8.050 11.500 -10.000
3 0 -7.450 12.000 -10.000 -7.000 12.000 -10.000 -6.000 11.500 -10.000
3 0 -6.000 11.500 -10.000 -8.050 11.500 -10.000 -7.450 12.000 -10.000
3 0 -7.000 12.000 -10.000 -6.550 12.250 -10.000 -6.400 12.250 -10.000
3 0 -6.400 12.250 -10.000 -6.000 11.500 -10.000 -7.000 12.000 -10.000
3 0 -6.400 12.250 -10.000 -5.850 12.200 -10.000 -4.450 11.550 -10.000
3 0 -4.450 11.550 -10.000 -6.000 11.500 -10.000 -6.400 12.250 -10.000
3 0 -5.850 12.200 -10.000 -4.550 12.200 -10.000 -3.050 11.650 -10.000
3 0 -3.050 11.650 -10.000 -4.450 11.550 -10.000 -5.850 12.200 -10.000
3 0 -3.700 12.300 -10.000 -3.050 11.650 -10.000 -4.550 12.200 -10.000
3 0 -13.050 12.100 -10.000 -13.150 13.350 -10.000 -12.404 12.846 -10.000
3 0 -12.404 12.846 -10.000 -12.350 12.200 -10.000 -13.050 12.100 -10.000
3 0 -13.150 13.350 -10.000 -13.200 17.550 -10.000 -12.500 18.000 -10.000
3 0 -12.500 18.000 -10.000 -12.450 13.400 -10.000 -13.150 13.350 -10.000
3 0 -13.200 17.550 -10.000 -13.200 18.650 -10.000 -12.450 18.550 -10.000
3 0 -12.450 18.550 -10.000 -12.500 18.000 -10.000 -13.200 17.550 -10.000
3 0 -13.200 18.650 -10.000 -13.150 18.950 -10.000 -12.950 19.150 -10.000
3 0 -12.950 19.150 -10.000 -12.450 18.550 -10.000 -13.200 18.650 -10.000
3 0 -12.950 19.150 -10.000 -12.450 19.200 -10.000 -10.250 18.600 -10.000
3 0 -10.250 18.600 -10.000 -12.450 18.550 -10.000 -12.950 19.150 -10.000
3 0 -12.450 19.200 -10.000 -10.000 19.250 -10.000 -9.750 18.600 -10.000
3 0 -9.750 18.600 -10.000 -10.250 18.600 -10.000 -12.450 19.200 -10.000
3 0 -9.750 18.600 -10.000 -10.000 19.250 -10.000 -6.150 19.250 -10.000
3 0 -6.150 19.250 -10.000 -6.500 18.600 -10.000 -9.750 18.600 -10.000
3 0 -6.150 19.250 -10.000 -6.000 18.600 -10.000 -6.400 12.250 -10.000
3 0 -6.400 12.250 -10.000 -6.500 18.600 -10.000 -6.150 19.250 -10.000
3 0 -6.150 19.250 -10.000 -3.600 19.300 -10.000 -3.950 18.650 -10.000
3 0 -3.950 18.650 -10.000 -6.000 18.600 -10.000 -6.150 19.250 -10.000
3 0 -3.600 19.300 -10.000 -3.400 19.200 -10.000 -3.200 19.050 -10.000
3 0 -3.200 19.050 -10.000 -3.950 18.650 -10.000 -3.600 19.300 -10.000
3 0 -3.200 19.050 -10.000 -3.150 18.850 -10.000 -3.850 18.550 -10.000
3 0 -3.850 18.550 -10.000 -3.950 18.650 -10.000 -3.200 19.050 -10.000
3 0 -3.150 18.850 -10.000 -3.000 12.300 -10.000 -3.711 12.772 -10.000
3 0 -3.711 12.772 -10.000 -3.850 18.550 -10.000 -3.150 18.850 -10.000
3 72 -13.400 8.400 -10.000 -13.800 11.750 -10.000 -13.450 11.600 -10.000
3 72 -13.450 11.600 -10.000 -13.800 11.750 -10.000 -13.800 12.200 -10.000
3 72 -13.800 12.200 -10.000 -13.400 11.850 -10.000 -13.450 11.600 -10.000
3 72 -13.400 11.850 -10.000 -13.800 12.200 -10.000 -13.650 12.450 -10.000
3 72 -13.650 12.450 -10.000 -13.250 12.000 -10.000 -13.400 11.850 -10.000
3 72 -13.250 12.000 -10.000 -13.650 12.450 -10.000 -13.450 12.600 -10.000
3 72 -13.450 12.600 -10.000 -13.050 12.100 -10.000 -13.250 12.000 -10.000
3 72 -13.050 12.100 -10.000 -13.450 12.600 -10.000 -13.400 16.300 -10.000
3 72 -13.400 16.300 -10.000 -13.150 13.350 -10.000 -13.050 12.100 -10.000
3 72 -13.150 13.350 -10.000 -13.400 16.300 -10.000 -13.350 17.850 -10.000
3 72 -13.350 17.850 -10.000 -13.200 17.550 -10.000 -13.150 13.350 -10.000
3 72 -13.200 18.650 -10.000 -13.200 17.550 -10.000 -13.350 17.850 -10.000
3 72 -10.650 12.800 -10.000 -10.500 16.150 -10.000 -10.250 18.600 -10.000
3 72 -10.250 18.600 -10.000 -10.300 12.100 -10.000 -10.650 12.800 -10.000
3 72 -12.404 12.846 -10.000 -10.650 12.800 -10.000 -10.300 12.100 -10.000
3 72 -10.300 12.100 -10.000 -12.350 12.200 -10.000 -12.404 12.846 -10.000
3 0 -12.450 13.400 -10.000 -12.404 12.846 -10.000 -13.150 13.350 -10.000
3 72 -9.550 12.250 -10.000 -9.750 12.250 -10.000 -9.750 14.000 -10.000
3 72 -9.750 14.000 -10.000 -9.550 13.300 -10.000 -9.550 12.250 -10.000
3 72 -9.400 13.550 -10.000 -9.550 13.300 -10.000 -9.750 14.000 -10.000
3 72 -9.750 14.000 -10.000 -9.100 14.050 -10.000 -8.700 13.600 -10.000
3 72 -8.700 13.600 -10.000 -9.400 13.550 -10.000 -9.750 14.000 -10.000
3 72 -8.700 13.600 -10.000 -9.100 14.050 -10.000 -8.700 14.100 -10.000
3 72 -8.700 14.100 -10.000 -8.500 13.650 -10.000 -8.700 13.600 -10.000
3 72 -9.100 14.050 -10.000 -9.050 14.250 -10.000 -8.800 14.400 -10.000
3 72 -8.800 14.400 -10.000 -8.700 14.100 -10.000 -9.100 14.050 -10.000
3 72 -9.050 14.250 -10.000 -8.850 14.500 -10.000 -8.700 14.600 -10.000
3 72 -8.700 14.600 -10.000 -8.800 14.400 -10.000 -9.050 14.250 -10.000
3 0 -9.750 12.250 -10.000 -10.300 12.100 -10.000 -10.250 18.600 -10.000
3 0 -10.250 18.600 -10.000 -9.750 14.000 -10.000 -9.750 12.250 -10.000
3 0 -9.750 14.000 -10.000 -10.250 18.600 -10.000 -9.750 18.600 -10.000
3 72 -6.550 12.250 -10.000 -6.550 13.000 -10.000 -6.450 13.250 -10.000
3 72 -6.450 13.250 -10.000 -6.400 12.250 -10.000 -6.550 12.250 -10.000
3 72 -6.600 13.300 -10.000 -6.450 13.250 -10.000 -6.550 13.000 -10.000
3 72 -6.600 13.300 -10.000 -6.800 13.500 -10.000 -6.450 13.250 -10.000
3 72 -5.500 12.950 -10.000 -5.300 12.800 -10.000 -4.550 12.200 -10.000
3 72 -4.550 12.200 -10.000 -5.850 12.200 -10.000 -5.500 12.950 -10.000
3 72 -5.300 12.800 -10.000 -4.750 12.700 -10.000 -3.700 12.300 -10.000
3 72 -3.700 12.300 -10.000 -4.550 12.200 -10.000 -5.300 12.800 -10.000
3 72 -3.700 12.300 -10.000 -4.750 12.700 -10.000 -4.000 12.700 -10.000
3 72 -5.850 12.200 -10.000 -5.888 13.812 -10.000 -5.500 12.950 -10.000
3 72 -3.700 12.300 -10.000 -4.000 12.700 -10.000 -3.711 12.772 -10.000
3 0 -3.000 12.300 -10.000 -3.700 12.300 -10.000 -3.711 12.772 -10.000
3 0 -5.850 12.200 -10.000 -6.400 12.250 -10.000 -5.888 13.812 -10.000
3 0 -6.400 12.250 -10.000 -6.000 18.600 -10.000 -5.888 13.812 -10.000
3 0 0.000 3.750 -10.000 0.300 4.300 -10.000 0.650 4.150 -10.000
3 0 0.650 4.150 -10.000 0.250 3.700 -10.000 0.000 3.750 -10.000
3 0 0.250 3.700 -10.000 0.650 4.150 -10.000 1.050 3.900 -10.000
3 0 1.050 3.900 -10.000 0.500 3.600 -10.000 0.250 3.700 -10.000
3 0 0.500 3.600 -10.000 1.050 3.900 -10.000 1.400 3.500 -10.000
3 0 1.400 3.500 -10.000 0.800 3.300 -10.000 0.500 3.600 -10.000
3 0 0.800 3.300 -10.000 1.400 3.500 -10.000 1.650 3.000 -10.000
3 0 1.650 3.000 -10.000 1.100 2.800 -10.000 0.800 3.300 -10.000
3 0 1.650 3.000 -10.000 1.800 2.550 -10.000 1.200 1.800 -10.000
3 0 1.200 1.800 -10.000 1.100 2.800 -10.000 1.650 3.000 -10.000
3 0 2.050 2.350 -10.000 1.200 1.800 -10.000 1.800 2.550 -10.000
3 0 1.200 1.800 -10.000 2.050 2.350 -10.000 3.200 2.250 -10.000
3 0 3.200 2.250 -10.000 3.700 1.500 -10.000 1.200 1.800 -10.000
3 0 3.200 2.250 -10.000 4.650 1.950 -10.000 5.300 1.200 -10.000
3 0 5.300 1.200 -10.000 3.700 1.500 -10.000 3.200 2.250 -10.000
3 0 4.650 1.950 -10.000 6.150 1.500 -10.000 6.400 0.800 -10.000
3 0 6.400 0.800 -10.000 5.300 1.200 -10.000 4.650 1.950 -10.000
3 15 8.200 12.000 -10.000 7.850 12.000 -10.000 7.850 12.250 -10.000
3 15 7.850 12.250 -10.000 8.200 12.250 -10.000 8.200 12.000 -10.000
3 14 8.700 12.650 -10.000 9.100 13.050 -10.000 9.100 12.000 -10.000
3 14 9.100 12.000 -10.000 8.700 12.000 -10.000 8.700 12.650 -10.000
3 14 8.700 12.650 -10.000 7.450 12.650 -10.000 7.000 13.050 -10.000
3 14 7.000 13.050 -10.000 9.100 13.050 -10.000 8.700 12.650 -10.000
3 14 7.450 12.650 -10.000 7.450 12.000 -10.000 7.000 12.000 -10.000
3 14 7.000 12.000 -10.000 7.000 13.050 -10.000 7.450 12.650 -10.000
3 0 9.100 12.000 -10.000 9.100 13.050 -10.000 9.550 13.300 -10.000
3 0 9.550 13.300 -10.000 9.550 12.250 -10.000 9.100 12.000 -10.000
3 0 9.550 13.300 -10.000 9.100 13.050 -10.000 8.700 13.600 -10.000
3 0 8.700 13.600 -10.000 9.400 13.550 -10.000 9.550 13.300 -10.000
3 0 9.100 13.050 -10.000 7.000 13.050 -10.000 8.500 13.650 -10.000
3 0 8.500 13.650 -10.000 8.700 13.600 -10.000 9.100 13.050 -10.000
3 0 8.500 13.650 -10.000 7.000 13.050 -10.000 6.800 13.500 -10.000
3 0 6.800 13.500 -10.000 7.150 13.650 -10.000 8.500 13.650 -10.000
3 0 6.800 13.500 -10.000 7.000 13.050 -10.000 6.550 13.000 -10.000
3 0 6.550 13.000 -10.000 6.600 13.300 -10.000 6.800 13.500 -10.000
3 0 7.000 13.050 -10.000 7.000 12.000 -10.000 6.550 12.250 -10.000
3 0 6.550 12.250 -10.000 6.550 13.000 -10.000 7.000 13.050 -10.000
3 0 8.500 13.650 -10.000 7.150 13.650 -10.000 7.250 14.250 -10.000
3 0 7.250 14.250 -10.000 8.700 14.100 -10.000 8.500 13.650 -10.000
3 0 7.250 14.250 -10.000 7.400 14.550 -10.000 8.800 14.400 -10.000
3 0 8.800 14.400 -10.000 8.700 14.100 -10.000 7.250 14.250 -10.000
3 0 8.800 14.400 -10.000 7.400 14.550 -10.000 7.650 14.750 -10.000
3 0 7.650 14.750 -10.000 8.700 14.600 -10.000 8.800 14.400 -10.000
3 0 8.700 14.600 -10.000 7.650 14.750 -10.000 8.500 14.750 -10.000
3 0 8.700 12.650 -10.000 8.700 12.000 -10.000 8.200 12.000 -10.000
3 0 8.200 12.000 -10.000 8.200 12.250 -10.000 8.700 12.650 -10.000
3 0 7.850 12.000 -10.000 7.450 12.000 -10.000 7.450 12.650 -10.000
3 0 7.450 12.650 -10.000 7.850 12.250 -10.000 7.850 12.000 -10.000
3 0 8.700 12.650 -10.000 8.200 12.250 -10.000 7.850 12.250 -10.000
3 0 7.850 12.250 -10.000 7.450 12.650 -10.000 8.700 12.650 -10.000
3 0 13.400 8.400 -10.000 8.450 8.400 -10.000 8.400 8.900 -10.000
3 0 8.400 8.900 -10.000 12.800 8.950 -10.000 13.400 8.400 -10.000
3 0 8.450 8.400 -10.000 5.200 8.450 -10.000 5.050 8.950 -10.000
3 0 5.050 8.950 -10.000 8.400 8.900 -10.000 8.450 8.400 -10.000
3 0 5.200 8.450 -10.000 2.500 8.550 -10.000 3.100 9.000 -10.000
3 0 3.100 9.000 -10.000 5.050 8.950 -10.000 5.200 8.450 -10.000
3 0 2.500 8.550 -10.000 2.500 11.750 -10.000 3.050 11.650 -10.000
3 0 3.050 11.650 -10.000 3.100 9.000 -10.000 2.500 8.550 -10.000
3 0 2.500 11.750 -10.000 2.600 12.050 -10.000 2.800 12.200 -10.000
3 0 2.800 12.200 -10.000 3.050 11.650 -10.000 2.500 11.750 -10.000
3 0 2.800 12.200 -10.000 3.000 12.300 -10.000 3.700 12.300 -10.000
3 0 3.700 12.300 -10.000 3.050 11.650 -10.000 2.800 12.200 -10.000
3 0 12.800 8.950 -10.000 12.900 11.550 -10.000 13.450 11.600 -10.000
3 0 13.450 11.600 -10.000 13.400 8.400 -10.000 12.800 8.950 -10.000
3 0 13.450 11.600 -10.000 12.900 11.550 -10.000 13.250 12.000 -10.000
3 0 13.250 12.000 -10.000 13.400 11.850 -10.000 13.450 11.600 -10.000
3 0 13.250 12.000 -10.000 12.900 11.550 -10.000 12.350 12.200 -10.000
3 0 12.350 12.200 -10.000 13.050 12.100 -10.000 13.250 12.000 -10.000
3 0 12.900 11.550 -10.000 10.250 11.500 -10.000 10.300 12.100 -10.000
3 0 10.300 12.100 -10.000 12.350 12.200 -10.000 12.900 11.550 -10.000
3 0 10.300 12.100 -10.000 10.250 11.500 -10.000 9.550 12.250 -10.000
3 0 9.550 12.250 -10.000 9.750 12.250 -10.000 10.300 12.100 -10.000
3 0 9.550 12.250 -10.000 10.250 11.500 -10.000 9.100 12.000 -10.000
3 0 9.100 12.000 -10.000 10.250 11.500 -10.000 8.050 11.500 -10.000
3 0 8.050 11.500 -10.000 8.700 12.000 -10.000 9.100 12.000 -10.000
3 0 8.050 11.500 -10.000 8.200 12.000 -10.000 8.700 12.000 -10.000
3 0 8.050 11.500 -10.000 7.850 12.000 -10.000 8.200 12.000 -10.000
3 0 8.050 11.500 -10.000 7.450 12.000 -10.000 7.850 12.000 -10.000
3 0 7.450 12.000 -10.000 8.050 11.500 -10.000 6.000 11.500 -10.000
3 0 6.000 11.500 -10.000 7.000 12.000 -10.000 7.450 12.000 -10.000
3 0 7.000 12.000 -10.000 6.000 11.500 -10.000 6.400 12.250 -10.000
3 0 6.400 12.250 -10.000 6.550 12.250 -10.000 7.000 12.000 -10.000
3 0 6.400 12.250 -10.000 6.000 11.500 -10.000 4.450 11.550 -10.000
3 0 4.450 11.550 -10.000 5.850 12.200 -10.000 6.400 12.250 -10.000
3 0 5.850 12.200 -10.000 4.450 11.550 -10.000 3.050 11.650 -10.000
3 0 3.050 11.650 -10.000 4.550 12.200 -10.000 5.850 12.200 -10.000
3 0 3.700 12.300 -10.000 4.550 12.200 -10.000 3.050 11.650 -10.000
3 0 13.050 12.100 -10.000 12.350 12.200 -10.000 12.404 12.846 -10.000
3 0 12.404 12.846 -10.000 13.150 13.350 -10.000 13.050 12.100 -10.000
3 0 13.150 13.350 -10.000 12.450 13.400 -10.000 12.500 18.000 -10.000
3 0 12.500 18.000 -10.000 13.200 17.550 -10.000 13.150 13.350 -10.000
3 0 13.200 17.550 -10.000 12.500 18.000 -10.000 12.450 18.550 -10.000
3 0 12.450 18.550 -10.000 13.200 18.650 -10.000 13.200 17.550 -10.000
3 0 13.200 18.650 -10.000 12.450 18.550 -10.000 12.950 19.150 -10.000
3 0 12.950 19.150 -10.000 13.150 18.950 -10.000 13.200 18.650 -10.000
3 0 12.950 19.150 -10.000 12.450 18.550 -10.000 10.250 18.600 -10.000
3 0 10.250 18.600 -10.000 12.450 19.200 -10.000 12.950 19.150 -10.000
3 0 12.450 19.200 -10.000 10.250 18.600 -10.000 9.750 18.600 -10.000
3 0 9.750 18.600 -10.000 10.000 19.250 -10.000 12.450 19.200 -10.000
3 0 9.750 18.600 -10.000 6.500 18.600 -10.000 6.150 19.250 -10.000
3 0 6.150 19.250 -10.000 10.000 19.250 -10.000 9.750 18.600 -10.000
3 0 6.150 19.250 -10.000 6.500 18.600 -10.000 6.400 12.250 -10.000
3 0 6.400 12.250 -10.000 6.000 18.600 -10.000 6.150 19.250 -10.000
3 0 6.150 19.250 -10.000 6.000 18.600 -10.000 3.950 18.650 -10.000
3 0 3.950 18.650 -10.000 3.600 19.300 -10.000 6.150 19.250 -10.000
3 0 3.600 19.300 -10.000 3.950 18.650 -10.000 3.200 19.050 -10.000
3 0 3.200 19.050 -10.000 3.400 19.200 -10.000 3.600 19.300 -10.000
3 0 3.200 19.050 -10.000 3.950 18.650 -10.000 3.850 18.550 -10.000
3 0 3.850 18.550 -10.000 3.150 18.850 -10.000 3.200 19.050 -10.000
3 0 3.150 18.850 -10.000 3.850 18.550 -10.000 3.711 12.772 -10.000
3 0 3.711 12.772 -10.000 3.000 12.300 -10.000 3.150 18.850 -10.000
3 72 13.400 8.400 -10.000 13.450 11.600 -10.000 13.800 11.750 -10.000
3 72 13.450 11.600 -10.000 13.400 11.850 -10.000 13.800 12.200 -10.000
3 72 13.800 12.200 -10.000 13.800 11.750 -10.000 13.450 11.600 -10.000
3 72 13.400 11.850 -10.000 13.250 12.000 -10.000 13.650 12.450 -10.000
3 72 13.650 12.450 -10.000 13.800 12.200 -10.000 13.400 11.850 -10.000
3 72 13.250 12.000 -10.000 13.050 12.100 -10.000 13.450 12.600 -10.000
3 72 13.450 12.600 -10.000 13.650 12.450 -10.000 13.250 12.000 -10.000
3 72 13.050 12.100 -10.000 13.150 13.350 -10.000 13.400 16.300 -10.000
3 72 13.400 16.300 -10.000 13.450 12.600 -10.000 13.050 12.100 -10.000
3 72 13.150 13.350 -10.000 13.200 17.550 -10.000 13.350 17.850 -10.000
3 72 13.350 17.850 -10.000 13.400 16.300 -10.000 13.150 13.350 -10.000
3 72 13.350 17.850 -10.000 13.200 17.550 -10.000 13.200 18.650 -10.000
3 72 10.650 12.800 -10.000 10.300 12.100 -10.000 10.250 18.600 -10.000
3 72 10.250 18.600 -10.000 10.500 16.150 -10.000 10.650 12.800 -10.000
3 72 12.404 12.846 -10.000 12.350 12.200 -10.000 10.300 12.100 -10.000
3 72 10.300 12.100 -10.000 10.650 12.800 -10.000 12.404 12.846 -10.000
3 0 12.450 13.400 -10.000 13.150 13.350 -10.000 12.404 12.846 -10.000
3 72 9.550 12.250 -10.000 9.550 13.300 -10.000 9.750 14.000 -10.000
3 72 9.750 14.000 -10.000 9.750 12.250 -10.000 9.550 12.250 -10.000
3 72 9.750 14.000 -10.000 9.550 13.300 -10.000 9.400 13.550 -10.000
3 72 9.750 14.000 -10.000 9.400 13.550 -10.000 8.700 13.600 -10.000
3 72 8.700 13.600 -10.000 9.100 14.050 -10.000 9.750 14.000 -10.000
3 72 8.700 13.600 -10.000 8.500 13.650 -10.000 8.700 14.100 -10.000
3 72 8.700 14.100 -10.000 9.100 14.050 -10.000 8.700 13.600 -10.000
3 72 9.100 14.050 -10.000 8.700 14.100 -10.000 8.800 14.400 -10.000
3 72 8.800 14.400 -10.000 9.050 14.250 -10.000 9.100 14.050 -10.000
3 72 9.050 14.250 -10.000 8.800 14.400 -10.000 8.700 14.600 -10.000
3 72 8.700 14.600 -10.000 8.850 14.500 -10.000 9.050 14.250 -10.000
3 0 9.750 12.250 -10.000 9.750 14.000 -10.000 10.250 18.600 -10.000
3 0 10.250 18.600 -10.000 10.300 12.100 -10.000 9.750 12.250 -10.000
3 0 10.250 18.600 -10.000 9.750 14.000 -10.000 9.750 18.600 -10.000
3 72 6.550 12.250 -10.000 6.400 12.250 -10.000 6.450 13.250 -10.000
3 72 6.450 13.250 -10.000 6.550 13.000 -10.000 6.550 12.250 -10.000
3 72 6.450 13.250 -10.000 6.600 13.300 -10.000 6.550 13.000 -10.000
3 72 6.800 13.500 -10.000 6.600 13.300 -10.000 6.450 13.250 -10.000
3 72 5.500 12.950 -10.000 5.850 12.200 -10.000 4.550 12.200 -10.000
3 72 4.550 12.200 -10.000 5.300 12.800 -10.000 5.500 12.950 -10.000
3 72 5.300 12.800 -10.000 4.550 12.200 -10.000 3.700 12.300 -10.000
3 72 3.700 12.300 -10.000 4.750 12.700 -10.000 5.300 12.800 -10.000
3 72 3.700 12.300 -10.000 4.000 12.700 -10.000 4.750 12.700 -10.000
3 72 5.850 12.200 -10.000 5.500 12.950 -10.000 5.888 13.812 -10.000
3 72 3.700 12.300 -10.000 3.711 12.772 -10.000 4.000 12.700 -10.000
3 0 3.711 12.772 -10.000 3.700 12.300 -10.000 3.000 12.300 -10.000
3 0 6.400 12.250 -10.000 5.850 12.200 -10.000 5.888 13.812 -10.000
3 0 6.000 18.600 -10.000 6.400 12.250 -10.000 5.888 13.812 -10.000
3 72 -17.350 25.150 -10.000 -17.500 25.400 -10.000 -16.250 26.000 -10.000
3 72 -16.250 26.000 -10.000 -16.100 25.650 -10.000 -17.350 25.150 -10.000
3 72 -16.100 25.650 -10.000 -16.250 26.000 -10.000 -14.750 26.550 -10.000
3 72 -14.750 26.550 -10.000 -14.700 26.100 -10.000 -16.100 25.650 -10.000
3 72 -14.700 26.100 -10.000 -14.750 26.550 -10.000 -13.050 27.000 -10.000
3 72 -13.050 27.000 -10.000 -13.150 26.450 -10.000 -14.700 26.100 -10.000
3 72 -13.150 26.450 -10.000 -13.050 27.000 -10.000 -11.850 27.150 -10.000
3 72 -11.850 27.150 -10.000 -11.900 26.650 -10.000 -13.150 26.450 -10.000
3 72 -11.850 27.150 -10.000 -11.000 27.200 -10.000 -10.800 26.650 -10.000
3 72 -10.800 26.650 -10.000 -11.900 26.650 -10.000 -11.850 27.150 -10.000
3 72 -11.000 27.200 -10.000 -10.250 27.000 -10.000 -10.000 26.600 -10.000
3 72 -10.000 26.600 -10.000 -10.800 26.650 -10.000 -11.000 27.200 -10.000
3 72 -10.000 26.600 -10.000 -10.250 27.000 -10.000 -10.000 26.850 -10.000
3 72 -16.000 27.150 -10.000 -16.200 27.300 -10.000 -15.300 27.950 -10.000
3 72 -15.300 27.950 -10.000 -15.200 27.500 -10.000 -16.000 27.150 -10.000
3 72 -15.200 27.500 -10.000 -15.300 27.950 -10.000 -13.800 28.600 -10.000
3 72 -13.800 28.600 -10.000 -13.900 27.950 -10.000 -15.200 27.500 -10.000
3 72 -13.900 27.950 -10.000 -13.800 28.600 -10.000 -12.350 29.050 -10.000
3 72 -12.350 29.050 -10.000 -12.700 28.300 -10.000 -13.900 27.950 -10.000
3 72 -12.700 28.300 -10.000 -12.350 29.050 -10.000 -11.100 29.300 -10.000
3 72 -11.100 29.300 -10.000 -11.450 28.500 -10.000 -12.700 28.300 -10.000
3 72 -11.450 28.500 -10.000 -11.100 29.300 -10.000 -10.550 29.350 -10.000
3 72 -10.550 29.350 -10.000 -10.250 28.700 -10.000 -11.450 28.500 -10.000
3 72 17.500 26.250 -10.000 16.200 26.750 -10.000 16.200 27.200 -10.000
3 72 16.200 27.200 -10.000 17.650 26.550 -10.000 17.500 26.250 -10.000
3 72 16.200 26.750 -10.000 14.900 27.050 -10.000 14.700 27.700 -10.000
3 72 14.700 27.700 -10.000 16.200 27.200 -10.000 16.200 26.750 -10.000
3 72 14.900 27.050 -10.000 13.250 27.250 -10.000 13.200 28.000 -10.000
3 72 13.200 28.000 -10.000 14.700 27.700 -10.000 14.900 27.050 -10.000
3 72 13.250 27.250 -10.000 11.600 27.300 -10.000 11.700 28.250 -10.000
3 72 11.700 28.250 -10.000 13.200 28.000 -10.000 13.250 27.250 -10.000
3 72 11.600 27.300 -10.000 11.100 27.900 -10.000 11.150 28.350 -10.000
3 72 11.150 28.350 -10.000 11.700 28.250 -10.000 11.600 27.300 -10.000
3 72 10.900 28.150 -10.000 11.150 28.350 -10.000 11.100 27.900 -10.000
3 72 10.550 28.400 -10.000 11.150 28.350 -10.000 10.900 28.150 -10.000
3 72 11.600 27.300 -10.000 11.000 27.350 -10.000 10.700 27.700 -10.000
3 72 10.700 27.700 -10.000 11.100 27.900 -10.000 11.600 27.300 -10.000
3 72 10.700 27.700 -10.000 11.000 27.350 -10.000 10.100 27.600 -10.000
3 72 14.200 29.250 -10.000 14.300 29.450 -10.000 15.950 29.000 -10.000
3 72 15.950 29.000 -10.000 15.400 28.850 -10.000 14.200 29.250 -10.000
3 72 15.400 28.850 -10.000 15.950 29.000 -10.000 17.250 28.600 -10.000
3 72 17.250 28.600 -10.000 16.500 28.350 -10.000 15.400 28.850 -10.000
3 72 16.500 28.350 -10.000 17.250 28.600 -10.000 17.850 28.300 -10.000
3 72 17.850 28.300 -10.000 17.300 27.950 -10.000 16.500 28.350 -10.000
3 72 17.850 28.300 -10.000 17.850 27.600 -10.000 17.300 27.950 -10.000
3 0 -7.150 1.000 -10.000 -6.850 0.500 -10.000 -7.846 0.500 -10.000
3 0 7.846 0.500 -10.000 6.850 0.500 -10.000 6.400 0.800 -10.000
3 0 6.400 0.800 -10.000 7.150 1.000 -10.000 7.846 0.500 -10.000
3 14 -6.850 0.500 -10.000 -6.400 0.800 -10.000 6.400 0.800 -10.000
3 14 6.400 0.800 -10.000 6.850 0.500 -10.000 -6.850 0.500 -10.000
3 14 6.400 0.800 -10.000 -6.400 0.800 -10.000 -5.300 1.200 -10.000
3 14 -5.300 1.200 -10.000 5.300 1.200 -10.000 6.400 0.800 -10.000
3 14 -5.300 1.200 -10.000 -3.700 1.500 -10.000 3.700 1.500 -10.000
3 14 3.700 1.500 -10.000 5.300 1.200 -10.000 -5.300 1.200 -10.000
3 14 3.700 1.500 -10.000 -3.700 1.500 -10.000 -1.200 1.800 -10.000
3 14 -1.200 1.800 -10.000 1.200 1.800 -10.000 3.700 1.500 -10.000
3 14 1.200 1.800 -10.000 -1.200 1.800 -10.000 -1.100 2.800 -10.000
3 14 -1.100 2.800 -10.000 1.100 2.800 -10.000 1.200 1.800 -10.000
3 14 -0.800 3.300 -10.000 0.800 3.300 -10.000 1.100 2.800 -10.000
3 14 1.100 2.800 -10.000 -1.100 2.800 -10.000 -0.800 3.300 -10.000
3 14 -0.500 3.600 -10.000 0.500 3.600 -10.000 0.800 3.300 -10.000
3 14 0.800 3.300 -10.000 -0.800 3.300 -10.000 -0.500 3.600 -10.000
3 14 -0.250 3.700 -10.000 0.250 3.700 -10.000 0.500 3.600 -10.000
3 14 0.500 3.600 -10.000 -0.500 3.600 -10.000 -0.250 3.700 -10.000
3 14 0.250 3.700 -10.000 -0.250 3.700 -10.000 0.000 3.750 -10.000
3 0 0.000 3.750 -10.000 -0.300 4.300 -10.000 -0.300 31.500 -10.000
3 0 -0.300 31.500 -10.000 0.300 4.300 -10.000 0.000 3.750 -10.000
3 0 -0.300 31.500 -10.000 0.300 31.500 -10.000 0.300 4.300 -10.000
3 0 6.400 0.800 -10.000 6.150 1.500 -10.000 7.150 1.000 -10.000
1 16 0.0000 0.0000 0.0000 1.0000 0.0000 0.0000 0.0000 1.0000 0.0000 0.0000 0.0000 1.0000 s/973s01.dat
1 0 0.0000 -4.0000 0.0000 4.2430 0.0000 -4.2430 0.0000 -8.0000 0.0000 -4.2430 0.0000 -4.2430 1-4cyli.dat
