0 ANIMAL NO 3, FORE LEG LEFT (Needs Work)
0 Name: 98068.dat
0 Author: <AuthorRealName> [<AuthorLDrawName>]
0 !LDRAW_ORG Unofficial_Part
0 !LICENSE Redistributable under CCAL version 2.0 : see CAreadme.txt

0 BFC CERTIFY CCW

0 !HISTORY 2013-08-14 {LEGO Digital Designer} Original part shape
0 !HISTORY 2013-08-14 [<AuthorLDrawName>] File preparation for LDraw Parts Tracker

0 // Needs Work: Clean necessary

0 // Outside
3 16 -59.073 22.877 -18.003 -57.238 18.437 -17.98 -57.646 22.997 -13.123 
3 16 -57.238 18.437 -17.98 -56 18.949 -13.158 -57.646 22.997 -13.123 
3 16 -59.841 22.652 -18.297 -57.947 18.04 -18.483 -59.073 22.877 -18.003 
3 16 -57.238 18.437 -17.98 -59.073 22.877 -18.003 -57.947 18.04 -18.483 
3 16 -59.778 22.737 -23.748 -58.116 17.829 -24.206 -59.841 22.652 -18.297 
3 16 -58.116 17.829 -24.206 -57.947 18.04 -18.483 -59.841 22.652 -18.297 
3 16 -57.646 22.997 -13.123 -56.625 23.787 -14.005 -59.073 22.877 -18.003 
3 16 -58.312 23.755 -18.365 -59.073 22.877 -18.003 -56.625 23.787 -14.005 
3 16 -57.646 22.997 -13.123 -54.247 23.811 -13.521 -56.625 23.787 -14.005 
3 16 -54.247 23.811 -13.521 -54.071 24.53 -14.346 -56.625 23.787 -14.005 
3 16 -41.772 15.379 -15.67 -47.229 21.749 -14.803 -47.655 14.738 -14.5 
3 16 -47.229 21.749 -14.803 -49.257 20.747 -14.035 -47.655 14.738 -14.5 
3 16 -47.051 12.134 -19.367 -39.73 13.214 -19.696 -47.655 14.738 -14.5 
3 16 -47.655 14.738 -14.5 -39.73 13.214 -19.696 -41.772 15.379 -15.67 
3 16 -52.929 10.439 -19.221 -46.654 10.857 -20.183 -52.561 11.71 -18.673 
3 16 -52.561 11.71 -18.673 -46.654 10.857 -20.183 -47.051 12.134 -19.367 
3 16 -46.654 10.857 -20.183 -52.929 10.439 -19.221 -47.104 11.073 -25.031 
3 16 -53.022 10.683 -24.584 -47.104 11.073 -25.031 -52.929 10.439 -19.221 
3 16 -53.535 13.03 -25.28 -47.281 12.89 -25.656 -53.022 10.683 -24.584 
3 16 -53.022 10.683 -24.584 -47.281 12.89 -25.656 -47.104 11.073 -25.031 
3 16 -58.116 17.829 -24.206 -59.778 22.737 -23.748 -57.336 18.408 -24.796 
3 16 -57.336 18.408 -24.796 -59.778 22.737 -23.748 -58.546 23.174 -24.39 
3 16 -59.778 22.737 -23.748 -58.863 23.654 -23.522 -58.546 23.174 -24.39 
3 16 -58.863 23.654 -23.522 -57.87 24.043 -24.141 -58.546 23.174 -24.39 
3 16 -56.852 24.097 -28.518 -57.699 23.454 -29.526 -57.87 24.043 -24.141 
3 16 -57.699 23.454 -29.526 -58.546 23.174 -24.39 -57.87 24.043 -24.141 
3 16 -57.336 18.408 -24.796 -58.546 23.174 -24.39 -56.761 19.266 -30.137 
3 16 -56.761 19.266 -30.137 -58.546 23.174 -24.39 -57.699 23.454 -29.526 
3 16 -47.281 12.89 -25.656 -53.535 13.03 -25.28 -48.172 14.724 -30.384 
3 16 -48.172 14.724 -30.384 -53.535 13.03 -25.28 -53.639 15.144 -30.383 
3 16 -43.105 14.827 -30.064 -39.385 20.187 -29.976 -40.267 13.298 -26.642 
3 16 -39.385 20.187 -29.976 -36.747 17.864 -26.682 -40.267 13.298 -26.642 
3 16 -39.73 13.214 -19.696 -40.793 11.826 -21.188 -40.267 13.298 -26.642 
3 16 -41.06 12.043 -25.567 -40.267 13.298 -26.642 -40.793 11.826 -21.188 
3 16 -54.762 29.565 -26.459 -56.464 26.782 -27.663 -55.156 29.851 -23.536 
3 16 -56.464 26.782 -27.663 -57.002 26.961 -23.793 -55.156 29.851 -23.536 
3 16 -54.762 29.565 -26.459 -53.393 27.899 -27.183 -56.464 26.782 -27.663 
3 16 -53.88 25.908 -28.045 -56.464 26.782 -27.663 -52.936 27.481 -27.347 
3 16 -56.464 26.782 -27.663 -53.393 27.899 -27.183 -52.936 27.481 -27.347 
3 16 -57.699 23.454 -29.526 -56.852 24.097 -28.518 -54.311 23.984 -29.929 
3 16 -56.852 24.097 -28.518 -54.418 24.451 -28.857 -54.311 23.984 -29.929 
3 16 -56.761 19.266 -30.137 -57.699 23.454 -29.526 -53.272 22.331 -30.254 
3 16 -57.699 23.454 -29.526 -54.311 23.984 -29.929 -53.272 22.331 -30.254 
3 16 -43.105 14.827 -30.064 -47.229 21.749 -29.876 -39.385 20.187 -29.976 
3 16 -47.229 21.749 -29.876 -46.078 24.53 -29.149 -39.385 20.187 -29.976 
3 16 -45.237 25.655 -28.686 -39.385 20.187 -29.976 -46.078 24.53 -29.149 
3 16 -40.313 27.353 -28.885 -34.945 30.561 -28.899 -37.07 22.547 -29.844 
3 16 -34.945 30.561 -28.899 -31.867 26.024 -29.234 -37.07 22.547 -29.844 
3 16 -44.944 26.081 -16.464 -40.406 27.279 -17.467 -45.237 25.655 -28.686 
3 16 -40.406 27.279 -17.467 -40.313 27.353 -28.885 -45.237 25.655 -28.686 
3 16 1.43 37.144 -28.142 -2.774 37.318 -28.887 1.823 37.378 -21.14 
3 16 1.823 37.378 -21.14 -2.774 37.318 -28.887 -2.243 37.777 -21.06 
3 16 4.386 -9.598 -24.449 -0.987 -10.158 -24.542 3.054 -7.596 -27.526 
3 16 -1.121 -7.699 -27.452 3.054 -7.596 -27.526 -0.987 -10.158 -24.542 
3 16 9.769 1.267 -25.067 8.207 7.369 -25.667 9.957 1.205 -20 
3 16 9.957 1.205 -20 8.207 7.369 -25.667 8.58 7.452 -20.001 
3 16 3.545 34.13 -27.803 1.43 37.144 -28.142 4.008 34.532 -21.103 
3 16 4.008 34.532 -21.103 1.43 37.144 -28.142 1.823 37.378 -21.14 
3 16 8.14 -6.426 -20.001 4.205 -9.656 -19.999 8.282 -6.895 -24.714 
3 16 4.386 -9.598 -24.449 8.282 -6.895 -24.714 4.205 -9.656 -19.999 
3 16 -9.876 -1.533 -25.015 -10.271 4.464 -25.446 -7.631 -0.721 -27.744 
3 16 -10.271 4.464 -25.446 -8.171 4.706 -28.215 -7.631 -0.721 -27.744 
3 16 -5.915 24.485 -20.431 -13.126 26.89 -20.51 -8.91 22.118 -20.675 
3 16 -13.126 26.89 -20.51 -14.013 23.601 -20.684 -8.91 22.118 -20.675 
3 16 -38.53 19.401 -17.054 -41.772 15.379 -15.67 -36.473 17.587 -20.33 
3 16 -41.772 15.379 -15.67 -39.73 13.214 -19.696 -36.473 17.587 -20.33 
3 16 -35.152 29.493 -19.653 -27.765 30.867 -20.228 -33.655 31.686 -20.387 
3 16 -27.765 30.867 -20.228 -27.651 34.287 -20.964 -33.655 31.686 -20.387 
3 16 9.769 1.267 -25.067 6.658 1.282 -28.181 8.207 7.369 -25.667 
3 16 5.445 6.888 -28.717 8.207 7.369 -25.667 6.658 1.282 -28.181 
3 16 -6.521 -7.928 -24.618 -9.876 -1.533 -25.015 -4.803 -6.278 -27.384 
3 16 -9.876 -1.533 -25.015 -7.631 -0.721 -27.744 -4.803 -6.278 -27.384 
3 16 -26.293 27.143 -29.199 -21.328 27.325 -29.798 -25.982 24.848 -26.974 
3 16 -25.982 24.848 -26.974 -21.328 27.325 -29.798 -21.19 24.876 -27.218 
3 16 -20.832 24.397 -20.931 -25.995 24.441 -20.986 -21.19 24.876 -27.218 
3 16 -25.995 24.441 -20.986 -25.982 24.848 -26.974 -21.19 24.876 -27.218 
3 16 -31.867 26.024 -29.234 -26.293 27.143 -29.199 -31.226 23.505 -27.075 
3 16 -26.293 27.143 -29.199 -25.982 24.848 -26.974 -31.226 23.505 -27.075 
3 16 -34.945 30.561 -28.899 -27.647 33.082 -28.8 -31.867 26.024 -29.234 
3 16 -31.867 26.024 -29.234 -27.647 33.082 -28.8 -26.293 27.143 -29.199 
3 16 -21.57 35.197 -27.975 -21.637 33.891 -29.422 -27.888 34.073 -27.7 
3 16 -27.647 33.082 -28.8 -27.888 34.073 -27.7 -21.637 33.891 -29.422 
3 16 1.43 37.144 -28.142 -0.013 34.325 -30.809 -2.774 37.318 -28.887 
3 16 -2.874 35.349 -31.165 -2.774 37.318 -28.887 -0.013 34.325 -30.809 
3 16 -5.972 26.06 -31.818 -6.558 23.273 -29.74 -14.157 26.846 -30.881 
3 16 -14.157 26.846 -30.881 -6.558 23.273 -29.74 -14.459 24.012 -27.335 
3 16 -6.558 23.273 -29.74 -8.463 22.175 -27.27 -14.459 24.012 -27.335 
3 16 -14.459 24.012 -27.335 -8.463 22.175 -27.27 -14.013 23.601 -20.684 
3 16 -8.91 22.118 -20.675 -14.013 23.601 -20.684 -8.463 22.175 -27.27 
3 16 -33.655 31.686 -20.387 -27.651 34.287 -20.964 -33.308 31.959 -28.326 
3 16 -27.651 34.287 -20.964 -27.888 34.073 -27.7 -33.308 31.959 -28.326 
3 16 -47.281 12.89 -25.656 -40.267 13.298 -26.642 -47.104 11.073 -25.031 
3 16 -40.267 13.298 -26.642 -41.06 12.043 -25.567 -47.104 11.073 -25.031 
3 16 -40.793 11.826 -21.188 -46.654 10.857 -20.183 -41.06 12.043 -25.567 
3 16 -46.654 10.857 -20.183 -47.104 11.073 -25.031 -41.06 12.043 -25.567 
3 16 -39.73 13.214 -19.696 -47.051 12.134 -19.367 -40.793 11.826 -21.188 
3 16 -46.654 10.857 -20.183 -40.793 11.826 -21.188 -47.051 12.134 -19.367 
3 16 -47.655 14.738 -14.5 -49.257 20.747 -14.035 -52.655 14.694 -13.785 
3 16 -49.257 20.747 -14.035 -51.514 20.897 -13.558 -52.655 14.694 -13.785 
3 16 -52.561 11.71 -18.673 -47.051 12.134 -19.367 -52.655 14.694 -13.785 
3 16 -52.655 14.694 -13.785 -47.051 12.134 -19.367 -47.655 14.738 -14.5 
3 16 -37.07 22.547 -29.844 -31.867 26.024 -29.234 -34.845 20.093 -26.894 
3 16 -34.845 20.093 -26.894 -31.867 26.024 -29.234 -31.226 23.505 -27.075 
3 16 -20.915 25.087 -20.249 -26.161 25.642 -20.013 -20.832 24.397 -20.931 
3 16 -26.161 25.642 -20.013 -25.995 24.441 -20.986 -20.832 24.397 -20.931 
3 16 -3.979 34.438 -20.913 0.126 34.104 -21.013 -2.243 37.777 -21.06 
3 16 0.126 34.104 -21.013 1.823 37.378 -21.14 -2.243 37.777 -21.06 
3 16 1.823 37.378 -21.14 0.126 34.104 -21.013 4.008 34.532 -21.103 
3 16 0.767 32.338 -21.234 4.008 34.532 -21.103 0.126 34.104 -21.013 
3 16 -26.708 27.775 -20.161 -26.161 25.642 -20.013 -20.835 27.685 -20.282 
3 16 -26.161 25.642 -20.013 -20.915 25.087 -20.249 -20.835 27.685 -20.282 
3 16 -26.161 25.642 -20.013 -31.952 25.181 -19.392 -25.995 24.441 -20.986 
3 16 -31.952 25.181 -19.392 -30.92 22.954 -21.072 -25.995 24.441 -20.986 
3 16 -39.385 20.187 -29.976 -37.07 22.547 -29.844 -36.747 17.864 -26.682 
3 16 -37.07 22.547 -29.844 -34.845 20.093 -26.894 -36.747 17.864 -26.682 
3 16 -45.237 25.655 -28.686 -40.313 27.353 -28.885 -39.385 20.187 -29.976 
3 16 -40.313 27.353 -28.885 -37.07 22.547 -29.844 -39.385 20.187 -29.976 
3 16 -53.639 15.144 -30.383 -56.761 19.266 -30.137 -51.514 20.897 -30.378 
3 16 -56.761 19.266 -30.137 -53.272 22.331 -30.254 -51.514 20.897 -30.378 
3 16 -53.535 13.03 -25.28 -57.336 18.408 -24.796 -53.639 15.144 -30.383 
3 16 -57.336 18.408 -24.796 -56.761 19.266 -30.137 -53.639 15.144 -30.383 
3 16 -53.022 10.683 -24.584 -58.116 17.829 -24.206 -53.535 13.03 -25.28 
3 16 -53.535 13.03 -25.28 -58.116 17.829 -24.206 -57.336 18.408 -24.796 
3 16 -52.929 10.439 -19.221 -57.947 18.04 -18.483 -53.022 10.683 -24.584 
3 16 -53.022 10.683 -24.584 -57.947 18.04 -18.483 -58.116 17.829 -24.206 
3 16 -57.947 18.04 -18.483 -52.929 10.439 -19.221 -57.238 18.437 -17.98 
3 16 -52.561 11.71 -18.673 -57.238 18.437 -17.98 -52.929 10.439 -19.221 
3 16 -57.238 18.437 -17.98 -52.561 11.71 -18.673 -56 18.949 -13.158 
3 16 -56 18.949 -13.158 -52.561 11.71 -18.673 -52.655 14.694 -13.785 
3 16 -58.863 23.654 -23.522 -57.877 27.191 -23.273 -57.87 24.043 -24.141 
3 16 -57.877 27.191 -23.273 -57.002 26.961 -23.793 -57.87 24.043 -24.141 
3 16 -57.851 27.302 -19.259 -58.929 23.587 -18.796 -57.286 27.07 -18.716 
3 16 -57.286 27.07 -18.716 -58.929 23.587 -18.796 -58.312 23.755 -18.365 
3 16 -56.625 23.787 -14.005 -55.866 27.116 -15.121 -58.312 23.755 -18.365 
3 16 -57.286 27.07 -18.716 -58.312 23.755 -18.365 -55.866 27.116 -15.121 
3 16 -54.694 29.469 -16.401 -52.718 30.242 -17.586 -55.36 29.751 -19.188 
3 16 -52.718 30.242 -17.586 -52.718 30.939 -19.519 -55.36 29.751 -19.188 
3 16 -52.718 31.416 -20.148 -55.61 30.238 -19.658 -52.718 30.939 -19.519 
3 16 -52.718 30.939 -19.519 -55.61 30.238 -19.658 -55.36 29.751 -19.188 
3 16 -52.718 31.516 -22.678 -55.737 30.091 -23.087 -52.718 31.416 -20.148 
3 16 -55.61 30.238 -19.658 -52.718 31.416 -20.148 -55.737 30.091 -23.087 
3 16 -55.737 30.091 -23.087 -52.718 31.516 -22.678 -55.156 29.851 -23.536 
3 16 -52.718 31.516 -22.678 -52.718 30.727 -23.237 -55.156 29.851 -23.536 
3 16 -52.718 30.727 -23.237 -52.718 30.355 -25.885 -55.156 29.851 -23.536 
3 16 -52.718 30.355 -25.885 -54.762 29.565 -26.459 -55.156 29.851 -23.536 
3 16 -52.936 27.481 -27.347 -53.393 27.899 -27.183 -52.718 30.355 -25.885 
3 16 -53.393 27.899 -27.183 -54.762 29.565 -26.459 -52.718 30.355 -25.885 
3 16 -57.877 27.191 -23.273 -55.737 30.091 -23.087 -57.002 26.961 -23.793 
3 16 -57.002 26.961 -23.793 -55.737 30.091 -23.087 -55.156 29.851 -23.536 
3 16 -57.851 27.302 -19.259 -55.61 30.238 -19.658 -57.877 27.191 -23.273 
3 16 -55.61 30.238 -19.658 -55.737 30.091 -23.087 -57.877 27.191 -23.273 
3 16 -55.61 30.238 -19.658 -57.851 27.302 -19.259 -55.36 29.751 -19.188 
3 16 -57.851 27.302 -19.259 -57.286 27.07 -18.716 -55.36 29.751 -19.188 
3 16 -55.866 27.116 -15.121 -54.694 29.469 -16.401 -57.286 27.07 -18.716 
3 16 -55.36 29.751 -19.188 -57.286 27.07 -18.716 -54.694 29.469 -16.401 
3 16 6.223 13.966 -20.002 1.626 13.393 -19.999 8.58 7.452 -20.001 
3 16 9.957 1.205 -20 8.58 7.452 -20.001 -10.149 -1.602 -19.997 
3 16 -9.192 16.688 -20.132 -8.91 22.118 -20.675 -8.667 17.075 -26.65 
3 16 -8.667 17.075 -26.65 -8.91 22.118 -20.675 -8.463 22.175 -27.27 
3 16 -6.558 23.273 -29.74 -6.867 17.006 -28.954 -8.463 22.175 -27.27 
3 16 -6.867 17.006 -28.954 -8.667 17.075 -26.65 -8.463 22.175 -27.27 
3 16 -6.867 17.006 -28.954 -7.587 11.217 -28.535 -8.667 17.075 -26.65 
3 16 -7.587 11.217 -28.535 -9.291 11.633 -26.039 -8.667 17.075 -26.65 
3 16 -8.667 17.075 -26.65 -9.291 11.633 -26.039 -9.192 16.688 -20.132 
3 16 -9.291 11.633 -26.039 -9.7 11.678 -19.998 -9.192 16.688 -20.132 
3 16 5.314 19.011 -20.862 4.686 25.865 -21.293 1.222 20.621 -20.624 
3 16 1.222 20.621 -20.624 4.686 25.865 -21.293 1.015 26.548 -21.39 
3 16 4.913 18.47 -26.408 4.23 25.292 -27.295 5.314 19.011 -20.862 
3 16 4.23 25.292 -27.295 4.686 25.865 -21.293 5.314 19.011 -20.862 
3 16 4.913 18.47 -26.408 2.773 18.162 -29.516 4.23 25.292 -27.295 
3 16 2.773 18.162 -29.516 2.043 24.67 -29.957 4.23 25.292 -27.295 
3 16 1.43 37.144 -28.142 3.545 34.13 -27.803 -0.013 34.325 -30.809 
3 16 -0.013 34.325 -30.809 3.545 34.13 -27.803 1.16 31.64 -30.679 
3 16 -54.694 29.469 -16.401 -55.866 27.116 -15.121 -52.746 28.243 -16.355 
3 16 -55.866 27.116 -15.121 -53.699 26.379 -15.136 -52.746 28.243 -16.355 
3 16 -54.694 29.469 -16.401 -52.746 28.243 -16.355 -52.718 30.242 -17.586 
3 16 -44.944 26.081 -16.464 -38.53 19.401 -17.054 -40.406 27.279 -17.467 
3 16 -40.406 27.279 -17.467 -38.53 19.401 -17.054 -36.209 21.631 -18.091 
3 16 -47.229 21.749 -14.803 -46.078 24.53 -15.678 -47.229 21.749 -29.876 
3 16 -46.078 24.53 -15.678 -46.078 24.53 -29.149 -47.229 21.749 -29.876 
3 16 -49.257 20.747 -14.035 -47.229 21.749 -14.803 -49.257 20.747 -30.194 
3 16 -47.229 21.749 -14.803 -47.229 21.749 -29.876 -49.257 20.747 -30.194 
3 16 -51.514 20.897 -13.558 -49.257 20.747 -14.035 -51.514 20.897 -30.378 
3 16 -49.257 20.747 -14.035 -49.257 20.747 -30.194 -51.514 20.897 -30.378 
3 16 -53.353 22.305 -13.443 -51.514 20.897 -13.558 -53.272 22.331 -30.254 
3 16 -51.514 20.897 -13.558 -51.514 20.897 -30.378 -53.272 22.331 -30.254 
3 16 -52.746 28.243 -16.355 -53.699 26.379 -15.136 -52.936 27.481 -27.347 
3 16 -52.936 27.481 -27.347 -53.699 26.379 -15.136 -53.88 25.908 -28.045 
3 16 -46.078 24.53 -15.678 -44.944 26.081 -16.464 -46.078 24.53 -29.149 
3 16 -44.944 26.081 -16.464 -45.237 25.655 -28.686 -46.078 24.53 -29.149 
3 16 -52.936 27.481 -27.347 -52.718 30.355 -25.885 -52.746 28.243 -16.355 
3 16 -52.746 28.243 -16.355 -52.718 30.355 -25.885 -52.718 30.242 -17.586 
3 16 -0.987 -10.158 -24.542 4.386 -9.598 -24.449 -0.965 -10.27 -20 
3 16 4.386 -9.598 -24.449 4.205 -9.656 -19.999 -0.965 -10.27 -20 
3 16 -10.149 -1.602 -19.997 -10.442 4.962 -19.997 -9.876 -1.533 -25.015 
3 16 -10.442 4.962 -19.997 -10.271 4.464 -25.446 -9.876 -1.533 -25.015 
3 16 -9.7 11.678 -19.998 -10.442 4.962 -19.997 -4.24 12.515 -20.001 
3 16 -4.24 12.515 -20.001 -10.442 4.962 -19.997 1.626 13.393 -19.999 
3 16 8.282 -6.895 -24.714 4.386 -9.598 -24.449 5.946 -4.948 -27.476 
3 16 4.386 -9.598 -24.449 3.054 -7.596 -27.526 5.946 -4.948 -27.476 
3 16 -10.271 4.464 -25.446 -9.291 11.633 -26.039 -8.171 4.706 -28.215 
3 16 -8.171 4.706 -28.215 -9.291 11.633 -26.039 -7.587 11.217 -28.535 
3 16 -9.876 -1.533 -25.015 -6.521 -7.928 -24.618 -10.149 -1.602 -19.997 
3 16 -6.521 -7.928 -24.618 -6.582 -8.203 -19.999 -10.149 -1.602 -19.997 
3 16 2.773 18.162 -29.516 -1.486 17.922 -29.676 2.043 24.67 -29.957 
3 16 -1.486 17.922 -29.676 -1.807 24.286 -30.249 2.043 24.67 -29.957 
3 16 6.658 1.282 -28.181 -0.549 0.418 -28.723 5.445 6.888 -28.717 
3 16 -0.549 0.418 -28.723 -1.321 5.705 -29.125 5.445 6.888 -28.717 
3 16 -7.631 -0.721 -27.744 -0.549 0.418 -28.723 -4.803 -6.278 -27.384 
3 16 -0.549 0.418 -28.723 -1.121 -7.699 -27.452 -4.803 -6.278 -27.384 
3 16 -7.631 -0.721 -27.744 -8.171 4.706 -28.215 -0.549 0.418 -28.723 
3 16 -8.171 4.706 -28.215 -1.321 5.705 -29.125 -0.549 0.418 -28.723 
3 16 -8.171 4.706 -28.215 -7.587 11.217 -28.535 -1.321 5.705 -29.125 
3 16 -1.321 5.705 -29.125 -7.587 11.217 -28.535 -1.524 12.003 -29.436 
3 16 -7.587 11.217 -28.535 -6.867 17.006 -28.954 -1.524 12.003 -29.436 
3 16 -1.486 17.922 -29.676 -1.524 12.003 -29.436 -6.867 17.006 -28.954 
3 16 -5.915 24.485 -20.431 -6.638 25.749 -26.269 -13.126 26.89 -20.51 
3 16 -13.624 27.68 -26.275 -13.126 26.89 -20.51 -6.638 25.749 -26.269 
3 16 -20.45 28.55 -25.855 -26.049 28.319 -24.886 -20.835 27.685 -20.282 
3 16 -26.049 28.319 -24.886 -26.708 27.775 -20.161 -20.835 27.685 -20.282 
3 16 -2.053 33.631 -27.139 -0.538 32.208 -26.921 0.126 34.104 -21.013 
3 16 0.767 32.338 -21.234 0.126 34.104 -21.013 -0.538 32.208 -26.921 
3 16 0.126 34.104 -21.013 -3.979 34.438 -20.913 -2.053 33.631 -27.139 
3 16 -3.979 34.438 -20.913 -5.614 33.779 -26.683 -2.053 33.631 -27.139 
3 16 -27.765 30.867 -20.228 -26.418 30.4 -25.356 -20.759 32.37 -20.304 
3 16 -26.418 30.4 -25.356 -20.19 31.88 -26.027 -20.759 32.37 -20.304 
3 16 1.222 20.621 -20.624 1.015 26.548 -21.39 -0.009 21.322 -25.671 
3 16 -0.009 21.322 -25.671 1.015 26.548 -21.39 -0.093 26.478 -26.57 
3 16 -6.638 25.749 -26.269 -5.915 24.485 -20.431 -4.272 20.127 -26.142 
3 16 -4.793 19.007 -20.238 -4.272 20.127 -26.142 -5.915 24.485 -20.431 
3 16 -4.793 19.007 -20.238 1.222 20.621 -20.624 -4.272 20.127 -26.142 
3 16 1.222 20.621 -20.624 -0.009 21.322 -25.671 -4.272 20.127 -26.142 
3 16 -26.418 30.4 -25.356 -27.765 30.867 -20.228 -26.927 29.359 -25.183 
3 16 -27.765 30.867 -20.228 -26.708 27.775 -20.161 -26.927 29.359 -25.183 
3 16 -26.927 29.359 -25.183 -26.708 27.775 -20.161 -26.049 28.319 -24.886 
3 16 -26.927 29.359 -25.183 -20.205 30.494 -26.404 -26.418 30.4 -25.356 
3 16 -20.19 31.88 -26.027 -26.418 30.4 -25.356 -20.205 30.494 -26.404 
3 16 -6.638 25.749 -26.269 -4.272 20.127 -26.142 -0.093 26.478 -26.57 
3 16 -4.272 20.127 -26.142 -0.009 21.322 -25.671 -0.093 26.478 -26.57 
3 16 -0.538 32.208 -26.921 -2.053 33.631 -27.139 -6.225 31.043 -28.122 
3 16 -6.225 31.043 -28.122 -2.053 33.631 -27.139 -5.614 33.779 -26.683 
3 16 -27.651 34.287 -20.964 -20.854 35.845 -20.743 -27.888 34.073 -27.7 
3 16 -21.57 35.197 -27.975 -27.888 34.073 -27.7 -20.854 35.845 -20.743 
3 16 -27.647 33.082 -28.8 -21.637 33.891 -29.422 -26.293 27.143 -29.199 
3 16 -26.293 27.143 -29.199 -21.637 33.891 -29.422 -21.328 27.325 -29.798 
3 16 -1.486 17.922 -29.676 -6.867 17.006 -28.954 -1.807 24.286 -30.249 
3 16 -1.807 24.286 -30.249 -6.867 17.006 -28.954 -6.558 23.273 -29.74 
3 16 8.282 -6.895 -24.714 9.769 1.267 -25.067 8.14 -6.426 -20.001 
3 16 9.769 1.267 -25.067 9.957 1.205 -20 8.14 -6.426 -20.001 
3 16 8.282 -6.895 -24.714 5.946 -4.948 -27.476 9.769 1.267 -25.067 
3 16 6.658 1.282 -28.181 9.769 1.267 -25.067 5.946 -4.948 -27.476 
3 16 3.054 -7.596 -27.526 -0.549 0.418 -28.723 5.946 -4.948 -27.476 
3 16 -0.549 0.418 -28.723 6.658 1.282 -28.181 5.946 -4.948 -27.476 
3 16 -1.121 -7.699 -27.452 -0.549 0.418 -28.723 3.054 -7.596 -27.526 
3 16 -6.521 -7.928 -24.618 -0.987 -10.158 -24.542 -6.582 -8.203 -19.999 
3 16 -0.987 -10.158 -24.542 -0.965 -10.27 -20 -6.582 -8.203 -19.999 
3 16 -0.987 -10.158 -24.542 -6.521 -7.928 -24.618 -1.121 -7.699 -27.452 
3 16 -1.121 -7.699 -27.452 -6.521 -7.928 -24.618 -4.803 -6.278 -27.384 
3 16 -43.105 14.827 -30.064 -48.172 14.724 -30.384 -47.229 21.749 -29.876 
3 16 -48.172 14.724 -30.384 -49.257 20.747 -30.194 -47.229 21.749 -29.876 
3 16 -40.267 13.298 -26.642 -47.281 12.89 -25.656 -43.105 14.827 -30.064 
3 16 -48.172 14.724 -30.384 -43.105 14.827 -30.064 -47.281 12.89 -25.656 
3 16 -48.172 14.724 -30.384 -53.639 15.144 -30.383 -49.257 20.747 -30.194 
3 16 -49.257 20.747 -30.194 -53.639 15.144 -30.383 -51.514 20.897 -30.378 
3 16 -52.655 14.694 -13.785 -51.514 20.897 -13.558 -56 18.949 -13.158 
3 16 -51.514 20.897 -13.558 -53.353 22.305 -13.443 -56 18.949 -13.158 
3 16 -36.473 17.587 -20.33 -39.73 13.214 -19.696 -36.747 17.864 -26.682 
3 16 -39.73 13.214 -19.696 -40.267 13.298 -26.642 -36.747 17.864 -26.682 
3 16 3.545 34.13 -27.803 4.23 25.292 -27.295 1.16 31.64 -30.679 
3 16 2.043 24.67 -29.957 1.16 31.64 -30.679 4.23 25.292 -27.295 
3 16 4.008 34.532 -21.103 4.686 25.865 -21.293 3.545 34.13 -27.803 
3 16 3.545 34.13 -27.803 4.686 25.865 -21.293 4.23 25.292 -27.295 
3 16 4.008 34.532 -21.103 0.767 32.338 -21.234 4.686 25.865 -21.293 
3 16 0.767 32.338 -21.234 1.015 26.548 -21.39 4.686 25.865 -21.293 
3 16 -54.311 23.984 -29.929 -54.418 24.451 -28.857 -54.247 23.811 -13.521 
3 16 -54.071 24.53 -14.346 -54.247 23.811 -13.521 -54.418 24.451 -28.857 
3 16 -53.272 22.331 -30.254 -54.311 23.984 -29.929 -53.353 22.305 -13.443 
3 16 -54.247 23.811 -13.521 -53.353 22.305 -13.443 -54.311 23.984 -29.929 
3 16 -58.929 23.587 -18.796 -59.841 22.652 -18.297 -58.312 23.755 -18.365 
3 16 -59.073 22.877 -18.003 -58.312 23.755 -18.365 -59.841 22.652 -18.297 
3 16 -55.866 27.116 -15.121 -56.625 23.787 -14.005 -53.699 26.379 -15.136 
3 16 -56.625 23.787 -14.005 -54.071 24.53 -14.346 -53.699 26.379 -15.136 
3 16 -54.418 24.451 -28.857 -53.88 25.908 -28.045 -54.071 24.53 -14.346 
3 16 -53.699 26.379 -15.136 -54.071 24.53 -14.346 -53.88 25.908 -28.045 
3 16 -56.852 24.097 -28.518 -56.464 26.782 -27.663 -54.418 24.451 -28.857 
3 16 -56.464 26.782 -27.663 -53.88 25.908 -28.045 -54.418 24.451 -28.857 
3 16 -56.464 26.782 -27.663 -56.852 24.097 -28.518 -57.002 26.961 -23.793 
3 16 -56.852 24.097 -28.518 -57.87 24.043 -24.141 -57.002 26.961 -23.793 
3 16 -56 18.949 -13.158 -53.353 22.305 -13.443 -57.646 22.997 -13.123 
3 16 -53.353 22.305 -13.443 -54.247 23.811 -13.521 -57.646 22.997 -13.123 
3 16 1.626 13.393 -19.999 -10.442 4.962 -19.997 8.58 7.452 -20.001 
3 16 6.223 13.966 -20.002 8.58 7.452 -20.001 6.076 13.187 -25.938 
3 16 8.207 7.369 -25.667 6.076 13.187 -25.938 8.58 7.452 -20.001 
3 16 8.207 7.369 -25.667 5.445 6.888 -28.717 6.076 13.187 -25.938 
3 16 3.876 12.555 -29.224 6.076 13.187 -25.938 5.445 6.888 -28.717 
3 16 -1.321 5.705 -29.125 -1.524 12.003 -29.436 5.445 6.888 -28.717 
3 16 3.876 12.555 -29.224 5.445 6.888 -28.717 -1.524 12.003 -29.436 
3 16 -4.793 19.007 -20.238 -9.192 16.688 -20.132 -4.24 12.515 -20.001 
3 16 -9.192 16.688 -20.132 -9.7 11.678 -19.998 -4.24 12.515 -20.001 
3 16 1.222 20.621 -20.624 -4.793 19.007 -20.238 1.626 13.393 -19.999 
3 16 -4.24 12.515 -20.001 1.626 13.393 -19.999 -4.793 19.007 -20.238 
3 16 2.773 18.162 -29.516 4.913 18.47 -26.408 3.876 12.555 -29.224 
3 16 6.076 13.187 -25.938 3.876 12.555 -29.224 4.913 18.47 -26.408 
3 16 3.876 12.555 -29.224 -1.524 12.003 -29.436 2.773 18.162 -29.516 
3 16 -1.524 12.003 -29.436 -1.486 17.922 -29.676 2.773 18.162 -29.516 
3 16 6.076 13.187 -25.938 4.913 18.47 -26.408 6.223 13.966 -20.002 
3 16 4.913 18.47 -26.408 5.314 19.011 -20.862 6.223 13.966 -20.002 
3 16 -9.192 16.688 -20.132 -4.793 19.007 -20.238 -8.91 22.118 -20.675 
3 16 -4.793 19.007 -20.238 -5.915 24.485 -20.431 -8.91 22.118 -20.675 
3 16 1.222 20.621 -20.624 1.626 13.393 -19.999 5.314 19.011 -20.862 
3 16 5.314 19.011 -20.862 1.626 13.393 -19.999 6.223 13.966 -20.002 
3 16 -27.765 30.867 -20.228 -20.759 32.37 -20.304 -27.651 34.287 -20.964 
3 16 -27.651 34.287 -20.964 -20.759 32.37 -20.304 -20.854 35.845 -20.743 
3 16 -35.152 29.493 -19.653 -31.952 25.181 -19.392 -27.765 30.867 -20.228 
3 16 -27.765 30.867 -20.228 -31.952 25.181 -19.392 -26.708 27.775 -20.161 
3 16 -31.952 25.181 -19.392 -26.161 25.642 -20.013 -26.708 27.775 -20.161 
3 16 -34.945 30.561 -28.899 -33.308 31.959 -28.326 -27.647 33.082 -28.8 
3 16 -33.308 31.959 -28.326 -27.888 34.073 -27.7 -27.647 33.082 -28.8 
3 16 -35.152 29.493 -19.653 -33.655 31.686 -20.387 -34.945 30.561 -28.899 
3 16 -33.655 31.686 -20.387 -33.308 31.959 -28.326 -34.945 30.561 -28.899 
3 16 -9.291 11.633 -26.039 -10.271 4.464 -25.446 -9.7 11.678 -19.998 
3 16 -10.442 4.962 -19.997 -9.7 11.678 -19.998 -10.271 4.464 -25.446 
3 16 -10.442 4.962 -19.997 -10.149 -1.602 -19.997 8.58 7.452 -20.001 
3 16 8.14 -6.426 -20.001 -6.582 -8.203 -19.999 -0.965 -10.27 -20 
3 16 8.14 -6.426 -20.001 -0.965 -10.27 -20 4.205 -9.656 -19.999 
3 16 -6.582 -8.203 -19.999 8.14 -6.426 -20.001 9.957 1.205 -20 
3 16 -10.149 -1.602 -19.997 -6.582 -8.203 -19.999 9.957 1.205 -20 
3 16 -21.328 27.325 -29.798 -14.157 26.846 -30.881 -21.19 24.876 -27.218 
3 16 -21.19 24.876 -27.218 -14.157 26.846 -30.881 -14.459 24.012 -27.335 
3 16 -14.013 23.601 -20.684 -20.832 24.397 -20.931 -14.459 24.012 -27.335 
3 16 -20.832 24.397 -20.931 -21.19 24.876 -27.218 -14.459 24.012 -27.335 
3 16 -20.832 24.397 -20.931 -14.013 23.601 -20.684 -20.915 25.087 -20.249 
3 16 -13.126 26.89 -20.51 -20.835 27.685 -20.282 -14.013 23.601 -20.684 
3 16 -20.835 27.685 -20.282 -20.915 25.087 -20.249 -14.013 23.601 -20.684 
3 16 -20.835 27.685 -20.282 -13.126 26.89 -20.51 -20.45 28.55 -25.855 
3 16 -20.45 28.55 -25.855 -13.126 26.89 -20.51 -13.624 27.68 -26.275 
3 16 -13.302 33.154 -26.276 -20.19 31.88 -26.027 -13.502 30.684 -27.374 
3 16 -20.19 31.88 -26.027 -20.205 30.494 -26.404 -13.502 30.684 -27.374 
3 16 -20.759 32.37 -20.304 -20.19 31.88 -26.027 -12.892 33.739 -20.57 
3 16 -20.19 31.88 -26.027 -13.302 33.154 -26.276 -12.892 33.739 -20.57 
3 16 -12.769 37.162 -20.8 -20.854 35.845 -20.743 -12.892 33.739 -20.57 
3 16 -20.854 35.845 -20.743 -20.759 32.37 -20.304 -12.892 33.739 -20.57 
3 16 -20.854 35.845 -20.743 -12.769 37.162 -20.8 -21.57 35.197 -27.975 
3 16 -13.275 36.87 -28.463 -21.57 35.197 -27.975 -12.769 37.162 -20.8 
3 16 -13.275 36.87 -28.463 -13.526 34.831 -30.605 -21.57 35.197 -27.975 
3 16 -21.637 33.891 -29.422 -21.57 35.197 -27.975 -13.526 34.831 -30.605 
3 16 -13.526 34.831 -30.605 -14.157 26.846 -30.881 -21.637 33.891 -29.422 
3 16 -21.328 27.325 -29.798 -21.637 33.891 -29.422 -14.157 26.846 -30.881 
3 16 -5.972 26.06 -31.818 -1.807 24.286 -30.249 -6.558 23.273 -29.74 
3 16 0.767 32.338 -21.234 -0.538 32.208 -26.921 1.015 26.548 -21.39 
3 16 -0.093 26.478 -26.57 1.015 26.548 -21.39 -0.538 32.208 -26.921 
3 16 -13.302 33.154 -26.276 -13.502 30.684 -27.374 -5.614 33.779 -26.683 
3 16 -5.614 33.779 -26.683 -13.502 30.684 -27.374 -6.225 31.043 -28.122 
3 16 -3.979 34.438 -20.913 -12.892 33.739 -20.57 -5.614 33.779 -26.683 
3 16 -12.892 33.739 -20.57 -13.302 33.154 -26.276 -5.614 33.779 -26.683 
3 16 -2.243 37.777 -21.06 -12.769 37.162 -20.8 -3.979 34.438 -20.913 
3 16 -12.769 37.162 -20.8 -12.892 33.739 -20.57 -3.979 34.438 -20.913 
3 16 -12.769 37.162 -20.8 -2.243 37.777 -21.06 -13.275 36.87 -28.463 
3 16 -2.774 37.318 -28.887 -13.275 36.87 -28.463 -2.243 37.777 -21.06 
3 16 -13.526 34.831 -30.605 -13.275 36.87 -28.463 -2.874 35.349 -31.165 
3 16 -2.874 35.349 -31.165 -13.275 36.87 -28.463 -2.774 37.318 -28.887 
3 16 -13.526 34.831 -30.605 -2.874 35.349 -31.165 -14.157 26.846 -30.881 
3 16 -2.874 35.349 -31.165 -5.972 26.06 -31.818 -14.157 26.846 -30.881 
3 16 -31.952 25.181 -19.392 -36.209 21.631 -18.091 -30.92 22.954 -21.072 
3 16 -36.209 21.631 -18.091 -34.706 19.749 -20.604 -30.92 22.954 -21.072 
3 16 -40.406 27.279 -17.467 -36.209 21.631 -18.091 -35.152 29.493 -19.653 
3 16 -35.152 29.493 -19.653 -36.209 21.631 -18.091 -31.952 25.181 -19.392 
3 16 -40.406 27.279 -17.467 -35.152 29.493 -19.653 -40.313 27.353 -28.885 
3 16 -35.152 29.493 -19.653 -34.945 30.561 -28.899 -40.313 27.353 -28.885 
3 16 -52.718 31.416 -20.148 -52.718 30.939 -19.519 -52.718 31.516 -22.678 
3 16 -52.718 30.939 -19.519 -52.718 30.727 -23.237 -52.718 31.516 -22.678 
3 16 -47.229 21.749 -14.803 -41.772 15.379 -15.67 -46.078 24.53 -15.678 
3 16 -46.078 24.53 -15.678 -41.772 15.379 -15.67 -38.53 19.401 -17.054 
3 16 -38.53 19.401 -17.054 -44.944 26.081 -16.464 -46.078 24.53 -15.678 
3 16 -20.205 30.494 -26.404 -26.927 29.359 -25.183 -20.45 28.55 -25.855 
3 16 -26.927 29.359 -25.183 -26.049 28.319 -24.886 -20.45 28.55 -25.855 
3 16 -13.502 30.684 -27.374 -20.205 30.494 -26.404 -13.624 27.68 -26.275 
3 16 -20.205 30.494 -26.404 -20.45 28.55 -25.855 -13.624 27.68 -26.275 
3 16 -6.225 31.043 -28.122 -13.502 30.684 -27.374 -6.638 25.749 -26.269 
3 16 -13.502 30.684 -27.374 -13.624 27.68 -26.275 -6.638 25.749 -26.269 
3 16 -6.638 25.749 -26.269 -0.093 26.478 -26.57 -6.225 31.043 -28.122 
3 16 -0.093 26.478 -26.57 -0.538 32.208 -26.921 -6.225 31.043 -28.122 
3 16 -52.718 30.355 -25.885 -52.718 30.727 -23.237 -52.718 30.242 -17.586 
3 16 -52.718 30.727 -23.237 -52.718 30.939 -19.519 -52.718 30.242 -17.586 
3 16 -31.226 23.505 -27.075 -25.982 24.848 -26.974 -30.92 22.954 -21.072 
3 16 -25.995 24.441 -20.986 -30.92 22.954 -21.072 -25.982 24.848 -26.974 
3 16 -30.92 22.954 -21.072 -34.706 19.749 -20.604 -31.226 23.505 -27.075 
3 16 -31.226 23.505 -27.075 -34.706 19.749 -20.604 -34.845 20.093 -26.894 
3 16 -36.747 17.864 -26.682 -34.845 20.093 -26.894 -36.473 17.587 -20.33 
3 16 -36.473 17.587 -20.33 -34.845 20.093 -26.894 -34.706 19.749 -20.604 
3 16 -36.209 21.631 -18.091 -38.53 19.401 -17.054 -34.706 19.749 -20.604 
3 16 -38.53 19.401 -17.054 -36.473 17.587 -20.33 -34.706 19.749 -20.604 
3 16 2.043 24.67 -29.957 -1.807 24.286 -30.249 1.16 31.64 -30.679 
3 16 -1.807 24.286 -30.249 -5.972 26.06 -31.818 1.16 31.64 -30.679 
3 16 -2.874 35.349 -31.165 -0.013 34.325 -30.809 -5.972 26.06 -31.818 
3 16 1.16 31.64 -30.679 -5.972 26.06 -31.818 -0.013 34.325 -30.809 
3 16 -58.929 23.587 -18.796 -57.851 27.302 -19.259 -58.863 23.654 -23.522 
3 16 -57.851 27.302 -19.259 -57.877 27.191 -23.273 -58.863 23.654 -23.522 
3 16 -59.841 22.652 -18.297 -58.929 23.587 -18.796 -59.778 22.737 -23.748 
3 16 -58.929 23.587 -18.796 -58.863 23.654 -23.522 -59.778 22.737 -23.748 
3 16 4.547 5.926 -18.027 0.975 7.406 -18.027 0.799 6.073 -17.973 
3 16 7.406 -0.975 -18.027 6.901 2.858 -18.027 5.659 2.344 -17.973 
3 16 6.901 2.858 -18.027 4.547 5.926 -18.027 3.729 4.859 -17.973 
3 16 3.729 4.859 -17.973 5.659 2.344 -17.973 6.901 2.858 -18.027 
3 16 4.547 5.926 -18.027 0.799 6.073 -17.973 3.729 4.859 -17.973 
3 16 5.659 2.344 -17.973 6.073 -0.799 -17.973 7.406 -0.975 -18.027 
3 16 7.406 -0.975 -18.027 6.073 -0.799 -17.973 5.926 -4.547 -18.027 
3 16 6.073 -0.799 -17.973 4.859 -3.729 -17.973 5.926 -4.547 -18.027 
3 16 5.926 -4.547 -18.027 4.859 -3.729 -17.973 2.858 -6.901 -18.027 
3 16 4.859 -3.729 -17.973 2.344 -5.659 -17.973 2.858 -6.901 -18.027 
3 16 2.858 -6.901 -18.027 2.344 -5.659 -17.973 -0.975 -7.406 -18.027 
3 16 2.344 -5.659 -17.973 -0.799 -6.073 -17.973 -0.975 -7.406 -18.027 
3 16 -0.975 -7.406 -18.027 -0.799 -6.073 -17.973 -4.547 -5.926 -18.027 
3 16 -0.799 -6.073 -17.973 -3.729 -4.859 -17.973 -4.547 -5.926 -18.027 
3 16 -4.547 -5.926 -18.027 -3.729 -4.859 -17.973 -6.901 -2.858 -18.027 
3 16 -3.729 -4.859 -17.973 -5.659 -2.344 -17.973 -6.901 -2.858 -18.027 
3 16 -6.901 -2.858 -18.027 -5.659 -2.344 -17.973 -7.406 0.975 -18.027 
3 16 -5.659 -2.344 -17.973 -6.073 0.799 -17.973 -7.406 0.975 -18.027 
3 16 -7.406 0.975 -18.027 -6.073 0.799 -17.973 -5.926 4.547 -18.027 
3 16 -6.073 0.799 -17.973 -4.859 3.729 -17.973 -5.926 4.547 -18.027 
3 16 -5.926 4.547 -18.027 -4.859 3.729 -17.973 -2.858 6.901 -18.027 
3 16 -4.859 3.729 -17.973 -2.344 5.659 -17.973 -2.858 6.901 -18.027 
3 16 -2.858 6.901 -18.027 -2.344 5.659 -17.973 0.975 7.406 -18.027 
3 16 0.799 6.073 -17.973 0.975 7.406 -18.027 -2.344 5.659 -17.973 
3 16 6.901 2.858 -18.027 7.016 2.906 -19.897 4.547 5.926 -18.027 
3 16 4.623 6.024 -19.897 4.547 5.926 -18.027 7.016 2.906 -19.897 
3 16 7.406 -0.975 -18.027 7.529 -0.991 -19.897 6.901 2.858 -18.027 
3 16 7.016 2.906 -19.897 6.901 2.858 -18.027 7.529 -0.991 -19.897 
3 16 5.926 -4.547 -18.027 6.024 -4.623 -19.897 7.406 -0.975 -18.027 
3 16 7.529 -0.991 -19.897 7.406 -0.975 -18.027 6.024 -4.623 -19.897 
3 16 2.858 -6.901 -18.027 2.906 -7.016 -19.897 5.926 -4.547 -18.027 
3 16 6.024 -4.623 -19.897 5.926 -4.547 -18.027 2.906 -7.016 -19.897 
3 16 -0.975 -7.406 -18.027 -0.991 -7.529 -19.897 2.858 -6.901 -18.027 
3 16 2.906 -7.016 -19.897 2.858 -6.901 -18.027 -0.991 -7.529 -19.897 
3 16 -4.547 -5.926 -18.027 -4.623 -6.024 -19.897 -0.975 -7.406 -18.027 
3 16 -0.991 -7.529 -19.897 -0.975 -7.406 -18.027 -4.623 -6.024 -19.897 
3 16 -6.901 -2.858 -18.027 -7.016 -2.906 -19.897 -4.547 -5.926 -18.027 
3 16 -4.623 -6.024 -19.897 -4.547 -5.926 -18.027 -7.016 -2.906 -19.897 
3 16 -7.406 0.975 -18.027 -7.529 0.991 -19.897 -6.901 -2.858 -18.027 
3 16 -7.016 -2.906 -19.897 -6.901 -2.858 -18.027 -7.529 0.991 -19.897 
3 16 -5.926 4.547 -18.027 -6.024 4.623 -19.897 -7.406 0.975 -18.027 
3 16 -7.529 0.991 -19.897 -7.406 0.975 -18.027 -6.024 4.623 -19.897 
3 16 -2.858 6.901 -18.027 -2.906 7.016 -19.897 -5.926 4.547 -18.027 
3 16 -6.024 4.623 -19.897 -5.926 4.547 -18.027 -2.906 7.016 -19.897 
3 16 0.975 7.406 -18.027 0.991 7.529 -19.897 -2.858 6.901 -18.027 
3 16 -2.906 7.016 -19.897 -2.858 6.901 -18.027 0.991 7.529 -19.897 
3 16 4.547 5.926 -18.027 4.623 6.024 -19.897 0.975 7.406 -18.027 
3 16 0.991 7.529 -19.897 0.975 7.406 -18.027 4.623 6.024 -19.897 
3 16 -1.252 6.29 -2 -1.061 5.828 -2 -1.252 6.29 0 
3 16 -1.061 5.828 -2 -0.296 3.982 0 -1.252 6.29 0 
3 16 -0.296 3.982 0 -1.061 5.828 -2 -0.296 3.982 -6.25 
3 16 -0.296 3.982 -6.25 -1.061 5.828 -2 -1.061 5.828 -6.25 
3 16 -1.061 5.828 -6.25 -1.233 5.805 -6.875 -0.296 3.982 -6.25 
3 16 -1.233 5.805 -6.875 -0.468 3.959 -6.875 -0.296 3.982 -6.25 
3 16 -1.233 5.805 -6.875 -1.702 5.743 -7.333 -0.468 3.959 -6.875 
3 16 -1.702 5.743 -7.333 -0.938 3.898 -7.333 -0.468 3.959 -6.875 
3 16 -1.702 5.743 -7.333 -2.344 5.659 -7.5 -0.938 3.898 -7.333 
3 16 -2.344 5.659 -7.5 -1.579 3.813 -7.5 -0.938 3.898 -7.333 
3 16 -2.606 3.025 -6.25 -3.371 4.871 -2 -2.606 3.025 0 
3 16 -3.562 5.333 -2 -3.562 5.333 0 -3.371 4.871 -2 
3 16 -2.606 3.025 0 -3.371 4.871 -2 -3.562 5.333 0 
3 16 -3.371 4.871 -2 -2.606 3.025 -6.25 -3.371 4.871 -6.25 
3 16 -2.606 3.025 -6.25 -2.469 3.131 -6.875 -3.371 4.871 -6.25 
3 16 -3.371 4.871 -6.25 -2.469 3.131 -6.875 -3.233 4.977 -6.875 
3 16 -2.469 3.131 -6.875 -2.093 3.419 -7.333 -3.233 4.977 -6.875 
3 16 -3.233 4.977 -6.875 -2.093 3.419 -7.333 -2.857 5.265 -7.333 
3 16 -2.093 3.419 -7.333 -1.579 3.813 -7.5 -2.857 5.265 -7.333 
3 16 -2.857 5.265 -7.333 -1.579 3.813 -7.5 -2.344 5.659 -7.5 
3 16 1.252 -6.29 -2 1.061 -5.828 -2 1.252 -6.29 0 
3 16 1.061 -5.828 -2 0.296 -3.982 0 1.252 -6.29 0 
3 16 0.296 -3.982 0 1.061 -5.828 -2 0.296 -3.982 -6.25 
3 16 0.296 -3.982 -6.25 1.061 -5.828 -2 1.061 -5.828 -6.25 
3 16 1.061 -5.828 -6.25 1.233 -5.805 -6.875 0.296 -3.982 -6.25 
3 16 1.233 -5.805 -6.875 0.468 -3.959 -6.875 0.296 -3.982 -6.25 
3 16 1.233 -5.805 -6.875 1.702 -5.743 -7.333 0.468 -3.959 -6.875 
3 16 1.702 -5.743 -7.333 0.938 -3.898 -7.333 0.468 -3.959 -6.875 
3 16 1.702 -5.743 -7.333 2.344 -5.659 -7.5 0.938 -3.898 -7.333 
3 16 2.344 -5.659 -7.5 1.579 -3.813 -7.5 0.938 -3.898 -7.333 
3 16 2.344 -5.659 -7.5 2.857 -5.265 -7.333 1.579 -3.813 -7.5 
3 16 1.579 -3.813 -7.5 2.857 -5.265 -7.333 2.093 -3.419 -7.333 
3 16 2.857 -5.265 -7.333 3.233 -4.977 -6.875 2.093 -3.419 -7.333 
3 16 2.093 -3.419 -7.333 3.233 -4.977 -6.875 2.469 -3.131 -6.875 
3 16 3.233 -4.977 -6.875 3.371 -4.871 -6.25 2.469 -3.131 -6.875 
3 16 2.469 -3.131 -6.875 3.371 -4.871 -6.25 2.606 -3.025 -6.25 
3 16 3.562 -5.333 -2 3.562 -5.333 0 3.371 -4.871 -2 
3 16 3.562 -5.333 0 2.606 -3.025 0 3.371 -4.871 -2 
3 16 2.606 -3.025 0 2.606 -3.025 -6.25 3.371 -4.871 -2 
3 16 3.371 -4.871 -2 2.606 -3.025 -6.25 3.371 -4.871 -6.25 
3 16 -3.562 5.333 -2 -3.371 4.871 -2 -5.256 4.033 -2 
3 16 -3.371 4.871 -2 -4.859 3.729 -2 -5.256 4.033 -2 
3 16 -5.256 4.033 -2 -4.859 3.729 -2 -6.568 0.865 -2 
3 16 -4.859 3.729 -2 -6.073 0.799 -2 -6.568 0.865 -2 
3 16 -6.568 0.865 -2 -6.073 0.799 -2 -6.121 -2.535 -2 
3 16 -6.073 0.799 -2 -5.659 -2.344 -2 -6.121 -2.535 -2 
3 16 -6.121 -2.535 -2 -5.659 -2.344 -2 -4.033 -5.256 -2 
3 16 -5.659 -2.344 -2 -3.729 -4.859 -2 -4.033 -5.256 -2 
3 16 -4.033 -5.256 -2 -3.729 -4.859 -2 -0.865 -6.568 -2 
3 16 -3.729 -4.859 -2 -0.799 -6.073 -2 -0.865 -6.568 -2 
3 16 -0.865 -6.568 -2 -0.799 -6.073 -2 1.252 -6.29 -2 
3 16 1.252 -6.29 -2 -0.799 -6.073 -2 1.061 -5.828 -2 
3 16 1.252 -6.29 0 0.296 -3.982 0 -0.865 -6.568 0 
3 16 0.296 -3.982 0 -0.539 -4.092 0 -0.865 -6.568 0 
3 16 -0.865 -6.568 0 -0.539 -4.092 0 -4.033 -5.256 0 
3 16 -0.539 -4.092 0 -2.513 -3.274 0 -4.033 -5.256 0 
3 16 -4.033 -5.256 0 -2.513 -3.274 0 -6.121 -2.535 0 
3 16 -2.513 -3.274 0 -3.813 -1.579 0 -6.121 -2.535 0 
3 16 -6.121 -2.535 0 -3.813 -1.579 0 -6.568 0.865 0 
3 16 -3.813 -1.579 0 -4.092 0.539 0 -6.568 0.865 0 
3 16 -6.568 0.865 0 -4.092 0.539 0 -5.256 4.033 0 
3 16 -4.092 0.539 0 -3.274 2.513 0 -5.256 4.033 0 
3 16 -5.256 4.033 0 -3.274 2.513 0 -3.562 5.333 0 
3 16 -3.562 5.333 0 -3.274 2.513 0 -2.606 3.025 0 
3 16 3.729 4.859 -2 3.729 4.859 -17.973 0.799 6.073 -2 
3 16 0.799 6.073 -2 3.729 4.859 -17.973 0.799 6.073 -17.973 
3 16 -6.073 0.799 -2 -6.073 0.799 -17.973 -5.659 -2.344 -2 
3 16 -5.659 -2.344 -2 -6.073 0.799 -17.973 -5.659 -2.344 -17.973 
3 16 5.659 2.344 -2 5.659 2.344 -17.973 3.729 4.859 -2 
3 16 3.729 4.859 -2 5.659 2.344 -17.973 3.729 4.859 -17.973 
3 16 6.073 -0.799 -2 6.073 -0.799 -17.973 5.659 2.344 -2 
3 16 5.659 2.344 -2 6.073 -0.799 -17.973 5.659 2.344 -17.973 
3 16 4.859 -3.729 -2 4.859 -3.729 -17.973 6.073 -0.799 -2 
3 16 6.073 -0.799 -2 4.859 -3.729 -17.973 6.073 -0.799 -17.973 
3 16 3.371 -4.871 -2 3.371 -4.871 -6.25 4.859 -3.729 -2 
3 16 4.859 -3.729 -2 3.371 -4.871 -6.25 4.859 -3.729 -17.973 
3 16 3.371 -4.871 -6.25 3.233 -4.977 -6.875 4.859 -3.729 -17.973 
3 16 3.233 -4.977 -6.875 2.857 -5.265 -7.333 4.859 -3.729 -17.973 
3 16 2.344 -5.659 -7.5 2.344 -5.659 -17.973 2.857 -5.265 -7.333 
3 16 2.857 -5.265 -7.333 2.344 -5.659 -17.973 4.859 -3.729 -17.973 
3 16 -0.799 -6.073 -17.973 1.061 -5.828 -6.25 -0.799 -6.073 -2 
3 16 -0.799 -6.073 -2 1.061 -5.828 -6.25 1.061 -5.828 -2 
3 16 1.061 -5.828 -6.25 -0.799 -6.073 -17.973 1.233 -5.805 -6.875 
3 16 1.233 -5.805 -6.875 -0.799 -6.073 -17.973 1.702 -5.743 -7.333 
3 16 2.344 -5.659 -7.5 1.702 -5.743 -7.333 2.344 -5.659 -17.973 
3 16 1.702 -5.743 -7.333 -0.799 -6.073 -17.973 2.344 -5.659 -17.973 
3 16 -3.729 -4.859 -2 -3.729 -4.859 -17.973 -0.799 -6.073 -2 
3 16 -0.799 -6.073 -2 -3.729 -4.859 -17.973 -0.799 -6.073 -17.973 
3 16 -5.659 -2.344 -2 -5.659 -2.344 -17.973 -3.729 -4.859 -2 
3 16 -3.729 -4.859 -2 -5.659 -2.344 -17.973 -3.729 -4.859 -17.973 
3 16 -4.859 3.729 -2 -4.859 3.729 -17.973 -6.073 0.799 -2 
3 16 -6.073 0.799 -2 -4.859 3.729 -17.973 -6.073 0.799 -17.973 
3 16 -3.371 4.871 -2 -3.371 4.871 -6.25 -4.859 3.729 -2 
3 16 -4.859 3.729 -2 -3.371 4.871 -6.25 -4.859 3.729 -17.973 
3 16 -3.371 4.871 -6.25 -3.233 4.977 -6.875 -4.859 3.729 -17.973 
3 16 -3.233 4.977 -6.875 -2.857 5.265 -7.333 -4.859 3.729 -17.973 
3 16 -2.344 5.659 -7.5 -2.344 5.659 -17.973 -2.857 5.265 -7.333 
3 16 -4.859 3.729 -17.973 -2.857 5.265 -7.333 -2.344 5.659 -17.973 
3 16 0.799 6.073 -17.973 -1.061 5.828 -6.25 0.799 6.073 -2 
3 16 0.799 6.073 -2 -1.061 5.828 -6.25 -1.061 5.828 -2 
3 16 -1.061 5.828 -6.25 0.799 6.073 -17.973 -1.233 5.805 -6.875 
3 16 -1.233 5.805 -6.875 0.799 6.073 -17.973 -1.702 5.743 -7.333 
3 16 -2.344 5.659 -7.5 -1.702 5.743 -7.333 -2.344 5.659 -17.973 
3 16 -1.702 5.743 -7.333 0.799 6.073 -17.973 -2.344 5.659 -17.973 
3 16 3.562 -5.333 -2 3.371 -4.871 -2 5.256 -4.033 -2 
3 16 3.371 -4.871 -2 4.859 -3.729 -2 5.256 -4.033 -2 
3 16 5.256 -4.033 -2 4.859 -3.729 -2 6.568 -0.865 -2 
3 16 4.859 -3.729 -2 6.073 -0.799 -2 6.568 -0.865 -2 
3 16 6.568 -0.865 -2 6.073 -0.799 -2 6.121 2.535 -2 
3 16 6.073 -0.799 -2 5.659 2.344 -2 6.121 2.535 -2 
3 16 6.121 2.535 -2 5.659 2.344 -2 4.033 5.256 -2 
3 16 5.659 2.344 -2 3.729 4.859 -2 4.033 5.256 -2 
3 16 4.033 5.256 -2 3.729 4.859 -2 0.865 6.568 -2 
3 16 3.729 4.859 -2 0.799 6.073 -2 0.865 6.568 -2 
3 16 0.865 6.568 -2 0.799 6.073 -2 -1.252 6.29 -2 
3 16 -1.252 6.29 -2 0.799 6.073 -2 -1.061 5.828 -2 
3 16 -1.252 6.29 0 -0.296 3.982 0 0.865 6.568 0 
3 16 -0.296 3.982 0 0.539 4.092 0 0.865 6.568 0 
3 16 0.865 6.568 0 0.539 4.092 0 4.033 5.256 0 
3 16 0.539 4.092 0 2.513 3.274 0 4.033 5.256 0 
3 16 4.033 5.256 0 2.513 3.274 0 6.121 2.535 0 
3 16 2.513 3.274 0 3.813 1.579 0 6.121 2.535 0 
3 16 6.121 2.535 0 3.813 1.579 0 6.568 -0.865 0 
3 16 3.813 1.579 0 4.092 -0.539 0 6.568 -0.865 0 
3 16 6.568 -0.865 0 4.092 -0.539 0 5.256 -4.033 0 
3 16 4.092 -0.539 0 3.274 -2.513 0 5.256 -4.033 0 
3 16 5.256 -4.033 0 3.274 -2.513 0 3.562 -5.333 0 
3 16 3.562 -5.333 0 3.274 -2.513 0 2.606 -3.025 0 
3 16 6.121 2.535 0 6.121 2.535 -2 4.033 5.256 0 
3 16 4.033 5.256 0 6.121 2.535 -2 4.033 5.256 -2 
3 16 6.568 -0.865 0 6.568 -0.865 -2 6.121 2.535 0 
3 16 6.121 2.535 0 6.568 -0.865 -2 6.121 2.535 -2 
3 16 5.256 -4.033 0 5.256 -4.033 -2 6.568 -0.865 0 
3 16 6.568 -0.865 0 5.256 -4.033 -2 6.568 -0.865 -2 
3 16 5.256 -4.033 -2 5.256 -4.033 0 3.562 -5.333 -2 
3 16 3.562 -5.333 -2 5.256 -4.033 0 3.562 -5.333 0 
3 16 -0.865 -6.568 0 -0.865 -6.568 -2 1.252 -6.29 0 
3 16 1.252 -6.29 0 -0.865 -6.568 -2 1.252 -6.29 -2 
3 16 -4.033 -5.256 0 -4.033 -5.256 -2 -0.865 -6.568 0 
3 16 -0.865 -6.568 0 -4.033 -5.256 -2 -0.865 -6.568 -2 
3 16 -6.121 -2.535 0 -6.121 -2.535 -2 -4.033 -5.256 0 
3 16 -4.033 -5.256 0 -6.121 -2.535 -2 -4.033 -5.256 -2 
3 16 -6.568 0.865 0 -6.568 0.865 -2 -6.121 -2.535 0 
3 16 -6.121 -2.535 0 -6.568 0.865 -2 -6.121 -2.535 -2 
3 16 -5.256 4.033 0 -5.256 4.033 -2 -6.568 0.865 0 
3 16 -6.568 0.865 0 -5.256 4.033 -2 -6.568 0.865 -2 
3 16 -3.562 5.333 -2 -5.256 4.033 -2 -3.562 5.333 0 
3 16 -3.562 5.333 0 -5.256 4.033 -2 -5.256 4.033 0 
3 16 0.865 6.568 0 0.865 6.568 -2 -1.252 6.29 0 
3 16 -1.252 6.29 0 0.865 6.568 -2 -1.252 6.29 -2 
3 16 4.033 5.256 0 4.033 5.256 -2 0.865 6.568 0 
3 16 0.865 6.568 0 4.033 5.256 -2 0.865 6.568 -2 
3 16 3.813 1.579 -20 3.813 1.579 0 2.513 3.274 -20 
3 16 2.513 3.274 -20 3.813 1.579 0 2.513 3.274 0 
3 16 2.513 3.274 -20 2.513 3.274 0 0.539 4.092 -20 
3 16 0.539 4.092 -20 2.513 3.274 0 0.539 4.092 0 
3 16 -0.296 3.982 0 -0.296 3.982 -6.25 0.539 4.092 0 
3 16 0.539 4.092 0 -0.296 3.982 -6.25 0.539 4.092 -20 
3 16 -0.296 3.982 -6.25 -0.468 3.959 -6.875 0.539 4.092 -20 
3 16 -0.468 3.959 -6.875 -0.938 3.898 -7.333 0.539 4.092 -20 
3 16 -1.579 3.813 -7.5 -1.579 3.813 -20 -0.938 3.898 -7.333 
3 16 -0.938 3.898 -7.333 -1.579 3.813 -20 0.539 4.092 -20 
3 16 -3.274 2.513 -20 -2.606 3.025 -6.25 -3.274 2.513 0 
3 16 -3.274 2.513 0 -2.606 3.025 -6.25 -2.606 3.025 0 
3 16 -2.606 3.025 -6.25 -3.274 2.513 -20 -2.469 3.131 -6.875 
3 16 -2.469 3.131 -6.875 -3.274 2.513 -20 -2.093 3.419 -7.333 
3 16 -1.579 3.813 -7.5 -2.093 3.419 -7.333 -1.579 3.813 -20 
3 16 -2.093 3.419 -7.333 -3.274 2.513 -20 -1.579 3.813 -20 
3 16 -3.274 2.513 -20 -3.274 2.513 0 -4.092 0.539 -20 
3 16 -4.092 0.539 -20 -3.274 2.513 0 -4.092 0.539 0 
3 16 -4.092 0.539 -20 -4.092 0.539 0 -3.813 -1.579 -20 
3 16 -3.813 -1.579 -20 -4.092 0.539 0 -3.813 -1.579 0 
3 16 -3.813 -1.579 -20 -3.813 -1.579 0 -2.513 -3.274 -20 
3 16 -2.513 -3.274 -20 -3.813 -1.579 0 -2.513 -3.274 0 
3 16 -2.513 -3.274 -20 -2.513 -3.274 0 -0.539 -4.092 -20 
3 16 -0.539 -4.092 -20 -2.513 -3.274 0 -0.539 -4.092 0 
3 16 0.296 -3.982 0 0.296 -3.982 -6.25 -0.539 -4.092 0 
3 16 -0.539 -4.092 0 0.296 -3.982 -6.25 -0.539 -4.092 -20 
3 16 0.296 -3.982 -6.25 0.468 -3.959 -6.875 -0.539 -4.092 -20 
3 16 0.468 -3.959 -6.875 0.938 -3.898 -7.333 -0.539 -4.092 -20 
3 16 1.579 -3.813 -7.5 1.579 -3.813 -20 0.938 -3.898 -7.333 
3 16 0.938 -3.898 -7.333 1.579 -3.813 -20 -0.539 -4.092 -20 
3 16 3.274 -2.513 -20 2.606 -3.025 -6.25 3.274 -2.513 0 
3 16 3.274 -2.513 0 2.606 -3.025 -6.25 2.606 -3.025 0 
3 16 2.606 -3.025 -6.25 3.274 -2.513 -20 2.469 -3.131 -6.875 
3 16 2.469 -3.131 -6.875 3.274 -2.513 -20 2.093 -3.419 -7.333 
3 16 1.579 -3.813 -7.5 2.093 -3.419 -7.333 1.579 -3.813 -20 
3 16 2.093 -3.419 -7.333 3.274 -2.513 -20 1.579 -3.813 -20 
3 16 3.274 -2.513 -20 3.274 -2.513 0 4.092 -0.539 -20 
3 16 4.092 -0.539 -20 3.274 -2.513 0 4.092 -0.539 0 
3 16 4.092 -0.539 -20 4.092 -0.539 0 3.813 1.579 -20 
3 16 3.813 1.579 -20 4.092 -0.539 0 3.813 1.579 0 
2 24 -59.073 22.877 -18.003 -57.238 18.437 -17.98 
2 24 -57.646 22.997 -13.123 -59.073 22.877 -18.003 
2 24 -56 18.949 -13.158 -57.646 22.997 -13.123 
2 24 -59.841 22.652 -18.297 -57.947 18.04 -18.483 
2 24 -59.073 22.877 -18.003 -59.841 22.652 -18.297 
2 24 -59.778 22.737 -23.748 -58.116 17.829 -24.206 
2 24 -59.841 22.652 -18.297 -59.778 22.737 -23.748 
2 24 -57.646 22.997 -13.123 -56.625 23.787 -14.005 
2 24 -58.312 23.755 -18.365 -59.073 22.877 -18.003 
2 24 -56.625 23.787 -14.005 -58.312 23.755 -18.365 
2 24 -57.646 22.997 -13.123 -54.247 23.811 -13.521 
2 24 -54.247 23.811 -13.521 -54.071 24.53 -14.346 
2 24 -54.071 24.53 -14.346 -56.625 23.787 -14.005 
2 24 -47.655 14.738 -14.5 -41.772 15.379 -15.67 
2 24 -47.229 21.749 -14.803 -49.257 20.747 -14.035 
2 24 -47.051 12.134 -19.367 -39.73 13.214 -19.696 
2 24 -39.73 13.214 -19.696 -41.772 15.379 -15.67 
2 24 -52.929 10.439 -19.221 -46.654 10.857 -20.183 
2 24 -52.561 11.71 -18.673 -52.929 10.439 -19.221 
2 24 -47.051 12.134 -19.367 -52.561 11.71 -18.673 
2 24 -53.022 10.683 -24.584 -47.104 11.073 -25.031 
2 24 -52.929 10.439 -19.221 -53.022 10.683 -24.584 
2 24 -53.535 13.03 -25.28 -47.281 12.89 -25.656 
2 24 -59.778 22.737 -23.748 -58.546 23.174 -24.39 
2 24 -58.546 23.174 -24.39 -57.336 18.408 -24.796 
2 24 -59.778 22.737 -23.748 -58.863 23.654 -23.522 
2 24 -58.863 23.654 -23.522 -57.87 24.043 -24.141 
2 24 -57.87 24.043 -24.141 -58.546 23.174 -24.39 
2 24 -56.852 24.097 -28.518 -57.699 23.454 -29.526 
2 24 -57.87 24.043 -24.141 -56.852 24.097 -28.518 
2 24 -57.699 23.454 -29.526 -58.546 23.174 -24.39 
2 24 -57.699 23.454 -29.526 -56.761 19.266 -30.137 
2 24 -53.535 13.03 -25.28 -53.639 15.144 -30.383 
2 24 -53.639 15.144 -30.383 -48.172 14.724 -30.384 
2 24 -43.105 14.827 -30.064 -39.385 20.187 -29.976 
2 24 -40.267 13.298 -26.642 -43.105 14.827 -30.064 
2 24 -36.747 17.864 -26.682 -40.267 13.298 -26.642 
2 24 -39.73 13.214 -19.696 -40.793 11.826 -21.188 
2 24 -41.06 12.043 -25.567 -40.267 13.298 -26.642 
2 24 -40.793 11.826 -21.188 -41.06 12.043 -25.567 
2 24 -54.762 29.565 -26.459 -56.464 26.782 -27.663 
2 24 -57.002 26.961 -23.793 -55.156 29.851 -23.536 
2 24 -52.936 27.481 -27.347 -53.88 25.908 -28.045 
2 24 -54.311 23.984 -29.929 -57.699 23.454 -29.526 
2 24 -56.852 24.097 -28.518 -54.418 24.451 -28.857 
2 24 -54.418 24.451 -28.857 -54.311 23.984 -29.929 
2 24 -54.311 23.984 -29.929 -53.272 22.331 -30.254 
2 24 -47.229 21.749 -29.876 -46.078 24.53 -29.149 
2 24 -46.078 24.53 -29.149 -45.237 25.655 -28.686 
2 24 -40.313 27.353 -28.885 -34.945 30.561 -28.899 
2 24 -31.867 26.024 -29.234 -37.07 22.547 -29.844 
2 24 -44.944 26.081 -16.464 -40.406 27.279 -17.467 
2 24 -45.237 25.655 -28.686 -44.944 26.081 -16.464 
2 24 -40.313 27.353 -28.885 -45.237 25.655 -28.686 
2 24 1.43 37.144 -28.142 -2.774 37.318 -28.887 
2 24 -2.243 37.777 -21.06 1.823 37.378 -21.14 
2 24 4.386 -9.598 -24.449 -0.987 -10.158 -24.542 
2 24 -1.121 -7.699 -27.452 3.054 -7.596 -27.526 
2 24 9.769 1.267 -25.067 8.207 7.369 -25.667 
2 24 8.58 7.452 -20.001 9.957 1.205 -20 
2 24 3.545 34.13 -27.803 1.43 37.144 -28.142 
2 24 1.823 37.378 -21.14 4.008 34.532 -21.103 
2 24 8.14 -6.426 -20.001 4.205 -9.656 -19.999 
2 24 4.386 -9.598 -24.449 8.282 -6.895 -24.714 
2 24 -9.876 -1.533 -25.015 -10.271 4.464 -25.446 
2 24 -8.171 4.706 -28.215 -7.631 -0.721 -27.744 
2 24 -5.915 24.485 -20.431 -13.126 26.89 -20.51 
2 24 -14.013 23.601 -20.684 -8.91 22.118 -20.675 
2 24 -38.53 19.401 -17.054 -41.772 15.379 -15.67 
2 24 -39.73 13.214 -19.696 -36.473 17.587 -20.33 
2 24 -33.655 31.686 -20.387 -35.152 29.493 -19.653 
2 24 -27.651 34.287 -20.964 -33.655 31.686 -20.387 
2 24 6.658 1.282 -28.181 5.445 6.888 -28.717 
2 24 -6.521 -7.928 -24.618 -9.876 -1.533 -25.015 
2 24 -7.631 -0.721 -27.744 -4.803 -6.278 -27.384 
2 24 -26.293 27.143 -29.199 -21.328 27.325 -29.798 
2 24 -21.19 24.876 -27.218 -25.982 24.848 -26.974 
2 24 -20.832 24.397 -20.931 -25.995 24.441 -20.986 
2 24 -31.867 26.024 -29.234 -26.293 27.143 -29.199 
2 24 -25.982 24.848 -26.974 -31.226 23.505 -27.075 
2 24 -34.945 30.561 -28.899 -27.647 33.082 -28.8 
2 24 -27.888 34.073 -27.7 -21.57 35.197 -27.975 
2 24 -21.637 33.891 -29.422 -27.647 33.082 -28.8 
2 24 -0.013 34.325 -30.809 -2.874 35.349 -31.165 
2 24 -5.972 26.06 -31.818 -6.558 23.273 -29.74 
2 24 -14.157 26.846 -30.881 -5.972 26.06 -31.818 
2 24 -6.558 23.273 -29.74 -8.463 22.175 -27.27 
2 24 -8.463 22.175 -27.27 -14.459 24.012 -27.335 
2 24 -8.463 22.175 -27.27 -8.91 22.118 -20.675 
2 24 -27.888 34.073 -27.7 -33.308 31.959 -28.326 
2 24 -47.281 12.89 -25.656 -40.267 13.298 -26.642 
2 24 -41.06 12.043 -25.567 -47.104 11.073 -25.031 
2 24 -40.793 11.826 -21.188 -46.654 10.857 -20.183 
2 24 -52.655 14.694 -13.785 -47.655 14.738 -14.5 
2 24 -49.257 20.747 -14.035 -51.514 20.897 -13.558 
2 24 -52.655 14.694 -13.785 -52.561 11.71 -18.673 
2 24 -31.226 23.505 -27.075 -34.845 20.093 -26.894 
2 24 -20.915 25.087 -20.249 -26.161 25.642 -20.013 
2 24 -3.979 34.438 -20.913 0.126 34.104 -21.013 
2 24 0.126 34.104 -21.013 0.767 32.338 -21.234 
2 24 -20.835 27.685 -20.282 -26.708 27.775 -20.161 
2 24 -26.161 25.642 -20.013 -31.952 25.181 -19.392 
2 24 -30.92 22.954 -21.072 -25.995 24.441 -20.986 
2 24 -39.385 20.187 -29.976 -37.07 22.547 -29.844 
2 24 -34.845 20.093 -26.894 -36.747 17.864 -26.682 
2 24 -53.639 15.144 -30.383 -56.761 19.266 -30.137 
2 24 -53.272 22.331 -30.254 -51.514 20.897 -30.378 
2 24 -53.535 13.03 -25.28 -57.336 18.408 -24.796 
2 24 -53.022 10.683 -24.584 -58.116 17.829 -24.206 
2 24 -52.929 10.439 -19.221 -57.947 18.04 -18.483 
2 24 -52.561 11.71 -18.673 -57.238 18.437 -17.98 
2 24 -52.655 14.694 -13.785 -56 18.949 -13.158 
2 24 -58.863 23.654 -23.522 -57.877 27.191 -23.273 
2 24 -57.002 26.961 -23.793 -57.87 24.043 -24.141 
2 24 -57.851 27.302 -19.259 -58.929 23.587 -18.796 
2 24 -58.929 23.587 -18.796 -58.312 23.755 -18.365 
2 24 -58.312 23.755 -18.365 -57.286 27.07 -18.716 
2 24 -56.625 23.787 -14.005 -55.866 27.116 -15.121 
2 24 -54.694 29.469 -16.401 -52.718 30.242 -17.586 
2 24 -52.718 30.242 -17.586 -52.718 30.939 -19.519 
2 24 -52.718 30.939 -19.519 -55.36 29.751 -19.188 
2 24 -52.718 31.416 -20.148 -55.61 30.238 -19.658 
2 24 -52.718 30.939 -19.519 -52.718 31.416 -20.148 
2 24 -52.718 31.516 -22.678 -55.737 30.091 -23.087 
2 24 -52.718 31.416 -20.148 -52.718 31.516 -22.678 
2 24 -52.718 31.516 -22.678 -52.718 30.727 -23.237 
2 24 -52.718 30.727 -23.237 -55.156 29.851 -23.536 
2 24 -52.718 30.727 -23.237 -52.718 30.355 -25.885 
2 24 -52.718 30.355 -25.885 -54.762 29.565 -26.459 
2 24 -52.718 30.355 -25.885 -52.936 27.481 -27.347 
2 24 -57.877 27.191 -23.273 -55.737 30.091 -23.087 
2 24 -57.851 27.302 -19.259 -55.61 30.238 -19.658 
2 24 -57.286 27.07 -18.716 -55.36 29.751 -19.188 
2 24 -55.866 27.116 -15.121 -54.694 29.469 -16.401 
2 24 8.58 7.452 -20.001 6.223 13.966 -20.002 
2 24 -9.192 16.688 -20.132 -8.91 22.118 -20.675 
2 24 -8.463 22.175 -27.27 -8.667 17.075 -26.65 
2 24 -6.558 23.273 -29.74 -6.867 17.006 -28.954 
2 24 -6.867 17.006 -28.954 -7.587 11.217 -28.535 
2 24 -9.291 11.633 -26.039 -8.667 17.075 -26.65 
2 24 -9.7 11.678 -19.998 -9.192 16.688 -20.132 
2 24 5.314 19.011 -20.862 4.686 25.865 -21.293 
2 24 1.015 26.548 -21.39 1.222 20.621 -20.624 
2 24 4.913 18.47 -26.408 4.23 25.292 -27.295 
2 24 2.773 18.162 -29.516 2.043 24.67 -29.957 
2 24 1.16 31.64 -30.679 -0.013 34.325 -30.809 
2 24 -53.699 26.379 -15.136 -52.746 28.243 -16.355 
2 24 -52.746 28.243 -16.355 -52.718 30.242 -17.586 
2 24 -38.53 19.401 -17.054 -36.209 21.631 -18.091 
2 24 -47.229 21.749 -14.803 -46.078 24.53 -15.678 
2 24 -47.229 21.749 -29.876 -49.257 20.747 -30.194 
2 24 -49.257 20.747 -30.194 -51.514 20.897 -30.378 
2 24 -53.353 22.305 -13.443 -51.514 20.897 -13.558 
2 24 -52.936 27.481 -27.347 -52.746 28.243 -16.355 
2 24 -46.078 24.53 -15.678 -44.944 26.081 -16.464 
2 24 4.205 -9.656 -19.999 -0.965 -10.27 -20 
2 24 -10.149 -1.602 -19.997 -10.442 4.962 -19.997 
2 24 -9.7 11.678 -19.998 -10.442 4.962 -19.997 
2 24 3.054 -7.596 -27.526 5.946 -4.948 -27.476 
2 24 -10.271 4.464 -25.446 -9.291 11.633 -26.039 
2 24 -7.587 11.217 -28.535 -8.171 4.706 -28.215 
2 24 -6.582 -8.203 -19.999 -10.149 -1.602 -19.997 
2 24 -1.121 -7.699 -27.452 -4.803 -6.278 -27.384 
2 24 -5.915 24.485 -20.431 -6.638 25.749 -26.269 
2 24 -6.638 25.749 -26.269 -13.624 27.68 -26.275 
2 24 -20.45 28.55 -25.855 -26.049 28.319 -24.886 
2 24 -26.049 28.319 -24.886 -26.708 27.775 -20.161 
2 24 -2.053 33.631 -27.139 -0.538 32.208 -26.921 
2 24 0.126 34.104 -21.013 -2.053 33.631 -27.139 
2 24 -5.614 33.779 -26.683 -2.053 33.631 -27.139 
2 24 -27.765 30.867 -20.228 -26.418 30.4 -25.356 
2 24 -20.759 32.37 -20.304 -27.765 30.867 -20.228 
2 24 -26.418 30.4 -25.356 -20.19 31.88 -26.027 
2 24 -0.009 21.322 -25.671 1.222 20.621 -20.624 
2 24 -0.093 26.478 -26.57 -0.009 21.322 -25.671 
2 24 -4.272 20.127 -26.142 -6.638 25.749 -26.269 
2 24 -4.793 19.007 -20.238 -4.272 20.127 -26.142 
2 24 -5.915 24.485 -20.431 -4.793 19.007 -20.238 
2 24 -4.793 19.007 -20.238 1.222 20.621 -20.624 
2 24 -0.009 21.322 -25.671 -4.272 20.127 -26.142 
2 24 -26.927 29.359 -25.183 -26.418 30.4 -25.356 
2 24 -27.765 30.867 -20.228 -26.708 27.775 -20.161 
2 24 -26.049 28.319 -24.886 -26.927 29.359 -25.183 
2 24 -27.651 34.287 -20.964 -20.854 35.845 -20.743 
2 24 8.282 -6.895 -24.714 9.769 1.267 -25.067 
2 24 9.957 1.205 -20 8.14 -6.426 -20.001 
2 24 5.946 -4.948 -27.476 6.658 1.282 -28.181 
2 24 -6.521 -7.928 -24.618 -0.987 -10.158 -24.542 
2 24 -0.965 -10.27 -20 -6.582 -8.203 -19.999 
2 24 -43.105 14.827 -30.064 -48.172 14.724 -30.384 
2 24 3.545 34.13 -27.803 4.23 25.292 -27.295 
2 24 2.043 24.67 -29.957 1.16 31.64 -30.679 
2 24 4.008 34.532 -21.103 4.686 25.865 -21.293 
2 24 0.767 32.338 -21.234 1.015 26.548 -21.39 
2 24 -54.247 23.811 -13.521 -53.353 22.305 -13.443 
2 24 -58.929 23.587 -18.796 -59.841 22.652 -18.297 
2 24 -54.071 24.53 -14.346 -53.699 26.379 -15.136 
2 24 -54.418 24.451 -28.857 -53.88 25.908 -28.045 
2 24 -56.852 24.097 -28.518 -56.464 26.782 -27.663 
2 24 8.207 7.369 -25.667 6.076 13.187 -25.938 
2 24 5.445 6.888 -28.717 3.876 12.555 -29.224 
2 24 3.876 12.555 -29.224 2.773 18.162 -29.516 
2 24 4.913 18.47 -26.408 6.076 13.187 -25.938 
2 24 5.314 19.011 -20.862 6.223 13.966 -20.002 
2 24 -34.945 30.561 -28.899 -33.308 31.959 -28.326 
2 24 -21.328 27.325 -29.798 -14.157 26.846 -30.881 
2 24 -14.459 24.012 -27.335 -21.19 24.876 -27.218 
2 24 -14.013 23.601 -20.684 -20.832 24.397 -20.931 
2 24 -14.013 23.601 -20.684 -20.915 25.087 -20.249 
2 24 -13.126 26.89 -20.51 -20.835 27.685 -20.282 
2 24 -13.624 27.68 -26.275 -20.45 28.55 -25.855 
2 24 -13.302 33.154 -26.276 -20.19 31.88 -26.027 
2 24 -12.892 33.739 -20.57 -20.759 32.37 -20.304 
2 24 -12.769 37.162 -20.8 -20.854 35.845 -20.743 
2 24 -13.275 36.87 -28.463 -21.57 35.197 -27.975 
2 24 -13.526 34.831 -30.605 -21.637 33.891 -29.422 
2 24 -0.538 32.208 -26.921 -0.093 26.478 -26.57 
2 24 -5.614 33.779 -26.683 -13.302 33.154 -26.276 
2 24 -3.979 34.438 -20.913 -12.892 33.739 -20.57 
2 24 -2.243 37.777 -21.06 -12.769 37.162 -20.8 
2 24 -2.774 37.318 -28.887 -13.275 36.87 -28.463 
2 24 -2.874 35.349 -31.165 -13.526 34.831 -30.605 
2 24 -31.952 25.181 -19.392 -36.209 21.631 -18.091 
2 24 -34.706 19.749 -20.604 -30.92 22.954 -21.072 
2 24 -35.152 29.493 -19.653 -40.406 27.279 -17.467 
2 24 -34.706 19.749 -20.604 -36.473 17.587 -20.33 
2 24 -58.863 23.654 -23.522 -58.929 23.587 -18.796 
2 24 4.547 5.926 -18.027 0.975 7.406 -18.027 
2 24 7.406 -0.975 -18.027 6.901 2.858 -18.027 
2 24 6.901 2.858 -18.027 4.547 5.926 -18.027 
2 24 3.729 4.859 -17.973 5.659 2.344 -17.973 
2 24 0.799 6.073 -17.973 3.729 4.859 -17.973 
2 24 5.659 2.344 -17.973 6.073 -0.799 -17.973 
2 24 5.926 -4.547 -18.027 7.406 -0.975 -18.027 
2 24 6.073 -0.799 -17.973 4.859 -3.729 -17.973 
2 24 2.858 -6.901 -18.027 5.926 -4.547 -18.027 
2 24 4.859 -3.729 -17.973 2.344 -5.659 -17.973 
2 24 -0.975 -7.406 -18.027 2.858 -6.901 -18.027 
2 24 2.344 -5.659 -17.973 -0.799 -6.073 -17.973 
2 24 -4.547 -5.926 -18.027 -0.975 -7.406 -18.027 
2 24 -0.799 -6.073 -17.973 -3.729 -4.859 -17.973 
2 24 -6.901 -2.858 -18.027 -4.547 -5.926 -18.027 
2 24 -3.729 -4.859 -17.973 -5.659 -2.344 -17.973 
2 24 -7.406 0.975 -18.027 -6.901 -2.858 -18.027 
2 24 -5.659 -2.344 -17.973 -6.073 0.799 -17.973 
2 24 -5.926 4.547 -18.027 -7.406 0.975 -18.027 
2 24 -6.073 0.799 -17.973 -4.859 3.729 -17.973 
2 24 -2.858 6.901 -18.027 -5.926 4.547 -18.027 
2 24 -4.859 3.729 -17.973 -2.344 5.659 -17.973 
2 24 0.975 7.406 -18.027 -2.858 6.901 -18.027 
2 24 -2.344 5.659 -17.973 0.799 6.073 -17.973 
2 24 7.016 2.906 -19.897 4.623 6.024 -19.897 
2 24 7.529 -0.991 -19.897 7.016 2.906 -19.897 
2 24 6.024 -4.623 -19.897 7.529 -0.991 -19.897 
2 24 2.906 -7.016 -19.897 6.024 -4.623 -19.897 
2 24 -0.991 -7.529 -19.897 2.906 -7.016 -19.897 
2 24 -4.623 -6.024 -19.897 -0.991 -7.529 -19.897 
2 24 -7.016 -2.906 -19.897 -4.623 -6.024 -19.897 
2 24 -7.529 0.991 -19.897 -7.016 -2.906 -19.897 
2 24 -6.024 4.623 -19.897 -7.529 0.991 -19.897 
2 24 -2.906 7.016 -19.897 -6.024 4.623 -19.897 
2 24 0.991 7.529 -19.897 -2.906 7.016 -19.897 
2 24 4.623 6.024 -19.897 0.991 7.529 -19.897 
2 24 -1.252 6.29 -2 -1.061 5.828 -2 
2 24 -1.252 6.29 0 -1.252 6.29 -2 
2 24 -0.296 3.982 0 -1.252 6.29 0 
2 24 -0.296 3.982 -6.25 -0.296 3.982 0 
2 24 -1.061 5.828 -2 -1.061 5.828 -6.25 
2 24 -1.061 5.828 -6.25 -1.233 5.805 -6.875 
2 24 -0.468 3.959 -6.875 -0.296 3.982 -6.25 
2 24 -1.233 5.805 -6.875 -1.702 5.743 -7.333 
2 24 -0.938 3.898 -7.333 -0.468 3.959 -6.875 
2 24 -1.702 5.743 -7.333 -2.344 5.659 -7.5 
2 24 -1.579 3.813 -7.5 -0.938 3.898 -7.333 
2 24 -2.606 3.025 0 -2.606 3.025 -6.25 
2 24 -3.562 5.333 -2 -3.562 5.333 0 
2 24 -3.371 4.871 -2 -3.562 5.333 -2 
2 24 -3.562 5.333 0 -2.606 3.025 0 
2 24 -3.371 4.871 -6.25 -3.371 4.871 -2 
2 24 -2.606 3.025 -6.25 -2.469 3.131 -6.875 
2 24 -3.233 4.977 -6.875 -3.371 4.871 -6.25 
2 24 -2.469 3.131 -6.875 -2.093 3.419 -7.333 
2 24 -2.857 5.265 -7.333 -3.233 4.977 -6.875 
2 24 -2.093 3.419 -7.333 -1.579 3.813 -7.5 
2 24 -2.344 5.659 -7.5 -2.857 5.265 -7.333 
2 24 1.252 -6.29 -2 1.061 -5.828 -2 
2 24 1.252 -6.29 0 1.252 -6.29 -2 
2 24 0.296 -3.982 0 1.252 -6.29 0 
2 24 0.296 -3.982 -6.25 0.296 -3.982 0 
2 24 1.061 -5.828 -2 1.061 -5.828 -6.25 
2 24 1.061 -5.828 -6.25 1.233 -5.805 -6.875 
2 24 0.468 -3.959 -6.875 0.296 -3.982 -6.25 
2 24 1.233 -5.805 -6.875 1.702 -5.743 -7.333 
2 24 0.938 -3.898 -7.333 0.468 -3.959 -6.875 
2 24 1.702 -5.743 -7.333 2.344 -5.659 -7.5 
2 24 1.579 -3.813 -7.5 0.938 -3.898 -7.333 
2 24 2.344 -5.659 -7.5 2.857 -5.265 -7.333 
2 24 2.093 -3.419 -7.333 1.579 -3.813 -7.5 
2 24 2.857 -5.265 -7.333 3.233 -4.977 -6.875 
2 24 2.469 -3.131 -6.875 2.093 -3.419 -7.333 
2 24 3.233 -4.977 -6.875 3.371 -4.871 -6.25 
2 24 2.606 -3.025 -6.25 2.469 -3.131 -6.875 
2 24 3.562 -5.333 -2 3.562 -5.333 0 
2 24 3.371 -4.871 -2 3.562 -5.333 -2 
2 24 3.562 -5.333 0 2.606 -3.025 0 
2 24 2.606 -3.025 0 2.606 -3.025 -6.25 
2 24 3.371 -4.871 -6.25 3.371 -4.871 -2 
2 24 -5.256 4.033 -2 -3.562 5.333 -2 
2 24 -3.371 4.871 -2 -4.859 3.729 -2 
2 24 -6.568 0.865 -2 -5.256 4.033 -2 
2 24 -4.859 3.729 -2 -6.073 0.799 -2 
2 24 -6.121 -2.535 -2 -6.568 0.865 -2 
2 24 -6.073 0.799 -2 -5.659 -2.344 -2 
2 24 -4.033 -5.256 -2 -6.121 -2.535 -2 
2 24 -5.659 -2.344 -2 -3.729 -4.859 -2 
2 24 -0.865 -6.568 -2 -4.033 -5.256 -2 
2 24 -3.729 -4.859 -2 -0.799 -6.073 -2 
2 24 1.252 -6.29 -2 -0.865 -6.568 -2 
2 24 -0.799 -6.073 -2 1.061 -5.828 -2 
2 24 -0.865 -6.568 0 1.252 -6.29 0 
2 24 0.296 -3.982 0 -0.539 -4.092 0 
2 24 -4.033 -5.256 0 -0.865 -6.568 0 
2 24 -0.539 -4.092 0 -2.513 -3.274 0 
2 24 -6.121 -2.535 0 -4.033 -5.256 0 
2 24 -2.513 -3.274 0 -3.813 -1.579 0 
2 24 -6.568 0.865 0 -6.121 -2.535 0 
2 24 -3.813 -1.579 0 -4.092 0.539 0 
2 24 -5.256 4.033 0 -6.568 0.865 0 
2 24 -4.092 0.539 0 -3.274 2.513 0 
2 24 -3.562 5.333 0 -5.256 4.033 0 
2 24 -3.274 2.513 0 -2.606 3.025 0 
2 24 0.799 6.073 -2 3.729 4.859 -2 
2 24 3.729 4.859 -2 5.659 2.344 -2 
2 24 5.659 2.344 -2 6.073 -0.799 -2 
2 24 6.073 -0.799 -2 4.859 -3.729 -2 
2 24 4.859 -3.729 -2 3.371 -4.871 -2 
2 24 -1.061 5.828 -2 0.799 6.073 -2 
2 24 5.256 -4.033 -2 3.562 -5.333 -2 
2 24 6.568 -0.865 -2 5.256 -4.033 -2 
2 24 6.121 2.535 -2 6.568 -0.865 -2 
2 24 4.033 5.256 -2 6.121 2.535 -2 
2 24 0.865 6.568 -2 4.033 5.256 -2 
2 24 -1.252 6.29 -2 0.865 6.568 -2 
2 24 0.865 6.568 0 -1.252 6.29 0 
2 24 -0.296 3.982 0 0.539 4.092 0 
2 24 4.033 5.256 0 0.865 6.568 0 
2 24 0.539 4.092 0 2.513 3.274 0 
2 24 6.121 2.535 0 4.033 5.256 0 
2 24 2.513 3.274 0 3.813 1.579 0 
2 24 6.568 -0.865 0 6.121 2.535 0 
2 24 3.813 1.579 0 4.092 -0.539 0 
2 24 5.256 -4.033 0 6.568 -0.865 0 
2 24 4.092 -0.539 0 3.274 -2.513 0 
2 24 3.562 -5.333 0 5.256 -4.033 0 
2 24 3.274 -2.513 0 2.606 -3.025 0 
2 24 2.513 3.274 -20 3.813 1.579 -20 
2 24 0.539 4.092 -20 2.513 3.274 -20 
2 24 -1.579 3.813 -20 0.539 4.092 -20 
2 24 -3.274 2.513 -20 -1.579 3.813 -20 
2 24 -4.092 0.539 -20 -3.274 2.513 -20 
2 24 -3.813 -1.579 -20 -4.092 0.539 -20 
2 24 -2.513 -3.274 -20 -3.813 -1.579 -20 
2 24 -0.539 -4.092 -20 -2.513 -3.274 -20 
2 24 1.579 -3.813 -20 -0.539 -4.092 -20 
2 24 3.274 -2.513 -20 1.579 -3.813 -20 
2 24 4.092 -0.539 -20 3.274 -2.513 -20 
2 24 3.813 1.579 -20 4.092 -0.539 -20 

