0 Torus Outside  1 x 0.3077 x 0.25
0 Name: t04o3077.dat
0 Author: Stan Isachenko [angmarec]
0 !LDRAW_ORG Primitive UPDATE 2014-01
0 !LICENSE Redistributable under CCAL version 2.0 : see CAreadme.txt
0 BFC CERTIFY CCW
0 !HISTORY 2014-06-21 [PTadmin] Official Update 2014-01
0 // Major Radius: 13
0 // Tube(Minor) Radius: 4
0 // Segments(Sweep): 4/16 = 0.25
0 // 1  9  0 0 0  1 0 0  0 1 0  0 0 1 4-4edge.dat
0 // 1  12  1 0 0 0.3077 0 0  0 0 0.3077  0 1 0  4-4edge.dat
4 16 1.0000 0.3077 0.0000 0.9914 0.3077 0.1305 1.0313 0.3051 0.1358 1.0402 0.3051 0.0000
4 16 0.9914 0.3077 0.1305 0.9659 0.3077 0.2588 1.0047 0.3051 0.2692 1.0313 0.3051 0.1358
4 16 0.9659 0.3077 0.2588 0.9239 0.3077 0.3827 0.9610 0.3051 0.3981 1.0047 0.3051 0.2692
4 16 1.0402 0.3051 0.0000 1.0313 0.3051 0.1358 1.0704 0.2972 0.1409 1.0796 0.2972 0.0000
4 16 1.0313 0.3051 0.1358 1.0047 0.3051 0.2692 1.0428 0.2972 0.2794 1.0704 0.2972 0.1409
4 16 1.0047 0.3051 0.2692 0.9610 0.3051 0.3981 0.9975 0.2972 0.4132 1.0428 0.2972 0.2794
4 16 1.0796 0.2972 0.0000 1.0704 0.2972 0.1409 1.1082 0.2843 0.1459 1.1178 0.2843 0.0000
4 16 1.0704 0.2972 0.1409 1.0428 0.2972 0.2794 1.0797 0.2843 0.2893 1.1082 0.2843 0.1459
4 16 1.0428 0.2972 0.2794 0.9975 0.2972 0.4132 1.0327 0.2843 0.4278 1.0797 0.2843 0.2893
4 16 1.1178 0.2843 0.0000 1.1082 0.2843 0.1459 1.1440 0.2665 0.1506 1.1538 0.2665 0.0000
4 16 1.1082 0.2843 0.1459 1.0797 0.2843 0.2893 1.1145 0.2665 0.2986 1.1440 0.2665 0.1506
4 16 1.0797 0.2843 0.2893 1.0327 0.2843 0.4278 1.0660 0.2665 0.4416 1.1145 0.2665 0.2986
4 16 1.1538 0.2665 0.0000 1.1440 0.2665 0.1506 1.1772 0.2441 0.1550 1.1873 0.2441 0.0000
4 16 1.1440 0.2665 0.1506 1.1145 0.2665 0.2986 1.1469 0.2441 0.3073 1.1772 0.2441 0.1550
4 16 1.1145 0.2665 0.2986 1.0660 0.2665 0.4416 1.0969 0.2441 0.4544 1.1469 0.2441 0.3073
4 16 1.1873 0.2441 0.0000 1.1772 0.2441 0.1550 1.2072 0.2176 0.1589 1.2176 0.2176 0.0000
4 16 1.1772 0.2441 0.1550 1.1469 0.2441 0.3073 1.1761 0.2176 0.3151 1.2072 0.2176 0.1589
4 16 1.1469 0.2441 0.3073 1.0969 0.2441 0.4544 1.1249 0.2176 0.4660 1.1761 0.2176 0.3151
4 16 1.2176 0.2176 0.0000 1.2072 0.2176 0.1589 1.2335 0.1873 0.1624 1.2441 0.1873 0.0000
4 16 1.2072 0.2176 0.1589 1.1761 0.2176 0.3151 1.2017 0.1873 0.3220 1.2335 0.1873 0.1624
4 16 1.1761 0.2176 0.3151 1.1249 0.2176 0.4660 1.1494 0.1873 0.4761 1.2017 0.1873 0.3220
4 16 1.2441 0.1873 0.0000 1.2335 0.1873 0.1624 1.2556 0.1538 0.1653 1.2665 0.1538 0.0000
4 16 1.2335 0.1873 0.1624 1.2017 0.1873 0.3220 1.2233 0.1538 0.3278 1.2556 0.1538 0.1653
4 16 1.2017 0.1873 0.3220 1.1494 0.1873 0.4761 1.1701 0.1538 0.4847 1.2233 0.1538 0.3278
4 16 1.2665 0.1538 0.0000 1.2556 0.1538 0.1653 1.2733 0.1177 0.1676 1.2843 0.1178 0.0000
4 16 1.2556 0.1538 0.1653 1.2233 0.1538 0.3278 1.2405 0.1177 0.3324 1.2733 0.1177 0.1676
4 16 1.2233 0.1538 0.3278 1.1701 0.1538 0.4847 1.1865 0.1178 0.4915 1.2405 0.1177 0.3324
4 16 1.2843 0.1178 0.0000 1.2733 0.1177 0.1676 1.2861 0.0796 0.1693 1.2972 0.0796 0.0000
4 16 1.2733 0.1177 0.1676 1.2405 0.1177 0.3324 1.2530 0.0796 0.3357 1.2861 0.0796 0.1693
4 16 1.2405 0.1177 0.3324 1.1865 0.1178 0.4915 1.1985 0.0796 0.4964 1.2530 0.0796 0.3357
4 16 1.2972 0.0796 0.0000 1.2861 0.0796 0.1693 1.2939 0.0402 0.1703 1.3051 0.0402 0.0000
4 16 1.2861 0.0796 0.1693 1.2530 0.0796 0.3357 1.2606 0.0402 0.3378 1.2939 0.0402 0.1703
4 16 1.2530 0.0796 0.3357 1.1985 0.0796 0.4964 1.2057 0.0402 0.4994 1.2606 0.0402 0.3378
4 16 1.3051 0.0402 0.0000 1.2939 0.0402 0.1703 1.2965 0.0000 0.1707 1.3077 0.0000 0.0000
4 16 1.2939 0.0402 0.1703 1.2606 0.0402 0.3378 1.2631 0.0000 0.3385 1.2965 0.0000 0.1707
4 16 1.2606 0.0402 0.3378 1.2057 0.0402 0.4994 1.2082 0.0000 0.5005 1.2631 0.0000 0.3385
4 16 0.9239 0.3077 0.3827 0.8660 0.3077 0.5000 0.9008 0.3051 0.5201 0.9610 0.3051 0.3981
4 16 0.8660 0.3077 0.5000 0.7934 0.3077 0.6088 0.8252 0.3051 0.6332 0.9008 0.3051 0.5201
4 16 0.7934 0.3077 0.6088 0.7071 0.3077 0.7071 0.7355 0.3051 0.7355 0.8252 0.3051 0.6332
4 16 0.9610 0.3051 0.3981 0.9008 0.3051 0.5201 0.9350 0.2972 0.5398 0.9975 0.2972 0.4132
4 16 0.9008 0.3051 0.5201 0.8252 0.3051 0.6332 0.8565 0.2972 0.6572 0.9350 0.2972 0.5398
4 16 0.8252 0.3051 0.6332 0.7355 0.3051 0.7355 0.7634 0.2972 0.7634 0.8565 0.2972 0.6572
4 16 0.9975 0.2972 0.4132 0.9350 0.2972 0.5398 0.9680 0.2843 0.5589 1.0327 0.2843 0.4278
4 16 0.9350 0.2972 0.5398 0.8565 0.2972 0.6572 0.8868 0.2843 0.6804 0.9680 0.2843 0.5589
4 16 0.8565 0.2972 0.6572 0.7634 0.2972 0.7634 0.7904 0.2843 0.7904 0.8868 0.2843 0.6804
4 16 1.0327 0.2843 0.4278 0.9680 0.2843 0.5589 0.9993 0.2665 0.5769 1.0660 0.2665 0.4416
4 16 0.9680 0.2843 0.5589 0.8868 0.2843 0.6804 0.9154 0.2665 0.7024 0.9993 0.2665 0.5769
4 16 0.8868 0.2843 0.6804 0.7904 0.2843 0.7904 0.8159 0.2665 0.8159 0.9154 0.2665 0.7024
4 16 1.0660 0.2665 0.4416 0.9993 0.2665 0.5769 1.0282 0.2441 0.5937 1.0969 0.2441 0.4544
4 16 0.9993 0.2665 0.5769 0.9154 0.2665 0.7024 0.9420 0.2441 0.7228 1.0282 0.2441 0.5937
4 16 0.9154 0.2665 0.7024 0.8159 0.2665 0.8159 0.8396 0.2441 0.8396 0.9420 0.2441 0.7228
4 16 1.0969 0.2441 0.4544 1.0282 0.2441 0.5937 1.0544 0.2176 0.6088 1.1249 0.2176 0.4660
4 16 1.0282 0.2441 0.5937 0.9420 0.2441 0.7228 0.9660 0.2176 0.7412 1.0544 0.2176 0.6088
4 16 0.9420 0.2441 0.7228 0.8396 0.2441 0.8396 0.8609 0.2176 0.8609 0.9660 0.2176 0.7412
4 16 1.1249 0.2176 0.4660 1.0544 0.2176 0.6088 1.0774 0.1873 0.6221 1.1494 0.1873 0.4761
4 16 1.0544 0.2176 0.6088 0.9660 0.2176 0.7412 0.9870 0.1873 0.7574 1.0774 0.1873 0.6221
4 16 0.9660 0.2176 0.7412 0.8609 0.2176 0.8609 0.8797 0.1873 0.8797 0.9870 0.1873 0.7574
4 16 1.1494 0.1873 0.4761 1.0774 0.1873 0.6221 1.0968 0.1538 0.6332 1.1701 0.1538 0.4847
4 16 1.0774 0.1873 0.6221 0.9870 0.1873 0.7574 1.0048 0.1538 0.7710 1.0968 0.1538 0.6332
4 16 0.9870 0.1873 0.7574 0.8797 0.1873 0.8797 0.8955 0.1538 0.8955 1.0048 0.1538 0.7710
4 16 1.1701 0.1538 0.4847 1.0968 0.1538 0.6332 1.1122 0.1177 0.6421 1.1865 0.1178 0.4915
4 16 1.0968 0.1538 0.6332 1.0048 0.1538 0.7710 1.0189 0.1177 0.7818 1.1122 0.1177 0.6421
4 16 1.0048 0.1538 0.7710 0.8955 0.1538 0.8955 0.9081 0.1178 0.9081 1.0189 0.1177 0.7818
4 16 1.1865 0.1178 0.4915 1.1122 0.1177 0.6421 1.1234 0.0796 0.6486 1.1985 0.0796 0.4964
4 16 1.1122 0.1177 0.6421 1.0189 0.1177 0.7818 1.0291 0.0796 0.7897 1.1234 0.0796 0.6486
4 16 1.0189 0.1177 0.7818 0.9081 0.1178 0.9081 0.9173 0.0796 0.9173 1.0291 0.0796 0.7897
4 16 1.1985 0.0796 0.4964 1.1234 0.0796 0.6486 1.1302 0.0402 0.6525 1.2057 0.0402 0.4994
4 16 1.1234 0.0796 0.6486 1.0291 0.0796 0.7897 1.0354 0.0402 0.7945 1.1302 0.0402 0.6525
4 16 1.0291 0.0796 0.7897 0.9173 0.0796 0.9173 0.9228 0.0402 0.9228 1.0354 0.0402 0.7945
4 16 1.2057 0.0402 0.4994 1.1302 0.0402 0.6525 1.1325 0.0000 0.6538 1.2082 0.0000 0.5005
4 16 1.1302 0.0402 0.6525 1.0354 0.0402 0.7945 1.0375 0.0000 0.7961 1.1325 0.0000 0.6538
4 16 1.0354 0.0402 0.7945 0.9228 0.0402 0.9228 0.9247 0.0000 0.9247 1.0375 0.0000 0.7961
4 16 0.7071 0.3077 0.7071 0.6088 0.3077 0.7934 0.6332 0.3051 0.8252 0.7355 0.3051 0.7355
4 16 0.6088 0.3077 0.7934 0.5000 0.3077 0.8660 0.5201 0.3051 0.9008 0.6332 0.3051 0.8252
4 16 0.5000 0.3077 0.8660 0.3827 0.3077 0.9239 0.3981 0.3051 0.9610 0.5201 0.3051 0.9008
4 16 0.7355 0.3051 0.7355 0.6332 0.3051 0.8252 0.6572 0.2972 0.8565 0.7634 0.2972 0.7634
4 16 0.6332 0.3051 0.8252 0.5201 0.3051 0.9008 0.5398 0.2972 0.9350 0.6572 0.2972 0.8565
4 16 0.5201 0.3051 0.9008 0.3981 0.3051 0.9610 0.4132 0.2972 0.9975 0.5398 0.2972 0.9350
4 16 0.7634 0.2972 0.7634 0.6572 0.2972 0.8565 0.6804 0.2843 0.8868 0.7904 0.2843 0.7904
4 16 0.6572 0.2972 0.8565 0.5398 0.2972 0.9350 0.5589 0.2843 0.9680 0.6804 0.2843 0.8868
4 16 0.5398 0.2972 0.9350 0.4132 0.2972 0.9975 0.4278 0.2843 1.0327 0.5589 0.2843 0.9680
4 16 0.7904 0.2843 0.7904 0.6804 0.2843 0.8868 0.7024 0.2665 0.9154 0.8159 0.2665 0.8159
4 16 0.6804 0.2843 0.8868 0.5589 0.2843 0.9680 0.5769 0.2665 0.9993 0.7024 0.2665 0.9154
4 16 0.5589 0.2843 0.9680 0.4278 0.2843 1.0327 0.4416 0.2665 1.0660 0.5769 0.2665 0.9993
4 16 0.8159 0.2665 0.8159 0.7024 0.2665 0.9154 0.7228 0.2441 0.9420 0.8396 0.2441 0.8396
4 16 0.7024 0.2665 0.9154 0.5769 0.2665 0.9993 0.5937 0.2441 1.0282 0.7228 0.2441 0.9420
4 16 0.5769 0.2665 0.9993 0.4416 0.2665 1.0660 0.4544 0.2441 1.0969 0.5937 0.2441 1.0282
4 16 0.8396 0.2441 0.8396 0.7228 0.2441 0.9420 0.7412 0.2176 0.9660 0.8609 0.2176 0.8609
4 16 0.7228 0.2441 0.9420 0.5937 0.2441 1.0282 0.6088 0.2176 1.0544 0.7412 0.2176 0.9660
4 16 0.5937 0.2441 1.0282 0.4544 0.2441 1.0969 0.4660 0.2176 1.1249 0.6088 0.2176 1.0544
4 16 0.8609 0.2176 0.8609 0.7412 0.2176 0.9660 0.7574 0.1873 0.9870 0.8797 0.1873 0.8797
4 16 0.7412 0.2176 0.9660 0.6088 0.2176 1.0544 0.6221 0.1873 1.0774 0.7574 0.1873 0.9870
4 16 0.6088 0.2176 1.0544 0.4660 0.2176 1.1249 0.4761 0.1873 1.1494 0.6221 0.1873 1.0774
4 16 0.8797 0.1873 0.8797 0.7574 0.1873 0.9870 0.7710 0.1538 1.0048 0.8955 0.1538 0.8955
4 16 0.7574 0.1873 0.9870 0.6221 0.1873 1.0774 0.6332 0.1538 1.0968 0.7710 0.1538 1.0048
4 16 0.6221 0.1873 1.0774 0.4761 0.1873 1.1494 0.4847 0.1538 1.1701 0.6332 0.1538 1.0968
4 16 0.8955 0.1538 0.8955 0.7710 0.1538 1.0048 0.7818 0.1177 1.0189 0.9081 0.1178 0.9081
4 16 0.7710 0.1538 1.0048 0.6332 0.1538 1.0968 0.6421 0.1177 1.1122 0.7818 0.1177 1.0189
4 16 0.6332 0.1538 1.0968 0.4847 0.1538 1.1701 0.4915 0.1178 1.1865 0.6421 0.1177 1.1122
4 16 0.9081 0.1178 0.9081 0.7818 0.1177 1.0189 0.7897 0.0796 1.0291 0.9173 0.0796 0.9173
4 16 0.7818 0.1177 1.0189 0.6421 0.1177 1.1122 0.6486 0.0796 1.1234 0.7897 0.0796 1.0291
4 16 0.6421 0.1177 1.1122 0.4915 0.1178 1.1865 0.4964 0.0796 1.1985 0.6486 0.0796 1.1234
4 16 0.9173 0.0796 0.9173 0.7897 0.0796 1.0291 0.7945 0.0402 1.0354 0.9228 0.0402 0.9228
4 16 0.7897 0.0796 1.0291 0.6486 0.0796 1.1234 0.6525 0.0402 1.1302 0.7945 0.0402 1.0354
4 16 0.6486 0.0796 1.1234 0.4964 0.0796 1.1985 0.4994 0.0402 1.2057 0.6525 0.0402 1.1302
4 16 0.9228 0.0402 0.9228 0.7945 0.0402 1.0354 0.7961 0.0000 1.0375 0.9247 0.0000 0.9247
4 16 0.7945 0.0402 1.0354 0.6525 0.0402 1.1302 0.6538 0.0000 1.1325 0.7961 0.0000 1.0375
4 16 0.6525 0.0402 1.1302 0.4994 0.0402 1.2057 0.5005 0.0000 1.2082 0.6538 0.0000 1.1325
4 16 0.3827 0.3077 0.9239 0.2588 0.3077 0.9659 0.2692 0.3051 1.0047 0.3981 0.3051 0.9610
4 16 0.2588 0.3077 0.9659 0.1305 0.3077 0.9914 0.1358 0.3051 1.0313 0.2692 0.3051 1.0047
4 16 0.1305 0.3077 0.9914 0.0000 0.3077 1.0000 0.0000 0.3051 1.0402 0.1358 0.3051 1.0313
4 16 0.3981 0.3051 0.9610 0.2692 0.3051 1.0047 0.2794 0.2972 1.0428 0.4132 0.2972 0.9975
4 16 0.2692 0.3051 1.0047 0.1358 0.3051 1.0313 0.1409 0.2972 1.0704 0.2794 0.2972 1.0428
4 16 0.1358 0.3051 1.0313 0.0000 0.3051 1.0402 0.0000 0.2972 1.0796 0.1409 0.2972 1.0704
4 16 0.4132 0.2972 0.9975 0.2794 0.2972 1.0428 0.2893 0.2843 1.0797 0.4278 0.2843 1.0327
4 16 0.2794 0.2972 1.0428 0.1409 0.2972 1.0704 0.1459 0.2843 1.1082 0.2893 0.2843 1.0797
4 16 0.1409 0.2972 1.0704 0.0000 0.2972 1.0796 0.0000 0.2843 1.1178 0.1459 0.2843 1.1082
4 16 0.4278 0.2843 1.0327 0.2893 0.2843 1.0797 0.2986 0.2665 1.1145 0.4416 0.2665 1.0660
4 16 0.2893 0.2843 1.0797 0.1459 0.2843 1.1082 0.1506 0.2665 1.1440 0.2986 0.2665 1.1145
4 16 0.1459 0.2843 1.1082 0.0000 0.2843 1.1178 0.0000 0.2665 1.1538 0.1506 0.2665 1.1440
4 16 0.4416 0.2665 1.0660 0.2986 0.2665 1.1145 0.3073 0.2441 1.1469 0.4544 0.2441 1.0969
4 16 0.2986 0.2665 1.1145 0.1506 0.2665 1.1440 0.1550 0.2441 1.1772 0.3073 0.2441 1.1469
4 16 0.1506 0.2665 1.1440 0.0000 0.2665 1.1538 0.0000 0.2441 1.1873 0.1550 0.2441 1.1772
4 16 0.4544 0.2441 1.0969 0.3073 0.2441 1.1469 0.3151 0.2176 1.1761 0.4660 0.2176 1.1249
4 16 0.3073 0.2441 1.1469 0.1550 0.2441 1.1772 0.1589 0.2176 1.2072 0.3151 0.2176 1.1761
4 16 0.1550 0.2441 1.1772 0.0000 0.2441 1.1873 0.0000 0.2176 1.2176 0.1589 0.2176 1.2072
4 16 0.4660 0.2176 1.1249 0.3151 0.2176 1.1761 0.3220 0.1873 1.2017 0.4761 0.1873 1.1494
4 16 0.3151 0.2176 1.1761 0.1589 0.2176 1.2072 0.1624 0.1873 1.2335 0.3220 0.1873 1.2017
4 16 0.1589 0.2176 1.2072 0.0000 0.2176 1.2176 0.0000 0.1873 1.2441 0.1624 0.1873 1.2335
4 16 0.4761 0.1873 1.1494 0.3220 0.1873 1.2017 0.3278 0.1538 1.2233 0.4847 0.1538 1.1701
4 16 0.3220 0.1873 1.2017 0.1624 0.1873 1.2335 0.1653 0.1538 1.2556 0.3278 0.1538 1.2233
4 16 0.1624 0.1873 1.2335 0.0000 0.1873 1.2441 0.0000 0.1538 1.2665 0.1653 0.1538 1.2556
4 16 0.4847 0.1538 1.1701 0.3278 0.1538 1.2233 0.3324 0.1177 1.2405 0.4915 0.1178 1.1865
4 16 0.3278 0.1538 1.2233 0.1653 0.1538 1.2556 0.1676 0.1177 1.2733 0.3324 0.1177 1.2405
4 16 0.1653 0.1538 1.2556 0.0000 0.1538 1.2665 0.0000 0.1178 1.2843 0.1676 0.1177 1.2733
4 16 0.4915 0.1178 1.1865 0.3324 0.1177 1.2405 0.3357 0.0796 1.2530 0.4964 0.0796 1.1985
4 16 0.3324 0.1177 1.2405 0.1676 0.1177 1.2733 0.1693 0.0796 1.2861 0.3357 0.0796 1.2530
4 16 0.1676 0.1177 1.2733 0.0000 0.1178 1.2843 0.0000 0.0796 1.2972 0.1693 0.0796 1.2861
4 16 0.4964 0.0796 1.1985 0.3357 0.0796 1.2530 0.3378 0.0402 1.2606 0.4994 0.0402 1.2057
4 16 0.3357 0.0796 1.2530 0.1693 0.0796 1.2861 0.1703 0.0402 1.2939 0.3378 0.0402 1.2606
4 16 0.1693 0.0796 1.2861 0.0000 0.0796 1.2972 0.0000 0.0402 1.3051 0.1703 0.0402 1.2939
4 16 0.4994 0.0402 1.2057 0.3378 0.0402 1.2606 0.3385 0.0000 1.2631 0.5005 0.0000 1.2082
4 16 0.3378 0.0402 1.2606 0.1703 0.0402 1.2939 0.1707 0.0000 1.2965 0.3385 0.0000 1.2631
4 16 0.1703 0.0402 1.2939 0.0000 0.0402 1.3051 0.0000 0.0000 1.3077 0.1707 0.0000 1.2965
0 // conditional lines
0 // Build by Primitive Generator 2
