0 Torus Tube  1 x 0.3750 x 0.25
0 Name: t04q3750.dat
0 Author: Steve Bliss [sbliss]
0 !LDRAW_ORG Primitive UPDATE 2013-02
0 !LICENSE Redistributable under CCAL version 2.0 : see CAreadme.txt
0 BFC CERTIFY CCW
0 !HISTORY 2010-07-05 [PTadmin] Official Update 2010-02
0 !HISTORY 2013-09-27 [MMR1988] Recreated to fix condlines
0 !HISTORY 2013-12-23 [PTadmin] Official Update 2013-02
0 // Major Radius: 8
0 // Tube(Minor) Radius: 3
0 // Segments(Sweep): 4/16 = 0.25
0 // 1  9  0 0 0  1 0 0  0 1 0  0 0 1 4-4edge.dat
0 // 1  12  1 0 0 0.375 0 0  0 0 0.375  0 1 0  4-4edge.dat
4 16 1.0000 0.3750 0.0000 0.9914 0.3750 0.1305 1.0400 0.3718 0.1369 1.0489 0.3718 0.0000
4 16 0.9914 0.3750 0.1305 0.9659 0.3750 0.2588 1.0132 0.3718 0.2715 1.0400 0.3718 0.1369
4 16 0.9659 0.3750 0.2588 0.9239 0.3750 0.3827 0.9691 0.3718 0.4014 1.0132 0.3718 0.2715
4 16 1.0489 0.3718 0.0000 1.0400 0.3718 0.1369 1.0877 0.3622 0.1432 1.0971 0.3622 0.0000
4 16 1.0400 0.3718 0.1369 1.0132 0.3718 0.2715 1.0597 0.3622 0.2839 1.0877 0.3622 0.1432
4 16 1.0132 0.3718 0.2715 0.9691 0.3718 0.4014 1.0135 0.3622 0.4198 1.0597 0.3622 0.2839
4 16 1.0971 0.3622 0.0000 1.0877 0.3622 0.1432 1.1337 0.3465 0.1493 1.1435 0.3465 0.0000
4 16 1.0877 0.3622 0.1432 1.0597 0.3622 0.2839 1.1045 0.3465 0.2960 1.1337 0.3465 0.1493
4 16 1.0597 0.3622 0.2839 1.0135 0.3622 0.4198 1.0565 0.3465 0.4376 1.1045 0.3465 0.2960
4 16 1.1435 0.3465 0.0000 1.1337 0.3465 0.1493 1.1773 0.3248 0.1550 1.1875 0.3248 0.0000
4 16 1.1337 0.3465 0.1493 1.1045 0.3465 0.2960 1.1470 0.3248 0.3073 1.1773 0.3248 0.1550
4 16 1.1045 0.3465 0.2960 1.0565 0.3465 0.4376 1.0971 0.3248 0.4544 1.1470 0.3248 0.3073
4 16 1.1875 0.3248 0.0000 1.1773 0.3248 0.1550 1.2178 0.2975 0.1603 1.2283 0.2975 0.0000
4 16 1.1773 0.3248 0.1550 1.1470 0.3248 0.3073 1.1864 0.2975 0.3179 1.2178 0.2975 0.1603
4 16 1.1470 0.3248 0.3073 1.0971 0.3248 0.4544 1.1348 0.2975 0.4700 1.1864 0.2975 0.3179
4 16 1.2283 0.2975 0.0000 1.2178 0.2975 0.1603 1.2543 0.2652 0.1651 1.2652 0.2652 0.0000
4 16 1.2178 0.2975 0.1603 1.1864 0.2975 0.3179 1.2221 0.2652 0.3274 1.2543 0.2652 0.1651
4 16 1.1864 0.2975 0.3179 1.1348 0.2975 0.4700 1.1689 0.2652 0.4842 1.2221 0.2652 0.3274
4 16 1.2652 0.2652 0.0000 1.2543 0.2652 0.1651 1.2864 0.2283 0.1694 1.2975 0.2283 0.0000
4 16 1.2543 0.2652 0.1651 1.2221 0.2652 0.3274 1.2533 0.2283 0.3358 1.2864 0.2283 0.1694
4 16 1.2221 0.2652 0.3274 1.1689 0.2652 0.4842 1.1987 0.2283 0.4965 1.2533 0.2283 0.3358
4 16 1.2975 0.2283 0.0000 1.2864 0.2283 0.1694 1.3134 0.1875 0.1729 1.3248 0.1875 0.0000
4 16 1.2864 0.2283 0.1694 1.2533 0.2283 0.3358 1.2796 0.1875 0.3429 1.3134 0.1875 0.1729
4 16 1.2533 0.2283 0.3358 1.1987 0.2283 0.4965 1.2239 0.1875 0.5070 1.2796 0.1875 0.3429
4 16 1.3248 0.1875 0.0000 1.3134 0.1875 0.1729 1.3349 0.1435 0.1757 1.3465 0.1435 0.0000
4 16 1.3134 0.1875 0.1729 1.2796 0.1875 0.3429 1.3006 0.1435 0.3485 1.3349 0.1435 0.1757
4 16 1.2796 0.1875 0.3429 1.2239 0.1875 0.5070 1.2440 0.1435 0.5153 1.3006 0.1435 0.3485
4 16 1.3465 0.1435 0.0000 1.3349 0.1435 0.1757 1.3506 0.0971 0.1778 1.3622 0.0971 0.0000
4 16 1.3349 0.1435 0.1757 1.3006 0.1435 0.3485 1.3158 0.0971 0.3526 1.3506 0.0971 0.1778
4 16 1.3006 0.1435 0.3485 1.2440 0.1435 0.5153 1.2585 0.0971 0.5213 1.3158 0.0971 0.3526
4 16 1.3622 0.0971 0.0000 1.3506 0.0971 0.1778 1.3601 0.0489 0.1791 1.3718 0.0489 0.0000
4 16 1.3506 0.0971 0.1778 1.3158 0.0971 0.3526 1.3250 0.0489 0.3550 1.3601 0.0489 0.1791
4 16 1.3158 0.0971 0.3526 1.2585 0.0971 0.5213 1.2674 0.0489 0.5250 1.3250 0.0489 0.3550
4 16 1.3718 0.0489 0.0000 1.3601 0.0489 0.1791 1.3632 0.0000 0.1795 1.3750 0.0000 0.0000
4 16 1.3601 0.0489 0.1791 1.3250 0.0489 0.3550 1.3281 0.0000 0.3559 1.3632 0.0000 0.1795
4 16 1.3250 0.0489 0.3550 1.2674 0.0489 0.5250 1.2704 0.0000 0.5262 1.3281 0.0000 0.3559
4 16 1.3750 0.0000 0.0000 1.3632 0.0000 0.1795 1.3601 -0.0489 0.1791 1.3718 -0.0489 0.0000
4 16 1.3632 0.0000 0.1795 1.3281 0.0000 0.3559 1.3250 -0.0489 0.3550 1.3601 -0.0489 0.1791
4 16 1.3281 0.0000 0.3559 1.2704 0.0000 0.5262 1.2674 -0.0489 0.5250 1.3250 -0.0489 0.3550
4 16 1.3718 -0.0489 0.0000 1.3601 -0.0489 0.1791 1.3506 -0.0971 0.1778 1.3622 -0.0971 0.0000
4 16 1.3601 -0.0489 0.1791 1.3250 -0.0489 0.3550 1.3158 -0.0971 0.3526 1.3506 -0.0971 0.1778
4 16 1.3250 -0.0489 0.3550 1.2674 -0.0489 0.5250 1.2585 -0.0971 0.5213 1.3158 -0.0971 0.3526
4 16 1.3622 -0.0971 0.0000 1.3506 -0.0971 0.1778 1.3349 -0.1435 0.1757 1.3465 -0.1435 0.0000
4 16 1.3506 -0.0971 0.1778 1.3158 -0.0971 0.3526 1.3006 -0.1435 0.3485 1.3349 -0.1435 0.1757
4 16 1.3158 -0.0971 0.3526 1.2585 -0.0971 0.5213 1.2440 -0.1435 0.5153 1.3006 -0.1435 0.3485
4 16 1.3465 -0.1435 0.0000 1.3349 -0.1435 0.1757 1.3134 -0.1875 0.1729 1.3248 -0.1875 0.0000
4 16 1.3349 -0.1435 0.1757 1.3006 -0.1435 0.3485 1.2796 -0.1875 0.3429 1.3134 -0.1875 0.1729
4 16 1.3006 -0.1435 0.3485 1.2440 -0.1435 0.5153 1.2239 -0.1875 0.5070 1.2796 -0.1875 0.3429
4 16 1.3248 -0.1875 0.0000 1.3134 -0.1875 0.1729 1.2864 -0.2283 0.1694 1.2975 -0.2283 0.0000
4 16 1.3134 -0.1875 0.1729 1.2796 -0.1875 0.3429 1.2533 -0.2283 0.3358 1.2864 -0.2283 0.1694
4 16 1.2796 -0.1875 0.3429 1.2239 -0.1875 0.5070 1.1987 -0.2283 0.4965 1.2533 -0.2283 0.3358
4 16 1.2975 -0.2283 0.0000 1.2864 -0.2283 0.1694 1.2543 -0.2652 0.1651 1.2652 -0.2652 0.0000
4 16 1.2864 -0.2283 0.1694 1.2533 -0.2283 0.3358 1.2221 -0.2652 0.3274 1.2543 -0.2652 0.1651
4 16 1.2533 -0.2283 0.3358 1.1987 -0.2283 0.4965 1.1689 -0.2652 0.4842 1.2221 -0.2652 0.3274
4 16 1.2652 -0.2652 0.0000 1.2543 -0.2652 0.1651 1.2178 -0.2975 0.1603 1.2283 -0.2975 0.0000
4 16 1.2543 -0.2652 0.1651 1.2221 -0.2652 0.3274 1.1864 -0.2975 0.3179 1.2178 -0.2975 0.1603
4 16 1.2221 -0.2652 0.3274 1.1689 -0.2652 0.4842 1.1348 -0.2975 0.4700 1.1864 -0.2975 0.3179
4 16 1.2283 -0.2975 0.0000 1.2178 -0.2975 0.1603 1.1773 -0.3248 0.1550 1.1875 -0.3248 0.0000
4 16 1.2178 -0.2975 0.1603 1.1864 -0.2975 0.3179 1.1470 -0.3248 0.3073 1.1773 -0.3248 0.1550
4 16 1.1864 -0.2975 0.3179 1.1348 -0.2975 0.4700 1.0971 -0.3248 0.4544 1.1470 -0.3248 0.3073
4 16 1.1875 -0.3248 0.0000 1.1773 -0.3248 0.1550 1.1337 -0.3465 0.1493 1.1435 -0.3465 0.0000
4 16 1.1773 -0.3248 0.1550 1.1470 -0.3248 0.3073 1.1045 -0.3465 0.2960 1.1337 -0.3465 0.1493
4 16 1.1470 -0.3248 0.3073 1.0971 -0.3248 0.4544 1.0565 -0.3465 0.4376 1.1045 -0.3465 0.2960
4 16 1.1435 -0.3465 0.0000 1.1337 -0.3465 0.1493 1.0877 -0.3622 0.1432 1.0971 -0.3622 0.0000
4 16 1.1337 -0.3465 0.1493 1.1045 -0.3465 0.2960 1.0597 -0.3622 0.2839 1.0877 -0.3622 0.1432
4 16 1.1045 -0.3465 0.2960 1.0565 -0.3465 0.4376 1.0135 -0.3622 0.4198 1.0597 -0.3622 0.2839
4 16 1.0971 -0.3622 0.0000 1.0877 -0.3622 0.1432 1.0400 -0.3718 0.1369 1.0489 -0.3718 0.0000
4 16 1.0877 -0.3622 0.1432 1.0597 -0.3622 0.2839 1.0132 -0.3718 0.2715 1.0400 -0.3718 0.1369
4 16 1.0597 -0.3622 0.2839 1.0135 -0.3622 0.4198 0.9691 -0.3718 0.4014 1.0132 -0.3718 0.2715
4 16 1.0489 -0.3718 0.0000 1.0400 -0.3718 0.1369 0.9914 -0.3750 0.1305 1.0000 -0.3750 0.0000
4 16 1.0400 -0.3718 0.1369 1.0132 -0.3718 0.2715 0.9659 -0.3750 0.2588 0.9914 -0.3750 0.1305
4 16 1.0132 -0.3718 0.2715 0.9691 -0.3718 0.4014 0.9239 -0.3750 0.3827 0.9659 -0.3750 0.2588
4 16 1.0000 -0.3750 0.0000 0.9914 -0.3750 0.1305 0.9429 -0.3718 0.1241 0.9511 -0.3718 0.0000
4 16 0.9914 -0.3750 0.1305 0.9659 -0.3750 0.2588 0.9186 -0.3718 0.2462 0.9429 -0.3718 0.1241
4 16 0.9659 -0.3750 0.2588 0.9239 -0.3750 0.3827 0.8787 -0.3718 0.3640 0.9186 -0.3718 0.2462
4 16 0.9511 -0.3718 0.0000 0.9429 -0.3718 0.1241 0.8952 -0.3622 0.1179 0.9029 -0.3622 0.0000
4 16 0.9429 -0.3718 0.1241 0.9186 -0.3718 0.2462 0.8722 -0.3622 0.2337 0.8952 -0.3622 0.1179
4 16 0.9186 -0.3718 0.2462 0.8787 -0.3718 0.3640 0.8342 -0.3622 0.3455 0.8722 -0.3622 0.2337
4 16 0.9029 -0.3622 0.0000 0.8952 -0.3622 0.1179 0.8492 -0.3465 0.1118 0.8565 -0.3465 0.0000
4 16 0.8952 -0.3622 0.1179 0.8722 -0.3622 0.2337 0.8273 -0.3465 0.2217 0.8492 -0.3465 0.1118
4 16 0.8722 -0.3622 0.2337 0.8342 -0.3622 0.3455 0.7913 -0.3465 0.3278 0.8273 -0.3465 0.2217
4 16 0.8565 -0.3465 0.0000 0.8492 -0.3465 0.1118 0.8055 -0.3248 0.1061 0.8125 -0.3248 0.0000
4 16 0.8492 -0.3465 0.1118 0.8273 -0.3465 0.2217 0.7848 -0.3248 0.2103 0.8055 -0.3248 0.1061
4 16 0.8273 -0.3465 0.2217 0.7913 -0.3465 0.3278 0.7507 -0.3248 0.3109 0.7848 -0.3248 0.2103
4 16 0.8125 -0.3248 0.0000 0.8055 -0.3248 0.1061 0.7651 -0.2975 0.1007 0.7717 -0.2975 0.0000
4 16 0.8055 -0.3248 0.1061 0.7848 -0.3248 0.2103 0.7454 -0.2975 0.1997 0.7651 -0.2975 0.1007
4 16 0.7848 -0.3248 0.2103 0.7507 -0.3248 0.3109 0.7130 -0.2975 0.2953 0.7454 -0.2975 0.1997
4 16 0.7717 -0.2975 0.0000 0.7651 -0.2975 0.1007 0.7285 -0.2652 0.0959 0.7348 -0.2652 0.0000
4 16 0.7651 -0.2975 0.1007 0.7454 -0.2975 0.1997 0.7098 -0.2652 0.1902 0.7285 -0.2652 0.0959
4 16 0.7454 -0.2975 0.1997 0.7130 -0.2975 0.2953 0.6789 -0.2652 0.2812 0.7098 -0.2652 0.1902
4 16 0.7348 -0.2652 0.0000 0.7285 -0.2652 0.0959 0.6965 -0.2283 0.0917 0.7025 -0.2283 0.0000
4 16 0.7285 -0.2652 0.0959 0.7098 -0.2652 0.1902 0.6786 -0.2283 0.1818 0.6965 -0.2283 0.0917
4 16 0.7098 -0.2652 0.1902 0.6789 -0.2652 0.2812 0.6490 -0.2283 0.2688 0.6786 -0.2283 0.1818
4 16 0.7025 -0.2283 0.0000 0.6965 -0.2283 0.0917 0.6695 -0.1875 0.0881 0.6752 -0.1875 0.0000
4 16 0.6965 -0.2283 0.0917 0.6786 -0.2283 0.1818 0.6522 -0.1875 0.1748 0.6695 -0.1875 0.0881
4 16 0.6786 -0.2283 0.1818 0.6490 -0.2283 0.2688 0.6238 -0.1875 0.2584 0.6522 -0.1875 0.1748
4 16 0.6752 -0.1875 0.0000 0.6695 -0.1875 0.0881 0.6480 -0.1435 0.0853 0.6535 -0.1435 0.0000
4 16 0.6695 -0.1875 0.0881 0.6522 -0.1875 0.1748 0.6313 -0.1435 0.1692 0.6480 -0.1435 0.0853
4 16 0.6522 -0.1875 0.1748 0.6238 -0.1875 0.2584 0.6038 -0.1435 0.2501 0.6313 -0.1435 0.1692
4 16 0.6535 -0.1435 0.0000 0.6480 -0.1435 0.0853 0.6323 -0.0971 0.0832 0.6378 -0.0971 0.0000
4 16 0.6480 -0.1435 0.0853 0.6313 -0.1435 0.1692 0.6160 -0.0971 0.1651 0.6323 -0.0971 0.0832
4 16 0.6313 -0.1435 0.1692 0.6038 -0.1435 0.2501 0.5892 -0.0971 0.2441 0.6160 -0.0971 0.1651
4 16 0.6378 -0.0971 0.0000 0.6323 -0.0971 0.0832 0.6228 -0.0489 0.0820 0.6282 -0.0489 0.0000
4 16 0.6323 -0.0971 0.0832 0.6160 -0.0971 0.1651 0.6068 -0.0489 0.1626 0.6228 -0.0489 0.0820
4 16 0.6160 -0.0971 0.1651 0.5892 -0.0971 0.2441 0.5804 -0.0489 0.2404 0.6068 -0.0489 0.1626
4 16 0.6282 -0.0489 0.0000 0.6228 -0.0489 0.0820 0.6197 0.0000 0.0816 0.6250 0.0000 0.0000
4 16 0.6228 -0.0489 0.0820 0.6068 -0.0489 0.1626 0.6037 0.0000 0.1618 0.6197 0.0000 0.0816
4 16 0.6068 -0.0489 0.1626 0.5804 -0.0489 0.2404 0.5774 0.0000 0.2392 0.6037 0.0000 0.1618
4 16 0.6250 0.0000 0.0000 0.6197 0.0000 0.0816 0.6228 0.0489 0.0820 0.6282 0.0489 0.0000
4 16 0.6197 0.0000 0.0816 0.6037 0.0000 0.1618 0.6068 0.0489 0.1626 0.6228 0.0489 0.0820
4 16 0.6037 0.0000 0.1618 0.5774 0.0000 0.2392 0.5804 0.0489 0.2404 0.6068 0.0489 0.1626
4 16 0.6282 0.0489 0.0000 0.6228 0.0489 0.0820 0.6323 0.0971 0.0832 0.6378 0.0971 0.0000
4 16 0.6228 0.0489 0.0820 0.6068 0.0489 0.1626 0.6160 0.0971 0.1651 0.6323 0.0971 0.0832
4 16 0.6068 0.0489 0.1626 0.5804 0.0489 0.2404 0.5892 0.0971 0.2441 0.6160 0.0971 0.1651
4 16 0.6378 0.0971 0.0000 0.6323 0.0971 0.0832 0.6480 0.1435 0.0853 0.6535 0.1435 0.0000
4 16 0.6323 0.0971 0.0832 0.6160 0.0971 0.1651 0.6313 0.1435 0.1691 0.6480 0.1435 0.0853
4 16 0.6160 0.0971 0.1651 0.5892 0.0971 0.2441 0.6038 0.1435 0.2501 0.6313 0.1435 0.1691
4 16 0.6535 0.1435 0.0000 0.6480 0.1435 0.0853 0.6695 0.1875 0.0881 0.6752 0.1875 0.0000
4 16 0.6480 0.1435 0.0853 0.6313 0.1435 0.1691 0.6522 0.1875 0.1748 0.6695 0.1875 0.0881
4 16 0.6313 0.1435 0.1691 0.6038 0.1435 0.2501 0.6238 0.1875 0.2584 0.6522 0.1875 0.1748
4 16 0.6752 0.1875 0.0000 0.6695 0.1875 0.0881 0.6965 0.2283 0.0917 0.7025 0.2283 0.0000
4 16 0.6695 0.1875 0.0881 0.6522 0.1875 0.1748 0.6786 0.2283 0.1818 0.6965 0.2283 0.0917
4 16 0.6522 0.1875 0.1748 0.6238 0.1875 0.2584 0.6490 0.2283 0.2688 0.6786 0.2283 0.1818
4 16 0.7025 0.2283 0.0000 0.6965 0.2283 0.0917 0.7285 0.2652 0.0959 0.7348 0.2652 0.0000
4 16 0.6965 0.2283 0.0917 0.6786 0.2283 0.1818 0.7098 0.2652 0.1902 0.7285 0.2652 0.0959
4 16 0.6786 0.2283 0.1818 0.6490 0.2283 0.2688 0.6789 0.2652 0.2812 0.7098 0.2652 0.1902
4 16 0.7348 0.2652 0.0000 0.7285 0.2652 0.0959 0.7651 0.2975 0.1007 0.7717 0.2975 0.0000
4 16 0.7285 0.2652 0.0959 0.7098 0.2652 0.1902 0.7454 0.2975 0.1997 0.7651 0.2975 0.1007
4 16 0.7098 0.2652 0.1902 0.6789 0.2652 0.2812 0.7130 0.2975 0.2953 0.7454 0.2975 0.1997
4 16 0.7717 0.2975 0.0000 0.7651 0.2975 0.1007 0.8055 0.3248 0.1061 0.8125 0.3248 0.0000
4 16 0.7651 0.2975 0.1007 0.7454 0.2975 0.1997 0.7848 0.3248 0.2103 0.8055 0.3248 0.1061
4 16 0.7454 0.2975 0.1997 0.7130 0.2975 0.2953 0.7507 0.3248 0.3109 0.7848 0.3248 0.2103
4 16 0.8125 0.3248 0.0000 0.8055 0.3248 0.1061 0.8492 0.3465 0.1118 0.8565 0.3465 0.0000
4 16 0.8055 0.3248 0.1061 0.7848 0.3248 0.2103 0.8273 0.3465 0.2217 0.8492 0.3465 0.1118
4 16 0.7848 0.3248 0.2103 0.7507 0.3248 0.3109 0.7913 0.3465 0.3278 0.8273 0.3465 0.2217
4 16 0.8565 0.3465 0.0000 0.8492 0.3465 0.1118 0.8952 0.3622 0.1179 0.9029 0.3622 0.0000
4 16 0.8492 0.3465 0.1118 0.8273 0.3465 0.2217 0.8722 0.3622 0.2337 0.8952 0.3622 0.1179
4 16 0.8273 0.3465 0.2217 0.7913 0.3465 0.3278 0.8342 0.3622 0.3455 0.8722 0.3622 0.2337
4 16 0.9029 0.3622 0.0000 0.8952 0.3622 0.1179 0.9429 0.3718 0.1241 0.9511 0.3718 0.0000
4 16 0.8952 0.3622 0.1179 0.8722 0.3622 0.2337 0.9186 0.3718 0.2462 0.9429 0.3718 0.1241
4 16 0.8722 0.3622 0.2337 0.8342 0.3622 0.3455 0.8787 0.3718 0.3640 0.9186 0.3718 0.2462
4 16 0.9511 0.3718 0.0000 0.9429 0.3718 0.1241 0.9914 0.3750 0.1305 1.0000 0.3750 0.0000
4 16 0.9429 0.3718 0.1241 0.9186 0.3718 0.2462 0.9659 0.3750 0.2588 0.9914 0.3750 0.1305
4 16 0.9186 0.3718 0.2462 0.8787 0.3718 0.3640 0.9239 0.3750 0.3827 0.9659 0.3750 0.2588
4 16 0.9239 0.3750 0.3827 0.8660 0.3750 0.5000 0.9084 0.3718 0.5245 0.9691 0.3718 0.4014
4 16 0.8660 0.3750 0.5000 0.7934 0.3750 0.6088 0.8322 0.3718 0.6386 0.9084 0.3718 0.5245
4 16 0.7934 0.3750 0.6088 0.7071 0.3750 0.7071 0.7417 0.3718 0.7417 0.8322 0.3718 0.6386
4 16 0.9691 0.3718 0.4014 0.9084 0.3718 0.5245 0.9501 0.3622 0.5485 1.0135 0.3622 0.4198
4 16 0.9084 0.3718 0.5245 0.8322 0.3718 0.6386 0.8704 0.3622 0.6678 0.9501 0.3622 0.5485
4 16 0.8322 0.3718 0.6386 0.7417 0.3718 0.7417 0.7757 0.3622 0.7757 0.8704 0.3622 0.6678
4 16 1.0135 0.3622 0.4198 0.9501 0.3622 0.5485 0.9903 0.3465 0.5718 1.0565 0.3465 0.4376
4 16 0.9501 0.3622 0.5485 0.8704 0.3622 0.6678 0.9072 0.3465 0.6961 0.9903 0.3465 0.5718
4 16 0.8704 0.3622 0.6678 0.7757 0.3622 0.7757 0.8086 0.3465 0.8086 0.9072 0.3465 0.6961
4 16 1.0565 0.3465 0.4376 0.9903 0.3465 0.5718 1.0284 0.3248 0.5938 1.0971 0.3248 0.4544
4 16 0.9903 0.3465 0.5718 0.9072 0.3465 0.6961 0.9421 0.3248 0.7229 1.0284 0.3248 0.5938
4 16 0.9072 0.3465 0.6961 0.8086 0.3465 0.8086 0.8397 0.3248 0.8397 0.9421 0.3248 0.7229
4 16 1.0971 0.3248 0.4544 1.0284 0.3248 0.5938 1.0637 0.2975 0.6141 1.1348 0.2975 0.4700
4 16 1.0284 0.3248 0.5938 0.9421 0.3248 0.7229 0.9745 0.2975 0.7477 1.0637 0.2975 0.6141
4 16 0.9421 0.3248 0.7229 0.8397 0.3248 0.8397 0.8685 0.2975 0.8685 0.9745 0.2975 0.7477
4 16 1.1348 0.2975 0.4700 1.0637 0.2975 0.6141 1.0957 0.2652 0.6326 1.1689 0.2652 0.4842
4 16 1.0637 0.2975 0.6141 0.9745 0.2975 0.7477 1.0037 0.2652 0.7702 1.0957 0.2652 0.6326
4 16 0.9745 0.2975 0.7477 0.8685 0.2975 0.8685 0.8946 0.2652 0.8946 1.0037 0.2652 0.7702
4 16 1.1689 0.2652 0.4842 1.0957 0.2652 0.6326 1.1237 0.2283 0.6488 1.1987 0.2283 0.4965
4 16 1.0957 0.2652 0.6326 1.0037 0.2652 0.7702 1.0294 0.2283 0.7899 1.1237 0.2283 0.6488
4 16 1.0037 0.2652 0.7702 0.8946 0.2652 0.8946 0.9175 0.2283 0.9175 1.0294 0.2283 0.7899
4 16 1.1987 0.2283 0.4965 1.1237 0.2283 0.6488 1.1473 0.1875 0.6624 1.2239 0.1875 0.5070
4 16 1.1237 0.2283 0.6488 1.0294 0.2283 0.7899 1.0510 0.1875 0.8065 1.1473 0.1875 0.6624
4 16 1.0294 0.2283 0.7899 0.9175 0.2283 0.9175 0.9367 0.1875 0.9367 1.0510 0.1875 0.8065
4 16 1.2239 0.1875 0.5070 1.1473 0.1875 0.6624 1.1661 0.1435 0.6732 1.2440 0.1435 0.5153
4 16 1.1473 0.1875 0.6624 1.0510 0.1875 0.8065 1.0682 0.1435 0.8197 1.1661 0.1435 0.6732
4 16 1.0510 0.1875 0.8065 0.9367 0.1875 0.9367 0.9521 0.1435 0.9521 1.0682 0.1435 0.8197
4 16 1.2440 0.1435 0.5153 1.1661 0.1435 0.6732 1.1797 0.0971 0.6811 1.2585 0.0971 0.5213
4 16 1.1661 0.1435 0.6732 1.0682 0.1435 0.8197 1.0807 0.0971 0.8293 1.1797 0.0971 0.6811
4 16 1.0682 0.1435 0.8197 0.9521 0.1435 0.9521 0.9632 0.0971 0.9632 1.0807 0.0971 0.8293
4 16 1.2585 0.0971 0.5213 1.1797 0.0971 0.6811 1.1880 0.0489 0.6859 1.2674 0.0489 0.5250
4 16 1.1797 0.0971 0.6811 1.0807 0.0971 0.8293 1.0883 0.0489 0.8351 1.1880 0.0489 0.6859
4 16 1.0807 0.0971 0.8293 0.9632 0.0971 0.9632 0.9700 0.0489 0.9700 1.0883 0.0489 0.8351
4 16 1.2674 0.0489 0.5250 1.1880 0.0489 0.6859 1.1908 0.0000 0.6875 1.2704 0.0000 0.5262
4 16 1.1880 0.0489 0.6859 1.0883 0.0489 0.8351 1.0909 0.0000 0.8370 1.1908 0.0000 0.6875
4 16 1.0883 0.0489 0.8351 0.9700 0.0489 0.9700 0.9723 0.0000 0.9723 1.0909 0.0000 0.8370
4 16 1.2704 0.0000 0.5262 1.1908 0.0000 0.6875 1.1880 -0.0489 0.6859 1.2674 -0.0489 0.5250
4 16 1.1908 0.0000 0.6875 1.0909 0.0000 0.8370 1.0883 -0.0489 0.8351 1.1880 -0.0489 0.6859
4 16 1.0909 0.0000 0.8370 0.9723 0.0000 0.9723 0.9700 -0.0489 0.9700 1.0883 -0.0489 0.8351
4 16 1.2674 -0.0489 0.5250 1.1880 -0.0489 0.6859 1.1797 -0.0971 0.6811 1.2585 -0.0971 0.5213
4 16 1.1880 -0.0489 0.6859 1.0883 -0.0489 0.8351 1.0807 -0.0971 0.8293 1.1797 -0.0971 0.6811
4 16 1.0883 -0.0489 0.8351 0.9700 -0.0489 0.9700 0.9632 -0.0971 0.9632 1.0807 -0.0971 0.8293
4 16 1.2585 -0.0971 0.5213 1.1797 -0.0971 0.6811 1.1661 -0.1435 0.6732 1.2440 -0.1435 0.5153
4 16 1.1797 -0.0971 0.6811 1.0807 -0.0971 0.8293 1.0682 -0.1435 0.8197 1.1661 -0.1435 0.6732
4 16 1.0807 -0.0971 0.8293 0.9632 -0.0971 0.9632 0.9521 -0.1435 0.9521 1.0682 -0.1435 0.8197
4 16 1.2440 -0.1435 0.5153 1.1661 -0.1435 0.6732 1.1473 -0.1875 0.6624 1.2239 -0.1875 0.5070
4 16 1.1661 -0.1435 0.6732 1.0682 -0.1435 0.8197 1.0510 -0.1875 0.8065 1.1473 -0.1875 0.6624
4 16 1.0682 -0.1435 0.8197 0.9521 -0.1435 0.9521 0.9367 -0.1875 0.9367 1.0510 -0.1875 0.8065
4 16 1.2239 -0.1875 0.5070 1.1473 -0.1875 0.6624 1.1237 -0.2283 0.6488 1.1987 -0.2283 0.4965
4 16 1.1473 -0.1875 0.6624 1.0510 -0.1875 0.8065 1.0294 -0.2283 0.7899 1.1237 -0.2283 0.6488
4 16 1.0510 -0.1875 0.8065 0.9367 -0.1875 0.9367 0.9175 -0.2283 0.9175 1.0294 -0.2283 0.7899
4 16 1.1987 -0.2283 0.4965 1.1237 -0.2283 0.6488 1.0957 -0.2652 0.6326 1.1689 -0.2652 0.4842
4 16 1.1237 -0.2283 0.6488 1.0294 -0.2283 0.7899 1.0037 -0.2652 0.7702 1.0957 -0.2652 0.6326
4 16 1.0294 -0.2283 0.7899 0.9175 -0.2283 0.9175 0.8946 -0.2652 0.8946 1.0037 -0.2652 0.7702
4 16 1.1689 -0.2652 0.4842 1.0957 -0.2652 0.6326 1.0637 -0.2975 0.6141 1.1348 -0.2975 0.4700
4 16 1.0957 -0.2652 0.6326 1.0037 -0.2652 0.7702 0.9745 -0.2975 0.7477 1.0637 -0.2975 0.6141
4 16 1.0037 -0.2652 0.7702 0.8946 -0.2652 0.8946 0.8685 -0.2975 0.8685 0.9745 -0.2975 0.7477
4 16 1.1348 -0.2975 0.4700 1.0637 -0.2975 0.6141 1.0284 -0.3248 0.5938 1.0971 -0.3248 0.4544
4 16 1.0637 -0.2975 0.6141 0.9745 -0.2975 0.7477 0.9421 -0.3248 0.7229 1.0284 -0.3248 0.5938
4 16 0.9745 -0.2975 0.7477 0.8685 -0.2975 0.8685 0.8397 -0.3248 0.8397 0.9421 -0.3248 0.7229
4 16 1.0971 -0.3248 0.4544 1.0284 -0.3248 0.5938 0.9903 -0.3465 0.5718 1.0565 -0.3465 0.4376
4 16 1.0284 -0.3248 0.5938 0.9421 -0.3248 0.7229 0.9072 -0.3465 0.6961 0.9903 -0.3465 0.5718
4 16 0.9421 -0.3248 0.7229 0.8397 -0.3248 0.8397 0.8086 -0.3465 0.8086 0.9072 -0.3465 0.6961
4 16 1.0565 -0.3465 0.4376 0.9903 -0.3465 0.5718 0.9501 -0.3622 0.5485 1.0135 -0.3622 0.4198
4 16 0.9903 -0.3465 0.5718 0.9072 -0.3465 0.6961 0.8704 -0.3622 0.6678 0.9501 -0.3622 0.5485
4 16 0.9072 -0.3465 0.6961 0.8086 -0.3465 0.8086 0.7757 -0.3622 0.7757 0.8704 -0.3622 0.6678
4 16 1.0135 -0.3622 0.4198 0.9501 -0.3622 0.5485 0.9084 -0.3718 0.5245 0.9691 -0.3718 0.4014
4 16 0.9501 -0.3622 0.5485 0.8704 -0.3622 0.6678 0.8322 -0.3718 0.6386 0.9084 -0.3718 0.5245
4 16 0.8704 -0.3622 0.6678 0.7757 -0.3622 0.7757 0.7417 -0.3718 0.7417 0.8322 -0.3718 0.6386
4 16 0.9691 -0.3718 0.4014 0.9084 -0.3718 0.5245 0.8660 -0.3750 0.5000 0.9239 -0.3750 0.3827
4 16 0.9084 -0.3718 0.5245 0.8322 -0.3718 0.6386 0.7934 -0.3750 0.6088 0.8660 -0.3750 0.5000
4 16 0.8322 -0.3718 0.6386 0.7417 -0.3718 0.7417 0.7071 -0.3750 0.7071 0.7934 -0.3750 0.6088
4 16 0.9239 -0.3750 0.3827 0.8660 -0.3750 0.5000 0.8236 -0.3718 0.4755 0.8787 -0.3718 0.3640
4 16 0.8660 -0.3750 0.5000 0.7934 -0.3750 0.6088 0.7545 -0.3718 0.5790 0.8236 -0.3718 0.4755
4 16 0.7934 -0.3750 0.6088 0.7071 -0.3750 0.7071 0.6725 -0.3718 0.6725 0.7545 -0.3718 0.5790
4 16 0.8787 -0.3718 0.3640 0.8236 -0.3718 0.4755 0.7820 -0.3622 0.4515 0.8342 -0.3622 0.3455
4 16 0.8236 -0.3718 0.4755 0.7545 -0.3718 0.5790 0.7164 -0.3622 0.5497 0.7820 -0.3622 0.4515
4 16 0.7545 -0.3718 0.5790 0.6725 -0.3718 0.6725 0.6385 -0.3622 0.6385 0.7164 -0.3622 0.5497
4 16 0.8342 -0.3622 0.3455 0.7820 -0.3622 0.4515 0.7417 -0.3465 0.4282 0.7913 -0.3465 0.3278
4 16 0.7820 -0.3622 0.4515 0.7164 -0.3622 0.5497 0.6795 -0.3465 0.5214 0.7417 -0.3465 0.4282
4 16 0.7164 -0.3622 0.5497 0.6385 -0.3622 0.6385 0.6056 -0.3465 0.6056 0.6795 -0.3465 0.5214
4 16 0.7913 -0.3465 0.3278 0.7417 -0.3465 0.4282 0.7036 -0.3248 0.4063 0.7507 -0.3248 0.3109
4 16 0.7417 -0.3465 0.4282 0.6795 -0.3465 0.5214 0.6446 -0.3248 0.4946 0.7036 -0.3248 0.4063
4 16 0.6795 -0.3465 0.5214 0.6056 -0.3465 0.6056 0.5745 -0.3248 0.5745 0.6446 -0.3248 0.4946
4 16 0.7507 -0.3248 0.3109 0.7036 -0.3248 0.4063 0.6683 -0.2975 0.3859 0.7130 -0.2975 0.2953
4 16 0.7036 -0.3248 0.4063 0.6446 -0.3248 0.4946 0.6122 -0.2975 0.4698 0.6683 -0.2975 0.3859
4 16 0.6446 -0.3248 0.4946 0.5745 -0.3248 0.5745 0.5457 -0.2975 0.5457 0.6122 -0.2975 0.4698
4 16 0.7130 -0.2975 0.2953 0.6683 -0.2975 0.3859 0.6364 -0.2652 0.3674 0.6789 -0.2652 0.2812
4 16 0.6683 -0.2975 0.3859 0.6122 -0.2975 0.4698 0.5830 -0.2652 0.4473 0.6364 -0.2652 0.3674
4 16 0.6122 -0.2975 0.4698 0.5457 -0.2975 0.5457 0.5196 -0.2652 0.5196 0.5830 -0.2652 0.4473
4 16 0.6789 -0.2652 0.2812 0.6364 -0.2652 0.3674 0.6084 -0.2283 0.3512 0.6490 -0.2283 0.2688
4 16 0.6364 -0.2652 0.3674 0.5830 -0.2652 0.4473 0.5573 -0.2283 0.4277 0.6084 -0.2283 0.3512
4 16 0.5830 -0.2652 0.4473 0.5196 -0.2652 0.5196 0.4967 -0.2283 0.4967 0.5573 -0.2283 0.4277
4 16 0.6490 -0.2283 0.2688 0.6084 -0.2283 0.3512 0.5848 -0.1875 0.3376 0.6238 -0.1875 0.2584
4 16 0.6084 -0.2283 0.3512 0.5573 -0.2283 0.4277 0.5357 -0.1875 0.4111 0.5848 -0.1875 0.3376
4 16 0.5573 -0.2283 0.4277 0.4967 -0.2283 0.4967 0.4775 -0.1875 0.4775 0.5357 -0.1875 0.4111
4 16 0.6238 -0.1875 0.2584 0.5848 -0.1875 0.3376 0.5660 -0.1435 0.3268 0.6038 -0.1435 0.2501
4 16 0.5848 -0.1875 0.3376 0.5357 -0.1875 0.4111 0.5185 -0.1435 0.3979 0.5660 -0.1435 0.3268
4 16 0.5357 -0.1875 0.4111 0.4775 -0.1875 0.4775 0.4621 -0.1435 0.4621 0.5185 -0.1435 0.3979
4 16 0.6038 -0.1435 0.2501 0.5660 -0.1435 0.3268 0.5523 -0.0971 0.3189 0.5892 -0.0971 0.2441
4 16 0.5660 -0.1435 0.3268 0.5185 -0.1435 0.3979 0.5060 -0.0971 0.3883 0.5523 -0.0971 0.3189
4 16 0.5185 -0.1435 0.3979 0.4621 -0.1435 0.4621 0.4510 -0.0971 0.4510 0.5060 -0.0971 0.3883
4 16 0.5892 -0.0971 0.2441 0.5523 -0.0971 0.3189 0.5440 -0.0489 0.3141 0.5804 -0.0489 0.2404
4 16 0.5523 -0.0971 0.3189 0.5060 -0.0971 0.3883 0.4984 -0.0489 0.3824 0.5440 -0.0489 0.3141
4 16 0.5060 -0.0971 0.3883 0.4510 -0.0971 0.4510 0.4442 -0.0489 0.4442 0.4984 -0.0489 0.3824
4 16 0.5804 -0.0489 0.2404 0.5440 -0.0489 0.3141 0.5413 0.0000 0.3125 0.5774 0.0000 0.2392
4 16 0.5440 -0.0489 0.3141 0.4984 -0.0489 0.3824 0.4958 0.0000 0.3805 0.5413 0.0000 0.3125
4 16 0.4984 -0.0489 0.3824 0.4442 -0.0489 0.4442 0.4419 0.0000 0.4419 0.4958 0.0000 0.3805
4 16 0.5774 0.0000 0.2392 0.5413 0.0000 0.3125 0.5440 0.0489 0.3141 0.5804 0.0489 0.2404
4 16 0.5413 0.0000 0.3125 0.4958 0.0000 0.3805 0.4984 0.0489 0.3824 0.5440 0.0489 0.3141
4 16 0.4958 0.0000 0.3805 0.4419 0.0000 0.4419 0.4442 0.0489 0.4442 0.4984 0.0489 0.3824
4 16 0.5804 0.0489 0.2404 0.5440 0.0489 0.3141 0.5523 0.0971 0.3189 0.5892 0.0971 0.2441
4 16 0.5440 0.0489 0.3141 0.4984 0.0489 0.3824 0.5060 0.0971 0.3883 0.5523 0.0971 0.3189
4 16 0.4984 0.0489 0.3824 0.4442 0.0489 0.4442 0.4510 0.0971 0.4510 0.5060 0.0971 0.3883
4 16 0.5892 0.0971 0.2441 0.5523 0.0971 0.3189 0.5660 0.1435 0.3268 0.6038 0.1435 0.2501
4 16 0.5523 0.0971 0.3189 0.5060 0.0971 0.3883 0.5185 0.1435 0.3979 0.5660 0.1435 0.3268
4 16 0.5060 0.0971 0.3883 0.4510 0.0971 0.4510 0.4621 0.1435 0.4621 0.5185 0.1435 0.3979
4 16 0.6038 0.1435 0.2501 0.5660 0.1435 0.3268 0.5848 0.1875 0.3376 0.6238 0.1875 0.2584
4 16 0.5660 0.1435 0.3268 0.5185 0.1435 0.3979 0.5357 0.1875 0.4111 0.5848 0.1875 0.3376
4 16 0.5185 0.1435 0.3979 0.4621 0.1435 0.4621 0.4775 0.1875 0.4775 0.5357 0.1875 0.4111
4 16 0.6238 0.1875 0.2584 0.5848 0.1875 0.3376 0.6084 0.2283 0.3512 0.6490 0.2283 0.2688
4 16 0.5848 0.1875 0.3376 0.5357 0.1875 0.4111 0.5573 0.2283 0.4277 0.6084 0.2283 0.3512
4 16 0.5357 0.1875 0.4111 0.4775 0.1875 0.4775 0.4967 0.2283 0.4967 0.5573 0.2283 0.4277
4 16 0.6490 0.2283 0.2688 0.6084 0.2283 0.3512 0.6364 0.2652 0.3674 0.6789 0.2652 0.2812
4 16 0.6084 0.2283 0.3512 0.5573 0.2283 0.4277 0.5830 0.2652 0.4473 0.6364 0.2652 0.3674
4 16 0.5573 0.2283 0.4277 0.4967 0.2283 0.4967 0.5196 0.2652 0.5196 0.5830 0.2652 0.4473
4 16 0.6789 0.2652 0.2812 0.6364 0.2652 0.3674 0.6683 0.2975 0.3859 0.7130 0.2975 0.2953
4 16 0.6364 0.2652 0.3674 0.5830 0.2652 0.4473 0.6122 0.2975 0.4698 0.6683 0.2975 0.3859
4 16 0.5830 0.2652 0.4473 0.5196 0.2652 0.5196 0.5457 0.2975 0.5457 0.6122 0.2975 0.4698
4 16 0.7130 0.2975 0.2953 0.6683 0.2975 0.3859 0.7036 0.3248 0.4063 0.7507 0.3248 0.3109
4 16 0.6683 0.2975 0.3859 0.6122 0.2975 0.4698 0.6446 0.3248 0.4946 0.7036 0.3248 0.4063
4 16 0.6122 0.2975 0.4698 0.5457 0.2975 0.5457 0.5745 0.3248 0.5745 0.6446 0.3248 0.4946
4 16 0.7507 0.3248 0.3109 0.7036 0.3248 0.4063 0.7417 0.3465 0.4282 0.7913 0.3465 0.3278
4 16 0.7036 0.3248 0.4063 0.6446 0.3248 0.4946 0.6795 0.3465 0.5214 0.7417 0.3465 0.4282
4 16 0.6446 0.3248 0.4946 0.5745 0.3248 0.5745 0.6056 0.3465 0.6056 0.6795 0.3465 0.5214
4 16 0.7913 0.3465 0.3278 0.7417 0.3465 0.4282 0.7820 0.3622 0.4515 0.8342 0.3622 0.3455
4 16 0.7417 0.3465 0.4282 0.6795 0.3465 0.5214 0.7164 0.3622 0.5497 0.7820 0.3622 0.4515
4 16 0.6795 0.3465 0.5214 0.6056 0.3465 0.6056 0.6385 0.3622 0.6385 0.7164 0.3622 0.5497
4 16 0.8342 0.3622 0.3455 0.7820 0.3622 0.4515 0.8236 0.3718 0.4755 0.8787 0.3718 0.3640
4 16 0.7820 0.3622 0.4515 0.7164 0.3622 0.5497 0.7545 0.3718 0.5790 0.8236 0.3718 0.4755
4 16 0.7164 0.3622 0.5497 0.6385 0.3622 0.6385 0.6725 0.3718 0.6725 0.7545 0.3718 0.5790
4 16 0.8787 0.3718 0.3640 0.8236 0.3718 0.4755 0.8660 0.3750 0.5000 0.9239 0.3750 0.3827
4 16 0.8236 0.3718 0.4755 0.7545 0.3718 0.5790 0.7934 0.3750 0.6088 0.8660 0.3750 0.5000
4 16 0.7545 0.3718 0.5790 0.6725 0.3718 0.6725 0.7071 0.3750 0.7071 0.7934 0.3750 0.6088
4 16 0.7071 0.3750 0.7071 0.6088 0.3750 0.7934 0.6386 0.3718 0.8322 0.7417 0.3718 0.7417
4 16 0.6088 0.3750 0.7934 0.5000 0.3750 0.8660 0.5245 0.3718 0.9084 0.6386 0.3718 0.8322
4 16 0.5000 0.3750 0.8660 0.3827 0.3750 0.9239 0.4014 0.3718 0.9691 0.5245 0.3718 0.9084
4 16 0.7417 0.3718 0.7417 0.6386 0.3718 0.8322 0.6678 0.3622 0.8704 0.7757 0.3622 0.7757
4 16 0.6386 0.3718 0.8322 0.5245 0.3718 0.9084 0.5485 0.3622 0.9501 0.6678 0.3622 0.8704
4 16 0.5245 0.3718 0.9084 0.4014 0.3718 0.9691 0.4198 0.3622 1.0135 0.5485 0.3622 0.9501
4 16 0.7757 0.3622 0.7757 0.6678 0.3622 0.8704 0.6961 0.3465 0.9072 0.8086 0.3465 0.8086
4 16 0.6678 0.3622 0.8704 0.5485 0.3622 0.9501 0.5718 0.3465 0.9903 0.6961 0.3465 0.9072
4 16 0.5485 0.3622 0.9501 0.4198 0.3622 1.0135 0.4376 0.3465 1.0565 0.5718 0.3465 0.9903
4 16 0.8086 0.3465 0.8086 0.6961 0.3465 0.9072 0.7229 0.3248 0.9421 0.8397 0.3248 0.8397
4 16 0.6961 0.3465 0.9072 0.5718 0.3465 0.9903 0.5937 0.3248 1.0284 0.7229 0.3248 0.9421
4 16 0.5718 0.3465 0.9903 0.4376 0.3465 1.0565 0.4544 0.3248 1.0971 0.5937 0.3248 1.0284
4 16 0.8397 0.3248 0.8397 0.7229 0.3248 0.9421 0.7477 0.2975 0.9745 0.8685 0.2975 0.8685
4 16 0.7229 0.3248 0.9421 0.5937 0.3248 1.0284 0.6141 0.2975 1.0637 0.7477 0.2975 0.9745
4 16 0.5937 0.3248 1.0284 0.4544 0.3248 1.0971 0.4700 0.2975 1.1348 0.6141 0.2975 1.0637
4 16 0.8685 0.2975 0.8685 0.7477 0.2975 0.9745 0.7702 0.2652 1.0037 0.8946 0.2652 0.8946
4 16 0.7477 0.2975 0.9745 0.6141 0.2975 1.0637 0.6326 0.2652 1.0957 0.7702 0.2652 1.0037
4 16 0.6141 0.2975 1.0637 0.4700 0.2975 1.1348 0.4842 0.2652 1.1689 0.6326 0.2652 1.0957
4 16 0.8946 0.2652 0.8946 0.7702 0.2652 1.0037 0.7899 0.2283 1.0294 0.9175 0.2283 0.9175
4 16 0.7702 0.2652 1.0037 0.6326 0.2652 1.0957 0.6488 0.2283 1.1237 0.7899 0.2283 1.0294
4 16 0.6326 0.2652 1.0957 0.4842 0.2652 1.1689 0.4965 0.2283 1.1987 0.6488 0.2283 1.1237
4 16 0.9175 0.2283 0.9175 0.7899 0.2283 1.0294 0.8065 0.1875 1.0510 0.9367 0.1875 0.9367
4 16 0.7899 0.2283 1.0294 0.6488 0.2283 1.1237 0.6624 0.1875 1.1473 0.8065 0.1875 1.0510
4 16 0.6488 0.2283 1.1237 0.4965 0.2283 1.1987 0.5070 0.1875 1.2239 0.6624 0.1875 1.1473
4 16 0.9367 0.1875 0.9367 0.8065 0.1875 1.0510 0.8197 0.1435 1.0682 0.9521 0.1435 0.9521
4 16 0.8065 0.1875 1.0510 0.6624 0.1875 1.1473 0.6732 0.1435 1.1661 0.8197 0.1435 1.0682
4 16 0.6624 0.1875 1.1473 0.5070 0.1875 1.2239 0.5153 0.1435 1.2440 0.6732 0.1435 1.1661
4 16 0.9521 0.1435 0.9521 0.8197 0.1435 1.0682 0.8293 0.0971 1.0807 0.9632 0.0971 0.9632
4 16 0.8197 0.1435 1.0682 0.6732 0.1435 1.1661 0.6811 0.0971 1.1797 0.8293 0.0971 1.0807
4 16 0.6732 0.1435 1.1661 0.5153 0.1435 1.2440 0.5213 0.0971 1.2585 0.6811 0.0971 1.1797
4 16 0.9632 0.0971 0.9632 0.8293 0.0971 1.0807 0.8351 0.0489 1.0883 0.9700 0.0489 0.9700
4 16 0.8293 0.0971 1.0807 0.6811 0.0971 1.1797 0.6859 0.0489 1.1880 0.8351 0.0489 1.0883
4 16 0.6811 0.0971 1.1797 0.5213 0.0971 1.2585 0.5250 0.0489 1.2674 0.6859 0.0489 1.1880
4 16 0.9700 0.0489 0.9700 0.8351 0.0489 1.0883 0.8370 0.0000 1.0909 0.9723 0.0000 0.9723
4 16 0.8351 0.0489 1.0883 0.6859 0.0489 1.1880 0.6875 0.0000 1.1908 0.8370 0.0000 1.0909
4 16 0.6859 0.0489 1.1880 0.5250 0.0489 1.2674 0.5262 0.0000 1.2704 0.6875 0.0000 1.1908
4 16 0.9723 0.0000 0.9723 0.8370 0.0000 1.0909 0.8351 -0.0489 1.0883 0.9700 -0.0489 0.9700
4 16 0.8370 0.0000 1.0909 0.6875 0.0000 1.1908 0.6859 -0.0489 1.1880 0.8351 -0.0489 1.0883
4 16 0.6875 0.0000 1.1908 0.5262 0.0000 1.2704 0.5250 -0.0489 1.2674 0.6859 -0.0489 1.1880
4 16 0.9700 -0.0489 0.9700 0.8351 -0.0489 1.0883 0.8293 -0.0971 1.0807 0.9632 -0.0971 0.9632
4 16 0.8351 -0.0489 1.0883 0.6859 -0.0489 1.1880 0.6811 -0.0971 1.1797 0.8293 -0.0971 1.0807
4 16 0.6859 -0.0489 1.1880 0.5250 -0.0489 1.2674 0.5213 -0.0971 1.2585 0.6811 -0.0971 1.1797
4 16 0.9632 -0.0971 0.9632 0.8293 -0.0971 1.0807 0.8197 -0.1435 1.0682 0.9521 -0.1435 0.9521
4 16 0.8293 -0.0971 1.0807 0.6811 -0.0971 1.1797 0.6732 -0.1435 1.1661 0.8197 -0.1435 1.0682
4 16 0.6811 -0.0971 1.1797 0.5213 -0.0971 1.2585 0.5153 -0.1435 1.2440 0.6732 -0.1435 1.1661
4 16 0.9521 -0.1435 0.9521 0.8197 -0.1435 1.0682 0.8065 -0.1875 1.0510 0.9367 -0.1875 0.9367
4 16 0.8197 -0.1435 1.0682 0.6732 -0.1435 1.1661 0.6624 -0.1875 1.1473 0.8065 -0.1875 1.0510
4 16 0.6732 -0.1435 1.1661 0.5153 -0.1435 1.2440 0.5070 -0.1875 1.2239 0.6624 -0.1875 1.1473
4 16 0.9367 -0.1875 0.9367 0.8065 -0.1875 1.0510 0.7899 -0.2283 1.0294 0.9175 -0.2283 0.9175
4 16 0.8065 -0.1875 1.0510 0.6624 -0.1875 1.1473 0.6488 -0.2283 1.1237 0.7899 -0.2283 1.0294
4 16 0.6624 -0.1875 1.1473 0.5070 -0.1875 1.2239 0.4965 -0.2283 1.1987 0.6488 -0.2283 1.1237
4 16 0.9175 -0.2283 0.9175 0.7899 -0.2283 1.0294 0.7702 -0.2652 1.0037 0.8946 -0.2652 0.8946
4 16 0.7899 -0.2283 1.0294 0.6488 -0.2283 1.1237 0.6326 -0.2652 1.0957 0.7702 -0.2652 1.0037
4 16 0.6488 -0.2283 1.1237 0.4965 -0.2283 1.1987 0.4842 -0.2652 1.1689 0.6326 -0.2652 1.0957
4 16 0.8946 -0.2652 0.8946 0.7702 -0.2652 1.0037 0.7477 -0.2975 0.9745 0.8685 -0.2975 0.8685
4 16 0.7702 -0.2652 1.0037 0.6326 -0.2652 1.0957 0.6141 -0.2975 1.0637 0.7477 -0.2975 0.9745
4 16 0.6326 -0.2652 1.0957 0.4842 -0.2652 1.1689 0.4700 -0.2975 1.1348 0.6141 -0.2975 1.0637
4 16 0.8685 -0.2975 0.8685 0.7477 -0.2975 0.9745 0.7229 -0.3248 0.9421 0.8397 -0.3248 0.8397
4 16 0.7477 -0.2975 0.9745 0.6141 -0.2975 1.0637 0.5937 -0.3248 1.0284 0.7229 -0.3248 0.9421
4 16 0.6141 -0.2975 1.0637 0.4700 -0.2975 1.1348 0.4544 -0.3248 1.0971 0.5937 -0.3248 1.0284
4 16 0.8397 -0.3248 0.8397 0.7229 -0.3248 0.9421 0.6961 -0.3465 0.9072 0.8086 -0.3465 0.8086
4 16 0.7229 -0.3248 0.9421 0.5937 -0.3248 1.0284 0.5718 -0.3465 0.9903 0.6961 -0.3465 0.9072
4 16 0.5937 -0.3248 1.0284 0.4544 -0.3248 1.0971 0.4376 -0.3465 1.0565 0.5718 -0.3465 0.9903
4 16 0.8086 -0.3465 0.8086 0.6961 -0.3465 0.9072 0.6678 -0.3622 0.8704 0.7757 -0.3622 0.7757
4 16 0.6961 -0.3465 0.9072 0.5718 -0.3465 0.9903 0.5485 -0.3622 0.9501 0.6678 -0.3622 0.8704
4 16 0.5718 -0.3465 0.9903 0.4376 -0.3465 1.0565 0.4198 -0.3622 1.0135 0.5485 -0.3622 0.9501
4 16 0.7757 -0.3622 0.7757 0.6678 -0.3622 0.8704 0.6386 -0.3718 0.8322 0.7417 -0.3718 0.7417
4 16 0.6678 -0.3622 0.8704 0.5485 -0.3622 0.9501 0.5245 -0.3718 0.9084 0.6386 -0.3718 0.8322
4 16 0.5485 -0.3622 0.9501 0.4198 -0.3622 1.0135 0.4014 -0.3718 0.9691 0.5245 -0.3718 0.9084
4 16 0.7417 -0.3718 0.7417 0.6386 -0.3718 0.8322 0.6088 -0.3750 0.7934 0.7071 -0.3750 0.7071
4 16 0.6386 -0.3718 0.8322 0.5245 -0.3718 0.9084 0.5000 -0.3750 0.8660 0.6088 -0.3750 0.7934
4 16 0.5245 -0.3718 0.9084 0.4014 -0.3718 0.9691 0.3827 -0.3750 0.9239 0.5000 -0.3750 0.8660
4 16 0.7071 -0.3750 0.7071 0.6088 -0.3750 0.7934 0.5790 -0.3718 0.7545 0.6725 -0.3718 0.6725
4 16 0.6088 -0.3750 0.7934 0.5000 -0.3750 0.8660 0.4755 -0.3718 0.8236 0.5790 -0.3718 0.7545
4 16 0.5000 -0.3750 0.8660 0.3827 -0.3750 0.9239 0.3640 -0.3718 0.8787 0.4755 -0.3718 0.8236
4 16 0.6725 -0.3718 0.6725 0.5790 -0.3718 0.7545 0.5497 -0.3622 0.7164 0.6385 -0.3622 0.6385
4 16 0.5790 -0.3718 0.7545 0.4755 -0.3718 0.8236 0.4515 -0.3622 0.7820 0.5497 -0.3622 0.7164
4 16 0.4755 -0.3718 0.8236 0.3640 -0.3718 0.8787 0.3455 -0.3622 0.8342 0.4515 -0.3622 0.7820
4 16 0.6385 -0.3622 0.6385 0.5497 -0.3622 0.7164 0.5214 -0.3465 0.6795 0.6056 -0.3465 0.6056
4 16 0.5497 -0.3622 0.7164 0.4515 -0.3622 0.7820 0.4282 -0.3465 0.7417 0.5214 -0.3465 0.6795
4 16 0.4515 -0.3622 0.7820 0.3455 -0.3622 0.8342 0.3278 -0.3465 0.7913 0.4282 -0.3465 0.7417
4 16 0.6056 -0.3465 0.6056 0.5214 -0.3465 0.6795 0.4946 -0.3248 0.6446 0.5745 -0.3248 0.5745
4 16 0.5214 -0.3465 0.6795 0.4282 -0.3465 0.7417 0.4063 -0.3248 0.7036 0.4946 -0.3248 0.6446
4 16 0.4282 -0.3465 0.7417 0.3278 -0.3465 0.7913 0.3109 -0.3248 0.7507 0.4063 -0.3248 0.7036
4 16 0.5745 -0.3248 0.5745 0.4946 -0.3248 0.6446 0.4698 -0.2975 0.6122 0.5457 -0.2975 0.5457
4 16 0.4946 -0.3248 0.6446 0.4063 -0.3248 0.7036 0.3859 -0.2975 0.6683 0.4698 -0.2975 0.6122
4 16 0.4063 -0.3248 0.7036 0.3109 -0.3248 0.7507 0.2953 -0.2975 0.7130 0.3859 -0.2975 0.6683
4 16 0.5457 -0.2975 0.5457 0.4698 -0.2975 0.6122 0.4473 -0.2652 0.5830 0.5196 -0.2652 0.5196
4 16 0.4698 -0.2975 0.6122 0.3859 -0.2975 0.6683 0.3674 -0.2652 0.6364 0.4473 -0.2652 0.5830
4 16 0.3859 -0.2975 0.6683 0.2953 -0.2975 0.7130 0.2812 -0.2652 0.6789 0.3674 -0.2652 0.6364
4 16 0.5196 -0.2652 0.5196 0.4473 -0.2652 0.5830 0.4277 -0.2283 0.5573 0.4967 -0.2283 0.4967
4 16 0.4473 -0.2652 0.5830 0.3674 -0.2652 0.6364 0.3512 -0.2283 0.6084 0.4277 -0.2283 0.5573
4 16 0.3674 -0.2652 0.6364 0.2812 -0.2652 0.6789 0.2688 -0.2283 0.6490 0.3512 -0.2283 0.6084
4 16 0.4967 -0.2283 0.4967 0.4277 -0.2283 0.5573 0.4111 -0.1875 0.5357 0.4775 -0.1875 0.4775
4 16 0.4277 -0.2283 0.5573 0.3512 -0.2283 0.6084 0.3376 -0.1875 0.5848 0.4111 -0.1875 0.5357
4 16 0.3512 -0.2283 0.6084 0.2688 -0.2283 0.6490 0.2584 -0.1875 0.6238 0.3376 -0.1875 0.5848
4 16 0.4775 -0.1875 0.4775 0.4111 -0.1875 0.5357 0.3979 -0.1435 0.5185 0.4621 -0.1435 0.4621
4 16 0.4111 -0.1875 0.5357 0.3376 -0.1875 0.5848 0.3268 -0.1435 0.5660 0.3979 -0.1435 0.5185
4 16 0.3376 -0.1875 0.5848 0.2584 -0.1875 0.6238 0.2501 -0.1435 0.6038 0.3268 -0.1435 0.5660
4 16 0.4621 -0.1435 0.4621 0.3979 -0.1435 0.5185 0.3883 -0.0971 0.5060 0.4510 -0.0971 0.4510
4 16 0.3979 -0.1435 0.5185 0.3268 -0.1435 0.5660 0.3189 -0.0971 0.5523 0.3883 -0.0971 0.5060
4 16 0.3268 -0.1435 0.5660 0.2501 -0.1435 0.6038 0.2441 -0.0971 0.5892 0.3189 -0.0971 0.5523
4 16 0.4510 -0.0971 0.4510 0.3883 -0.0971 0.5060 0.3824 -0.0489 0.4984 0.4442 -0.0489 0.4442
4 16 0.3883 -0.0971 0.5060 0.3189 -0.0971 0.5523 0.3141 -0.0489 0.5440 0.3824 -0.0489 0.4984
4 16 0.3189 -0.0971 0.5523 0.2441 -0.0971 0.5892 0.2404 -0.0489 0.5804 0.3141 -0.0489 0.5440
4 16 0.4442 -0.0489 0.4442 0.3824 -0.0489 0.4984 0.3805 0.0000 0.4958 0.4419 0.0000 0.4419
4 16 0.3824 -0.0489 0.4984 0.3141 -0.0489 0.5440 0.3125 0.0000 0.5413 0.3805 0.0000 0.4958
4 16 0.3141 -0.0489 0.5440 0.2404 -0.0489 0.5804 0.2392 0.0000 0.5774 0.3125 0.0000 0.5413
4 16 0.4419 0.0000 0.4419 0.3805 0.0000 0.4958 0.3824 0.0489 0.4984 0.4442 0.0489 0.4442
4 16 0.3805 0.0000 0.4958 0.3125 0.0000 0.5413 0.3141 0.0489 0.5440 0.3824 0.0489 0.4984
4 16 0.3125 0.0000 0.5413 0.2392 0.0000 0.5774 0.2404 0.0489 0.5804 0.3141 0.0489 0.5440
4 16 0.4442 0.0489 0.4442 0.3824 0.0489 0.4984 0.3883 0.0971 0.5060 0.4510 0.0971 0.4510
4 16 0.3824 0.0489 0.4984 0.3141 0.0489 0.5440 0.3189 0.0971 0.5523 0.3883 0.0971 0.5060
4 16 0.3141 0.0489 0.5440 0.2404 0.0489 0.5804 0.2441 0.0971 0.5892 0.3189 0.0971 0.5523
4 16 0.4510 0.0971 0.4510 0.3883 0.0971 0.5060 0.3979 0.1435 0.5185 0.4621 0.1435 0.4621
4 16 0.3883 0.0971 0.5060 0.3189 0.0971 0.5523 0.3268 0.1435 0.5660 0.3979 0.1435 0.5185
4 16 0.3189 0.0971 0.5523 0.2441 0.0971 0.5892 0.2501 0.1435 0.6038 0.3268 0.1435 0.5660
4 16 0.4621 0.1435 0.4621 0.3979 0.1435 0.5185 0.4111 0.1875 0.5357 0.4775 0.1875 0.4775
4 16 0.3979 0.1435 0.5185 0.3268 0.1435 0.5660 0.3376 0.1875 0.5848 0.4111 0.1875 0.5357
4 16 0.3268 0.1435 0.5660 0.2501 0.1435 0.6038 0.2584 0.1875 0.6238 0.3376 0.1875 0.5848
4 16 0.4775 0.1875 0.4775 0.4111 0.1875 0.5357 0.4277 0.2283 0.5573 0.4967 0.2283 0.4967
4 16 0.4111 0.1875 0.5357 0.3376 0.1875 0.5848 0.3512 0.2283 0.6084 0.4277 0.2283 0.5573
4 16 0.3376 0.1875 0.5848 0.2584 0.1875 0.6238 0.2688 0.2283 0.6490 0.3512 0.2283 0.6084
4 16 0.4967 0.2283 0.4967 0.4277 0.2283 0.5573 0.4473 0.2652 0.5830 0.5196 0.2652 0.5196
4 16 0.4277 0.2283 0.5573 0.3512 0.2283 0.6084 0.3674 0.2652 0.6364 0.4473 0.2652 0.5830
4 16 0.3512 0.2283 0.6084 0.2688 0.2283 0.6490 0.2812 0.2652 0.6789 0.3674 0.2652 0.6364
4 16 0.5196 0.2652 0.5196 0.4473 0.2652 0.5830 0.4698 0.2975 0.6122 0.5457 0.2975 0.5457
4 16 0.4473 0.2652 0.5830 0.3674 0.2652 0.6364 0.3859 0.2975 0.6683 0.4698 0.2975 0.6122
4 16 0.3674 0.2652 0.6364 0.2812 0.2652 0.6789 0.2953 0.2975 0.7130 0.3859 0.2975 0.6683
4 16 0.5457 0.2975 0.5457 0.4698 0.2975 0.6122 0.4946 0.3248 0.6446 0.5745 0.3248 0.5745
4 16 0.4698 0.2975 0.6122 0.3859 0.2975 0.6683 0.4063 0.3248 0.7036 0.4946 0.3248 0.6446
4 16 0.3859 0.2975 0.6683 0.2953 0.2975 0.7130 0.3109 0.3248 0.7507 0.4063 0.3248 0.7036
4 16 0.5745 0.3248 0.5745 0.4946 0.3248 0.6446 0.5214 0.3465 0.6795 0.6056 0.3465 0.6056
4 16 0.4946 0.3248 0.6446 0.4063 0.3248 0.7036 0.4282 0.3465 0.7417 0.5214 0.3465 0.6795
4 16 0.4063 0.3248 0.7036 0.3109 0.3248 0.7507 0.3278 0.3465 0.7913 0.4282 0.3465 0.7417
4 16 0.6056 0.3465 0.6056 0.5214 0.3465 0.6795 0.5497 0.3622 0.7164 0.6385 0.3622 0.6385
4 16 0.5214 0.3465 0.6795 0.4282 0.3465 0.7417 0.4515 0.3622 0.7820 0.5497 0.3622 0.7164
4 16 0.4282 0.3465 0.7417 0.3278 0.3465 0.7913 0.3455 0.3622 0.8342 0.4515 0.3622 0.7820
4 16 0.6385 0.3622 0.6385 0.5497 0.3622 0.7164 0.5790 0.3718 0.7545 0.6725 0.3718 0.6725
4 16 0.5497 0.3622 0.7164 0.4515 0.3622 0.7820 0.4755 0.3718 0.8236 0.5790 0.3718 0.7545
4 16 0.4515 0.3622 0.7820 0.3455 0.3622 0.8342 0.3640 0.3718 0.8787 0.4755 0.3718 0.8236
4 16 0.6725 0.3718 0.6725 0.5790 0.3718 0.7545 0.6088 0.3750 0.7934 0.7071 0.3750 0.7071
4 16 0.5790 0.3718 0.7545 0.4755 0.3718 0.8236 0.5000 0.3750 0.8660 0.6088 0.3750 0.7934
4 16 0.4755 0.3718 0.8236 0.3640 0.3718 0.8787 0.3827 0.3750 0.9239 0.5000 0.3750 0.8660
4 16 0.3827 0.3750 0.9239 0.2588 0.3750 0.9659 0.2715 0.3718 1.0132 0.4014 0.3718 0.9691
4 16 0.2588 0.3750 0.9659 0.1305 0.3750 0.9914 0.1369 0.3718 1.0400 0.2715 0.3718 1.0132
4 16 0.1305 0.3750 0.9914 0.0000 0.3750 1.0000 0.0000 0.3718 1.0489 0.1369 0.3718 1.0400
4 16 0.4014 0.3718 0.9691 0.2715 0.3718 1.0132 0.2839 0.3622 1.0597 0.4198 0.3622 1.0135
4 16 0.2715 0.3718 1.0132 0.1369 0.3718 1.0400 0.1432 0.3622 1.0877 0.2839 0.3622 1.0597
4 16 0.1369 0.3718 1.0400 0.0000 0.3718 1.0489 0.0000 0.3622 1.0971 0.1432 0.3622 1.0877
4 16 0.4198 0.3622 1.0135 0.2839 0.3622 1.0597 0.2960 0.3465 1.1045 0.4376 0.3465 1.0565
4 16 0.2839 0.3622 1.0597 0.1432 0.3622 1.0877 0.1493 0.3465 1.1337 0.2960 0.3465 1.1045
4 16 0.1432 0.3622 1.0877 0.0000 0.3622 1.0971 0.0000 0.3465 1.1435 0.1493 0.3465 1.1337
4 16 0.4376 0.3465 1.0565 0.2960 0.3465 1.1045 0.3073 0.3248 1.1470 0.4544 0.3248 1.0971
4 16 0.2960 0.3465 1.1045 0.1493 0.3465 1.1337 0.1550 0.3248 1.1773 0.3073 0.3248 1.1470
4 16 0.1493 0.3465 1.1337 0.0000 0.3465 1.1435 0.0000 0.3248 1.1875 0.1550 0.3248 1.1773
4 16 0.4544 0.3248 1.0971 0.3073 0.3248 1.1470 0.3179 0.2975 1.1864 0.4700 0.2975 1.1348
4 16 0.3073 0.3248 1.1470 0.1550 0.3248 1.1773 0.1603 0.2975 1.2178 0.3179 0.2975 1.1864
4 16 0.1550 0.3248 1.1773 0.0000 0.3248 1.1875 0.0000 0.2975 1.2283 0.1603 0.2975 1.2178
4 16 0.4700 0.2975 1.1348 0.3179 0.2975 1.1864 0.3274 0.2652 1.2221 0.4842 0.2652 1.1689
4 16 0.3179 0.2975 1.1864 0.1603 0.2975 1.2178 0.1651 0.2652 1.2543 0.3274 0.2652 1.2221
4 16 0.1603 0.2975 1.2178 0.0000 0.2975 1.2283 0.0000 0.2652 1.2652 0.1651 0.2652 1.2543
4 16 0.4842 0.2652 1.1689 0.3274 0.2652 1.2221 0.3358 0.2283 1.2533 0.4965 0.2283 1.1987
4 16 0.3274 0.2652 1.2221 0.1651 0.2652 1.2543 0.1694 0.2283 1.2864 0.3358 0.2283 1.2533
4 16 0.1651 0.2652 1.2543 0.0000 0.2652 1.2652 0.0000 0.2283 1.2975 0.1694 0.2283 1.2864
4 16 0.4965 0.2283 1.1987 0.3358 0.2283 1.2533 0.3429 0.1875 1.2796 0.5070 0.1875 1.2239
4 16 0.3358 0.2283 1.2533 0.1694 0.2283 1.2864 0.1729 0.1875 1.3134 0.3429 0.1875 1.2796
4 16 0.1694 0.2283 1.2864 0.0000 0.2283 1.2975 0.0000 0.1875 1.3248 0.1729 0.1875 1.3134
4 16 0.5070 0.1875 1.2239 0.3429 0.1875 1.2796 0.3485 0.1435 1.3006 0.5153 0.1435 1.2440
4 16 0.3429 0.1875 1.2796 0.1729 0.1875 1.3134 0.1757 0.1435 1.3349 0.3485 0.1435 1.3006
4 16 0.1729 0.1875 1.3134 0.0000 0.1875 1.3248 0.0000 0.1435 1.3465 0.1757 0.1435 1.3349
4 16 0.5153 0.1435 1.2440 0.3485 0.1435 1.3006 0.3526 0.0971 1.3158 0.5213 0.0971 1.2585
4 16 0.3485 0.1435 1.3006 0.1757 0.1435 1.3349 0.1778 0.0971 1.3506 0.3526 0.0971 1.3158
4 16 0.1757 0.1435 1.3349 0.0000 0.1435 1.3465 0.0000 0.0971 1.3622 0.1778 0.0971 1.3506
4 16 0.5213 0.0971 1.2585 0.3526 0.0971 1.3158 0.3550 0.0489 1.3250 0.5250 0.0489 1.2674
4 16 0.3526 0.0971 1.3158 0.1778 0.0971 1.3506 0.1791 0.0489 1.3601 0.3550 0.0489 1.3250
4 16 0.1778 0.0971 1.3506 0.0000 0.0971 1.3622 0.0000 0.0489 1.3718 0.1791 0.0489 1.3601
4 16 0.5250 0.0489 1.2674 0.3550 0.0489 1.3250 0.3559 0.0000 1.3281 0.5262 0.0000 1.2704
4 16 0.3550 0.0489 1.3250 0.1791 0.0489 1.3601 0.1795 0.0000 1.3632 0.3559 0.0000 1.3281
4 16 0.1791 0.0489 1.3601 0.0000 0.0489 1.3718 0.0000 0.0000 1.3750 0.1795 0.0000 1.3632
4 16 0.5262 0.0000 1.2704 0.3559 0.0000 1.3281 0.3550 -0.0489 1.3250 0.5250 -0.0489 1.2674
4 16 0.3559 0.0000 1.3281 0.1795 0.0000 1.3632 0.1791 -0.0489 1.3601 0.3550 -0.0489 1.3250
4 16 0.1795 0.0000 1.3632 0.0000 0.0000 1.3750 0.0000 -0.0489 1.3718 0.1791 -0.0489 1.3601
4 16 0.5250 -0.0489 1.2674 0.3550 -0.0489 1.3250 0.3526 -0.0971 1.3158 0.5213 -0.0971 1.2585
4 16 0.3550 -0.0489 1.3250 0.1791 -0.0489 1.3601 0.1778 -0.0971 1.3506 0.3526 -0.0971 1.3158
4 16 0.1791 -0.0489 1.3601 0.0000 -0.0489 1.3718 0.0000 -0.0971 1.3622 0.1778 -0.0971 1.3506
4 16 0.5213 -0.0971 1.2585 0.3526 -0.0971 1.3158 0.3485 -0.1435 1.3006 0.5153 -0.1435 1.2440
4 16 0.3526 -0.0971 1.3158 0.1778 -0.0971 1.3506 0.1757 -0.1435 1.3349 0.3485 -0.1435 1.3006
4 16 0.1778 -0.0971 1.3506 0.0000 -0.0971 1.3622 0.0000 -0.1435 1.3465 0.1757 -0.1435 1.3349
4 16 0.5153 -0.1435 1.2440 0.3485 -0.1435 1.3006 0.3429 -0.1875 1.2796 0.5070 -0.1875 1.2239
4 16 0.3485 -0.1435 1.3006 0.1757 -0.1435 1.3349 0.1729 -0.1875 1.3134 0.3429 -0.1875 1.2796
4 16 0.1757 -0.1435 1.3349 0.0000 -0.1435 1.3465 0.0000 -0.1875 1.3248 0.1729 -0.1875 1.3134
4 16 0.5070 -0.1875 1.2239 0.3429 -0.1875 1.2796 0.3358 -0.2283 1.2533 0.4965 -0.2283 1.1987
4 16 0.3429 -0.1875 1.2796 0.1729 -0.1875 1.3134 0.1694 -0.2283 1.2864 0.3358 -0.2283 1.2533
4 16 0.1729 -0.1875 1.3134 0.0000 -0.1875 1.3248 0.0000 -0.2283 1.2975 0.1694 -0.2283 1.2864
4 16 0.4965 -0.2283 1.1987 0.3358 -0.2283 1.2533 0.3274 -0.2652 1.2221 0.4842 -0.2652 1.1689
4 16 0.3358 -0.2283 1.2533 0.1694 -0.2283 1.2864 0.1651 -0.2652 1.2543 0.3274 -0.2652 1.2221
4 16 0.1694 -0.2283 1.2864 0.0000 -0.2283 1.2975 0.0000 -0.2652 1.2652 0.1651 -0.2652 1.2543
4 16 0.4842 -0.2652 1.1689 0.3274 -0.2652 1.2221 0.3179 -0.2975 1.1864 0.4700 -0.2975 1.1348
4 16 0.3274 -0.2652 1.2221 0.1651 -0.2652 1.2543 0.1603 -0.2975 1.2178 0.3179 -0.2975 1.1864
4 16 0.1651 -0.2652 1.2543 0.0000 -0.2652 1.2652 0.0000 -0.2975 1.2283 0.1603 -0.2975 1.2178
4 16 0.4700 -0.2975 1.1348 0.3179 -0.2975 1.1864 0.3073 -0.3248 1.1470 0.4544 -0.3248 1.0971
4 16 0.3179 -0.2975 1.1864 0.1603 -0.2975 1.2178 0.1550 -0.3248 1.1773 0.3073 -0.3248 1.1470
4 16 0.1603 -0.2975 1.2178 0.0000 -0.2975 1.2283 0.0000 -0.3248 1.1875 0.1550 -0.3248 1.1773
4 16 0.4544 -0.3248 1.0971 0.3073 -0.3248 1.1470 0.2960 -0.3465 1.1045 0.4376 -0.3465 1.0565
4 16 0.3073 -0.3248 1.1470 0.1550 -0.3248 1.1773 0.1493 -0.3465 1.1337 0.2960 -0.3465 1.1045
4 16 0.1550 -0.3248 1.1773 0.0000 -0.3248 1.1875 0.0000 -0.3465 1.1435 0.1493 -0.3465 1.1337
4 16 0.4376 -0.3465 1.0565 0.2960 -0.3465 1.1045 0.2839 -0.3622 1.0597 0.4198 -0.3622 1.0135
4 16 0.2960 -0.3465 1.1045 0.1493 -0.3465 1.1337 0.1432 -0.3622 1.0877 0.2839 -0.3622 1.0597
4 16 0.1493 -0.3465 1.1337 0.0000 -0.3465 1.1435 0.0000 -0.3622 1.0971 0.1432 -0.3622 1.0877
4 16 0.4198 -0.3622 1.0135 0.2839 -0.3622 1.0597 0.2715 -0.3718 1.0132 0.4014 -0.3718 0.9691
4 16 0.2839 -0.3622 1.0597 0.1432 -0.3622 1.0877 0.1369 -0.3718 1.0400 0.2715 -0.3718 1.0132
4 16 0.1432 -0.3622 1.0877 0.0000 -0.3622 1.0971 0.0000 -0.3718 1.0489 0.1369 -0.3718 1.0400
4 16 0.4014 -0.3718 0.9691 0.2715 -0.3718 1.0132 0.2588 -0.3750 0.9659 0.3827 -0.3750 0.9239
4 16 0.2715 -0.3718 1.0132 0.1369 -0.3718 1.0400 0.1305 -0.3750 0.9914 0.2588 -0.3750 0.9659
4 16 0.1369 -0.3718 1.0400 0.0000 -0.3718 1.0489 0.0000 -0.3750 1.0000 0.1305 -0.3750 0.9914
4 16 0.3827 -0.3750 0.9239 0.2588 -0.3750 0.9659 0.2462 -0.3718 0.9186 0.3640 -0.3718 0.8787
4 16 0.2588 -0.3750 0.9659 0.1305 -0.3750 0.9914 0.1241 -0.3718 0.9429 0.2462 -0.3718 0.9186
4 16 0.1305 -0.3750 0.9914 0.0000 -0.3750 1.0000 0.0000 -0.3718 0.9511 0.1241 -0.3718 0.9429
4 16 0.3640 -0.3718 0.8787 0.2462 -0.3718 0.9186 0.2337 -0.3622 0.8722 0.3455 -0.3622 0.8342
4 16 0.2462 -0.3718 0.9186 0.1241 -0.3718 0.9429 0.1179 -0.3622 0.8952 0.2337 -0.3622 0.8722
4 16 0.1241 -0.3718 0.9429 0.0000 -0.3718 0.9511 0.0000 -0.3622 0.9029 0.1179 -0.3622 0.8952
4 16 0.3455 -0.3622 0.8342 0.2337 -0.3622 0.8722 0.2217 -0.3465 0.8273 0.3278 -0.3465 0.7913
4 16 0.2337 -0.3622 0.8722 0.1179 -0.3622 0.8952 0.1118 -0.3465 0.8492 0.2217 -0.3465 0.8273
4 16 0.1179 -0.3622 0.8952 0.0000 -0.3622 0.9029 0.0000 -0.3465 0.8565 0.1118 -0.3465 0.8492
4 16 0.3278 -0.3465 0.7913 0.2217 -0.3465 0.8273 0.2103 -0.3248 0.7848 0.3109 -0.3248 0.7507
4 16 0.2217 -0.3465 0.8273 0.1118 -0.3465 0.8492 0.1061 -0.3248 0.8055 0.2103 -0.3248 0.7848
4 16 0.1118 -0.3465 0.8492 0.0000 -0.3465 0.8565 0.0000 -0.3248 0.8125 0.1061 -0.3248 0.8055
4 16 0.3109 -0.3248 0.7507 0.2103 -0.3248 0.7848 0.1997 -0.2975 0.7454 0.2953 -0.2975 0.7130
4 16 0.2103 -0.3248 0.7848 0.1061 -0.3248 0.8055 0.1007 -0.2975 0.7651 0.1997 -0.2975 0.7454
4 16 0.1061 -0.3248 0.8055 0.0000 -0.3248 0.8125 0.0000 -0.2975 0.7717 0.1007 -0.2975 0.7651
4 16 0.2953 -0.2975 0.7130 0.1997 -0.2975 0.7454 0.1902 -0.2652 0.7098 0.2812 -0.2652 0.6789
4 16 0.1997 -0.2975 0.7454 0.1007 -0.2975 0.7651 0.0959 -0.2652 0.7285 0.1902 -0.2652 0.7098
4 16 0.1007 -0.2975 0.7651 0.0000 -0.2975 0.7717 0.0000 -0.2652 0.7348 0.0959 -0.2652 0.7285
4 16 0.2812 -0.2652 0.6789 0.1902 -0.2652 0.7098 0.1818 -0.2283 0.6786 0.2688 -0.2283 0.6490
4 16 0.1902 -0.2652 0.7098 0.0959 -0.2652 0.7285 0.0917 -0.2283 0.6965 0.1818 -0.2283 0.6786
4 16 0.0959 -0.2652 0.7285 0.0000 -0.2652 0.7348 0.0000 -0.2283 0.7025 0.0917 -0.2283 0.6965
4 16 0.2688 -0.2283 0.6490 0.1818 -0.2283 0.6786 0.1748 -0.1875 0.6522 0.2584 -0.1875 0.6238
4 16 0.1818 -0.2283 0.6786 0.0917 -0.2283 0.6965 0.0881 -0.1875 0.6695 0.1748 -0.1875 0.6522
4 16 0.0917 -0.2283 0.6965 0.0000 -0.2283 0.7025 0.0000 -0.1875 0.6752 0.0881 -0.1875 0.6695
4 16 0.2584 -0.1875 0.6238 0.1748 -0.1875 0.6522 0.1692 -0.1435 0.6313 0.2501 -0.1435 0.6038
4 16 0.1748 -0.1875 0.6522 0.0881 -0.1875 0.6695 0.0853 -0.1435 0.6480 0.1692 -0.1435 0.6313
4 16 0.0881 -0.1875 0.6695 0.0000 -0.1875 0.6752 0.0000 -0.1435 0.6535 0.0853 -0.1435 0.6480
4 16 0.2501 -0.1435 0.6038 0.1692 -0.1435 0.6313 0.1651 -0.0971 0.6160 0.2441 -0.0971 0.5892
4 16 0.1692 -0.1435 0.6313 0.0853 -0.1435 0.6480 0.0832 -0.0971 0.6323 0.1651 -0.0971 0.6160
4 16 0.0853 -0.1435 0.6480 0.0000 -0.1435 0.6535 0.0000 -0.0971 0.6378 0.0832 -0.0971 0.6323
4 16 0.2441 -0.0971 0.5892 0.1651 -0.0971 0.6160 0.1626 -0.0489 0.6068 0.2404 -0.0489 0.5804
4 16 0.1651 -0.0971 0.6160 0.0832 -0.0971 0.6323 0.0820 -0.0489 0.6228 0.1626 -0.0489 0.6068
4 16 0.0832 -0.0971 0.6323 0.0000 -0.0971 0.6378 0.0000 -0.0489 0.6282 0.0820 -0.0489 0.6228
4 16 0.2404 -0.0489 0.5804 0.1626 -0.0489 0.6068 0.1618 0.0000 0.6037 0.2392 0.0000 0.5774
4 16 0.1626 -0.0489 0.6068 0.0820 -0.0489 0.6228 0.0816 0.0000 0.6197 0.1618 0.0000 0.6037
4 16 0.0820 -0.0489 0.6228 0.0000 -0.0489 0.6282 0.0000 0.0000 0.6250 0.0816 0.0000 0.6197
4 16 0.2392 0.0000 0.5774 0.1618 0.0000 0.6037 0.1626 0.0489 0.6068 0.2404 0.0489 0.5804
4 16 0.1618 0.0000 0.6037 0.0816 0.0000 0.6197 0.0820 0.0489 0.6228 0.1626 0.0489 0.6068
4 16 0.0816 0.0000 0.6197 0.0000 0.0000 0.6250 0.0000 0.0489 0.6282 0.0820 0.0489 0.6228
4 16 0.2404 0.0489 0.5804 0.1626 0.0489 0.6068 0.1651 0.0971 0.6160 0.2441 0.0971 0.5892
4 16 0.1626 0.0489 0.6068 0.0820 0.0489 0.6228 0.0832 0.0971 0.6323 0.1651 0.0971 0.6160
4 16 0.0820 0.0489 0.6228 0.0000 0.0489 0.6282 0.0000 0.0971 0.6378 0.0832 0.0971 0.6323
4 16 0.2441 0.0971 0.5892 0.1651 0.0971 0.6160 0.1692 0.1435 0.6313 0.2501 0.1435 0.6038
4 16 0.1651 0.0971 0.6160 0.0832 0.0971 0.6323 0.0853 0.1435 0.6480 0.1692 0.1435 0.6313
4 16 0.0832 0.0971 0.6323 0.0000 0.0971 0.6378 0.0000 0.1435 0.6535 0.0853 0.1435 0.6480
4 16 0.2501 0.1435 0.6038 0.1692 0.1435 0.6313 0.1748 0.1875 0.6522 0.2584 0.1875 0.6238
4 16 0.1692 0.1435 0.6313 0.0853 0.1435 0.6480 0.0881 0.1875 0.6695 0.1748 0.1875 0.6522
4 16 0.0853 0.1435 0.6480 0.0000 0.1435 0.6535 0.0000 0.1875 0.6752 0.0881 0.1875 0.6695
4 16 0.2584 0.1875 0.6238 0.1748 0.1875 0.6522 0.1818 0.2283 0.6786 0.2688 0.2283 0.6490
4 16 0.1748 0.1875 0.6522 0.0881 0.1875 0.6695 0.0917 0.2283 0.6965 0.1818 0.2283 0.6786
4 16 0.0881 0.1875 0.6695 0.0000 0.1875 0.6752 0.0000 0.2283 0.7025 0.0917 0.2283 0.6965
4 16 0.2688 0.2283 0.6490 0.1818 0.2283 0.6786 0.1902 0.2652 0.7098 0.2812 0.2652 0.6789
4 16 0.1818 0.2283 0.6786 0.0917 0.2283 0.6965 0.0959 0.2652 0.7285 0.1902 0.2652 0.7098
4 16 0.0917 0.2283 0.6965 0.0000 0.2283 0.7025 0.0000 0.2652 0.7348 0.0959 0.2652 0.7285
4 16 0.2812 0.2652 0.6789 0.1902 0.2652 0.7098 0.1997 0.2975 0.7454 0.2953 0.2975 0.7130
4 16 0.1902 0.2652 0.7098 0.0959 0.2652 0.7285 0.1007 0.2975 0.7651 0.1997 0.2975 0.7454
4 16 0.0959 0.2652 0.7285 0.0000 0.2652 0.7348 0.0000 0.2975 0.7717 0.1007 0.2975 0.7651
4 16 0.2953 0.2975 0.7130 0.1997 0.2975 0.7454 0.2103 0.3248 0.7848 0.3109 0.3248 0.7507
4 16 0.1997 0.2975 0.7454 0.1007 0.2975 0.7651 0.1061 0.3248 0.8055 0.2103 0.3248 0.7848
4 16 0.1007 0.2975 0.7651 0.0000 0.2975 0.7717 0.0000 0.3248 0.8125 0.1061 0.3248 0.8055
4 16 0.3109 0.3248 0.7507 0.2103 0.3248 0.7848 0.2217 0.3465 0.8273 0.3278 0.3465 0.7913
4 16 0.2103 0.3248 0.7848 0.1061 0.3248 0.8055 0.1118 0.3465 0.8492 0.2217 0.3465 0.8273
4 16 0.1061 0.3248 0.8055 0.0000 0.3248 0.8125 0.0000 0.3465 0.8565 0.1118 0.3465 0.8492
4 16 0.3278 0.3465 0.7913 0.2217 0.3465 0.8273 0.2337 0.3622 0.8722 0.3455 0.3622 0.8342
4 16 0.2217 0.3465 0.8273 0.1118 0.3465 0.8492 0.1179 0.3622 0.8952 0.2337 0.3622 0.8722
4 16 0.1118 0.3465 0.8492 0.0000 0.3465 0.8565 0.0000 0.3622 0.9029 0.1179 0.3622 0.8952
4 16 0.3455 0.3622 0.8342 0.2337 0.3622 0.8722 0.2462 0.3718 0.9186 0.3640 0.3718 0.8787
4 16 0.2337 0.3622 0.8722 0.1179 0.3622 0.8952 0.1241 0.3718 0.9429 0.2462 0.3718 0.9186
4 16 0.1179 0.3622 0.8952 0.0000 0.3622 0.9029 0.0000 0.3718 0.9511 0.1241 0.3718 0.9429
4 16 0.3640 0.3718 0.8787 0.2462 0.3718 0.9186 0.2588 0.3750 0.9659 0.3827 0.3750 0.9239
4 16 0.2462 0.3718 0.9186 0.1241 0.3718 0.9429 0.1305 0.3750 0.9914 0.2588 0.3750 0.9659
4 16 0.1241 0.3718 0.9429 0.0000 0.3718 0.9511 0.0000 0.3750 1.0000 0.1305 0.3750 0.9914
0 // conditional lines
0 // Build by Primitive Generator 2
