0 FILE 10202pb015.dat
0 Tile 6 x 6 with Bottom Tubes with Soccer (Football) Pitch Halfway Line Pattern 
0 Name:  10202pb015.dat
0 Author:  
0 BFC CERTIFY CCW
3 16 -57.500 0.000 30.750 -60.000 0.000 60.000 -60.000 0.000 30.750
3 16 -60.000 0.000 60.000 -57.500 0.000 30.750 -54.500 0.000 30.750
3 16 -54.500 0.000 1.500 -54.500 0.000 30.750 -57.500 0.000 30.750
3 16 -57.500 0.000 30.750 -57.500 0.000 1.500 -54.500 0.000 1.500
3 16 -60.000 0.000 60.000 -52.000 0.000 30.750 -49.000 0.000 30.750
3 16 -60.000 0.000 60.000 -54.500 0.000 30.750 -52.000 0.000 30.750
3 16 -49.000 0.000 1.500 -49.000 0.000 30.750 -52.000 0.000 30.750
3 16 -52.000 0.000 30.750 -52.000 0.000 1.500 -49.000 0.000 1.500
3 16 -60.000 0.000 60.000 -46.500 0.000 30.750 -43.500 0.000 30.750
3 16 -60.000 0.000 60.000 -49.000 0.000 30.750 -46.500 0.000 30.750
3 16 -43.500 0.000 1.500 -43.500 0.000 30.750 -46.500 0.000 30.750
3 16 -46.500 0.000 30.750 -46.500 0.000 1.500 -43.500 0.000 1.500
3 16 -60.000 0.000 60.000 -41.000 0.000 30.750 -38.000 0.000 30.750
3 16 -60.000 0.000 60.000 -43.500 0.000 30.750 -41.000 0.000 30.750
3 16 -38.000 0.000 1.500 -38.000 0.000 30.750 -41.000 0.000 30.750
3 16 -41.000 0.000 30.750 -41.000 0.000 1.500 -38.000 0.000 1.500
3 16 -60.000 0.000 60.000 -35.500 0.000 30.750 -32.500 0.000 30.750
3 16 -60.000 0.000 60.000 -38.000 0.000 30.750 -35.500 0.000 30.750
3 16 -32.500 0.000 1.500 -32.500 0.000 30.750 -35.500 0.000 30.750
3 16 -35.500 0.000 30.750 -35.500 0.000 1.500 -32.500 0.000 1.500
3 16 -30.000 0.000 30.750 -30.000 0.000 60.000 -60.000 0.000 60.000
3 16 -60.000 0.000 60.000 -32.500 0.000 30.750 -30.000 0.000 30.750
3 16 -27.500 0.000 30.750 -6.700 0.000 1.500 0.000 0.000 7.000
3 16 0.000 0.000 7.000 -24.500 0.000 30.750 -27.500 0.000 30.750
3 16 -30.000 0.000 1.500 -6.700 0.000 1.500 -27.500 0.000 30.750
3 16 -27.500 0.000 30.750 -30.000 0.000 30.750 -30.000 0.000 1.500
3 16 0.000 0.000 30.750 2.500 0.000 30.750 0.000 0.000 60.000
3 16 0.000 0.000 7.000 0.000 0.000 30.750 -2.500 0.000 30.750
3 16 -5.500 0.000 60.000 -5.500 0.000 30.750 -2.500 0.000 30.750
3 16 -2.500 0.000 30.750 -2.500 0.000 60.000 -5.500 0.000 60.000
3 16 -5.500 0.000 30.750 -8.000 0.000 30.750 0.000 0.000 7.000
3 16 0.000 0.000 7.000 -2.500 0.000 30.750 -5.500 0.000 30.750
3 16 -11.000 0.000 60.000 -11.000 0.000 30.750 -8.000 0.000 30.750
3 16 -8.000 0.000 30.750 -8.000 0.000 60.000 -11.000 0.000 60.000
3 16 -11.000 0.000 30.750 -13.500 0.000 30.750 0.000 0.000 7.000
3 16 -8.000 0.000 30.750 -11.000 0.000 30.750 0.000 0.000 7.000
3 16 -16.500 0.000 60.000 -16.500 0.000 30.750 -13.500 0.000 30.750
3 16 -13.500 0.000 30.750 -13.500 0.000 60.000 -16.500 0.000 60.000
3 16 -16.500 0.000 30.750 -19.000 0.000 30.750 0.000 0.000 7.000
3 16 -13.500 0.000 30.750 -16.500 0.000 30.750 0.000 0.000 7.000
3 16 -22.000 0.000 60.000 -22.000 0.000 30.750 -19.000 0.000 30.750
3 16 -19.000 0.000 30.750 -19.000 0.000 60.000 -22.000 0.000 60.000
3 16 -24.500 0.000 60.000 -27.500 0.000 60.000 -27.500 0.000 30.750
3 16 -27.500 0.000 30.750 -24.500 0.000 30.750 -24.500 0.000 60.000
3 16 -22.000 0.000 30.750 -24.500 0.000 30.750 0.000 0.000 7.000
3 16 -19.000 0.000 30.750 -22.000 0.000 30.750 0.000 0.000 7.000
3 16 0.000 0.000 60.000 2.500 0.000 30.750 5.500 0.000 30.750
3 16 6.460 0.000 2.680 5.500 0.000 4.130 2.500 0.000 6.500
3 16 2.500 0.000 6.500 0.000 0.000 7.000 6.460 0.000 2.680
3 16 5.500 0.000 4.130 5.500 0.000 30.750 2.500 0.000 30.750
3 16 2.500 0.000 30.750 2.500 0.000 6.500 5.500 0.000 4.130
3 16 0.000 0.000 60.000 8.000 0.000 30.750 11.000 0.000 30.750
3 16 0.000 0.000 60.000 5.500 0.000 30.750 8.000 0.000 30.750
3 16 11.000 0.000 1.500 11.000 0.000 30.750 8.000 0.000 30.750
3 16 8.000 0.000 30.750 8.000 0.000 1.500 11.000 0.000 1.500
3 16 0.000 0.000 60.000 13.500 0.000 30.750 16.500 0.000 30.750
3 16 0.000 0.000 60.000 11.000 0.000 30.750 13.500 0.000 30.750
3 16 16.500 0.000 1.500 16.500 0.000 30.750 13.500 0.000 30.750
3 16 13.500 0.000 30.750 13.500 0.000 1.500 16.500 0.000 1.500
3 16 22.000 0.000 -60.000 60.000 0.000 -60.000 60.000 0.000 60.000
3 16 60.000 0.000 60.000 22.000 0.000 60.000 22.000 0.000 -60.000
3 16 0.000 0.000 60.000 16.500 0.000 30.750 19.000 0.000 30.750
3 16 19.000 0.000 30.750 19.000 0.000 60.000 0.000 0.000 60.000
3 16 -19.000 0.000 -1.500 -22.000 0.000 -1.500 -22.000 0.000 -30.750
3 16 -22.000 0.000 -30.750 -19.000 0.000 -30.750 -19.000 0.000 -1.500
3 16 -8.000 0.000 -30.750 -8.000 0.000 -1.500 -11.000 0.000 -1.500
3 16 -11.000 0.000 -1.500 -11.000 0.000 -30.750 -8.000 0.000 -30.750
3 16 -2.500 0.000 -30.750 -2.500 0.000 -6.500 -5.500 0.000 -4.130
3 16 -5.500 0.000 -4.130 -5.500 0.000 -30.750 -2.500 0.000 -30.750
3 16 0.000 0.000 -7.000 0.000 0.000 -30.750 2.500 0.000 -30.750
3 16 19.000 0.000 -30.750 19.000 0.000 -1.500 0.000 0.000 -7.000
3 16 0.000 0.000 -7.000 16.500 0.000 -30.750 19.000 0.000 -30.750
3 16 -57.500 0.000 -30.750 -57.500 0.000 -60.000 -54.500 0.000 -60.000
3 16 -54.500 0.000 -60.000 -54.500 0.000 -30.750 -57.500 0.000 -30.750
3 16 -52.000 0.000 -30.750 -52.000 0.000 -60.000 -49.000 0.000 -60.000
3 16 -49.000 0.000 -60.000 -49.000 0.000 -30.750 -52.000 0.000 -30.750
3 16 -43.500 0.000 -60.000 -43.500 0.000 -30.750 -46.500 0.000 -30.750
3 16 -46.500 0.000 -30.750 -46.500 0.000 -60.000 -43.500 0.000 -60.000
3 16 -38.000 0.000 -60.000 -38.000 0.000 -30.750 -41.000 0.000 -30.750
3 16 -41.000 0.000 -30.750 -41.000 0.000 -60.000 -38.000 0.000 -60.000
3 16 -35.500 0.000 -30.750 -35.500 0.000 -60.000 -32.500 0.000 -60.000
3 16 -32.500 0.000 -60.000 -32.500 0.000 -30.750 -35.500 0.000 -30.750
3 16 -24.500 0.000 -30.750 -27.500 0.000 -30.750 0.000 0.000 -60.000
3 16 0.000 0.000 -60.000 -27.500 0.000 -30.750 -30.000 0.000 -30.750
3 16 -30.000 0.000 -30.750 -30.000 0.000 -60.000 0.000 0.000 -60.000
3 16 0.000 0.000 -30.750 -2.500 0.000 -30.750 0.000 0.000 -60.000
3 16 -5.500 0.000 -30.750 -8.000 0.000 -30.750 0.000 0.000 -60.000
3 16 -2.500 0.000 -30.750 -5.500 0.000 -30.750 0.000 0.000 -60.000
3 16 -16.500 0.000 -1.500 -16.500 0.000 -30.750 -13.500 0.000 -30.750
3 16 -13.500 0.000 -30.750 -13.500 0.000 -1.500 -16.500 0.000 -1.500
3 16 -11.000 0.000 -30.750 -13.500 0.000 -30.750 0.000 0.000 -60.000
3 16 -8.000 0.000 -30.750 -11.000 0.000 -30.750 0.000 0.000 -60.000
3 16 -16.500 0.000 -30.750 -19.000 0.000 -30.750 0.000 0.000 -60.000
3 16 -13.500 0.000 -30.750 -16.500 0.000 -30.750 0.000 0.000 -60.000
3 16 -22.000 0.000 -30.750 -24.500 0.000 -30.750 0.000 0.000 -60.000
3 16 -19.000 0.000 -30.750 -22.000 0.000 -30.750 0.000 0.000 -60.000
3 16 0.000 0.000 -7.000 2.500 0.000 -30.750 5.500 0.000 -30.750
3 16 5.500 0.000 -60.000 5.500 0.000 -30.750 2.500 0.000 -30.750
3 16 2.500 0.000 -30.750 2.500 0.000 -60.000 5.500 0.000 -60.000
3 16 0.000 0.000 -7.000 8.000 0.000 -30.750 11.000 0.000 -30.750
3 16 0.000 0.000 -7.000 5.500 0.000 -30.750 8.000 0.000 -30.750
3 16 11.000 0.000 -60.000 11.000 0.000 -30.750 8.000 0.000 -30.750
3 16 8.000 0.000 -30.750 8.000 0.000 -60.000 11.000 0.000 -60.000
3 16 13.500 0.000 -30.750 13.500 0.000 -60.000 16.500 0.000 -60.000
3 16 16.500 0.000 -60.000 16.500 0.000 -30.750 13.500 0.000 -30.750
3 16 0.000 0.000 -7.000 13.500 0.000 -30.750 16.500 0.000 -30.750
3 16 0.000 0.000 -7.000 11.000 0.000 -30.750 13.500 0.000 -30.750
3 16 19.000 0.000 -1.500 6.700 0.000 -1.500 0.000 0.000 -7.000
3 16 0.000 0.000 7.000 -6.700 0.000 1.500 6.700 0.000 1.500
3 16 6.700 0.000 1.500 6.460 0.000 2.680 0.000 0.000 7.000
3 16 -6.700 0.000 1.500 -7.000 0.000 0.000 7.000 0.000 0.000
3 16 7.000 0.000 0.000 6.700 0.000 1.500 -6.700 0.000 1.500
3 16 -7.000 0.000 0.000 -6.700 0.000 -1.500 6.700 0.000 -1.500
3 16 6.700 0.000 -1.500 7.000 0.000 0.000 -7.000 0.000 0.000
3 16 0.000 0.000 -7.000 6.700 0.000 -1.500 -6.700 0.000 -1.500
3 16 -6.700 0.000 -1.500 -6.460 0.000 -2.680 0.000 0.000 -7.000
3 16 -2.500 0.000 -6.500 0.000 0.000 -7.000 -6.460 0.000 -2.680
3 16 -6.460 0.000 -2.680 -5.500 0.000 -4.130 -2.500 0.000 -6.500
3 16 -24.500 0.000 -1.500 -27.500 0.000 -1.500 -27.500 0.000 -30.750
3 16 -27.500 0.000 -30.750 -24.500 0.000 -30.750 -24.500 0.000 -1.500
3 16 -30.000 0.000 -30.750 -30.000 0.000 -1.500 -32.500 0.000 -30.750
3 16 -32.500 0.000 -30.750 -30.000 0.000 -1.500 -35.500 0.000 -30.750
3 16 -35.500 0.000 -30.750 -30.000 0.000 -1.500 -38.000 0.000 -30.750
3 16 -38.000 0.000 -30.750 -30.000 0.000 -1.500 -41.000 0.000 -30.750
3 16 -41.000 0.000 -30.750 -30.000 0.000 -1.500 -43.500 0.000 -30.750
3 16 -43.500 0.000 -30.750 -30.000 0.000 -1.500 -46.500 0.000 -30.750
3 16 -46.500 0.000 -30.750 -30.000 0.000 -1.500 -49.000 0.000 -30.750
3 16 -49.000 0.000 -30.750 -30.000 0.000 -1.500 -52.000 0.000 -30.750
3 16 -52.000 0.000 -30.750 -30.000 0.000 -1.500 -54.500 0.000 -30.750
3 16 -54.500 0.000 -30.750 -30.000 0.000 -1.500 -57.500 0.000 -30.750
3 16 -60.000 0.000 -1.500 -60.000 0.000 -30.750 -57.500 0.000 -30.750
3 16 -57.500 0.000 -30.750 -30.000 0.000 -1.500 -60.000 0.000 -1.500
3 15 -54.500 0.000 1.500 -60.000 0.000 -1.500 -52.000 0.000 1.500
3 15 -57.500 0.000 1.500 -60.000 0.000 1.500 -60.000 0.000 -1.500
3 15 19.000 0.000 -1.500 22.000 0.000 -60.000 19.000 0.000 1.500
3 15 -52.000 0.000 1.500 -60.000 0.000 -1.500 -49.000 0.000 1.500
3 15 -49.000 0.000 1.500 -60.000 0.000 -1.500 -46.500 0.000 1.500
3 15 -46.500 0.000 1.500 -60.000 0.000 -1.500 -43.500 0.000 1.500
3 15 -30.000 0.000 -1.500 -41.000 0.000 1.500 -43.500 0.000 1.500
3 15 -43.500 0.000 1.500 -60.000 0.000 -1.500 -30.000 0.000 -1.500
3 15 -38.000 0.000 1.500 -41.000 0.000 1.500 -30.000 0.000 -1.500
3 15 -35.500 0.000 1.500 -38.000 0.000 1.500 -30.000 0.000 -1.500
3 15 -32.500 0.000 1.500 -35.500 0.000 1.500 -30.000 0.000 -1.500
3 15 -30.000 0.000 1.500 -32.500 0.000 1.500 -30.000 0.000 -1.500
3 15 -30.000 0.000 -1.500 -27.500 0.000 -1.500 -30.000 0.000 1.500
3 15 -57.500 0.000 1.500 -60.000 0.000 -1.500 -54.500 0.000 1.500
3 15 -27.500 0.000 -1.500 -24.500 0.000 -1.500 -30.000 0.000 1.500
3 15 -24.500 0.000 -1.500 -22.000 0.000 -1.500 -30.000 0.000 1.500
3 15 -22.000 0.000 -1.500 -19.000 0.000 -1.500 -30.000 0.000 1.500
3 15 -30.000 0.000 1.500 -19.000 0.000 -1.500 -16.500 0.000 -1.500
3 15 -16.500 0.000 -1.500 -6.700 0.000 1.500 -30.000 0.000 1.500
3 15 19.000 0.000 1.500 22.000 0.000 -60.000 19.000 0.000 30.750
3 15 19.000 0.000 -30.750 19.000 0.000 -60.000 22.000 0.000 -60.000
3 15 19.000 0.000 -30.750 22.000 0.000 -60.000 19.000 0.000 -1.500
3 15 22.000 0.000 -60.000 22.000 0.000 60.000 19.000 0.000 60.000
3 15 19.000 0.000 60.000 19.000 0.000 30.750 22.000 0.000 -60.000
3 15 -16.500 0.000 -1.500 -13.500 0.000 -1.500 -6.700 0.000 1.500
3 15 -13.500 0.000 -1.500 -11.000 0.000 -1.500 -7.000 0.000 0.000
3 15 -7.000 0.000 0.000 -6.700 0.000 1.500 -13.500 0.000 -1.500
3 15 -7.000 0.000 0.000 -11.000 0.000 -1.500 -8.000 0.000 -1.500
3 15 -7.000 0.000 0.000 -8.000 0.000 -1.500 -6.700 0.000 -1.500
3 15 6.700 0.000 1.500 7.000 0.000 0.000 8.000 0.000 1.500
3 15 8.000 0.000 1.500 7.000 0.000 0.000 11.000 0.000 1.500
3 15 11.000 0.000 1.500 7.000 0.000 0.000 13.500 0.000 1.500
3 15 6.700 0.000 -1.500 16.500 0.000 1.500 13.500 0.000 1.500
3 15 13.500 0.000 1.500 7.000 0.000 0.000 6.700 0.000 -1.500
3 15 19.000 0.000 -1.500 19.000 0.000 1.500 16.500 0.000 1.500
3 15 16.500 0.000 1.500 6.700 0.000 -1.500 19.000 0.000 -1.500
3 288 -52.000 0.000 30.750 -54.500 0.000 30.750 -54.500 0.000 1.500
3 288 -54.500 0.000 1.500 -52.000 0.000 1.500 -52.000 0.000 30.750
3 288 -49.000 0.000 1.500 -46.500 0.000 1.500 -46.500 0.000 30.750
3 288 -46.500 0.000 30.750 -49.000 0.000 30.750 -49.000 0.000 1.500
3 288 -41.000 0.000 30.750 -43.500 0.000 30.750 -43.500 0.000 1.500
3 288 -43.500 0.000 1.500 -41.000 0.000 1.500 -41.000 0.000 30.750
3 288 -38.000 0.000 1.500 -35.500 0.000 1.500 -35.500 0.000 30.750
3 288 -35.500 0.000 30.750 -38.000 0.000 30.750 -38.000 0.000 1.500
3 288 -30.000 0.000 30.750 -27.500 0.000 30.750 -27.500 0.000 60.000
3 288 -27.500 0.000 60.000 -30.000 0.000 60.000 -30.000 0.000 30.750
3 288 -32.500 0.000 1.500 -30.000 0.000 1.500 -30.000 0.000 30.750
3 288 -30.000 0.000 30.750 -32.500 0.000 30.750 -32.500 0.000 1.500
3 288 -5.500 0.000 30.750 -5.500 0.000 60.000 -8.000 0.000 60.000
3 288 -8.000 0.000 60.000 -8.000 0.000 30.750 -5.500 0.000 30.750
3 288 -11.000 0.000 30.750 -11.000 0.000 60.000 -13.500 0.000 60.000
3 288 -13.500 0.000 60.000 -13.500 0.000 30.750 -11.000 0.000 30.750
3 288 -16.500 0.000 30.750 -16.500 0.000 60.000 -19.000 0.000 60.000
3 288 -19.000 0.000 60.000 -19.000 0.000 30.750 -16.500 0.000 30.750
3 288 -22.000 0.000 30.750 -22.000 0.000 60.000 -24.500 0.000 60.000
3 288 -24.500 0.000 60.000 -24.500 0.000 30.750 -22.000 0.000 30.750
3 288 0.000 0.000 30.750 0.000 0.000 60.000 -2.500 0.000 60.000
3 288 -2.500 0.000 60.000 -2.500 0.000 30.750 0.000 0.000 30.750
3 288 0.000 0.000 30.750 0.000 0.000 7.000 2.500 0.000 6.500
3 288 2.500 0.000 6.500 2.500 0.000 30.750 0.000 0.000 30.750
3 288 6.460 0.000 2.680 6.700 0.000 1.500 8.000 0.000 1.500
3 288 8.000 0.000 30.750 5.500 0.000 4.130 6.460 0.000 2.680
3 288 6.460 0.000 2.680 8.000 0.000 1.500 8.000 0.000 30.750
3 288 5.500 0.000 30.750 5.500 0.000 4.130 8.000 0.000 30.750
3 288 13.500 0.000 30.750 11.000 0.000 30.750 11.000 0.000 1.500
3 288 11.000 0.000 1.500 13.500 0.000 1.500 13.500 0.000 30.750
3 288 19.000 0.000 30.750 16.500 0.000 30.750 16.500 0.000 1.500
3 288 16.500 0.000 1.500 19.000 0.000 1.500 19.000 0.000 30.750
3 288 -60.000 0.000 1.500 -57.500 0.000 1.500 -57.500 0.000 30.750
3 288 -57.500 0.000 30.750 -60.000 0.000 30.750 -60.000 0.000 1.500
3 288 -6.700 0.000 -1.500 -8.000 0.000 -30.750 -5.500 0.000 -30.750
3 288 -5.500 0.000 -30.750 -6.460 0.000 -2.680 -6.700 0.000 -1.500
3 288 -6.700 0.000 -1.500 -8.000 0.000 -1.500 -8.000 0.000 -30.750
3 288 0.000 0.000 -30.750 0.000 0.000 -7.000 -2.500 0.000 -6.500
3 288 -2.500 0.000 -6.500 -2.500 0.000 -30.750 0.000 0.000 -30.750
3 288 -54.500 0.000 -30.750 -54.500 0.000 -60.000 -52.000 0.000 -60.000
3 288 -52.000 0.000 -60.000 -52.000 0.000 -30.750 -54.500 0.000 -30.750
3 288 -60.000 0.000 -60.000 -57.500 0.000 -60.000 -57.500 0.000 -30.750
3 288 -57.500 0.000 -30.750 -60.000 0.000 -30.750 -60.000 0.000 -60.000
3 288 -43.500 0.000 -30.750 -43.500 0.000 -60.000 -41.000 0.000 -60.000
3 288 -41.000 0.000 -60.000 -41.000 0.000 -30.750 -43.500 0.000 -30.750
3 288 -46.500 0.000 -60.000 -46.500 0.000 -30.750 -49.000 0.000 -30.750
3 288 -49.000 0.000 -30.750 -49.000 0.000 -60.000 -46.500 0.000 -60.000
3 288 -35.500 0.000 -60.000 -35.500 0.000 -30.750 -38.000 0.000 -30.750
3 288 -38.000 0.000 -30.750 -38.000 0.000 -60.000 -35.500 0.000 -60.000
3 288 -30.000 0.000 -30.750 -32.500 0.000 -30.750 -32.500 0.000 -60.000
3 288 -32.500 0.000 -60.000 -30.000 0.000 -60.000 -30.000 0.000 -30.750
3 288 0.000 0.000 -30.750 0.000 0.000 -60.000 2.500 0.000 -60.000
3 288 2.500 0.000 -60.000 2.500 0.000 -30.750 0.000 0.000 -30.750
3 288 -5.500 0.000 -4.130 -6.460 0.000 -2.680 -5.500 0.000 -30.750
3 288 -11.000 0.000 -30.750 -11.000 0.000 -1.500 -13.500 0.000 -1.500
3 288 -13.500 0.000 -1.500 -13.500 0.000 -30.750 -11.000 0.000 -30.750
3 288 -19.000 0.000 -1.500 -19.000 0.000 -30.750 -16.500 0.000 -30.750
3 288 -16.500 0.000 -30.750 -16.500 0.000 -1.500 -19.000 0.000 -1.500
3 288 11.000 0.000 -30.750 11.000 0.000 -60.000 13.500 0.000 -60.000
3 288 13.500 0.000 -60.000 13.500 0.000 -30.750 11.000 0.000 -30.750
3 288 8.000 0.000 -60.000 8.000 0.000 -30.750 5.500 0.000 -30.750
3 288 5.500 0.000 -30.750 5.500 0.000 -60.000 8.000 0.000 -60.000
3 288 19.000 0.000 -30.750 16.500 0.000 -30.750 16.500 0.000 -60.000
3 288 16.500 0.000 -60.000 19.000 0.000 -60.000 19.000 0.000 -30.750
3 288 -22.000 0.000 -1.500 -24.500 0.000 -1.500 -24.500 0.000 -30.750
3 288 -24.500 0.000 -30.750 -22.000 0.000 -30.750 -22.000 0.000 -1.500
3 288 -27.500 0.000 -1.500 -30.000 0.000 -1.500 -30.000 0.000 -30.750
3 288 -30.000 0.000 -30.750 -27.500 0.000 -30.750 -27.500 0.000 -1.500
1 16 0.0000 4.0000 0.0000 1.0000 0.0000 0.0000 0.0000 -1.0000 0.0000 0.0000 0.0000 -1.0000 stug4-5x5.dat
1 16 0.0000 0.0000 0.0000 1.0000 0.0000 0.0000 0.0000 1.0000 0.0000 0.0000 0.0000 1.0000 s/6881s01.dat
