0 ARMOUR NO.6 (Needs Work)
0 Name: 15618.dat
0 Author: <AuthorRealName> [<AuthorLDrawName>]
0 !LDRAW_ORG Unofficial_Part
0 !LICENSE Redistributable under CCAL version 2.0 : see CAreadme.txt

0 BFC CERTIFY CCW

0 !HISTORY 2014-05-16 {LEGO Digital Designer} Original part shape
0 !HISTORY 2014-05-16 [<AuthorLDrawName>] File preparation for LDraw Parts Tracker

0 // Needs Work: Clean necessary

0 // Outside
3 16 -6.326 1.4 13.384 -1.783 -0.156 13.384 -6.128 1.62 14.776 
3 16 -1.783 -0.156 13.384 -1.981 -0.014 14.94 -6.128 1.62 14.776 
3 16 -12.632 13.329 10.086 -12.976 9.347 10.086 -12.681 11.662 15.856 
3 16 -12.976 9.347 10.086 -13.009 9.185 13.399 -12.681 11.662 15.856 
3 16 -12.9 9.767 15.06 -12.681 11.662 15.856 -13.009 9.185 13.399 
3 16 -11.521 17.644 26.358 -8.439 21.887 26.358 -11.066 17.959 24.025 
3 16 -8.439 21.887 26.358 -8.278 21.808 24.474 -11.066 17.959 24.025 
3 16 -0.754 25.057 26.358 -1.921 24.866 24.217 -8.439 21.887 26.358 
3 16 -8.278 21.808 24.474 -8.439 21.887 26.358 -1.921 24.866 24.217 
3 16 -1.951 24.881 19.176 2.125 25.03 14.947 -1.952 25.064 10.129 
3 16 2.125 25.03 14.947 2.129 25.028 10.125 -1.952 25.064 10.129 
3 16 2.125 25.03 14.947 -1.951 24.881 19.176 1.962 25.017 20.177 
3 16 -0.754 25.057 26.358 2.039 24.971 22.608 -1.921 24.866 24.217 
3 16 -1.921 24.866 24.217 2.039 24.971 22.608 -1.951 24.881 19.176 
3 16 -1.951 24.881 19.176 2.039 24.971 22.608 1.962 25.017 20.177 
3 16 2.125 25.03 14.947 7.392 22.697 14.571 2.129 25.028 10.125 
3 16 7.414 22.718 10.087 2.129 25.028 10.125 7.392 22.697 14.571 
3 16 11.583 17.671 10.086 7.414 22.718 10.087 11.358 18.066 14.698 
3 16 7.414 22.718 10.087 7.392 22.697 14.571 11.358 18.066 14.698 
3 16 11.577 17.644 22.877 12.336 15.137 26.358 11.357 18.079 20.353 
3 16 11.357 18.079 20.353 12.336 15.137 26.358 12.402 15.15 10.086 
3 16 11.357 18.079 20.353 12.402 15.15 10.086 11.358 18.066 14.698 
3 16 12.402 15.15 10.086 11.583 17.671 10.086 11.358 18.066 14.698 
3 16 12.714 11.864 10.086 12.402 15.15 10.086 12.68 11.422 19.804 
3 16 12.68 11.422 19.804 12.402 15.15 10.086 12.336 15.137 26.358 
3 16 12.68 11.422 19.804 12.336 15.137 26.358 11.38 7.272 24.11 
3 16 12.336 15.137 26.358 11.521 7.385 26.358 11.38 7.272 24.11 
3 16 12.68 11.422 19.804 11.38 7.272 24.11 11.47 7.069 19.375 
3 16 6.384 3.703 -13.852 6.542 3.802 -14.305 7.78 2.917 -13.908 
3 16 7.78 2.917 -13.908 6.542 3.802 -14.305 8.048 3.905 -15.624 
3 16 5.918 5.135 -15.624 8.048 3.905 -15.624 5.447 4.401 -14.476 
3 16 8.048 3.905 -15.624 6.542 3.802 -14.305 5.447 4.401 -14.476 
3 16 3.6 7.055 -14.356 4.689 7.265 -15.624 5.447 4.401 -14.476 
3 16 5.918 5.135 -15.624 5.447 4.401 -14.476 4.689 7.265 -15.624 
3 16 3.262 7.335 -13.641 3.551 10.278 -13.503 3.6 7.055 -14.356 
3 16 3.6 7.055 -14.356 3.551 10.278 -13.503 4.689 9.724 -15.624 
3 16 4.689 7.265 -15.624 3.6 7.055 -14.356 4.689 9.724 -15.624 
3 16 5.212 12.936 -13.491 5.918 11.854 -15.624 3.551 10.278 -13.503 
3 16 4.689 9.724 -15.624 3.551 10.278 -13.503 5.918 11.854 -15.624 
3 16 5.918 11.854 -15.624 5.212 12.936 -13.491 8.048 13.084 -15.624 
3 16 5.212 12.936 -13.491 7.78 14.086 -13.899 8.048 13.084 -15.624 
3 16 10.508 13.084 -15.624 8.048 13.084 -15.624 10.034 14.266 -13.924 
3 16 8.048 13.084 -15.624 7.78 14.086 -13.899 10.034 14.266 -13.924 
3 16 14.243 12.351 -13.163 12.638 11.854 -15.624 11.991 14.159 -13.136 
3 16 12.638 11.854 -15.624 10.508 13.084 -15.624 11.991 14.159 -13.136 
3 16 10.508 13.084 -15.624 10.034 14.266 -13.924 11.991 14.159 -13.136 
3 16 13.868 9.724 -15.624 12.638 11.854 -15.624 15.352 10.165 -13.075 
3 16 12.638 11.854 -15.624 14.243 12.351 -13.163 15.352 10.165 -13.075 
3 16 15.352 10.165 -13.075 15.573 8.342 -13.218 13.868 9.724 -15.624 
3 16 13.868 7.265 -15.624 13.868 9.724 -15.624 14.214 7.539 -15.37 
3 16 13.868 9.724 -15.624 15.573 8.342 -13.218 14.214 7.539 -15.37 
3 16 13.94 -0.328 -12.82 14.058 -0.154 -13.354 14.532 -1.027 -12.69 
3 16 14.532 -1.027 -12.69 14.058 -0.154 -13.354 15.09 -0.232 -14.153 
3 16 12.351 2.685 -14.327 15.09 -0.232 -14.153 11.875 2.362 -13.802 
3 16 15.09 -0.232 -14.153 14.058 -0.154 -13.354 11.875 2.362 -13.802 
3 16 14.07 4.616 -14.681 16.554 1.345 -15.057 12.351 2.685 -14.327 
3 16 16.554 1.345 -15.057 15.09 -0.232 -14.153 12.351 2.685 -14.327 
3 16 18.022 2.927 -14.158 16.554 1.345 -15.057 15.395 6.001 -14.04 
3 16 14.07 4.616 -14.681 15.395 6.001 -14.04 16.554 1.345 -15.057 
3 16 18.571 3.755 -12.189 18.835 3.382 -12.056 18.322 3.836 -13.033 
3 16 18.835 3.382 -12.056 18.022 2.927 -14.158 18.322 3.836 -13.033 
3 16 15.395 6.001 -14.04 15.833 6.394 -13.135 18.022 2.927 -14.158 
3 16 18.022 2.927 -14.158 15.833 6.394 -13.135 18.322 3.836 -13.033 
3 16 16.554 1.345 -15.057 17.794 0.195 -14.532 15.09 -0.232 -14.153 
3 16 16.576 -1.117 -13.791 15.09 -0.232 -14.153 17.794 0.195 -14.532 
3 16 17.794 0.195 -14.532 16.554 1.345 -15.057 19.012 1.507 -13.791 
3 16 19.012 1.507 -13.791 16.554 1.345 -15.057 18.022 2.927 -14.158 
3 16 18.835 3.382 -12.056 19.225 3.033 -12.396 18.022 2.927 -14.158 
3 16 19.012 1.507 -13.791 18.022 2.927 -14.158 19.601 2.108 -12.293 
3 16 19.601 2.108 -12.293 18.022 2.927 -14.158 19.225 3.033 -12.396 
3 16 17.262 -1.716 -11.901 16.11 -1.755 -11.88 17.596 -1.253 -13.197 
3 16 17.596 -1.253 -13.197 16.11 -1.755 -11.88 16.576 -1.117 -13.791 
3 16 17.794 0.195 -14.532 18.41 -0.376 -13.692 16.576 -1.117 -13.791 
3 16 17.596 -1.253 -13.197 16.576 -1.117 -13.791 18.41 -0.376 -13.692 
3 16 19.012 1.507 -13.791 19.223 0.5 -13.197 17.794 0.195 -14.532 
3 16 18.41 -0.376 -13.692 17.794 0.195 -14.532 19.223 0.5 -13.197 
3 16 19.601 2.108 -12.293 19.698 0.921 -11.921 19.012 1.507 -13.791 
3 16 19.698 0.921 -11.921 19.68 0.556 -12.17 19.012 1.507 -13.791 
3 16 19.223 0.5 -13.197 19.012 1.507 -13.791 19.68 0.556 -12.17 
3 16 18.887 -0.826 -12.059 17.262 -1.716 -11.901 17.596 -1.253 -13.197 
3 16 18.887 -0.826 -12.059 17.596 -1.253 -13.197 18.41 -0.376 -13.692 
3 16 18.887 -0.826 -12.059 18.41 -0.376 -13.692 19.223 0.5 -13.197 
3 16 18.887 -0.826 -12.059 19.223 0.5 -13.197 19.68 0.556 -12.17 
3 16 3.08 -0.117 5.335 3.225 -2.975 5.586 0 -0.117 6.161 
3 16 3.225 -2.975 5.586 0 -2.975 6.45 0 -0.117 6.161 
3 16 5.335 -0.117 3.08 5.586 -2.975 3.225 3.08 -0.117 5.335 
3 16 5.586 -2.975 3.225 3.225 -2.975 5.586 3.08 -0.117 5.335 
3 16 6.161 -0.117 0.011 6.45 -2.975 0.011 5.335 -0.117 3.08 
3 16 6.45 -2.975 0.011 5.586 -2.975 3.225 5.335 -0.117 3.08 
3 16 5.335 -0.117 -3.08 5.586 -2.975 -3.225 6.161 -0.117 0.011 
3 16 5.586 -2.975 -3.225 6.45 -2.975 0.011 6.161 -0.117 0.011 
3 16 5.586 -2.975 -3.225 5.335 -0.117 -3.08 3.225 -2.975 -5.586 
3 16 5.335 -0.117 -3.08 3.08 -0.117 -5.335 3.225 -2.975 -5.586 
3 16 0 -0.117 -6.161 0 -2.975 -6.45 3.08 -0.117 -5.335 
3 16 0 -2.975 -6.45 3.225 -2.975 -5.586 3.08 -0.117 -5.335 
3 16 -3.08 -0.117 -5.335 -3.225 -2.975 -5.586 0 -0.117 -6.161 
3 16 -3.225 -2.975 -5.586 0 -2.975 -6.45 0 -0.117 -6.161 
3 16 -3.225 -2.975 -5.586 -3.08 -0.117 -5.335 -5.586 -2.975 -3.225 
3 16 -3.08 -0.117 -5.335 -5.335 -0.117 -3.08 -5.586 -2.975 -3.225 
3 16 -5.586 -2.975 -3.225 -5.335 -0.117 -3.08 -6.45 -2.975 0.01 
3 16 -5.335 -0.117 -3.08 -6.161 -0.117 0.01 -6.45 -2.975 0.01 
3 16 -5.335 -0.117 3.08 -5.586 -2.975 3.225 -6.161 -0.117 0.01 
3 16 -5.586 -2.975 3.225 -6.45 -2.975 0.01 -6.161 -0.117 0.01 
3 16 -3.08 -0.117 5.335 -3.225 -2.975 5.586 -5.335 -0.117 3.08 
3 16 -3.225 -2.975 5.586 -5.586 -2.975 3.225 -5.335 -0.117 3.08 
3 16 0 -0.117 6.161 0 -2.975 6.45 -3.08 -0.117 5.335 
3 16 0 -2.975 6.45 -3.225 -2.975 5.586 -3.08 -0.117 5.335 
3 16 -1.944 -0.013 20.094 -2.099 -0.014 22.629 -7.382 2.354 20.45 
3 16 -2.099 -0.014 22.629 -7.372 2.367 22.479 -7.382 2.354 20.45 
3 16 -11.512 7.491 20.118 -7.382 2.354 20.45 -11.124 6.854 22.89 
3 16 -7.382 2.354 20.45 -7.372 2.367 22.479 -11.124 6.854 22.89 
3 16 -7.64 10.341 15.174 -7.683 10.364 19.977 -11.539 7.465 15.354 
3 16 -11.512 7.491 20.118 -11.539 7.465 15.354 -7.683 10.364 19.977 
3 16 -1.981 -0.014 14.94 -1.944 -0.013 20.094 -2.339 4.789 15.249 
3 16 -2.339 4.789 15.249 -1.944 -0.013 20.094 -2.298 4.8 19.89 
3 16 -1.981 -0.014 14.94 -2.339 4.789 15.249 -6.128 1.62 14.776 
3 16 -2.339 4.789 15.249 -4.86 6.15 15.013 -6.128 1.62 14.776 
3 16 -6.128 1.62 14.776 -4.86 6.15 15.013 -11.539 7.465 15.354 
3 16 -4.86 6.15 15.013 -7.64 10.341 15.174 -11.539 7.465 15.354 
3 16 -7.382 2.354 20.45 -11.512 7.491 20.118 -5.244 6.585 20.158 
3 16 -7.683 10.364 19.977 -5.244 6.585 20.158 -11.512 7.491 20.118 
3 16 -1.944 -0.013 20.094 -7.382 2.354 20.45 -2.298 4.8 19.89 
3 16 -5.244 6.585 20.158 -2.298 4.8 19.89 -7.382 2.354 20.45 
3 16 1.584 -0.179 13.384 6.472 1.446 13.384 1.83 -0.005 19.082 
3 16 6.472 1.446 13.384 6.251 1.66 18.927 1.83 -0.005 19.082 
3 16 11.521 7.385 26.358 7.372 2.367 26.358 11.38 7.272 24.11 
3 16 11.38 7.272 24.11 7.372 2.367 26.358 7.319 2.472 24.476 
3 16 0.856 -0.015 26.358 1.924 0.058 24.176 7.372 2.367 26.358 
3 16 7.319 2.472 24.476 7.372 2.367 26.358 1.924 0.058 24.176 
3 16 6.251 1.66 18.927 10.215 4.771 19.062 5.132 6.17 19.099 
3 16 5.132 6.17 19.099 10.215 4.771 19.062 7.888 10.226 19.284 
3 16 7.888 10.226 19.284 10.215 4.771 19.062 11.47 7.069 19.375 
3 16 1.83 -0.005 19.082 6.251 1.66 18.927 2.242 4.703 19.287 
3 16 5.132 6.17 19.099 2.242 4.703 19.287 6.251 1.66 18.927 
3 16 1.83 -0.005 19.082 2.242 4.703 19.287 1.924 0.058 24.176 
3 16 2.248 4.709 24.071 1.924 0.058 24.176 2.242 4.703 19.287 
3 16 7.903 10.221 24.131 7.888 10.226 19.284 11.38 7.272 24.11 
3 16 11.38 7.272 24.11 7.888 10.226 19.284 11.47 7.069 19.375 
3 16 7.319 2.472 24.476 5.156 6.233 24.28 11.38 7.272 24.11 
3 16 5.156 6.233 24.28 7.424 9.07 24.267 11.38 7.272 24.11 
3 16 7.424 9.07 24.267 7.903 10.221 24.131 11.38 7.272 24.11 
3 16 1.924 0.058 24.176 2.248 4.709 24.071 7.319 2.472 24.476 
3 16 2.248 4.709 24.071 5.156 6.233 24.28 7.319 2.472 24.476 
3 16 -1.952 25.064 10.129 -8.484 21.935 10.087 -1.951 24.881 19.176 
3 16 -8.484 21.935 10.087 -8.279 21.804 18.955 -1.951 24.881 19.176 
3 16 -11.561 17.672 10.086 -11.092 17.994 18.984 -8.484 21.935 10.087 
3 16 -8.484 21.935 10.087 -11.092 17.994 18.984 -8.279 21.804 18.955 
3 16 11.771 -2.798 17.197 14.458 -2.753 17.348 11.47 7.069 19.375 
3 16 14.458 -2.753 17.348 12.68 11.422 19.804 11.47 7.069 19.375 
3 16 11.47 7.069 19.375 10.483 4.028 18.474 11.771 -2.798 17.197 
3 16 14.257 -3.045 12.026 14.458 -2.753 17.348 11.591 -3.102 12.812 
3 16 14.458 -2.753 17.348 11.771 -2.798 17.197 11.591 -3.102 12.812 
3 16 10.215 4.771 19.062 6.251 1.66 18.927 10.483 4.028 18.474 
3 16 6.251 1.66 18.927 6.472 1.446 13.384 10.483 4.028 18.474 
3 16 10.434 4.153 13.595 10.483 4.028 18.474 6.472 1.446 13.384 
3 16 11.577 17.644 22.877 11.357 18.079 20.353 7.372 22.662 22.608 
3 16 7.389 22.676 20.547 7.372 22.662 22.608 11.357 18.079 20.353 
3 16 1.962 25.017 20.177 2.039 24.971 22.608 7.389 22.676 20.547 
3 16 2.039 24.971 22.608 7.372 22.662 22.608 7.389 22.676 20.547 
3 16 13.868 7.265 -15.624 12.638 5.135 -15.624 9.278 8.495 -15.624 
3 16 9.278 8.495 -15.624 12.638 5.135 -15.624 10.508 3.905 -15.624 
3 16 9.278 8.495 -15.624 10.508 3.905 -15.624 8.048 3.905 -15.624 
3 16 8.048 3.905 -15.624 5.918 5.135 -15.624 9.278 8.495 -15.624 
3 16 9.278 8.495 -15.624 5.918 5.135 -15.624 4.689 7.265 -15.624 
3 16 4.689 9.724 -15.624 5.918 11.854 -15.624 9.278 8.495 -15.624 
3 16 9.278 8.495 -15.624 5.918 11.854 -15.624 8.048 13.084 -15.624 
3 16 8.048 13.084 -15.624 10.508 13.084 -15.624 9.278 8.495 -15.624 
3 16 13.868 9.724 -15.624 9.278 8.495 -15.624 12.638 11.854 -15.624 
3 16 12.638 11.854 -15.624 9.278 8.495 -15.624 10.508 13.084 -15.624 
3 16 9.278 8.495 -15.624 4.689 7.265 -15.624 4.689 9.724 -15.624 
3 16 13.868 7.265 -15.624 9.278 8.495 -15.624 13.868 9.724 -15.624 
3 16 7.389 22.676 20.547 11.357 18.079 20.353 5.621 18.348 20.161 
3 16 7.743 14.87 20.107 5.621 18.348 20.161 11.357 18.079 20.353 
3 16 11.357 18.079 20.353 11.358 18.066 14.698 7.743 14.87 20.107 
3 16 11.358 18.066 14.698 7.883 14.849 14.924 7.743 14.87 20.107 
3 16 2.125 25.03 14.947 1.962 25.017 20.177 2.441 20.216 15.142 
3 16 1.962 25.017 20.177 2.441 20.21 20.222 2.441 20.216 15.142 
3 16 1.962 25.017 20.177 7.389 22.676 20.547 2.441 20.21 20.222 
3 16 5.621 18.348 20.161 2.441 20.21 20.222 7.389 22.676 20.547 
3 16 2.125 25.03 14.947 2.441 20.216 15.142 7.392 22.697 14.571 
3 16 2.441 20.216 15.142 5.622 18.352 14.983 7.392 22.697 14.571 
3 16 7.392 22.697 14.571 5.622 18.352 14.983 11.358 18.066 14.698 
3 16 5.622 18.352 14.983 7.883 14.849 14.924 11.358 18.066 14.698 
3 16 11.521 7.385 26.358 7.446 9.199 26.358 7.372 2.367 26.358 
3 16 4.765 5.957 26.358 7.372 2.367 26.358 7.446 9.199 26.358 
3 16 0.856 -0.015 26.358 7.372 2.367 26.358 0.419 4.522 26.357 
3 16 0.419 4.522 26.357 7.372 2.367 26.358 4.765 5.957 26.358 
3 16 0.856 -0.015 26.358 0.419 4.522 26.357 -2.099 -0.014 22.629 
3 16 0.419 4.522 26.357 -2.162 4.648 22.861 -2.099 -0.014 22.629 
3 16 -7.973 11.899 26.358 -12.336 9.893 26.358 -7.046 8.901 22.632 
3 16 -12.336 9.893 26.358 -11.124 6.854 22.89 -7.046 8.901 22.632 
3 16 -7.973 11.899 26.358 -8.151 12.515 26.358 -12.336 9.893 26.358 
3 16 -12.612 12.515 26.358 -12.336 9.893 26.358 -8.151 12.515 26.358 
3 16 -11.521 17.644 26.358 -12.612 12.515 26.358 -7.446 15.83 26.358 
3 16 -8.151 12.515 26.358 -7.446 15.83 26.358 -12.612 12.515 26.358 
3 16 -8.439 21.887 26.358 -11.521 17.644 26.358 -5.454 18.572 26.358 
3 16 -11.521 17.644 26.358 -7.446 15.83 26.358 -5.454 18.572 26.358 
3 16 -0.754 25.057 26.358 -8.439 21.887 26.358 -0.487 20.621 26.358 
3 16 -0.487 20.621 26.358 -8.439 21.887 26.358 -5.454 18.572 26.358 
3 16 -0.754 25.057 26.358 -0.487 20.621 26.358 2.039 24.971 22.608 
3 16 2.039 24.971 22.608 -0.487 20.621 26.358 2.052 20.374 22.639 
3 16 8.208 13.049 26.358 12.336 15.137 26.358 7.513 15.729 22.632 
3 16 12.336 15.137 26.358 11.577 17.644 22.877 7.513 15.729 22.632 
3 16 12.336 15.137 26.358 8.208 13.049 26.358 11.521 7.385 26.358 
3 16 8.208 13.049 26.358 7.446 9.199 26.358 11.521 7.385 26.358 
3 16 -2.099 -0.014 22.629 -2.162 4.648 22.861 -7.372 2.367 22.479 
3 16 -4.896 6.239 22.635 -7.372 2.367 22.479 -2.162 4.648 22.861 
3 16 -7.372 2.367 22.479 -4.896 6.239 22.635 -11.124 6.854 22.89 
3 16 -7.046 8.901 22.632 -11.124 6.854 22.89 -4.896 6.239 22.635 
3 16 2.039 24.971 22.608 2.052 20.374 22.639 7.372 22.662 22.608 
3 16 4.788 19.009 22.632 7.372 22.662 22.608 2.052 20.374 22.639 
3 16 11.577 17.644 22.877 7.372 22.662 22.608 7.513 15.729 22.632 
3 16 7.513 15.729 22.632 7.372 22.662 22.608 4.788 19.009 22.632 
3 16 -8.279 21.804 18.955 -11.092 17.994 18.984 -6.065 17.755 19.125 
3 16 -7.741 14.45 19.142 -6.065 17.755 19.125 -11.092 17.994 18.984 
3 16 -1.951 24.881 19.176 -8.279 21.804 18.955 -1.78 20.397 19.164 
3 16 -6.065 17.755 19.125 -1.78 20.397 19.164 -8.279 21.804 18.955 
3 16 -1.921 24.866 24.217 -1.951 24.881 19.176 -1.78 20.392 24.037 
3 16 -1.78 20.392 24.037 -1.951 24.881 19.176 -1.78 20.397 19.164 
3 16 -1.921 24.866 24.217 -1.78 20.392 24.037 -8.278 21.808 24.474 
3 16 -1.78 20.392 24.037 -6.047 17.741 24.278 -8.278 21.808 24.474 
3 16 -8.278 21.808 24.474 -6.047 17.741 24.278 -11.066 17.959 24.025 
3 16 -11.066 17.959 24.025 -6.047 17.741 24.278 -7.758 14.415 24.236 
3 16 -7.758 14.415 24.236 -7.741 14.45 19.142 -11.066 17.959 24.025 
3 16 -7.741 14.45 19.142 -11.092 17.994 18.984 -11.066 17.959 24.025 
3 16 -10.376 4.069 13.384 -11.319 -3.066 12.601 -6.326 1.4 13.384 
3 16 10.434 4.153 13.595 6.472 1.446 13.384 11.591 -3.102 12.812 
3 16 -6.326 1.4 13.384 -11.319 -3.066 12.601 -1.783 -0.156 13.384 
3 16 -1.783 -0.156 13.384 -11.319 -3.066 12.601 1.584 -0.179 13.384 
3 16 1.584 -0.179 13.384 -11.319 -3.066 12.601 11.591 -3.102 12.812 
3 16 11.591 -3.102 12.812 6.472 1.446 13.384 1.584 -0.179 13.384 
3 16 10.483 4.028 18.474 11.47 7.069 19.375 10.215 4.771 19.062 
3 16 14.257 -3.045 12.026 13.544 5.504 13.852 14.458 -2.753 17.348 
3 16 14.458 -2.753 17.348 13.544 5.504 13.852 12.68 11.422 19.804 
3 16 12.68 11.422 19.804 13.544 5.504 13.852 12.714 11.864 10.086 
3 16 13.544 5.504 13.852 13.572 5.503 10.119 12.714 11.864 10.086 
3 16 -7.262 8.767 10.086 -12.976 9.347 10.086 -7.919 13.211 10.064 
3 16 -12.976 9.347 10.086 -12.632 13.329 10.086 -7.919 13.211 10.064 
3 16 -6.08 17.671 10.086 -7.919 13.211 10.064 -11.561 17.672 10.086 
3 16 -7.919 13.211 10.064 -12.632 13.329 10.086 -11.561 17.672 10.086 
3 16 8.2 12.855 10.086 12.714 11.864 10.086 7.202 8.584 10.086 
3 16 12.714 11.864 10.086 13.572 5.503 10.119 7.202 8.584 10.086 
3 16 13.572 5.503 10.119 13.59 0.33 9.774 7.202 8.584 10.086 
3 16 7.202 8.584 10.086 13.59 0.33 9.774 -16.709 0.434 9.792 
3 16 7.202 8.584 10.086 -16.709 0.434 9.792 -7.262 8.767 10.086 
3 16 -16.709 0.434 9.792 -16.797 4.954 10.052 -7.262 8.767 10.086 
3 16 -16.797 4.954 10.052 -12.976 9.347 10.086 -7.262 8.767 10.086 
3 16 -11.319 -3.066 12.601 -10.376 4.069 13.384 -11.753 -2.528 13.473 
3 16 -10.376 4.069 13.384 -10.68 4.415 14.421 -11.753 -2.528 13.473 
3 16 -10.68 4.415 14.421 -13.658 4.456 14.47 -11.753 -2.528 13.473 
3 16 -11.753 -2.528 13.473 -13.658 4.456 14.47 -14.476 -2.628 13.576 
3 16 -12.9 9.767 15.06 -13.009 9.185 13.399 -13.658 4.456 14.47 
3 16 -13.664 4.384 13.149 -13.658 4.456 14.47 -13.009 9.185 13.399 
3 16 -12.472 9.779 15.356 -12.336 9.893 26.358 -12.681 11.662 15.856 
3 16 -12.681 11.662 15.856 -12.336 9.893 26.358 -12.612 12.515 26.358 
3 16 -12.472 9.779 15.356 -12.9 9.767 15.06 -10.68 4.415 14.421 
3 16 -10.68 4.415 14.421 -12.9 9.767 15.06 -13.658 4.456 14.47 
3 16 -11.124 6.854 22.89 -12.336 9.893 26.358 -11.512 7.491 20.118 
3 16 -11.512 7.491 20.118 -12.336 9.893 26.358 -12.472 9.779 15.356 
3 16 -12.472 9.779 15.356 -11.539 7.465 15.354 -11.512 7.491 20.118 
3 16 -12.9 9.767 15.06 -12.472 9.779 15.356 -12.681 11.662 15.856 
3 16 -16.792 0.824 -10.113 -15.844 -0.088 -9.065 -6.361 0.864 -10.159 
3 16 -6.36 -0.151 -9.132 -6.361 0.864 -10.159 -15.844 -0.088 -9.065 
3 16 6.298 0.781 -10.149 6.222 -0.084 -9.459 13.253 0.763 -10.114 
3 16 6.222 -0.084 -9.459 12.993 -0.084 -9.459 13.253 0.763 -10.114 
3 16 5.091 -0.11 -9.914 7.914 -3.106 -9.615 -5.111 -0.116 -9.914 
3 16 -5.111 -0.116 -9.914 7.914 -3.106 -9.615 -7.798 -3.113 -9.612 
3 16 -17.755 -0.15 -6.748 -19.664 -1.661 -6.91 -17.755 -0.15 6.764 
3 16 -17.755 -0.15 6.764 -19.664 -1.661 -6.91 -19.664 -1.66 6.735 
3 16 -22.728 1.299 6.48 -19.664 -1.66 6.735 -22.694 1.216 -6.538 
3 16 -22.694 1.216 -6.538 -19.664 -1.66 6.735 -19.664 -1.661 -6.91 
3 16 -25.201 4.199 1.286 -22.728 1.299 6.48 -22.694 1.216 -6.538 
3 16 -22.694 1.216 -6.538 -25.172 4.163 -2.389 -25.186 4.174 -1.179 
3 16 -22.694 1.216 -6.538 -25.186 4.174 -1.179 -25.201 4.199 1.286 
3 16 -24.806 3.741 4.174 -22.728 1.299 6.48 -25.201 4.199 1.286 
3 16 14.801 -0.103 7.048 17.615 -0.466 6.787 14.744 -0.06 -6.77 
3 16 17.615 -0.466 6.787 17.378 -0.368 -6.712 14.744 -0.06 -6.77 
3 16 13.148 7.654 -10.17 13.253 0.763 -10.114 14.226 0.751 -8.521 
3 16 20.962 -2.626 1.625 19.406 -2.523 1.391 20.527 -2.033 4.165 
3 16 19.406 -2.523 1.391 19.21 -1.99 3.876 20.527 -2.033 4.165 
3 16 20.962 -2.626 1.625 20.907 -2.604 -1.91 19.406 -2.523 1.391 
3 16 20.907 -2.604 -1.91 19.385 -2.447 -1.869 19.406 -2.523 1.391 
3 16 14.744 -0.06 -6.77 17.378 -0.368 -6.712 15.387 1.004 -8.595 
3 16 17.378 -0.368 -6.712 18.12 0.331 -8.081 15.387 1.004 -8.595 
3 16 19.558 -0.666 6.823 18.452 0.135 7.889 20.637 2.791 8.702 
3 16 18.452 0.135 7.889 18.363 2.946 9.447 20.637 2.791 8.702 
3 16 20.907 -2.604 -1.91 25.931 3.413 -2.928 20.252 -1.521 -5.353 
3 16 20.252 -1.521 -5.353 25.931 3.413 -2.928 23.462 3.353 -6.985 
3 16 13.572 5.503 10.119 13.544 5.504 13.852 16.236 5.533 10.13 
3 16 13.544 5.504 13.852 16.169 5.457 13.78 16.236 5.533 10.13 
3 16 17.465 -5.94 10.251 15.642 -2.965 12.279 18.686 -8.261 3.538 
3 16 18.6 -8.049 -3.591 18.686 -8.261 3.538 15.642 -2.965 12.279 
3 16 18.6 -8.049 -3.591 15.642 -2.965 12.279 15.629 -3.099 -9.591 
3 16 15.629 -3.099 -9.591 17.049 -5.203 -9.736 18.6 -8.049 -3.591 
3 16 18.19 4.881 12.276 20.172 5.769 11.909 18.076 4.976 10.073 
3 16 19.936 5.786 9.7 18.076 4.976 10.073 20.172 5.769 11.909 
3 16 16.236 5.533 10.13 16.169 5.457 13.78 18.076 4.976 10.073 
3 16 18.076 4.976 10.073 16.169 5.457 13.78 18.19 4.881 12.276 
3 16 18.19 4.881 12.276 16.169 5.457 13.78 18.152 4.792 13.681 
3 16 16.236 5.533 10.13 15.001 0.825 8.501 13.572 5.503 10.119 
3 16 13.59 0.33 9.774 13.572 5.503 10.119 15.001 0.825 8.501 
3 16 16.236 5.533 10.13 18.363 2.946 9.447 15.001 0.825 8.501 
3 16 18.452 0.135 7.889 15.001 0.825 8.501 18.363 2.946 9.447 
3 16 18.452 0.135 7.889 17.615 -0.466 6.787 15.001 0.825 8.501 
3 16 14.801 -0.103 7.048 15.001 0.825 8.501 17.615 -0.466 6.787 
3 16 18.452 0.135 7.889 19.558 -0.666 6.823 17.615 -0.466 6.787 
3 16 18.455 -0.929 6.209 17.615 -0.466 6.787 19.558 -0.666 6.823 
3 16 19.741 5.494 -12.987 15.352 10.165 -13.075 19.96 5.51 -11.717 
3 16 19.96 5.51 -11.717 15.352 10.165 -13.075 15.352 10.165 -10.21 
3 16 19.741 5.848 -9.724 19.96 5.51 -11.717 15.352 10.165 -10.21 
3 16 14.198 12.37 -10.17 15.352 10.165 -10.21 14.243 12.351 -13.163 
3 16 14.243 12.351 -13.163 15.352 10.165 -10.21 15.352 10.165 -13.075 
3 16 15.573 8.342 -13.218 15.352 10.165 -13.075 16.43 7.453 -13.17 
3 16 16.43 7.453 -13.17 15.352 10.165 -13.075 19.741 5.494 -12.987 
3 16 19.741 5.494 -12.987 18.322 3.836 -13.033 16.43 7.453 -13.17 
3 16 18.322 3.836 -13.033 15.833 6.394 -13.135 16.43 7.453 -13.17 
3 16 15.262 6.407 -15.32 14.214 7.539 -15.37 16.43 7.453 -13.17 
3 16 16.43 7.453 -13.17 14.214 7.539 -15.37 15.573 8.342 -13.218 
3 16 16.43 7.453 -13.17 15.833 6.394 -13.135 15.262 6.407 -15.32 
3 16 15.833 6.394 -13.135 15.395 6.001 -14.04 15.262 6.407 -15.32 
3 16 10.604 1.628 -13.765 11.27 2.33 -15.316 11.875 2.362 -13.802 
3 16 11.875 2.362 -13.802 11.27 2.33 -15.316 12.351 2.685 -14.327 
3 16 11.27 2.33 -15.316 13.266 4.368 -15.318 12.351 2.685 -14.327 
3 16 12.351 2.685 -14.327 13.266 4.368 -15.318 14.07 4.616 -14.681 
3 16 13.266 4.368 -15.318 15.262 6.407 -15.32 14.07 4.616 -14.681 
3 16 15.262 6.407 -15.32 15.395 6.001 -14.04 14.07 4.616 -14.681 
3 16 10.135 3.516 -15.371 12.747 5.026 -15.342 11.27 2.33 -15.316 
3 16 11.27 2.33 -15.316 12.747 5.026 -15.342 13.266 4.368 -15.318 
3 16 10.135 3.516 -15.371 10.508 3.905 -15.624 12.747 5.026 -15.342 
3 16 10.508 3.905 -15.624 12.638 5.135 -15.624 12.747 5.026 -15.342 
3 16 10.135 3.516 -15.371 11.27 2.33 -15.316 9.495 2.674 -13.866 
3 16 11.27 2.33 -15.316 10.604 1.628 -13.765 9.495 2.674 -13.866 
3 16 14.214 7.539 -15.37 15.262 6.407 -15.32 12.747 5.026 -15.342 
3 16 13.266 4.368 -15.318 12.747 5.026 -15.342 15.262 6.407 -15.32 
3 16 7.78 2.917 -13.908 8.048 3.905 -15.624 9.495 2.674 -13.866 
3 16 10.508 3.905 -15.624 10.135 3.516 -15.371 8.048 3.905 -15.624 
3 16 10.135 3.516 -15.371 9.495 2.674 -13.866 8.048 3.905 -15.624 
3 16 5.51 15.209 -11.427 2.21 14.972 -11.522 5.385 15.361 -10.197 
3 16 2.21 14.997 -10.187 5.385 15.361 -10.197 2.21 14.972 -11.522 
3 16 3.06 12.965 -13.493 2.21 14.972 -11.522 6.006 14.343 -12.315 
3 16 2.21 14.972 -11.522 5.51 15.209 -11.427 6.006 14.343 -12.315 
3 16 6.006 14.343 -12.315 5.212 12.936 -13.491 3.06 12.965 -13.493 
3 16 -3.065 3.67 -13.329 -3 7.339 -13.622 -2.909 3.802 -14.29 
3 16 -3 7.339 -13.622 -2.91 7.055 -14.339 -2.909 3.802 -14.29 
3 16 6.222 -0.084 -9.459 6.298 0.781 -10.149 5.091 -0.11 -9.914 
3 16 5.091 -0.11 -9.914 6.298 0.781 -10.149 3.25 1.707 -10.183 
3 16 -3.194 1.707 -10.181 -6.361 0.864 -10.159 -5.111 -0.116 -9.914 
3 16 -6.361 0.864 -10.159 -6.36 -0.151 -9.132 -5.111 -0.116 -9.914 
3 16 -3.194 1.707 -10.181 -3.224 1.74 -11.252 3.25 1.707 -10.183 
3 16 3.25 1.707 -10.183 -3.224 1.74 -11.252 3.25 1.74 -11.252 
3 16 3.25 1.74 -11.252 8.122 -3.054 -11.092 5.091 -0.11 -9.914 
3 16 8.122 -3.054 -11.092 7.914 -3.106 -9.615 5.091 -0.11 -9.914 
3 16 5.091 -0.11 -9.914 3.25 1.707 -10.183 3.25 1.74 -11.252 
3 16 -7.798 -3.113 -9.612 -8.211 -3.045 -11.043 -5.111 -0.116 -9.914 
3 16 -5.111 -0.116 -9.914 -8.211 -3.045 -11.043 -3.224 1.74 -11.252 
3 16 -3.224 1.74 -11.252 -3.194 1.707 -10.181 -5.111 -0.116 -9.914 
3 16 4.069 3.669 -13.325 3.25 1.74 -11.252 -3.065 3.67 -13.329 
3 16 -3.968 3.669 -13.324 -3.065 3.67 -13.329 -3.224 1.74 -11.252 
3 16 3.25 1.74 -11.252 -3.224 1.74 -11.252 -3.065 3.67 -13.329 
3 16 8.122 -3.054 -11.092 3.25 1.74 -11.252 8.95 -1.001 -13.085 
3 16 4.069 3.669 -13.325 8.95 -1.001 -13.085 3.25 1.74 -11.252 
3 16 -3.968 3.669 -13.324 -3.224 1.74 -11.252 -9 -1.01 -13.041 
3 16 -3.224 1.74 -11.252 -8.211 -3.045 -11.043 -9 -1.01 -13.041 
3 16 0.007 12.964 -11.522 -2.152 14.92 -11.494 -0.022 13.074 -10.178 
3 16 -0.022 13.074 -10.178 -2.152 14.92 -11.494 -2.146 14.935 -10.173 
3 16 0.122 10.111 -13.492 -2.959 12.897 -13.469 0.007 12.964 -11.522 
3 16 -2.959 12.897 -13.469 -2.152 14.92 -11.494 0.007 12.964 -11.522 
3 16 4.069 3.669 -13.325 -3.065 3.67 -13.329 5.527 3.718 -13.853 
3 16 5.475 3.495 -13.368 4.069 3.669 -13.325 5.527 3.718 -13.853 
3 16 -2.909 3.802 -14.29 6.542 3.802 -14.305 5.527 3.718 -13.853 
3 16 6.542 3.802 -14.305 6.384 3.703 -13.852 5.527 3.718 -13.853 
3 16 5.527 3.718 -13.853 -3.065 3.67 -13.329 -2.909 3.802 -14.29 
3 16 14.532 -1.027 -12.69 16.11 -1.755 -11.88 15.426 -2.251 -11.459 
3 16 5.527 3.718 -13.853 9.485 -0.12 -13.37 5.475 3.495 -13.368 
3 16 5.475 3.495 -13.368 9.485 -0.12 -13.37 9.406 -0.334 -13.1 
3 16 4.069 3.669 -13.325 5.475 3.495 -13.368 8.95 -1.001 -13.085 
3 16 5.475 3.495 -13.368 9.406 -0.334 -13.1 8.95 -1.001 -13.085 
3 16 -10.927 12.897 -13.123 -17.915 2.039 -12.419 -12 14.871 -11.092 
3 16 -19.784 1.604 -10.804 -20.261 2.697 -10.544 -17.915 2.039 -12.419 
3 16 -20.261 2.697 -10.544 -12 14.871 -11.092 -17.915 2.039 -12.419 
3 16 -11.991 14.976 -10.173 -12 14.871 -11.092 -16.789 7.553 -10.134 
3 16 -12 14.871 -11.092 -20.261 2.697 -10.544 -16.789 7.553 -10.134 
3 16 -18.337 5.098 -7.618 -16.789 7.553 -10.134 -19.941 2.885 -7.513 
3 16 -19.941 2.885 -7.513 -16.789 7.553 -10.134 -20.261 2.697 -10.544 
3 16 -16.789 7.553 -10.134 -18.337 5.098 -7.618 -16.792 0.824 -10.113 
3 16 -18.227 0.965 -7.622 -16.792 0.824 -10.113 -18.337 5.098 -7.618 
3 16 -18.337 5.098 -7.618 -19.941 2.885 -7.513 -18.227 0.965 -7.622 
3 16 -19.941 2.885 -7.513 -19.941 -0.284 -7.487 -18.227 0.965 -7.622 
3 16 -19.784 1.604 -10.804 -17.915 2.039 -12.419 -18.787 0.494 -10.979 
3 16 -11.319 -3.066 12.601 -11.753 -2.528 13.473 -14.311 -2.985 12.377 
3 16 -11.753 -2.528 13.473 -14.476 -2.628 13.576 -14.311 -2.985 12.377 
3 16 -15.189 -3.096 11.006 -15.859 -3.786 10.322 -15.103 -3.125 2.874 
3 16 -15.859 -3.786 10.322 -17.656 -5.639 8.487 -15.103 -3.125 2.874 
3 16 -15.103 -3.125 2.874 -17.656 -5.639 8.487 -18.295 -6.355 2.835 
3 16 -20.096 -5.547 2.852 -18.295 -6.355 2.835 -19.23 -4.872 8.54 
3 16 -17.656 -5.639 8.487 -19.23 -4.872 8.54 -18.295 -6.355 2.835 
3 16 -15.859 -3.786 10.322 -17.296 -2.924 10.679 -17.656 -5.639 8.487 
3 16 -19.23 -4.872 8.54 -17.656 -5.639 8.487 -17.296 -2.924 10.679 
3 16 -19.854 -5.162 8.83 -19.23 -4.872 8.54 -17.609 -3.158 11.003 
3 16 -19.23 -4.872 8.54 -17.296 -2.924 10.679 -17.609 -3.158 11.003 
3 16 -19.23 -4.872 8.54 -19.854 -5.162 8.83 -20.096 -5.547 2.852 
3 16 -20.096 -5.547 2.852 -19.854 -5.162 8.83 -20.851 -5.894 2.949 
3 16 -19.854 -5.162 8.83 -22.507 -3.174 8.617 -20.851 -5.894 2.949 
3 16 -20.851 -5.894 2.949 -22.507 -3.174 8.617 -23.352 -3.773 2.878 
3 16 -26.573 2.654 7.047 -28.009 5.068 6.372 -27.22 2.104 2.355 
3 16 -27.22 2.104 2.355 -28.009 5.068 6.372 -28.455 4.57 2.13 
3 16 -27.22 2.104 2.355 -28.455 4.57 2.13 -27.203 2.254 -2.376 
3 16 -28.505 4.596 -2.121 -27.203 2.254 -2.376 -28.455 4.57 2.13 
3 16 -23.352 -3.773 2.878 -23.141 -3.23 2.735 -23.347 -3.795 -2.874 
3 16 -23.129 -3.192 -2.746 -23.347 -3.795 -2.874 -23.141 -3.23 2.735 
3 16 -22.507 -3.174 8.617 -22.341 -2.505 8.189 -23.352 -3.773 2.878 
3 16 -22.341 -2.505 8.189 -23.141 -3.23 2.735 -23.352 -3.773 2.878 
3 16 -25.12 -0.502 8.137 -26.876 2.017 7.679 -25.806 -1.138 2.718 
3 16 -25.806 -1.138 2.718 -26.876 2.017 7.679 -27.587 1.541 2.565 
3 16 -27.576 1.585 -2.523 -25.75 -1.132 -2.721 -27.587 1.541 2.565 
3 16 -27.587 1.541 2.565 -25.75 -1.132 -2.721 -25.806 -1.138 2.718 
3 16 -22.341 -2.505 8.189 -24.344 -0.41 7.744 -23.141 -3.23 2.735 
3 16 -24.344 -0.41 7.744 -24.977 -1.022 2.587 -23.141 -3.23 2.735 
3 16 -24.922 -1.039 -2.612 -23.129 -3.192 -2.746 -24.977 -1.022 2.587 
3 16 -23.141 -3.23 2.735 -24.977 -1.022 2.587 -23.129 -3.192 -2.746 
3 16 -24.344 -0.41 7.744 -25.12 -0.502 8.137 -24.977 -1.022 2.587 
3 16 -24.977 -1.022 2.587 -25.12 -0.502 8.137 -25.806 -1.138 2.718 
3 16 -24.977 -1.022 2.587 -25.806 -1.138 2.718 -24.922 -1.039 -2.612 
3 16 -25.806 -1.138 2.718 -25.75 -1.132 -2.721 -24.922 -1.039 -2.612 
3 16 -26.876 2.017 7.679 -26.573 2.654 7.047 -27.587 1.541 2.565 
3 16 -26.573 2.654 7.047 -27.22 2.104 2.355 -27.587 1.541 2.565 
3 16 -27.587 1.541 2.565 -27.22 2.104 2.355 -27.576 1.585 -2.523 
3 16 -27.22 2.104 2.355 -27.203 2.254 -2.376 -27.576 1.585 -2.523 
3 16 -28.009 5.068 6.372 -28.663 5.179 6.714 -28.455 4.57 2.13 
3 16 -28.455 4.57 2.13 -28.663 5.179 6.714 -29.181 4.604 2.115 
3 16 -29.174 4.599 -2.029 -28.505 4.596 -2.121 -29.181 4.604 2.115 
3 16 -29.181 4.604 2.115 -28.505 4.596 -2.121 -28.455 4.57 2.13 
3 16 -29.825 7.383 5.659 -29.41 8.009 4.518 -30.193 7.147 1.892 
3 16 -29.41 8.009 4.518 -29.724 7.811 1.512 -30.193 7.147 1.892 
3 16 -29.732 7.785 -1.494 -30.186 7.164 -1.891 -29.724 7.811 1.512 
3 16 -29.724 7.811 1.512 -30.186 7.164 -1.891 -30.193 7.147 1.892 
3 16 -29.181 4.604 2.115 -30.193 7.147 1.892 -29.174 4.599 -2.029 
3 16 -30.193 7.147 1.892 -30.186 7.164 -1.891 -29.174 4.599 -2.029 
3 16 -28.663 5.179 6.714 -29.825 7.383 5.659 -29.181 4.604 2.115 
3 16 -29.181 4.604 2.115 -29.825 7.383 5.659 -30.193 7.147 1.892 
3 16 -29.41 8.009 4.518 -29.868 9.195 1.278 -29.724 7.811 1.512 
3 16 -29.724 7.811 1.512 -29.868 9.195 1.278 -29.732 7.785 -1.494 
3 16 -29.869 9.178 -1.365 -29.732 7.785 -1.494 -29.868 9.195 1.278 
3 16 -27.27 11.289 1.742 -29.868 9.195 1.278 -27.898 9.2 5.391 
3 16 -25.866 9.439 6.587 -27.27 11.289 1.742 -27.898 9.2 5.391 
3 16 -27.898 9.2 5.391 -29.868 9.195 1.278 -29.41 8.009 4.518 
3 16 -29.868 9.195 1.278 -27.27 11.289 1.742 -29.869 9.178 -1.365 
3 16 -27.27 11.289 1.742 -27.384 11.295 -1.756 -29.869 9.178 -1.365 
3 16 -29.825 7.383 5.659 -28.663 5.179 6.714 -28.507 8.643 6.215 
3 16 -27.247 6.535 7.582 -28.507 8.643 6.215 -28.663 5.179 6.714 
3 16 -28.383 8.755 -6.315 -26.979 6.716 -7.688 -29.816 7.432 -5.689 
3 16 -28.654 5.168 -6.718 -29.816 7.432 -5.689 -26.979 6.716 -7.688 
3 16 -27.664 9.386 -5.526 -26.426 6.773 -7.263 -28.383 8.755 -6.315 
3 16 -28.383 8.755 -6.315 -26.426 6.773 -7.263 -26.979 6.716 -7.688 
3 16 -27.664 9.386 -5.526 -28.383 8.755 -6.315 -29.429 8.009 -4.499 
3 16 -28.383 8.755 -6.315 -29.816 7.432 -5.689 -29.429 8.009 -4.499 
3 16 -27.943 5.037 -6.379 -28.654 5.168 -6.718 -26.426 6.773 -7.263 
3 16 -26.426 6.773 -7.263 -28.654 5.168 -6.718 -26.979 6.716 -7.688 
3 16 -27.898 9.2 5.391 -28.507 8.643 6.215 -26.604 6.535 7.147 
3 16 -28.507 8.643 6.215 -27.247 6.535 7.582 -26.604 6.535 7.147 
3 16 -26.604 6.535 7.147 -27.247 6.535 7.582 -28.009 5.068 6.372 
3 16 -27.247 6.535 7.582 -28.663 5.179 6.714 -28.009 5.068 6.372 
3 16 -27.898 9.2 5.391 -29.41 8.009 4.518 -28.507 8.643 6.215 
3 16 -29.41 8.009 4.518 -29.825 7.383 5.659 -28.507 8.643 6.215 
3 16 -24.394 4.438 8.549 -22.823 5.733 9.183 -26.604 6.535 7.147 
3 16 -22.823 5.733 9.183 -25.866 9.439 6.587 -26.604 6.535 7.147 
3 16 -25.866 9.439 6.587 -27.898 9.2 5.391 -26.604 6.535 7.147 
3 16 -24.168 4.407 -8.678 -26.426 6.773 -7.263 -22.695 5.69 -9.208 
3 16 -27.664 9.386 -5.526 -29.429 8.009 -4.499 -27.384 11.295 -1.756 
3 16 -27.664 9.386 -5.526 -27.384 11.295 -1.756 -26.649 10.39 -5.309 
3 16 -27.664 9.386 -5.526 -26.649 10.39 -5.309 -26.426 6.773 -7.263 
3 16 -26.426 6.773 -7.263 -26.649 10.39 -5.309 -22.695 5.69 -9.208 
3 16 -26.649 10.39 -5.309 -25.129 8.812 -4.022 -22.695 5.69 -9.208 
3 16 -22.134 5.227 -7.447 -22.695 5.69 -9.208 -25.129 8.812 -4.022 
3 16 -20.261 2.697 -10.544 -22.695 5.69 -9.208 -19.941 2.885 -7.513 
3 16 -19.941 2.885 -7.513 -22.695 5.69 -9.208 -22.134 5.227 -7.447 
3 16 -19.755 -0.562 10.48 -22.281 1.748 9.717 -22.341 -2.505 8.189 
3 16 -22.341 -2.505 8.189 -22.281 1.748 9.717 -24.344 -0.41 7.744 
3 16 -22.341 -2.505 8.189 -22.507 -3.174 8.617 -19.755 -0.562 10.48 
3 16 -19.755 -0.562 10.48 -22.507 -3.174 8.617 -19.986 -1.01 10.869 
3 16 -19.755 -0.562 10.48 -19.986 -1.01 10.869 -17.296 -2.924 10.679 
3 16 -19.986 -1.01 10.869 -17.609 -3.158 11.003 -17.296 -2.924 10.679 
3 16 -22.507 -3.174 8.617 -19.854 -5.162 8.83 -19.986 -1.01 10.869 
3 16 -19.986 -1.01 10.869 -19.854 -5.162 8.83 -17.609 -3.158 11.003 
3 16 -15.786 -2.481 11.029 -18.261 0.27 11.111 -17.296 -2.924 10.679 
3 16 -18.261 0.27 11.111 -19.755 -0.562 10.48 -17.296 -2.924 10.679 
3 16 -15.786 -2.481 11.029 -15.189 -3.096 11.006 -15.659 -2.331 12.121 
3 16 -15.659 -2.331 12.121 -15.189 -3.096 11.006 -15.106 -2.985 12.188 
3 16 -19.401 2.154 10.81 -18.261 0.27 11.111 -19.242 2.007 11.625 
3 16 -18.261 0.27 11.111 -17.86 0.33 11.836 -19.242 2.007 11.625 
3 16 -18.261 0.27 11.111 -15.786 -2.481 11.029 -17.86 0.33 11.836 
3 16 -17.86 0.33 11.836 -15.786 -2.481 11.029 -15.659 -2.331 12.121 
3 16 -25.12 -0.502 8.137 -22.923 1.697 10.119 -26.876 2.017 7.679 
3 16 -24.599 3.931 9.264 -26.876 2.017 7.679 -22.923 1.697 10.119 
3 16 -25.12 -0.502 8.137 -24.344 -0.41 7.744 -22.923 1.697 10.119 
3 16 -24.344 -0.41 7.744 -22.281 1.748 9.717 -22.923 1.697 10.119 
3 16 -26.573 2.654 7.047 -26.876 2.017 7.679 -24.394 4.438 8.549 
3 16 -24.394 4.438 8.549 -26.876 2.017 7.679 -24.599 3.931 9.264 
3 16 -24.394 4.438 8.549 -24.599 3.931 9.264 -22.281 1.748 9.717 
3 16 -24.599 3.931 9.264 -22.923 1.697 10.119 -22.281 1.748 9.717 
3 16 -24.394 4.438 8.549 -26.604 6.535 7.147 -26.573 2.654 7.047 
3 16 -26.604 6.535 7.147 -28.009 5.068 6.372 -26.573 2.654 7.047 
3 16 -19.401 2.154 10.81 -22.823 5.733 9.183 -22.281 1.748 9.717 
3 16 -22.823 5.733 9.183 -24.394 4.438 8.549 -22.281 1.748 9.717 
3 16 -27.27 11.289 1.742 -25.866 9.439 6.587 -25.517 9.28 1.401 
3 16 -25.866 9.439 6.587 -24.516 8.069 5.437 -25.517 9.28 1.401 
3 16 -27.384 11.295 -1.756 -27.27 11.289 1.742 -25.509 9.28 -1.219 
3 16 -25.509 9.28 -1.219 -27.27 11.289 1.742 -25.517 9.28 1.401 
3 16 -25.866 9.439 6.587 -22.823 5.733 9.183 -24.516 8.069 5.437 
3 16 -24.516 8.069 5.437 -22.823 5.733 9.183 -22.405 5.565 7.364 
3 16 -19.401 2.154 10.81 -19.401 2.162 7.454 -22.823 5.733 9.183 
3 16 -19.401 2.162 7.454 -22.405 5.565 7.364 -22.823 5.733 9.183 
3 16 -19.941 -0.284 -7.487 -19.941 2.885 -7.513 -22.525 1.872 -7.262 
3 16 -22.525 1.872 -7.262 -19.941 2.885 -7.513 -22.134 5.227 -7.447 
3 16 -25.129 8.812 -4.022 -25.267 4.741 -3.495 -22.134 5.227 -7.447 
3 16 -25.267 4.741 -3.495 -22.525 1.872 -7.262 -22.134 5.227 -7.447 
3 16 -25.517 9.28 1.401 -24.516 8.069 5.437 -25.474 4.995 1.396 
3 16 -24.516 8.069 5.437 -24.781 4.198 4.981 -25.474 4.995 1.396 
3 16 -25.509 9.28 -1.219 -25.517 9.28 1.401 -25.469 4.989 -0.881 
3 16 -25.474 4.995 1.396 -25.469 4.989 -0.881 -25.517 9.28 1.401 
3 16 -22.541 1.86 7.262 -24.781 4.198 4.981 -22.405 5.565 7.364 
3 16 -24.781 4.198 4.981 -24.516 8.069 5.437 -22.405 5.565 7.364 
3 16 -22.405 5.565 7.364 -19.401 2.162 7.454 -22.541 1.86 7.262 
3 16 -19.708 -0.454 7.511 -22.541 1.86 7.262 -19.401 2.162 7.454 
3 16 -18.059 3.455 7.83 -17.862 0.569 7.567 -19.401 2.162 7.454 
3 16 -19.401 2.162 7.454 -17.862 0.569 7.567 -19.708 -0.454 7.511 
3 16 -17.5 4.134 9.529 -17.407 0.693 9.351 -18.059 3.455 7.83 
3 16 -18.059 3.455 7.83 -17.407 0.693 9.351 -17.862 0.569 7.567 
3 16 -19.664 -1.661 -6.91 -19.941 -0.284 -7.487 -22.694 1.216 -6.538 
3 16 -19.941 -0.284 -7.487 -22.525 1.872 -7.262 -22.694 1.216 -6.538 
3 16 -24.781 4.198 4.981 -24.806 3.741 4.174 -25.474 4.995 1.396 
3 16 -25.474 4.995 1.396 -24.806 3.741 4.174 -25.201 4.199 1.286 
3 16 -19.401 2.162 7.454 -19.401 2.154 10.81 -18.059 3.455 7.83 
3 16 -18.059 3.455 7.83 -19.401 2.154 10.81 -17.5 4.134 9.529 
3 16 -13.009 9.185 13.399 -12.976 9.347 10.086 -19.242 2.007 11.625 
3 16 -12.976 9.347 10.086 -16.797 4.954 10.052 -19.242 2.007 11.625 
3 16 -16.797 4.954 10.052 -17.5 4.134 9.529 -19.242 2.007 11.625 
3 16 -17.5 4.134 9.529 -19.401 2.154 10.81 -19.242 2.007 11.625 
3 16 -19.851 -5.173 -8.785 -22.518 -3.063 -8.639 -17.656 -2.982 -11.088 
3 16 -22.518 -3.063 -8.639 -19.908 -1.02 -10.947 -17.656 -2.982 -11.088 
3 16 -24.568 3.981 -9.26 -22.86 1.701 -10.206 -26.851 2.207 -7.587 
3 16 -25.077 -0.442 -8.18 -26.851 2.207 -7.587 -22.86 1.701 -10.206 
3 16 -19.14 -4.904 -8.557 -19.851 -5.173 -8.785 -17.239 -2.819 -10.649 
3 16 -19.851 -5.173 -8.785 -17.656 -2.982 -11.088 -17.239 -2.819 -10.649 
3 16 -22.518 -3.063 -8.639 -22.321 -2.53 -8.255 -19.908 -1.02 -10.947 
3 16 -19.908 -1.02 -10.947 -22.321 -2.53 -8.255 -19.682 -0.446 -10.461 
3 16 -19.682 -0.446 -10.461 -17.239 -2.819 -10.649 -19.908 -1.02 -10.947 
3 16 -19.908 -1.02 -10.947 -17.239 -2.819 -10.649 -17.656 -2.982 -11.088 
3 16 -26.851 2.207 -7.587 -26.49 2.738 -7.144 -24.568 3.981 -9.26 
3 16 -24.568 3.981 -9.26 -26.49 2.738 -7.144 -24.168 4.407 -8.678 
3 16 -24.168 4.407 -8.678 -22.148 1.811 -9.7 -24.568 3.981 -9.26 
3 16 -24.568 3.981 -9.26 -22.148 1.811 -9.7 -22.86 1.701 -10.206 
3 16 -24.383 -0.354 -7.853 -25.077 -0.442 -8.18 -22.148 1.811 -9.7 
3 16 -22.148 1.811 -9.7 -25.077 -0.442 -8.18 -22.86 1.701 -10.206 
3 16 -22.148 1.811 -9.7 -19.682 -0.446 -10.461 -24.383 -0.354 -7.853 
3 16 -19.682 -0.446 -10.461 -22.321 -2.53 -8.255 -24.383 -0.354 -7.853 
3 16 -16.576 -2.683 -10.778 -17.276 -1.48 -10.972 -15.291 -1.155 -12.521 
3 16 -17.276 -1.48 -10.972 -17.915 2.039 -12.419 -15.291 -1.155 -12.521 
3 16 -18.787 0.494 -10.979 -19.682 -0.446 -10.461 -19.784 1.604 -10.804 
3 16 -19.784 1.604 -10.804 -19.682 -0.446 -10.461 -22.148 1.811 -9.7 
3 16 -19.784 1.604 -10.804 -22.148 1.811 -9.7 -20.261 2.697 -10.544 
3 16 -18.787 0.494 -10.979 -17.915 2.039 -12.419 -17.276 -1.48 -10.972 
3 16 -26.426 6.773 -7.263 -24.168 4.407 -8.678 -27.943 5.037 -6.379 
3 16 -26.49 2.738 -7.144 -27.943 5.037 -6.379 -24.168 4.407 -8.678 
3 16 -22.728 1.299 6.48 -22.541 1.86 7.262 -19.664 -1.66 6.735 
3 16 -22.541 1.86 7.262 -19.708 -0.454 7.511 -19.664 -1.66 6.735 
3 16 17.049 -5.203 -9.736 15.627 -3.095 -10.6 15.426 -2.251 -11.459 
3 16 23.381 -6.426 3.643 18.686 -8.261 3.538 23.122 -6.232 -3.812 
3 16 23.122 -6.232 -3.812 18.686 -8.261 3.538 18.6 -8.049 -3.591 
3 16 18.686 -8.261 3.538 23.381 -6.426 3.643 17.465 -5.94 10.251 
3 16 23.381 -6.426 3.643 21 -4.138 10.491 17.465 -5.94 10.251 
3 16 23.122 -6.232 -3.812 18.6 -8.049 -3.591 20.469 -3.597 -10.167 
3 16 20.469 -3.597 -10.167 18.6 -8.049 -3.591 17.049 -5.203 -9.736 
3 16 15.426 -2.251 -11.459 16.11 -1.755 -11.88 17.049 -5.203 -9.736 
3 16 20.469 -3.597 -10.167 17.049 -5.203 -9.736 17.262 -1.716 -11.901 
3 16 17.049 -5.203 -9.736 16.11 -1.755 -11.88 17.262 -1.716 -11.901 
3 16 18.887 -0.826 -12.059 20.469 -3.597 -10.167 17.262 -1.716 -11.901 
3 16 27.017 -3.233 -3.591 26.646 -2.561 -3.385 27.252 -3.294 3.538 
3 16 26.646 -2.561 -3.385 26.812 -2.666 3.422 27.252 -3.294 3.538 
3 16 24.078 -1.226 9.74 24.238 -1.807 10.251 26.812 -2.666 3.422 
3 16 27.252 -3.294 3.538 26.812 -2.666 3.422 24.238 -1.807 10.251 
3 16 26.646 -2.561 -3.385 27.017 -3.233 -3.591 23.327 -0.838 -9.544 
3 16 23.629 -1.467 -9.933 23.327 -0.838 -9.544 27.017 -3.233 -3.591 
3 16 19.225 3.033 -12.396 18.835 3.382 -12.056 25.324 3.499 -10.035 
3 16 25.324 3.499 -10.035 18.835 3.382 -12.056 24.665 3.828 -9.136 
3 16 28.886 4.271 -3.394 30.043 3.689 -3.7 24.665 3.828 -9.136 
3 16 24.665 3.828 -9.136 30.043 3.689 -3.7 25.324 3.499 -10.035 
3 16 30.043 3.689 -3.7 28.886 4.271 -3.394 30.257 3.69 3.538 
3 16 29.333 4.242 3.387 30.257 3.69 3.538 28.886 4.271 -3.394 
3 16 30.257 3.69 3.538 29.333 4.242 3.387 26.997 3.476 9.931 
3 16 26.029 3.971 9.168 26.997 3.476 9.931 29.333 4.242 3.387 
3 16 24.238 -1.807 10.251 24.078 -1.226 9.74 19.741 0.47 12.99 
3 16 24.078 -1.226 9.74 19.79 1.058 12.397 19.741 0.47 12.99 
3 16 26.997 3.476 9.931 26.029 3.971 9.168 21.022 3.09 12.67 
3 16 20.739 3.592 11.915 21.022 3.09 12.67 26.029 3.971 9.168 
3 16 17.465 -5.94 10.251 21 -4.138 10.491 15.642 -2.965 12.279 
3 16 21 -4.138 10.491 17.709 -1.306 12.819 15.642 -2.965 12.279 
3 16 18.19 4.881 12.276 18.152 4.792 13.681 19.002 3.479 12.321 
3 16 19.115 2.97 12.812 19.002 3.479 12.321 18.838 3.116 13.48 
3 16 18.838 3.116 13.48 19.002 3.479 12.321 18.152 4.792 13.681 
3 16 21.022 3.09 12.67 20.739 3.592 11.915 19.115 2.97 12.812 
3 16 20.739 3.592 11.915 19.002 3.479 12.321 19.115 2.97 12.812 
3 16 18.077 1.282 13.292 19.741 0.47 12.99 18.69 1.747 12.695 
3 16 19.741 0.47 12.99 19.79 1.058 12.397 18.69 1.747 12.695 
3 16 13.544 5.504 13.852 14.257 -3.045 12.026 16.169 5.457 13.78 
3 16 18.152 4.792 13.681 16.169 5.457 13.78 15.642 -2.965 12.279 
3 16 18.838 3.116 13.48 18.152 4.792 13.681 18.077 1.282 13.292 
3 16 15.642 -2.965 12.279 18.077 1.282 13.292 18.152 4.792 13.681 
3 16 15.642 -2.965 12.279 16.169 5.457 13.78 14.257 -3.045 12.026 
3 16 15.642 -2.965 12.279 17.709 -1.306 12.819 18.077 1.282 13.292 
3 16 17.709 -1.306 12.819 19.741 0.47 12.99 18.077 1.282 13.292 
3 16 28.612 0.427 -3.634 26.646 -2.561 -3.385 24.451 1.262 -9.953 
3 16 23.327 -0.838 -9.544 24.451 1.262 -9.953 26.646 -2.561 -3.385 
3 16 26.646 -2.561 -3.385 28.612 0.427 -3.634 26.812 -2.666 3.422 
3 16 28.612 0.427 -3.634 28.878 0.343 3.55 26.812 -2.666 3.422 
3 16 26.812 -2.666 3.422 28.878 0.343 3.55 24.078 -1.226 9.74 
3 16 28.878 0.343 3.55 25.705 1.025 10.016 24.078 -1.226 9.74 
3 16 24.078 -1.226 9.74 25.705 1.025 10.016 19.79 1.058 12.397 
3 16 25.705 1.025 10.016 20.411 2.068 12.562 19.79 1.058 12.397 
3 16 19.115 2.97 12.812 18.69 1.747 12.695 20.411 2.068 12.562 
3 16 18.69 1.747 12.695 19.79 1.058 12.397 20.411 2.068 12.562 
3 16 20.411 2.068 12.562 21.022 3.09 12.67 19.115 2.97 12.812 
3 16 18.077 1.282 13.292 18.69 1.747 12.695 18.838 3.116 13.48 
3 16 18.69 1.747 12.695 19.115 2.97 12.812 18.838 3.116 13.48 
3 16 18.571 3.755 -12.189 19.96 5.51 -11.717 18.835 3.382 -12.056 
3 16 18.835 3.382 -12.056 19.96 5.51 -11.717 24.665 3.828 -9.136 
3 16 24.665 3.828 -9.136 19.96 5.51 -11.717 24.434 7.745 -9.307 
3 16 28.843 9.993 -3.809 28.886 4.271 -3.394 24.434 7.745 -9.307 
3 16 24.434 7.745 -9.307 28.886 4.271 -3.394 24.665 3.828 -9.136 
3 16 28.886 4.271 -3.394 28.843 9.993 -3.809 29.333 4.242 3.387 
3 16 28.843 9.993 -3.809 29.282 10.12 3.538 29.333 4.242 3.387 
3 16 29.333 4.242 3.387 29.282 10.12 3.538 26.029 3.971 9.168 
3 16 29.282 10.12 3.538 25.492 8.414 9.611 26.029 3.971 9.168 
3 16 26.029 3.971 9.168 25.492 8.414 9.611 20.739 3.592 11.915 
3 16 25.492 8.414 9.611 20.172 5.769 11.909 20.739 3.592 11.915 
3 16 20.739 3.592 11.915 20.172 5.769 11.909 19.002 3.479 12.321 
3 16 19.002 3.479 12.321 20.172 5.769 11.909 18.19 4.881 12.276 
3 16 29.282 10.12 3.538 28.843 9.993 -3.809 26.51 9.045 2.475 
3 16 28.843 9.993 -3.809 26.303 8.941 -3.166 26.51 9.045 2.475 
3 16 28.843 9.993 -3.809 24.434 7.745 -9.307 26.303 8.941 -3.166 
3 16 24.434 7.745 -9.307 23.472 7.544 -7.569 26.303 8.941 -3.166 
3 16 20.172 5.769 11.909 25.492 8.414 9.611 19.936 5.786 9.7 
3 16 25.492 8.414 9.611 24.044 7.816 7.041 19.936 5.786 9.7 
3 16 25.492 8.414 9.611 29.282 10.12 3.538 24.044 7.816 7.041 
3 16 29.282 10.12 3.538 26.51 9.045 2.475 24.044 7.816 7.041 
3 16 19.96 5.51 -11.717 19.741 5.848 -9.724 24.434 7.745 -9.307 
3 16 19.741 5.848 -9.724 23.472 7.544 -7.569 24.434 7.745 -9.307 
3 16 14.532 -1.027 -12.69 8.95 -1.001 -13.085 13.94 -0.328 -12.82 
3 16 13.94 -0.328 -12.82 8.95 -1.001 -13.085 9.406 -0.334 -13.1 
3 16 14.058 -0.154 -13.354 13.94 -0.328 -12.82 9.485 -0.12 -13.37 
3 16 9.485 -0.12 -13.37 13.94 -0.328 -12.82 9.406 -0.334 -13.1 
3 16 9.495 2.674 -13.866 10.604 1.628 -13.765 9.485 -0.12 -13.37 
3 16 14.058 -0.154 -13.354 9.485 -0.12 -13.37 11.875 2.362 -13.802 
3 16 9.485 -0.12 -13.37 10.604 1.628 -13.765 11.875 2.362 -13.802 
3 16 16.11 -1.755 -11.88 14.532 -1.027 -12.69 16.576 -1.117 -13.791 
3 16 16.576 -1.117 -13.791 14.532 -1.027 -12.69 15.09 -0.232 -14.153 
3 16 19.96 5.51 -11.717 18.571 3.755 -12.189 19.741 5.494 -12.987 
3 16 18.571 3.755 -12.189 18.322 3.836 -13.033 19.741 5.494 -12.987 
3 16 23.327 -0.838 -9.544 23.629 -1.467 -9.933 19.698 0.921 -11.921 
3 16 23.629 -1.467 -9.933 19.68 0.556 -12.17 19.698 0.921 -11.921 
3 16 6.006 14.343 -12.315 7.78 14.086 -13.899 5.212 12.936 -13.491 
3 16 11.991 14.159 -13.136 13.149 13.452 -10.174 14.243 12.351 -13.163 
3 16 14.243 12.351 -13.163 13.149 13.452 -10.174 14.198 12.37 -10.17 
3 16 14.214 7.539 -15.37 12.747 5.026 -15.342 13.868 7.265 -15.624 
3 16 12.638 5.135 -15.624 13.868 7.265 -15.624 12.747 5.026 -15.342 
3 16 7.78 14.086 -13.899 7.589 19.947 -13.822 10.034 14.266 -13.924 
3 16 10.034 14.266 -13.924 7.589 19.947 -13.822 10.06 19.947 -13.92 
3 16 11.991 19.947 -13.136 11.991 14.159 -13.136 10.06 19.947 -13.92 
3 16 11.991 14.159 -13.136 10.034 14.266 -13.924 10.06 19.947 -13.92 
3 16 13.062 19.947 -10.189 13.149 13.452 -10.174 11.991 19.947 -13.136 
3 16 13.149 13.452 -10.174 11.991 14.159 -13.136 11.991 19.947 -13.136 
3 16 5.961 19.947 -12.32 5.51 15.209 -11.427 5.68 19.947 -10.203 
3 16 5.51 15.209 -11.427 5.385 15.361 -10.197 5.68 19.947 -10.203 
3 16 6.006 14.343 -12.315 5.51 15.209 -11.427 5.961 19.947 -12.32 
3 16 7.78 14.086 -13.899 6.006 14.343 -12.315 7.589 19.947 -13.822 
3 16 6.006 14.343 -12.315 5.961 19.947 -12.32 7.589 19.947 -13.822 
3 16 -8.211 -3.045 -11.043 -7.798 -3.113 -9.612 -15.059 -3.071 -10.593 
3 16 -7.798 -3.113 -9.612 -15.091 -3.129 -9.023 -15.059 -3.071 -10.593 
3 16 20.469 -3.597 -10.167 18.887 -0.826 -12.059 23.629 -1.467 -9.933 
3 16 19.68 0.556 -12.17 23.629 -1.467 -9.933 18.887 -0.826 -12.059 
3 16 5.527 3.718 -13.853 6.384 3.703 -13.852 9.485 -0.12 -13.37 
3 16 6.384 3.703 -13.852 7.78 2.917 -13.908 9.485 -0.12 -13.37 
3 16 7.78 2.917 -13.908 9.495 2.674 -13.866 9.485 -0.12 -13.37 
3 16 14.226 0.751 -8.521 15.387 1.004 -8.595 13.148 7.654 -10.17 
3 16 15.387 1.004 -8.595 16.266 5.049 -10.065 13.148 7.654 -10.17 
3 16 13.261 -0.053 -6.255 14.744 -0.06 -6.77 14.226 0.751 -8.521 
3 16 14.226 0.751 -8.521 14.744 -0.06 -6.77 15.387 1.004 -8.595 
3 16 16.266 5.049 -10.065 15.387 1.004 -8.595 19.377 3.135 -9.278 
3 16 15.387 1.004 -8.595 18.12 0.331 -8.081 19.377 3.135 -9.278 
3 16 13.149 13.452 -10.174 13.148 7.654 -10.17 14.198 12.37 -10.17 
3 16 14.198 12.37 -10.17 13.148 7.654 -10.17 15.352 10.165 -10.21 
3 16 15.352 10.165 -10.21 13.148 7.654 -10.17 19.741 5.848 -9.724 
3 16 13.148 7.654 -10.17 16.266 5.049 -10.065 19.741 5.848 -9.724 
3 16 19.741 5.848 -9.724 16.266 5.049 -10.065 19.377 3.135 -9.278 
3 16 7.513 15.729 22.632 7.903 10.221 24.131 8.208 13.049 26.358 
3 16 7.424 9.07 24.267 7.446 9.199 26.358 7.903 10.221 24.131 
3 16 8.208 13.049 26.358 7.903 10.221 24.131 7.446 9.199 26.358 
3 16 -5.121 6.583 13.46 -4.86 6.15 15.013 -2.299 4.853 13.548 
3 16 -2.299 4.853 13.548 -4.86 6.15 15.013 -2.339 4.789 15.249 
3 16 7.888 10.226 19.284 7.903 10.221 24.131 7.743 14.87 20.107 
3 16 7.903 10.221 24.131 7.513 15.729 22.632 7.743 14.87 20.107 
3 16 4.788 19.009 22.632 5.621 18.348 20.161 7.513 15.729 22.632 
3 16 7.743 14.87 20.107 7.513 15.729 22.632 5.621 18.348 20.161 
3 16 5.621 18.348 20.161 4.788 19.009 22.632 2.441 20.21 20.222 
3 16 4.788 19.009 22.632 2.052 20.374 22.639 2.441 20.21 20.222 
3 16 -7.046 8.901 22.632 -7.683 10.364 19.977 -7.973 11.899 26.358 
3 16 -7.741 14.45 19.142 -8.151 12.515 26.358 -7.683 10.364 19.977 
3 16 -7.446 15.83 26.358 -8.151 12.515 26.358 -7.758 14.415 24.236 
3 16 -7.262 8.767 10.086 -7.919 13.211 10.064 -7.64 10.341 15.174 
3 16 -7.919 13.211 10.064 -7.741 14.45 19.142 -7.64 10.341 15.174 
3 16 -7.64 10.341 15.174 -7.741 14.45 19.142 -7.683 10.364 19.977 
3 16 -8.151 12.515 26.358 -7.973 11.899 26.358 -7.683 10.364 19.977 
3 16 -7.741 14.45 19.142 -7.758 14.415 24.236 -8.151 12.515 26.358 
3 16 7.202 8.584 10.086 7.202 8.583 13.195 8.2 12.855 10.086 
3 16 7.743 14.87 20.107 7.883 14.849 14.924 7.888 10.226 19.284 
3 16 7.434 16.038 10.086 8.2 12.855 10.086 7.883 14.849 14.924 
3 16 7.883 14.849 14.924 8.2 12.855 10.086 7.888 10.226 19.284 
3 16 8.2 12.855 10.086 7.202 8.583 13.195 7.888 10.226 19.284 
3 16 7.888 10.226 19.284 7.202 8.583 13.195 5.132 6.17 19.099 
3 16 7.202 8.583 13.195 4.994 6.198 13.438 5.132 6.17 19.099 
3 16 4.994 6.198 13.438 7.202 8.583 13.195 -5.121 6.583 13.46 
3 16 7.202 8.583 13.195 -6.895 8.541 13.245 -5.121 6.583 13.46 
3 16 -5.121 6.583 13.46 -2.299 4.853 13.548 4.994 6.198 13.438 
3 16 -2.299 4.853 13.548 2.115 4.697 13.551 4.994 6.198 13.438 
3 16 30.043 3.689 -3.7 28.612 0.427 -3.634 25.324 3.499 -10.035 
3 16 24.451 1.262 -9.953 25.324 3.499 -10.035 28.612 0.427 -3.634 
3 16 28.612 0.427 -3.634 30.043 3.689 -3.7 28.878 0.343 3.55 
3 16 30.043 3.689 -3.7 30.257 3.69 3.538 28.878 0.343 3.55 
3 16 28.878 0.343 3.55 30.257 3.69 3.538 25.705 1.025 10.016 
3 16 30.257 3.69 3.538 26.997 3.476 9.931 25.705 1.025 10.016 
3 16 25.705 1.025 10.016 26.997 3.476 9.931 20.411 2.068 12.562 
3 16 26.997 3.476 9.931 21.022 3.09 12.67 20.411 2.068 12.562 
3 16 19.698 0.921 -11.921 19.601 2.108 -12.293 23.327 -0.838 -9.544 
3 16 24.451 1.262 -9.953 23.327 -0.838 -9.544 19.601 2.108 -12.293 
3 16 19.601 2.108 -12.293 19.225 3.033 -12.396 24.451 1.262 -9.953 
3 16 25.324 3.499 -10.035 24.451 1.262 -9.953 19.225 3.033 -12.396 
3 16 7.914 -3.106 -9.615 8.122 -3.054 -11.092 15.629 -3.099 -9.591 
3 16 15.627 -3.095 -10.6 15.629 -3.099 -9.591 8.122 -3.054 -11.092 
3 16 17.049 -5.203 -9.736 15.629 -3.099 -9.591 15.627 -3.095 -10.6 
3 16 15.642 -2.965 12.279 14.257 -3.045 12.026 15.629 -3.099 -9.591 
3 16 15.629 -3.099 -9.591 5.586 -2.975 -3.225 7.914 -3.106 -9.615 
3 16 11.591 -3.102 12.812 6.45 -2.975 0.011 15.629 -3.099 -9.591 
3 16 5.586 -2.975 3.225 11.591 -3.102 12.812 3.225 -2.975 5.586 
3 16 3.225 -2.975 5.586 11.591 -3.102 12.812 0 -2.975 6.45 
3 16 -11.319 -3.066 12.601 -3.225 -2.975 5.586 0 -2.975 6.45 
3 16 -11.319 -3.066 12.601 0 -2.975 6.45 11.591 -3.102 12.812 
3 16 -3.225 -2.975 5.586 -11.319 -3.066 12.601 -5.586 -2.975 3.225 
3 16 -5.586 -2.975 -3.225 -15.099 -3.123 -3.097 -7.798 -3.113 -9.612 
3 16 -15.106 -2.985 12.188 -15.189 -3.096 11.006 -14.311 -2.985 12.377 
3 16 -15.103 -3.125 2.874 -5.586 -2.975 3.225 -11.319 -3.066 12.601 
3 16 -11.319 -3.066 12.601 -14.311 -2.985 12.377 -15.189 -3.096 11.006 
3 16 -11.319 -3.066 12.601 -15.189 -3.096 11.006 -15.103 -3.125 2.874 
3 16 -5.586 -2.975 3.225 -15.103 -3.125 2.874 -6.45 -2.975 0.01 
3 16 -15.103 -3.125 2.874 -15.099 -3.123 -3.097 -6.45 -2.975 0.01 
3 16 -6.45 -2.975 0.01 -15.099 -3.123 -3.097 -5.586 -2.975 -3.225 
3 16 -15.091 -3.129 -9.023 -7.798 -3.113 -9.612 -15.099 -3.123 -3.097 
3 16 -5.586 -2.975 -3.225 -7.798 -3.113 -9.612 -3.225 -2.975 -5.586 
3 16 -3.225 -2.975 -5.586 -7.798 -3.113 -9.612 0 -2.975 -6.45 
3 16 0 -2.975 -6.45 -7.798 -3.113 -9.612 7.914 -3.106 -9.615 
3 16 0 -2.975 -6.45 7.914 -3.106 -9.615 3.225 -2.975 -5.586 
3 16 3.225 -2.975 -5.586 7.914 -3.106 -9.615 5.586 -2.975 -3.225 
3 16 6.45 -2.975 0.011 5.586 -2.975 -3.225 15.629 -3.099 -9.591 
3 16 15.629 -3.099 -9.591 14.257 -3.045 12.026 11.591 -3.102 12.812 
3 16 11.591 -3.102 12.812 5.586 -2.975 3.225 6.45 -2.975 0.011 
3 16 6.542 3.802 -14.305 -2.909 3.802 -14.29 5.447 4.401 -14.476 
3 16 3.6 7.055 -14.356 5.447 4.401 -14.476 -2.91 7.055 -14.339 
3 16 5.447 4.401 -14.476 -2.909 3.802 -14.29 -2.91 7.055 -14.339 
3 16 -1.783 -0.156 13.384 1.584 -0.179 13.384 -1.981 -0.014 14.94 
3 16 -1.981 -0.014 14.94 1.584 -0.179 13.384 1.83 -0.005 19.082 
3 16 -1.981 -0.014 14.94 1.83 -0.005 19.082 -1.944 -0.013 20.094 
3 16 -1.944 -0.013 20.094 1.83 -0.005 19.082 -2.099 -0.014 22.629 
3 16 1.83 -0.005 19.082 1.924 0.058 24.176 -2.099 -0.014 22.629 
3 16 1.924 0.058 24.176 0.856 -0.015 26.358 -2.099 -0.014 22.629 
3 16 -17.659 -5.657 -8.452 -16.011 -3.794 -10.303 -15.091 -3.129 -9.023 
3 16 -16.011 -3.794 -10.303 -15.059 -3.071 -10.593 -15.091 -3.129 -9.023 
3 16 -23.347 -3.795 -2.874 -20.809 -5.881 -2.923 -23.352 -3.773 2.878 
3 16 -20.809 -5.881 -2.923 -20.851 -5.894 2.949 -23.352 -3.773 2.878 
3 16 -20.096 -5.547 2.852 -20.851 -5.894 2.949 -19.931 -5.544 -2.847 
3 16 -20.809 -5.881 -2.923 -19.931 -5.544 -2.847 -20.851 -5.894 2.949 
3 16 -18.295 -6.355 2.835 -20.096 -5.547 2.852 -18.312 -6.382 -2.812 
3 16 -18.312 -6.382 -2.812 -20.096 -5.547 2.852 -19.931 -5.544 -2.847 
3 16 -25.509 9.28 -1.219 -25.469 4.989 -0.881 -25.129 8.812 -4.022 
3 16 -25.129 8.812 -4.022 -25.469 4.989 -0.881 -25.267 4.741 -3.495 
3 16 -26.649 10.39 -5.309 -27.384 11.295 -1.756 -25.129 8.812 -4.022 
3 16 -27.384 11.295 -1.756 -25.509 9.28 -1.219 -25.129 8.812 -4.022 
3 16 -27.384 11.295 -1.756 -29.429 8.009 -4.499 -29.869 9.178 -1.365 
3 16 -29.869 9.178 -1.365 -29.429 8.009 -4.499 -29.732 7.785 -1.494 
3 16 -29.429 8.009 -4.499 -29.816 7.432 -5.689 -29.732 7.785 -1.494 
3 16 -29.816 7.432 -5.689 -30.186 7.164 -1.891 -29.732 7.785 -1.494 
3 16 -29.816 7.432 -5.689 -28.654 5.168 -6.718 -30.186 7.164 -1.891 
3 16 -28.654 5.168 -6.718 -29.174 4.599 -2.029 -30.186 7.164 -1.891 
3 16 -28.654 5.168 -6.718 -27.943 5.037 -6.379 -29.174 4.599 -2.029 
3 16 -28.505 4.596 -2.121 -29.174 4.599 -2.029 -27.943 5.037 -6.379 
3 16 -27.943 5.037 -6.379 -26.49 2.738 -7.144 -28.505 4.596 -2.121 
3 16 -26.49 2.738 -7.144 -27.203 2.254 -2.376 -28.505 4.596 -2.121 
3 16 -26.49 2.738 -7.144 -26.851 2.207 -7.587 -27.203 2.254 -2.376 
3 16 -26.851 2.207 -7.587 -27.576 1.585 -2.523 -27.203 2.254 -2.376 
3 16 -26.851 2.207 -7.587 -25.077 -0.442 -8.18 -27.576 1.585 -2.523 
3 16 -25.077 -0.442 -8.18 -25.75 -1.132 -2.721 -27.576 1.585 -2.523 
3 16 -25.077 -0.442 -8.18 -24.383 -0.354 -7.853 -25.75 -1.132 -2.721 
3 16 -24.383 -0.354 -7.853 -24.922 -1.039 -2.612 -25.75 -1.132 -2.721 
3 16 -24.383 -0.354 -7.853 -22.321 -2.53 -8.255 -24.922 -1.039 -2.612 
3 16 -22.321 -2.53 -8.255 -23.129 -3.192 -2.746 -24.922 -1.039 -2.612 
3 16 -22.321 -2.53 -8.255 -22.518 -3.063 -8.639 -23.129 -3.192 -2.746 
3 16 -22.518 -3.063 -8.639 -23.347 -3.795 -2.874 -23.129 -3.192 -2.746 
3 16 -22.518 -3.063 -8.639 -19.851 -5.173 -8.785 -23.347 -3.795 -2.874 
3 16 -19.851 -5.173 -8.785 -20.809 -5.881 -2.923 -23.347 -3.795 -2.874 
3 16 -19.931 -5.544 -2.847 -20.809 -5.881 -2.923 -19.14 -4.904 -8.557 
3 16 -19.851 -5.173 -8.785 -19.14 -4.904 -8.557 -20.809 -5.881 -2.923 
3 16 -18.312 -6.382 -2.812 -19.931 -5.544 -2.847 -17.659 -5.657 -8.452 
3 16 -17.659 -5.657 -8.452 -19.931 -5.544 -2.847 -19.14 -4.904 -8.557 
3 16 -15.244 -0.094 7.823 -17.755 -0.15 6.764 -16.709 0.434 9.792 
3 16 -17.755 -0.15 6.764 -17.862 0.569 7.567 -16.709 0.434 9.792 
3 16 -17.407 0.693 9.351 -16.709 0.434 9.792 -17.862 0.569 7.567 
3 16 -22.541 1.86 7.262 -22.728 1.299 6.48 -24.781 4.198 4.981 
3 16 -22.728 1.299 6.48 -24.806 3.741 4.174 -24.781 4.198 4.981 
3 16 -25.172 4.163 -2.389 -22.694 1.216 -6.538 -25.267 4.741 -3.495 
3 16 -22.694 1.216 -6.538 -22.525 1.872 -7.262 -25.267 4.741 -3.495 
3 16 -17.755 -0.15 6.764 -19.664 -1.66 6.735 -17.862 0.569 7.567 
3 16 -17.862 0.569 7.567 -19.664 -1.66 6.735 -19.708 -0.454 7.511 
3 16 -15.059 -3.071 -10.593 -16.011 -3.794 -10.303 -16.576 -2.683 -10.778 
3 16 -16.011 -3.794 -10.303 -17.239 -2.819 -10.649 -16.576 -2.683 -10.778 
3 16 -17.239 -2.819 -10.649 -17.276 -1.48 -10.972 -16.576 -2.683 -10.778 
3 16 -15.099 -3.123 -3.097 -18.312 -6.382 -2.812 -15.091 -3.129 -9.023 
3 16 -17.659 -5.657 -8.452 -15.091 -3.129 -9.023 -18.312 -6.382 -2.812 
3 16 -18.312 -6.382 -2.812 -15.099 -3.123 -3.097 -18.295 -6.355 2.835 
3 16 -15.099 -3.123 -3.097 -15.103 -3.125 2.874 -18.295 -6.355 2.835 
3 16 -17.296 -2.924 10.679 -15.859 -3.786 10.322 -15.786 -2.481 11.029 
3 16 -15.859 -3.786 10.322 -15.189 -3.096 11.006 -15.786 -2.481 11.029 
3 16 -17.239 -2.819 -10.649 -16.011 -3.794 -10.303 -19.14 -4.904 -8.557 
3 16 -16.011 -3.794 -10.303 -17.659 -5.657 -8.452 -19.14 -4.904 -8.557 
3 16 -9 -1.01 -13.041 -8.211 -3.045 -11.043 -15.291 -1.155 -12.521 
3 16 -16.576 -2.683 -10.778 -15.291 -1.155 -12.521 -15.059 -3.071 -10.593 
3 16 -15.291 -1.155 -12.521 -8.211 -3.045 -11.043 -15.059 -3.071 -10.593 
3 16 5.68 19.947 -10.203 13.062 19.947 -10.189 7.589 19.947 -13.822 
3 16 10.06 19.947 -13.92 7.589 19.947 -13.822 13.062 19.947 -10.189 
3 16 13.062 19.947 -10.189 11.991 19.947 -13.136 10.06 19.947 -13.92 
3 16 5.961 19.947 -12.32 5.68 19.947 -10.203 7.589 19.947 -13.822 
3 16 0.007 12.964 -11.522 -0.022 13.074 -10.178 2.21 14.972 -11.522 
3 16 2.21 14.997 -10.187 2.21 14.972 -11.522 -0.022 13.074 -10.178 
3 16 0.122 10.111 -13.492 0.007 12.964 -11.522 3.06 12.965 -13.493 
3 16 0.007 12.964 -11.522 2.21 14.972 -11.522 3.06 12.965 -13.493 
3 16 -25.186 4.174 -1.179 -25.469 4.989 -0.881 -25.201 4.199 1.286 
3 16 -25.201 4.199 1.286 -25.469 4.989 -0.881 -25.474 4.995 1.396 
3 16 27.017 -3.233 -3.591 23.122 -6.232 -3.812 23.629 -1.467 -9.933 
3 16 20.469 -3.597 -10.167 23.629 -1.467 -9.933 23.122 -6.232 -3.812 
3 16 23.122 -6.232 -3.812 27.017 -3.233 -3.591 23.381 -6.426 3.643 
3 16 27.017 -3.233 -3.591 27.252 -3.294 3.538 23.381 -6.426 3.643 
3 16 23.381 -6.426 3.643 27.252 -3.294 3.538 21 -4.138 10.491 
3 16 27.252 -3.294 3.538 24.238 -1.807 10.251 21 -4.138 10.491 
3 16 21 -4.138 10.491 24.238 -1.807 10.251 17.709 -1.306 12.819 
3 16 24.238 -1.807 10.251 19.741 0.47 12.99 17.709 -1.306 12.819 
3 16 8.122 -3.054 -11.092 8.95 -1.001 -13.085 15.627 -3.095 -10.6 
3 16 15.627 -3.095 -10.6 8.95 -1.001 -13.085 15.426 -2.251 -11.459 
3 16 8.95 -1.001 -13.085 14.532 -1.027 -12.69 15.426 -2.251 -11.459 
3 16 5.212 12.936 -13.491 3.551 10.278 -13.503 3.06 12.965 -13.493 
3 16 3.06 12.965 -13.493 3.551 10.278 -13.503 0.122 10.111 -13.492 
3 16 3.551 10.278 -13.503 3.262 7.335 -13.641 0.122 10.111 -13.492 
3 16 3.262 7.335 -13.641 -3 7.339 -13.622 0.122 10.111 -13.492 
3 16 0.122 10.111 -13.492 -3 7.339 -13.622 -2.959 12.897 -13.469 
3 16 -15.291 -1.155 -12.521 -17.915 2.039 -12.419 -9 -1.01 -13.041 
3 16 -2.959 12.897 -13.469 -3 7.339 -13.622 -10.927 12.897 -13.123 
3 16 -9 -1.01 -13.041 -17.915 2.039 -12.419 -3.968 3.669 -13.324 
3 16 -3.065 3.67 -13.329 -3.968 3.669 -13.324 -3 7.339 -13.622 
3 16 -17.915 2.039 -12.419 -10.927 12.897 -13.123 -3 7.339 -13.622 
3 16 -17.915 2.039 -12.419 -3 7.339 -13.622 -3.968 3.669 -13.324 
3 16 -22.695 5.69 -9.208 -20.261 2.697 -10.544 -24.168 4.407 -8.678 
3 16 -20.261 2.697 -10.544 -22.148 1.811 -9.7 -24.168 4.407 -8.678 
3 16 -17.239 -2.819 -10.649 -19.682 -0.446 -10.461 -17.276 -1.48 -10.972 
3 16 -17.276 -1.48 -10.972 -19.682 -0.446 -10.461 -18.787 0.494 -10.979 
3 16 -14.311 -2.985 12.377 -14.476 -2.628 13.576 -14.566 -2.034 12.498 
3 16 -14.476 -2.628 13.576 -13.658 4.456 14.47 -14.566 -2.034 12.498 
3 16 -13.658 4.456 14.47 -13.664 4.384 13.149 -14.566 -2.034 12.498 
3 16 -7.262 8.767 10.086 -6.895 8.541 13.245 7.202 8.584 10.086 
3 16 7.202 8.583 13.195 7.202 8.584 10.086 -6.895 8.541 13.245 
3 16 -15.244 -0.094 7.823 -16.709 0.434 9.792 12.697 -0.101 7.838 
3 16 14.801 -0.103 7.048 12.697 -0.101 7.838 15.001 0.825 8.501 
3 16 15.001 0.825 8.501 12.697 -0.101 7.838 13.59 0.33 9.774 
3 16 13.59 0.33 9.774 12.697 -0.101 7.838 -16.709 0.434 9.792 
3 16 6.298 0.781 -10.149 5.385 15.361 -10.197 3.25 1.707 -10.183 
3 16 5.385 15.361 -10.197 2.21 14.997 -10.187 3.25 1.707 -10.183 
3 16 2.21 14.997 -10.187 -0.022 13.074 -10.178 3.25 1.707 -10.183 
3 16 3.25 1.707 -10.183 -0.022 13.074 -10.178 -3.194 1.707 -10.181 
3 16 -16.792 0.824 -10.113 -6.361 0.864 -10.159 -16.789 7.553 -10.134 
3 16 -16.789 7.553 -10.134 -6.361 0.864 -10.159 -11.991 14.976 -10.173 
3 16 -11.991 14.976 -10.173 -6.361 0.864 -10.159 -2.146 14.935 -10.173 
3 16 -6.361 0.864 -10.159 -3.194 1.707 -10.181 -2.146 14.935 -10.173 
3 16 -3.194 1.707 -10.181 -0.022 13.074 -10.178 -2.146 14.935 -10.173 
3 16 5.385 15.361 -10.197 6.298 0.781 -10.149 13.149 13.452 -10.174 
3 16 13.149 13.452 -10.174 6.298 0.781 -10.149 13.148 7.654 -10.17 
3 16 6.298 0.781 -10.149 13.253 0.763 -10.114 13.148 7.654 -10.17 
3 16 13.149 13.452 -10.174 13.062 19.947 -10.189 5.385 15.361 -10.197 
3 16 5.68 19.947 -10.203 5.385 15.361 -10.197 13.062 19.947 -10.189 
3 16 -2.152 14.92 -11.494 -12 14.871 -11.092 -2.146 14.935 -10.173 
3 16 -2.146 14.935 -10.173 -12 14.871 -11.092 -11.991 14.976 -10.173 
3 16 -17.755 -0.15 -6.748 -15.844 -0.088 -9.065 -18.227 0.965 -7.622 
3 16 -15.844 -0.088 -9.065 -16.792 0.824 -10.113 -18.227 0.965 -7.622 
3 16 -12 14.871 -11.092 -2.152 14.92 -11.494 -10.927 12.897 -13.123 
3 16 -2.152 14.92 -11.494 -2.959 12.897 -13.469 -10.927 12.897 -13.123 
3 16 -19.664 -1.661 -6.91 -17.755 -0.15 -6.748 -19.941 -0.284 -7.487 
3 16 -17.755 -0.15 -6.748 -18.227 0.965 -7.622 -19.941 -0.284 -7.487 
3 16 -11.561 17.672 10.086 -12.632 13.329 10.086 -11.092 17.994 18.984 
3 16 -12.632 13.329 10.086 -12.681 11.662 15.856 -11.092 17.994 18.984 
3 16 -12.681 11.662 15.856 -12.612 12.515 26.358 -11.092 17.994 18.984 
3 16 -11.092 17.994 18.984 -12.612 12.515 26.358 -11.066 17.959 24.025 
3 16 -12.612 12.515 26.358 -11.521 17.644 26.358 -11.066 17.959 24.025 
3 16 16.236 5.533 10.13 18.076 4.976 10.073 18.363 2.946 9.447 
3 16 20.907 -2.604 -1.91 20.252 -1.521 -5.353 19.385 -2.447 -1.869 
3 16 20.252 -1.521 -5.353 18.825 -1.512 -4.893 19.385 -2.447 -1.869 
3 16 18.12 0.331 -8.081 17.378 -0.368 -6.712 20.252 -1.521 -5.353 
3 16 17.378 -0.368 -6.712 18.825 -1.512 -4.893 20.252 -1.521 -5.353 
3 16 -15.659 -2.331 12.121 -15.106 -2.985 12.188 -14.566 -2.034 12.498 
3 16 -14.566 -2.034 12.498 -15.106 -2.985 12.188 -14.311 -2.985 12.377 
3 16 -13.009 9.185 13.399 -19.242 2.007 11.625 -13.664 4.384 13.149 
3 16 -19.242 2.007 11.625 -17.86 0.33 11.836 -13.664 4.384 13.149 
3 16 -22.281 1.748 9.717 -19.755 -0.562 10.48 -19.401 2.154 10.81 
3 16 -19.755 -0.562 10.48 -18.261 0.27 11.111 -19.401 2.154 10.81 
3 16 -12.472 9.779 15.356 -10.68 4.415 14.421 -11.539 7.465 15.354 
3 16 -11.539 7.465 15.354 -10.68 4.415 14.421 -6.128 1.62 14.776 
3 16 -6.128 1.62 14.776 -10.68 4.415 14.421 -6.326 1.4 13.384 
3 16 -10.68 4.415 14.421 -10.376 4.069 13.384 -6.326 1.4 13.384 
3 16 -16.797 4.954 10.052 -16.709 0.434 9.792 -17.5 4.134 9.529 
3 16 -17.407 0.693 9.351 -17.5 4.134 9.529 -16.709 0.434 9.792 
3 16 -17.86 0.33 11.836 -15.659 -2.331 12.121 -13.664 4.384 13.149 
3 16 -15.659 -2.331 12.121 -14.566 -2.034 12.498 -13.664 4.384 13.149 
3 16 11.591 -3.102 12.812 11.771 -2.798 17.197 10.434 4.153 13.595 
3 16 11.771 -2.798 17.197 10.483 4.028 18.474 10.434 4.153 13.595 
3 16 4.765 5.957 26.358 7.446 9.199 26.358 5.156 6.233 24.28 
3 16 5.156 6.233 24.28 7.446 9.199 26.358 7.424 9.07 24.267 
3 16 5.156 6.233 24.28 2.248 4.709 24.071 4.765 5.957 26.358 
3 16 4.765 5.957 26.358 2.248 4.709 24.071 0.419 4.522 26.357 
3 16 0.419 4.522 26.357 2.248 4.709 24.071 -2.162 4.648 22.861 
3 16 -2.162 4.648 22.861 2.248 4.709 24.071 -2.298 4.8 19.89 
3 16 2.242 4.703 19.287 2.115 4.697 13.551 -2.339 4.789 15.249 
3 16 2.115 4.697 13.551 -2.299 4.853 13.548 -2.339 4.789 15.249 
3 16 -2.339 4.789 15.249 -2.298 4.8 19.89 2.242 4.703 19.287 
3 16 -2.298 4.8 19.89 2.248 4.709 24.071 2.242 4.703 19.287 
3 16 -7.919 13.211 10.064 -6.08 17.671 10.086 -7.741 14.45 19.142 
3 16 -7.741 14.45 19.142 -6.08 17.671 10.086 -6.065 17.755 19.125 
3 16 5.622 18.352 14.983 2.441 20.216 15.142 5.562 18.245 10.086 
3 16 5.562 18.245 10.086 2.441 20.216 15.142 0.118 20.574 10.086 
3 16 2.441 20.216 15.142 2.441 20.21 20.222 -1.78 20.397 19.164 
3 16 -1.78 20.397 19.164 0.118 20.574 10.086 2.441 20.216 15.142 
3 16 -0.487 20.621 26.358 -5.454 18.572 26.358 -1.78 20.392 24.037 
3 16 -5.454 18.572 26.358 -6.047 17.741 24.278 -1.78 20.392 24.037 
3 16 -7.758 14.415 24.236 -6.047 17.741 24.278 -7.446 15.83 26.358 
3 16 -7.446 15.83 26.358 -6.047 17.741 24.278 -5.454 18.572 26.358 
3 16 -7.683 10.364 19.977 -7.046 8.901 22.632 -5.244 6.585 20.158 
3 16 -7.046 8.901 22.632 -4.896 6.239 22.635 -5.244 6.585 20.158 
3 16 -2.162 4.648 22.861 -2.298 4.8 19.89 -4.896 6.239 22.635 
3 16 -4.896 6.239 22.635 -2.298 4.8 19.89 -5.244 6.585 20.158 
3 16 -7.262 8.767 10.086 -7.64 10.341 15.174 -6.895 8.541 13.245 
3 16 -7.64 10.341 15.174 -4.86 6.15 15.013 -6.895 8.541 13.245 
3 16 -6.895 8.541 13.245 -4.86 6.15 15.013 -5.121 6.583 13.46 
3 16 2.242 4.703 19.287 5.132 6.17 19.099 2.115 4.697 13.551 
3 16 5.132 6.17 19.099 4.994 6.198 13.438 2.115 4.697 13.551 
3 16 7.883 14.849 14.924 5.622 18.352 14.983 7.434 16.038 10.086 
3 16 7.434 16.038 10.086 5.622 18.352 14.983 5.562 18.245 10.086 
3 16 -11.561 17.672 10.086 -8.484 21.935 10.087 -6.08 17.671 10.086 
3 16 -8.484 21.935 10.087 -1.952 25.064 10.129 -6.08 17.671 10.086 
3 16 -1.952 25.064 10.129 0.118 20.574 10.086 -6.08 17.671 10.086 
3 16 11.583 17.671 10.086 5.562 18.245 10.086 7.414 22.718 10.087 
3 16 2.129 25.028 10.125 0.118 20.574 10.086 -1.952 25.064 10.129 
3 16 5.562 18.245 10.086 0.118 20.574 10.086 7.414 22.718 10.087 
3 16 2.129 25.028 10.125 7.414 22.718 10.087 0.118 20.574 10.086 
3 16 7.434 16.038 10.086 12.402 15.15 10.086 8.2 12.855 10.086 
3 16 12.714 11.864 10.086 8.2 12.855 10.086 12.402 15.15 10.086 
3 16 13.261 -0.053 -6.255 14.226 0.751 -8.521 12.993 -0.084 -9.459 
3 16 13.253 0.763 -10.114 12.993 -0.084 -9.459 14.226 0.751 -8.521 
3 16 20.252 -1.521 -5.353 23.462 3.353 -6.985 18.12 0.331 -8.081 
3 16 18.12 0.331 -8.081 23.462 3.353 -6.985 19.377 3.135 -9.278 
3 16 20.527 -2.033 4.165 19.558 -0.666 6.823 24.065 2.766 6.042 
3 16 19.558 -0.666 6.823 20.637 2.791 8.702 24.065 2.766 6.042 
3 16 20.962 -2.626 1.625 20.527 -2.033 4.165 26.085 3.213 1.904 
3 16 20.527 -2.033 4.165 24.065 2.766 6.042 26.085 3.213 1.904 
3 16 25.931 3.413 -2.928 20.907 -2.604 -1.91 26.085 3.213 1.904 
3 16 26.085 3.213 1.904 20.907 -2.604 -1.91 20.962 -2.626 1.625 
3 16 19.558 -0.666 6.823 20.527 -2.033 4.165 18.455 -0.929 6.209 
3 16 18.455 -0.929 6.209 20.527 -2.033 4.165 19.21 -1.99 3.876 
3 16 18.825 -1.512 -4.893 17.378 -0.368 -6.712 18.455 -0.929 6.209 
3 16 17.378 -0.368 -6.712 17.615 -0.466 6.787 18.455 -0.929 6.209 
3 16 19.385 -2.447 -1.869 18.825 -1.512 -4.893 19.406 -2.523 1.391 
3 16 19.406 -2.523 1.391 18.825 -1.512 -4.893 18.455 -0.929 6.209 
3 16 18.455 -0.929 6.209 19.21 -1.99 3.876 19.406 -2.523 1.391 
3 16 12.697 -0.101 7.838 14.801 -0.103 7.048 13.261 -0.053 -6.255 
3 16 14.801 -0.103 7.048 14.744 -0.06 -6.77 13.261 -0.053 -6.255 
3 16 12.993 -0.084 -9.459 6.222 -0.084 -9.459 13.261 -0.053 -6.255 
3 16 12.697 -0.101 7.838 13.261 -0.053 -6.255 6.161 -0.117 0.011 
3 16 3.08 -0.117 5.335 12.697 -0.101 7.838 5.335 -0.117 3.08 
3 16 5.335 -0.117 3.08 12.697 -0.101 7.838 6.161 -0.117 0.011 
3 16 5.335 -0.117 -3.08 6.161 -0.117 0.011 13.261 -0.053 -6.255 
3 16 5.335 -0.117 -3.08 13.261 -0.053 -6.255 6.222 -0.084 -9.459 
3 16 5.335 -0.117 -3.08 6.222 -0.084 -9.459 3.08 -0.117 -5.335 
3 16 6.222 -0.084 -9.459 5.091 -0.11 -9.914 3.08 -0.117 -5.335 
3 16 5.091 -0.11 -9.914 -5.111 -0.116 -9.914 3.08 -0.117 -5.335 
3 16 3.08 -0.117 -5.335 -5.111 -0.116 -9.914 0 -0.117 -6.161 
3 16 0 -0.117 -6.161 -5.111 -0.116 -9.914 -3.08 -0.117 -5.335 
3 16 -5.111 -0.116 -9.914 -6.36 -0.151 -9.132 -3.08 -0.117 -5.335 
3 16 -3.08 -0.117 -5.335 -6.36 -0.151 -9.132 -5.335 -0.117 -3.08 
3 16 -6.36 -0.151 -9.132 -15.844 -0.088 -9.065 -5.335 -0.117 -3.08 
3 16 -15.844 -0.088 -9.065 -17.755 -0.15 -6.748 -5.335 -0.117 -3.08 
3 16 -5.335 -0.117 -3.08 -17.755 -0.15 -6.748 -6.161 -0.117 0.01 
3 16 -6.161 -0.117 0.01 -17.755 -0.15 -6.748 -15.244 -0.094 7.823 
3 16 -17.755 -0.15 -6.748 -17.755 -0.15 6.764 -15.244 -0.094 7.823 
3 16 -6.161 -0.117 0.01 -15.244 -0.094 7.823 -5.335 -0.117 3.08 
3 16 -5.335 -0.117 3.08 -15.244 -0.094 7.823 -3.08 -0.117 5.335 
3 16 3.08 -0.117 5.335 0 -0.117 6.161 12.697 -0.101 7.838 
3 16 12.697 -0.101 7.838 0 -0.117 6.161 -15.244 -0.094 7.823 
3 16 -15.244 -0.094 7.823 0 -0.117 6.161 -3.08 -0.117 5.335 
3 16 20.637 2.791 8.702 18.363 2.946 9.447 19.936 5.786 9.7 
3 16 18.363 2.946 9.447 18.076 4.976 10.073 19.936 5.786 9.7 
3 16 24.044 7.816 7.041 24.065 2.766 6.042 19.936 5.786 9.7 
3 16 19.936 5.786 9.7 24.065 2.766 6.042 20.637 2.791 8.702 
3 16 24.044 7.816 7.041 26.51 9.045 2.475 24.065 2.766 6.042 
3 16 24.065 2.766 6.042 26.51 9.045 2.475 26.085 3.213 1.904 
3 16 26.51 9.045 2.475 26.303 8.941 -3.166 26.085 3.213 1.904 
3 16 26.303 8.941 -3.166 25.931 3.413 -2.928 26.085 3.213 1.904 
3 16 26.303 8.941 -3.166 23.472 7.544 -7.569 25.931 3.413 -2.928 
3 16 25.931 3.413 -2.928 23.472 7.544 -7.569 23.462 3.353 -6.985 
3 16 23.462 3.353 -6.985 23.472 7.544 -7.569 19.377 3.135 -9.278 
3 16 23.472 7.544 -7.569 19.741 5.848 -9.724 19.377 3.135 -9.278 
3 16 -25.267 4.741 -3.495 -25.469 4.989 -0.881 -25.172 4.163 -2.389 
3 16 -25.469 4.989 -0.881 -25.186 4.174 -1.179 -25.172 4.163 -2.389 
3 16 5.562 18.245 10.086 11.583 17.671 10.086 7.434 16.038 10.086 
3 16 11.583 17.671 10.086 12.402 15.15 10.086 7.434 16.038 10.086 
3 16 3.6 7.055 -14.356 -2.91 7.055 -14.339 3.262 7.335 -13.641 
3 16 3.262 7.335 -13.641 -2.91 7.055 -14.339 -3 7.339 -13.622 
3 16 -6.065 17.755 19.125 -6.08 17.671 10.086 -1.78 20.397 19.164 
3 16 -6.08 17.671 10.086 0.118 20.574 10.086 -1.78 20.397 19.164 
3 16 -1.78 20.397 19.164 2.441 20.21 20.222 2.052 20.374 22.639 
3 16 -1.78 20.397 19.164 2.052 20.374 22.639 -1.78 20.392 24.037 
3 16 -1.78 20.392 24.037 2.052 20.374 22.639 -0.487 20.621 26.358 
3 16 -12.425 2.682 -12.776 -13.269 1.852 -13.331 -15.311 3.861 -12.684 
3 16 -13.269 1.852 -13.331 -15.568 2.966 -13.531 -15.311 3.861 -12.684 
3 16 -12.425 2.682 -12.776 -13.5 1.037 -12.77 -13.269 1.852 -13.331 
3 16 -13.5 1.037 -12.77 -14.188 1.049 -13.482 -13.269 1.852 -13.331 
3 16 -15.71 -0.645 -12.521 -16.58 -0.974 -11.805 -15.978 -0.361 -13.044 
3 16 -18.162 0.788 -11.642 -17.65 1.721 -12.439 -17.302 1.432 -13.106 
3 16 -18.162 0.788 -11.642 -17.302 1.432 -13.106 -16.58 -0.974 -11.805 
3 16 -17.302 1.432 -13.106 -15.978 -0.361 -13.044 -16.58 -0.974 -11.805 
3 16 -13.269 1.852 -13.331 -14.188 1.049 -13.482 -15.568 2.966 -13.531 
3 16 -13.5 1.037 -12.77 -15.71 -0.645 -12.521 -14.188 1.049 -13.482 
3 16 -14.188 1.049 -13.482 -15.71 -0.645 -12.521 -15.978 -0.361 -13.044 
3 16 -15.568 2.966 -13.531 -14.188 1.049 -13.482 -17.302 1.432 -13.106 
3 16 -17.302 1.432 -13.106 -14.188 1.049 -13.482 -15.978 -0.361 -13.044 
3 16 -15.311 3.861 -12.684 -15.568 2.966 -13.531 -17.65 1.721 -12.439 
3 16 -15.568 2.966 -13.531 -17.302 1.432 -13.106 -17.65 1.721 -12.439 
3 16 -0.285 4.745 -14.474 -1.722 4.278 -14.474 -0.683 5.034 -14.956 
3 16 -0.683 5.034 -14.956 -1.722 4.278 -14.474 -1.57 4.745 -14.956 
3 16 -1.722 4.278 -14.474 -2.61 5.5 -14.474 -1.57 4.745 -14.956 
3 16 -1.57 4.745 -14.956 -2.61 5.5 -14.474 -2.119 5.5 -14.956 
3 16 -2.61 5.5 -14.474 -1.722 6.723 -14.474 -2.119 5.5 -14.956 
3 16 -2.119 5.5 -14.956 -1.722 6.723 -14.474 -1.57 6.256 -14.956 
3 16 -1.722 6.723 -14.474 -0.285 6.256 -14.474 -1.57 6.256 -14.956 
3 16 -1.57 6.256 -14.956 -0.285 6.256 -14.474 -0.683 5.967 -14.956 
3 16 -0.285 6.256 -14.474 -0.285 4.745 -14.474 -0.683 5.967 -14.956 
3 16 -0.683 5.967 -14.956 -0.285 4.745 -14.474 -0.683 5.034 -14.956 
3 16 -1.325 5.5 -15.214 -0.683 5.034 -14.956 -1.57 4.745 -14.956 
3 16 -1.325 5.5 -15.214 -1.57 4.745 -14.956 -2.119 5.5 -14.956 
3 16 -1.325 5.5 -15.214 -2.119 5.5 -14.956 -1.57 6.256 -14.956 
3 16 -1.325 5.5 -15.214 -1.57 6.256 -14.956 -0.683 5.967 -14.956 
3 16 -1.325 5.5 -15.214 -0.683 5.967 -14.956 -0.683 5.034 -14.956 
2 24 -6.326 1.4 13.384 -1.783 -0.156 13.384 
2 24 -1.981 -0.014 14.94 -6.128 1.62 14.776 
2 24 -12.632 13.329 10.086 -12.976 9.347 10.086 
2 24 -12.976 9.347 10.086 -13.009 9.185 13.399 
2 24 -12.9 9.767 15.06 -12.681 11.662 15.856 
2 24 -11.521 17.644 26.358 -8.439 21.887 26.358 
2 24 -8.278 21.808 24.474 -11.066 17.959 24.025 
2 24 -8.439 21.887 26.358 -0.754 25.057 26.358 
2 24 -1.921 24.866 24.217 -8.278 21.808 24.474 
2 24 2.129 25.028 10.125 -1.952 25.064 10.129 
2 24 1.962 25.017 20.177 2.125 25.03 14.947 
2 24 -0.754 25.057 26.358 2.039 24.971 22.608 
2 24 -1.951 24.881 19.176 -1.921 24.866 24.217 
2 24 2.125 25.03 14.947 7.392 22.697 14.571 
2 24 7.414 22.718 10.087 2.129 25.028 10.125 
2 24 11.583 17.671 10.086 7.414 22.718 10.087 
2 24 7.392 22.697 14.571 11.358 18.066 14.698 
2 24 11.577 17.644 22.877 12.336 15.137 26.358 
2 24 11.358 18.066 14.698 11.357 18.079 20.353 
2 24 12.402 15.15 10.086 11.583 17.671 10.086 
2 24 12.714 11.864 10.086 12.402 15.15 10.086 
2 24 12.336 15.137 26.358 11.521 7.385 26.358 
2 24 11.38 7.272 24.11 11.47 7.069 19.375 
2 24 11.47 7.069 19.375 12.68 11.422 19.804 
2 24 7.78 2.917 -13.908 6.384 3.703 -13.852 
2 24 5.918 5.135 -15.624 8.048 3.905 -15.624 
2 24 6.542 3.802 -14.305 5.447 4.401 -14.476 
2 24 5.447 4.401 -14.476 3.6 7.055 -14.356 
2 24 4.689 7.265 -15.624 5.918 5.135 -15.624 
2 24 3.262 7.335 -13.641 3.551 10.278 -13.503 
2 24 3.6 7.055 -14.356 3.262 7.335 -13.641 
2 24 4.689 9.724 -15.624 4.689 7.265 -15.624 
2 24 3.551 10.278 -13.503 5.212 12.936 -13.491 
2 24 5.918 11.854 -15.624 4.689 9.724 -15.624 
2 24 8.048 13.084 -15.624 5.918 11.854 -15.624 
2 24 10.508 13.084 -15.624 8.048 13.084 -15.624 
2 24 7.78 14.086 -13.899 10.034 14.266 -13.924 
2 24 12.638 11.854 -15.624 10.508 13.084 -15.624 
2 24 10.034 14.266 -13.924 11.991 14.159 -13.136 
2 24 13.868 9.724 -15.624 12.638 11.854 -15.624 
2 24 15.352 10.165 -13.075 15.573 8.342 -13.218 
2 24 13.868 7.265 -15.624 13.868 9.724 -15.624 
2 24 15.573 8.342 -13.218 14.214 7.539 -15.37 
2 24 13.94 -0.328 -12.82 14.058 -0.154 -13.354 
2 24 14.532 -1.027 -12.69 13.94 -0.328 -12.82 
2 24 11.875 2.362 -13.802 12.351 2.685 -14.327 
2 24 14.058 -0.154 -13.354 11.875 2.362 -13.802 
2 24 12.351 2.685 -14.327 14.07 4.616 -14.681 
2 24 14.07 4.616 -14.681 15.395 6.001 -14.04 
2 24 18.571 3.755 -12.189 18.835 3.382 -12.056 
2 24 18.322 3.836 -13.033 18.571 3.755 -12.189 
2 24 15.395 6.001 -14.04 15.833 6.394 -13.135 
2 24 15.833 6.394 -13.135 18.322 3.836 -13.033 
2 24 18.835 3.382 -12.056 19.225 3.033 -12.396 
2 24 19.225 3.033 -12.396 19.601 2.108 -12.293 
2 24 17.262 -1.716 -11.901 16.11 -1.755 -11.88 
2 24 19.601 2.108 -12.293 19.698 0.921 -11.921 
2 24 19.698 0.921 -11.921 19.68 0.556 -12.17 
2 24 18.887 -0.826 -12.059 17.262 -1.716 -11.901 
2 24 19.68 0.556 -12.17 18.887 -0.826 -12.059 
2 24 0 -0.117 6.161 3.08 -0.117 5.335 
2 24 3.225 -2.975 5.586 0 -2.975 6.45 
2 24 3.08 -0.117 5.335 5.335 -0.117 3.08 
2 24 5.586 -2.975 3.225 3.225 -2.975 5.586 
2 24 5.335 -0.117 3.08 6.161 -0.117 0.011 
2 24 6.45 -2.975 0.011 5.586 -2.975 3.225 
2 24 6.161 -0.117 0.011 5.335 -0.117 -3.08 
2 24 5.586 -2.975 -3.225 6.45 -2.975 0.011 
2 24 3.225 -2.975 -5.586 5.586 -2.975 -3.225 
2 24 5.335 -0.117 -3.08 3.08 -0.117 -5.335 
2 24 3.08 -0.117 -5.335 0 -0.117 -6.161 
2 24 0 -2.975 -6.45 3.225 -2.975 -5.586 
2 24 0 -0.117 -6.161 -3.08 -0.117 -5.335 
2 24 -3.225 -2.975 -5.586 0 -2.975 -6.45 
2 24 -5.586 -2.975 -3.225 -3.225 -2.975 -5.586 
2 24 -3.08 -0.117 -5.335 -5.335 -0.117 -3.08 
2 24 -6.45 -2.975 0.01 -5.586 -2.975 -3.225 
2 24 -5.335 -0.117 -3.08 -6.161 -0.117 0.01 
2 24 -6.161 -0.117 0.01 -5.335 -0.117 3.08 
2 24 -5.586 -2.975 3.225 -6.45 -2.975 0.01 
2 24 -5.335 -0.117 3.08 -3.08 -0.117 5.335 
2 24 -3.225 -2.975 5.586 -5.586 -2.975 3.225 
2 24 -3.08 -0.117 5.335 0 -0.117 6.161 
2 24 0 -2.975 6.45 -3.225 -2.975 5.586 
2 24 -7.382 2.354 20.45 -1.944 -0.013 20.094 
2 24 -2.099 -0.014 22.629 -7.372 2.367 22.479 
2 24 -11.512 7.491 20.118 -7.382 2.354 20.45 
2 24 -7.372 2.367 22.479 -11.124 6.854 22.89 
2 24 -7.64 10.341 15.174 -7.683 10.364 19.977 
2 24 -11.539 7.465 15.354 -7.64 10.341 15.174 
2 24 -11.512 7.491 20.118 -11.539 7.465 15.354 
2 24 -7.683 10.364 19.977 -11.512 7.491 20.118 
2 24 -1.981 -0.014 14.94 -1.944 -0.013 20.094 
2 24 -2.339 4.789 15.249 -1.981 -0.014 14.94 
2 24 -1.944 -0.013 20.094 -2.298 4.8 19.89 
2 24 -2.298 4.8 19.89 -2.339 4.789 15.249 
2 24 -2.339 4.789 15.249 -4.86 6.15 15.013 
2 24 -11.539 7.465 15.354 -6.128 1.62 14.776 
2 24 -4.86 6.15 15.013 -7.64 10.341 15.174 
2 24 -7.683 10.364 19.977 -5.244 6.585 20.158 
2 24 -5.244 6.585 20.158 -2.298 4.8 19.89 
2 24 1.584 -0.179 13.384 6.472 1.446 13.384 
2 24 6.251 1.66 18.927 1.83 -0.005 19.082 
2 24 11.521 7.385 26.358 7.372 2.367 26.358 
2 24 7.319 2.472 24.476 11.38 7.272 24.11 
2 24 7.372 2.367 26.358 0.856 -0.015 26.358 
2 24 1.924 0.058 24.176 7.319 2.472 24.476 
2 24 6.251 1.66 18.927 10.215 4.771 19.062 
2 24 7.888 10.226 19.284 5.132 6.17 19.099 
2 24 10.215 4.771 19.062 11.47 7.069 19.375 
2 24 11.47 7.069 19.375 7.888 10.226 19.284 
2 24 2.242 4.703 19.287 1.83 -0.005 19.082 
2 24 5.132 6.17 19.099 2.242 4.703 19.287 
2 24 1.924 0.058 24.176 1.83 -0.005 19.082 
2 24 2.248 4.709 24.071 1.924 0.058 24.176 
2 24 2.242 4.703 19.287 2.248 4.709 24.071 
2 24 7.903 10.221 24.131 7.888 10.226 19.284 
2 24 11.38 7.272 24.11 7.903 10.221 24.131 
2 24 5.156 6.233 24.28 7.424 9.07 24.267 
2 24 7.424 9.07 24.267 7.903 10.221 24.131 
2 24 2.248 4.709 24.071 5.156 6.233 24.28 
2 24 -1.952 25.064 10.129 -8.484 21.935 10.087 
2 24 -8.279 21.804 18.955 -1.951 24.881 19.176 
2 24 -8.484 21.935 10.087 -11.561 17.672 10.086 
2 24 -11.092 17.994 18.984 -8.279 21.804 18.955 
2 24 11.771 -2.798 17.197 14.458 -2.753 17.348 
2 24 14.458 -2.753 17.348 12.68 11.422 19.804 
2 24 10.483 4.028 18.474 11.771 -2.798 17.197 
2 24 14.257 -3.045 12.026 14.458 -2.753 17.348 
2 24 11.771 -2.798 17.197 11.591 -3.102 12.812 
2 24 10.483 4.028 18.474 10.215 4.771 19.062 
2 24 10.434 4.153 13.595 10.483 4.028 18.474 
2 24 6.472 1.446 13.384 10.434 4.153 13.595 
2 24 7.372 22.662 22.608 11.577 17.644 22.877 
2 24 11.357 18.079 20.353 7.389 22.676 20.547 
2 24 7.389 22.676 20.547 1.962 25.017 20.177 
2 24 2.039 24.971 22.608 7.372 22.662 22.608 
2 24 13.868 7.265 -15.624 12.638 5.135 -15.624 
2 24 12.638 5.135 -15.624 10.508 3.905 -15.624 
2 24 10.508 3.905 -15.624 8.048 3.905 -15.624 
2 24 7.743 14.87 20.107 5.621 18.348 20.161 
2 24 11.357 18.079 20.353 7.743 14.87 20.107 
2 24 11.358 18.066 14.698 7.883 14.849 14.924 
2 24 7.883 14.849 14.924 7.743 14.87 20.107 
2 24 2.441 20.216 15.142 2.125 25.03 14.947 
2 24 1.962 25.017 20.177 2.441 20.21 20.222 
2 24 2.441 20.21 20.222 2.441 20.216 15.142 
2 24 5.621 18.348 20.161 2.441 20.21 20.222 
2 24 2.441 20.216 15.142 5.622 18.352 14.983 
2 24 5.622 18.352 14.983 7.883 14.849 14.924 
2 24 7.446 9.199 26.358 4.765 5.957 26.358 
2 24 0.419 4.522 26.357 0.856 -0.015 26.358 
2 24 4.765 5.957 26.358 0.419 4.522 26.357 
2 24 -2.099 -0.014 22.629 0.856 -0.015 26.358 
2 24 0.419 4.522 26.357 -2.162 4.648 22.861 
2 24 -2.162 4.648 22.861 -2.099 -0.014 22.629 
2 24 -7.973 11.899 26.358 -12.336 9.893 26.358 
2 24 -7.046 8.901 22.632 -7.973 11.899 26.358 
2 24 -12.336 9.893 26.358 -11.124 6.854 22.89 
2 24 -11.124 6.854 22.89 -7.046 8.901 22.632 
2 24 -7.973 11.899 26.358 -8.151 12.515 26.358 
2 24 -12.612 12.515 26.358 -12.336 9.893 26.358 
2 24 -11.521 17.644 26.358 -12.612 12.515 26.358 
2 24 -8.151 12.515 26.358 -7.446 15.83 26.358 
2 24 -7.446 15.83 26.358 -5.454 18.572 26.358 
2 24 -0.487 20.621 26.358 -0.754 25.057 26.358 
2 24 -5.454 18.572 26.358 -0.487 20.621 26.358 
2 24 -0.487 20.621 26.358 2.052 20.374 22.639 
2 24 2.052 20.374 22.639 2.039 24.971 22.608 
2 24 8.208 13.049 26.358 12.336 15.137 26.358 
2 24 7.513 15.729 22.632 8.208 13.049 26.358 
2 24 11.577 17.644 22.877 7.513 15.729 22.632 
2 24 8.208 13.049 26.358 7.446 9.199 26.358 
2 24 -2.162 4.648 22.861 -4.896 6.239 22.635 
2 24 -4.896 6.239 22.635 -7.046 8.901 22.632 
2 24 2.052 20.374 22.639 4.788 19.009 22.632 
2 24 4.788 19.009 22.632 7.513 15.729 22.632 
2 24 -7.741 14.45 19.142 -6.065 17.755 19.125 
2 24 -11.092 17.994 18.984 -7.741 14.45 19.142 
2 24 -1.78 20.397 19.164 -1.951 24.881 19.176 
2 24 -6.065 17.755 19.125 -1.78 20.397 19.164 
2 24 -1.78 20.392 24.037 -1.921 24.866 24.217 
2 24 -1.78 20.397 19.164 -1.78 20.392 24.037 
2 24 -1.78 20.392 24.037 -6.047 17.741 24.278 
2 24 -6.047 17.741 24.278 -7.758 14.415 24.236 
2 24 -7.758 14.415 24.236 -11.066 17.959 24.025 
2 24 -7.758 14.415 24.236 -7.741 14.45 19.142 
2 24 -11.092 17.994 18.984 -11.066 17.959 24.025 
2 24 -10.376 4.069 13.384 -11.319 -3.066 12.601 
2 24 -6.326 1.4 13.384 -10.376 4.069 13.384 
2 24 11.591 -3.102 12.812 10.434 4.153 13.595 
2 24 1.584 -0.179 13.384 -1.783 -0.156 13.384 
2 24 -11.319 -3.066 12.601 11.591 -3.102 12.812 
2 24 14.257 -3.045 12.026 13.544 5.504 13.852 
2 24 13.544 5.504 13.852 13.572 5.503 10.119 
2 24 13.572 5.503 10.119 12.714 11.864 10.086 
2 24 -7.919 13.211 10.064 -7.262 8.767 10.086 
2 24 -6.08 17.671 10.086 -7.919 13.211 10.064 
2 24 -12.632 13.329 10.086 -11.561 17.672 10.086 
2 24 7.202 8.584 10.086 8.2 12.855 10.086 
2 24 13.59 0.33 9.774 -16.709 0.434 9.792 
2 24 -7.262 8.767 10.086 7.202 8.584 10.086 
2 24 -16.709 0.434 9.792 -16.797 4.954 10.052 
2 24 -16.797 4.954 10.052 -12.976 9.347 10.086 
2 24 -11.753 -2.528 13.473 -11.319 -3.066 12.601 
2 24 -10.376 4.069 13.384 -10.68 4.415 14.421 
2 24 -10.68 4.415 14.421 -11.753 -2.528 13.473 
2 24 -13.658 4.456 14.47 -14.476 -2.628 13.576 
2 24 -14.476 -2.628 13.576 -11.753 -2.528 13.473 
2 24 -13.658 4.456 14.47 -12.9 9.767 15.06 
2 24 -13.009 9.185 13.399 -13.664 4.384 13.149 
2 24 -12.681 11.662 15.856 -12.472 9.779 15.356 
2 24 -10.68 4.415 14.421 -12.472 9.779 15.356 
2 24 -6.361 0.864 -10.159 -16.792 0.824 -10.113 
2 24 -15.844 -0.088 -9.065 -6.36 -0.151 -9.132 
2 24 13.253 0.763 -10.114 6.298 0.781 -10.149 
2 24 6.222 -0.084 -9.459 12.993 -0.084 -9.459 
2 24 5.091 -0.11 -9.914 7.914 -3.106 -9.615 
2 24 -5.111 -0.116 -9.914 5.091 -0.11 -9.914 
2 24 7.914 -3.106 -9.615 -7.798 -3.113 -9.612 
2 24 -7.798 -3.113 -9.612 -5.111 -0.116 -9.914 
2 24 -17.755 -0.15 -6.748 -19.664 -1.661 -6.91 
2 24 -17.755 -0.15 6.764 -17.755 -0.15 -6.748 
2 24 14.801 -0.103 7.048 17.615 -0.466 6.787 
2 24 17.378 -0.368 -6.712 14.744 -0.06 -6.77 
2 24 13.253 0.763 -10.114 14.226 0.751 -8.521 
2 24 20.527 -2.033 4.165 20.962 -2.626 1.625 
2 24 19.406 -2.523 1.391 19.21 -1.99 3.876 
2 24 20.962 -2.626 1.625 20.907 -2.604 -1.91 
2 24 19.385 -2.447 -1.869 19.406 -2.523 1.391 
2 24 18.12 0.331 -8.081 15.387 1.004 -8.595 
2 24 19.558 -0.666 6.823 18.452 0.135 7.889 
2 24 20.252 -1.521 -5.353 20.907 -2.604 -1.91 
2 24 16.236 5.533 10.13 13.572 5.503 10.119 
2 24 13.544 5.504 13.852 16.169 5.457 13.78 
2 24 17.465 -5.94 10.251 15.642 -2.965 12.279 
2 24 18.686 -8.261 3.538 17.465 -5.94 10.251 
2 24 18.6 -8.049 -3.591 18.686 -8.261 3.538 
2 24 15.642 -2.965 12.279 15.629 -3.099 -9.591 
2 24 17.049 -5.203 -9.736 18.6 -8.049 -3.591 
2 24 18.19 4.881 12.276 20.172 5.769 11.909 
2 24 18.076 4.976 10.073 18.19 4.881 12.276 
2 24 19.936 5.786 9.7 18.076 4.976 10.073 
2 24 18.076 4.976 10.073 16.236 5.533 10.13 
2 24 16.169 5.457 13.78 18.152 4.792 13.681 
2 24 15.001 0.825 8.501 13.59 0.33 9.774 
2 24 18.452 0.135 7.889 15.001 0.825 8.501 
2 24 18.455 -0.929 6.209 17.615 -0.466 6.787 
2 24 19.741 5.494 -12.987 15.352 10.165 -13.075 
2 24 19.96 5.51 -11.717 19.741 5.494 -12.987 
2 24 19.741 5.848 -9.724 19.96 5.51 -11.717 
2 24 15.352 10.165 -10.21 19.741 5.848 -9.724 
2 24 14.198 12.37 -10.17 15.352 10.165 -10.21 
2 24 16.43 7.453 -13.17 15.573 8.342 -13.218 
2 24 19.741 5.494 -12.987 18.322 3.836 -13.033 
2 24 15.833 6.394 -13.135 16.43 7.453 -13.17 
2 24 15.262 6.407 -15.32 14.214 7.539 -15.37 
2 24 16.43 7.453 -13.17 15.262 6.407 -15.32 
2 24 10.604 1.628 -13.765 11.27 2.33 -15.316 
2 24 11.875 2.362 -13.802 10.604 1.628 -13.765 
2 24 11.27 2.33 -15.316 13.266 4.368 -15.318 
2 24 13.266 4.368 -15.318 15.262 6.407 -15.32 
2 24 10.135 3.516 -15.371 12.747 5.026 -15.342 
2 24 11.27 2.33 -15.316 10.135 3.516 -15.371 
2 24 9.495 2.674 -13.866 10.135 3.516 -15.371 
2 24 10.604 1.628 -13.765 9.495 2.674 -13.866 
2 24 12.747 5.026 -15.342 14.214 7.539 -15.37 
2 24 9.495 2.674 -13.866 7.78 2.917 -13.908 
2 24 5.51 15.209 -11.427 2.21 14.972 -11.522 
2 24 5.385 15.361 -10.197 5.51 15.209 -11.427 
2 24 2.21 14.997 -10.187 5.385 15.361 -10.197 
2 24 2.21 14.972 -11.522 2.21 14.997 -10.187 
2 24 3.06 12.965 -13.493 2.21 14.972 -11.522 
2 24 5.51 15.209 -11.427 6.006 14.343 -12.315 
2 24 5.212 12.936 -13.491 3.06 12.965 -13.493 
2 24 -3.065 3.67 -13.329 -3 7.339 -13.622 
2 24 -2.909 3.802 -14.29 -3.065 3.67 -13.329 
2 24 -2.91 7.055 -14.339 -2.909 3.802 -14.29 
2 24 5.091 -0.11 -9.914 6.222 -0.084 -9.459 
2 24 6.298 0.781 -10.149 3.25 1.707 -10.183 
2 24 3.25 1.707 -10.183 5.091 -0.11 -9.914 
2 24 -3.194 1.707 -10.181 -6.361 0.864 -10.159 
2 24 -5.111 -0.116 -9.914 -3.194 1.707 -10.181 
2 24 -6.36 -0.151 -9.132 -5.111 -0.116 -9.914 
2 24 -3.194 1.707 -10.181 -3.224 1.74 -11.252 
2 24 3.25 1.707 -10.183 -3.194 1.707 -10.181 
2 24 -3.224 1.74 -11.252 3.25 1.74 -11.252 
2 24 3.25 1.74 -11.252 3.25 1.707 -10.183 
2 24 3.25 1.74 -11.252 8.122 -3.054 -11.092 
2 24 8.122 -3.054 -11.092 7.914 -3.106 -9.615 
2 24 -7.798 -3.113 -9.612 -8.211 -3.045 -11.043 
2 24 -8.211 -3.045 -11.043 -3.224 1.74 -11.252 
2 24 4.069 3.669 -13.325 3.25 1.74 -11.252 
2 24 -3.065 3.67 -13.329 4.069 3.669 -13.325 
2 24 -3.968 3.669 -13.324 -3.065 3.67 -13.329 
2 24 -3.224 1.74 -11.252 -3.968 3.669 -13.324 
2 24 8.95 -1.001 -13.085 8.122 -3.054 -11.092 
2 24 4.069 3.669 -13.325 8.95 -1.001 -13.085 
2 24 -9 -1.01 -13.041 -3.968 3.669 -13.324 
2 24 -8.211 -3.045 -11.043 -9 -1.01 -13.041 
2 24 0.007 12.964 -11.522 -2.152 14.92 -11.494 
2 24 -0.022 13.074 -10.178 0.007 12.964 -11.522 
2 24 -2.152 14.92 -11.494 -2.146 14.935 -10.173 
2 24 -2.146 14.935 -10.173 -0.022 13.074 -10.178 
2 24 0.122 10.111 -13.492 -2.959 12.897 -13.469 
2 24 0.007 12.964 -11.522 0.122 10.111 -13.492 
2 24 -2.959 12.897 -13.469 -2.152 14.92 -11.494 
2 24 5.475 3.495 -13.368 4.069 3.669 -13.325 
2 24 5.527 3.718 -13.853 5.475 3.495 -13.368 
2 24 -2.909 3.802 -14.29 6.542 3.802 -14.305 
2 24 6.384 3.703 -13.852 5.527 3.718 -13.853 
2 24 14.532 -1.027 -12.69 16.11 -1.755 -11.88 
2 24 5.527 3.718 -13.853 9.485 -0.12 -13.37 
2 24 9.485 -0.12 -13.37 9.406 -0.334 -13.1 
2 24 9.406 -0.334 -13.1 5.475 3.495 -13.368 
2 24 -10.927 12.897 -13.123 -17.915 2.039 -12.419 
2 24 -12 14.871 -11.092 -10.927 12.897 -13.123 
2 24 -17.915 2.039 -12.419 -19.784 1.604 -10.804 
2 24 -20.261 2.697 -10.544 -12 14.871 -11.092 
2 24 -11.991 14.976 -10.173 -12 14.871 -11.092 
2 24 -16.789 7.553 -10.134 -11.991 14.976 -10.173 
2 24 -18.337 5.098 -7.618 -16.789 7.553 -10.134 
2 24 -19.941 2.885 -7.513 -18.337 5.098 -7.618 
2 24 -20.261 2.697 -10.544 -19.941 2.885 -7.513 
2 24 -16.792 0.824 -10.113 -16.789 7.553 -10.134 
2 24 -18.227 0.965 -7.622 -16.792 0.824 -10.113 
2 24 -19.941 -0.284 -7.487 -18.227 0.965 -7.622 
2 24 -18.787 0.494 -10.979 -19.784 1.604 -10.804 
2 24 -14.311 -2.985 12.377 -11.319 -3.066 12.601 
2 24 -14.476 -2.628 13.576 -14.311 -2.985 12.377 
2 24 -15.189 -3.096 11.006 -15.859 -3.786 10.322 
2 24 -15.103 -3.125 2.874 -15.189 -3.096 11.006 
2 24 -15.859 -3.786 10.322 -17.656 -5.639 8.487 
2 24 -17.656 -5.639 8.487 -18.295 -6.355 2.835 
2 24 -19.23 -4.872 8.54 -20.096 -5.547 2.852 
2 24 -17.656 -5.639 8.487 -19.23 -4.872 8.54 
2 24 -17.296 -2.924 10.679 -19.23 -4.872 8.54 
2 24 -17.609 -3.158 11.003 -19.854 -5.162 8.83 
2 24 -17.296 -2.924 10.679 -17.609 -3.158 11.003 
2 24 -19.854 -5.162 8.83 -20.851 -5.894 2.949 
2 24 -19.854 -5.162 8.83 -22.507 -3.174 8.617 
2 24 -22.507 -3.174 8.617 -23.352 -3.773 2.878 
2 24 -26.573 2.654 7.047 -28.009 5.068 6.372 
2 24 -27.22 2.104 2.355 -26.573 2.654 7.047 
2 24 -28.009 5.068 6.372 -28.455 4.57 2.13 
2 24 -27.203 2.254 -2.376 -27.22 2.104 2.355 
2 24 -28.455 4.57 2.13 -28.505 4.596 -2.121 
2 24 -23.347 -3.795 -2.874 -23.352 -3.773 2.878 
2 24 -23.141 -3.23 2.735 -23.129 -3.192 -2.746 
2 24 -22.341 -2.505 8.189 -23.141 -3.23 2.735 
2 24 -25.12 -0.502 8.137 -26.876 2.017 7.679 
2 24 -25.806 -1.138 2.718 -25.12 -0.502 8.137 
2 24 -26.876 2.017 7.679 -27.587 1.541 2.565 
2 24 -27.587 1.541 2.565 -27.576 1.585 -2.523 
2 24 -25.75 -1.132 -2.721 -25.806 -1.138 2.718 
2 24 -22.341 -2.505 8.189 -24.344 -0.41 7.744 
2 24 -24.344 -0.41 7.744 -24.977 -1.022 2.587 
2 24 -24.977 -1.022 2.587 -24.922 -1.039 -2.612 
2 24 -28.009 5.068 6.372 -28.663 5.179 6.714 
2 24 -28.663 5.179 6.714 -29.181 4.604 2.115 
2 24 -29.181 4.604 2.115 -29.174 4.599 -2.029 
2 24 -30.193 7.147 1.892 -29.825 7.383 5.659 
2 24 -29.41 8.009 4.518 -29.724 7.811 1.512 
2 24 -29.724 7.811 1.512 -29.732 7.785 -1.494 
2 24 -30.186 7.164 -1.891 -30.193 7.147 1.892 
2 24 -28.663 5.179 6.714 -29.825 7.383 5.659 
2 24 -29.41 8.009 4.518 -29.868 9.195 1.278 
2 24 -29.868 9.195 1.278 -29.869 9.178 -1.365 
2 24 -25.866 9.439 6.587 -27.27 11.289 1.742 
2 24 -29.41 8.009 4.518 -27.898 9.2 5.391 
2 24 -27.27 11.289 1.742 -27.384 11.295 -1.756 
2 24 -28.507 8.643 6.215 -29.825 7.383 5.659 
2 24 -27.247 6.535 7.582 -28.507 8.643 6.215 
2 24 -28.663 5.179 6.714 -27.247 6.535 7.582 
2 24 -28.383 8.755 -6.315 -26.979 6.716 -7.688 
2 24 -29.816 7.432 -5.689 -28.383 8.755 -6.315 
2 24 -28.654 5.168 -6.718 -29.816 7.432 -5.689 
2 24 -26.979 6.716 -7.688 -28.654 5.168 -6.718 
2 24 -27.664 9.386 -5.526 -26.426 6.773 -7.263 
2 24 -28.383 8.755 -6.315 -27.664 9.386 -5.526 
2 24 -26.426 6.773 -7.263 -26.979 6.716 -7.688 
2 24 -29.429 8.009 -4.499 -27.664 9.386 -5.526 
2 24 -27.943 5.037 -6.379 -28.654 5.168 -6.718 
2 24 -26.426 6.773 -7.263 -27.943 5.037 -6.379 
2 24 -27.898 9.2 5.391 -28.507 8.643 6.215 
2 24 -26.604 6.535 7.147 -27.898 9.2 5.391 
2 24 -27.247 6.535 7.582 -26.604 6.535 7.147 
2 24 -28.009 5.068 6.372 -26.604 6.535 7.147 
2 24 -22.823 5.733 9.183 -25.866 9.439 6.587 
2 24 -27.384 11.295 -1.756 -26.649 10.39 -5.309 
2 24 -26.649 10.39 -5.309 -22.695 5.69 -9.208 
2 24 -25.129 8.812 -4.022 -22.134 5.227 -7.447 
2 24 -20.261 2.697 -10.544 -22.695 5.69 -9.208 
2 24 -22.134 5.227 -7.447 -19.941 2.885 -7.513 
2 24 -22.341 -2.505 8.189 -19.755 -0.562 10.48 
2 24 -22.281 1.748 9.717 -24.344 -0.41 7.744 
2 24 -22.507 -3.174 8.617 -19.986 -1.01 10.869 
2 24 -19.986 -1.01 10.869 -19.755 -0.562 10.48 
2 24 -17.296 -2.924 10.679 -19.755 -0.562 10.48 
2 24 -19.986 -1.01 10.869 -17.609 -3.158 11.003 
2 24 -15.786 -2.481 11.029 -18.261 0.27 11.111 
2 24 -15.786 -2.481 11.029 -15.189 -3.096 11.006 
2 24 -15.189 -3.096 11.006 -15.106 -2.985 12.188 
2 24 -15.106 -2.985 12.188 -15.659 -2.331 12.121 
2 24 -19.401 2.154 10.81 -18.261 0.27 11.111 
2 24 -19.242 2.007 11.625 -19.401 2.154 10.81 
2 24 -17.86 0.33 11.836 -19.242 2.007 11.625 
2 24 -15.659 -2.331 12.121 -17.86 0.33 11.836 
2 24 -25.12 -0.502 8.137 -22.923 1.697 10.119 
2 24 -24.599 3.931 9.264 -26.876 2.017 7.679 
2 24 -22.923 1.697 10.119 -24.599 3.931 9.264 
2 24 -22.281 1.748 9.717 -22.923 1.697 10.119 
2 24 -24.394 4.438 8.549 -26.573 2.654 7.047 
2 24 -24.599 3.931 9.264 -24.394 4.438 8.549 
2 24 -22.281 1.748 9.717 -24.394 4.438 8.549 
2 24 -19.401 2.154 10.81 -22.823 5.733 9.183 
2 24 -24.516 8.069 5.437 -25.517 9.28 1.401 
2 24 -25.517 9.28 1.401 -25.509 9.28 -1.219 
2 24 -22.405 5.565 7.364 -24.516 8.069 5.437 
2 24 -19.401 2.154 10.81 -19.401 2.162 7.454 
2 24 -19.401 2.162 7.454 -22.405 5.565 7.364 
2 24 -22.525 1.872 -7.262 -19.941 -0.284 -7.487 
2 24 -25.267 4.741 -3.495 -22.525 1.872 -7.262 
2 24 -24.781 4.198 4.981 -25.474 4.995 1.396 
2 24 -25.474 4.995 1.396 -25.469 4.989 -0.881 
2 24 -22.541 1.86 7.262 -24.781 4.198 4.981 
2 24 -22.405 5.565 7.364 -22.541 1.86 7.262 
2 24 -19.708 -0.454 7.511 -22.541 1.86 7.262 
2 24 -18.059 3.455 7.83 -17.862 0.569 7.567 
2 24 -19.401 2.162 7.454 -18.059 3.455 7.83 
2 24 -17.862 0.569 7.567 -19.708 -0.454 7.511 
2 24 -17.5 4.134 9.529 -17.407 0.693 9.351 
2 24 -18.059 3.455 7.83 -17.5 4.134 9.529 
2 24 -17.407 0.693 9.351 -17.862 0.569 7.567 
2 24 -19.664 -1.661 -6.91 -19.941 -0.284 -7.487 
2 24 -19.242 2.007 11.625 -13.009 9.185 13.399 
2 24 -16.797 4.954 10.052 -17.5 4.134 9.529 
2 24 -19.851 -5.173 -8.785 -22.518 -3.063 -8.639 
2 24 -17.656 -2.982 -11.088 -19.851 -5.173 -8.785 
2 24 -22.518 -3.063 -8.639 -19.908 -1.02 -10.947 
2 24 -19.908 -1.02 -10.947 -17.656 -2.982 -11.088 
2 24 -24.568 3.981 -9.26 -22.86 1.701 -10.206 
2 24 -26.851 2.207 -7.587 -24.568 3.981 -9.26 
2 24 -25.077 -0.442 -8.18 -26.851 2.207 -7.587 
2 24 -22.86 1.701 -10.206 -25.077 -0.442 -8.18 
2 24 -17.239 -2.819 -10.649 -19.14 -4.904 -8.557 
2 24 -17.656 -2.982 -11.088 -17.239 -2.819 -10.649 
2 24 -22.321 -2.53 -8.255 -19.682 -0.446 -10.461 
2 24 -19.682 -0.446 -10.461 -19.908 -1.02 -10.947 
2 24 -19.682 -0.446 -10.461 -17.239 -2.819 -10.649 
2 24 -26.49 2.738 -7.144 -24.168 4.407 -8.678 
2 24 -24.168 4.407 -8.678 -24.568 3.981 -9.26 
2 24 -24.168 4.407 -8.678 -22.148 1.811 -9.7 
2 24 -22.148 1.811 -9.7 -22.86 1.701 -10.206 
2 24 -22.148 1.811 -9.7 -24.383 -0.354 -7.853 
2 24 -22.321 -2.53 -8.255 -24.383 -0.354 -7.853 
2 24 -16.576 -2.683 -10.778 -17.276 -1.48 -10.972 
2 24 -15.291 -1.155 -12.521 -16.576 -2.683 -10.778 
2 24 -17.915 2.039 -12.419 -15.291 -1.155 -12.521 
2 24 -17.276 -1.48 -10.972 -18.787 0.494 -10.979 
2 24 -26.49 2.738 -7.144 -27.943 5.037 -6.379 
2 24 15.627 -3.095 -10.6 15.426 -2.251 -11.459 
2 24 15.426 -2.251 -11.459 17.049 -5.203 -9.736 
2 24 27.252 -3.294 3.538 27.017 -3.233 -3.591 
2 24 26.646 -2.561 -3.385 26.812 -2.666 3.422 
2 24 26.812 -2.666 3.422 24.078 -1.226 9.74 
2 24 24.238 -1.807 10.251 27.252 -3.294 3.538 
2 24 23.327 -0.838 -9.544 26.646 -2.561 -3.385 
2 24 27.017 -3.233 -3.591 23.629 -1.467 -9.933 
2 24 25.324 3.499 -10.035 19.225 3.033 -12.396 
2 24 18.835 3.382 -12.056 24.665 3.828 -9.136 
2 24 24.665 3.828 -9.136 28.886 4.271 -3.394 
2 24 30.043 3.689 -3.7 25.324 3.499 -10.035 
2 24 30.257 3.69 3.538 30.043 3.689 -3.7 
2 24 28.886 4.271 -3.394 29.333 4.242 3.387 
2 24 26.997 3.476 9.931 30.257 3.69 3.538 
2 24 29.333 4.242 3.387 26.029 3.971 9.168 
2 24 19.741 0.47 12.99 24.238 -1.807 10.251 
2 24 24.078 -1.226 9.74 19.79 1.058 12.397 
2 24 21.022 3.09 12.67 26.997 3.476 9.931 
2 24 26.029 3.971 9.168 20.739 3.592 11.915 
2 24 19.002 3.479 12.321 18.19 4.881 12.276 
2 24 19.115 2.97 12.812 19.002 3.479 12.321 
2 24 18.152 4.792 13.681 18.838 3.116 13.48 
2 24 19.115 2.97 12.812 21.022 3.09 12.67 
2 24 20.739 3.592 11.915 19.002 3.479 12.321 
2 24 18.077 1.282 13.292 19.741 0.47 12.99 
2 24 18.69 1.747 12.695 18.077 1.282 13.292 
2 24 19.79 1.058 12.397 18.69 1.747 12.695 
2 24 18.077 1.282 13.292 18.838 3.116 13.48 
2 24 14.257 -3.045 12.026 15.642 -2.965 12.279 
2 24 19.115 2.97 12.812 18.69 1.747 12.695 
2 24 18.571 3.755 -12.189 19.96 5.51 -11.717 
2 24 19.96 5.51 -11.717 24.434 7.745 -9.307 
2 24 24.434 7.745 -9.307 28.843 9.993 -3.809 
2 24 28.843 9.993 -3.809 29.282 10.12 3.538 
2 24 29.282 10.12 3.538 25.492 8.414 9.611 
2 24 25.492 8.414 9.611 20.172 5.769 11.909 
2 24 26.303 8.941 -3.166 26.51 9.045 2.475 
2 24 23.472 7.544 -7.569 26.303 8.941 -3.166 
2 24 24.044 7.816 7.041 19.936 5.786 9.7 
2 24 26.51 9.045 2.475 24.044 7.816 7.041 
2 24 19.741 5.848 -9.724 23.472 7.544 -7.569 
2 24 14.532 -1.027 -12.69 8.95 -1.001 -13.085 
2 24 9.406 -0.334 -13.1 13.94 -0.328 -12.82 
2 24 9.485 -0.12 -13.37 14.058 -0.154 -13.354 
2 24 19.698 0.921 -11.921 23.327 -0.838 -9.544 
2 24 23.629 -1.467 -9.933 19.68 0.556 -12.17 
2 24 6.006 14.343 -12.315 7.78 14.086 -13.899 
2 24 11.991 14.159 -13.136 13.149 13.452 -10.174 
2 24 13.149 13.452 -10.174 14.198 12.37 -10.17 
2 24 7.589 19.947 -13.822 10.06 19.947 -13.92 
2 24 10.06 19.947 -13.92 11.991 19.947 -13.136 
2 24 13.062 19.947 -10.189 13.149 13.452 -10.174 
2 24 11.991 19.947 -13.136 13.062 19.947 -10.189 
2 24 5.68 19.947 -10.203 5.961 19.947 -12.32 
2 24 5.385 15.361 -10.197 5.68 19.947 -10.203 
2 24 5.961 19.947 -12.32 7.589 19.947 -13.822 
2 24 -15.059 -3.071 -10.593 -8.211 -3.045 -11.043 
2 24 -15.091 -3.129 -9.023 -15.059 -3.071 -10.593 
2 24 14.226 0.751 -8.521 15.387 1.004 -8.595 
2 24 -2.299 4.853 13.548 -5.121 6.583 13.46 
2 24 7.202 8.584 10.086 7.202 8.583 13.195 
2 24 7.434 16.038 10.086 8.2 12.855 10.086 
2 24 7.202 8.583 13.195 4.994 6.198 13.438 
2 24 7.202 8.583 13.195 -6.895 8.541 13.245 
2 24 -6.895 8.541 13.245 -5.121 6.583 13.46 
2 24 -2.299 4.853 13.548 2.115 4.697 13.551 
2 24 2.115 4.697 13.551 4.994 6.198 13.438 
2 24 15.627 -3.095 -10.6 15.629 -3.099 -9.591 
2 24 8.122 -3.054 -11.092 15.627 -3.095 -10.6 
2 24 -14.311 -2.985 12.377 -15.106 -2.985 12.188 
2 24 -15.103 -3.125 2.874 -15.099 -3.123 -3.097 
2 24 -15.099 -3.123 -3.097 -15.091 -3.129 -9.023 
2 24 -2.91 7.055 -14.339 3.6 7.055 -14.356 
2 24 -17.659 -5.657 -8.452 -16.011 -3.794 -10.303 
2 24 -16.011 -3.794 -10.303 -15.059 -3.071 -10.593 
2 24 -20.809 -5.881 -2.923 -20.851 -5.894 2.949 
2 24 -19.931 -5.544 -2.847 -20.096 -5.547 2.852 
2 24 -18.312 -6.382 -2.812 -18.295 -6.355 2.835 
2 24 -25.129 8.812 -4.022 -25.509 9.28 -1.219 
2 24 -25.469 4.989 -0.881 -25.267 4.741 -3.495 
2 24 -29.429 8.009 -4.499 -29.869 9.178 -1.365 
2 24 -29.429 8.009 -4.499 -29.732 7.785 -1.494 
2 24 -29.816 7.432 -5.689 -30.186 7.164 -1.891 
2 24 -28.654 5.168 -6.718 -29.174 4.599 -2.029 
2 24 -27.943 5.037 -6.379 -28.505 4.596 -2.121 
2 24 -26.49 2.738 -7.144 -27.203 2.254 -2.376 
2 24 -26.851 2.207 -7.587 -27.576 1.585 -2.523 
2 24 -25.077 -0.442 -8.18 -25.75 -1.132 -2.721 
2 24 -24.383 -0.354 -7.853 -24.922 -1.039 -2.612 
2 24 -22.321 -2.53 -8.255 -23.129 -3.192 -2.746 
2 24 -22.518 -3.063 -8.639 -23.347 -3.795 -2.874 
2 24 -19.851 -5.173 -8.785 -20.809 -5.881 -2.923 
2 24 -19.14 -4.904 -8.557 -19.931 -5.544 -2.847 
2 24 -17.659 -5.657 -8.452 -18.312 -6.382 -2.812 
2 24 -19.14 -4.904 -8.557 -17.659 -5.657 -8.452 
2 24 -17.755 -0.15 6.764 -17.862 0.569 7.567 
2 24 -17.407 0.693 9.351 -16.709 0.434 9.792 
2 24 -15.291 -1.155 -12.521 -9 -1.01 -13.041 
2 24 5.68 19.947 -10.203 13.062 19.947 -10.189 
2 24 2.21 14.972 -11.522 0.007 12.964 -11.522 
2 24 -0.022 13.074 -10.178 2.21 14.997 -10.187 
2 24 3.06 12.965 -13.493 0.122 10.111 -13.492 
2 24 3.262 7.335 -13.641 -3 7.339 -13.622 
2 24 -10.927 12.897 -13.123 -2.959 12.897 -13.469 
2 24 -14.566 -2.034 12.498 -14.311 -2.985 12.377 
2 24 -13.664 4.384 13.149 -14.566 -2.034 12.498 
2 24 -7.262 8.767 10.086 -6.895 8.541 13.245 
2 24 -2.146 14.935 -10.173 -11.991 14.976 -10.173 
2 24 -2.152 14.92 -11.494 -12 14.871 -11.092 
2 24 -17.755 -0.15 -6.748 -15.844 -0.088 -9.065 
2 24 18.825 -1.512 -4.893 19.385 -2.447 -1.869 
2 24 20.252 -1.521 -5.353 18.12 0.331 -8.081 
2 24 17.378 -0.368 -6.712 18.825 -1.512 -4.893 
2 24 0.118 20.574 10.086 5.562 18.245 10.086 
2 24 5.562 18.245 10.086 7.434 16.038 10.086 
2 24 0.118 20.574 10.086 -6.08 17.671 10.086 
2 24 20.527 -2.033 4.165 19.558 -0.666 6.823 
2 24 19.21 -1.99 3.876 18.455 -0.929 6.209 
2 24 -12.425 2.682 -12.776 -13.269 1.852 -13.331 
2 24 -15.311 3.861 -12.684 -12.425 2.682 -12.776 
2 24 -13.269 1.852 -13.331 -15.568 2.966 -13.531 
2 24 -12.425 2.682 -12.776 -13.5 1.037 -12.77 
2 24 -14.188 1.049 -13.482 -13.269 1.852 -13.331 
2 24 -15.71 -0.645 -12.521 -16.58 -0.974 -11.805 
2 24 -16.58 -0.974 -11.805 -15.978 -0.361 -13.044 
2 24 -18.162 0.788 -11.642 -17.65 1.721 -12.439 
2 24 -17.302 1.432 -13.106 -18.162 0.788 -11.642 
2 24 -16.58 -0.974 -11.805 -18.162 0.788 -11.642 
2 24 -13.5 1.037 -12.77 -15.71 -0.645 -12.521 
2 24 -15.978 -0.361 -13.044 -14.188 1.049 -13.482 
2 24 -17.302 1.432 -13.106 -15.568 2.966 -13.531 
2 24 -17.65 1.721 -12.439 -15.311 3.861 -12.684 
2 24 -0.285 4.745 -14.474 -1.722 4.278 -14.474 
2 24 -1.722 4.278 -14.474 -2.61 5.5 -14.474 
2 24 -2.61 5.5 -14.474 -1.722 6.723 -14.474 
2 24 -1.722 6.723 -14.474 -0.285 6.256 -14.474 
2 24 -0.285 6.256 -14.474 -0.285 4.745 -14.474 

