0 CROCODILE  HEAD (Needs Work)
0 Name: 18905.dat
0 Author: <AuthorRealName> [<AuthorLDrawName>]
0 !LDRAW_ORG Unofficial_Part
0 !LICENSE Redistributable under CCAL version 2.0 : see CAreadme.txt

0 BFC CERTIFY CCW

0 !HISTORY 2016-03-18 {LEGO Digital Designer} Original part shape
0 !HISTORY 2016-03-18 [<AuthorLDrawName>] File preparation for LDraw Parts Tracker

0 // Needs Work: Clean necessary

0 // Outside
3 16 49.024 -25.918 20.216 50.209 -25.088 19.957 49.738 -26.456 20.216 
3 16 48.762 -25.063 20.216 50.209 -25.088 19.957 49.024 -25.918 20.216 
3 16 49.053 -24.217 20.216 50.209 -25.088 19.957 48.762 -25.063 20.216 
3 16 49.786 -23.705 20.216 50.209 -25.088 19.957 49.053 -24.217 20.216 
3 16 50.68 -23.72 20.216 50.209 -25.088 19.957 49.786 -23.705 20.216 
3 16 51.393 -24.258 20.216 50.209 -25.088 19.957 50.68 -23.72 20.216 
3 16 51.655 -25.113 20.216 50.209 -25.088 19.957 51.393 -24.258 20.216 
3 16 51.364 -25.959 20.216 50.209 -25.088 19.957 51.655 -25.113 20.216 
3 16 50.631 -26.471 20.216 50.209 -25.088 19.957 51.364 -25.959 20.216 
3 16 49.738 -26.456 20.216 50.209 -25.088 19.957 50.631 -26.471 20.216 
3 16 49.388 -27.47 20.716 48.145 -26.533 20.716 49.738 -26.456 20.216 
3 16 49.738 -26.456 20.216 48.145 -26.533 20.716 49.024 -25.918 20.216 
3 16 48.145 -26.533 20.716 47.689 -25.044 20.716 49.024 -25.918 20.216 
3 16 49.024 -25.918 20.216 47.689 -25.044 20.716 48.762 -25.063 20.216 
3 16 47.689 -25.044 20.716 48.196 -23.572 20.716 48.762 -25.063 20.216 
3 16 48.762 -25.063 20.216 48.196 -23.572 20.716 49.053 -24.217 20.216 
3 16 48.196 -23.572 20.716 49.472 -22.678 20.716 49.053 -24.217 20.216 
3 16 49.053 -24.217 20.216 49.472 -22.678 20.716 49.786 -23.705 20.216 
3 16 49.472 -22.678 20.716 51.029 -22.706 20.716 49.786 -23.705 20.216 
3 16 49.786 -23.705 20.216 51.029 -22.706 20.716 50.68 -23.72 20.216 
3 16 51.029 -22.706 20.716 52.273 -23.643 20.716 50.68 -23.72 20.216 
3 16 50.68 -23.72 20.216 52.273 -23.643 20.716 51.393 -24.258 20.216 
3 16 52.273 -23.643 20.716 52.728 -25.132 20.716 51.393 -24.258 20.216 
3 16 51.393 -24.258 20.216 52.728 -25.132 20.716 51.655 -25.113 20.216 
3 16 52.728 -25.132 20.716 52.221 -26.604 20.716 51.655 -25.113 20.216 
3 16 51.655 -25.113 20.216 52.221 -26.604 20.716 51.364 -25.959 20.216 
3 16 52.221 -26.604 20.716 50.945 -27.498 20.716 51.364 -25.959 20.216 
3 16 51.364 -25.959 20.216 50.945 -27.498 20.716 50.631 -26.471 20.216 
3 16 50.945 -27.498 20.716 49.388 -27.47 20.716 50.631 -26.471 20.216 
3 16 50.631 -26.471 20.216 49.388 -27.47 20.716 49.738 -26.456 20.216 
3 16 49.024 -25.918 -0.216 49.738 -26.456 -0.216 50.209 -25.088 0.043 
3 16 48.762 -25.063 -0.216 49.024 -25.918 -0.216 50.209 -25.088 0.043 
3 16 49.053 -24.217 -0.216 48.762 -25.063 -0.216 50.209 -25.088 0.043 
3 16 49.786 -23.705 -0.216 49.053 -24.217 -0.216 50.209 -25.088 0.043 
3 16 50.68 -23.72 -0.216 49.786 -23.705 -0.216 50.209 -25.088 0.043 
3 16 51.393 -24.258 -0.216 50.68 -23.72 -0.216 50.209 -25.088 0.043 
3 16 51.655 -25.113 -0.216 51.393 -24.258 -0.216 50.209 -25.088 0.043 
3 16 51.364 -25.959 -0.216 51.655 -25.113 -0.216 50.209 -25.088 0.043 
3 16 50.631 -26.471 -0.216 51.364 -25.959 -0.216 50.209 -25.088 0.043 
3 16 49.738 -26.456 -0.216 50.631 -26.471 -0.216 50.209 -25.088 0.043 
3 16 49.388 -27.47 -0.716 49.738 -26.456 -0.216 48.145 -26.533 -0.716 
3 16 49.738 -26.456 -0.216 49.024 -25.918 -0.216 48.145 -26.533 -0.716 
3 16 48.145 -26.533 -0.716 49.024 -25.918 -0.216 47.689 -25.044 -0.716 
3 16 49.024 -25.918 -0.216 48.762 -25.063 -0.216 47.689 -25.044 -0.716 
3 16 47.689 -25.044 -0.716 48.762 -25.063 -0.216 48.196 -23.572 -0.716 
3 16 48.762 -25.063 -0.216 49.053 -24.217 -0.216 48.196 -23.572 -0.716 
3 16 48.196 -23.572 -0.716 49.053 -24.217 -0.216 49.472 -22.678 -0.716 
3 16 49.053 -24.217 -0.216 49.786 -23.705 -0.216 49.472 -22.678 -0.716 
3 16 49.472 -22.678 -0.716 49.786 -23.705 -0.216 51.029 -22.706 -0.716 
3 16 49.786 -23.705 -0.216 50.68 -23.72 -0.216 51.029 -22.706 -0.716 
3 16 51.029 -22.706 -0.716 50.68 -23.72 -0.216 52.273 -23.643 -0.716 
3 16 50.68 -23.72 -0.216 51.393 -24.258 -0.216 52.273 -23.643 -0.716 
3 16 52.273 -23.643 -0.716 51.393 -24.258 -0.216 52.728 -25.132 -0.716 
3 16 51.393 -24.258 -0.216 51.655 -25.113 -0.216 52.728 -25.132 -0.716 
3 16 52.728 -25.132 -0.716 51.655 -25.113 -0.216 52.221 -26.604 -0.716 
3 16 51.655 -25.113 -0.216 51.364 -25.959 -0.216 52.221 -26.604 -0.716 
3 16 52.221 -26.604 -0.716 51.364 -25.959 -0.216 50.945 -27.498 -0.716 
3 16 51.364 -25.959 -0.216 50.631 -26.471 -0.216 50.945 -27.498 -0.716 
3 16 50.945 -27.498 -0.716 50.631 -26.471 -0.216 49.388 -27.47 -0.716 
3 16 50.631 -26.471 -0.216 49.738 -26.456 -0.216 49.388 -27.47 -0.716 
3 16 63.348 -28.396 0.745 62.428 -30.021 0.698 62.598 -28.151 4.262 
3 16 62.428 -30.021 0.698 61.532 -30.004 4.276 62.598 -28.151 4.262 
3 16 65.982 -29.771 -1.101 66.959 -29.673 -1.106 66.479 -29.675 -2.039 
3 16 70.436 -29.212 -1.938 66.479 -29.675 -2.039 68.414 -29.945 -0.979 
3 16 68.414 -29.945 -0.979 66.479 -29.675 -2.039 66.959 -29.673 -1.106 
3 16 74.425 -28.666 0.026 70.436 -29.212 -1.938 70.743 -30.694 0.695 
3 16 70.436 -29.212 -1.938 68.414 -29.945 -0.979 70.743 -30.694 0.695 
3 16 75.74 -28.515 4.452 74.425 -28.666 0.026 71.497 -31.001 4.276 
3 16 74.425 -28.666 0.026 70.743 -30.694 0.695 71.497 -31.001 4.276 
3 16 66.959 -29.673 -1.106 65.982 -29.771 -1.101 63.348 -28.396 0.745 
3 16 65.982 -29.771 -1.101 62.428 -30.021 0.698 63.348 -28.396 0.745 
3 16 62.598 -28.151 4.262 67.011 -29.682 4.269 63.348 -28.396 0.745 
3 16 67.011 -29.682 4.269 66.998 -29.682 0.72 63.348 -28.396 0.745 
3 16 66.998 -29.682 0.72 67.011 -29.682 4.269 70.743 -30.694 0.695 
3 16 67.011 -29.682 4.269 71.497 -31.001 4.276 70.743 -30.694 0.695 
3 16 66.998 -29.682 0.72 66.959 -29.673 -1.106 63.348 -28.396 0.745 
3 16 70.743 -30.694 0.695 68.414 -29.945 -0.979 66.998 -29.682 0.72 
3 16 68.414 -29.945 -0.979 66.959 -29.673 -1.106 66.998 -29.682 0.72 
3 16 61.532 -30.004 4.276 63.587 -29.931 7.411 62.598 -28.151 4.262 
3 16 63.587 -29.931 7.411 64.326 -28.776 7.363 62.598 -28.151 4.262 
3 16 63.587 -29.931 7.411 66.959 -29.673 8.165 64.326 -28.776 7.363 
3 16 66.959 -29.673 8.165 67.923 -29.516 9.136 69.692 -30.32 7.429 
3 16 67.923 -29.516 9.136 72.613 -28.893 8.349 69.692 -30.32 7.429 
3 16 69.692 -30.32 7.429 72.613 -28.893 8.349 71.497 -31.001 4.276 
3 16 72.613 -28.893 8.349 75.74 -28.515 4.452 71.497 -31.001 4.276 
3 16 71.497 -31.001 4.276 67.011 -29.682 4.269 69.692 -30.32 7.429 
3 16 67.011 -29.682 4.269 66.959 -29.673 8.165 69.692 -30.32 7.429 
3 16 62.598 -28.151 4.262 64.326 -28.776 7.363 67.011 -29.682 4.269 
3 16 64.326 -28.776 7.363 66.959 -29.673 8.165 67.011 -29.682 4.269 
3 16 99.701 -27.532 10 100.231 -27.879 10 100.621 -27.849 7.229 
3 16 100.231 -27.879 10 101.041 -28.158 7.402 100.621 -27.849 7.229 
3 16 100.621 -27.849 7.229 101.041 -28.158 7.402 103.032 -28.679 5.494 
3 16 101.041 -28.158 7.402 103.16 -28.888 5.773 103.032 -28.679 5.494 
3 16 103.16 -28.888 5.773 105.782 -29.786 5.773 103.032 -28.679 5.494 
3 16 105.782 -29.786 5.773 106.042 -29.615 5.494 103.032 -28.679 5.494 
3 16 105.782 -29.786 5.773 107.891 -30.512 7.41 106.042 -29.615 5.494 
3 16 107.891 -30.512 7.41 108.662 -29.835 7.229 106.042 -29.615 5.494 
3 16 107.891 -30.512 7.41 108.698 -30.789 10 108.662 -29.835 7.229 
3 16 108.698 -30.789 10 109.755 -29.654 10 108.662 -29.835 7.229 
3 16 100.231 -27.879 10 108.698 -30.789 10 101.041 -28.158 7.402 
3 16 107.891 -30.512 7.41 101.041 -28.158 7.402 108.698 -30.789 10 
3 16 107.891 -30.512 7.41 105.782 -29.786 5.773 103.16 -28.888 5.773 
3 16 107.891 -30.512 7.41 103.16 -28.888 5.773 101.041 -28.158 7.402 
3 16 61.408 -30.093 0.019 60.164 -30.113 3.513 62.428 -30.021 0.698 
3 16 60.164 -30.113 3.513 61.532 -30.004 4.276 62.428 -30.021 0.698 
3 16 66.479 -29.675 -2.039 62.781 -30.049 -1.261 65.982 -29.771 -1.101 
3 16 65.982 -29.771 -1.101 62.781 -30.049 -1.261 62.428 -30.021 0.698 
3 16 62.428 -30.021 0.698 62.781 -30.049 -1.261 61.408 -30.093 0.019 
3 16 61.532 -30.004 4.276 60.164 -30.113 3.513 60.574 -30.104 5.474 
3 16 61.532 -30.004 4.276 60.574 -30.104 5.474 63.587 -29.931 7.411 
3 16 60.574 -30.104 5.474 61.226 -30.116 8.638 63.587 -29.931 7.411 
3 16 70.436 -29.212 -1.938 70.451 -29.168 -6.076 66.479 -29.675 -2.039 
3 16 70.451 -29.168 -6.076 66.481 -29.671 -6.444 66.479 -29.675 -2.039 
3 16 74.425 -28.666 0.026 74.425 -28.666 -4.985 70.436 -29.212 -1.938 
3 16 74.425 -28.666 -4.985 70.451 -29.168 -6.076 70.436 -29.212 -1.938 
3 16 66.481 -29.671 -6.444 62.781 -30.049 -6.275 66.479 -29.675 -2.039 
3 16 62.781 -30.049 -6.275 62.781 -30.049 -1.261 66.479 -29.675 -2.039 
3 16 60.164 -30.113 3.513 57.456 -28.755 10 60.574 -30.104 5.474 
3 16 57.128 -29.547 -1.432 60.164 -30.113 3.513 61.408 -30.093 0.019 
3 16 57.456 -28.755 10 60.164 -30.113 3.513 57.128 -29.547 -1.432 
3 16 60.574 -30.104 5.474 57.456 -28.755 10 61.226 -30.116 8.638 
3 16 66.959 -29.673 8.165 63.587 -29.931 7.411 67.923 -29.516 9.136 
3 16 63.587 -29.931 7.411 61.226 -30.116 8.638 67.923 -29.516 9.136 
3 16 67.923 -29.516 10.864 72.613 -28.893 11.651 67.923 -29.516 9.136 
3 16 67.923 -29.516 9.136 72.613 -28.893 11.651 72.613 -28.893 8.349 
3 16 61.226 -30.116 11.362 67.923 -29.516 10.864 61.226 -30.116 8.638 
3 16 61.226 -30.116 8.638 67.923 -29.516 10.864 67.923 -29.516 9.136 
3 16 89.733 -26.809 18.653 91.083 -26.082 17.86 89.733 -26.809 1.347 
3 16 89.733 -26.809 1.347 91.083 -26.082 17.86 91.083 -26.082 2.14 
3 16 92.236 -25.289 2.819 92.314 -25.861 1.895 91.083 -26.082 2.14 
3 16 96.327 -26.72 2.385 96.279 -26.61 2.819 97.626 -27.05 2.819 
3 16 96.279 -26.61 17.181 97.626 -27.05 17.181 96.279 -26.61 2.819 
3 16 97.626 -27.05 17.181 97.626 -27.05 2.819 96.279 -26.61 2.819 
3 16 92.236 -25.289 17.181 96.279 -26.61 17.181 92.236 -25.289 2.819 
3 16 96.279 -26.61 17.181 96.279 -26.61 2.819 92.236 -25.289 2.819 
3 16 91.083 -26.082 17.86 92.236 -25.289 17.181 91.083 -26.082 2.14 
3 16 91.083 -26.082 2.14 92.236 -25.289 17.181 92.236 -25.289 2.819 
3 16 96.327 -26.72 2.385 92.314 -25.861 1.895 96.279 -26.61 2.819 
3 16 92.314 -25.861 1.895 92.236 -25.289 2.819 96.279 -26.61 2.819 
3 16 89.322 -26.786 -0.791 89.733 -26.809 1.347 92.492 -26.637 -0.677 
3 16 89.733 -26.809 1.347 91.083 -26.082 2.14 92.492 -26.637 -0.677 
3 16 92.314 -25.861 1.895 92.492 -26.637 -0.677 91.083 -26.082 2.14 
3 16 106.086 -29.486 1.879 106.042 -29.615 5.494 108.707 -29.706 2.297 
3 16 106.042 -29.615 5.494 108.662 -29.835 7.229 108.707 -29.706 2.297 
3 16 106.086 -29.486 1.879 103.076 -28.55 2.113 106.042 -29.615 5.494 
3 16 103.076 -28.55 2.113 103.032 -28.679 5.494 106.042 -29.615 5.494 
3 16 103.076 -28.55 2.113 100.66 -27.746 2.12 103.032 -28.679 5.494 
3 16 100.66 -27.746 2.12 100.621 -27.849 7.229 103.032 -28.679 5.494 
3 16 99.691 -27.524 1.905 99.009 -27.371 10 100.66 -27.746 2.12 
3 16 99.009 -27.371 10 99.701 -27.532 10 100.66 -27.746 2.12 
3 16 100.66 -27.746 2.12 99.701 -27.532 10 100.621 -27.849 7.229 
3 16 97.754 -27.078 1.102 97.626 -27.05 2.819 99.691 -27.524 1.905 
3 16 114.845 -26.825 7.378 116.621 -25.171 6.188 114.844 -26.857 4.362 
3 16 116.621 -25.171 6.188 116.608 -25.115 5.036 114.844 -26.857 4.362 
3 16 113.693 -27.744 10 114.845 -26.825 7.378 111.816 -28.936 10 
3 16 112.018 -28.796 3.181 111.816 -28.936 10 114.845 -26.825 7.378 
3 16 112.018 -28.796 3.181 114.845 -26.825 7.378 114.844 -26.857 4.362 
3 16 108.707 -29.706 2.297 108.662 -29.835 7.229 112.018 -28.796 3.181 
3 16 112.018 -28.796 3.181 108.662 -29.835 7.229 111.816 -28.936 10 
3 16 108.662 -29.835 7.229 109.755 -29.654 10 111.816 -28.936 10 
3 16 113.693 -27.744 10 119.957 -27.622 10 114.845 -26.825 7.378 
3 16 119.957 -27.622 10 119.885 -25.663 6.33 114.845 -26.825 7.378 
3 16 119.885 -25.663 6.33 116.621 -25.171 6.188 114.845 -26.825 7.378 
3 16 79.801 -27.962 23.581 84.906 -27.336 21.71 79.801 -27.962 -3.581 
3 16 79.801 -27.962 -3.581 84.906 -27.336 21.71 84.906 -27.336 -1.71 
3 16 74.425 -28.666 -4.985 74.425 -28.666 0.026 79.801 -27.962 -3.581 
3 16 79.801 -27.962 -3.581 74.425 -28.666 0.026 75.74 -28.515 4.452 
3 16 84.906 -27.336 -1.71 89.733 -26.809 1.347 89.322 -26.786 -0.791 
3 16 68.884 -22.691 -6.548 64.813 -24.148 -6.401 66.481 -29.671 -6.444 
3 16 64.813 -24.148 -6.401 62.781 -30.049 -6.275 66.481 -29.671 -6.444 
3 16 108.707 -29.706 2.297 112.018 -28.796 3.181 110.395 -25.172 2.178 
3 16 112.018 -28.796 3.181 114.844 -26.857 4.362 110.395 -25.172 2.178 
3 16 110.395 -25.172 2.178 114.844 -26.857 4.362 112.058 -24.103 2.616 
3 16 114.844 -26.857 4.362 116.608 -25.115 5.036 112.058 -24.103 2.616 
3 16 116.608 -25.115 5.036 116.226 -22.068 3.797 112.058 -24.103 2.616 
3 16 115.265 -21.255 3.29 113.467 -21.44 2.753 116.226 -22.068 3.797 
3 16 113.467 -21.44 2.753 112.058 -24.103 2.616 116.226 -22.068 3.797 
3 16 110.395 -25.172 2.178 107.541 -25.261 1.822 108.707 -29.706 2.297 
3 16 107.541 -25.261 1.822 106.086 -29.486 1.879 108.707 -29.706 2.297 
3 16 106.086 -29.486 1.879 107.541 -25.261 1.822 103.076 -28.55 2.113 
3 16 107.541 -25.261 1.822 105.115 -23.21 2.021 103.076 -28.55 2.113 
3 16 105.115 -23.21 2.021 101.965 -23.956 1.892 103.076 -28.55 2.113 
3 16 101.965 -23.956 1.892 100.66 -27.746 2.12 103.076 -28.55 2.113 
3 16 101.965 -23.956 1.892 100.899 -24.015 1.666 100.66 -27.746 2.12 
3 16 100.899 -24.015 1.666 99.691 -27.524 1.905 100.66 -27.746 2.12 
3 16 99.691 -27.524 1.905 100.899 -24.015 1.666 97.754 -27.078 1.102 
3 16 100.899 -24.015 1.666 99.395 -22.861 0.995 97.754 -27.078 1.102 
3 16 92.492 -26.637 -0.677 97.754 -27.078 1.102 93.927 -22.47 -0.815 
3 16 93.927 -22.47 -0.815 97.754 -27.078 1.102 95.358 -22.245 -0.636 
3 16 99.395 -22.861 0.995 95.358 -22.245 -0.636 97.754 -27.078 1.102 
3 16 89.322 -26.786 -0.791 92.492 -26.637 -0.677 90.185 -21.994 -0.869 
3 16 90.185 -21.994 -0.869 92.492 -26.637 -0.677 92.785 -21.869 -0.824 
3 16 92.785 -21.869 -0.824 92.492 -26.637 -0.677 93.927 -22.47 -0.815 
3 16 89.322 -26.786 -0.791 87.604 -21.875 -1.449 84.906 -27.336 -1.71 
3 16 84.906 -27.336 -1.71 87.604 -21.875 -1.449 86.117 -22.709 -2.139 
3 16 87.604 -21.875 -1.449 89.322 -26.786 -0.791 90.185 -21.994 -0.869 
3 16 79.801 -27.962 -3.581 84.906 -27.336 -1.71 80.854 -22.724 -3.84 
3 16 80.854 -22.724 -3.84 84.906 -27.336 -1.71 84.466 -22.199 -2.836 
3 16 84.466 -22.199 -2.836 84.906 -27.336 -1.71 86.117 -22.709 -2.139 
3 16 79.801 -27.962 -3.581 78.215 -22.654 -4.659 74.425 -28.666 -4.985 
3 16 74.425 -28.666 -4.985 78.215 -22.654 -4.659 76.599 -22.769 -5.288 
3 16 78.215 -22.654 -4.659 79.801 -27.962 -3.581 80.854 -22.724 -3.84 
3 16 76.599 -22.769 -5.288 73.833 -19.965 -6.133 74.425 -28.666 -4.985 
3 16 73.833 -19.965 -6.133 70.451 -29.168 -6.076 74.425 -28.666 -4.985 
3 16 64.813 -24.148 -6.401 61.284 -24.209 -5.446 62.781 -30.049 -6.275 
3 16 62.781 -30.049 -6.275 61.284 -24.209 -5.446 58.203 -29.65 -4.628 
3 16 58.203 -29.65 -4.628 61.284 -24.209 -5.446 59.902 -24.068 -4.417 
3 16 73.833 -19.965 -6.133 68.884 -22.691 -6.548 70.451 -29.168 -6.076 
3 16 68.884 -22.691 -6.548 66.481 -29.671 -6.444 70.451 -29.168 -6.076 
3 16 59.902 -24.068 -4.417 58.917 -24.081 -0.755 58.203 -29.65 -4.628 
3 16 58.917 -24.081 -0.755 58.178 -26.493 -0.839 58.203 -29.65 -4.628 
3 16 58.178 -26.493 -0.839 57.128 -29.547 -1.432 58.203 -29.65 -4.628 
3 16 57.456 -28.755 10 57.128 -29.547 -1.432 58.178 -26.493 -0.839 
3 16 55.841 -25.689 -0.839 58.178 -26.493 -0.839 57.057 -23.522 -0.755 
3 16 58.178 -26.493 -0.839 58.917 -24.081 -0.755 57.057 -23.522 -0.755 
3 16 55.841 -25.689 20.839 58.178 -26.493 20.839 55.841 -25.689 -0.839 
3 16 55.841 -25.689 -0.839 58.178 -26.493 20.839 58.178 -26.493 -0.839 
3 16 62.781 -30.049 -6.275 58.203 -29.65 -4.628 62.781 -30.049 -1.261 
3 16 58.203 -29.65 -4.628 57.128 -29.547 -1.432 62.781 -30.049 -1.261 
3 16 61.408 -30.093 0.019 62.781 -30.049 -1.261 57.128 -29.547 -1.432 
3 16 51.807 -20.333 -6.75 49.449 -24.714 -7.306 48.713 -20.279 -6.692 
3 16 49.449 -24.714 -7.306 45.81 -22.746 -7.235 48.713 -20.279 -6.692 
3 16 50.066 -30.502 -6.715 52.206 -26.256 -7.537 54.03 -31.248 -7.46 
3 16 52.206 -26.256 -7.537 55.56 -27.409 -8.087 54.03 -31.248 -7.46 
3 16 47.163 -29.068 -6.171 49.449 -24.714 -7.306 50.066 -30.502 -6.715 
3 16 49.449 -24.714 -7.306 52.206 -26.256 -7.537 50.066 -30.502 -6.715 
3 16 47.163 -29.068 -6.171 45.388 -26.532 -6.366 49.449 -24.714 -7.306 
3 16 45.388 -26.532 -6.366 45.81 -22.746 -7.235 49.449 -24.714 -7.306 
3 16 54.463 -21.944 -7.135 57.142 -23.607 -7.868 52.206 -26.256 -7.537 
3 16 57.142 -23.607 -7.868 55.56 -27.409 -8.087 52.206 -26.256 -7.537 
3 16 52.206 -26.256 -7.537 49.449 -24.714 -7.306 54.463 -21.944 -7.135 
3 16 49.449 -24.714 -7.306 51.807 -20.333 -6.75 54.463 -21.944 -7.135 
3 16 54.463 -21.944 -7.135 54.393 -22.038 -0.716 57.142 -23.607 -7.868 
3 16 54.393 -22.038 -0.716 57.057 -23.522 -0.755 57.142 -23.607 -7.868 
3 16 51.807 -20.333 -6.75 51.8 -20.465 -0.716 54.463 -21.944 -7.135 
3 16 51.8 -20.465 -0.716 54.393 -22.038 -0.716 54.463 -21.944 -7.135 
3 16 48.713 -20.279 -6.692 48.779 -20.412 -0.716 51.807 -20.333 -6.75 
3 16 48.779 -20.412 -0.716 51.8 -20.465 -0.716 51.807 -20.333 -6.75 
3 16 45.81 -22.746 -7.235 45.945 -22.821 -0.716 48.713 -20.279 -6.692 
3 16 45.945 -22.821 -0.716 48.779 -20.412 -0.716 48.713 -20.279 -6.692 
3 16 45.388 -26.532 -6.366 45.533 -26.518 -0.716 45.81 -22.746 -7.235 
3 16 45.533 -26.518 -0.716 45.945 -22.821 -0.716 45.81 -22.746 -7.235 
3 16 47.163 -29.068 -6.171 47.266 -28.993 -0.716 45.388 -26.532 -6.366 
3 16 47.266 -28.993 -0.716 45.533 -26.518 -0.716 45.388 -26.532 -6.366 
3 16 50.066 -30.502 -6.715 50.017 -30.637 -0.716 47.163 -29.068 -6.171 
3 16 50.017 -30.637 -0.716 47.266 -28.993 -0.716 47.163 -29.068 -6.171 
3 16 90.473 -17.935 -1.004 89.321 -18.296 -1.256 90.185 -21.994 -0.869 
3 16 89.321 -18.296 -1.256 87.604 -21.875 -1.449 90.185 -21.994 -0.869 
3 16 92.785 -21.869 -0.824 91.631 -18.471 -0.972 90.185 -21.994 -0.869 
3 16 91.631 -18.471 -0.972 90.473 -17.935 -1.004 90.185 -21.994 -0.869 
3 16 81.543 -18.82 -4.098 80.854 -22.724 -3.84 82.66 -19.25 -3.756 
3 16 80.854 -22.724 -3.84 84.466 -22.199 -2.836 82.66 -19.25 -3.756 
3 16 81.543 -18.82 -4.098 80.291 -19.448 -4.4 80.854 -22.724 -3.84 
3 16 80.291 -19.448 -4.4 78.215 -22.654 -4.659 80.854 -22.724 -3.84 
3 16 119.885 -25.663 6.33 119.021 -26.775 3.008 116.621 -25.171 6.188 
3 16 116.621 -25.171 6.188 119.021 -26.775 3.008 116.608 -25.115 5.036 
3 16 116.608 -25.115 5.036 119.021 -26.775 3.008 117.538 -25.859 0.531 
3 16 117.538 -25.859 0.531 117.127 -25.133 0.147 116.608 -25.115 5.036 
3 16 117.127 -25.133 0.147 116.226 -22.068 3.797 116.608 -25.115 5.036 
3 16 117.127 -25.133 0.147 116.435 -22.16 -0.378 116.226 -22.068 3.797 
3 16 115.28 -21.212 -0.769 115.265 -21.255 3.29 116.435 -22.16 -0.378 
3 16 115.265 -21.255 3.29 116.226 -22.068 3.797 116.435 -22.16 -0.378 
3 16 113.553 -21.405 -1.033 113.467 -21.44 2.753 115.28 -21.212 -0.769 
3 16 113.467 -21.44 2.753 115.265 -21.255 3.29 115.28 -21.212 -0.769 
3 16 113.467 -21.44 2.753 113.553 -21.405 -1.033 112.058 -24.103 2.616 
3 16 113.553 -21.405 -1.033 111.984 -24.054 -1.418 112.058 -24.103 2.616 
3 16 110.395 -25.172 -1.674 110.395 -25.172 2.178 111.984 -24.054 -1.418 
3 16 110.395 -25.172 2.178 112.058 -24.103 2.616 111.984 -24.054 -1.418 
3 16 110.395 -25.172 2.178 110.395 -25.172 -1.674 107.541 -25.261 1.822 
3 16 110.395 -25.172 -1.674 107.541 -25.261 -1.805 107.541 -25.261 1.822 
3 16 105.115 -23.21 -1.504 105.115 -23.21 2.021 107.541 -25.261 -1.805 
3 16 105.115 -23.21 2.021 107.541 -25.261 1.822 107.541 -25.261 -1.805 
3 16 105.115 -23.21 2.021 105.115 -23.21 -1.504 101.965 -23.956 1.892 
3 16 105.115 -23.21 -1.504 101.965 -23.956 -1.707 101.965 -23.956 1.892 
3 16 100.899 -24.015 -2.026 100.899 -24.015 1.666 101.965 -23.956 -1.707 
3 16 100.899 -24.015 1.666 101.965 -23.956 1.892 101.965 -23.956 -1.707 
3 16 100.899 -24.015 1.666 100.899 -24.015 -2.026 99.395 -22.861 0.995 
3 16 100.899 -24.015 -2.026 99.676 -22.782 -2.448 99.395 -22.861 0.995 
3 16 99.395 -22.861 0.995 99.676 -22.782 -2.448 98.853 -20.004 0.272 
3 16 99.676 -22.782 -2.448 98.896 -19.878 -2.632 98.853 -20.004 0.272 
3 16 97.187 -19.689 -3.088 97.187 -19.689 -0.233 98.078 -19.574 -2.89 
3 16 97.187 -19.689 -0.233 98.06 -19.625 0.019 98.078 -19.574 -2.89 
3 16 95.358 -22.245 -4.053 95.358 -22.245 -0.636 97.187 -19.689 -3.088 
3 16 95.358 -22.245 -0.636 97.187 -19.689 -0.233 97.187 -19.689 -3.088 
3 16 93.927 -22.47 -4.502 93.927 -22.47 -0.815 95.358 -22.245 -4.053 
3 16 93.927 -22.47 -0.815 95.358 -22.245 -0.636 95.358 -22.245 -4.053 
3 16 92.785 -21.869 -4.681 92.785 -21.869 -0.824 93.927 -22.47 -4.502 
3 16 92.785 -21.869 -0.824 93.927 -22.47 -0.815 93.927 -22.47 -4.502 
3 16 92.785 -21.869 -0.824 92.785 -21.869 -4.681 91.631 -18.471 -0.972 
3 16 92.785 -21.869 -4.681 91.654 -18.404 -4.571 91.631 -18.471 -0.972 
3 16 90.483 -17.904 -4.717 90.473 -17.935 -1.004 91.654 -18.404 -4.571 
3 16 90.473 -17.935 -1.004 91.631 -18.471 -0.972 91.654 -18.404 -4.571 
3 16 89.321 -18.296 -4.921 89.321 -18.296 -1.256 90.483 -17.904 -4.717 
3 16 89.321 -18.296 -1.256 90.473 -17.935 -1.004 90.483 -17.904 -4.717 
3 16 89.321 -18.296 -1.256 89.321 -18.296 -4.921 87.604 -21.875 -1.449 
3 16 89.321 -18.296 -4.921 87.604 -21.875 -5.577 87.604 -21.875 -1.449 
3 16 86.151 -22.711 -5.906 86.117 -22.709 -2.139 87.604 -21.875 -5.577 
3 16 86.117 -22.709 -2.139 87.604 -21.875 -1.449 87.604 -21.875 -5.577 
3 16 84.466 -22.199 -6.544 84.466 -22.199 -2.836 86.151 -22.711 -5.906 
3 16 84.466 -22.199 -2.836 86.117 -22.709 -2.139 86.151 -22.711 -5.906 
3 16 84.466 -22.199 -2.836 84.466 -22.199 -6.544 82.66 -19.25 -3.756 
3 16 84.466 -22.199 -6.544 82.703 -19.125 -7.095 82.66 -19.25 -3.756 
3 16 81.576 -18.726 -7.432 81.543 -18.82 -4.098 82.703 -19.125 -7.095 
3 16 81.543 -18.82 -4.098 82.66 -19.25 -3.756 82.703 -19.125 -7.095 
3 16 80.291 -19.448 -7.914 80.291 -19.448 -4.4 81.576 -18.726 -7.432 
3 16 80.291 -19.448 -4.4 81.543 -18.82 -4.098 81.576 -18.726 -7.432 
3 16 80.291 -19.448 -4.4 80.291 -19.448 -7.914 78.215 -22.654 -4.659 
3 16 80.291 -19.448 -7.914 78.215 -22.654 -8.654 78.215 -22.654 -4.659 
3 16 76.57 -22.854 -9.189 76.599 -22.769 -5.288 78.215 -22.654 -8.654 
3 16 76.599 -22.769 -5.288 78.215 -22.654 -4.659 78.215 -22.654 -8.654 
3 16 73.833 -19.965 -9.22 73.833 -19.965 -6.133 76.57 -22.854 -9.189 
3 16 73.833 -19.965 -6.133 76.599 -22.769 -5.288 76.57 -22.854 -9.189 
3 16 73.833 -19.965 -6.133 73.833 -19.965 -9.22 68.884 -22.691 -6.548 
3 16 73.833 -19.965 -9.22 68.905 -22.631 -9.634 68.884 -22.691 -6.548 
3 16 64.813 -24.148 -9.488 64.813 -24.148 -6.401 68.905 -22.631 -9.634 
3 16 64.813 -24.148 -6.401 68.884 -22.691 -6.548 68.905 -22.631 -9.634 
3 16 61.143 -24.315 -8.826 61.284 -24.209 -5.446 64.813 -24.148 -9.488 
3 16 61.284 -24.209 -5.446 64.813 -24.148 -6.401 64.813 -24.148 -9.488 
3 16 58.917 -24.081 -0.755 59.902 -24.068 -4.417 57.057 -23.522 -0.755 
3 16 59.902 -24.068 -4.417 57.142 -23.607 -7.868 57.057 -23.522 -0.755 
3 16 57.142 -23.607 -7.868 59.902 -24.068 -4.417 61.143 -24.315 -8.826 
3 16 59.902 -24.068 -4.417 61.284 -24.209 -5.446 61.143 -24.315 -8.826 
3 16 116.435 -22.16 -0.378 114.937 -21.92 -0.948 115.28 -21.212 -0.769 
3 16 117.127 -25.133 0.147 114.404 -25.034 -1.239 116.435 -22.16 -0.378 
3 16 114.404 -25.034 -1.239 114.937 -21.92 -0.948 116.435 -22.16 -0.378 
3 16 113.553 -21.405 -1.033 114.937 -21.92 -0.948 111.984 -24.054 -1.418 
3 16 114.937 -21.92 -0.948 114.404 -25.034 -1.239 111.984 -24.054 -1.418 
3 16 113.553 -21.405 -1.033 115.28 -21.212 -0.769 114.937 -21.92 -0.948 
3 16 98.078 -19.574 -2.89 97.565 -22.51 -3.377 97.187 -19.689 -3.088 
3 16 97.565 -22.51 -3.377 95.358 -22.245 -4.053 97.187 -19.689 -3.088 
3 16 99.395 -22.861 0.995 98.853 -20.004 0.272 95.358 -22.245 -0.636 
3 16 98.853 -20.004 0.272 97.187 -19.689 -0.233 95.358 -22.245 -0.636 
3 16 98.853 -20.004 0.272 98.06 -19.625 0.019 97.187 -19.689 -0.233 
3 16 98.078 -19.574 -2.89 98.06 -19.625 0.019 98.896 -19.878 -2.632 
3 16 98.06 -19.625 0.019 98.853 -20.004 0.272 98.896 -19.878 -2.632 
3 16 99.676 -22.782 -2.448 97.565 -22.51 -3.377 98.896 -19.878 -2.632 
3 16 97.565 -22.51 -3.377 98.078 -19.574 -2.89 98.896 -19.878 -2.632 
3 16 87.604 -21.875 -5.577 89.321 -18.296 -4.921 92.785 -21.869 -4.681 
3 16 90.483 -17.904 -4.717 91.654 -18.404 -4.571 89.321 -18.296 -4.921 
3 16 91.654 -18.404 -4.571 92.785 -21.869 -4.681 89.321 -18.296 -4.921 
3 16 78.215 -22.654 -8.654 80.291 -19.448 -7.914 84.466 -22.199 -6.544 
3 16 81.576 -18.726 -7.432 82.703 -19.125 -7.095 80.291 -19.448 -7.914 
3 16 80.291 -19.448 -7.914 82.703 -19.125 -7.095 84.466 -22.199 -6.544 
3 16 73.833 -19.965 -9.22 72.263 -25.645 -9.581 68.905 -22.631 -9.634 
3 16 63.481 -27.897 -9.602 64.813 -24.148 -9.488 72.263 -25.645 -9.581 
3 16 72.263 -25.645 -9.581 64.813 -24.148 -9.488 68.905 -22.631 -9.634 
3 16 57.142 -23.607 -7.868 61.143 -24.315 -8.826 55.56 -27.409 -8.087 
3 16 55.56 -27.409 -8.087 61.143 -24.315 -8.826 63.481 -27.897 -9.602 
3 16 63.481 -27.897 -9.602 61.143 -24.315 -8.826 64.813 -24.148 -9.488 
3 16 73.833 -19.965 -9.22 76.57 -22.854 -9.189 72.263 -25.645 -9.581 
3 16 78.215 -22.654 -8.654 77.515 -25.565 -8.678 76.57 -22.854 -9.189 
3 16 77.515 -25.565 -8.678 72.263 -25.645 -9.581 76.57 -22.854 -9.189 
3 16 119.021 -26.775 3.008 118.96 -28.405 2.781 117.538 -25.859 0.531 
3 16 118.96 -28.405 2.781 116.03 -27.959 -0.542 117.538 -25.859 0.531 
3 16 111.984 -24.054 -1.418 114.404 -25.034 -1.239 110.395 -25.172 -1.674 
3 16 109.774 -27.031 -2.071 110.395 -25.172 -1.674 114.404 -25.034 -1.239 
3 16 114.404 -25.034 -1.239 116.03 -27.959 -0.542 109.774 -27.031 -2.071 
3 16 117.538 -25.859 0.531 116.03 -27.959 -0.542 117.127 -25.133 0.147 
3 16 116.03 -27.959 -0.542 114.404 -25.034 -1.239 117.127 -25.133 0.147 
3 16 110.395 -25.172 -1.674 109.774 -27.031 -2.071 107.541 -25.261 -1.805 
3 16 109.774 -27.031 -2.071 106.825 -26.205 -1.971 107.541 -25.261 -1.805 
3 16 107.541 -25.261 -1.805 106.825 -26.205 -1.971 105.115 -23.21 -1.504 
3 16 106.825 -26.205 -1.971 104.167 -26.23 -1.842 105.115 -23.21 -1.504 
3 16 105.115 -23.21 -1.504 104.167 -26.23 -1.842 101.965 -23.956 -1.707 
3 16 100.899 -24.015 -2.026 101.965 -23.956 -1.707 100.657 -26.254 -2.265 
3 16 104.167 -26.23 -1.842 100.657 -26.254 -2.265 101.965 -23.956 -1.707 
3 16 100.657 -26.254 -2.265 97.38 -24.852 -3.641 100.899 -24.015 -2.026 
3 16 100.899 -24.015 -2.026 97.38 -24.852 -3.641 99.676 -22.782 -2.448 
3 16 99.676 -22.782 -2.448 97.38 -24.852 -3.641 97.565 -22.51 -3.377 
3 16 93.718 -24.312 -4.673 95.358 -22.245 -4.053 97.38 -24.852 -3.641 
3 16 97.38 -24.852 -3.641 95.358 -22.245 -4.053 97.565 -22.51 -3.377 
3 16 95.358 -22.245 -4.053 93.718 -24.312 -4.673 93.927 -22.47 -4.502 
3 16 87.257 -25.165 -5.673 87.604 -21.875 -5.577 93.718 -24.312 -4.673 
3 16 93.927 -22.47 -4.502 93.718 -24.312 -4.673 92.785 -21.869 -4.681 
3 16 93.718 -24.312 -4.673 87.604 -21.875 -5.577 92.785 -21.869 -4.681 
3 16 87.604 -21.875 -5.577 87.257 -25.165 -5.673 86.151 -22.711 -5.906 
3 16 84.466 -22.199 -6.544 86.151 -22.711 -5.906 82.941 -25.535 -6.704 
3 16 82.941 -25.535 -6.704 86.151 -22.711 -5.906 87.257 -25.165 -5.673 
3 16 84.466 -22.199 -6.544 82.941 -25.535 -6.704 78.215 -22.654 -8.654 
3 16 82.941 -25.535 -6.704 77.515 -25.565 -8.678 78.215 -22.654 -8.654 
3 16 118.96 -28.405 2.781 117.354 -30.453 3.028 116.03 -27.959 -0.542 
3 16 117.354 -30.453 3.028 114.004 -30.433 0.508 116.03 -27.959 -0.542 
3 16 116.03 -27.959 -0.542 114.004 -30.433 0.508 109.774 -27.031 -2.071 
3 16 114.004 -30.433 0.508 107.97 -30.582 0.524 109.774 -27.031 -2.071 
3 16 104.167 -26.23 -1.842 106.825 -26.205 -1.971 102.361 -30.397 0.933 
3 16 102.361 -30.397 0.933 106.825 -26.205 -1.971 107.97 -30.582 0.524 
3 16 107.97 -30.582 0.524 106.825 -26.205 -1.971 109.774 -27.031 -2.071 
3 16 104.167 -26.23 -1.842 102.361 -30.397 0.933 100.657 -26.254 -2.265 
3 16 102.361 -30.397 0.933 98.928 -30.132 0.099 100.657 -26.254 -2.265 
3 16 93.718 -24.312 -4.673 97.38 -24.852 -3.641 91.885 -29.378 -2.278 
3 16 97.38 -24.852 -3.641 98.928 -30.132 0.099 91.885 -29.378 -2.278 
3 16 98.928 -30.132 0.099 97.38 -24.852 -3.641 100.657 -26.254 -2.265 
3 16 93.718 -24.312 -4.673 91.885 -29.378 -2.278 87.257 -25.165 -5.673 
3 16 91.885 -29.378 -2.278 86.187 -29.013 -4.235 87.257 -25.165 -5.673 
3 16 87.257 -25.165 -5.673 86.187 -29.013 -4.235 82.941 -25.535 -6.704 
3 16 86.187 -29.013 -4.235 81.754 -29.098 -5.781 82.941 -25.535 -6.704 
3 16 82.941 -25.535 -6.704 81.754 -29.098 -5.781 77.515 -25.565 -8.678 
3 16 81.754 -29.098 -5.781 75.986 -30.023 -7.422 77.515 -25.565 -8.678 
3 16 77.515 -25.565 -8.678 75.986 -30.023 -7.422 72.263 -25.645 -9.581 
3 16 75.986 -30.023 -7.422 70.588 -31.188 -8.46 72.263 -25.645 -9.581 
3 16 72.263 -25.645 -9.581 70.588 -31.188 -8.46 63.481 -27.897 -9.602 
3 16 70.588 -31.188 -8.46 62.07 -32.003 -8.705 63.481 -27.897 -9.602 
3 16 63.481 -27.897 -9.602 62.07 -32.003 -8.705 55.56 -27.409 -8.087 
3 16 62.07 -32.003 -8.705 54.03 -31.248 -7.46 55.56 -27.409 -8.087 
3 16 119.021 -26.775 3.008 119.957 -27.622 10 118.96 -28.405 2.781 
3 16 118.96 -28.405 2.781 119.957 -27.622 10 120.071 -28.748 10 
3 16 119.957 -27.622 10 119.021 -26.775 3.008 119.885 -25.663 6.33 
3 16 118.965 -30.446 10 117.354 -30.453 3.028 120.071 -28.748 10 
3 16 117.354 -30.453 3.028 118.96 -28.405 2.781 120.071 -28.748 10 
3 16 54.49 -32.228 -4.763 58.544 -33.066 -4.456 55.563 -34.626 -2.462 
3 16 58.544 -33.066 -4.456 58.428 -34.986 -2.417 55.563 -34.626 -2.462 
3 16 82.589 -33.415 0.086 77.412 -34.913 -0.998 82.208 -30.564 -2.564 
3 16 77.412 -34.913 -0.998 77.128 -31.317 -3.737 82.208 -30.564 -2.564 
3 16 77.128 -31.317 -3.737 77.412 -34.913 -0.998 71.412 -33.179 -2.386 
3 16 77.412 -34.913 -0.998 71.456 -34.936 -0.524 71.412 -33.179 -2.386 
3 16 68.616 -34.525 0.491 68.64 -34.037 -0.642 71.456 -34.936 -0.524 
3 16 68.64 -34.037 -0.642 71.412 -33.179 -2.386 71.456 -34.936 -0.524 
3 16 66.603 -34.015 -1.704 68.64 -34.037 -0.642 66.778 -35.116 -0.291 
3 16 68.64 -34.037 -0.642 68.616 -34.525 0.491 66.778 -35.116 -0.291 
3 16 66.778 -35.116 -0.291 62.52 -35.551 -1.153 66.603 -34.015 -1.704 
3 16 62.52 -35.551 -1.153 62.466 -33.824 -2.818 66.603 -34.015 -1.704 
3 16 62.52 -35.551 -1.153 58.428 -34.986 -2.417 62.466 -33.824 -2.818 
3 16 58.428 -34.986 -2.417 58.544 -33.066 -4.456 62.466 -33.824 -2.818 
3 16 86.348 -31.72 2.446 85.856 -32.349 3.826 82.589 -33.415 0.086 
3 16 85.856 -32.349 3.826 82.34 -35.131 3.593 82.589 -33.415 0.086 
3 16 82.589 -33.415 0.086 82.34 -35.131 3.593 77.412 -34.913 -0.998 
3 16 82.34 -35.131 3.593 77.358 -37.096 2.953 77.412 -34.913 -0.998 
3 16 77.358 -37.096 2.953 71.59 -36.075 1.737 77.412 -34.913 -0.998 
3 16 71.59 -36.075 1.737 71.456 -34.936 -0.524 77.412 -34.913 -0.998 
3 16 68.521 -34.639 1.662 68.616 -34.525 0.491 71.59 -36.075 1.737 
3 16 68.616 -34.525 0.491 71.456 -34.936 -0.524 71.59 -36.075 1.737 
3 16 66.778 -35.116 -0.291 68.616 -34.525 0.491 66.758 -35.632 1.419 
3 16 68.616 -34.525 0.491 68.521 -34.639 1.662 66.758 -35.632 1.419 
3 16 66.758 -35.632 1.419 62.483 -36.565 1.17 66.778 -35.116 -0.291 
3 16 62.483 -36.565 1.17 62.52 -35.551 -1.153 66.778 -35.116 -0.291 
3 16 62.483 -36.565 1.17 58.989 -36.405 0.308 62.52 -35.551 -1.153 
3 16 58.989 -36.405 0.308 58.428 -34.986 -2.417 62.52 -35.551 -1.153 
3 16 58.989 -36.405 0.308 55.563 -34.626 -2.462 58.428 -34.986 -2.417 
3 16 55.563 -34.626 -2.462 54.628 -32.766 -0.838 54.49 -32.228 -4.763 
3 16 86.348 -31.72 2.446 82.589 -33.415 0.086 85.739 -31.224 0.765 
3 16 82.589 -33.415 0.086 82.208 -30.564 -2.564 85.739 -31.224 0.765 
3 16 70.629 -33.982 3.933 68.521 -34.639 1.662 71.069 -35.119 2.909 
3 16 68.521 -34.639 1.662 71.59 -36.075 1.737 71.069 -35.119 2.909 
3 16 66.758 -35.632 1.419 68.521 -34.639 1.662 66.769 -34.244 3.176 
3 16 77.358 -37.096 2.953 76.771 -35.362 4.73 71.59 -36.075 1.737 
3 16 76.771 -35.362 4.73 71.069 -35.119 2.909 71.59 -36.075 1.737 
3 16 81.3 -32.586 6.125 81.683 -33.979 5.002 85.856 -32.349 3.826 
3 16 85.856 -32.349 3.826 81.683 -33.979 5.002 82.34 -35.131 3.593 
3 16 81.683 -33.979 5.002 76.771 -35.362 4.73 82.34 -35.131 3.593 
3 16 76.771 -35.362 4.73 77.358 -37.096 2.953 82.34 -35.131 3.593 
3 16 101.769 -32.104 5.443 98.793 -31.706 5.074 102.085 -31.08 3.25 
3 16 98.793 -31.706 5.074 98.861 -30.874 2.589 102.085 -31.08 3.25 
3 16 98.793 -31.706 5.074 90.794 -31.616 4.348 98.861 -30.874 2.589 
3 16 90.794 -31.616 4.348 91.339 -30.497 1.035 98.861 -30.874 2.589 
3 16 85.739 -31.224 0.765 91.339 -30.497 1.035 86.348 -31.72 2.446 
3 16 91.339 -30.497 1.035 90.794 -31.616 4.348 86.348 -31.72 2.446 
3 16 90.794 -31.616 4.348 85.856 -32.349 3.826 86.348 -31.72 2.446 
3 16 85.739 -31.224 0.765 82.208 -30.564 -2.564 86.187 -29.013 -4.235 
3 16 82.208 -30.564 -2.564 81.754 -29.098 -5.781 86.187 -29.013 -4.235 
3 16 82.208 -30.564 -2.564 77.128 -31.317 -3.737 81.754 -29.098 -5.781 
3 16 77.128 -31.317 -3.737 75.986 -30.023 -7.422 81.754 -29.098 -5.781 
3 16 77.128 -31.317 -3.737 71.412 -33.179 -2.386 75.986 -30.023 -7.422 
3 16 71.412 -33.179 -2.386 70.588 -31.188 -8.46 75.986 -30.023 -7.422 
3 16 62.07 -32.003 -8.705 70.588 -31.188 -8.46 62.466 -33.824 -2.818 
3 16 62.466 -33.824 -2.818 70.588 -31.188 -8.46 66.603 -34.015 -1.704 
3 16 70.588 -31.188 -8.46 71.412 -33.179 -2.386 66.603 -34.015 -1.704 
3 16 66.603 -34.015 -1.704 71.412 -33.179 -2.386 68.64 -34.037 -0.642 
3 16 62.466 -33.824 -2.818 58.544 -33.066 -4.456 62.07 -32.003 -8.705 
3 16 62.07 -32.003 -8.705 58.544 -33.066 -4.456 54.03 -31.248 -7.46 
3 16 58.544 -33.066 -4.456 54.49 -32.228 -4.763 54.03 -31.248 -7.46 
3 16 111.062 -33.817 5.268 111.767 -32.942 4.187 112.153 -34.618 6.335 
3 16 111.24 -35.821 7.383 112.153 -34.618 6.335 113.537 -35.208 7.212 
3 16 115.454 -32.623 5.432 113.537 -35.208 7.212 111.767 -32.942 4.187 
3 16 113.537 -35.208 7.212 112.153 -34.618 6.335 111.767 -32.942 4.187 
3 16 105.964 -34.098 6.233 101.769 -32.104 5.443 107.037 -32.035 3.592 
3 16 101.769 -32.104 5.443 102.085 -31.08 3.25 107.037 -32.035 3.592 
3 16 111.767 -32.942 4.187 114.004 -30.433 0.508 115.454 -32.623 5.432 
3 16 114.004 -30.433 0.508 117.354 -30.453 3.028 115.454 -32.623 5.432 
3 16 107.037 -32.035 3.592 107.97 -30.582 0.524 111.767 -32.942 4.187 
3 16 107.97 -30.582 0.524 114.004 -30.433 0.508 111.767 -32.942 4.187 
3 16 102.085 -31.08 3.25 102.361 -30.397 0.933 107.037 -32.035 3.592 
3 16 102.361 -30.397 0.933 107.97 -30.582 0.524 107.037 -32.035 3.592 
3 16 102.085 -31.08 3.25 98.861 -30.874 2.589 102.361 -30.397 0.933 
3 16 98.861 -30.874 2.589 98.928 -30.132 0.099 102.361 -30.397 0.933 
3 16 98.861 -30.874 2.589 91.339 -30.497 1.035 98.928 -30.132 0.099 
3 16 91.339 -30.497 1.035 91.885 -29.378 -2.278 98.928 -30.132 0.099 
3 16 91.339 -30.497 1.035 85.739 -31.224 0.765 91.885 -29.378 -2.278 
3 16 85.739 -31.224 0.765 86.187 -29.013 -4.235 91.885 -29.378 -2.278 
3 16 50.066 -30.502 -6.715 54.49 -32.228 -4.763 53.831 -32.277 -0.81 
3 16 54.49 -32.228 -4.763 54.628 -32.766 -0.838 53.831 -32.277 -0.81 
3 16 50.017 -30.637 -0.716 50.066 -30.502 -6.715 53.831 -32.277 -0.81 
3 16 54.49 -32.228 -4.763 50.066 -30.502 -6.715 54.03 -31.248 -7.46 
3 16 113.721 -35.587 10 113.537 -35.208 7.212 116.223 -32.894 10 
3 16 113.537 -35.208 7.212 115.454 -32.623 5.432 116.223 -32.894 10 
3 16 108.68 -35.688 7.259 105.964 -34.098 6.233 108.152 -34.268 5.808 
3 16 105.964 -34.098 6.233 107.037 -32.035 3.592 108.152 -34.268 5.808 
3 16 111.767 -32.942 4.187 111.062 -33.817 5.268 107.037 -32.035 3.592 
3 16 108.152 -34.268 5.808 107.037 -32.035 3.592 111.062 -33.817 5.268 
3 16 117.354 -30.453 3.028 118.965 -30.446 10 115.454 -32.623 5.432 
3 16 118.965 -30.446 10 116.223 -32.894 10 115.454 -32.623 5.432 
3 16 110.561 -35.926 7.515 108.68 -35.688 7.259 110.577 -34.04 6.608 
3 16 112.153 -34.618 6.335 111.24 -35.821 7.383 110.577 -34.04 6.608 
3 16 111.24 -35.821 7.383 110.561 -35.926 7.515 110.577 -34.04 6.608 
3 16 111.062 -33.817 5.268 112.153 -34.618 6.335 110.577 -34.04 6.608 
3 16 110.577 -34.04 6.608 108.152 -34.268 5.808 111.062 -33.817 5.268 
3 16 108.68 -35.688 7.259 108.152 -34.268 5.808 110.577 -34.04 6.608 
3 16 81.683 -33.979 5.002 81.3 -32.586 6.125 76.771 -35.362 4.73 
3 16 81.3 -32.586 6.125 76.215 -33.281 6.104 76.771 -35.362 4.73 
3 16 76.771 -35.362 4.73 76.215 -33.281 6.104 71.069 -35.119 2.909 
3 16 76.215 -33.281 6.104 70.629 -33.982 3.933 71.069 -35.119 2.909 
3 16 66.758 -35.632 1.419 66.769 -34.244 3.176 62.483 -36.565 1.17 
3 16 66.769 -34.244 3.176 61.135 -33.973 3.765 62.483 -36.565 1.17 
3 16 62.483 -36.565 1.17 61.135 -33.973 3.765 58.989 -36.405 0.308 
3 16 61.135 -33.973 3.765 56.958 -33.227 2.397 58.989 -36.405 0.308 
3 16 58.989 -36.405 0.308 56.958 -33.227 2.397 55.563 -34.626 -2.462 
3 16 56.958 -33.227 2.397 54.628 -32.766 -0.838 55.563 -34.626 -2.462 
3 16 110.561 -35.926 7.515 111.24 -35.821 7.383 110.588 -36.147 10 
3 16 110.588 -36.147 10 111.24 -35.821 7.383 113.721 -35.587 10 
3 16 113.721 -35.587 10 111.24 -35.821 7.383 113.537 -35.208 7.212 
3 16 110.588 -36.147 10 108.636 -35.893 10 110.561 -35.926 7.515 
3 16 108.636 -35.893 10 108.68 -35.688 7.259 110.561 -35.926 7.515 
3 16 105.667 -34.467 10 105.964 -34.098 6.233 108.636 -35.893 10 
3 16 105.964 -34.098 6.233 108.68 -35.688 7.259 108.636 -35.893 10 
3 16 101.87 -31.829 10 101.769 -32.104 5.443 105.667 -34.467 10 
3 16 101.769 -32.104 5.443 105.964 -34.098 6.233 105.667 -34.467 10 
3 16 98.631 -30.775 10 98.793 -31.706 5.074 101.87 -31.829 10 
3 16 98.793 -31.706 5.074 101.769 -32.104 5.443 101.87 -31.829 10 
3 16 90.547 -30.633 10 90.794 -31.616 4.348 98.631 -30.775 10 
3 16 90.794 -31.616 4.348 98.793 -31.706 5.074 98.631 -30.775 10 
3 16 85.349 -31.094 10 85.856 -32.349 3.826 90.547 -30.633 10 
3 16 85.856 -32.349 3.826 90.794 -31.616 4.348 90.547 -30.633 10 
3 16 57.041 -33.124 10 54.628 -32.766 -0.838 56.958 -33.227 2.397 
3 16 81.474 -31.672 10 81.3 -32.586 6.125 85.349 -31.094 10 
3 16 81.3 -32.586 6.125 85.856 -32.349 3.826 85.349 -31.094 10 
3 16 76.394 -32.437 10 76.215 -33.281 6.104 81.474 -31.672 10 
3 16 76.215 -33.281 6.104 81.3 -32.586 6.125 81.474 -31.672 10 
3 16 70.775 -33.016 10 70.629 -33.982 3.933 76.394 -32.437 10 
3 16 70.629 -33.982 3.933 76.215 -33.281 6.104 76.394 -32.437 10 
3 16 66.337 -33.434 10 66.769 -34.244 3.176 70.775 -33.016 10 
3 16 68.521 -34.639 1.662 70.629 -33.982 3.933 66.769 -34.244 3.176 
3 16 70.775 -33.016 10 66.769 -34.244 3.176 70.629 -33.982 3.933 
3 16 61.315 -33.677 10 61.135 -33.973 3.765 66.337 -33.434 10 
3 16 61.135 -33.973 3.765 66.769 -34.244 3.176 66.337 -33.434 10 
3 16 57.041 -33.124 10 56.958 -33.227 2.397 61.315 -33.677 10 
3 16 56.958 -33.227 2.397 61.135 -33.973 3.765 61.315 -33.677 10 
3 16 47.266 -28.993 -0.716 50.209 -25.088 -0.716 45.533 -26.518 -0.716 
3 16 50.017 -30.637 -0.716 50.209 -25.088 -0.716 47.266 -28.993 -0.716 
3 16 53.831 -32.277 -0.81 55.841 -25.689 -0.839 50.017 -30.637 -0.716 
3 16 55.841 -25.689 -0.839 50.209 -25.088 -0.716 50.017 -30.637 -0.716 
3 16 57.057 -23.522 -0.755 54.393 -22.038 -0.716 55.841 -25.689 -0.839 
3 16 54.393 -22.038 -0.716 50.209 -25.088 -0.716 55.841 -25.689 -0.839 
3 16 51.8 -20.465 -0.716 50.209 -25.088 -0.716 54.393 -22.038 -0.716 
3 16 48.779 -20.412 -0.716 50.209 -25.088 -0.716 51.8 -20.465 -0.716 
3 16 45.945 -22.821 -0.716 50.209 -25.088 -0.716 48.779 -20.412 -0.716 
3 16 45.533 -26.518 -0.716 50.209 -25.088 -0.716 45.945 -22.821 -0.716 
3 16 97.626 -27.05 2.819 97.754 -27.078 1.102 96.327 -26.72 2.385 
3 16 97.754 -27.078 1.102 92.492 -26.637 -0.677 96.327 -26.72 2.385 
3 16 96.327 -26.72 2.385 92.492 -26.637 -0.677 92.314 -25.861 1.895 
3 16 63.348 -28.396 19.255 62.598 -28.151 15.738 62.428 -30.021 19.302 
3 16 62.428 -30.021 19.302 62.598 -28.151 15.738 61.532 -30.004 15.724 
3 16 65.982 -29.771 21.101 66.479 -29.675 22.039 66.959 -29.673 21.106 
3 16 70.436 -29.212 21.938 68.414 -29.945 20.979 66.479 -29.675 22.039 
3 16 68.414 -29.945 20.979 66.959 -29.673 21.106 66.479 -29.675 22.039 
3 16 74.425 -28.666 19.974 70.743 -30.694 19.305 70.436 -29.212 21.938 
3 16 70.436 -29.212 21.938 70.743 -30.694 19.305 68.414 -29.945 20.979 
3 16 75.74 -28.515 15.548 71.497 -31.001 15.724 74.425 -28.666 19.974 
3 16 74.425 -28.666 19.974 71.497 -31.001 15.724 70.743 -30.694 19.305 
3 16 66.959 -29.673 21.106 63.348 -28.396 19.255 65.982 -29.771 21.101 
3 16 65.982 -29.771 21.101 63.348 -28.396 19.255 62.428 -30.021 19.302 
3 16 62.598 -28.151 15.738 63.348 -28.396 19.255 67.011 -29.682 15.731 
3 16 67.011 -29.682 15.731 63.348 -28.396 19.255 66.998 -29.682 19.28 
3 16 66.998 -29.682 19.28 70.743 -30.694 19.305 67.011 -29.682 15.731 
3 16 67.011 -29.682 15.731 70.743 -30.694 19.305 71.497 -31.001 15.724 
3 16 66.998 -29.682 19.28 63.348 -28.396 19.255 66.959 -29.673 21.106 
3 16 70.743 -30.694 19.305 66.998 -29.682 19.28 68.414 -29.945 20.979 
3 16 68.414 -29.945 20.979 66.998 -29.682 19.28 66.959 -29.673 21.106 
3 16 61.532 -30.004 15.724 62.598 -28.151 15.738 63.587 -29.931 12.589 
3 16 63.587 -29.931 12.589 62.598 -28.151 15.738 64.326 -28.776 12.637 
3 16 63.587 -29.931 12.589 64.326 -28.776 12.637 66.959 -29.673 11.835 
3 16 66.959 -29.673 11.835 69.692 -30.32 12.571 67.923 -29.516 10.864 
3 16 67.923 -29.516 10.864 69.692 -30.32 12.571 72.613 -28.893 11.651 
3 16 69.692 -30.32 12.571 71.497 -31.001 15.724 72.613 -28.893 11.651 
3 16 72.613 -28.893 11.651 71.497 -31.001 15.724 75.74 -28.515 15.548 
3 16 71.497 -31.001 15.724 69.692 -30.32 12.571 67.011 -29.682 15.731 
3 16 67.011 -29.682 15.731 69.692 -30.32 12.571 66.959 -29.673 11.835 
3 16 62.598 -28.151 15.738 67.011 -29.682 15.731 64.326 -28.776 12.637 
3 16 64.326 -28.776 12.637 67.011 -29.682 15.731 66.959 -29.673 11.835 
3 16 99.701 -27.532 10 100.621 -27.849 12.771 100.231 -27.879 10 
3 16 100.231 -27.879 10 100.621 -27.849 12.771 101.041 -28.158 12.598 
3 16 100.621 -27.849 12.771 103.032 -28.679 14.506 101.041 -28.158 12.598 
3 16 101.041 -28.158 12.598 103.032 -28.679 14.506 103.16 -28.888 14.227 
3 16 103.16 -28.888 14.227 103.032 -28.679 14.506 105.782 -29.786 14.227 
3 16 105.782 -29.786 14.227 103.032 -28.679 14.506 106.042 -29.615 14.506 
3 16 105.782 -29.786 14.227 106.042 -29.615 14.506 107.891 -30.512 12.59 
3 16 107.891 -30.512 12.59 106.042 -29.615 14.506 108.662 -29.835 12.771 
3 16 107.891 -30.512 12.59 108.662 -29.835 12.771 108.698 -30.789 10 
3 16 108.698 -30.789 10 108.662 -29.835 12.771 109.755 -29.654 10 
3 16 108.698 -30.789 10 100.231 -27.879 10 107.891 -30.512 12.59 
3 16 105.782 -29.786 14.227 107.891 -30.512 12.59 101.041 -28.158 12.598 
3 16 103.16 -28.888 14.227 105.782 -29.786 14.227 101.041 -28.158 12.598 
3 16 100.231 -27.879 10 101.041 -28.158 12.598 107.891 -30.512 12.59 
3 16 61.408 -30.093 19.981 62.428 -30.021 19.302 60.164 -30.113 16.487 
3 16 60.164 -30.113 16.487 62.428 -30.021 19.302 61.532 -30.004 15.724 
3 16 66.479 -29.675 22.039 65.982 -29.771 21.101 62.781 -30.049 21.261 
3 16 65.982 -29.771 21.101 62.428 -30.021 19.302 62.781 -30.049 21.261 
3 16 62.428 -30.021 19.302 61.408 -30.093 19.981 62.781 -30.049 21.261 
3 16 61.532 -30.004 15.724 60.574 -30.104 14.526 60.164 -30.113 16.487 
3 16 61.532 -30.004 15.724 63.587 -29.931 12.589 60.574 -30.104 14.526 
3 16 60.574 -30.104 14.526 63.587 -29.931 12.589 61.226 -30.116 11.362 
3 16 70.436 -29.212 21.938 66.479 -29.675 22.039 70.451 -29.168 26.076 
3 16 70.451 -29.168 26.076 66.479 -29.675 22.039 66.481 -29.671 26.444 
3 16 74.425 -28.666 19.974 70.436 -29.212 21.938 74.425 -28.666 24.985 
3 16 74.425 -28.666 24.985 70.436 -29.212 21.938 70.451 -29.168 26.076 
3 16 66.481 -29.671 26.444 66.479 -29.675 22.039 62.781 -30.049 26.275 
3 16 62.781 -30.049 26.275 66.479 -29.675 22.039 62.781 -30.049 21.261 
3 16 60.164 -30.113 16.487 60.574 -30.104 14.526 57.456 -28.755 10 
3 16 57.128 -29.547 21.432 61.408 -30.093 19.981 60.164 -30.113 16.487 
3 16 57.456 -28.755 10 57.128 -29.547 21.432 60.164 -30.113 16.487 
3 16 60.574 -30.104 14.526 61.226 -30.116 11.362 57.456 -28.755 10 
3 16 57.456 -28.755 10 61.226 -30.116 11.362 61.226 -30.116 8.638 
3 16 66.959 -29.673 11.835 67.923 -29.516 10.864 63.587 -29.931 12.589 
3 16 63.587 -29.931 12.589 67.923 -29.516 10.864 61.226 -30.116 11.362 
3 16 92.236 -25.289 17.181 91.083 -26.082 17.86 92.314 -25.861 18.105 
3 16 96.327 -26.72 17.615 97.626 -27.05 17.181 96.279 -26.61 17.181 
3 16 96.327 -26.72 17.615 96.279 -26.61 17.181 92.314 -25.861 18.105 
3 16 92.314 -25.861 18.105 96.279 -26.61 17.181 92.236 -25.289 17.181 
3 16 89.322 -26.786 20.791 92.492 -26.637 20.677 89.733 -26.809 18.653 
3 16 89.733 -26.809 18.653 92.492 -26.637 20.677 91.083 -26.082 17.86 
3 16 92.314 -25.861 18.105 91.083 -26.082 17.86 92.492 -26.637 20.677 
3 16 106.086 -29.486 18.121 108.707 -29.706 17.703 106.042 -29.615 14.506 
3 16 106.042 -29.615 14.506 108.707 -29.706 17.703 108.662 -29.835 12.771 
3 16 106.086 -29.486 18.121 106.042 -29.615 14.506 103.076 -28.55 17.887 
3 16 103.076 -28.55 17.887 106.042 -29.615 14.506 103.032 -28.679 14.506 
3 16 103.076 -28.55 17.887 103.032 -28.679 14.506 100.66 -27.746 17.88 
3 16 100.66 -27.746 17.88 103.032 -28.679 14.506 100.621 -27.849 12.771 
3 16 99.691 -27.524 18.095 100.66 -27.746 17.88 99.009 -27.371 10 
3 16 99.009 -27.371 10 100.66 -27.746 17.88 99.701 -27.532 10 
3 16 100.66 -27.746 17.88 100.621 -27.849 12.771 99.701 -27.532 10 
3 16 97.754 -27.078 18.898 99.691 -27.524 18.095 97.626 -27.05 17.181 
3 16 99.691 -27.524 18.095 99.009 -27.371 10 97.626 -27.05 17.181 
3 16 97.626 -27.05 17.181 99.009 -27.371 10 97.626 -27.05 2.819 
3 16 99.009 -27.371 10 99.691 -27.524 1.905 97.626 -27.05 2.819 
3 16 114.845 -26.825 12.622 114.844 -26.857 15.638 116.621 -25.171 13.812 
3 16 116.621 -25.171 13.812 114.844 -26.857 15.638 116.608 -25.115 14.964 
3 16 113.693 -27.744 10 111.816 -28.936 10 114.845 -26.825 12.622 
3 16 112.018 -28.796 16.819 114.845 -26.825 12.622 111.816 -28.936 10 
3 16 112.018 -28.796 16.819 114.844 -26.857 15.638 114.845 -26.825 12.622 
3 16 108.707 -29.706 17.703 112.018 -28.796 16.819 108.662 -29.835 12.771 
3 16 112.018 -28.796 16.819 111.816 -28.936 10 108.662 -29.835 12.771 
3 16 108.662 -29.835 12.771 111.816 -28.936 10 109.755 -29.654 10 
3 16 113.693 -27.744 10 114.845 -26.825 12.622 119.957 -27.622 10 
3 16 119.957 -27.622 10 114.845 -26.825 12.622 119.885 -25.663 13.67 
3 16 119.885 -25.663 13.67 114.845 -26.825 12.622 116.621 -25.171 13.812 
3 16 74.425 -28.666 24.985 79.801 -27.962 23.581 74.425 -28.666 19.974 
3 16 74.425 -28.666 19.974 79.801 -27.962 23.581 75.74 -28.515 15.548 
3 16 75.74 -28.515 15.548 79.801 -27.962 23.581 75.74 -28.515 4.452 
3 16 79.801 -27.962 23.581 79.801 -27.962 -3.581 75.74 -28.515 4.452 
3 16 72.613 -28.893 11.651 75.74 -28.515 15.548 72.613 -28.893 8.349 
3 16 72.613 -28.893 8.349 75.74 -28.515 15.548 75.74 -28.515 4.452 
3 16 89.733 -26.809 1.347 84.906 -27.336 -1.71 89.733 -26.809 18.653 
3 16 89.733 -26.809 18.653 84.906 -27.336 -1.71 84.906 -27.336 21.71 
3 16 84.906 -27.336 21.71 89.322 -26.786 20.791 89.733 -26.809 18.653 
3 16 68.884 -22.691 26.548 66.481 -29.671 26.444 64.813 -24.148 26.401 
3 16 64.813 -24.148 26.401 66.481 -29.671 26.444 62.781 -30.049 26.275 
3 16 108.707 -29.706 17.703 110.395 -25.172 17.822 112.018 -28.796 16.819 
3 16 112.018 -28.796 16.819 110.395 -25.172 17.822 114.844 -26.857 15.638 
3 16 110.395 -25.172 17.822 112.058 -24.103 17.384 114.844 -26.857 15.638 
3 16 114.844 -26.857 15.638 112.058 -24.103 17.384 116.608 -25.115 14.964 
3 16 116.608 -25.115 14.964 112.058 -24.103 17.384 116.226 -22.068 16.203 
3 16 115.265 -21.255 16.71 116.226 -22.068 16.203 113.467 -21.44 17.247 
3 16 113.467 -21.44 17.247 116.226 -22.068 16.203 112.058 -24.103 17.384 
3 16 110.395 -25.172 17.822 108.707 -29.706 17.703 107.541 -25.261 18.178 
3 16 107.541 -25.261 18.178 108.707 -29.706 17.703 106.086 -29.486 18.121 
3 16 106.086 -29.486 18.121 103.076 -28.55 17.887 107.541 -25.261 18.178 
3 16 107.541 -25.261 18.178 103.076 -28.55 17.887 105.115 -23.21 17.979 
3 16 105.115 -23.21 17.979 103.076 -28.55 17.887 101.965 -23.956 18.108 
3 16 101.965 -23.956 18.108 103.076 -28.55 17.887 100.66 -27.746 17.88 
3 16 101.965 -23.956 18.108 100.66 -27.746 17.88 100.899 -24.015 18.334 
3 16 100.899 -24.015 18.334 100.66 -27.746 17.88 99.691 -27.524 18.095 
3 16 99.691 -27.524 18.095 97.754 -27.078 18.898 100.899 -24.015 18.334 
3 16 100.899 -24.015 18.334 97.754 -27.078 18.898 99.395 -22.861 19.005 
3 16 92.492 -26.637 20.677 93.927 -22.47 20.815 97.754 -27.078 18.898 
3 16 93.927 -22.47 20.815 95.358 -22.245 20.636 97.754 -27.078 18.898 
3 16 99.395 -22.861 19.005 97.754 -27.078 18.898 95.358 -22.245 20.636 
3 16 89.322 -26.786 20.791 90.185 -21.994 20.869 92.492 -26.637 20.677 
3 16 90.185 -21.994 20.869 92.785 -21.869 20.824 92.492 -26.637 20.677 
3 16 92.785 -21.869 20.824 93.927 -22.47 20.815 92.492 -26.637 20.677 
3 16 89.322 -26.786 20.791 84.906 -27.336 21.71 87.604 -21.875 21.449 
3 16 84.906 -27.336 21.71 86.117 -22.709 22.139 87.604 -21.875 21.449 
3 16 87.604 -21.875 21.449 90.185 -21.994 20.869 89.322 -26.786 20.791 
3 16 79.801 -27.962 23.581 80.854 -22.724 23.84 84.906 -27.336 21.71 
3 16 80.854 -22.724 23.84 84.466 -22.199 22.836 84.906 -27.336 21.71 
3 16 84.466 -22.199 22.836 86.117 -22.709 22.139 84.906 -27.336 21.71 
3 16 79.801 -27.962 23.581 74.425 -28.666 24.985 78.215 -22.654 24.659 
3 16 74.425 -28.666 24.985 76.599 -22.769 25.288 78.215 -22.654 24.659 
3 16 78.215 -22.654 24.659 80.854 -22.724 23.84 79.801 -27.962 23.581 
3 16 76.599 -22.769 25.288 74.425 -28.666 24.985 73.833 -19.965 26.133 
3 16 73.833 -19.965 26.133 74.425 -28.666 24.985 70.451 -29.168 26.076 
3 16 64.813 -24.148 26.401 62.781 -30.049 26.275 61.284 -24.209 25.446 
3 16 62.781 -30.049 26.275 58.203 -29.65 24.628 61.284 -24.209 25.446 
3 16 58.203 -29.65 24.628 59.902 -24.068 24.417 61.284 -24.209 25.446 
3 16 73.833 -19.965 26.133 70.451 -29.168 26.076 68.884 -22.691 26.548 
3 16 68.884 -22.691 26.548 70.451 -29.168 26.076 66.481 -29.671 26.444 
3 16 59.902 -24.068 24.417 58.203 -29.65 24.628 58.917 -24.081 20.755 
3 16 58.917 -24.081 20.755 58.203 -29.65 24.628 58.178 -26.493 20.839 
3 16 58.178 -26.493 20.839 58.203 -29.65 24.628 57.128 -29.547 21.432 
3 16 58.178 -26.493 -0.839 58.178 -26.493 20.839 57.456 -28.755 10 
3 16 57.456 -28.755 10 58.178 -26.493 20.839 57.128 -29.547 21.432 
3 16 55.841 -25.689 20.839 57.057 -23.522 20.755 58.178 -26.493 20.839 
3 16 58.178 -26.493 20.839 57.057 -23.522 20.755 58.917 -24.081 20.755 
3 16 62.781 -30.049 26.275 62.781 -30.049 21.261 58.203 -29.65 24.628 
3 16 58.203 -29.65 24.628 62.781 -30.049 21.261 57.128 -29.547 21.432 
3 16 61.408 -30.093 19.981 57.128 -29.547 21.432 62.781 -30.049 21.261 
3 16 53.831 -32.277 20.81 55.841 -25.689 20.839 53.831 -32.277 -0.81 
3 16 53.831 -32.277 -0.81 55.841 -25.689 20.839 55.841 -25.689 -0.839 
3 16 51.807 -20.333 26.75 48.713 -20.279 26.692 49.449 -24.714 27.306 
3 16 49.449 -24.714 27.306 48.713 -20.279 26.692 45.81 -22.746 27.235 
3 16 50.066 -30.502 26.715 54.03 -31.248 27.46 52.206 -26.256 27.537 
3 16 52.206 -26.256 27.537 54.03 -31.248 27.46 55.56 -27.409 28.087 
3 16 47.163 -29.068 26.171 50.066 -30.502 26.715 49.449 -24.714 27.306 
3 16 49.449 -24.714 27.306 50.066 -30.502 26.715 52.206 -26.256 27.537 
3 16 47.163 -29.068 26.171 49.449 -24.714 27.306 45.388 -26.532 26.366 
3 16 45.388 -26.532 26.366 49.449 -24.714 27.306 45.81 -22.746 27.235 
3 16 54.463 -21.944 27.135 52.206 -26.256 27.537 57.142 -23.607 27.868 
3 16 57.142 -23.607 27.868 52.206 -26.256 27.537 55.56 -27.409 28.087 
3 16 52.206 -26.256 27.537 54.463 -21.944 27.135 49.449 -24.714 27.306 
3 16 49.449 -24.714 27.306 54.463 -21.944 27.135 51.807 -20.333 26.75 
3 16 54.463 -21.944 27.135 57.142 -23.607 27.868 54.393 -22.038 20.716 
3 16 54.393 -22.038 20.716 57.142 -23.607 27.868 57.057 -23.522 20.755 
3 16 51.807 -20.333 26.75 54.463 -21.944 27.135 51.8 -20.465 20.716 
3 16 51.8 -20.465 20.716 54.463 -21.944 27.135 54.393 -22.038 20.716 
3 16 48.713 -20.279 26.692 51.807 -20.333 26.75 48.779 -20.412 20.716 
3 16 48.779 -20.412 20.716 51.807 -20.333 26.75 51.8 -20.465 20.716 
3 16 45.81 -22.746 27.235 48.713 -20.279 26.692 45.945 -22.821 20.716 
3 16 45.945 -22.821 20.716 48.713 -20.279 26.692 48.779 -20.412 20.716 
3 16 45.388 -26.532 26.366 45.81 -22.746 27.235 45.533 -26.518 20.716 
3 16 45.533 -26.518 20.716 45.81 -22.746 27.235 45.945 -22.821 20.716 
3 16 47.163 -29.068 26.171 45.388 -26.532 26.366 47.266 -28.993 20.716 
3 16 47.266 -28.993 20.716 45.388 -26.532 26.366 45.533 -26.518 20.716 
3 16 50.066 -30.502 26.715 47.163 -29.068 26.171 50.017 -30.637 20.716 
3 16 50.017 -30.637 20.716 47.163 -29.068 26.171 47.266 -28.993 20.716 
3 16 90.473 -17.935 21.004 90.185 -21.994 20.869 89.321 -18.296 21.256 
3 16 89.321 -18.296 21.256 90.185 -21.994 20.869 87.604 -21.875 21.449 
3 16 92.785 -21.869 20.824 90.185 -21.994 20.869 91.631 -18.471 20.972 
3 16 91.631 -18.471 20.972 90.185 -21.994 20.869 90.473 -17.935 21.004 
3 16 81.543 -18.82 24.098 82.66 -19.25 23.756 80.854 -22.724 23.84 
3 16 80.854 -22.724 23.84 82.66 -19.25 23.756 84.466 -22.199 22.836 
3 16 81.543 -18.82 24.098 80.854 -22.724 23.84 80.291 -19.448 24.4 
3 16 80.291 -19.448 24.4 80.854 -22.724 23.84 78.215 -22.654 24.659 
3 16 119.885 -25.663 13.67 116.621 -25.171 13.812 119.021 -26.775 16.992 
3 16 116.621 -25.171 13.812 116.608 -25.115 14.964 119.021 -26.775 16.992 
3 16 116.608 -25.115 14.964 117.538 -25.859 19.469 119.021 -26.775 16.992 
3 16 117.538 -25.859 19.469 116.608 -25.115 14.964 117.127 -25.133 19.853 
3 16 117.127 -25.133 19.853 116.608 -25.115 14.964 116.226 -22.068 16.203 
3 16 117.127 -25.133 19.853 116.226 -22.068 16.203 116.435 -22.16 20.378 
3 16 115.28 -21.212 20.769 116.435 -22.16 20.378 115.265 -21.255 16.71 
3 16 115.265 -21.255 16.71 116.435 -22.16 20.378 116.226 -22.068 16.203 
3 16 113.553 -21.405 21.033 115.28 -21.212 20.769 113.467 -21.44 17.247 
3 16 113.467 -21.44 17.247 115.28 -21.212 20.769 115.265 -21.255 16.71 
3 16 113.467 -21.44 17.247 112.058 -24.103 17.384 113.553 -21.405 21.033 
3 16 113.553 -21.405 21.033 112.058 -24.103 17.384 111.984 -24.054 21.418 
3 16 110.395 -25.172 21.674 111.984 -24.054 21.418 110.395 -25.172 17.822 
3 16 110.395 -25.172 17.822 111.984 -24.054 21.418 112.058 -24.103 17.384 
3 16 110.395 -25.172 17.822 107.541 -25.261 18.178 110.395 -25.172 21.674 
3 16 110.395 -25.172 21.674 107.541 -25.261 18.178 107.541 -25.261 21.805 
3 16 105.115 -23.21 21.504 107.541 -25.261 21.805 105.115 -23.21 17.979 
3 16 105.115 -23.21 17.979 107.541 -25.261 21.805 107.541 -25.261 18.178 
3 16 105.115 -23.21 17.979 101.965 -23.956 18.108 105.115 -23.21 21.504 
3 16 105.115 -23.21 21.504 101.965 -23.956 18.108 101.965 -23.956 21.707 
3 16 100.899 -24.015 22.026 101.965 -23.956 21.707 100.899 -24.015 18.334 
3 16 100.899 -24.015 18.334 101.965 -23.956 21.707 101.965 -23.956 18.108 
3 16 100.899 -24.015 18.334 99.395 -22.861 19.005 100.899 -24.015 22.026 
3 16 100.899 -24.015 22.026 99.395 -22.861 19.005 99.676 -22.782 22.448 
3 16 99.395 -22.861 19.005 98.853 -20.004 19.728 99.676 -22.782 22.448 
3 16 99.676 -22.782 22.448 98.853 -20.004 19.728 98.896 -19.878 22.632 
3 16 97.187 -19.689 23.088 98.078 -19.574 22.89 97.187 -19.689 20.233 
3 16 97.187 -19.689 20.233 98.078 -19.574 22.89 98.06 -19.625 19.981 
3 16 95.358 -22.245 24.053 97.187 -19.689 23.088 95.358 -22.245 20.636 
3 16 95.358 -22.245 20.636 97.187 -19.689 23.088 97.187 -19.689 20.233 
3 16 93.927 -22.47 24.502 95.358 -22.245 24.053 93.927 -22.47 20.815 
3 16 93.927 -22.47 20.815 95.358 -22.245 24.053 95.358 -22.245 20.636 
3 16 92.785 -21.869 24.681 93.927 -22.47 24.502 92.785 -21.869 20.824 
3 16 92.785 -21.869 20.824 93.927 -22.47 24.502 93.927 -22.47 20.815 
3 16 92.785 -21.869 20.824 91.631 -18.471 20.972 92.785 -21.869 24.681 
3 16 92.785 -21.869 24.681 91.631 -18.471 20.972 91.654 -18.404 24.571 
3 16 90.483 -17.904 24.717 91.654 -18.404 24.571 90.473 -17.935 21.004 
3 16 90.473 -17.935 21.004 91.654 -18.404 24.571 91.631 -18.471 20.972 
3 16 89.321 -18.296 24.921 90.483 -17.904 24.717 89.321 -18.296 21.256 
3 16 89.321 -18.296 21.256 90.483 -17.904 24.717 90.473 -17.935 21.004 
3 16 89.321 -18.296 21.256 87.604 -21.875 21.449 89.321 -18.296 24.921 
3 16 89.321 -18.296 24.921 87.604 -21.875 21.449 87.604 -21.875 25.577 
3 16 86.151 -22.711 25.906 87.604 -21.875 25.577 86.117 -22.709 22.139 
3 16 86.117 -22.709 22.139 87.604 -21.875 25.577 87.604 -21.875 21.449 
3 16 84.466 -22.199 26.544 86.151 -22.711 25.906 84.466 -22.199 22.836 
3 16 84.466 -22.199 22.836 86.151 -22.711 25.906 86.117 -22.709 22.139 
3 16 84.466 -22.199 22.836 82.66 -19.25 23.756 84.466 -22.199 26.544 
3 16 84.466 -22.199 26.544 82.66 -19.25 23.756 82.703 -19.125 27.095 
3 16 81.576 -18.726 27.432 82.703 -19.125 27.095 81.543 -18.82 24.098 
3 16 81.543 -18.82 24.098 82.703 -19.125 27.095 82.66 -19.25 23.756 
3 16 80.291 -19.448 27.914 81.576 -18.726 27.432 80.291 -19.448 24.4 
3 16 80.291 -19.448 24.4 81.576 -18.726 27.432 81.543 -18.82 24.098 
3 16 80.291 -19.448 24.4 78.215 -22.654 24.659 80.291 -19.448 27.914 
3 16 80.291 -19.448 27.914 78.215 -22.654 24.659 78.215 -22.654 28.654 
3 16 76.57 -22.854 29.189 78.215 -22.654 28.654 76.599 -22.769 25.288 
3 16 76.599 -22.769 25.288 78.215 -22.654 28.654 78.215 -22.654 24.659 
3 16 73.833 -19.965 29.22 76.57 -22.854 29.189 73.833 -19.965 26.133 
3 16 73.833 -19.965 26.133 76.57 -22.854 29.189 76.599 -22.769 25.288 
3 16 73.833 -19.965 26.133 68.884 -22.691 26.548 73.833 -19.965 29.22 
3 16 73.833 -19.965 29.22 68.884 -22.691 26.548 68.905 -22.631 29.634 
3 16 64.813 -24.148 29.488 68.905 -22.631 29.634 64.813 -24.148 26.401 
3 16 64.813 -24.148 26.401 68.905 -22.631 29.634 68.884 -22.691 26.548 
3 16 61.143 -24.315 28.826 64.813 -24.148 29.488 61.284 -24.209 25.446 
3 16 61.284 -24.209 25.446 64.813 -24.148 29.488 64.813 -24.148 26.401 
3 16 58.917 -24.081 20.755 57.057 -23.522 20.755 59.902 -24.068 24.417 
3 16 59.902 -24.068 24.417 57.057 -23.522 20.755 57.142 -23.607 27.868 
3 16 57.142 -23.607 27.868 61.143 -24.315 28.826 59.902 -24.068 24.417 
3 16 59.902 -24.068 24.417 61.143 -24.315 28.826 61.284 -24.209 25.446 
3 16 116.435 -22.16 20.378 115.28 -21.212 20.769 114.937 -21.92 20.948 
3 16 117.127 -25.133 19.853 116.435 -22.16 20.378 114.404 -25.034 21.239 
3 16 114.404 -25.034 21.239 116.435 -22.16 20.378 114.937 -21.92 20.948 
3 16 113.553 -21.405 21.033 111.984 -24.054 21.418 114.937 -21.92 20.948 
3 16 114.937 -21.92 20.948 111.984 -24.054 21.418 114.404 -25.034 21.239 
3 16 113.553 -21.405 21.033 114.937 -21.92 20.948 115.28 -21.212 20.769 
3 16 98.078 -19.574 22.89 97.187 -19.689 23.088 97.565 -22.51 23.377 
3 16 97.565 -22.51 23.377 97.187 -19.689 23.088 95.358 -22.245 24.053 
3 16 99.395 -22.861 19.005 95.358 -22.245 20.636 98.853 -20.004 19.728 
3 16 98.853 -20.004 19.728 95.358 -22.245 20.636 97.187 -19.689 20.233 
3 16 98.853 -20.004 19.728 97.187 -19.689 20.233 98.06 -19.625 19.981 
3 16 98.078 -19.574 22.89 98.896 -19.878 22.632 98.06 -19.625 19.981 
3 16 98.06 -19.625 19.981 98.896 -19.878 22.632 98.853 -20.004 19.728 
3 16 99.676 -22.782 22.448 98.896 -19.878 22.632 97.565 -22.51 23.377 
3 16 97.565 -22.51 23.377 98.896 -19.878 22.632 98.078 -19.574 22.89 
3 16 87.604 -21.875 25.577 92.785 -21.869 24.681 89.321 -18.296 24.921 
3 16 90.483 -17.904 24.717 89.321 -18.296 24.921 91.654 -18.404 24.571 
3 16 91.654 -18.404 24.571 89.321 -18.296 24.921 92.785 -21.869 24.681 
3 16 78.215 -22.654 28.654 84.466 -22.199 26.544 80.291 -19.448 27.914 
3 16 81.576 -18.726 27.432 80.291 -19.448 27.914 82.703 -19.125 27.095 
3 16 80.291 -19.448 27.914 84.466 -22.199 26.544 82.703 -19.125 27.095 
3 16 73.833 -19.965 29.22 68.905 -22.631 29.634 72.263 -25.645 29.581 
3 16 63.481 -27.897 29.602 72.263 -25.645 29.581 64.813 -24.148 29.488 
3 16 72.263 -25.645 29.581 68.905 -22.631 29.634 64.813 -24.148 29.488 
3 16 57.142 -23.607 27.868 55.56 -27.409 28.087 61.143 -24.315 28.826 
3 16 55.56 -27.409 28.087 63.481 -27.897 29.602 61.143 -24.315 28.826 
3 16 63.481 -27.897 29.602 64.813 -24.148 29.488 61.143 -24.315 28.826 
3 16 73.833 -19.965 29.22 72.263 -25.645 29.581 76.57 -22.854 29.189 
3 16 78.215 -22.654 28.654 76.57 -22.854 29.189 77.515 -25.565 28.678 
3 16 77.515 -25.565 28.678 76.57 -22.854 29.189 72.263 -25.645 29.581 
3 16 119.021 -26.775 16.992 117.538 -25.859 19.469 118.96 -28.405 17.219 
3 16 118.96 -28.405 17.219 117.538 -25.859 19.469 116.03 -27.959 20.542 
3 16 111.984 -24.054 21.418 110.395 -25.172 21.674 114.404 -25.034 21.239 
3 16 109.774 -27.031 22.071 114.404 -25.034 21.239 110.395 -25.172 21.674 
3 16 114.404 -25.034 21.239 109.774 -27.031 22.071 116.03 -27.959 20.542 
3 16 117.538 -25.859 19.469 117.127 -25.133 19.853 116.03 -27.959 20.542 
3 16 116.03 -27.959 20.542 117.127 -25.133 19.853 114.404 -25.034 21.239 
3 16 110.395 -25.172 21.674 107.541 -25.261 21.805 109.774 -27.031 22.071 
3 16 109.774 -27.031 22.071 107.541 -25.261 21.805 106.825 -26.205 21.971 
3 16 107.541 -25.261 21.805 105.115 -23.21 21.504 106.825 -26.205 21.971 
3 16 106.825 -26.205 21.971 105.115 -23.21 21.504 104.167 -26.23 21.842 
3 16 105.115 -23.21 21.504 101.965 -23.956 21.707 104.167 -26.23 21.842 
3 16 100.899 -24.015 22.026 100.657 -26.254 22.265 101.965 -23.956 21.707 
3 16 104.167 -26.23 21.842 101.965 -23.956 21.707 100.657 -26.254 22.265 
3 16 100.657 -26.254 22.265 100.899 -24.015 22.026 97.38 -24.852 23.641 
3 16 100.899 -24.015 22.026 99.676 -22.782 22.448 97.38 -24.852 23.641 
3 16 99.676 -22.782 22.448 97.565 -22.51 23.377 97.38 -24.852 23.641 
3 16 93.718 -24.312 24.673 97.38 -24.852 23.641 95.358 -22.245 24.053 
3 16 97.38 -24.852 23.641 97.565 -22.51 23.377 95.358 -22.245 24.053 
3 16 95.358 -22.245 24.053 93.927 -22.47 24.502 93.718 -24.312 24.673 
3 16 87.257 -25.165 25.673 93.718 -24.312 24.673 87.604 -21.875 25.577 
3 16 93.927 -22.47 24.502 92.785 -21.869 24.681 93.718 -24.312 24.673 
3 16 93.718 -24.312 24.673 92.785 -21.869 24.681 87.604 -21.875 25.577 
3 16 87.604 -21.875 25.577 86.151 -22.711 25.906 87.257 -25.165 25.673 
3 16 84.466 -22.199 26.544 82.941 -25.535 26.704 86.151 -22.711 25.906 
3 16 82.941 -25.535 26.704 87.257 -25.165 25.673 86.151 -22.711 25.906 
3 16 84.466 -22.199 26.544 78.215 -22.654 28.654 82.941 -25.535 26.704 
3 16 82.941 -25.535 26.704 78.215 -22.654 28.654 77.515 -25.565 28.678 
3 16 118.96 -28.405 17.219 116.03 -27.959 20.542 117.354 -30.453 16.972 
3 16 117.354 -30.453 16.972 116.03 -27.959 20.542 114.004 -30.433 19.492 
3 16 116.03 -27.959 20.542 109.774 -27.031 22.071 114.004 -30.433 19.492 
3 16 114.004 -30.433 19.492 109.774 -27.031 22.071 107.97 -30.582 19.476 
3 16 104.167 -26.23 21.842 102.361 -30.397 19.067 106.825 -26.205 21.971 
3 16 102.361 -30.397 19.067 107.97 -30.582 19.476 106.825 -26.205 21.971 
3 16 107.97 -30.582 19.476 109.774 -27.031 22.071 106.825 -26.205 21.971 
3 16 104.167 -26.23 21.842 100.657 -26.254 22.265 102.361 -30.397 19.067 
3 16 102.361 -30.397 19.067 100.657 -26.254 22.265 98.928 -30.132 19.901 
3 16 93.718 -24.312 24.673 91.885 -29.378 22.278 97.38 -24.852 23.641 
3 16 97.38 -24.852 23.641 91.885 -29.378 22.278 98.928 -30.132 19.901 
3 16 98.928 -30.132 19.901 100.657 -26.254 22.265 97.38 -24.852 23.641 
3 16 93.718 -24.312 24.673 87.257 -25.165 25.673 91.885 -29.378 22.278 
3 16 91.885 -29.378 22.278 87.257 -25.165 25.673 86.187 -29.013 24.235 
3 16 87.257 -25.165 25.673 82.941 -25.535 26.704 86.187 -29.013 24.235 
3 16 86.187 -29.013 24.235 82.941 -25.535 26.704 81.754 -29.098 25.781 
3 16 82.941 -25.535 26.704 77.515 -25.565 28.678 81.754 -29.098 25.781 
3 16 81.754 -29.098 25.781 77.515 -25.565 28.678 75.986 -30.023 27.422 
3 16 77.515 -25.565 28.678 72.263 -25.645 29.581 75.986 -30.023 27.422 
3 16 75.986 -30.023 27.422 72.263 -25.645 29.581 70.588 -31.188 28.46 
3 16 72.263 -25.645 29.581 63.481 -27.897 29.602 70.588 -31.188 28.46 
3 16 70.588 -31.188 28.46 63.481 -27.897 29.602 62.07 -32.003 28.705 
3 16 63.481 -27.897 29.602 55.56 -27.409 28.087 62.07 -32.003 28.705 
3 16 62.07 -32.003 28.705 55.56 -27.409 28.087 54.03 -31.248 27.46 
3 16 119.021 -26.775 16.992 118.96 -28.405 17.219 119.957 -27.622 10 
3 16 118.96 -28.405 17.219 120.071 -28.748 10 119.957 -27.622 10 
3 16 119.957 -27.622 10 119.885 -25.663 13.67 119.021 -26.775 16.992 
3 16 118.965 -30.446 10 120.071 -28.748 10 117.354 -30.453 16.972 
3 16 117.354 -30.453 16.972 120.071 -28.748 10 118.96 -28.405 17.219 
3 16 54.49 -32.228 24.763 55.563 -34.626 22.462 58.544 -33.066 24.456 
3 16 58.544 -33.066 24.456 55.563 -34.626 22.462 58.428 -34.986 22.417 
3 16 82.589 -33.415 19.914 82.208 -30.564 22.564 77.412 -34.913 20.998 
3 16 77.412 -34.913 20.998 82.208 -30.564 22.564 77.128 -31.317 23.737 
3 16 77.128 -31.317 23.737 71.412 -33.179 22.386 77.412 -34.913 20.998 
3 16 77.412 -34.913 20.998 71.412 -33.179 22.386 71.456 -34.936 20.524 
3 16 68.616 -34.525 19.509 71.456 -34.936 20.524 68.64 -34.037 20.642 
3 16 68.64 -34.037 20.642 71.456 -34.936 20.524 71.412 -33.179 22.386 
3 16 66.603 -34.015 21.704 66.778 -35.116 20.291 68.64 -34.037 20.642 
3 16 68.64 -34.037 20.642 66.778 -35.116 20.291 68.616 -34.525 19.509 
3 16 66.778 -35.116 20.291 66.603 -34.015 21.704 62.52 -35.551 21.153 
3 16 62.52 -35.551 21.153 66.603 -34.015 21.704 62.466 -33.824 22.818 
3 16 62.52 -35.551 21.153 62.466 -33.824 22.818 58.428 -34.986 22.417 
3 16 58.428 -34.986 22.417 62.466 -33.824 22.818 58.544 -33.066 24.456 
3 16 86.348 -31.72 17.554 82.589 -33.415 19.914 85.856 -32.349 16.174 
3 16 85.856 -32.349 16.174 82.589 -33.415 19.914 82.34 -35.131 16.407 
3 16 82.589 -33.415 19.914 77.412 -34.913 20.998 82.34 -35.131 16.407 
3 16 82.34 -35.131 16.407 77.412 -34.913 20.998 77.358 -37.096 17.047 
3 16 77.358 -37.096 17.047 77.412 -34.913 20.998 71.59 -36.075 18.263 
3 16 71.59 -36.075 18.263 77.412 -34.913 20.998 71.456 -34.936 20.524 
3 16 68.521 -34.639 18.338 71.59 -36.075 18.263 68.616 -34.525 19.509 
3 16 68.616 -34.525 19.509 71.59 -36.075 18.263 71.456 -34.936 20.524 
3 16 66.778 -35.116 20.291 66.758 -35.632 18.581 68.616 -34.525 19.509 
3 16 68.616 -34.525 19.509 66.758 -35.632 18.581 68.521 -34.639 18.338 
3 16 66.758 -35.632 18.581 66.778 -35.116 20.291 62.483 -36.565 18.83 
3 16 62.483 -36.565 18.83 66.778 -35.116 20.291 62.52 -35.551 21.153 
3 16 62.483 -36.565 18.83 62.52 -35.551 21.153 58.989 -36.405 19.692 
3 16 58.989 -36.405 19.692 62.52 -35.551 21.153 58.428 -34.986 22.417 
3 16 58.989 -36.405 19.692 58.428 -34.986 22.417 55.563 -34.626 22.462 
3 16 55.563 -34.626 22.462 54.49 -32.228 24.763 54.628 -32.766 20.838 
3 16 86.348 -31.72 17.554 85.739 -31.224 19.235 82.589 -33.415 19.914 
3 16 82.589 -33.415 19.914 85.739 -31.224 19.235 82.208 -30.564 22.564 
3 16 70.629 -33.982 16.067 71.069 -35.119 17.091 68.521 -34.639 18.338 
3 16 68.521 -34.639 18.338 71.069 -35.119 17.091 71.59 -36.075 18.263 
3 16 66.758 -35.632 18.581 66.769 -34.244 16.824 68.521 -34.639 18.338 
3 16 77.358 -37.096 17.047 71.59 -36.075 18.263 76.771 -35.362 15.27 
3 16 76.771 -35.362 15.27 71.59 -36.075 18.263 71.069 -35.119 17.091 
3 16 81.3 -32.586 13.875 85.856 -32.349 16.174 81.683 -33.979 14.998 
3 16 85.856 -32.349 16.174 82.34 -35.131 16.407 81.683 -33.979 14.998 
3 16 81.683 -33.979 14.998 82.34 -35.131 16.407 76.771 -35.362 15.27 
3 16 76.771 -35.362 15.27 82.34 -35.131 16.407 77.358 -37.096 17.047 
3 16 101.769 -32.104 14.557 102.085 -31.08 16.75 98.793 -31.706 14.926 
3 16 98.793 -31.706 14.926 102.085 -31.08 16.75 98.861 -30.874 17.411 
3 16 98.793 -31.706 14.926 98.861 -30.874 17.411 90.794 -31.616 15.652 
3 16 90.794 -31.616 15.652 98.861 -30.874 17.411 91.339 -30.497 18.965 
3 16 85.739 -31.224 19.235 86.348 -31.72 17.554 91.339 -30.497 18.965 
3 16 91.339 -30.497 18.965 86.348 -31.72 17.554 90.794 -31.616 15.652 
3 16 90.794 -31.616 15.652 86.348 -31.72 17.554 85.856 -32.349 16.174 
3 16 85.739 -31.224 19.235 86.187 -29.013 24.235 82.208 -30.564 22.564 
3 16 82.208 -30.564 22.564 86.187 -29.013 24.235 81.754 -29.098 25.781 
3 16 82.208 -30.564 22.564 81.754 -29.098 25.781 77.128 -31.317 23.737 
3 16 77.128 -31.317 23.737 81.754 -29.098 25.781 75.986 -30.023 27.422 
3 16 77.128 -31.317 23.737 75.986 -30.023 27.422 71.412 -33.179 22.386 
3 16 71.412 -33.179 22.386 75.986 -30.023 27.422 70.588 -31.188 28.46 
3 16 62.07 -32.003 28.705 62.466 -33.824 22.818 70.588 -31.188 28.46 
3 16 62.466 -33.824 22.818 66.603 -34.015 21.704 70.588 -31.188 28.46 
3 16 70.588 -31.188 28.46 66.603 -34.015 21.704 71.412 -33.179 22.386 
3 16 66.603 -34.015 21.704 68.64 -34.037 20.642 71.412 -33.179 22.386 
3 16 62.466 -33.824 22.818 62.07 -32.003 28.705 58.544 -33.066 24.456 
3 16 62.07 -32.003 28.705 54.03 -31.248 27.46 58.544 -33.066 24.456 
3 16 58.544 -33.066 24.456 54.03 -31.248 27.46 54.49 -32.228 24.763 
3 16 111.062 -33.817 14.732 112.153 -34.618 13.665 111.767 -32.942 15.813 
3 16 111.24 -35.821 12.617 113.537 -35.208 12.788 112.153 -34.618 13.665 
3 16 115.454 -32.623 14.568 111.767 -32.942 15.813 113.537 -35.208 12.788 
3 16 113.537 -35.208 12.788 111.767 -32.942 15.813 112.153 -34.618 13.665 
3 16 105.964 -34.098 13.767 107.037 -32.035 16.408 101.769 -32.104 14.557 
3 16 101.769 -32.104 14.557 107.037 -32.035 16.408 102.085 -31.08 16.75 
3 16 111.767 -32.942 15.813 115.454 -32.623 14.568 114.004 -30.433 19.492 
3 16 114.004 -30.433 19.492 115.454 -32.623 14.568 117.354 -30.453 16.972 
3 16 107.037 -32.035 16.408 111.767 -32.942 15.813 107.97 -30.582 19.476 
3 16 107.97 -30.582 19.476 111.767 -32.942 15.813 114.004 -30.433 19.492 
3 16 102.085 -31.08 16.75 107.037 -32.035 16.408 102.361 -30.397 19.067 
3 16 102.361 -30.397 19.067 107.037 -32.035 16.408 107.97 -30.582 19.476 
3 16 102.085 -31.08 16.75 102.361 -30.397 19.067 98.861 -30.874 17.411 
3 16 98.861 -30.874 17.411 102.361 -30.397 19.067 98.928 -30.132 19.901 
3 16 98.861 -30.874 17.411 98.928 -30.132 19.901 91.339 -30.497 18.965 
3 16 91.339 -30.497 18.965 98.928 -30.132 19.901 91.885 -29.378 22.278 
3 16 91.339 -30.497 18.965 91.885 -29.378 22.278 85.739 -31.224 19.235 
3 16 85.739 -31.224 19.235 91.885 -29.378 22.278 86.187 -29.013 24.235 
3 16 50.066 -30.502 26.715 53.831 -32.277 20.81 54.49 -32.228 24.763 
3 16 54.49 -32.228 24.763 53.831 -32.277 20.81 54.628 -32.766 20.838 
3 16 50.017 -30.637 20.716 53.831 -32.277 20.81 50.066 -30.502 26.715 
3 16 54.49 -32.228 24.763 54.03 -31.248 27.46 50.066 -30.502 26.715 
3 16 113.721 -35.587 10 116.223 -32.894 10 113.537 -35.208 12.788 
3 16 113.537 -35.208 12.788 116.223 -32.894 10 115.454 -32.623 14.568 
3 16 108.68 -35.688 12.741 108.152 -34.268 14.192 105.964 -34.098 13.767 
3 16 105.964 -34.098 13.767 108.152 -34.268 14.192 107.037 -32.035 16.408 
3 16 111.767 -32.942 15.813 107.037 -32.035 16.408 111.062 -33.817 14.732 
3 16 108.152 -34.268 14.192 111.062 -33.817 14.732 107.037 -32.035 16.408 
3 16 117.354 -30.453 16.972 115.454 -32.623 14.568 118.965 -30.446 10 
3 16 118.965 -30.446 10 115.454 -32.623 14.568 116.223 -32.894 10 
3 16 110.561 -35.926 12.485 110.577 -34.04 13.392 108.68 -35.688 12.741 
3 16 112.153 -34.618 13.665 110.577 -34.04 13.392 111.24 -35.821 12.617 
3 16 111.24 -35.821 12.617 110.577 -34.04 13.392 110.561 -35.926 12.485 
3 16 111.062 -33.817 14.732 110.577 -34.04 13.392 112.153 -34.618 13.665 
3 16 110.577 -34.04 13.392 111.062 -33.817 14.732 108.152 -34.268 14.192 
3 16 108.68 -35.688 12.741 110.577 -34.04 13.392 108.152 -34.268 14.192 
3 16 81.683 -33.979 14.998 76.771 -35.362 15.27 81.3 -32.586 13.875 
3 16 81.3 -32.586 13.875 76.771 -35.362 15.27 76.215 -33.281 13.896 
3 16 76.771 -35.362 15.27 71.069 -35.119 17.091 76.215 -33.281 13.896 
3 16 76.215 -33.281 13.896 71.069 -35.119 17.091 70.629 -33.982 16.067 
3 16 66.758 -35.632 18.581 62.483 -36.565 18.83 66.769 -34.244 16.824 
3 16 66.769 -34.244 16.824 62.483 -36.565 18.83 61.135 -33.973 16.235 
3 16 62.483 -36.565 18.83 58.989 -36.405 19.692 61.135 -33.973 16.235 
3 16 61.135 -33.973 16.235 58.989 -36.405 19.692 56.958 -33.227 17.603 
3 16 58.989 -36.405 19.692 55.563 -34.626 22.462 56.958 -33.227 17.603 
3 16 56.958 -33.227 17.603 55.563 -34.626 22.462 54.628 -32.766 20.838 
3 16 110.561 -35.926 12.485 110.588 -36.147 10 111.24 -35.821 12.617 
3 16 110.588 -36.147 10 113.721 -35.587 10 111.24 -35.821 12.617 
3 16 113.721 -35.587 10 113.537 -35.208 12.788 111.24 -35.821 12.617 
3 16 110.588 -36.147 10 110.561 -35.926 12.485 108.636 -35.893 10 
3 16 108.636 -35.893 10 110.561 -35.926 12.485 108.68 -35.688 12.741 
3 16 105.667 -34.467 10 108.636 -35.893 10 105.964 -34.098 13.767 
3 16 105.964 -34.098 13.767 108.636 -35.893 10 108.68 -35.688 12.741 
3 16 101.87 -31.829 10 105.667 -34.467 10 101.769 -32.104 14.557 
3 16 101.769 -32.104 14.557 105.667 -34.467 10 105.964 -34.098 13.767 
3 16 98.631 -30.775 10 101.87 -31.829 10 98.793 -31.706 14.926 
3 16 98.793 -31.706 14.926 101.87 -31.829 10 101.769 -32.104 14.557 
3 16 90.547 -30.633 10 98.631 -30.775 10 90.794 -31.616 15.652 
3 16 90.794 -31.616 15.652 98.631 -30.775 10 98.793 -31.706 14.926 
3 16 85.349 -31.094 10 90.547 -30.633 10 85.856 -32.349 16.174 
3 16 85.856 -32.349 16.174 90.547 -30.633 10 90.794 -31.616 15.652 
3 16 53.831 -32.277 20.81 53.831 -32.277 -0.81 54.628 -32.766 20.838 
3 16 53.831 -32.277 -0.81 54.628 -32.766 -0.838 54.628 -32.766 20.838 
3 16 54.628 -32.766 20.838 54.628 -32.766 -0.838 57.041 -33.124 10 
3 16 57.041 -33.124 10 56.958 -33.227 17.603 54.628 -32.766 20.838 
3 16 81.474 -31.672 10 85.349 -31.094 10 81.3 -32.586 13.875 
3 16 81.3 -32.586 13.875 85.349 -31.094 10 85.856 -32.349 16.174 
3 16 76.394 -32.437 10 81.474 -31.672 10 76.215 -33.281 13.896 
3 16 76.215 -33.281 13.896 81.474 -31.672 10 81.3 -32.586 13.875 
3 16 70.775 -33.016 10 76.394 -32.437 10 70.629 -33.982 16.067 
3 16 70.629 -33.982 16.067 76.394 -32.437 10 76.215 -33.281 13.896 
3 16 66.337 -33.434 10 70.775 -33.016 10 66.769 -34.244 16.824 
3 16 68.521 -34.639 18.338 66.769 -34.244 16.824 70.629 -33.982 16.067 
3 16 70.775 -33.016 10 70.629 -33.982 16.067 66.769 -34.244 16.824 
3 16 61.315 -33.677 10 66.337 -33.434 10 61.135 -33.973 16.235 
3 16 61.135 -33.973 16.235 66.337 -33.434 10 66.769 -34.244 16.824 
3 16 57.041 -33.124 10 61.315 -33.677 10 56.958 -33.227 17.603 
3 16 56.958 -33.227 17.603 61.315 -33.677 10 61.135 -33.973 16.235 
3 16 47.266 -28.993 20.716 45.533 -26.518 20.716 50.209 -25.088 20.716 
3 16 50.017 -30.637 20.716 47.266 -28.993 20.716 50.209 -25.088 20.716 
3 16 53.831 -32.277 20.81 50.017 -30.637 20.716 55.841 -25.689 20.839 
3 16 55.841 -25.689 20.839 50.017 -30.637 20.716 50.209 -25.088 20.716 
3 16 57.057 -23.522 20.755 55.841 -25.689 20.839 54.393 -22.038 20.716 
3 16 54.393 -22.038 20.716 55.841 -25.689 20.839 50.209 -25.088 20.716 
3 16 51.8 -20.465 20.716 54.393 -22.038 20.716 50.209 -25.088 20.716 
3 16 48.779 -20.412 20.716 51.8 -20.465 20.716 50.209 -25.088 20.716 
3 16 45.945 -22.821 20.716 48.779 -20.412 20.716 50.209 -25.088 20.716 
3 16 45.533 -26.518 20.716 45.945 -22.821 20.716 50.209 -25.088 20.716 
3 16 97.626 -27.05 17.181 96.327 -26.72 17.615 97.754 -27.078 18.898 
3 16 97.754 -27.078 18.898 96.327 -26.72 17.615 92.492 -26.637 20.677 
3 16 96.327 -26.72 17.615 92.314 -25.861 18.105 92.492 -26.637 20.677 
2 24 49.388 -27.47 20.716 48.145 -26.533 20.716 
2 24 48.145 -26.533 20.716 47.689 -25.044 20.716 
2 24 47.689 -25.044 20.716 48.196 -23.572 20.716 
2 24 48.196 -23.572 20.716 49.472 -22.678 20.716 
2 24 49.472 -22.678 20.716 51.029 -22.706 20.716 
2 24 51.029 -22.706 20.716 52.273 -23.643 20.716 
2 24 52.273 -23.643 20.716 52.728 -25.132 20.716 
2 24 52.728 -25.132 20.716 52.221 -26.604 20.716 
2 24 52.221 -26.604 20.716 50.945 -27.498 20.716 
2 24 50.945 -27.498 20.716 49.388 -27.47 20.716 
2 24 48.145 -26.533 -0.716 49.388 -27.47 -0.716 
2 24 47.689 -25.044 -0.716 48.145 -26.533 -0.716 
2 24 48.196 -23.572 -0.716 47.689 -25.044 -0.716 
2 24 49.472 -22.678 -0.716 48.196 -23.572 -0.716 
2 24 51.029 -22.706 -0.716 49.472 -22.678 -0.716 
2 24 52.273 -23.643 -0.716 51.029 -22.706 -0.716 
2 24 52.728 -25.132 -0.716 52.273 -23.643 -0.716 
2 24 52.221 -26.604 -0.716 52.728 -25.132 -0.716 
2 24 50.945 -27.498 -0.716 52.221 -26.604 -0.716 
2 24 49.388 -27.47 -0.716 50.945 -27.498 -0.716 
2 24 62.598 -28.151 4.262 63.348 -28.396 0.745 
2 24 62.428 -30.021 0.698 61.532 -30.004 4.276 
2 24 65.982 -29.771 -1.101 66.959 -29.673 -1.106 
2 24 70.436 -29.212 -1.938 66.479 -29.675 -2.039 
2 24 66.959 -29.673 -1.106 68.414 -29.945 -0.979 
2 24 74.425 -28.666 0.026 70.436 -29.212 -1.938 
2 24 68.414 -29.945 -0.979 70.743 -30.694 0.695 
2 24 75.74 -28.515 4.452 74.425 -28.666 0.026 
2 24 70.743 -30.694 0.695 71.497 -31.001 4.276 
2 24 63.348 -28.396 0.745 66.959 -29.673 -1.106 
2 24 65.982 -29.771 -1.101 62.428 -30.021 0.698 
2 24 61.532 -30.004 4.276 63.587 -29.931 7.411 
2 24 64.326 -28.776 7.363 62.598 -28.151 4.262 
2 24 63.587 -29.931 7.411 66.959 -29.673 8.165 
2 24 66.959 -29.673 8.165 64.326 -28.776 7.363 
2 24 69.692 -30.32 7.429 66.959 -29.673 8.165 
2 24 67.923 -29.516 9.136 72.613 -28.893 8.349 
2 24 71.497 -31.001 4.276 69.692 -30.32 7.429 
2 24 72.613 -28.893 8.349 75.74 -28.515 4.452 
2 24 100.621 -27.849 7.229 99.701 -27.532 10 
2 24 100.231 -27.879 10 101.041 -28.158 7.402 
2 24 103.032 -28.679 5.494 100.621 -27.849 7.229 
2 24 101.041 -28.158 7.402 103.16 -28.888 5.773 
2 24 103.16 -28.888 5.773 105.782 -29.786 5.773 
2 24 106.042 -29.615 5.494 103.032 -28.679 5.494 
2 24 105.782 -29.786 5.773 107.891 -30.512 7.41 
2 24 108.662 -29.835 7.229 106.042 -29.615 5.494 
2 24 107.891 -30.512 7.41 108.698 -30.789 10 
2 24 109.755 -29.654 10 108.662 -29.835 7.229 
2 24 61.408 -30.093 0.019 60.164 -30.113 3.513 
2 24 66.479 -29.675 -2.039 62.781 -30.049 -1.261 
2 24 62.781 -30.049 -1.261 61.408 -30.093 0.019 
2 24 60.164 -30.113 3.513 60.574 -30.104 5.474 
2 24 60.574 -30.104 5.474 61.226 -30.116 8.638 
2 24 70.451 -29.168 -6.076 66.481 -29.671 -6.444 
2 24 74.425 -28.666 -4.985 70.451 -29.168 -6.076 
2 24 66.481 -29.671 -6.444 62.781 -30.049 -6.275 
2 24 57.128 -29.547 -1.432 57.456 -28.755 10 
2 24 61.226 -30.116 8.638 67.923 -29.516 9.136 
2 24 67.923 -29.516 10.864 72.613 -28.893 11.651 
2 24 61.226 -30.116 11.362 67.923 -29.516 10.864 
2 24 61.226 -30.116 8.638 61.226 -30.116 11.362 
2 24 91.083 -26.082 17.86 91.083 -26.082 2.14 
2 24 92.314 -25.861 1.895 91.083 -26.082 2.14 
2 24 91.083 -26.082 2.14 92.236 -25.289 2.819 
2 24 96.279 -26.61 2.819 97.626 -27.05 2.819 
2 24 97.626 -27.05 2.819 96.327 -26.72 2.385 
2 24 96.279 -26.61 17.181 97.626 -27.05 17.181 
2 24 97.626 -27.05 17.181 97.626 -27.05 2.819 
2 24 92.236 -25.289 17.181 96.279 -26.61 17.181 
2 24 92.236 -25.289 2.819 92.236 -25.289 17.181 
2 24 96.279 -26.61 2.819 92.236 -25.289 2.819 
2 24 91.083 -26.082 17.86 92.236 -25.289 17.181 
2 24 96.327 -26.72 2.385 92.314 -25.861 1.895 
2 24 92.492 -26.637 -0.677 89.322 -26.786 -0.791 
2 24 108.707 -29.706 2.297 106.086 -29.486 1.879 
2 24 106.086 -29.486 1.879 103.076 -28.55 2.113 
2 24 103.076 -28.55 2.113 100.66 -27.746 2.12 
2 24 100.66 -27.746 2.12 99.691 -27.524 1.905 
2 24 99.691 -27.524 1.905 97.754 -27.078 1.102 
2 24 114.845 -26.825 7.378 116.621 -25.171 6.188 
2 24 116.621 -25.171 6.188 116.608 -25.115 5.036 
2 24 116.608 -25.115 5.036 114.844 -26.857 4.362 
2 24 113.693 -27.744 10 114.845 -26.825 7.378 
2 24 114.844 -26.857 4.362 112.018 -28.796 3.181 
2 24 112.018 -28.796 3.181 108.707 -29.706 2.297 
2 24 119.957 -27.622 10 119.885 -25.663 6.33 
2 24 119.885 -25.663 6.33 116.621 -25.171 6.188 
2 24 79.801 -27.962 23.581 84.906 -27.336 21.71 
2 24 84.906 -27.336 -1.71 79.801 -27.962 -3.581 
2 24 79.801 -27.962 -3.581 74.425 -28.666 -4.985 
2 24 89.322 -26.786 -0.791 84.906 -27.336 -1.71 
2 24 68.884 -22.691 -6.548 64.813 -24.148 -6.401 
2 24 112.058 -24.103 2.616 110.395 -25.172 2.178 
2 24 116.608 -25.115 5.036 116.226 -22.068 3.797 
2 24 115.265 -21.255 3.29 113.467 -21.44 2.753 
2 24 116.226 -22.068 3.797 115.265 -21.255 3.29 
2 24 113.467 -21.44 2.753 112.058 -24.103 2.616 
2 24 110.395 -25.172 2.178 107.541 -25.261 1.822 
2 24 107.541 -25.261 1.822 105.115 -23.21 2.021 
2 24 105.115 -23.21 2.021 101.965 -23.956 1.892 
2 24 101.965 -23.956 1.892 100.899 -24.015 1.666 
2 24 100.899 -24.015 1.666 99.395 -22.861 0.995 
2 24 92.492 -26.637 -0.677 97.754 -27.078 1.102 
2 24 95.358 -22.245 -0.636 93.927 -22.47 -0.815 
2 24 93.927 -22.47 -0.815 92.785 -21.869 -0.824 
2 24 87.604 -21.875 -1.449 86.117 -22.709 -2.139 
2 24 86.117 -22.709 -2.139 84.466 -22.199 -2.836 
2 24 78.215 -22.654 -4.659 76.599 -22.769 -5.288 
2 24 76.599 -22.769 -5.288 73.833 -19.965 -6.133 
2 24 64.813 -24.148 -6.401 61.284 -24.209 -5.446 
2 24 58.203 -29.65 -4.628 62.781 -30.049 -6.275 
2 24 61.284 -24.209 -5.446 59.902 -24.068 -4.417 
2 24 73.833 -19.965 -6.133 68.884 -22.691 -6.548 
2 24 59.902 -24.068 -4.417 58.917 -24.081 -0.755 
2 24 58.917 -24.081 -0.755 58.178 -26.493 -0.839 
2 24 57.128 -29.547 -1.432 58.203 -29.65 -4.628 
2 24 55.841 -25.689 -0.839 58.178 -26.493 -0.839 
2 24 58.917 -24.081 -0.755 57.057 -23.522 -0.755 
2 24 55.841 -25.689 20.839 58.178 -26.493 20.839 
2 24 55.841 -25.689 -0.839 55.841 -25.689 20.839 
2 24 58.178 -26.493 20.839 58.178 -26.493 -0.839 
2 24 48.713 -20.279 -6.692 51.807 -20.333 -6.75 
2 24 45.81 -22.746 -7.235 48.713 -20.279 -6.692 
2 24 54.03 -31.248 -7.46 50.066 -30.502 -6.715 
2 24 50.066 -30.502 -6.715 47.163 -29.068 -6.171 
2 24 47.163 -29.068 -6.171 45.388 -26.532 -6.366 
2 24 45.388 -26.532 -6.366 45.81 -22.746 -7.235 
2 24 54.463 -21.944 -7.135 57.142 -23.607 -7.868 
2 24 51.807 -20.333 -6.75 54.463 -21.944 -7.135 
2 24 54.393 -22.038 -0.716 57.057 -23.522 -0.755 
2 24 51.8 -20.465 -0.716 54.393 -22.038 -0.716 
2 24 48.779 -20.412 -0.716 51.8 -20.465 -0.716 
2 24 45.945 -22.821 -0.716 48.779 -20.412 -0.716 
2 24 45.533 -26.518 -0.716 45.945 -22.821 -0.716 
2 24 47.266 -28.993 -0.716 45.533 -26.518 -0.716 
2 24 50.017 -30.637 -0.716 47.266 -28.993 -0.716 
2 24 90.473 -17.935 -1.004 89.321 -18.296 -1.256 
2 24 89.321 -18.296 -1.256 87.604 -21.875 -1.449 
2 24 92.785 -21.869 -0.824 91.631 -18.471 -0.972 
2 24 91.631 -18.471 -0.972 90.473 -17.935 -1.004 
2 24 82.66 -19.25 -3.756 81.543 -18.82 -4.098 
2 24 84.466 -22.199 -2.836 82.66 -19.25 -3.756 
2 24 81.543 -18.82 -4.098 80.291 -19.448 -4.4 
2 24 80.291 -19.448 -4.4 78.215 -22.654 -4.659 
2 24 119.885 -25.663 6.33 119.021 -26.775 3.008 
2 24 119.021 -26.775 3.008 117.538 -25.859 0.531 
2 24 117.538 -25.859 0.531 117.127 -25.133 0.147 
2 24 117.127 -25.133 0.147 116.435 -22.16 -0.378 
2 24 116.435 -22.16 -0.378 115.28 -21.212 -0.769 
2 24 115.28 -21.212 -0.769 113.553 -21.405 -1.033 
2 24 113.553 -21.405 -1.033 111.984 -24.054 -1.418 
2 24 111.984 -24.054 -1.418 110.395 -25.172 -1.674 
2 24 110.395 -25.172 -1.674 107.541 -25.261 -1.805 
2 24 105.115 -23.21 -1.504 105.115 -23.21 2.021 
2 24 107.541 -25.261 -1.805 105.115 -23.21 -1.504 
2 24 105.115 -23.21 -1.504 101.965 -23.956 -1.707 
2 24 101.965 -23.956 -1.707 100.899 -24.015 -2.026 
2 24 100.899 -24.015 -2.026 99.676 -22.782 -2.448 
2 24 98.853 -20.004 0.272 99.395 -22.861 0.995 
2 24 99.676 -22.782 -2.448 98.896 -19.878 -2.632 
2 24 98.078 -19.574 -2.89 97.187 -19.689 -3.088 
2 24 97.187 -19.689 -0.233 98.06 -19.625 0.019 
2 24 97.187 -19.689 -3.088 95.358 -22.245 -4.053 
2 24 95.358 -22.245 -0.636 97.187 -19.689 -0.233 
2 24 95.358 -22.245 -4.053 93.927 -22.47 -4.502 
2 24 93.927 -22.47 -4.502 92.785 -21.869 -4.681 
2 24 92.785 -21.869 -4.681 91.654 -18.404 -4.571 
2 24 91.654 -18.404 -4.571 90.483 -17.904 -4.717 
2 24 90.483 -17.904 -4.717 89.321 -18.296 -4.921 
2 24 89.321 -18.296 -4.921 87.604 -21.875 -5.577 
2 24 87.604 -21.875 -5.577 86.151 -22.711 -5.906 
2 24 86.151 -22.711 -5.906 84.466 -22.199 -6.544 
2 24 84.466 -22.199 -6.544 82.703 -19.125 -7.095 
2 24 82.703 -19.125 -7.095 81.576 -18.726 -7.432 
2 24 81.576 -18.726 -7.432 80.291 -19.448 -7.914 
2 24 80.291 -19.448 -7.914 78.215 -22.654 -8.654 
2 24 78.215 -22.654 -8.654 76.57 -22.854 -9.189 
2 24 73.833 -19.965 -9.22 73.833 -19.965 -6.133 
2 24 76.57 -22.854 -9.189 73.833 -19.965 -9.22 
2 24 73.833 -19.965 -9.22 68.905 -22.631 -9.634 
2 24 68.905 -22.631 -9.634 64.813 -24.148 -9.488 
2 24 64.813 -24.148 -9.488 61.143 -24.315 -8.826 
2 24 61.143 -24.315 -8.826 57.142 -23.607 -7.868 
2 24 98.853 -20.004 0.272 98.06 -19.625 0.019 
2 24 98.896 -19.878 -2.632 98.078 -19.574 -2.89 
2 24 118.96 -28.405 2.781 116.03 -27.959 -0.542 
2 24 116.03 -27.959 -0.542 109.774 -27.031 -2.071 
2 24 109.774 -27.031 -2.071 106.825 -26.205 -1.971 
2 24 106.825 -26.205 -1.971 104.167 -26.23 -1.842 
2 24 104.167 -26.23 -1.842 100.657 -26.254 -2.265 
2 24 100.657 -26.254 -2.265 97.38 -24.852 -3.641 
2 24 97.38 -24.852 -3.641 93.718 -24.312 -4.673 
2 24 93.718 -24.312 -4.673 87.257 -25.165 -5.673 
2 24 87.257 -25.165 -5.673 82.941 -25.535 -6.704 
2 24 107.97 -30.582 0.524 102.361 -30.397 0.933 
2 24 102.361 -30.397 0.933 98.928 -30.132 0.099 
2 24 98.928 -30.132 0.099 91.885 -29.378 -2.278 
2 24 91.885 -29.378 -2.278 86.187 -29.013 -4.235 
2 24 86.187 -29.013 -4.235 81.754 -29.098 -5.781 
2 24 81.754 -29.098 -5.781 75.986 -30.023 -7.422 
2 24 75.986 -30.023 -7.422 70.588 -31.188 -8.46 
2 24 70.588 -31.188 -8.46 62.07 -32.003 -8.705 
2 24 62.07 -32.003 -8.705 54.03 -31.248 -7.46 
2 24 120.071 -28.748 10 118.96 -28.405 2.781 
2 24 54.49 -32.228 -4.763 58.544 -33.066 -4.456 
2 24 55.563 -34.626 -2.462 54.49 -32.228 -4.763 
2 24 77.128 -31.317 -3.737 82.208 -30.564 -2.564 
2 24 71.412 -33.179 -2.386 77.128 -31.317 -3.737 
2 24 68.616 -34.525 0.491 68.64 -34.037 -0.642 
2 24 68.64 -34.037 -0.642 71.412 -33.179 -2.386 
2 24 66.603 -34.015 -1.704 68.64 -34.037 -0.642 
2 24 62.466 -33.824 -2.818 66.603 -34.015 -1.704 
2 24 58.544 -33.066 -4.456 62.466 -33.824 -2.818 
2 24 86.348 -31.72 2.446 85.856 -32.349 3.826 
2 24 85.856 -32.349 3.826 82.34 -35.131 3.593 
2 24 82.34 -35.131 3.593 77.358 -37.096 2.953 
2 24 77.358 -37.096 2.953 71.59 -36.075 1.737 
2 24 68.521 -34.639 1.662 68.616 -34.525 0.491 
2 24 71.59 -36.075 1.737 68.521 -34.639 1.662 
2 24 68.521 -34.639 1.662 66.758 -35.632 1.419 
2 24 66.758 -35.632 1.419 62.483 -36.565 1.17 
2 24 62.483 -36.565 1.17 58.989 -36.405 0.308 
2 24 58.989 -36.405 0.308 55.563 -34.626 -2.462 
2 24 54.628 -32.766 -0.838 54.49 -32.228 -4.763 
2 24 85.739 -31.224 0.765 86.348 -31.72 2.446 
2 24 82.208 -30.564 -2.564 85.739 -31.224 0.765 
2 24 70.629 -33.982 3.933 68.521 -34.639 1.662 
2 24 68.521 -34.639 1.662 66.769 -34.244 3.176 
2 24 85.856 -32.349 3.826 81.3 -32.586 6.125 
2 24 101.769 -32.104 5.443 98.793 -31.706 5.074 
2 24 98.793 -31.706 5.074 90.794 -31.616 4.348 
2 24 90.794 -31.616 4.348 85.856 -32.349 3.826 
2 24 112.153 -34.618 6.335 111.062 -33.817 5.268 
2 24 111.24 -35.821 7.383 112.153 -34.618 6.335 
2 24 105.964 -34.098 6.233 101.769 -32.104 5.443 
2 24 53.831 -32.277 -0.81 50.017 -30.637 -0.716 
2 24 108.68 -35.688 7.259 105.964 -34.098 6.233 
2 24 108.152 -34.268 5.808 108.68 -35.688 7.259 
2 24 111.062 -33.817 5.268 108.152 -34.268 5.808 
2 24 110.561 -35.926 7.515 108.68 -35.688 7.259 
2 24 111.24 -35.821 7.383 110.561 -35.926 7.515 
2 24 81.3 -32.586 6.125 76.215 -33.281 6.104 
2 24 76.215 -33.281 6.104 70.629 -33.982 3.933 
2 24 66.769 -34.244 3.176 61.135 -33.973 3.765 
2 24 61.135 -33.973 3.765 56.958 -33.227 2.397 
2 24 56.958 -33.227 2.397 54.628 -32.766 -0.838 
2 24 53.831 -32.277 -0.81 55.841 -25.689 -0.839 
2 24 63.348 -28.396 19.255 62.598 -28.151 15.738 
2 24 61.532 -30.004 15.724 62.428 -30.021 19.302 
2 24 66.959 -29.673 21.106 65.982 -29.771 21.101 
2 24 66.479 -29.675 22.039 70.436 -29.212 21.938 
2 24 68.414 -29.945 20.979 66.959 -29.673 21.106 
2 24 70.436 -29.212 21.938 74.425 -28.666 19.974 
2 24 70.743 -30.694 19.305 68.414 -29.945 20.979 
2 24 74.425 -28.666 19.974 75.74 -28.515 15.548 
2 24 71.497 -31.001 15.724 70.743 -30.694 19.305 
2 24 66.959 -29.673 21.106 63.348 -28.396 19.255 
2 24 62.428 -30.021 19.302 65.982 -29.771 21.101 
2 24 63.587 -29.931 12.589 61.532 -30.004 15.724 
2 24 62.598 -28.151 15.738 64.326 -28.776 12.637 
2 24 64.326 -28.776 12.637 66.959 -29.673 11.835 
2 24 66.959 -29.673 11.835 63.587 -29.931 12.589 
2 24 66.959 -29.673 11.835 69.692 -30.32 12.571 
2 24 69.692 -30.32 12.571 71.497 -31.001 15.724 
2 24 75.74 -28.515 15.548 72.613 -28.893 11.651 
2 24 99.701 -27.532 10 100.621 -27.849 12.771 
2 24 101.041 -28.158 12.598 100.231 -27.879 10 
2 24 100.621 -27.849 12.771 103.032 -28.679 14.506 
2 24 103.16 -28.888 14.227 101.041 -28.158 12.598 
2 24 105.782 -29.786 14.227 103.16 -28.888 14.227 
2 24 103.032 -28.679 14.506 106.042 -29.615 14.506 
2 24 107.891 -30.512 12.59 105.782 -29.786 14.227 
2 24 106.042 -29.615 14.506 108.662 -29.835 12.771 
2 24 108.698 -30.789 10 107.891 -30.512 12.59 
2 24 108.662 -29.835 12.771 109.755 -29.654 10 
2 24 60.164 -30.113 16.487 61.408 -30.093 19.981 
2 24 62.781 -30.049 21.261 66.479 -29.675 22.039 
2 24 61.408 -30.093 19.981 62.781 -30.049 21.261 
2 24 60.574 -30.104 14.526 60.164 -30.113 16.487 
2 24 61.226 -30.116 11.362 60.574 -30.104 14.526 
2 24 66.481 -29.671 26.444 70.451 -29.168 26.076 
2 24 70.451 -29.168 26.076 74.425 -28.666 24.985 
2 24 62.781 -30.049 26.275 66.481 -29.671 26.444 
2 24 57.456 -28.755 10 57.128 -29.547 21.432 
2 24 91.083 -26.082 17.86 92.314 -25.861 18.105 
2 24 96.327 -26.72 17.615 97.626 -27.05 17.181 
2 24 92.314 -25.861 18.105 96.327 -26.72 17.615 
2 24 89.322 -26.786 20.791 92.492 -26.637 20.677 
2 24 106.086 -29.486 18.121 108.707 -29.706 17.703 
2 24 103.076 -28.55 17.887 106.086 -29.486 18.121 
2 24 100.66 -27.746 17.88 103.076 -28.55 17.887 
2 24 99.691 -27.524 18.095 100.66 -27.746 17.88 
2 24 97.754 -27.078 18.898 99.691 -27.524 18.095 
2 24 116.621 -25.171 13.812 114.845 -26.825 12.622 
2 24 114.844 -26.857 15.638 116.608 -25.115 14.964 
2 24 116.608 -25.115 14.964 116.621 -25.171 13.812 
2 24 114.845 -26.825 12.622 113.693 -27.744 10 
2 24 112.018 -28.796 16.819 114.844 -26.857 15.638 
2 24 108.707 -29.706 17.703 112.018 -28.796 16.819 
2 24 119.885 -25.663 13.67 119.957 -27.622 10 
2 24 116.621 -25.171 13.812 119.885 -25.663 13.67 
2 24 74.425 -28.666 24.985 79.801 -27.962 23.581 
2 24 84.906 -27.336 21.71 89.322 -26.786 20.791 
2 24 64.813 -24.148 26.401 68.884 -22.691 26.548 
2 24 110.395 -25.172 17.822 112.058 -24.103 17.384 
2 24 116.226 -22.068 16.203 116.608 -25.115 14.964 
2 24 115.265 -21.255 16.71 116.226 -22.068 16.203 
2 24 113.467 -21.44 17.247 115.265 -21.255 16.71 
2 24 112.058 -24.103 17.384 113.467 -21.44 17.247 
2 24 107.541 -25.261 18.178 110.395 -25.172 17.822 
2 24 105.115 -23.21 17.979 107.541 -25.261 18.178 
2 24 101.965 -23.956 18.108 105.115 -23.21 17.979 
2 24 100.899 -24.015 18.334 101.965 -23.956 18.108 
2 24 99.395 -22.861 19.005 100.899 -24.015 18.334 
2 24 97.754 -27.078 18.898 92.492 -26.637 20.677 
2 24 93.927 -22.47 20.815 95.358 -22.245 20.636 
2 24 92.785 -21.869 20.824 93.927 -22.47 20.815 
2 24 86.117 -22.709 22.139 87.604 -21.875 21.449 
2 24 84.466 -22.199 22.836 86.117 -22.709 22.139 
2 24 76.599 -22.769 25.288 78.215 -22.654 24.659 
2 24 73.833 -19.965 26.133 76.599 -22.769 25.288 
2 24 61.284 -24.209 25.446 64.813 -24.148 26.401 
2 24 62.781 -30.049 26.275 58.203 -29.65 24.628 
2 24 59.902 -24.068 24.417 61.284 -24.209 25.446 
2 24 68.884 -22.691 26.548 73.833 -19.965 26.133 
2 24 58.917 -24.081 20.755 59.902 -24.068 24.417 
2 24 58.178 -26.493 20.839 58.917 -24.081 20.755 
2 24 58.203 -29.65 24.628 57.128 -29.547 21.432 
2 24 57.057 -23.522 20.755 58.917 -24.081 20.755 
2 24 53.831 -32.277 20.81 55.841 -25.689 20.839 
2 24 53.831 -32.277 -0.81 53.831 -32.277 20.81 
2 24 51.807 -20.333 26.75 48.713 -20.279 26.692 
2 24 48.713 -20.279 26.692 45.81 -22.746 27.235 
2 24 50.066 -30.502 26.715 54.03 -31.248 27.46 
2 24 47.163 -29.068 26.171 50.066 -30.502 26.715 
2 24 45.388 -26.532 26.366 47.163 -29.068 26.171 
2 24 45.81 -22.746 27.235 45.388 -26.532 26.366 
2 24 57.142 -23.607 27.868 54.463 -21.944 27.135 
2 24 54.463 -21.944 27.135 51.807 -20.333 26.75 
2 24 57.057 -23.522 20.755 54.393 -22.038 20.716 
2 24 54.393 -22.038 20.716 51.8 -20.465 20.716 
2 24 51.8 -20.465 20.716 48.779 -20.412 20.716 
2 24 48.779 -20.412 20.716 45.945 -22.821 20.716 
2 24 45.945 -22.821 20.716 45.533 -26.518 20.716 
2 24 45.533 -26.518 20.716 47.266 -28.993 20.716 
2 24 47.266 -28.993 20.716 50.017 -30.637 20.716 
2 24 89.321 -18.296 21.256 90.473 -17.935 21.004 
2 24 87.604 -21.875 21.449 89.321 -18.296 21.256 
2 24 91.631 -18.471 20.972 92.785 -21.869 20.824 
2 24 90.473 -17.935 21.004 91.631 -18.471 20.972 
2 24 81.543 -18.82 24.098 82.66 -19.25 23.756 
2 24 82.66 -19.25 23.756 84.466 -22.199 22.836 
2 24 80.291 -19.448 24.4 81.543 -18.82 24.098 
2 24 78.215 -22.654 24.659 80.291 -19.448 24.4 
2 24 119.021 -26.775 16.992 119.885 -25.663 13.67 
2 24 117.538 -25.859 19.469 119.021 -26.775 16.992 
2 24 117.127 -25.133 19.853 117.538 -25.859 19.469 
2 24 116.435 -22.16 20.378 117.127 -25.133 19.853 
2 24 115.28 -21.212 20.769 116.435 -22.16 20.378 
2 24 113.553 -21.405 21.033 115.28 -21.212 20.769 
2 24 111.984 -24.054 21.418 113.553 -21.405 21.033 
2 24 110.395 -25.172 21.674 111.984 -24.054 21.418 
2 24 107.541 -25.261 21.805 110.395 -25.172 21.674 
2 24 105.115 -23.21 21.504 107.541 -25.261 21.805 
2 24 105.115 -23.21 17.979 105.115 -23.21 21.504 
2 24 101.965 -23.956 21.707 105.115 -23.21 21.504 
2 24 100.899 -24.015 22.026 101.965 -23.956 21.707 
2 24 99.676 -22.782 22.448 100.899 -24.015 22.026 
2 24 99.395 -22.861 19.005 98.853 -20.004 19.728 
2 24 98.896 -19.878 22.632 99.676 -22.782 22.448 
2 24 97.187 -19.689 23.088 98.078 -19.574 22.89 
2 24 98.06 -19.625 19.981 97.187 -19.689 20.233 
2 24 95.358 -22.245 24.053 97.187 -19.689 23.088 
2 24 97.187 -19.689 20.233 95.358 -22.245 20.636 
2 24 93.927 -22.47 24.502 95.358 -22.245 24.053 
2 24 92.785 -21.869 24.681 93.927 -22.47 24.502 
2 24 91.654 -18.404 24.571 92.785 -21.869 24.681 
2 24 90.483 -17.904 24.717 91.654 -18.404 24.571 
2 24 89.321 -18.296 24.921 90.483 -17.904 24.717 
2 24 87.604 -21.875 25.577 89.321 -18.296 24.921 
2 24 86.151 -22.711 25.906 87.604 -21.875 25.577 
2 24 84.466 -22.199 26.544 86.151 -22.711 25.906 
2 24 82.703 -19.125 27.095 84.466 -22.199 26.544 
2 24 81.576 -18.726 27.432 82.703 -19.125 27.095 
2 24 80.291 -19.448 27.914 81.576 -18.726 27.432 
2 24 78.215 -22.654 28.654 80.291 -19.448 27.914 
2 24 76.57 -22.854 29.189 78.215 -22.654 28.654 
2 24 73.833 -19.965 29.22 76.57 -22.854 29.189 
2 24 73.833 -19.965 26.133 73.833 -19.965 29.22 
2 24 68.905 -22.631 29.634 73.833 -19.965 29.22 
2 24 64.813 -24.148 29.488 68.905 -22.631 29.634 
2 24 61.143 -24.315 28.826 64.813 -24.148 29.488 
2 24 57.142 -23.607 27.868 61.143 -24.315 28.826 
2 24 98.06 -19.625 19.981 98.853 -20.004 19.728 
2 24 98.078 -19.574 22.89 98.896 -19.878 22.632 
2 24 116.03 -27.959 20.542 118.96 -28.405 17.219 
2 24 109.774 -27.031 22.071 116.03 -27.959 20.542 
2 24 106.825 -26.205 21.971 109.774 -27.031 22.071 
2 24 104.167 -26.23 21.842 106.825 -26.205 21.971 
2 24 100.657 -26.254 22.265 104.167 -26.23 21.842 
2 24 97.38 -24.852 23.641 100.657 -26.254 22.265 
2 24 93.718 -24.312 24.673 97.38 -24.852 23.641 
2 24 87.257 -25.165 25.673 93.718 -24.312 24.673 
2 24 82.941 -25.535 26.704 87.257 -25.165 25.673 
2 24 102.361 -30.397 19.067 107.97 -30.582 19.476 
2 24 98.928 -30.132 19.901 102.361 -30.397 19.067 
2 24 91.885 -29.378 22.278 98.928 -30.132 19.901 
2 24 86.187 -29.013 24.235 91.885 -29.378 22.278 
2 24 81.754 -29.098 25.781 86.187 -29.013 24.235 
2 24 75.986 -30.023 27.422 81.754 -29.098 25.781 
2 24 70.588 -31.188 28.46 75.986 -30.023 27.422 
2 24 62.07 -32.003 28.705 70.588 -31.188 28.46 
2 24 54.03 -31.248 27.46 62.07 -32.003 28.705 
2 24 118.96 -28.405 17.219 120.071 -28.748 10 
2 24 54.49 -32.228 24.763 55.563 -34.626 22.462 
2 24 58.544 -33.066 24.456 54.49 -32.228 24.763 
2 24 82.208 -30.564 22.564 77.128 -31.317 23.737 
2 24 77.128 -31.317 23.737 71.412 -33.179 22.386 
2 24 68.64 -34.037 20.642 68.616 -34.525 19.509 
2 24 71.412 -33.179 22.386 68.64 -34.037 20.642 
2 24 68.64 -34.037 20.642 66.603 -34.015 21.704 
2 24 66.603 -34.015 21.704 62.466 -33.824 22.818 
2 24 62.466 -33.824 22.818 58.544 -33.066 24.456 
2 24 85.856 -32.349 16.174 86.348 -31.72 17.554 
2 24 82.34 -35.131 16.407 85.856 -32.349 16.174 
2 24 77.358 -37.096 17.047 82.34 -35.131 16.407 
2 24 71.59 -36.075 18.263 77.358 -37.096 17.047 
2 24 68.521 -34.639 18.338 71.59 -36.075 18.263 
2 24 68.616 -34.525 19.509 68.521 -34.639 18.338 
2 24 66.758 -35.632 18.581 68.521 -34.639 18.338 
2 24 62.483 -36.565 18.83 66.758 -35.632 18.581 
2 24 58.989 -36.405 19.692 62.483 -36.565 18.83 
2 24 55.563 -34.626 22.462 58.989 -36.405 19.692 
2 24 54.49 -32.228 24.763 54.628 -32.766 20.838 
2 24 86.348 -31.72 17.554 85.739 -31.224 19.235 
2 24 85.739 -31.224 19.235 82.208 -30.564 22.564 
2 24 68.521 -34.639 18.338 70.629 -33.982 16.067 
2 24 66.769 -34.244 16.824 68.521 -34.639 18.338 
2 24 81.3 -32.586 13.875 85.856 -32.349 16.174 
2 24 98.793 -31.706 14.926 101.769 -32.104 14.557 
2 24 90.794 -31.616 15.652 98.793 -31.706 14.926 
2 24 85.856 -32.349 16.174 90.794 -31.616 15.652 
2 24 111.062 -33.817 14.732 112.153 -34.618 13.665 
2 24 112.153 -34.618 13.665 111.24 -35.821 12.617 
2 24 101.769 -32.104 14.557 105.964 -34.098 13.767 
2 24 50.017 -30.637 20.716 53.831 -32.277 20.81 
2 24 108.68 -35.688 12.741 108.152 -34.268 14.192 
2 24 105.964 -34.098 13.767 108.68 -35.688 12.741 
2 24 108.152 -34.268 14.192 111.062 -33.817 14.732 
2 24 108.68 -35.688 12.741 110.561 -35.926 12.485 
2 24 110.561 -35.926 12.485 111.24 -35.821 12.617 
2 24 76.215 -33.281 13.896 81.3 -32.586 13.875 
2 24 70.629 -33.982 16.067 76.215 -33.281 13.896 
2 24 61.135 -33.973 16.235 66.769 -34.244 16.824 
2 24 56.958 -33.227 17.603 61.135 -33.973 16.235 
2 24 54.628 -32.766 20.838 56.958 -33.227 17.603 

