0 ANIMAL HEAD NO.12 (Needs Work)
0 Name: 18925.dat
0 Author: <AuthorRealName> [<AuthorLDrawName>]
0 !LDRAW_ORG Unofficial_Part
0 !LICENSE Redistributable under CCAL version 2.0 : see CAreadme.txt

0 BFC CERTIFY CCW

0 !HISTORY 2016-03-18 {LEGO Digital Designer} Original part shape
0 !HISTORY 2016-03-18 [<AuthorLDrawName>] File preparation for LDraw Parts Tracker

0 // Needs Work: Clean necessary

0 // Outside
3 16 -17.314 -30.661 28.836 -19.814 -28.161 28.836 -17.314 -28.161 27.478 
3 16 -17.314 -25.661 28.836 -14.814 -28.161 28.836 -17.314 -28.161 27.478 
3 16 -17.314 -30.661 28.836 -17.314 -28.161 27.478 -14.814 -28.161 28.836 
3 16 -17.314 -25.661 28.836 -17.314 -28.161 27.478 -19.814 -28.161 28.836 
3 16 -17.314 -30.661 -8.876 -17.314 -28.161 -7.517 -19.814 -28.161 -8.876 
3 16 -17.314 -25.661 -8.876 -17.314 -28.161 -7.517 -14.814 -28.161 -8.876 
3 16 -17.314 -30.661 -8.876 -14.814 -28.161 -8.876 -17.314 -28.161 -7.517 
3 16 -17.314 -25.661 -8.876 -19.814 -28.161 -8.876 -17.314 -28.161 -7.517 
3 16 -35.307 -36.818 0.09 -38.362 -36.823 9.98 -48.383 -33.026 -4.242 
3 16 -58.039 -30.41 9.98 -58.238 -30.012 2.057 -38.362 -36.823 9.98 
3 16 -48.383 -33.026 -4.242 -38.362 -36.823 9.98 -58.238 -30.012 2.057 
3 16 -28.815 -36.888 -6.268 -35.307 -36.818 0.09 -30.575 -35.675 -10.474 
3 16 -35.307 -36.818 0.09 -48.383 -33.026 -4.242 -30.575 -35.675 -10.474 
3 16 -20.137 -37.023 -8.876 -28.815 -36.888 -6.268 -20.137 -37.023 -11.021 
3 16 -28.815 -36.888 -6.268 -30.575 -35.675 -10.474 -20.137 -37.023 -11.021 
3 16 -13.221 -28.718 -8.876 -13.221 -28.718 -13.865 -13.198 -20.977 -8.876 
3 16 -13.221 -28.718 -13.865 -13.198 -20.977 -13.931 -13.198 -20.977 -8.876 
3 16 -33.611 -31.394 -13.227 -26.975 -13.659 -13.9 -19.561 -32.286 -14.009 
3 16 -26.975 -13.659 -13.9 -18.949 -12.99 -14.023 -19.561 -32.286 -14.009 
3 16 -18.949 -12.99 -14.023 -13.198 -20.977 -13.931 -19.561 -32.286 -14.009 
3 16 -13.198 -20.977 -13.931 -13.221 -28.718 -13.865 -19.561 -32.286 -14.009 
3 16 -13.221 -28.718 -13.865 -14.796 -31.163 -14.061 -19.561 -32.286 -14.009 
3 16 -48.239 -28.791 -8.763 -48.409 -14.861 -8.623 -33.611 -31.394 -13.227 
3 16 -48.409 -14.861 -8.623 -26.975 -13.659 -13.9 -33.611 -31.394 -13.227 
3 16 -48.239 -28.791 -8.763 -57.457 -25.179 -2.494 -48.409 -14.861 -8.623 
3 16 -61.642 -17.387 -0.035 -48.409 -14.861 -8.623 -61.707 -22.953 -0.004 
3 16 -61.707 -22.953 -0.004 -48.409 -14.861 -8.623 -57.457 -25.179 -2.494 
3 16 -18.949 -12.99 -14.023 -26.975 -13.659 -13.9 -26.793 -11.929 -13.169 
3 16 -48.409 -14.861 -8.623 -46.993 -11.877 -7.86 -26.975 -13.659 -13.9 
3 16 -46.993 -11.877 -7.86 -26.793 -11.929 -13.169 -26.975 -13.659 -13.9 
3 16 -18.949 -12.99 -14.023 -18.953 -12.983 -8.876 -13.198 -20.977 -13.931 
3 16 -18.953 -12.983 -8.876 -13.198 -20.977 -8.876 -13.198 -20.977 -13.931 
3 16 -61.642 -17.387 -0.035 -60.082 -13.567 1.422 -48.409 -14.861 -8.623 
3 16 -60.082 -13.567 1.422 -46.993 -11.877 -7.86 -48.409 -14.861 -8.623 
3 16 -89.97 -16.632 4.522 -89.95 -17.347 3.342 -116.709 -16.728 5.436 
3 16 -89.95 -17.347 3.342 -116.833 -17.485 4.965 -116.709 -16.728 5.436 
3 16 -89.95 -17.347 3.342 -89.97 -16.632 4.522 -76.287 -17.319 2.66 
3 16 -89.97 -16.632 4.522 -76.222 -15.943 4.12 -76.287 -17.319 2.66 
3 16 -76.287 -17.319 2.66 -76.222 -15.943 4.12 -61.642 -17.387 -0.035 
3 16 -76.222 -15.943 4.12 -60.082 -13.567 1.422 -61.642 -17.387 -0.035 
3 16 -38.725 -33.222 9.98 -38.362 -36.823 9.98 -35.952 -33.364 -0.024 
3 16 -38.362 -36.823 9.98 -35.307 -36.818 0.09 -35.952 -33.364 -0.024 
3 16 -28.815 -36.888 -6.268 -30.778 -33.237 -5.697 -35.307 -36.818 0.09 
3 16 -30.778 -33.237 -5.697 -35.952 -33.364 -0.024 -35.307 -36.818 0.09 
3 16 -33.611 -31.394 -13.227 -19.561 -32.286 -14.009 -30.575 -35.675 -10.474 
3 16 -19.561 -32.286 -14.009 -20.137 -37.023 -11.021 -30.575 -35.675 -10.474 
3 16 -48.239 -28.791 -8.763 -33.611 -31.394 -13.227 -48.383 -33.026 -4.242 
3 16 -33.611 -31.394 -13.227 -30.575 -35.675 -10.474 -48.383 -33.026 -4.242 
3 16 -58.238 -30.012 2.057 -57.457 -25.179 -2.494 -48.383 -33.026 -4.242 
3 16 -57.457 -25.179 -2.494 -48.239 -28.791 -8.763 -48.383 -33.026 -4.242 
3 16 -57.457 -25.179 -2.494 -58.238 -30.012 2.057 -61.707 -22.953 -0.004 
3 16 -58.238 -30.012 2.057 -68.156 -27.204 4.627 -61.707 -22.953 -0.004 
3 16 -68.228 -22.57 1.586 -61.707 -22.953 -0.004 -68.156 -27.204 4.627 
3 16 -89.078 -21.845 3.05 -68.228 -22.57 1.586 -89.154 -23.869 5.457 
3 16 -68.228 -22.57 1.586 -68.156 -27.204 4.627 -89.154 -23.869 5.457 
3 16 -89.154 -23.869 5.457 -116.629 -21.903 6.363 -89.078 -21.845 3.05 
3 16 -116.629 -21.903 6.363 -116.903 -20.87 5.069 -89.078 -21.845 3.05 
3 16 -119.764 -21.696 7.625 -121.029 -21.61 9.98 -120.594 -20.141 6.474 
3 16 -121.029 -21.61 9.98 -122.434 -20.094 9.98 -120.594 -20.141 6.474 
3 16 -116.629 -21.903 6.363 -119.764 -21.696 7.625 -116.903 -20.87 5.069 
3 16 -119.764 -21.696 7.625 -120.594 -20.141 6.474 -116.903 -20.87 5.069 
3 16 -116.709 -16.728 5.436 -116.555 -16.294 6.42 -89.97 -16.632 4.522 
3 16 -116.555 -16.294 6.42 -89.971 -16.292 5.776 -89.97 -16.632 4.522 
3 16 -76.059 -15.624 5.781 -76.222 -15.943 4.12 -89.971 -16.292 5.776 
3 16 -76.222 -15.943 4.12 -89.97 -16.632 4.522 -89.971 -16.292 5.776 
3 16 -76.059 -15.624 5.781 -60.082 -13.567 1.422 -76.222 -15.943 4.12 
3 16 -120.306 -16.705 6.84 -120.579 -17.814 6.461 -121.989 -16.723 9.98 
3 16 -120.579 -17.814 6.461 -122.433 -17.849 9.98 -121.989 -16.723 9.98 
3 16 -121.989 -16.723 9.98 -120.977 -16.293 9.98 -120.306 -16.705 6.84 
3 16 -120.977 -16.293 9.98 -119.66 -16.296 7.546 -120.306 -16.705 6.84 
3 16 -120.306 -16.705 6.84 -119.66 -16.296 7.546 -116.709 -16.728 5.436 
3 16 -119.66 -16.296 7.546 -116.555 -16.294 6.42 -116.709 -16.728 5.436 
3 16 -116.709 -16.728 5.436 -116.833 -17.485 4.965 -120.306 -16.705 6.84 
3 16 -116.833 -17.485 4.965 -120.579 -17.814 6.461 -120.306 -16.705 6.84 
3 16 -122.434 -20.094 9.98 -122.433 -17.849 9.98 -120.594 -20.141 6.474 
3 16 -122.433 -17.849 9.98 -120.579 -17.814 6.461 -120.594 -20.141 6.474 
3 16 -116.903 -20.87 5.069 -120.594 -20.141 6.474 -116.833 -17.485 4.965 
3 16 -120.594 -20.141 6.474 -120.579 -17.814 6.461 -116.833 -17.485 4.965 
3 16 -121.029 -21.61 9.98 -119.764 -21.696 7.625 -89.034 -23.895 9.98 
3 16 -119.764 -21.696 7.625 -116.629 -21.903 6.363 -89.034 -23.895 9.98 
3 16 -89.034 -23.895 9.98 -116.629 -21.903 6.363 -89.154 -23.869 5.457 
3 16 -58.238 -30.012 2.057 -58.039 -30.41 9.98 -68.156 -27.204 4.627 
3 16 -58.039 -30.41 9.98 -67.073 -27.681 9.98 -68.156 -27.204 4.627 
3 16 -119.588 -16.286 9.98 -116.871 -16.286 9.98 -119.66 -16.296 7.546 
3 16 -116.871 -16.286 9.98 -116.555 -16.294 6.42 -119.66 -16.296 7.546 
3 16 -89.971 -16.292 5.776 -116.555 -16.294 6.42 -89.795 -16.282 9.98 
3 16 -116.555 -16.294 6.42 -116.871 -16.286 9.98 -89.795 -16.282 9.98 
3 16 -75.689 -15.577 9.98 -76.059 -15.624 5.781 -89.795 -16.282 9.98 
3 16 -76.059 -15.624 5.781 -89.971 -16.292 5.776 -89.795 -16.282 9.98 
3 16 -119.66 -16.296 7.546 -120.977 -16.293 9.98 -119.588 -16.286 9.98 
3 16 -28.32 -11.911 -8.876 -18.953 -12.983 -8.876 -26.793 -11.929 -13.169 
3 16 -18.953 -12.983 -8.876 -18.949 -12.99 -14.023 -26.793 -11.929 -13.169 
3 16 -46.689 -10.094 0.639 -60.082 -13.567 1.422 -56.098 -12.46 3.807 
3 16 -48.206 -10.052 6.997 -56.098 -12.46 3.807 -56.839 -12.462 9.98 
3 16 -75.689 -15.577 9.98 -56.839 -12.462 9.98 -76.059 -15.624 5.781 
3 16 -56.839 -12.462 9.98 -56.098 -12.46 3.807 -76.059 -15.624 5.781 
3 16 -76.059 -15.624 5.781 -56.098 -12.46 3.807 -60.082 -13.567 1.422 
3 16 -40.6 -10.147 0.644 -46.689 -10.094 0.639 -41.485 -12.551 3.753 
3 16 -46.689 -10.094 0.639 -56.098 -12.46 3.807 -41.485 -12.551 3.753 
3 16 -40.6 -10.147 0.644 -37.725 -12.442 -2.71 -46.689 -10.094 0.639 
3 16 -37.725 -12.442 -2.71 -53.966 -12.462 -2.499 -46.689 -10.094 0.639 
3 16 -44.461 -10.048 6.991 -41.485 -12.551 3.753 -48.206 -10.052 6.997 
3 16 -41.485 -12.551 3.753 -56.098 -12.46 3.807 -48.206 -10.052 6.997 
3 16 -56.839 -12.462 9.98 -43.131 -12.456 9.98 -48.206 -10.052 6.997 
3 16 -43.131 -12.456 9.98 -44.461 -10.048 6.991 -48.206 -10.052 6.997 
3 16 -53.966 -12.462 -2.499 -37.725 -12.442 -2.71 -42.176 -10.049 -5.525 
3 16 -37.725 -12.442 -2.71 -36.524 -10.13 -5.525 -42.176 -10.049 -5.525 
3 16 -36.524 -10.13 -5.525 -35.889 -11.975 -8.966 -42.176 -10.049 -5.525 
3 16 -35.889 -11.975 -8.966 -46.993 -11.877 -7.86 -42.176 -10.049 -5.525 
3 16 -46.689 -10.094 0.639 -53.966 -12.462 -2.499 -60.082 -13.567 1.422 
3 16 -60.082 -13.567 1.422 -53.966 -12.462 -2.499 -46.993 -11.877 -7.86 
3 16 -46.993 -11.877 -7.86 -53.966 -12.462 -2.499 -42.176 -10.049 -5.525 
3 16 -46.993 -11.877 -7.86 -35.889 -11.975 -8.966 -26.793 -11.929 -13.169 
3 16 -35.889 -11.975 -8.966 -28.32 -11.911 -8.876 -26.793 -11.929 -13.169 
3 16 -40.6 -10.147 0.644 -41.485 -12.551 3.753 -39.804 -15.025 2.193 
3 16 -39.804 -15.025 2.193 -41.485 -12.551 3.753 -41.548 -15.045 9.98 
3 16 -41.548 -15.045 9.98 -41.485 -12.551 3.753 -43.131 -12.456 9.98 
3 16 -41.485 -12.551 3.753 -44.461 -10.048 6.991 -43.131 -12.456 9.98 
3 16 -40.6 -10.147 0.644 -39.804 -15.025 2.193 -37.725 -12.442 -2.71 
3 16 -39.804 -15.025 2.193 -35.504 -14.71 -4.864 -37.725 -12.442 -2.71 
3 16 -35.889 -11.975 -8.966 -36.524 -10.13 -5.525 -35.504 -14.71 -4.864 
3 16 -36.524 -10.13 -5.525 -37.725 -12.442 -2.71 -35.504 -14.71 -4.864 
3 16 -35.504 -14.71 -4.864 -39.804 -15.025 2.193 -47.885 -16.571 -4.867 
3 16 -61.519 -18.949 4.887 -41.548 -15.045 9.98 -61.519 -18.949 15.073 
3 16 -41.548 -15.045 9.98 -61.519 -18.949 4.887 -39.804 -15.025 2.193 
3 16 -47.885 -16.571 -4.867 -39.804 -15.025 2.193 -61.519 -18.949 4.887 
3 16 -32.953 -32.556 -8.673 -32.932 -33.013 -4.882 -30.778 -33.237 -5.697 
3 16 -30.778 -33.237 -5.697 -32.932 -33.013 -4.882 -35.952 -33.364 -0.024 
3 16 -32.932 -33.013 -4.882 -47.779 -29.319 -4.845 -35.952 -33.364 -0.024 
3 16 -38.725 -33.222 9.98 -61.608 -24.548 5.143 -61.608 -24.548 14.817 
3 16 -61.608 -24.548 5.143 -38.725 -33.222 9.98 -47.779 -29.319 -4.845 
3 16 -35.952 -33.364 -0.024 -47.779 -29.319 -4.845 -38.725 -33.222 9.98 
3 16 -32.953 -32.556 -8.673 -30.778 -33.237 -5.697 -24.907 -33.375 -8.876 
3 16 -13.221 -28.718 -8.876 -20.137 -37.023 -8.876 -14.796 -31.163 -14.061 
3 16 -13.221 -28.718 -13.865 -13.221 -28.718 -8.876 -14.796 -31.163 -14.061 
3 16 -20.137 -37.023 -8.876 -20.137 -37.023 -11.021 -14.796 -31.163 -14.061 
3 16 -19.561 -32.286 -14.009 -14.796 -31.163 -14.061 -20.137 -37.023 -11.021 
3 16 -35.889 -11.975 -8.966 -35.504 -14.71 -4.864 -32.953 -32.556 -8.673 
3 16 -35.504 -14.71 -4.864 -32.932 -33.013 -4.882 -32.953 -32.556 -8.673 
3 16 -47.885 -16.571 -4.867 -47.779 -29.319 -4.845 -35.504 -14.71 -4.864 
3 16 -47.779 -29.319 -4.845 -32.932 -33.013 -4.882 -35.504 -14.71 -4.864 
3 16 -61.519 -18.949 4.887 -61.608 -24.548 5.143 -47.885 -16.571 -4.867 
3 16 -61.608 -24.548 5.143 -47.779 -29.319 -4.845 -47.885 -16.571 -4.867 
3 16 -61.608 -24.548 5.143 -61.519 -18.949 4.887 -61.608 -24.548 14.817 
3 16 -61.608 -24.548 14.817 -61.519 -18.949 4.887 -61.519 -18.949 15.073 
3 16 -61.707 -22.953 -0.004 -68.228 -22.57 1.586 -65.592 -22.662 -2.636 
3 16 -65.592 -22.662 -2.636 -68.228 -22.57 1.586 -69.406 -22.529 -0.34 
3 16 -68.228 -22.57 1.586 -89.078 -21.845 3.05 -69.406 -22.529 -0.34 
3 16 -113.409 -20.992 1.547 -109.228 -21.138 3.448 -116.903 -20.87 5.069 
3 16 -116.903 -20.87 5.069 -109.228 -21.138 3.448 -89.078 -21.845 3.05 
3 16 -97.47 -21.549 0.153 -93.288 -21.695 2.053 -101.258 -21.417 2.75 
3 16 -105.757 -21.26 0.878 -101.258 -21.417 2.75 -109.228 -21.138 3.448 
3 16 -109.228 -21.138 3.448 -101.258 -21.417 2.75 -89.078 -21.845 3.05 
3 16 -101.258 -21.417 2.75 -93.288 -21.695 2.053 -89.078 -21.845 3.05 
3 16 -93.288 -21.695 2.053 -89.5 -21.827 -0.545 -89.078 -21.845 3.05 
3 16 -89.5 -21.827 -0.545 -85.332 -21.973 1.205 -89.078 -21.845 3.05 
3 16 -89.078 -21.845 3.05 -85.332 -21.973 1.205 -69.406 -22.529 -0.34 
3 16 -81.531 -22.106 -1.242 -77.376 -22.251 0.357 -85.332 -21.973 1.205 
3 16 -85.332 -21.973 1.205 -77.376 -22.251 0.357 -69.406 -22.529 -0.34 
3 16 -69.406 -22.529 -0.34 -77.376 -22.251 0.357 -73.561 -22.384 -1.939 
3 16 -113.409 -17.449 1.547 -116.833 -17.485 4.965 -109.228 -17.431 3.448 
3 16 -116.833 -17.485 4.965 -89.95 -17.347 3.342 -109.228 -17.431 3.448 
3 16 -65.592 -17.286 -2.636 -69.406 -17.286 -0.34 -61.642 -17.387 -0.035 
3 16 -61.642 -17.387 -0.035 -69.406 -17.286 -0.34 -76.287 -17.319 2.66 
3 16 -69.406 -17.286 -0.34 -73.561 -17.286 -1.939 -76.287 -17.319 2.66 
3 16 -73.561 -17.286 -1.939 -77.376 -17.292 0.357 -76.287 -17.319 2.66 
3 16 -76.287 -17.319 2.66 -77.376 -17.292 0.357 -89.95 -17.347 3.342 
3 16 -105.757 -17.416 0.878 -109.228 -17.431 3.448 -101.258 -17.396 2.75 
3 16 -109.228 -17.431 3.448 -89.95 -17.347 3.342 -101.258 -17.396 2.75 
3 16 -97.47 -17.379 0.153 -101.258 -17.396 2.75 -93.288 -17.361 2.053 
3 16 -101.258 -17.396 2.75 -89.95 -17.347 3.342 -93.288 -17.361 2.053 
3 16 -93.288 -17.361 2.053 -89.95 -17.347 3.342 -89.5 -17.345 -0.545 
3 16 -89.5 -17.345 -0.545 -89.95 -17.347 3.342 -85.332 -17.327 1.205 
3 16 -89.95 -17.347 3.342 -77.376 -17.292 0.357 -85.332 -17.327 1.205 
3 16 -85.332 -17.327 1.205 -77.376 -17.292 0.357 -81.531 -17.31 -1.242 
3 16 -69.406 -22.529 -0.34 -73.561 -22.384 -1.939 -69.406 -17.286 -0.34 
3 16 -73.561 -22.384 -1.939 -73.561 -17.286 -1.939 -69.406 -17.286 -0.34 
3 16 -77.376 -17.292 0.357 -73.561 -17.286 -1.939 -77.376 -22.251 0.357 
3 16 -73.561 -17.286 -1.939 -73.561 -22.384 -1.939 -77.376 -22.251 0.357 
3 16 -116.903 -20.87 5.069 -116.833 -17.485 4.965 -113.409 -20.992 1.547 
3 16 -116.833 -17.485 4.965 -113.409 -17.449 1.547 -113.409 -20.992 1.547 
3 16 -109.228 -21.138 3.448 -113.409 -20.992 1.547 -109.228 -17.431 3.448 
3 16 -113.409 -20.992 1.547 -113.409 -17.449 1.547 -109.228 -17.431 3.448 
3 16 -105.757 -21.26 0.878 -109.228 -21.138 3.448 -105.757 -17.416 0.878 
3 16 -109.228 -21.138 3.448 -109.228 -17.431 3.448 -105.757 -17.416 0.878 
3 16 -101.258 -21.417 2.75 -105.757 -21.26 0.878 -101.258 -17.396 2.75 
3 16 -105.757 -21.26 0.878 -105.757 -17.416 0.878 -101.258 -17.396 2.75 
3 16 -97.47 -21.549 0.153 -101.258 -21.417 2.75 -97.47 -17.379 0.153 
3 16 -101.258 -21.417 2.75 -101.258 -17.396 2.75 -97.47 -17.379 0.153 
3 16 -93.288 -21.695 2.053 -97.47 -21.549 0.153 -93.288 -17.361 2.053 
3 16 -97.47 -21.549 0.153 -97.47 -17.379 0.153 -93.288 -17.361 2.053 
3 16 -81.531 -17.31 -1.242 -77.376 -17.292 0.357 -81.531 -22.106 -1.242 
3 16 -77.376 -17.292 0.357 -77.376 -22.251 0.357 -81.531 -22.106 -1.242 
3 16 -85.332 -17.327 1.205 -81.531 -17.31 -1.242 -85.332 -21.973 1.205 
3 16 -81.531 -17.31 -1.242 -81.531 -22.106 -1.242 -85.332 -21.973 1.205 
3 16 -89.5 -17.345 -0.545 -85.332 -17.327 1.205 -89.5 -21.827 -0.545 
3 16 -85.332 -17.327 1.205 -85.332 -21.973 1.205 -89.5 -21.827 -0.545 
3 16 -93.288 -17.361 2.053 -89.5 -17.345 -0.545 -93.288 -21.695 2.053 
3 16 -89.5 -17.345 -0.545 -89.5 -21.827 -0.545 -93.288 -21.695 2.053 
3 16 -65.592 -22.662 -2.636 -69.406 -22.529 -0.34 -65.592 -17.286 -2.636 
3 16 -69.406 -22.529 -0.34 -69.406 -17.286 -0.34 -65.592 -17.286 -2.636 
3 16 -61.707 -22.953 -0.004 -65.592 -22.662 -2.636 -61.642 -17.387 -0.035 
3 16 -65.592 -22.662 -2.636 -65.592 -17.286 -2.636 -61.642 -17.387 -0.035 
3 16 -67.073 -27.681 9.98 -89.034 -23.895 9.98 -68.156 -27.204 4.627 
3 16 -89.034 -23.895 9.98 -89.154 -23.869 5.457 -68.156 -27.204 4.627 
3 16 -35.889 -11.975 -8.966 -32.953 -32.556 -8.673 -28.32 -11.911 -8.876 
3 16 -32.953 -32.556 -8.673 -24.907 -33.375 -8.876 -28.32 -11.911 -8.876 
3 16 -28.32 -11.911 -8.876 -24.907 -33.375 -8.876 -18.953 -12.983 -8.876 
3 16 -18.953 -12.983 -8.876 -24.907 -33.375 -8.876 -13.198 -20.977 -8.876 
3 16 -13.198 -20.977 -8.876 -24.907 -33.375 -8.876 -13.221 -28.718 -8.876 
3 16 -13.221 -28.718 -8.876 -24.907 -33.375 -8.876 -20.137 -37.023 -8.876 
3 16 -20.137 -37.023 -8.876 -24.907 -33.375 -8.876 -28.815 -36.888 -6.268 
3 16 -28.815 -36.888 -6.268 -24.907 -33.375 -8.876 -30.778 -33.237 -5.697 
3 16 -35.307 -36.818 19.87 -48.383 -33.026 24.203 -38.362 -36.823 9.98 
3 16 -58.039 -30.41 9.98 -38.362 -36.823 9.98 -58.238 -30.012 17.903 
3 16 -48.383 -33.026 24.203 -58.238 -30.012 17.903 -38.362 -36.823 9.98 
3 16 -28.815 -36.888 26.229 -30.575 -35.675 30.434 -35.307 -36.818 19.87 
3 16 -35.307 -36.818 19.87 -30.575 -35.675 30.434 -48.383 -33.026 24.203 
3 16 -20.137 -37.023 28.837 -20.137 -37.023 30.982 -28.815 -36.888 26.229 
3 16 -28.815 -36.888 26.229 -20.137 -37.023 30.982 -30.575 -35.675 30.434 
3 16 -13.221 -28.718 28.836 -13.198 -20.977 28.836 -13.221 -28.718 33.826 
3 16 -13.221 -28.718 33.826 -13.198 -20.977 28.836 -13.198 -20.977 33.892 
3 16 -33.611 -31.394 33.188 -19.561 -32.286 33.969 -26.975 -13.659 33.86 
3 16 -26.975 -13.659 33.86 -19.561 -32.286 33.969 -18.949 -12.99 33.983 
3 16 -18.949 -12.99 33.983 -19.561 -32.286 33.969 -13.198 -20.977 33.892 
3 16 -13.198 -20.977 33.892 -19.561 -32.286 33.969 -13.221 -28.718 33.826 
3 16 -13.221 -28.718 33.826 -19.561 -32.286 33.969 -14.796 -31.163 34.021 
3 16 -48.239 -28.791 28.724 -33.611 -31.394 33.188 -48.409 -14.861 28.583 
3 16 -48.409 -14.861 28.583 -33.611 -31.394 33.188 -26.975 -13.659 33.86 
3 16 -48.239 -28.791 28.724 -48.409 -14.861 28.583 -57.457 -25.179 22.454 
3 16 -61.642 -17.387 19.996 -61.707 -22.953 19.964 -48.409 -14.861 28.583 
3 16 -61.707 -22.953 19.964 -57.457 -25.179 22.454 -48.409 -14.861 28.583 
3 16 -18.949 -12.99 33.983 -26.793 -11.929 33.13 -26.975 -13.659 33.86 
3 16 -48.409 -14.861 28.583 -26.975 -13.659 33.86 -46.993 -11.877 27.82 
3 16 -46.993 -11.877 27.82 -26.975 -13.659 33.86 -26.793 -11.929 33.13 
3 16 -18.949 -12.99 33.983 -13.198 -20.977 33.892 -18.953 -12.983 28.836 
3 16 -18.953 -12.983 28.836 -13.198 -20.977 33.892 -13.198 -20.977 28.836 
3 16 -61.642 -17.387 19.996 -48.409 -14.861 28.583 -60.082 -13.567 18.538 
3 16 -60.082 -13.567 18.538 -48.409 -14.861 28.583 -46.993 -11.877 27.82 
3 16 -89.97 -16.632 15.439 -116.709 -16.728 14.525 -89.95 -17.347 16.618 
3 16 -89.95 -17.347 16.618 -116.709 -16.728 14.525 -116.833 -17.485 14.995 
3 16 -89.95 -17.347 16.618 -76.287 -17.319 17.301 -89.97 -16.632 15.439 
3 16 -89.97 -16.632 15.439 -76.287 -17.319 17.301 -76.222 -15.943 15.841 
3 16 -76.287 -17.319 17.301 -61.642 -17.387 19.996 -76.222 -15.943 15.841 
3 16 -76.222 -15.943 15.841 -61.642 -17.387 19.996 -60.082 -13.567 18.538 
3 16 -38.725 -33.222 9.98 -35.952 -33.364 19.984 -38.362 -36.823 9.98 
3 16 -38.362 -36.823 9.98 -35.952 -33.364 19.984 -35.307 -36.818 19.87 
3 16 -28.815 -36.888 26.229 -35.307 -36.818 19.87 -30.778 -33.237 25.657 
3 16 -30.778 -33.237 25.657 -35.307 -36.818 19.87 -35.952 -33.364 19.984 
3 16 -33.611 -31.394 33.188 -30.575 -35.675 30.434 -19.561 -32.286 33.969 
3 16 -19.561 -32.286 33.969 -30.575 -35.675 30.434 -20.137 -37.023 30.982 
3 16 -48.239 -28.791 28.724 -48.383 -33.026 24.203 -33.611 -31.394 33.188 
3 16 -33.611 -31.394 33.188 -48.383 -33.026 24.203 -30.575 -35.675 30.434 
3 16 -58.238 -30.012 17.903 -48.383 -33.026 24.203 -57.457 -25.179 22.454 
3 16 -57.457 -25.179 22.454 -48.383 -33.026 24.203 -48.239 -28.791 28.724 
3 16 -57.457 -25.179 22.454 -61.707 -22.953 19.964 -58.238 -30.012 17.903 
3 16 -58.238 -30.012 17.903 -61.707 -22.953 19.964 -68.156 -27.204 15.333 
3 16 -68.228 -22.57 18.374 -68.156 -27.204 15.333 -61.707 -22.953 19.964 
3 16 -89.078 -21.845 16.91 -89.154 -23.869 14.504 -68.228 -22.57 18.374 
3 16 -68.228 -22.57 18.374 -89.154 -23.869 14.504 -68.156 -27.204 15.333 
3 16 -89.154 -23.869 14.504 -89.078 -21.845 16.91 -116.629 -21.903 13.598 
3 16 -116.629 -21.903 13.598 -89.078 -21.845 16.91 -116.903 -20.87 14.891 
3 16 -119.764 -21.696 12.335 -120.594 -20.141 13.487 -121.029 -21.61 9.98 
3 16 -121.029 -21.61 9.98 -120.594 -20.141 13.487 -122.434 -20.094 9.98 
3 16 -116.629 -21.903 13.598 -116.903 -20.87 14.891 -119.764 -21.696 12.335 
3 16 -119.764 -21.696 12.335 -116.903 -20.87 14.891 -120.594 -20.141 13.487 
3 16 -116.709 -16.728 14.525 -89.97 -16.632 15.439 -116.555 -16.294 13.54 
3 16 -116.555 -16.294 13.54 -89.97 -16.632 15.439 -89.971 -16.292 14.184 
3 16 -76.059 -15.624 14.18 -89.971 -16.292 14.184 -76.222 -15.943 15.841 
3 16 -76.222 -15.943 15.841 -89.971 -16.292 14.184 -89.97 -16.632 15.439 
3 16 -76.059 -15.624 14.18 -76.222 -15.943 15.841 -60.082 -13.567 18.538 
3 16 -120.306 -16.705 13.12 -121.989 -16.723 9.98 -120.579 -17.814 13.499 
3 16 -120.579 -17.814 13.499 -121.989 -16.723 9.98 -122.433 -17.849 9.98 
3 16 -121.989 -16.723 9.98 -120.306 -16.705 13.12 -120.977 -16.293 9.98 
3 16 -120.977 -16.293 9.98 -120.306 -16.705 13.12 -119.66 -16.296 12.415 
3 16 -120.306 -16.705 13.12 -116.709 -16.728 14.525 -119.66 -16.296 12.415 
3 16 -119.66 -16.296 12.415 -116.709 -16.728 14.525 -116.555 -16.294 13.54 
3 16 -116.709 -16.728 14.525 -120.306 -16.705 13.12 -116.833 -17.485 14.995 
3 16 -116.833 -17.485 14.995 -120.306 -16.705 13.12 -120.579 -17.814 13.499 
3 16 -122.434 -20.094 9.98 -120.594 -20.141 13.487 -122.433 -17.849 9.98 
3 16 -122.433 -17.849 9.98 -120.594 -20.141 13.487 -120.579 -17.814 13.499 
3 16 -116.903 -20.87 14.891 -116.833 -17.485 14.995 -120.594 -20.141 13.487 
3 16 -120.594 -20.141 13.487 -116.833 -17.485 14.995 -120.579 -17.814 13.499 
3 16 -121.029 -21.61 9.98 -89.034 -23.895 9.98 -119.764 -21.696 12.335 
3 16 -119.764 -21.696 12.335 -89.034 -23.895 9.98 -116.629 -21.903 13.598 
3 16 -89.034 -23.895 9.98 -89.154 -23.869 14.504 -116.629 -21.903 13.598 
3 16 -58.238 -30.012 17.903 -68.156 -27.204 15.333 -58.039 -30.41 9.98 
3 16 -58.039 -30.41 9.98 -68.156 -27.204 15.333 -67.073 -27.681 9.98 
3 16 -119.588 -16.286 9.98 -119.66 -16.296 12.415 -116.871 -16.286 9.98 
3 16 -116.871 -16.286 9.98 -119.66 -16.296 12.415 -116.555 -16.294 13.54 
3 16 -89.971 -16.292 14.184 -89.795 -16.282 9.98 -116.555 -16.294 13.54 
3 16 -116.555 -16.294 13.54 -89.795 -16.282 9.98 -116.871 -16.286 9.98 
3 16 -75.689 -15.577 9.98 -89.795 -16.282 9.98 -76.059 -15.624 14.18 
3 16 -76.059 -15.624 14.18 -89.795 -16.282 9.98 -89.971 -16.292 14.184 
3 16 -119.66 -16.296 12.415 -119.588 -16.286 9.98 -120.977 -16.293 9.98 
3 16 -28.32 -11.911 28.836 -26.793 -11.929 33.13 -18.953 -12.983 28.836 
3 16 -18.953 -12.983 28.836 -26.793 -11.929 33.13 -18.949 -12.99 33.983 
3 16 -46.689 -10.094 19.322 -56.098 -12.46 16.154 -60.082 -13.567 18.538 
3 16 -48.206 -10.052 12.963 -56.839 -12.462 9.98 -56.098 -12.46 16.154 
3 16 -75.689 -15.577 9.98 -76.059 -15.624 14.18 -56.839 -12.462 9.98 
3 16 -56.839 -12.462 9.98 -76.059 -15.624 14.18 -56.098 -12.46 16.154 
3 16 -76.059 -15.624 14.18 -60.082 -13.567 18.538 -56.098 -12.46 16.154 
3 16 -40.6 -10.147 19.317 -41.485 -12.551 16.207 -46.689 -10.094 19.322 
3 16 -46.689 -10.094 19.322 -41.485 -12.551 16.207 -56.098 -12.46 16.154 
3 16 -40.6 -10.147 19.317 -46.689 -10.094 19.322 -37.725 -12.442 22.671 
3 16 -37.725 -12.442 22.671 -46.689 -10.094 19.322 -53.966 -12.462 22.459 
3 16 -44.461 -10.048 12.969 -48.206 -10.052 12.963 -41.485 -12.551 16.207 
3 16 -41.485 -12.551 16.207 -48.206 -10.052 12.963 -56.098 -12.46 16.154 
3 16 -56.839 -12.462 9.98 -48.206 -10.052 12.963 -43.131 -12.456 9.98 
3 16 -43.131 -12.456 9.98 -48.206 -10.052 12.963 -44.461 -10.048 12.969 
3 16 -53.966 -12.462 22.459 -42.176 -10.049 25.485 -37.725 -12.442 22.671 
3 16 -37.725 -12.442 22.671 -42.176 -10.049 25.485 -36.524 -10.13 25.485 
3 16 -36.524 -10.13 25.485 -42.176 -10.049 25.485 -35.889 -11.975 28.926 
3 16 -35.889 -11.975 28.926 -42.176 -10.049 25.485 -46.993 -11.877 27.82 
3 16 -46.689 -10.094 19.322 -60.082 -13.567 18.538 -53.966 -12.462 22.459 
3 16 -60.082 -13.567 18.538 -46.993 -11.877 27.82 -53.966 -12.462 22.459 
3 16 -46.993 -11.877 27.82 -42.176 -10.049 25.485 -53.966 -12.462 22.459 
3 16 -46.993 -11.877 27.82 -26.793 -11.929 33.13 -35.889 -11.975 28.926 
3 16 -35.889 -11.975 28.926 -26.793 -11.929 33.13 -28.32 -11.911 28.836 
3 16 -40.6 -10.147 19.317 -39.804 -15.025 17.767 -41.485 -12.551 16.207 
3 16 -39.804 -15.025 17.767 -41.548 -15.045 9.98 -41.485 -12.551 16.207 
3 16 -41.548 -15.045 9.98 -43.131 -12.456 9.98 -41.485 -12.551 16.207 
3 16 -41.485 -12.551 16.207 -43.131 -12.456 9.98 -44.461 -10.048 12.969 
3 16 -40.6 -10.147 19.317 -37.725 -12.442 22.671 -39.804 -15.025 17.767 
3 16 -39.804 -15.025 17.767 -37.725 -12.442 22.671 -35.504 -14.71 24.825 
3 16 -35.889 -11.975 28.926 -35.504 -14.71 24.825 -36.524 -10.13 25.485 
3 16 -36.524 -10.13 25.485 -35.504 -14.71 24.825 -37.725 -12.442 22.671 
3 16 -35.504 -14.71 24.825 -47.885 -16.571 24.828 -39.804 -15.025 17.767 
3 16 -41.548 -15.045 9.98 -39.804 -15.025 17.767 -61.519 -18.949 15.073 
3 16 -47.885 -16.571 24.828 -61.519 -18.949 15.073 -39.804 -15.025 17.767 
3 16 -32.953 -32.556 28.634 -30.778 -33.237 25.657 -32.932 -33.013 24.843 
3 16 -30.778 -33.237 25.657 -35.952 -33.364 19.984 -32.932 -33.013 24.843 
3 16 -32.932 -33.013 24.843 -35.952 -33.364 19.984 -47.779 -29.319 24.805 
3 16 -61.608 -24.548 14.817 -47.779 -29.319 24.805 -38.725 -33.222 9.98 
3 16 -35.952 -33.364 19.984 -38.725 -33.222 9.98 -47.779 -29.319 24.805 
3 16 -32.953 -32.556 28.634 -24.907 -33.375 28.837 -30.778 -33.237 25.657 
3 16 -20.137 -37.023 30.982 -20.137 -37.023 28.837 -14.796 -31.163 34.021 
3 16 -13.221 -28.718 33.826 -14.796 -31.163 34.021 -13.221 -28.718 28.836 
3 16 -14.796 -31.163 34.021 -20.137 -37.023 28.837 -13.221 -28.718 28.836 
3 16 -19.561 -32.286 33.969 -20.137 -37.023 30.982 -14.796 -31.163 34.021 
3 16 -35.889 -11.975 28.926 -32.953 -32.556 28.634 -35.504 -14.71 24.825 
3 16 -35.504 -14.71 24.825 -32.953 -32.556 28.634 -32.932 -33.013 24.843 
3 16 -47.885 -16.571 24.828 -35.504 -14.71 24.825 -47.779 -29.319 24.805 
3 16 -47.779 -29.319 24.805 -35.504 -14.71 24.825 -32.932 -33.013 24.843 
3 16 -61.519 -18.949 15.073 -47.885 -16.571 24.828 -61.608 -24.548 14.817 
3 16 -61.608 -24.548 14.817 -47.885 -16.571 24.828 -47.779 -29.319 24.805 
3 16 -61.707 -22.953 19.964 -65.592 -22.662 22.597 -68.228 -22.57 18.374 
3 16 -65.592 -22.662 22.597 -69.406 -22.529 20.301 -68.228 -22.57 18.374 
3 16 -68.228 -22.57 18.374 -69.406 -22.529 20.301 -89.078 -21.845 16.91 
3 16 -113.409 -20.992 18.413 -116.903 -20.87 14.891 -109.228 -21.138 16.513 
3 16 -116.903 -20.87 14.891 -89.078 -21.845 16.91 -109.228 -21.138 16.513 
3 16 -97.47 -21.549 19.808 -101.258 -21.417 17.21 -93.288 -21.695 17.907 
3 16 -105.757 -21.26 19.083 -109.228 -21.138 16.513 -101.258 -21.417 17.21 
3 16 -109.228 -21.138 16.513 -89.078 -21.845 16.91 -101.258 -21.417 17.21 
3 16 -101.258 -21.417 17.21 -89.078 -21.845 16.91 -93.288 -21.695 17.907 
3 16 -93.288 -21.695 17.907 -89.078 -21.845 16.91 -89.5 -21.827 20.505 
3 16 -89.5 -21.827 20.505 -89.078 -21.845 16.91 -85.332 -21.973 18.755 
3 16 -89.078 -21.845 16.91 -69.406 -22.529 20.301 -85.332 -21.973 18.755 
3 16 -81.531 -22.106 21.202 -85.332 -21.973 18.755 -77.376 -22.251 19.603 
3 16 -85.332 -21.973 18.755 -69.406 -22.529 20.301 -77.376 -22.251 19.603 
3 16 -69.406 -22.529 20.301 -73.561 -22.384 21.9 -77.376 -22.251 19.603 
3 16 -113.409 -17.449 18.413 -109.228 -17.431 16.513 -116.833 -17.485 14.995 
3 16 -116.833 -17.485 14.995 -109.228 -17.431 16.513 -89.95 -17.347 16.618 
3 16 -65.592 -17.286 22.597 -61.642 -17.387 19.996 -69.406 -17.286 20.301 
3 16 -61.642 -17.387 19.996 -76.287 -17.319 17.301 -69.406 -17.286 20.301 
3 16 -69.406 -17.286 20.301 -76.287 -17.319 17.301 -73.561 -17.286 21.9 
3 16 -73.561 -17.286 21.9 -76.287 -17.319 17.301 -77.376 -17.292 19.603 
3 16 -76.287 -17.319 17.301 -89.95 -17.347 16.618 -77.376 -17.292 19.603 
3 16 -105.757 -17.416 19.083 -101.258 -17.396 17.21 -109.228 -17.431 16.513 
3 16 -109.228 -17.431 16.513 -101.258 -17.396 17.21 -89.95 -17.347 16.618 
3 16 -97.47 -17.379 19.808 -93.288 -17.361 17.907 -101.258 -17.396 17.21 
3 16 -101.258 -17.396 17.21 -93.288 -17.361 17.907 -89.95 -17.347 16.618 
3 16 -93.288 -17.361 17.907 -89.5 -17.345 20.505 -89.95 -17.347 16.618 
3 16 -89.5 -17.345 20.505 -85.332 -17.327 18.755 -89.95 -17.347 16.618 
3 16 -89.95 -17.347 16.618 -85.332 -17.327 18.755 -77.376 -17.292 19.603 
3 16 -85.332 -17.327 18.755 -81.531 -17.31 21.202 -77.376 -17.292 19.603 
3 16 -69.406 -22.529 20.301 -69.406 -17.286 20.301 -73.561 -22.384 21.9 
3 16 -73.561 -22.384 21.9 -69.406 -17.286 20.301 -73.561 -17.286 21.9 
3 16 -77.376 -17.292 19.603 -77.376 -22.251 19.603 -73.561 -17.286 21.9 
3 16 -73.561 -17.286 21.9 -77.376 -22.251 19.603 -73.561 -22.384 21.9 
3 16 -116.903 -20.87 14.891 -113.409 -20.992 18.413 -116.833 -17.485 14.995 
3 16 -116.833 -17.485 14.995 -113.409 -20.992 18.413 -113.409 -17.449 18.413 
3 16 -109.228 -21.138 16.513 -109.228 -17.431 16.513 -113.409 -20.992 18.413 
3 16 -113.409 -20.992 18.413 -109.228 -17.431 16.513 -113.409 -17.449 18.413 
3 16 -105.757 -21.26 19.083 -105.757 -17.416 19.083 -109.228 -21.138 16.513 
3 16 -109.228 -21.138 16.513 -105.757 -17.416 19.083 -109.228 -17.431 16.513 
3 16 -101.258 -21.417 17.21 -101.258 -17.396 17.21 -105.757 -21.26 19.083 
3 16 -105.757 -21.26 19.083 -101.258 -17.396 17.21 -105.757 -17.416 19.083 
3 16 -97.47 -21.549 19.808 -97.47 -17.379 19.808 -101.258 -21.417 17.21 
3 16 -101.258 -21.417 17.21 -97.47 -17.379 19.808 -101.258 -17.396 17.21 
3 16 -93.288 -21.695 17.907 -93.288 -17.361 17.907 -97.47 -21.549 19.808 
3 16 -97.47 -21.549 19.808 -93.288 -17.361 17.907 -97.47 -17.379 19.808 
3 16 -81.531 -17.31 21.202 -81.531 -22.106 21.202 -77.376 -17.292 19.603 
3 16 -77.376 -17.292 19.603 -81.531 -22.106 21.202 -77.376 -22.251 19.603 
3 16 -85.332 -17.327 18.755 -85.332 -21.973 18.755 -81.531 -17.31 21.202 
3 16 -81.531 -17.31 21.202 -85.332 -21.973 18.755 -81.531 -22.106 21.202 
3 16 -89.5 -17.345 20.505 -89.5 -21.827 20.505 -85.332 -17.327 18.755 
3 16 -85.332 -17.327 18.755 -89.5 -21.827 20.505 -85.332 -21.973 18.755 
3 16 -93.288 -17.361 17.907 -93.288 -21.695 17.907 -89.5 -17.345 20.505 
3 16 -89.5 -17.345 20.505 -93.288 -21.695 17.907 -89.5 -21.827 20.505 
3 16 -65.592 -22.662 22.597 -65.592 -17.286 22.597 -69.406 -22.529 20.301 
3 16 -69.406 -22.529 20.301 -65.592 -17.286 22.597 -69.406 -17.286 20.301 
3 16 -61.707 -22.953 19.964 -61.642 -17.387 19.996 -65.592 -22.662 22.597 
3 16 -65.592 -22.662 22.597 -61.642 -17.387 19.996 -65.592 -17.286 22.597 
3 16 -67.073 -27.681 9.98 -68.156 -27.204 15.333 -89.034 -23.895 9.98 
3 16 -89.034 -23.895 9.98 -68.156 -27.204 15.333 -89.154 -23.869 14.504 
3 16 -35.889 -11.975 28.926 -28.32 -11.911 28.836 -32.953 -32.556 28.634 
3 16 -32.953 -32.556 28.634 -28.32 -11.911 28.836 -24.907 -33.375 28.837 
3 16 -28.32 -11.911 28.836 -18.953 -12.983 28.836 -24.907 -33.375 28.837 
3 16 -18.953 -12.983 28.836 -13.198 -20.977 28.836 -24.907 -33.375 28.837 
3 16 -13.198 -20.977 28.836 -13.221 -28.718 28.836 -24.907 -33.375 28.837 
3 16 -13.221 -28.718 28.836 -20.137 -37.023 28.837 -24.907 -33.375 28.837 
3 16 -20.137 -37.023 28.837 -28.815 -36.888 26.229 -24.907 -33.375 28.837 
3 16 -28.815 -36.888 26.229 -30.778 -33.237 25.657 -24.907 -33.375 28.837 
2 24 -17.314 -30.661 28.836 -19.814 -28.161 28.836 
2 24 -17.314 -25.661 28.836 -14.814 -28.161 28.836 
2 24 -14.814 -28.161 28.836 -17.314 -30.661 28.836 
2 24 -19.814 -28.161 28.836 -17.314 -25.661 28.836 
2 24 -19.814 -28.161 -8.876 -17.314 -30.661 -8.876 
2 24 -14.814 -28.161 -8.876 -17.314 -25.661 -8.876 
2 24 -17.314 -30.661 -8.876 -14.814 -28.161 -8.876 
2 24 -17.314 -25.661 -8.876 -19.814 -28.161 -8.876 
2 24 -35.307 -36.818 0.09 -38.362 -36.823 9.98 
2 24 -58.238 -30.012 2.057 -48.383 -33.026 -4.242 
2 24 -28.815 -36.888 -6.268 -35.307 -36.818 0.09 
2 24 -48.383 -33.026 -4.242 -30.575 -35.675 -10.474 
2 24 -20.137 -37.023 -8.876 -28.815 -36.888 -6.268 
2 24 -20.137 -37.023 -11.021 -20.137 -37.023 -8.876 
2 24 -30.575 -35.675 -10.474 -20.137 -37.023 -11.021 
2 24 -13.221 -28.718 -8.876 -13.221 -28.718 -13.865 
2 24 -13.198 -20.977 -8.876 -13.221 -28.718 -8.876 
2 24 -13.221 -28.718 -13.865 -13.198 -20.977 -13.931 
2 24 -19.561 -32.286 -14.009 -33.611 -31.394 -13.227 
2 24 -26.975 -13.659 -13.9 -18.949 -12.99 -14.023 
2 24 -18.949 -12.99 -14.023 -13.198 -20.977 -13.931 
2 24 -13.221 -28.718 -13.865 -14.796 -31.163 -14.061 
2 24 -14.796 -31.163 -14.061 -19.561 -32.286 -14.009 
2 24 -33.611 -31.394 -13.227 -48.239 -28.791 -8.763 
2 24 -48.409 -14.861 -8.623 -26.975 -13.659 -13.9 
2 24 -48.239 -28.791 -8.763 -57.457 -25.179 -2.494 
2 24 -61.642 -17.387 -0.035 -48.409 -14.861 -8.623 
2 24 -61.707 -22.953 -0.004 -61.642 -17.387 -0.035 
2 24 -57.457 -25.179 -2.494 -61.707 -22.953 -0.004 
2 24 -26.793 -11.929 -13.169 -18.949 -12.99 -14.023 
2 24 -46.993 -11.877 -7.86 -26.793 -11.929 -13.169 
2 24 -18.953 -12.983 -8.876 -13.198 -20.977 -8.876 
2 24 -60.082 -13.567 1.422 -46.993 -11.877 -7.86 
2 24 -116.709 -16.728 5.436 -89.97 -16.632 4.522 
2 24 -89.95 -17.347 3.342 -116.833 -17.485 4.965 
2 24 -76.287 -17.319 2.66 -89.95 -17.347 3.342 
2 24 -89.97 -16.632 4.522 -76.222 -15.943 4.12 
2 24 -61.642 -17.387 -0.035 -76.287 -17.319 2.66 
2 24 -76.222 -15.943 4.12 -60.082 -13.567 1.422 
2 24 -35.952 -33.364 -0.024 -38.725 -33.222 9.98 
2 24 -30.778 -33.237 -5.697 -35.952 -33.364 -0.024 
2 24 -58.238 -30.012 2.057 -68.156 -27.204 4.627 
2 24 -68.228 -22.57 1.586 -61.707 -22.953 -0.004 
2 24 -89.078 -21.845 3.05 -68.228 -22.57 1.586 
2 24 -68.156 -27.204 4.627 -89.154 -23.869 5.457 
2 24 -89.154 -23.869 5.457 -116.629 -21.903 6.363 
2 24 -116.903 -20.87 5.069 -89.078 -21.845 3.05 
2 24 -119.764 -21.696 7.625 -121.029 -21.61 9.98 
2 24 -122.434 -20.094 9.98 -120.594 -20.141 6.474 
2 24 -116.629 -21.903 6.363 -119.764 -21.696 7.625 
2 24 -120.594 -20.141 6.474 -116.903 -20.87 5.069 
2 24 -121.989 -16.723 9.98 -120.306 -16.705 6.84 
2 24 -116.709 -16.728 5.436 -120.306 -16.705 6.84 
2 24 -116.833 -17.485 4.965 -116.903 -20.87 5.069 
2 24 -28.32 -11.911 -8.876 -18.953 -12.983 -8.876 
2 24 -56.098 -12.46 3.807 -46.689 -10.094 0.639 
2 24 -48.206 -10.052 6.997 -56.098 -12.46 3.807 
2 24 -56.839 -12.462 9.98 -48.206 -10.052 6.997 
2 24 -40.6 -10.147 0.644 -46.689 -10.094 0.639 
2 24 -41.485 -12.551 3.753 -40.6 -10.147 0.644 
2 24 -56.098 -12.46 3.807 -41.485 -12.551 3.753 
2 24 -40.6 -10.147 0.644 -37.725 -12.442 -2.71 
2 24 -37.725 -12.442 -2.71 -53.966 -12.462 -2.499 
2 24 -53.966 -12.462 -2.499 -46.689 -10.094 0.639 
2 24 -44.461 -10.048 6.991 -41.485 -12.551 3.753 
2 24 -48.206 -10.052 6.997 -44.461 -10.048 6.991 
2 24 -56.839 -12.462 9.98 -43.131 -12.456 9.98 
2 24 -43.131 -12.456 9.98 -44.461 -10.048 6.991 
2 24 -42.176 -10.049 -5.525 -53.966 -12.462 -2.499 
2 24 -37.725 -12.442 -2.71 -36.524 -10.13 -5.525 
2 24 -36.524 -10.13 -5.525 -42.176 -10.049 -5.525 
2 24 -36.524 -10.13 -5.525 -35.889 -11.975 -8.966 
2 24 -35.889 -11.975 -8.966 -28.32 -11.911 -8.876 
2 24 -41.548 -15.045 9.98 -39.804 -15.025 2.193 
2 24 -39.804 -15.025 2.193 -35.504 -14.71 -4.864 
2 24 -47.885 -16.571 -4.867 -35.504 -14.71 -4.864 
2 24 -61.519 -18.949 15.073 -61.519 -18.949 4.887 
2 24 -61.519 -18.949 4.887 -47.885 -16.571 -4.867 
2 24 -32.953 -32.556 -8.673 -32.932 -33.013 -4.882 
2 24 -32.932 -33.013 -4.882 -47.779 -29.319 -4.845 
2 24 -61.608 -24.548 5.143 -61.608 -24.548 14.817 
2 24 -47.779 -29.319 -4.845 -61.608 -24.548 5.143 
2 24 -30.778 -33.237 -5.697 -24.907 -33.375 -8.876 
2 24 -24.907 -33.375 -8.876 -32.953 -32.556 -8.673 
2 24 -13.221 -28.718 -8.876 -20.137 -37.023 -8.876 
2 24 -20.137 -37.023 -11.021 -14.796 -31.163 -14.061 
2 24 -32.953 -32.556 -8.673 -35.889 -11.975 -8.966 
2 24 -35.504 -14.71 -4.864 -32.932 -33.013 -4.882 
2 24 -47.885 -16.571 -4.867 -47.779 -29.319 -4.845 
2 24 -61.519 -18.949 4.887 -61.608 -24.548 5.143 
2 24 -61.519 -18.949 15.073 -61.608 -24.548 14.817 
2 24 -65.592 -22.662 -2.636 -61.707 -22.953 -0.004 
2 24 -69.406 -22.529 -0.34 -65.592 -22.662 -2.636 
2 24 -113.409 -20.992 1.547 -109.228 -21.138 3.448 
2 24 -116.903 -20.87 5.069 -113.409 -20.992 1.547 
2 24 -97.47 -21.549 0.153 -93.288 -21.695 2.053 
2 24 -101.258 -21.417 2.75 -97.47 -21.549 0.153 
2 24 -105.757 -21.26 0.878 -101.258 -21.417 2.75 
2 24 -109.228 -21.138 3.448 -105.757 -21.26 0.878 
2 24 -93.288 -21.695 2.053 -89.5 -21.827 -0.545 
2 24 -89.5 -21.827 -0.545 -85.332 -21.973 1.205 
2 24 -81.531 -22.106 -1.242 -77.376 -22.251 0.357 
2 24 -85.332 -21.973 1.205 -81.531 -22.106 -1.242 
2 24 -77.376 -22.251 0.357 -73.561 -22.384 -1.939 
2 24 -73.561 -22.384 -1.939 -69.406 -22.529 -0.34 
2 24 -113.409 -17.449 1.547 -116.833 -17.485 4.965 
2 24 -109.228 -17.431 3.448 -113.409 -17.449 1.547 
2 24 -65.592 -17.286 -2.636 -69.406 -17.286 -0.34 
2 24 -61.642 -17.387 -0.035 -65.592 -17.286 -2.636 
2 24 -69.406 -17.286 -0.34 -73.561 -17.286 -1.939 
2 24 -73.561 -17.286 -1.939 -77.376 -17.292 0.357 
2 24 -105.757 -17.416 0.878 -109.228 -17.431 3.448 
2 24 -101.258 -17.396 2.75 -105.757 -17.416 0.878 
2 24 -97.47 -17.379 0.153 -101.258 -17.396 2.75 
2 24 -93.288 -17.361 2.053 -97.47 -17.379 0.153 
2 24 -89.5 -17.345 -0.545 -93.288 -17.361 2.053 
2 24 -85.332 -17.327 1.205 -89.5 -17.345 -0.545 
2 24 -77.376 -17.292 0.357 -81.531 -17.31 -1.242 
2 24 -81.531 -17.31 -1.242 -85.332 -17.327 1.205 
2 24 -38.362 -36.823 9.98 -35.307 -36.818 19.87 
2 24 -48.383 -33.026 24.203 -58.238 -30.012 17.903 
2 24 -35.307 -36.818 19.87 -28.815 -36.888 26.229 
2 24 -30.575 -35.675 30.434 -48.383 -33.026 24.203 
2 24 -20.137 -37.023 28.837 -20.137 -37.023 30.982 
2 24 -28.815 -36.888 26.229 -20.137 -37.023 28.837 
2 24 -20.137 -37.023 30.982 -30.575 -35.675 30.434 
2 24 -13.221 -28.718 28.836 -13.198 -20.977 28.836 
2 24 -13.221 -28.718 33.826 -13.221 -28.718 28.836 
2 24 -13.198 -20.977 33.892 -13.221 -28.718 33.826 
2 24 -33.611 -31.394 33.188 -19.561 -32.286 33.969 
2 24 -18.949 -12.99 33.983 -26.975 -13.659 33.86 
2 24 -13.198 -20.977 33.892 -18.949 -12.99 33.983 
2 24 -19.561 -32.286 33.969 -14.796 -31.163 34.021 
2 24 -14.796 -31.163 34.021 -13.221 -28.718 33.826 
2 24 -48.239 -28.791 28.724 -33.611 -31.394 33.188 
2 24 -26.975 -13.659 33.86 -48.409 -14.861 28.583 
2 24 -57.457 -25.179 22.454 -48.239 -28.791 28.724 
2 24 -61.642 -17.387 19.996 -61.707 -22.953 19.964 
2 24 -48.409 -14.861 28.583 -61.642 -17.387 19.996 
2 24 -61.707 -22.953 19.964 -57.457 -25.179 22.454 
2 24 -18.949 -12.99 33.983 -26.793 -11.929 33.13 
2 24 -26.793 -11.929 33.13 -46.993 -11.877 27.82 
2 24 -13.198 -20.977 28.836 -18.953 -12.983 28.836 
2 24 -46.993 -11.877 27.82 -60.082 -13.567 18.538 
2 24 -89.97 -16.632 15.439 -116.709 -16.728 14.525 
2 24 -116.833 -17.485 14.995 -89.95 -17.347 16.618 
2 24 -89.95 -17.347 16.618 -76.287 -17.319 17.301 
2 24 -76.222 -15.943 15.841 -89.97 -16.632 15.439 
2 24 -76.287 -17.319 17.301 -61.642 -17.387 19.996 
2 24 -60.082 -13.567 18.538 -76.222 -15.943 15.841 
2 24 -38.725 -33.222 9.98 -35.952 -33.364 19.984 
2 24 -35.952 -33.364 19.984 -30.778 -33.237 25.657 
2 24 -68.156 -27.204 15.333 -58.238 -30.012 17.903 
2 24 -61.707 -22.953 19.964 -68.228 -22.57 18.374 
2 24 -68.228 -22.57 18.374 -89.078 -21.845 16.91 
2 24 -89.154 -23.869 14.504 -68.156 -27.204 15.333 
2 24 -116.629 -21.903 13.598 -89.154 -23.869 14.504 
2 24 -89.078 -21.845 16.91 -116.903 -20.87 14.891 
2 24 -121.029 -21.61 9.98 -119.764 -21.696 12.335 
2 24 -120.594 -20.141 13.487 -122.434 -20.094 9.98 
2 24 -119.764 -21.696 12.335 -116.629 -21.903 13.598 
2 24 -116.903 -20.87 14.891 -120.594 -20.141 13.487 
2 24 -120.306 -16.705 13.12 -121.989 -16.723 9.98 
2 24 -120.306 -16.705 13.12 -116.709 -16.728 14.525 
2 24 -116.903 -20.87 14.891 -116.833 -17.485 14.995 
2 24 -18.953 -12.983 28.836 -28.32 -11.911 28.836 
2 24 -46.689 -10.094 19.322 -56.098 -12.46 16.154 
2 24 -48.206 -10.052 12.963 -56.839 -12.462 9.98 
2 24 -56.098 -12.46 16.154 -48.206 -10.052 12.963 
2 24 -40.6 -10.147 19.317 -41.485 -12.551 16.207 
2 24 -46.689 -10.094 19.322 -40.6 -10.147 19.317 
2 24 -41.485 -12.551 16.207 -56.098 -12.46 16.154 
2 24 -37.725 -12.442 22.671 -40.6 -10.147 19.317 
2 24 -46.689 -10.094 19.322 -53.966 -12.462 22.459 
2 24 -53.966 -12.462 22.459 -37.725 -12.442 22.671 
2 24 -44.461 -10.048 12.969 -48.206 -10.052 12.963 
2 24 -41.485 -12.551 16.207 -44.461 -10.048 12.969 
2 24 -44.461 -10.048 12.969 -43.131 -12.456 9.98 
2 24 -53.966 -12.462 22.459 -42.176 -10.049 25.485 
2 24 -42.176 -10.049 25.485 -36.524 -10.13 25.485 
2 24 -36.524 -10.13 25.485 -37.725 -12.442 22.671 
2 24 -35.889 -11.975 28.926 -36.524 -10.13 25.485 
2 24 -28.32 -11.911 28.836 -35.889 -11.975 28.926 
2 24 -39.804 -15.025 17.767 -41.548 -15.045 9.98 
2 24 -35.504 -14.71 24.825 -39.804 -15.025 17.767 
2 24 -35.504 -14.71 24.825 -47.885 -16.571 24.828 
2 24 -47.885 -16.571 24.828 -61.519 -18.949 15.073 
2 24 -32.932 -33.013 24.843 -32.953 -32.556 28.634 
2 24 -47.779 -29.319 24.805 -32.932 -33.013 24.843 
2 24 -61.608 -24.548 14.817 -47.779 -29.319 24.805 
2 24 -32.953 -32.556 28.634 -24.907 -33.375 28.837 
2 24 -24.907 -33.375 28.837 -30.778 -33.237 25.657 
2 24 -14.796 -31.163 34.021 -20.137 -37.023 30.982 
2 24 -20.137 -37.023 28.837 -13.221 -28.718 28.836 
2 24 -35.889 -11.975 28.926 -32.953 -32.556 28.634 
2 24 -32.932 -33.013 24.843 -35.504 -14.71 24.825 
2 24 -47.779 -29.319 24.805 -47.885 -16.571 24.828 
2 24 -61.707 -22.953 19.964 -65.592 -22.662 22.597 
2 24 -65.592 -22.662 22.597 -69.406 -22.529 20.301 
2 24 -113.409 -20.992 18.413 -116.903 -20.87 14.891 
2 24 -109.228 -21.138 16.513 -113.409 -20.992 18.413 
2 24 -97.47 -21.549 19.808 -101.258 -21.417 17.21 
2 24 -93.288 -21.695 17.907 -97.47 -21.549 19.808 
2 24 -105.757 -21.26 19.083 -109.228 -21.138 16.513 
2 24 -101.258 -21.417 17.21 -105.757 -21.26 19.083 
2 24 -89.5 -21.827 20.505 -93.288 -21.695 17.907 
2 24 -85.332 -21.973 18.755 -89.5 -21.827 20.505 
2 24 -81.531 -22.106 21.202 -85.332 -21.973 18.755 
2 24 -77.376 -22.251 19.603 -81.531 -22.106 21.202 
2 24 -69.406 -22.529 20.301 -73.561 -22.384 21.9 
2 24 -73.561 -22.384 21.9 -77.376 -22.251 19.603 
2 24 -113.409 -17.449 18.413 -109.228 -17.431 16.513 
2 24 -116.833 -17.485 14.995 -113.409 -17.449 18.413 
2 24 -65.592 -17.286 22.597 -61.642 -17.387 19.996 
2 24 -69.406 -17.286 20.301 -65.592 -17.286 22.597 
2 24 -73.561 -17.286 21.9 -69.406 -17.286 20.301 
2 24 -77.376 -17.292 19.603 -73.561 -17.286 21.9 
2 24 -105.757 -17.416 19.083 -101.258 -17.396 17.21 
2 24 -109.228 -17.431 16.513 -105.757 -17.416 19.083 
2 24 -97.47 -17.379 19.808 -93.288 -17.361 17.907 
2 24 -101.258 -17.396 17.21 -97.47 -17.379 19.808 
2 24 -93.288 -17.361 17.907 -89.5 -17.345 20.505 
2 24 -89.5 -17.345 20.505 -85.332 -17.327 18.755 
2 24 -85.332 -17.327 18.755 -81.531 -17.31 21.202 
2 24 -81.531 -17.31 21.202 -77.376 -17.292 19.603 

