0 FILE 22385pb008.dat
0 Tile, Modified 2 x 3 Pentagonal with Nexo Power Shield Pattern - Incinerate 
0 Name:  22385pb008.dat
0 Author:  
0 BFC CERTIFY CCW
3 16 -15.600 0.000 26.400 0.000 0.000 26.400 16.000 0.000 30.000
3 16 16.000 0.000 30.000 -16.000 0.000 30.000 -15.600 0.000 26.400
3 16 16.000 0.000 30.000 0.000 0.000 26.400 15.600 0.000 26.400
3 16 15.600 0.000 26.400 15.600 0.000 -7.100 16.000 0.000 -8.340
3 16 16.000 0.000 -8.340 16.000 0.000 30.000 15.600 0.000 26.400
3 16 -15.600 0.000 26.400 -16.000 0.000 30.000 -16.000 0.000 -8.340
3 16 -16.000 0.000 -8.340 -15.600 0.000 -7.100 -15.600 0.000 26.400
3 16 -15.600 0.000 -7.100 -16.000 0.000 -8.340 0.000 0.000 -24.353
3 16 0.000 0.000 -24.353 0.000 0.000 -22.800 -15.600 0.000 -7.100
3 16 0.000 0.000 -24.353 16.000 0.000 -8.340 15.600 0.000 -7.100
3 16 15.600 0.000 -7.100 0.000 0.000 -22.800 0.000 0.000 -24.353
3 14 -13.200 0.000 -5.800 -15.600 0.000 -7.100 0.000 0.000 -22.800
3 14 0.000 0.000 -22.800 0.000 0.000 -19.600 -13.200 0.000 -5.800
3 320 -12.000 0.000 -5.800 0.000 0.000 -19.600 0.000 0.000 -15.600
3 320 0.000 0.000 -15.600 -9.600 0.000 -5.800 -12.000 0.000 -5.800
3 320 -12.000 0.000 -5.800 -13.200 0.000 -5.800 0.000 0.000 -19.600
3 14 -15.600 0.000 26.400 -13.200 0.000 24.200 -9.600 0.000 24.200
3 14 -15.600 0.000 26.400 -9.600 0.000 24.200 -7.200 0.000 24.200
3 14 -7.200 0.000 24.200 -4.800 0.000 24.200 0.000 0.000 26.400
3 14 0.000 0.000 26.400 -15.600 0.000 26.400 -7.200 0.000 24.200
3 14 0.000 0.000 26.400 -4.800 0.000 24.200 -2.400 0.000 24.200
3 14 0.000 0.000 26.400 -2.400 0.000 24.200 0.000 0.000 24.200
3 320 0.000 0.000 24.200 -2.400 0.000 24.200 -2.400 0.000 23.000
3 320 -2.400 0.000 23.000 0.000 0.000 23.000 0.000 0.000 24.200
3 320 -2.400 0.000 24.200 -4.800 0.000 24.200 -4.800 0.000 23.000
3 320 -4.800 0.000 23.000 -2.400 0.000 23.000 -2.400 0.000 24.200
3 320 -4.800 0.000 24.200 -7.200 0.000 24.200 -7.200 0.000 23.000
3 320 -7.200 0.000 23.000 -4.800 0.000 23.000 -4.800 0.000 24.200
3 320 -7.200 0.000 24.200 -9.600 0.000 24.200 -9.600 0.000 23.000
3 320 -9.600 0.000 23.000 -7.200 0.000 23.000 -7.200 0.000 24.200
3 320 -9.600 0.000 23.000 -9.600 0.000 24.200 -13.200 0.000 24.200
3 320 -13.200 0.000 24.200 -12.000 0.000 23.000 -9.600 0.000 23.000
3 320 -13.200 0.000 24.200 -13.200 0.000 20.600 -12.000 0.000 20.600
3 320 -12.000 0.000 20.600 -12.000 0.000 23.000 -13.200 0.000 24.200
3 14 -15.600 0.000 26.400 -13.200 0.000 20.600 -13.200 0.000 24.200
3 14 -15.600 0.000 26.400 -13.200 0.000 18.200 -13.200 0.000 20.600
3 14 -15.600 0.000 26.400 -13.200 0.000 15.800 -13.200 0.000 18.200
3 14 -15.600 0.000 26.400 -13.200 0.000 13.400 -13.200 0.000 15.800
3 14 -13.200 0.000 13.400 -15.600 0.000 26.400 -15.600 0.000 -7.100
3 14 -15.600 0.000 -7.100 -13.200 0.000 11.000 -13.200 0.000 13.400
3 14 -13.200 0.000 11.000 -15.600 0.000 -7.100 -13.200 0.000 8.600
3 14 -13.200 0.000 8.600 -15.600 0.000 -7.100 -13.200 0.000 6.200
3 14 -13.200 0.000 6.200 -15.600 0.000 -7.100 -13.200 0.000 3.800
3 14 -13.200 0.000 3.800 -15.600 0.000 -7.100 -13.200 0.000 1.400
3 320 -9.600 0.000 1.400 -9.600 0.000 3.800 -12.000 0.000 3.800
3 320 -12.000 0.000 3.800 -12.000 0.000 1.400 -9.600 0.000 1.400
3 320 -12.000 0.000 1.400 -12.000 0.000 3.800 -13.200 0.000 3.800
3 320 -13.200 0.000 3.800 -13.200 0.000 1.400 -12.000 0.000 1.400
3 320 -13.200 0.000 3.800 -12.000 0.000 3.800 -12.000 0.000 6.200
3 320 -12.000 0.000 6.200 -13.200 0.000 6.200 -13.200 0.000 3.800
3 14 -12.000 0.000 3.800 -9.600 0.000 3.800 -9.600 0.000 6.200
3 14 -9.600 0.000 6.200 -12.000 0.000 6.200 -12.000 0.000 3.800
3 14 -9.600 0.000 6.200 -9.600 0.000 8.600 -12.000 0.000 8.600
3 14 -12.000 0.000 8.600 -12.000 0.000 6.200 -9.600 0.000 6.200
3 320 -12.000 0.000 6.200 -12.000 0.000 8.600 -13.200 0.000 8.600
3 320 -13.200 0.000 8.600 -13.200 0.000 6.200 -12.000 0.000 6.200
3 320 -13.200 0.000 8.600 -12.000 0.000 8.600 -12.000 0.000 11.000
3 320 -12.000 0.000 11.000 -13.200 0.000 11.000 -13.200 0.000 8.600
3 14 -12.000 0.000 8.600 -9.600 0.000 8.600 -9.600 0.000 11.000
3 14 -9.600 0.000 11.000 -12.000 0.000 11.000 -12.000 0.000 8.600
3 320 -9.600 0.000 11.000 -9.600 0.000 13.400 -12.000 0.000 13.400
3 320 -12.000 0.000 13.400 -12.000 0.000 11.000 -9.600 0.000 11.000
3 320 -12.000 0.000 11.000 -12.000 0.000 13.400 -13.200 0.000 13.400
3 320 -13.200 0.000 13.400 -13.200 0.000 11.000 -12.000 0.000 11.000
3 320 -13.200 0.000 13.400 -12.000 0.000 13.400 -12.000 0.000 15.800
3 320 -12.000 0.000 15.800 -13.200 0.000 15.800 -13.200 0.000 13.400
3 320 -12.000 0.000 13.400 -9.600 0.000 13.400 -9.600 0.000 15.800
3 320 -9.600 0.000 15.800 -12.000 0.000 15.800 -12.000 0.000 13.400
3 320 -13.200 0.000 15.800 -12.000 0.000 15.800 -12.000 0.000 18.200
3 320 -12.000 0.000 18.200 -13.200 0.000 18.200 -13.200 0.000 15.800
3 14 -12.000 0.000 15.800 -9.600 0.000 15.800 -9.600 0.000 18.200
3 14 -9.600 0.000 18.200 -12.000 0.000 18.200 -12.000 0.000 15.800
3 320 -9.600 0.000 18.200 -9.600 0.000 20.600 -12.000 0.000 20.600
3 320 -12.000 0.000 20.600 -12.000 0.000 18.200 -9.600 0.000 18.200
3 320 -12.000 0.000 18.200 -12.000 0.000 20.600 -13.200 0.000 20.600
3 320 -13.200 0.000 20.600 -13.200 0.000 18.200 -12.000 0.000 18.200
3 14 -12.000 0.000 23.000 -12.000 0.000 20.600 -9.600 0.000 20.600
3 14 -9.600 0.000 20.600 -9.600 0.000 23.000 -12.000 0.000 23.000
3 14 -9.600 0.000 23.000 -9.600 0.000 20.600 -7.200 0.000 20.600
3 14 -7.200 0.000 20.600 -7.200 0.000 23.000 -9.600 0.000 23.000
3 14 -7.200 0.000 23.000 -7.200 0.000 20.600 -4.800 0.000 20.600
3 14 -4.800 0.000 20.600 -4.800 0.000 23.000 -7.200 0.000 23.000
3 320 -4.800 0.000 23.000 -4.800 0.000 20.600 -2.400 0.000 20.600
3 320 -2.400 0.000 20.600 -2.400 0.000 23.000 -4.800 0.000 23.000
3 14 -2.400 0.000 23.000 -2.400 0.000 20.600 0.000 0.000 20.600
3 14 0.000 0.000 20.600 0.000 0.000 23.000 -2.400 0.000 23.000
3 14 13.200 0.000 -5.800 0.000 0.000 -19.600 0.000 0.000 -22.800
3 14 0.000 0.000 -22.800 15.600 0.000 -7.100 13.200 0.000 -5.800
3 320 12.000 0.000 -5.800 9.600 0.000 -5.800 0.000 0.000 -15.600
3 320 0.000 0.000 -15.600 0.000 0.000 -19.600 12.000 0.000 -5.800
3 320 13.200 0.000 -5.800 12.000 0.000 -5.800 0.000 0.000 -19.600
3 14 15.600 0.000 26.400 9.600 0.000 24.200 13.200 0.000 24.200
3 14 15.600 0.000 26.400 7.200 0.000 24.200 9.600 0.000 24.200
3 14 7.200 0.000 24.200 15.600 0.000 26.400 0.000 0.000 26.400
3 14 0.000 0.000 26.400 4.800 0.000 24.200 7.200 0.000 24.200
3 14 0.000 0.000 26.400 2.400 0.000 24.200 4.800 0.000 24.200
3 14 0.000 0.000 26.400 0.000 0.000 24.200 2.400 0.000 24.200
3 320 0.000 0.000 24.200 0.000 0.000 23.000 2.400 0.000 23.000
3 320 2.400 0.000 23.000 2.400 0.000 24.200 0.000 0.000 24.200
3 320 2.400 0.000 24.200 2.400 0.000 23.000 4.800 0.000 23.000
3 320 4.800 0.000 23.000 4.800 0.000 24.200 2.400 0.000 24.200
3 320 4.800 0.000 24.200 4.800 0.000 23.000 7.200 0.000 23.000
3 320 7.200 0.000 23.000 7.200 0.000 24.200 4.800 0.000 24.200
3 320 7.200 0.000 24.200 7.200 0.000 23.000 9.600 0.000 23.000
3 320 9.600 0.000 23.000 9.600 0.000 24.200 7.200 0.000 24.200
3 320 9.600 0.000 23.000 12.000 0.000 23.000 13.200 0.000 24.200
3 320 13.200 0.000 24.200 9.600 0.000 24.200 9.600 0.000 23.000
3 320 13.200 0.000 24.200 12.000 0.000 23.000 12.000 0.000 20.600
3 320 12.000 0.000 20.600 13.200 0.000 20.600 13.200 0.000 24.200
3 14 15.600 0.000 26.400 13.200 0.000 24.200 13.200 0.000 20.600
3 14 15.600 0.000 26.400 13.200 0.000 20.600 13.200 0.000 18.200
3 14 15.600 0.000 26.400 13.200 0.000 18.200 13.200 0.000 15.800
3 14 15.600 0.000 26.400 13.200 0.000 15.800 13.200 0.000 13.400
3 14 13.200 0.000 13.400 13.200 0.000 11.000 15.600 0.000 -7.100
3 14 15.600 0.000 -7.100 15.600 0.000 26.400 13.200 0.000 13.400
3 14 13.200 0.000 11.000 13.200 0.000 8.600 15.600 0.000 -7.100
3 14 13.200 0.000 8.600 13.200 0.000 6.200 15.600 0.000 -7.100
3 14 13.200 0.000 6.200 13.200 0.000 3.800 15.600 0.000 -7.100
3 14 13.200 0.000 3.800 13.200 0.000 1.400 15.600 0.000 -7.100
3 14 9.600 0.000 1.400 12.000 0.000 1.400 12.000 0.000 3.800
3 14 12.000 0.000 3.800 9.600 0.000 3.800 9.600 0.000 1.400
3 320 12.000 0.000 1.400 13.200 0.000 1.400 13.200 0.000 3.800
3 320 13.200 0.000 3.800 12.000 0.000 3.800 12.000 0.000 1.400
3 320 13.200 0.000 3.800 13.200 0.000 6.200 12.000 0.000 6.200
3 320 12.000 0.000 6.200 12.000 0.000 3.800 13.200 0.000 3.800
3 14 12.000 0.000 3.800 12.000 0.000 6.200 9.600 0.000 6.200
3 14 9.600 0.000 6.200 9.600 0.000 3.800 12.000 0.000 3.800
3 320 9.600 0.000 6.200 12.000 0.000 6.200 12.000 0.000 8.600
3 320 12.000 0.000 8.600 9.600 0.000 8.600 9.600 0.000 6.200
3 320 12.000 0.000 6.200 13.200 0.000 6.200 13.200 0.000 8.600
3 320 13.200 0.000 8.600 12.000 0.000 8.600 12.000 0.000 6.200
3 320 13.200 0.000 8.600 13.200 0.000 11.000 12.000 0.000 11.000
3 320 12.000 0.000 11.000 12.000 0.000 8.600 13.200 0.000 8.600
3 14 12.000 0.000 8.600 12.000 0.000 11.000 9.600 0.000 11.000
3 14 9.600 0.000 11.000 9.600 0.000 8.600 12.000 0.000 8.600
3 14 9.600 0.000 11.000 12.000 0.000 11.000 12.000 0.000 13.400
3 14 12.000 0.000 13.400 9.600 0.000 13.400 9.600 0.000 11.000
3 320 12.000 0.000 11.000 13.200 0.000 11.000 13.200 0.000 13.400
3 320 13.200 0.000 13.400 12.000 0.000 13.400 12.000 0.000 11.000
3 320 13.200 0.000 13.400 13.200 0.000 15.800 12.000 0.000 15.800
3 320 12.000 0.000 15.800 12.000 0.000 13.400 13.200 0.000 13.400
3 320 12.000 0.000 13.400 12.000 0.000 15.800 9.600 0.000 15.800
3 320 9.600 0.000 15.800 9.600 0.000 13.400 12.000 0.000 13.400
3 320 13.200 0.000 15.800 13.200 0.000 18.200 12.000 0.000 18.200
3 320 12.000 0.000 18.200 12.000 0.000 15.800 13.200 0.000 15.800
3 14 12.000 0.000 15.800 12.000 0.000 18.200 9.600 0.000 18.200
3 14 9.600 0.000 18.200 9.600 0.000 15.800 12.000 0.000 15.800
3 14 9.600 0.000 18.200 12.000 0.000 18.200 12.000 0.000 20.600
3 14 12.000 0.000 20.600 9.600 0.000 20.600 9.600 0.000 18.200
3 320 12.000 0.000 18.200 13.200 0.000 18.200 13.200 0.000 20.600
3 320 13.200 0.000 20.600 12.000 0.000 20.600 12.000 0.000 18.200
3 320 12.000 0.000 23.000 9.600 0.000 23.000 9.600 0.000 20.600
3 320 9.600 0.000 20.600 12.000 0.000 20.600 12.000 0.000 23.000
3 320 9.600 0.000 23.000 7.200 0.000 23.000 7.200 0.000 20.600
3 320 7.200 0.000 20.600 9.600 0.000 20.600 9.600 0.000 23.000
3 14 7.200 0.000 23.000 4.800 0.000 23.000 4.800 0.000 20.600
3 14 4.800 0.000 20.600 7.200 0.000 20.600 7.200 0.000 23.000
3 320 4.800 0.000 23.000 2.400 0.000 23.000 2.400 0.000 20.600
3 320 2.400 0.000 20.600 4.800 0.000 20.600 4.800 0.000 23.000
3 320 2.400 0.000 23.000 0.000 0.000 23.000 0.000 0.000 20.600
3 320 0.000 0.000 20.600 2.400 0.000 20.600 2.400 0.000 23.000
3 320 -13.200 0.000 1.400 -13.200 0.000 -1.000 -12.000 0.000 -1.000
3 320 -12.000 0.000 -1.000 -12.000 0.000 1.400 -13.200 0.000 1.400
3 14 -12.000 0.000 1.400 -12.000 0.000 -1.000 -9.600 0.000 -1.000
3 14 -9.600 0.000 -1.000 -9.600 0.000 1.400 -12.000 0.000 1.400
3 14 -9.600 0.000 -1.000 -12.000 0.000 -1.000 -12.000 0.000 -3.400
3 14 -12.000 0.000 -3.400 -9.600 0.000 -3.400 -9.600 0.000 -1.000
3 320 -12.000 0.000 -1.000 -13.200 0.000 -1.000 -13.200 0.000 -3.400
3 320 -13.200 0.000 -3.400 -12.000 0.000 -3.400 -12.000 0.000 -1.000
3 320 -13.200 0.000 -3.400 -13.200 0.000 -5.800 -12.000 0.000 -5.800
3 320 -12.000 0.000 -5.800 -12.000 0.000 -3.400 -13.200 0.000 -3.400
3 14 -12.000 0.000 -3.400 -12.000 0.000 -5.800 -9.600 0.000 -5.800
3 14 -9.600 0.000 -5.800 -9.600 0.000 -3.400 -12.000 0.000 -3.400
3 14 -13.200 0.000 -3.400 -15.600 0.000 -7.100 -13.200 0.000 -5.800
3 14 -13.200 0.000 -1.000 -15.600 0.000 -7.100 -13.200 0.000 -3.400
3 14 -13.200 0.000 1.400 -15.600 0.000 -7.100 -13.200 0.000 -1.000
3 320 13.200 0.000 -1.000 12.000 0.000 -1.000 12.000 0.000 -3.400
3 320 12.000 0.000 -3.400 13.200 0.000 -3.400 13.200 0.000 -1.000
3 320 12.000 0.000 -1.000 9.600 0.000 -1.000 9.600 0.000 -3.400
3 320 9.600 0.000 -3.400 12.000 0.000 -3.400 12.000 0.000 -1.000
3 14 9.600 0.000 1.400 9.600 0.000 -1.000 12.000 0.000 -1.000
3 14 12.000 0.000 -1.000 12.000 0.000 1.400 9.600 0.000 1.400
3 320 12.000 0.000 1.400 12.000 0.000 -1.000 13.200 0.000 -1.000
3 320 13.200 0.000 -1.000 13.200 0.000 1.400 12.000 0.000 1.400
3 14 13.200 0.000 1.400 13.200 0.000 -1.000 15.600 0.000 -7.100
3 14 13.200 0.000 -1.000 13.200 0.000 -3.400 15.600 0.000 -7.100
3 14 13.200 0.000 -3.400 13.200 0.000 -5.800 15.600 0.000 -7.100
3 320 13.200 0.000 -3.400 12.000 0.000 -3.400 12.000 0.000 -5.800
3 320 12.000 0.000 -5.800 13.200 0.000 -5.800 13.200 0.000 -3.400
3 14 12.000 0.000 -3.400 9.600 0.000 -3.400 9.600 0.000 -5.800
3 14 9.600 0.000 -5.800 12.000 0.000 -5.800 12.000 0.000 -3.400
3 18 -3.400 0.000 -1.860 -3.900 0.000 -2.380 -3.630 0.000 -2.410
3 18 -3.630 0.000 -2.410 -3.900 0.000 -2.380 -4.250 0.000 -3.240
3 18 -4.250 0.000 -3.240 -3.660 0.000 -2.830 -3.630 0.000 -2.410
3 18 -3.660 0.000 -2.830 -4.250 0.000 -3.240 -4.380 0.000 -4.030
3 18 -4.380 0.000 -4.030 -3.540 0.000 -3.180 -3.660 0.000 -2.830
3 18 -3.540 0.000 -3.180 -4.380 0.000 -4.030 -4.400 0.000 -5.070
3 18 -4.400 0.000 -5.070 -3.250 0.000 -3.310 -3.540 0.000 -3.180
3 18 -3.250 0.000 -3.310 -4.400 0.000 -5.070 -4.320 0.000 -5.880
3 18 -4.320 0.000 -5.880 -2.190 0.000 -4.740 -3.250 0.000 -3.310
3 18 -2.190 0.000 -4.740 -4.320 0.000 -5.880 -4.010 0.000 -6.780
3 18 -4.010 0.000 -6.780 -2.110 0.000 -4.950 -2.190 0.000 -4.740
3 18 -2.110 0.000 -4.950 -4.010 0.000 -6.780 -3.400 0.000 -7.570
3 18 -3.400 0.000 -7.570 -1.960 0.000 -4.980 -2.110 0.000 -4.950
3 18 -1.960 0.000 -4.980 -3.400 0.000 -7.570 -2.560 0.000 -8.090
3 18 -2.560 0.000 -8.090 0.210 0.000 -5.710 -1.960 0.000 -4.980
3 18 0.210 0.000 -5.710 -2.560 0.000 -8.090 -1.620 0.000 -8.340
3 18 -1.620 0.000 -8.340 0.350 0.000 -5.980 0.210 0.000 -5.710
3 18 0.350 0.000 -5.980 -1.620 0.000 -8.340 -0.520 0.000 -8.340
3 18 -0.520 0.000 -8.340 0.790 0.000 -7.190 0.350 0.000 -5.980
3 18 0.790 0.000 -7.190 -0.520 0.000 -8.340 0.600 0.000 -8.029
3 18 0.600 0.000 -8.029 0.940 0.000 -7.390 0.790 0.000 -7.190
3 18 0.940 0.000 -7.390 0.600 0.000 -8.029 1.570 0.000 -7.400
3 18 -2.190 0.000 -4.740 -2.160 0.000 -4.540 -3.010 0.000 -3.220
3 18 -3.010 0.000 -3.220 -3.250 0.000 -3.310 -2.190 0.000 -4.740
3 18 -2.160 0.000 -4.540 -1.960 0.000 -4.110 -2.770 0.000 -2.820
3 18 -2.770 0.000 -2.820 -3.010 0.000 -3.220 -2.160 0.000 -4.540
3 18 -1.960 0.000 -4.110 -1.760 0.000 -3.560 -2.490 0.000 -2.050
3 18 -2.490 0.000 -2.050 -2.770 0.000 -2.820 -1.960 0.000 -4.110
3 18 -1.760 0.000 -3.560 -1.690 0.000 -2.390 -2.160 0.000 -1.370
3 18 -2.160 0.000 -1.370 -2.490 0.000 -2.050 -1.760 0.000 -3.560
3 18 -1.690 0.000 -2.390 -1.660 0.000 -1.330 -1.770 0.000 -0.860
3 18 -1.770 0.000 -0.860 -2.160 0.000 -1.370 -1.690 0.000 -2.390
3 18 -1.430 0.000 -0.510 -1.770 0.000 -0.860 -1.660 0.000 -1.330
3 18 -1.960 0.000 -4.980 0.210 0.000 -5.710 0.240 0.000 -5.360
3 18 0.240 0.000 -5.360 -1.720 0.000 -4.890 -1.960 0.000 -4.980
3 18 -1.720 0.000 -4.890 0.240 0.000 -5.360 0.460 0.000 -4.750
3 18 0.460 0.000 -4.750 -1.240 0.000 -4.560 -1.720 0.000 -4.890
3 18 -1.240 0.000 -4.560 0.460 0.000 -4.750 0.480 0.000 -3.910
3 18 0.480 0.000 -3.910 -0.740 0.000 -4.120 -1.240 0.000 -4.560
3 18 -0.740 0.000 -4.120 0.480 0.000 -3.910 0.550 0.000 -3.210
3 18 0.550 0.000 -3.210 -0.360 0.000 -3.490 -0.740 0.000 -4.120
3 18 -0.360 0.000 -3.490 0.550 0.000 -3.210 0.680 0.000 -2.680
3 18 0.680 0.000 -2.680 -0.020 0.000 -2.890 -0.360 0.000 -3.490
3 18 -0.020 0.000 -2.890 0.680 0.000 -2.680 0.910 0.000 -2.200
3 18 0.910 0.000 -2.200 0.360 0.000 -2.410 -0.020 0.000 -2.890
3 18 0.360 0.000 -2.410 0.910 0.000 -2.200 1.110 0.000 -1.870
3 18 1.110 0.000 -1.870 0.750 0.000 -2.060 0.360 0.000 -2.410
3 18 0.350 0.000 -5.980 0.790 0.000 -7.190 0.940 0.000 -6.950
3 18 0.940 0.000 -6.950 0.670 0.000 -6.010 0.350 0.000 -5.980
3 18 0.670 0.000 -6.010 0.940 0.000 -6.950 1.460 0.000 -6.580
3 18 1.460 0.000 -6.580 1.060 0.000 -5.930 0.670 0.000 -6.010
3 18 1.060 0.000 -5.930 1.460 0.000 -6.580 2.140 0.000 -6.120
3 18 2.140 0.000 -6.120 1.650 0.000 -5.720 1.060 0.000 -5.930
3 18 1.650 0.000 -5.720 2.140 0.000 -6.120 2.800 0.000 -5.680
3 18 2.800 0.000 -5.680 2.220 0.000 -5.460 1.650 0.000 -5.720
3 18 2.220 0.000 -5.460 2.800 0.000 -5.680 3.060 0.000 -5.240
3 18 3.060 0.000 -5.240 2.670 0.000 -5.190 2.220 0.000 -5.460
3 18 3.170 0.000 -4.820 2.670 0.000 -5.190 3.060 0.000 -5.240
3 320 -1.720 0.000 0.180 -1.400 0.000 0.320 -2.460 0.000 0.520
3 320 -2.460 0.000 0.520 -2.350 0.000 0.320 -1.720 0.000 0.180
3 320 -1.400 0.000 0.320 -1.230 0.000 0.820 -2.260 0.000 1.040
3 320 -2.260 0.000 1.040 -2.460 0.000 0.520 -1.400 0.000 0.320
3 320 -1.230 0.000 0.820 -0.970 0.000 1.220 -1.810 0.000 1.610
3 320 -1.810 0.000 1.610 -2.260 0.000 1.040 -1.230 0.000 0.820
3 320 -0.970 0.000 1.220 -0.440 0.000 1.570 -1.280 0.000 1.970
3 320 -1.280 0.000 1.970 -1.810 0.000 1.610 -0.970 0.000 1.220
3 320 -0.440 0.000 1.570 0.070 0.000 1.910 -0.570 0.000 2.260
3 320 -0.570 0.000 2.260 -1.280 0.000 1.970 -0.440 0.000 1.570
3 320 0.070 0.000 1.910 0.440 0.000 2.390 0.070 0.000 2.600
3 320 0.070 0.000 2.600 -0.570 0.000 2.260 0.070 0.000 1.910
3 320 0.440 0.000 2.390 0.570 0.000 2.890 0.530 0.000 3.110
3 320 0.530 0.000 3.110 0.070 0.000 2.600 0.440 0.000 2.390
3 320 0.100 0.000 -1.340 0.310 0.000 -1.230 0.230 0.000 0.010
3 320 0.230 0.000 0.010 0.110 0.000 -0.640 0.100 0.000 -1.340
3 320 0.310 0.000 -1.230 0.830 0.000 -0.810 0.480 0.000 0.710
3 320 0.480 0.000 0.710 0.230 0.000 0.010 0.310 0.000 -1.230
3 320 0.830 0.000 -0.810 1.300 0.000 -0.550 0.890 0.000 1.310
3 320 0.890 0.000 1.310 0.480 0.000 0.710 0.830 0.000 -0.810
3 320 1.300 0.000 -0.550 1.670 0.000 -0.450 1.390 0.000 1.860
3 320 1.390 0.000 1.860 0.890 0.000 1.310 1.300 0.000 -0.550
3 320 1.670 0.000 -0.450 2.040 0.000 -0.480 1.990 0.000 2.340
3 320 1.990 0.000 2.340 1.390 0.000 1.860 1.670 0.000 -0.450
3 320 2.040 0.000 -0.480 3.210 0.000 -0.150 3.350 0.000 0.530
3 320 3.350 0.000 0.530 1.990 0.000 2.340 2.040 0.000 -0.480
3 320 1.990 0.000 2.340 3.350 0.000 0.530 3.800 0.000 1.220
3 320 3.800 0.000 1.220 2.710 0.000 2.680 1.990 0.000 2.340
3 320 2.710 0.000 2.680 3.800 0.000 1.220 4.470 0.000 1.920
3 320 4.470 0.000 1.920 3.390 0.000 2.950 2.710 0.000 2.680
3 320 3.390 0.000 2.950 4.470 0.000 1.920 5.210 0.000 2.610
3 320 5.210 0.000 2.610 4.240 0.000 3.230 3.390 0.000 2.950
3 320 4.240 0.000 3.230 5.210 0.000 2.610 5.880 0.000 3.230
3 320 5.880 0.000 3.230 4.990 0.000 3.540 4.240 0.000 3.230
3 320 4.990 0.000 3.540 5.880 0.000 3.230 6.370 0.000 3.870
3 320 6.370 0.000 3.870 5.610 0.000 4.000 4.990 0.000 3.540
3 320 5.610 0.000 4.000 6.370 0.000 3.870 6.590 0.000 4.250
3 320 6.590 0.000 4.250 6.050 0.000 4.480 5.610 0.000 4.000
3 320 6.050 0.000 4.480 6.590 0.000 4.250 6.750 0.000 4.750
3 320 6.750 0.000 4.750 6.310 0.000 4.870 6.050 0.000 4.480
3 320 6.530 0.000 5.470 6.310 0.000 4.870 6.750 0.000 4.750
3 320 2.040 0.000 -0.480 2.300 0.000 -0.810 3.340 0.000 -0.540
3 320 3.340 0.000 -0.540 3.210 0.000 -0.150 2.040 0.000 -0.480
3 320 2.300 0.000 -0.810 2.530 0.000 -1.400 3.480 0.000 -0.730
3 320 3.480 0.000 -0.730 3.340 0.000 -0.540 2.300 0.000 -0.810
3 320 2.530 0.000 -1.400 2.460 0.000 -2.110 3.930 0.000 -1.860
3 320 3.930 0.000 -1.860 3.480 0.000 -0.730 2.530 0.000 -1.400
3 320 3.930 0.000 -1.860 2.460 0.000 -2.110 2.300 0.000 -2.580
3 320 2.300 0.000 -2.580 3.650 0.000 -2.500 3.930 0.000 -1.860
3 320 3.650 0.000 -2.500 2.300 0.000 -2.580 2.090 0.000 -3.150
3 320 2.090 0.000 -3.150 3.220 0.000 -3.000 3.650 0.000 -2.500
3 320 3.220 0.000 -3.000 2.090 0.000 -3.150 1.970 0.000 -3.340
3 320 1.970 0.000 -3.340 2.600 0.000 -3.300 3.220 0.000 -3.000
3 320 3.930 0.000 -1.860 4.130 0.000 -1.160 3.670 0.000 -0.460
3 320 3.670 0.000 -0.460 3.480 0.000 -0.730 3.930 0.000 -1.860
3 320 4.130 0.000 -1.160 4.370 0.000 -0.490 4.080 0.000 -0.030
3 320 4.080 0.000 -0.030 3.670 0.000 -0.460 4.130 0.000 -1.160
3 320 4.370 0.000 -0.490 4.650 0.000 0.020 4.860 0.000 0.410
3 320 4.860 0.000 0.410 4.080 0.000 -0.030 4.370 0.000 -0.490
3 4 -1.820 0.000 2.940 -2.330 0.000 2.620 -2.880 0.000 2.130
3 4 -2.880 0.000 2.130 -2.120 0.000 2.440 -1.820 0.000 2.940
3 4 -2.120 0.000 2.440 -2.880 0.000 2.130 -3.410 0.000 1.570
3 4 -3.410 0.000 1.570 -2.440 0.000 1.820 -2.120 0.000 2.440
3 4 -2.440 0.000 1.820 -3.410 0.000 1.570 -3.850 0.000 0.900
3 4 -3.850 0.000 0.900 -2.690 0.000 1.190 -2.440 0.000 1.820
3 4 -2.690 0.000 1.190 -3.850 0.000 0.900 -4.270 0.000 0.140
3 4 -4.270 0.000 0.140 -2.930 0.000 0.610 -2.690 0.000 1.190
3 4 -2.930 0.000 0.610 -4.270 0.000 0.140 -4.630 0.000 -0.600
3 4 -4.630 0.000 -0.600 -3.050 0.000 0.250 -2.930 0.000 0.610
3 4 -3.050 0.000 0.250 -4.630 0.000 -0.600 -3.400 0.000 -1.860
3 4 -3.400 0.000 -1.860 -2.960 0.000 0.010 -3.050 0.000 0.250
3 4 -2.960 0.000 0.010 -3.400 0.000 -1.860 -2.160 0.000 -1.370
3 4 -2.160 0.000 -1.370 -2.760 0.000 -0.030 -2.960 0.000 0.010
3 4 -2.760 0.000 -0.030 -2.160 0.000 -1.370 -1.770 0.000 -0.860
3 4 -1.770 0.000 -0.860 -2.520 0.000 0.100 -2.760 0.000 -0.030
3 4 -2.520 0.000 0.100 -1.770 0.000 -0.860 -1.430 0.000 -0.510
3 4 -1.430 0.000 -0.510 -2.350 0.000 0.320 -2.520 0.000 0.100
3 4 -2.350 0.000 0.320 -1.430 0.000 -0.510 0.110 0.000 -0.640
3 4 0.110 0.000 -0.640 -1.720 0.000 0.180 -2.350 0.000 0.320
3 4 0.110 0.000 -0.640 0.230 0.000 0.010 -1.400 0.000 0.320
3 4 -1.400 0.000 0.320 -1.720 0.000 0.180 0.110 0.000 -0.640
3 4 0.230 0.000 0.010 0.480 0.000 0.710 -1.230 0.000 0.820
3 4 -1.230 0.000 0.820 -1.400 0.000 0.320 0.230 0.000 0.010
3 4 0.480 0.000 0.710 0.890 0.000 1.310 -0.970 0.000 1.220
3 4 -0.970 0.000 1.220 -1.230 0.000 0.820 0.480 0.000 0.710
3 4 0.890 0.000 1.310 1.390 0.000 1.860 -0.440 0.000 1.570
3 4 -0.440 0.000 1.570 -0.970 0.000 1.220 0.890 0.000 1.310
3 4 -0.440 0.000 1.570 1.390 0.000 1.860 1.990 0.000 2.340
3 4 1.990 0.000 2.340 0.070 0.000 1.910 -0.440 0.000 1.570
3 4 0.070 0.000 1.910 1.990 0.000 2.340 2.710 0.000 2.680
3 4 2.710 0.000 2.680 0.440 0.000 2.390 0.070 0.000 1.910
3 4 0.440 0.000 2.390 2.710 0.000 2.680 3.390 0.000 2.950
3 4 3.390 0.000 2.950 0.570 0.000 2.890 0.440 0.000 2.390
3 4 0.570 0.000 2.890 3.390 0.000 2.950 3.720 0.000 3.370
3 4 3.720 0.000 3.370 1.450 0.000 3.230 0.570 0.000 2.890
3 4 1.450 0.000 3.230 3.720 0.000 3.370 4.120 0.000 4.010
3 4 4.120 0.000 4.010 2.420 0.000 3.750 1.450 0.000 3.230
3 4 2.420 0.000 3.750 4.120 0.000 4.010 4.540 0.000 4.700
3 4 4.540 0.000 4.700 3.260 0.000 4.300 2.420 0.000 3.750
3 4 4.100 0.000 4.970 3.260 0.000 4.300 4.540 0.000 4.700
3 4 4.850 0.000 5.840 4.100 0.000 4.970 4.540 0.000 4.700
3 4 0.110 0.000 -0.640 -1.430 0.000 -0.510 -1.660 0.000 -1.330
3 4 -1.660 0.000 -1.330 0.100 0.000 -1.340 0.110 0.000 -0.640
3 4 0.100 0.000 -1.340 -1.660 0.000 -1.330 -1.690 0.000 -2.390
3 4 -1.690 0.000 -2.390 0.360 0.000 -2.410 0.100 0.000 -1.340
3 4 0.360 0.000 -2.410 -1.690 0.000 -2.390 -1.760 0.000 -3.560
3 4 -1.760 0.000 -3.560 -0.020 0.000 -2.890 0.360 0.000 -2.410
3 4 -0.020 0.000 -2.890 -1.760 0.000 -3.560 -1.960 0.000 -4.110
3 4 -1.960 0.000 -4.110 -0.360 0.000 -3.490 -0.020 0.000 -2.890
3 4 -0.360 0.000 -3.490 -1.960 0.000 -4.110 -2.160 0.000 -4.540
3 4 -2.160 0.000 -4.540 -0.740 0.000 -4.120 -0.360 0.000 -3.490
3 4 -0.740 0.000 -4.120 -2.160 0.000 -4.540 -2.190 0.000 -4.740
3 4 -2.190 0.000 -4.740 -1.240 0.000 -4.560 -0.740 0.000 -4.120
3 4 -1.240 0.000 -4.560 -2.190 0.000 -4.740 -2.110 0.000 -4.950
3 4 -2.110 0.000 -4.950 -1.720 0.000 -4.890 -1.240 0.000 -4.560
3 4 -1.720 0.000 -4.890 -2.110 0.000 -4.950 -1.960 0.000 -4.980
3 4 0.100 0.000 -1.340 0.360 0.000 -2.410 0.750 0.000 -2.060
3 4 0.750 0.000 -2.060 0.310 0.000 -1.230 0.100 0.000 -1.340
3 4 0.310 0.000 -1.230 0.750 0.000 -2.060 1.110 0.000 -1.870
3 4 1.110 0.000 -1.870 0.830 0.000 -0.810 0.310 0.000 -1.230
3 4 0.830 0.000 -0.810 1.110 0.000 -1.870 2.460 0.000 -2.110
3 4 2.460 0.000 -2.110 1.300 0.000 -0.550 0.830 0.000 -0.810
3 4 2.460 0.000 -2.110 2.530 0.000 -1.400 1.670 0.000 -0.450
3 4 1.670 0.000 -0.450 1.300 0.000 -0.550 2.460 0.000 -2.110
3 4 2.530 0.000 -1.400 2.300 0.000 -0.810 2.040 0.000 -0.480
3 4 2.040 0.000 -0.480 1.670 0.000 -0.450 2.530 0.000 -1.400
3 4 1.110 0.000 -1.870 0.910 0.000 -2.200 2.300 0.000 -2.580
3 4 2.300 0.000 -2.580 2.460 0.000 -2.110 1.110 0.000 -1.870
3 4 0.910 0.000 -2.200 0.680 0.000 -2.680 2.090 0.000 -3.150
3 4 2.090 0.000 -3.150 2.300 0.000 -2.580 0.910 0.000 -2.200
3 4 0.680 0.000 -2.680 0.550 0.000 -3.210 1.970 0.000 -3.340
3 4 1.970 0.000 -3.340 2.090 0.000 -3.150 0.680 0.000 -2.680
3 4 0.550 0.000 -3.210 0.480 0.000 -3.910 3.170 0.000 -4.820
3 4 3.170 0.000 -4.820 1.970 0.000 -3.340 0.550 0.000 -3.210
3 4 3.170 0.000 -4.820 0.480 0.000 -3.910 0.460 0.000 -4.750
3 4 0.460 0.000 -4.750 2.670 0.000 -5.190 3.170 0.000 -4.820
3 4 2.670 0.000 -5.190 0.460 0.000 -4.750 0.240 0.000 -5.360
3 4 0.240 0.000 -5.360 2.220 0.000 -5.460 2.670 0.000 -5.190
3 4 2.220 0.000 -5.460 0.240 0.000 -5.360 0.210 0.000 -5.710
3 4 0.210 0.000 -5.710 1.650 0.000 -5.720 2.220 0.000 -5.460
3 4 1.650 0.000 -5.720 0.210 0.000 -5.710 0.350 0.000 -5.980
3 4 0.350 0.000 -5.980 1.060 0.000 -5.930 1.650 0.000 -5.720
3 4 1.060 0.000 -5.930 0.350 0.000 -5.980 0.670 0.000 -6.010
3 4 -2.160 0.000 -1.370 -3.400 0.000 -1.860 -3.630 0.000 -2.410
3 4 -3.630 0.000 -2.410 -2.490 0.000 -2.050 -2.160 0.000 -1.370
3 4 -2.490 0.000 -2.050 -3.660 0.000 -2.830 -3.540 0.000 -3.180
3 4 -3.540 0.000 -3.180 -2.770 0.000 -2.820 -2.490 0.000 -2.050
3 4 -2.770 0.000 -2.820 -3.540 0.000 -3.180 -3.250 0.000 -3.310
3 4 -3.250 0.000 -3.310 -3.010 0.000 -3.220 -2.770 0.000 -2.820
3 4 -2.490 0.000 -2.050 -3.630 0.000 -2.410 -3.660 0.000 -2.830
3 4 3.480 0.000 -0.730 3.670 0.000 -0.460 3.210 0.000 -0.150
3 4 3.210 0.000 -0.150 3.340 0.000 -0.540 3.480 0.000 -0.730
3 4 3.670 0.000 -0.460 4.080 0.000 -0.030 3.410 0.000 0.340
3 4 3.410 0.000 0.340 3.210 0.000 -0.150 3.670 0.000 -0.460
3 4 3.350 0.000 0.530 3.210 0.000 -0.150 3.410 0.000 0.340
3 4 3.410 0.000 0.340 4.080 0.000 -0.030 4.860 0.000 0.410
3 4 4.860 0.000 0.410 3.560 0.000 0.360 3.410 0.000 0.340
3 4 3.560 0.000 0.360 4.860 0.000 0.410 4.870 0.000 1.170
3 4 4.870 0.000 1.170 4.059 0.000 0.700 3.560 0.000 0.360
3 4 4.860 0.000 0.410 5.940 0.000 0.330 5.590 0.000 1.570
3 4 5.590 0.000 1.570 4.870 0.000 1.170 4.860 0.000 0.410
3 4 5.940 0.000 0.330 6.370 0.000 0.970 6.300 0.000 1.900
3 4 6.300 0.000 1.900 5.590 0.000 1.570 5.940 0.000 0.330
3 4 6.370 0.000 0.970 6.920 0.000 1.690 7.060 0.000 2.200
3 4 7.060 0.000 2.200 6.300 0.000 1.900 6.370 0.000 0.970
3 4 7.450 0.000 2.300 7.060 0.000 2.200 6.920 0.000 1.690
3 4 4.860 0.000 0.410 4.650 0.000 0.020 5.430 0.000 -0.560
3 4 5.430 0.000 -0.560 5.940 0.000 0.330 4.860 0.000 0.410
3 4 4.650 0.000 0.020 4.370 0.000 -0.490 5.090 0.000 -1.240
3 4 5.090 0.000 -1.240 5.430 0.000 -0.560 4.650 0.000 0.020
3 4 4.370 0.000 -0.490 4.130 0.000 -1.160 4.830 0.000 -2.080
3 4 4.830 0.000 -2.080 5.090 0.000 -1.240 4.370 0.000 -0.490
3 4 4.130 0.000 -1.160 3.930 0.000 -1.860 4.650 0.000 -2.780
3 4 4.650 0.000 -2.780 4.830 0.000 -2.080 4.130 0.000 -1.160
3 4 3.930 0.000 -1.860 3.650 0.000 -2.500 4.530 0.000 -3.480
3 4 4.530 0.000 -3.480 4.650 0.000 -2.780 3.930 0.000 -1.860
3 4 3.650 0.000 -2.500 3.220 0.000 -3.000 4.480 0.000 -3.890
3 4 4.480 0.000 -3.890 4.530 0.000 -3.480 3.650 0.000 -2.500
3 4 4.480 0.000 -3.890 3.220 0.000 -3.000 2.600 0.000 -3.300
3 4 2.600 0.000 -3.300 3.170 0.000 -4.820 4.480 0.000 -3.890
3 4 2.600 0.000 -3.300 1.970 0.000 -3.340 3.170 0.000 -4.820
3 4 4.480 0.000 -3.890 3.170 0.000 -4.820 3.060 0.000 -5.240
3 4 3.060 0.000 -5.240 4.580 0.000 -4.080 4.480 0.000 -3.890
3 4 3.060 0.000 -5.240 5.110 0.000 -5.480 4.730 0.000 -4.120
3 4 4.730 0.000 -4.120 4.580 0.000 -4.080 3.060 0.000 -5.240
3 4 5.110 0.000 -5.480 5.890 0.000 -4.480 4.990 0.000 -3.970
3 4 4.990 0.000 -3.970 4.730 0.000 -4.120 5.110 0.000 -5.480
3 4 5.890 0.000 -4.480 6.350 0.000 -3.760 5.570 0.000 -3.620
3 4 5.570 0.000 -3.620 4.990 0.000 -3.970 5.890 0.000 -4.480
3 4 6.350 0.000 -3.760 6.630 0.000 -3.230 6.180 0.000 -3.090
3 4 6.180 0.000 -3.090 5.570 0.000 -3.620 6.350 0.000 -3.760
3 4 6.630 0.000 -3.230 6.860 0.000 -2.680 6.740 0.000 -2.490
3 4 6.740 0.000 -2.490 6.180 0.000 -3.090 6.630 0.000 -3.230
3 4 6.980 0.000 -2.210 6.740 0.000 -2.490 6.860 0.000 -2.680
3 4 5.110 0.000 -5.480 3.060 0.000 -5.240 2.800 0.000 -5.680
3 4 2.800 0.000 -5.680 4.370 0.000 -6.100 5.110 0.000 -5.480
3 4 4.370 0.000 -6.100 2.800 0.000 -5.680 2.140 0.000 -6.120
3 4 2.140 0.000 -6.120 3.710 0.000 -6.830 4.370 0.000 -6.100
3 4 3.710 0.000 -6.830 2.140 0.000 -6.120 1.460 0.000 -6.580
3 4 1.460 0.000 -6.580 3.180 0.000 -7.480 3.710 0.000 -6.830
3 4 1.460 0.000 -6.580 1.570 0.000 -7.400 2.540 0.000 -8.170
3 4 2.540 0.000 -8.170 3.180 0.000 -7.480 1.460 0.000 -6.580
3 4 2.540 0.000 -8.170 1.570 0.000 -7.400 0.600 0.000 -8.029
3 4 0.600 0.000 -8.029 1.970 0.000 -8.640 2.540 0.000 -8.170
3 4 1.970 0.000 -8.640 0.600 0.000 -8.029 -0.520 0.000 -8.340
3 4 -0.520 0.000 -8.340 1.100 0.000 -9.090 1.970 0.000 -8.640
3 4 1.100 0.000 -9.090 -0.520 0.000 -8.340 -1.120 0.000 -9.560
3 4 -1.120 0.000 -9.560 0.010 0.000 -9.440 1.100 0.000 -9.090
3 4 -0.520 0.000 -8.340 -1.620 0.000 -8.340 -1.960 0.000 -9.520
3 4 -1.960 0.000 -9.520 -1.120 0.000 -9.560 -0.520 0.000 -8.340
3 4 -1.620 0.000 -8.340 -2.560 0.000 -8.090 -2.860 0.000 -9.260
3 4 -2.860 0.000 -9.260 -1.960 0.000 -9.520 -1.620 0.000 -8.340
3 4 -2.860 0.000 -9.260 -2.560 0.000 -8.090 -3.400 0.000 -7.570
3 4 -3.400 0.000 -7.570 -3.760 0.000 -8.740 -2.860 0.000 -9.260
3 4 -3.760 0.000 -8.740 -3.400 0.000 -7.570 -4.010 0.000 -6.780
3 4 -4.010 0.000 -6.780 -4.520 0.000 -7.960 -3.760 0.000 -8.740
3 4 -4.520 0.000 -7.960 -4.010 0.000 -6.780 -4.320 0.000 -5.880
3 4 -4.320 0.000 -5.880 -5.090 0.000 -7.160 -4.520 0.000 -7.960
3 4 -5.090 0.000 -7.160 -4.320 0.000 -5.880 -4.400 0.000 -5.070
3 4 -4.400 0.000 -5.070 -5.570 0.000 -6.100 -5.090 0.000 -7.160
3 4 -5.570 0.000 -6.100 -4.400 0.000 -5.070 -4.380 0.000 -4.030
3 4 -4.380 0.000 -4.030 -5.760 0.000 -5.210 -5.570 0.000 -6.100
3 4 -5.760 0.000 -5.210 -4.380 0.000 -4.030 -5.620 0.000 -3.370
3 4 -5.620 0.000 -3.370 -5.750 0.000 -4.330 -5.760 0.000 -5.210
3 4 -4.380 0.000 -4.030 -4.250 0.000 -3.240 -5.340 0.000 -2.360
3 4 -5.340 0.000 -2.360 -5.620 0.000 -3.370 -4.380 0.000 -4.030
3 4 -4.250 0.000 -3.240 -3.900 0.000 -2.380 -5.010 0.000 -1.510
3 4 -5.010 0.000 -1.510 -5.340 0.000 -2.360 -4.250 0.000 -3.240
3 4 -3.900 0.000 -2.380 -3.400 0.000 -1.860 -4.630 0.000 -0.600
3 4 -4.630 0.000 -0.600 -5.010 0.000 -1.510 -3.900 0.000 -2.380
3 4 1.460 0.000 -6.580 0.940 0.000 -6.950 0.940 0.000 -7.390
3 4 0.940 0.000 -7.390 1.570 0.000 -7.400 1.460 0.000 -6.580
3 4 0.940 0.000 -6.950 0.790 0.000 -7.190 0.940 0.000 -7.390
3 18 -7.040 0.000 8.189 -7.190 0.000 7.970 -7.060 0.000 7.960
3 18 -7.060 0.000 7.960 -7.190 0.000 7.970 -7.300 0.000 7.690
3 18 -7.300 0.000 7.690 -7.040 0.000 7.800 -7.060 0.000 7.960
3 18 -7.040 0.000 7.800 -7.300 0.000 7.690 -7.330 0.000 7.360
3 18 -7.330 0.000 7.360 -7.010 0.000 7.610 -7.040 0.000 7.800
3 18 -7.010 0.000 7.610 -7.330 0.000 7.360 -7.340 0.000 6.840
3 18 -7.340 0.000 6.840 -6.850 0.000 7.550 -7.010 0.000 7.610
3 18 -6.850 0.000 7.550 -7.340 0.000 6.840 -7.300 0.000 6.430
3 18 -7.300 0.000 6.430 -6.240 0.000 7.000 -6.850 0.000 7.550
3 18 -6.240 0.000 7.000 -7.300 0.000 6.430 -7.150 0.000 5.980
3 18 -7.150 0.000 5.980 -6.200 0.000 6.900 -6.240 0.000 7.000
3 18 -6.200 0.000 6.900 -7.150 0.000 5.980 -6.850 0.000 5.590
3 18 -6.850 0.000 5.590 -6.130 0.000 6.880 -6.200 0.000 6.900
3 18 -6.130 0.000 6.880 -6.850 0.000 5.590 -6.430 0.000 5.330
3 18 -6.430 0.000 5.330 -5.040 0.000 6.520 -6.130 0.000 6.880
3 18 -5.040 0.000 6.520 -6.430 0.000 5.330 -5.960 0.000 5.200
3 18 -5.960 0.000 5.200 -4.970 0.000 6.380 -5.040 0.000 6.520
3 18 -4.970 0.000 6.380 -5.960 0.000 5.200 -5.410 0.000 5.200
3 18 -5.410 0.000 5.200 -4.750 0.000 5.780 -4.970 0.000 6.380
3 18 -4.750 0.000 5.780 -5.410 0.000 5.200 -4.850 0.000 5.360
3 18 -4.850 0.000 5.360 -4.680 0.000 5.680 -4.750 0.000 5.780
3 18 -4.680 0.000 5.680 -4.850 0.000 5.360 -4.360 0.000 5.670
3 18 -6.240 0.000 7.000 -6.230 0.000 7.100 -6.720 0.000 7.600
3 18 -6.720 0.000 7.600 -6.850 0.000 7.550 -6.240 0.000 7.000
3 18 -6.230 0.000 7.100 -6.130 0.000 7.320 -6.570 0.000 7.970
3 18 -6.570 0.000 7.970 -6.720 0.000 7.600 -6.230 0.000 7.100
3 18 -6.130 0.000 7.320 -6.030 0.000 7.590 -6.390 0.000 8.350
3 18 -6.390 0.000 8.350 -6.570 0.000 7.970 -6.130 0.000 7.320
3 18 -6.030 0.000 7.590 -5.990 0.000 8.180 -6.230 0.000 8.690
3 18 -6.230 0.000 8.690 -6.390 0.000 8.350 -6.030 0.000 7.590
3 18 -5.990 0.000 8.180 -5.980 0.000 8.710 -6.030 0.000 8.940
3 18 -6.030 0.000 8.940 -6.230 0.000 8.690 -5.990 0.000 8.180
3 18 -5.860 0.000 9.120 -6.030 0.000 8.940 -5.980 0.000 8.710
3 18 -6.130 0.000 6.880 -5.040 0.000 6.520 -5.030 0.000 6.690
3 18 -5.030 0.000 6.690 -6.010 0.000 6.930 -6.130 0.000 6.880
3 18 -6.010 0.000 6.930 -5.030 0.000 6.690 -4.920 0.000 7.000
3 18 -4.920 0.000 7.000 -5.770 0.000 7.090 -6.010 0.000 6.930
3 18 -5.770 0.000 7.090 -4.920 0.000 7.000 -4.910 0.000 7.420
3 18 -4.910 0.000 7.420 -5.520 0.000 7.310 -5.770 0.000 7.090
3 18 -5.520 0.000 7.310 -4.910 0.000 7.420 -4.870 0.000 7.770
3 18 -4.870 0.000 7.770 -5.330 0.000 7.630 -5.520 0.000 7.310
3 18 -5.330 0.000 7.630 -4.870 0.000 7.770 -4.810 0.000 8.029
3 18 -4.810 0.000 8.029 -5.160 0.000 7.930 -5.330 0.000 7.630
3 18 -5.160 0.000 7.930 -4.810 0.000 8.029 -4.690 0.000 8.270
3 18 -4.690 0.000 8.270 -4.970 0.000 8.170 -5.160 0.000 7.930
3 18 -4.970 0.000 8.170 -4.690 0.000 8.270 -4.590 0.000 8.440
3 18 -4.590 0.000 8.440 -4.770 0.000 8.340 -4.970 0.000 8.170
3 18 -4.970 0.000 6.380 -4.750 0.000 5.780 -4.680 0.000 5.900
3 18 -4.680 0.000 5.900 -4.810 0.000 6.370 -4.970 0.000 6.380
3 18 -4.810 0.000 6.370 -4.680 0.000 5.900 -4.420 0.000 6.080
3 18 -4.420 0.000 6.080 -4.620 0.000 6.410 -4.810 0.000 6.370
3 18 -4.620 0.000 6.410 -4.420 0.000 6.080 -4.080 0.000 6.310
3 18 -4.080 0.000 6.310 -4.320 0.000 6.510 -4.620 0.000 6.410
3 18 -4.320 0.000 6.510 -4.080 0.000 6.310 -3.750 0.000 6.530
3 18 -3.750 0.000 6.530 -4.040 0.000 6.640 -4.320 0.000 6.510
3 18 -4.040 0.000 6.640 -3.750 0.000 6.530 -3.620 0.000 6.750
3 18 -3.620 0.000 6.750 -3.810 0.000 6.780 -4.040 0.000 6.640
3 18 -3.560 0.000 6.960 -3.810 0.000 6.780 -3.620 0.000 6.750
3 320 -6.350 0.000 9.540 -6.240 0.000 9.700 -6.810 0.000 9.930
3 320 -6.810 0.000 9.930 -6.820 0.000 9.690 -6.350 0.000 9.540
3 320 -6.240 0.000 9.700 -6.120 0.000 9.980 -6.620 0.000 10.140
3 320 -6.620 0.000 10.140 -6.810 0.000 9.930 -6.240 0.000 9.700
3 320 -6.120 0.000 9.980 -5.890 0.000 10.230 -6.310 0.000 10.420
3 320 -6.310 0.000 10.420 -6.620 0.000 10.140 -6.120 0.000 9.980
3 320 -5.890 0.000 10.230 -5.630 0.000 10.400 -6.050 0.000 10.600
3 320 -6.050 0.000 10.600 -6.310 0.000 10.420 -5.890 0.000 10.230
3 320 -5.630 0.000 10.400 -5.370 0.000 10.570 -5.690 0.000 10.750
3 320 -5.690 0.000 10.750 -6.050 0.000 10.600 -5.630 0.000 10.400
3 320 -5.370 0.000 10.570 -5.190 0.000 10.810 -5.370 0.000 10.920
3 320 -5.370 0.000 10.920 -5.690 0.000 10.750 -5.370 0.000 10.570
3 320 -5.190 0.000 10.810 -5.120 0.000 11.060 -5.140 0.000 11.170
3 320 -5.140 0.000 11.170 -5.370 0.000 10.920 -5.190 0.000 10.810
3 320 -5.320 0.000 8.790 -5.260 0.000 8.690 -5.250 0.000 9.470
3 320 -5.250 0.000 9.470 -5.310 0.000 9.140 -5.320 0.000 8.790
3 320 -5.260 0.000 8.690 -5.000 0.000 8.940 -5.130 0.000 9.820
3 320 -5.130 0.000 9.820 -5.250 0.000 9.470 -5.260 0.000 8.690
3 320 -5.000 0.000 8.940 -4.700 0.000 9.100 -4.920 0.000 10.180
3 320 -4.920 0.000 10.180 -5.130 0.000 9.820 -5.000 0.000 8.940
3 320 -4.700 0.000 9.100 -4.430 0.000 9.160 -4.670 0.000 10.460
3 320 -4.670 0.000 10.460 -4.920 0.000 10.180 -4.700 0.000 9.100
3 320 -4.430 0.000 9.160 -4.150 0.000 9.110 -4.350 0.000 10.680
3 320 -4.350 0.000 10.680 -4.670 0.000 10.460 -4.430 0.000 9.160
3 320 -4.150 0.000 9.110 -3.470 0.000 9.200 -3.470 0.000 9.640
3 320 -3.470 0.000 9.640 -4.350 0.000 10.680 -4.150 0.000 9.110
3 320 -4.350 0.000 10.680 -3.470 0.000 9.640 -3.250 0.000 9.980
3 320 -3.250 0.000 9.980 -4.010 0.000 10.870 -4.350 0.000 10.680
3 320 -4.010 0.000 10.870 -3.250 0.000 9.980 -2.910 0.000 10.330
3 320 -2.910 0.000 10.330 -3.670 0.000 11.000 -4.010 0.000 10.870
3 320 -2.910 0.000 10.330 -2.540 0.000 10.670 -2.520 0.000 11.400
3 320 -2.520 0.000 11.400 -2.940 0.000 11.210 -2.910 0.000 10.330
3 320 -2.540 0.000 10.670 -1.980 0.000 11.260 -2.240 0.000 11.570
3 320 -2.240 0.000 11.570 -2.520 0.000 11.400 -2.540 0.000 10.670
3 320 -1.980 0.000 11.260 -1.630 0.000 11.750 -1.880 0.000 11.830
3 320 -1.880 0.000 11.830 -2.240 0.000 11.570 -1.980 0.000 11.260
3 320 -1.630 0.000 11.750 -1.520 0.000 11.940 -1.660 0.000 12.250
3 320 -1.660 0.000 12.250 -1.880 0.000 11.830 -1.630 0.000 11.750
3 320 -1.520 0.000 11.940 -1.440 0.000 12.190 -1.550 0.000 12.550
3 320 -1.550 0.000 12.550 -1.660 0.000 12.250 -1.520 0.000 11.940
3 320 -4.150 0.000 9.110 -4.000 0.000 8.970 -3.410 0.000 9.000
3 320 -3.410 0.000 9.000 -3.470 0.000 9.200 -4.150 0.000 9.110
3 320 -4.000 0.000 8.970 -3.880 0.000 8.670 -3.340 0.000 8.910
3 320 -3.340 0.000 8.910 -3.410 0.000 9.000 -4.000 0.000 8.970
3 320 -3.880 0.000 8.670 -3.890 0.000 8.060 -3.150 0.000 8.180
3 320 -3.150 0.000 8.180 -3.340 0.000 8.910 -3.880 0.000 8.670
3 320 -3.150 0.000 8.180 -3.890 0.000 8.060 -3.970 0.000 7.820
3 320 -3.970 0.000 7.820 -3.290 0.000 7.860 -3.150 0.000 8.180
3 320 -3.290 0.000 7.860 -3.970 0.000 7.820 -4.070 0.000 7.540
3 320 -4.070 0.000 7.540 -3.510 0.000 7.610 -3.290 0.000 7.860
3 320 -3.510 0.000 7.610 -4.070 0.000 7.540 -4.210 0.000 7.430
3 320 -4.210 0.000 7.430 -3.820 0.000 7.460 -3.510 0.000 7.610
3 320 -3.150 0.000 8.180 -3.050 0.000 8.530 -3.240 0.000 9.040
3 320 -3.240 0.000 9.040 -3.340 0.000 8.910 -3.150 0.000 8.180
3 320 -3.050 0.000 8.530 -2.850 0.000 9.130 -3.000 0.000 9.360
3 320 -3.000 0.000 9.360 -3.240 0.000 9.040 -3.050 0.000 8.530
3 320 -2.850 0.000 9.130 -2.710 0.000 9.380 -2.610 0.000 9.580
3 320 -2.610 0.000 9.580 -3.000 0.000 9.360 -2.850 0.000 9.130
3 4 -7.040 0.000 8.189 -6.230 0.000 8.690 -7.130 0.000 9.620
3 4 -7.130 0.000 9.620 -7.390 0.000 9.350 -7.040 0.000 8.189
3 4 -6.230 0.000 8.690 -6.030 0.000 8.940 -6.820 0.000 9.690
3 4 -6.820 0.000 9.690 -7.130 0.000 9.620 -6.230 0.000 8.690
3 4 -5.860 0.000 9.120 -5.310 0.000 9.140 -5.250 0.000 9.470
3 4 -5.250 0.000 9.470 -6.350 0.000 9.540 -5.860 0.000 9.120
3 4 -6.350 0.000 9.540 -5.250 0.000 9.470 -5.130 0.000 9.820
3 4 -5.130 0.000 9.820 -6.240 0.000 9.700 -6.350 0.000 9.540
3 4 -6.240 0.000 9.700 -5.130 0.000 9.820 -4.920 0.000 10.180
3 4 -4.920 0.000 10.180 -6.120 0.000 9.980 -6.240 0.000 9.700
3 4 -6.120 0.000 9.980 -4.920 0.000 10.180 -4.670 0.000 10.460
3 4 -4.670 0.000 10.460 -5.890 0.000 10.230 -6.120 0.000 9.980
3 4 -4.670 0.000 10.460 -5.630 0.000 10.400 -5.890 0.000 10.230
3 4 -5.630 0.000 10.400 -4.670 0.000 10.460 -4.350 0.000 10.680
3 4 -4.350 0.000 10.680 -5.370 0.000 10.570 -5.630 0.000 10.400
3 4 -5.370 0.000 10.570 -4.350 0.000 10.680 -4.010 0.000 10.870
3 4 -4.010 0.000 10.870 -5.190 0.000 10.810 -5.370 0.000 10.570
3 4 -3.670 0.000 11.000 -3.240 0.000 11.210 -3.890 0.000 11.400
3 4 -3.890 0.000 11.400 -4.370 0.000 11.140 -3.670 0.000 11.000
3 4 -3.240 0.000 11.210 -3.040 0.000 11.530 -3.470 0.000 11.680
3 4 -3.470 0.000 11.680 -3.890 0.000 11.400 -3.240 0.000 11.210
3 4 -3.040 0.000 11.530 -2.830 0.000 11.880 -3.050 0.000 12.010
3 4 -3.050 0.000 12.010 -3.470 0.000 11.680 -3.040 0.000 11.530
3 4 -2.670 0.000 12.450 -3.050 0.000 12.010 -2.830 0.000 11.880
3 4 -5.310 0.000 9.140 -5.860 0.000 9.120 -5.980 0.000 8.710
3 4 -5.980 0.000 8.710 -5.320 0.000 8.790 -5.310 0.000 9.140
3 4 -5.320 0.000 8.790 -5.980 0.000 8.710 -5.990 0.000 8.180
3 4 -5.990 0.000 8.180 -4.970 0.000 8.170 -5.320 0.000 8.790
3 4 -4.970 0.000 8.170 -5.990 0.000 8.180 -6.030 0.000 7.590
3 4 -6.030 0.000 7.590 -5.160 0.000 7.930 -4.970 0.000 8.170
3 4 -5.160 0.000 7.930 -6.030 0.000 7.590 -6.130 0.000 7.320
3 4 -6.130 0.000 7.320 -5.330 0.000 7.630 -5.160 0.000 7.930
3 4 -5.330 0.000 7.630 -6.130 0.000 7.320 -6.230 0.000 7.100
3 4 -6.230 0.000 7.100 -5.520 0.000 7.310 -5.330 0.000 7.630
3 4 -5.520 0.000 7.310 -6.230 0.000 7.100 -6.240 0.000 7.000
3 4 -6.240 0.000 7.000 -5.770 0.000 7.090 -5.520 0.000 7.310
3 4 -5.770 0.000 7.090 -6.240 0.000 7.000 -6.200 0.000 6.900
3 4 -6.200 0.000 6.900 -6.010 0.000 6.930 -5.770 0.000 7.090
3 4 -6.010 0.000 6.930 -6.200 0.000 6.900 -6.130 0.000 6.880
3 4 -5.320 0.000 8.790 -4.970 0.000 8.170 -5.260 0.000 8.690
3 4 -4.970 0.000 8.170 -4.770 0.000 8.340 -5.000 0.000 8.940
3 4 -5.000 0.000 8.940 -5.260 0.000 8.690 -4.970 0.000 8.170
3 4 -4.770 0.000 8.340 -4.590 0.000 8.440 -4.700 0.000 9.100
3 4 -4.700 0.000 9.100 -5.000 0.000 8.940 -4.770 0.000 8.340
3 4 -4.590 0.000 8.440 -3.890 0.000 8.060 -3.880 0.000 8.670
3 4 -3.880 0.000 8.670 -4.700 0.000 9.100 -4.590 0.000 8.440
3 4 -4.700 0.000 9.100 -3.880 0.000 8.670 -4.000 0.000 8.970
3 4 -4.000 0.000 8.970 -4.430 0.000 9.160 -4.700 0.000 9.100
3 4 -4.430 0.000 9.160 -4.000 0.000 8.970 -4.150 0.000 9.110
3 4 -4.590 0.000 8.440 -4.690 0.000 8.270 -3.970 0.000 7.820
3 4 -3.970 0.000 7.820 -3.890 0.000 8.060 -4.590 0.000 8.440
3 4 -4.690 0.000 8.270 -4.810 0.000 8.029 -4.070 0.000 7.540
3 4 -4.070 0.000 7.540 -3.970 0.000 7.820 -4.690 0.000 8.270
3 4 -4.810 0.000 8.029 -4.870 0.000 7.770 -4.210 0.000 7.430
3 4 -4.210 0.000 7.430 -4.070 0.000 7.540 -4.810 0.000 8.029
3 4 -4.870 0.000 7.770 -4.910 0.000 7.420 -3.560 0.000 6.960
3 4 -3.560 0.000 6.960 -4.210 0.000 7.430 -4.870 0.000 7.770
3 4 -3.560 0.000 6.960 -4.910 0.000 7.420 -4.920 0.000 7.000
3 4 -4.920 0.000 7.000 -3.810 0.000 6.780 -3.560 0.000 6.960
3 4 -3.810 0.000 6.780 -4.920 0.000 7.000 -5.030 0.000 6.690
3 4 -5.030 0.000 6.690 -4.040 0.000 6.640 -3.810 0.000 6.780
3 4 -4.040 0.000 6.640 -5.030 0.000 6.690 -5.040 0.000 6.520
3 4 -5.040 0.000 6.520 -4.320 0.000 6.510 -4.040 0.000 6.640
3 4 -4.320 0.000 6.510 -5.040 0.000 6.520 -4.970 0.000 6.380
3 4 -4.970 0.000 6.380 -4.620 0.000 6.410 -4.320 0.000 6.510
3 4 -4.620 0.000 6.410 -4.970 0.000 6.380 -4.810 0.000 6.370
3 4 -6.230 0.000 8.690 -7.040 0.000 8.189 -7.060 0.000 7.960
3 4 -7.060 0.000 7.960 -6.390 0.000 8.350 -6.230 0.000 8.690
3 4 -6.390 0.000 8.350 -7.040 0.000 7.800 -7.010 0.000 7.610
3 4 -7.010 0.000 7.610 -6.570 0.000 7.970 -6.390 0.000 8.350
3 4 -6.570 0.000 7.970 -7.010 0.000 7.610 -6.850 0.000 7.550
3 4 -6.850 0.000 7.550 -6.720 0.000 7.600 -6.570 0.000 7.970
3 4 -6.390 0.000 8.350 -7.060 0.000 7.960 -7.040 0.000 7.800
3 4 -3.340 0.000 8.910 -3.240 0.000 9.040 -3.470 0.000 9.200
3 4 -3.470 0.000 9.200 -3.410 0.000 9.000 -3.340 0.000 8.910
3 4 -3.240 0.000 9.040 -3.000 0.000 9.360 -3.380 0.000 9.530
3 4 -3.380 0.000 9.530 -3.470 0.000 9.200 -3.240 0.000 9.040
3 4 -3.470 0.000 9.640 -3.470 0.000 9.200 -3.380 0.000 9.530
3 4 -3.380 0.000 9.530 -3.000 0.000 9.360 -2.610 0.000 9.580
3 4 -2.610 0.000 9.580 -3.270 0.000 9.570 -3.380 0.000 9.530
3 4 -3.270 0.000 9.570 -2.610 0.000 9.580 -2.710 0.000 9.950
3 4 -2.710 0.000 9.950 -3.120 0.000 9.720 -3.270 0.000 9.570
3 4 -2.610 0.000 9.580 -2.180 0.000 9.540 -2.350 0.000 10.150
3 4 -2.350 0.000 10.150 -2.710 0.000 9.950 -2.610 0.000 9.580
3 4 -2.180 0.000 9.540 -1.970 0.000 9.850 -2.000 0.000 10.320
3 4 -2.000 0.000 10.320 -2.350 0.000 10.150 -2.180 0.000 9.540
3 4 -1.970 0.000 9.850 -1.690 0.000 10.210 -1.620 0.000 10.470
3 4 -1.620 0.000 10.470 -2.000 0.000 10.320 -1.970 0.000 9.850
3 4 -1.430 0.000 10.520 -1.620 0.000 10.470 -1.690 0.000 10.210
3 4 -2.610 0.000 9.580 -2.710 0.000 9.380 -2.430 0.000 9.090
3 4 -2.430 0.000 9.090 -2.180 0.000 9.540 -2.610 0.000 9.580
3 4 -2.710 0.000 9.380 -2.850 0.000 9.130 -2.600 0.000 8.750
3 4 -2.600 0.000 8.750 -2.430 0.000 9.090 -2.710 0.000 9.380
3 4 -2.850 0.000 9.130 -3.050 0.000 8.530 -2.730 0.000 8.330
3 4 -2.730 0.000 8.330 -2.600 0.000 8.750 -2.850 0.000 9.130
3 4 -3.050 0.000 8.530 -3.150 0.000 8.180 -2.820 0.000 7.980
3 4 -2.820 0.000 7.980 -2.730 0.000 8.330 -3.050 0.000 8.530
3 4 -3.150 0.000 8.180 -3.290 0.000 7.860 -2.880 0.000 7.630
3 4 -2.880 0.000 7.630 -2.820 0.000 7.980 -3.150 0.000 8.180
3 4 -3.290 0.000 7.860 -3.510 0.000 7.610 -2.910 0.000 7.430
3 4 -2.910 0.000 7.430 -2.880 0.000 7.630 -3.290 0.000 7.860
3 4 -2.910 0.000 7.430 -3.510 0.000 7.610 -3.820 0.000 7.460
3 4 -3.820 0.000 7.460 -3.560 0.000 6.960 -2.910 0.000 7.430
3 4 -3.820 0.000 7.460 -4.210 0.000 7.430 -3.560 0.000 6.960
3 4 -2.910 0.000 7.430 -3.560 0.000 6.960 -3.620 0.000 6.750
3 4 -3.620 0.000 6.750 -2.860 0.000 7.330 -2.910 0.000 7.430
3 4 -3.620 0.000 6.750 -2.590 0.000 6.630 -2.780 0.000 7.310
3 4 -2.780 0.000 7.310 -2.860 0.000 7.330 -3.620 0.000 6.750
3 4 -2.590 0.000 6.630 -2.200 0.000 7.130 -2.650 0.000 7.390
3 4 -2.650 0.000 7.390 -2.780 0.000 7.310 -2.590 0.000 6.630
3 4 -2.200 0.000 7.130 -1.840 0.000 7.760 -2.060 0.000 7.830
3 4 -2.060 0.000 7.830 -2.650 0.000 7.390 -2.200 0.000 7.130
3 4 -1.840 0.000 7.760 -1.720 0.000 8.029 -1.660 0.000 8.270
3 4 -1.660 0.000 8.270 -2.060 0.000 7.830 -1.840 0.000 7.760
3 4 -2.590 0.000 6.630 -3.620 0.000 6.750 -3.750 0.000 6.530
3 4 -3.750 0.000 6.530 -3.130 0.000 5.960 -2.590 0.000 6.630
3 4 -3.750 0.000 6.530 -4.080 0.000 6.310 -3.700 0.000 5.230
3 4 -3.700 0.000 5.230 -3.130 0.000 5.960 -3.750 0.000 6.530
3 4 -4.080 0.000 6.310 -4.420 0.000 6.080 -4.360 0.000 5.670
3 4 -4.360 0.000 5.670 -3.700 0.000 5.230 -4.080 0.000 6.310
3 4 -3.700 0.000 5.230 -4.360 0.000 5.670 -4.850 0.000 5.360
3 4 -4.850 0.000 5.360 -4.500 0.000 4.700 -3.700 0.000 5.230
3 4 -4.850 0.000 5.360 -5.410 0.000 5.200 -5.120 0.000 4.490
3 4 -5.120 0.000 4.490 -4.500 0.000 4.700 -4.850 0.000 5.360
3 4 -5.120 0.000 4.490 -5.410 0.000 5.200 -5.960 0.000 5.200
3 4 -5.960 0.000 5.200 -5.690 0.000 4.430 -5.120 0.000 4.490
3 4 -5.690 0.000 4.430 -5.960 0.000 5.200 -6.430 0.000 5.330
3 4 -6.430 0.000 5.330 -6.200 0.000 4.470 -5.690 0.000 4.430
3 4 -6.200 0.000 4.470 -6.430 0.000 5.330 -7.090 0.000 4.850
3 4 -7.090 0.000 4.850 -6.650 0.000 4.600 -6.200 0.000 4.470
3 4 -6.430 0.000 5.330 -6.850 0.000 5.590 -7.570 0.000 5.320
3 4 -7.570 0.000 5.320 -7.090 0.000 4.850 -6.430 0.000 5.330
3 4 -6.850 0.000 5.590 -7.150 0.000 5.980 -7.860 0.000 5.720
3 4 -7.860 0.000 5.720 -7.570 0.000 5.320 -6.850 0.000 5.590
3 4 -7.150 0.000 5.980 -7.300 0.000 6.430 -8.070 0.000 6.290
3 4 -8.070 0.000 6.290 -7.860 0.000 5.720 -7.150 0.000 5.980
3 4 -7.300 0.000 6.430 -7.340 0.000 6.840 -8.160 0.000 6.740
3 4 -8.160 0.000 6.740 -8.070 0.000 6.290 -7.300 0.000 6.430
3 4 -7.340 0.000 6.840 -7.330 0.000 7.360 -8.160 0.000 7.180
3 4 -8.160 0.000 7.180 -8.160 0.000 6.740 -7.340 0.000 6.840
3 4 -8.160 0.000 7.180 -7.330 0.000 7.360 -7.300 0.000 7.690
3 4 -7.300 0.000 7.690 -8.090 0.000 7.660 -8.160 0.000 7.180
3 4 -8.090 0.000 7.660 -7.300 0.000 7.690 -7.190 0.000 7.970
3 4 -7.190 0.000 7.970 -7.950 0.000 8.160 -8.090 0.000 7.660
3 4 -7.950 0.000 8.160 -7.190 0.000 7.970 -7.040 0.000 8.189
3 4 -7.040 0.000 8.189 -7.790 0.000 8.590 -7.950 0.000 8.160
3 4 -7.790 0.000 8.590 -7.040 0.000 8.189 -7.390 0.000 9.350
3 4 -7.390 0.000 9.350 -7.600 0.000 9.040 -7.790 0.000 8.590
3 4 -4.420 0.000 6.080 -4.680 0.000 5.900 -4.680 0.000 5.680
3 4 -4.680 0.000 5.680 -4.360 0.000 5.670 -4.420 0.000 6.080
3 4 -4.680 0.000 5.900 -4.750 0.000 5.780 -4.680 0.000 5.680
3 4 -6.030 0.000 8.940 -5.860 0.000 9.120 -6.350 0.000 9.540
3 4 -6.350 0.000 9.540 -6.820 0.000 9.690 -6.030 0.000 8.940
3 4 -6.810 0.000 9.930 -7.130 0.000 9.620 -6.820 0.000 9.690
3 4 -5.190 0.000 10.810 -4.010 0.000 10.870 -3.670 0.000 11.000
3 4 -3.670 0.000 11.000 -4.710 0.000 10.970 -5.190 0.000 10.810
3 4 -4.370 0.000 11.140 -4.710 0.000 10.970 -3.670 0.000 11.000
3 320 -3.670 0.000 11.000 -2.910 0.000 10.330 -2.940 0.000 11.210
3 320 -2.940 0.000 11.210 -3.240 0.000 11.210 -3.670 0.000 11.000
3 18 1.730 0.000 13.280 1.350 0.000 12.930 1.600 0.000 12.910
3 18 1.600 0.000 12.910 1.350 0.000 12.930 1.120 0.000 12.460
3 18 1.120 0.000 12.460 1.580 0.000 12.560 1.600 0.000 12.910
3 18 1.580 0.000 12.560 1.120 0.000 12.460 1.030 0.000 11.930
3 18 1.030 0.000 11.930 1.700 0.000 12.400 1.580 0.000 12.560
3 18 1.700 0.000 12.400 1.030 0.000 11.930 0.960 0.000 11.330
3 18 0.960 0.000 11.330 1.860 0.000 12.340 1.700 0.000 12.400
3 18 1.860 0.000 12.340 0.960 0.000 11.330 1.010 0.000 10.790
3 18 1.010 0.000 10.790 2.450 0.000 11.440 1.860 0.000 12.340
3 18 2.450 0.000 11.440 1.010 0.000 10.790 1.220 0.000 10.180
3 18 1.220 0.000 10.180 2.510 0.000 11.300 2.450 0.000 11.440
3 18 2.510 0.000 11.300 1.220 0.000 10.180 1.630 0.000 9.640
3 18 1.630 0.000 9.640 2.610 0.000 11.270 2.510 0.000 11.300
3 18 2.610 0.000 11.270 1.630 0.000 9.640 2.200 0.000 9.290
3 18 2.200 0.000 9.290 4.070 0.000 10.780 2.610 0.000 11.270
3 18 4.070 0.000 10.780 2.200 0.000 9.290 2.840 0.000 9.120
3 18 2.840 0.000 9.120 4.170 0.000 10.600 4.070 0.000 10.780
3 18 4.170 0.000 10.600 2.840 0.000 9.120 3.580 0.000 9.120
3 18 3.580 0.000 9.120 4.400 0.000 9.820 4.170 0.000 10.600
3 18 4.400 0.000 9.820 3.580 0.000 9.120 4.410 0.000 9.390
3 18 4.410 0.000 9.390 4.510 0.000 9.720 4.400 0.000 9.820
3 18 4.990 0.000 9.740 4.510 0.000 9.720 4.410 0.000 9.390
3 18 2.450 0.000 11.440 2.470 0.000 11.570 2.040 0.000 12.440
3 18 2.040 0.000 12.440 1.860 0.000 12.340 2.450 0.000 11.440
3 18 2.470 0.000 11.570 2.610 0.000 11.860 2.170 0.000 12.670
3 18 2.170 0.000 12.670 2.040 0.000 12.440 2.470 0.000 11.570
3 18 2.610 0.000 11.860 2.740 0.000 12.230 2.360 0.000 13.250
3 18 2.360 0.000 13.250 2.170 0.000 12.670 2.610 0.000 11.860
3 18 2.740 0.000 12.230 2.790 0.000 13.030 2.500 0.000 13.710
3 18 2.500 0.000 13.710 2.360 0.000 13.250 2.740 0.000 12.230
3 18 2.790 0.000 13.030 2.840 0.000 13.740 2.740 0.000 14.060
3 18 2.740 0.000 14.060 2.500 0.000 13.710 2.790 0.000 13.030
3 18 3.000 0.000 14.300 2.740 0.000 14.060 2.840 0.000 13.740
3 18 2.610 0.000 11.270 4.070 0.000 10.780 4.090 0.000 11.020
3 18 4.090 0.000 11.020 2.770 0.000 11.340 2.610 0.000 11.270
3 18 2.770 0.000 11.340 4.090 0.000 11.020 4.240 0.000 11.430
3 18 4.240 0.000 11.430 3.090 0.000 11.560 2.770 0.000 11.340
3 18 3.090 0.000 11.560 4.240 0.000 11.430 4.260 0.000 12.000
3 18 4.260 0.000 12.000 3.430 0.000 11.860 3.090 0.000 11.560
3 18 3.430 0.000 11.860 4.260 0.000 12.000 4.300 0.000 12.470
3 18 4.300 0.000 12.470 3.690 0.000 12.280 3.430 0.000 11.860
3 18 3.690 0.000 12.280 4.300 0.000 12.470 4.390 0.000 12.830
3 18 4.390 0.000 12.830 3.920 0.000 12.690 3.690 0.000 12.280
3 18 3.920 0.000 12.690 4.390 0.000 12.830 4.550 0.000 13.150
3 18 4.550 0.000 13.150 4.180 0.000 13.010 3.920 0.000 12.690
3 18 4.180 0.000 13.010 4.550 0.000 13.150 4.760 0.000 13.380
3 18 4.760 0.000 13.380 4.440 0.000 13.250 4.180 0.000 13.010
3 18 4.170 0.000 10.600 4.400 0.000 9.820 4.560 0.000 9.990
3 18 4.560 0.000 9.990 4.390 0.000 10.580 4.170 0.000 10.600
3 18 4.390 0.000 10.580 4.560 0.000 9.990 4.910 0.000 10.240
3 18 4.910 0.000 10.240 4.610 0.000 10.680 4.390 0.000 10.580
3 18 4.610 0.000 10.680 4.910 0.000 10.240 5.340 0.000 10.550
3 18 5.340 0.000 10.550 5.010 0.000 10.820 4.610 0.000 10.680
3 18 5.010 0.000 10.820 5.340 0.000 10.550 5.780 0.000 10.850
3 18 5.780 0.000 10.850 5.390 0.000 11.000 5.010 0.000 10.820
3 18 5.390 0.000 11.000 5.780 0.000 10.850 5.960 0.000 11.150
3 18 5.960 0.000 11.150 5.700 0.000 11.180 5.390 0.000 11.000
3 18 6.030 0.000 11.430 5.700 0.000 11.180 5.960 0.000 11.150
3 320 4.340 0.000 14.050 4.480 0.000 14.130 4.830 0.000 14.410
3 320 4.830 0.000 14.410 4.350 0.000 14.530 4.340 0.000 14.050
3 4 4.350 0.000 14.530 3.000 0.000 14.300 2.840 0.000 13.740
3 4 2.840 0.000 13.740 4.340 0.000 14.050 4.350 0.000 14.530
3 4 4.340 0.000 14.050 2.840 0.000 13.740 2.790 0.000 13.030
3 4 2.790 0.000 13.030 4.180 0.000 13.010 4.340 0.000 14.050
3 4 4.180 0.000 13.010 2.790 0.000 13.030 2.740 0.000 12.230
3 4 2.740 0.000 12.230 3.920 0.000 12.690 4.180 0.000 13.010
3 4 3.920 0.000 12.690 2.740 0.000 12.230 2.610 0.000 11.860
3 4 2.610 0.000 11.860 3.690 0.000 12.280 3.920 0.000 12.690
3 4 3.690 0.000 12.280 2.610 0.000 11.860 2.470 0.000 11.570
3 4 2.470 0.000 11.570 3.430 0.000 11.860 3.690 0.000 12.280
3 4 3.430 0.000 11.860 2.470 0.000 11.570 2.450 0.000 11.440
3 4 2.450 0.000 11.440 3.090 0.000 11.560 3.430 0.000 11.860
3 4 3.090 0.000 11.560 2.450 0.000 11.440 2.510 0.000 11.300
3 4 2.510 0.000 11.300 2.770 0.000 11.340 3.090 0.000 11.560
3 4 2.770 0.000 11.340 2.510 0.000 11.300 2.610 0.000 11.270
3 4 4.340 0.000 14.050 4.180 0.000 13.010 4.440 0.000 13.250
3 4 4.440 0.000 13.250 4.480 0.000 14.130 4.340 0.000 14.050
3 4 4.480 0.000 14.130 4.440 0.000 13.250 4.760 0.000 13.380
3 4 4.760 0.000 13.380 4.830 0.000 14.410 4.480 0.000 14.130
3 4 4.830 0.000 14.410 4.760 0.000 13.380 5.920 0.000 13.940
3 4 5.920 0.000 13.940 5.150 0.000 14.590 4.830 0.000 14.410
3 4 6.030 0.000 11.430 4.260 0.000 12.000 4.240 0.000 11.430
3 4 4.240 0.000 11.430 5.700 0.000 11.180 6.030 0.000 11.430
3 4 5.700 0.000 11.180 4.240 0.000 11.430 4.090 0.000 11.020
3 4 4.090 0.000 11.020 5.390 0.000 11.000 5.700 0.000 11.180
3 4 5.390 0.000 11.000 4.090 0.000 11.020 4.070 0.000 10.780
3 4 4.070 0.000 10.780 5.010 0.000 10.820 5.390 0.000 11.000
3 4 5.010 0.000 10.820 4.070 0.000 10.780 4.170 0.000 10.600
3 4 4.170 0.000 10.600 4.610 0.000 10.680 5.010 0.000 10.820
3 4 4.610 0.000 10.680 4.170 0.000 10.600 4.390 0.000 10.580
3 4 2.500 0.000 13.710 1.730 0.000 13.280 1.600 0.000 12.910
3 4 1.600 0.000 12.910 2.360 0.000 13.250 2.500 0.000 13.710
3 4 2.360 0.000 13.250 1.580 0.000 12.560 1.700 0.000 12.400
3 4 1.700 0.000 12.400 2.170 0.000 12.670 2.360 0.000 13.250
3 4 2.170 0.000 12.670 1.700 0.000 12.400 1.860 0.000 12.340
3 4 1.860 0.000 12.340 2.040 0.000 12.440 2.170 0.000 12.670
3 4 2.360 0.000 13.250 1.600 0.000 12.910 1.580 0.000 12.560
3 4 6.030 0.000 11.430 5.960 0.000 11.150 7.480 0.000 10.940
3 4 7.480 0.000 10.940 7.150 0.000 11.970 6.030 0.000 11.430
3 4 7.150 0.000 11.970 7.480 0.000 10.940 7.940 0.000 11.420
3 4 7.940 0.000 11.420 7.380 0.000 11.870 7.150 0.000 11.970
3 4 7.480 0.000 10.940 5.960 0.000 11.150 5.780 0.000 10.850
3 4 5.780 0.000 10.850 6.980 0.000 10.520 7.480 0.000 10.940
3 4 6.980 0.000 10.520 5.780 0.000 10.850 5.340 0.000 10.550
3 4 5.340 0.000 10.550 6.510 0.000 9.950 6.980 0.000 10.520
3 4 6.510 0.000 9.950 5.340 0.000 10.550 4.910 0.000 10.240
3 4 4.910 0.000 10.240 6.150 0.000 9.520 6.510 0.000 9.950
3 4 4.910 0.000 10.240 4.990 0.000 9.740 5.680 0.000 9.090
3 4 5.680 0.000 9.090 6.150 0.000 9.520 4.910 0.000 10.240
3 4 5.680 0.000 9.090 4.990 0.000 9.740 4.410 0.000 9.390
3 4 4.410 0.000 9.390 5.260 0.000 8.800 5.680 0.000 9.090
3 4 5.260 0.000 8.800 4.410 0.000 9.390 3.580 0.000 9.120
3 4 3.580 0.000 9.120 4.680 0.000 8.500 5.260 0.000 8.800
3 4 4.680 0.000 8.500 3.580 0.000 9.120 3.180 0.000 8.180
3 4 3.180 0.000 8.180 3.940 0.000 8.260 4.680 0.000 8.500
3 4 3.580 0.000 9.120 2.840 0.000 9.120 2.610 0.000 8.210
3 4 2.610 0.000 8.210 3.180 0.000 8.180 3.580 0.000 9.120
3 4 2.840 0.000 9.120 2.200 0.000 9.290 2.000 0.000 8.380
3 4 2.000 0.000 8.380 2.610 0.000 8.210 2.840 0.000 9.120
3 4 2.000 0.000 8.380 2.200 0.000 9.290 1.630 0.000 9.640
3 4 1.630 0.000 9.640 1.390 0.000 8.730 2.000 0.000 8.380
3 4 1.390 0.000 8.730 1.630 0.000 9.640 1.220 0.000 10.180
3 4 1.220 0.000 10.180 0.880 0.000 9.260 1.390 0.000 8.730
3 4 0.880 0.000 9.260 1.220 0.000 10.180 1.010 0.000 10.790
3 4 1.010 0.000 10.790 0.490 0.000 9.800 0.880 0.000 9.260
3 4 0.490 0.000 9.800 1.010 0.000 10.790 0.960 0.000 11.330
3 4 0.960 0.000 11.330 0.170 0.000 10.520 0.490 0.000 9.800
3 4 0.170 0.000 10.520 0.960 0.000 11.330 1.030 0.000 11.930
3 4 1.030 0.000 11.930 0.040 0.000 11.120 0.170 0.000 10.520
3 4 0.040 0.000 11.120 1.030 0.000 11.930 0.060 0.000 12.390
3 4 0.060 0.000 12.390 0.030 0.000 11.710 0.040 0.000 11.120
3 4 1.030 0.000 11.930 1.120 0.000 12.460 0.180 0.000 13.090
3 4 0.180 0.000 13.090 0.060 0.000 12.390 1.030 0.000 11.930
3 4 1.120 0.000 12.460 1.350 0.000 12.930 0.410 0.000 13.660
3 4 0.410 0.000 13.660 0.180 0.000 13.090 1.120 0.000 12.460
3 4 1.350 0.000 12.930 1.730 0.000 13.280 0.660 0.000 14.270
3 4 0.660 0.000 14.270 0.410 0.000 13.660 1.350 0.000 12.930
3 4 4.910 0.000 10.240 4.560 0.000 9.990 4.510 0.000 9.720
3 4 4.510 0.000 9.720 4.990 0.000 9.740 4.910 0.000 10.240
3 4 4.560 0.000 9.990 4.400 0.000 9.820 4.510 0.000 9.720
3 320 4.350 0.000 14.530 4.830 0.000 14.410 5.150 0.000 14.590
3 320 5.150 0.000 14.590 4.370 0.000 14.990 4.350 0.000 14.530
3 320 4.370 0.000 14.990 5.150 0.000 14.590 5.370 0.000 14.640
3 320 5.370 0.000 14.640 4.690 0.000 15.580 4.370 0.000 14.990
3 320 4.690 0.000 15.580 5.370 0.000 14.640 5.610 0.000 14.610
3 320 5.610 0.000 14.610 5.100 0.000 16.079 4.690 0.000 15.580
3 320 5.100 0.000 16.079 5.610 0.000 14.610 6.310 0.000 14.850
3 320 6.310 0.000 14.850 5.620 0.000 16.450 5.100 0.000 16.079
3 320 5.620 0.000 16.450 6.310 0.000 14.850 6.440 0.000 15.370
3 320 6.440 0.000 15.370 6.080 0.000 16.660 5.620 0.000 16.450
3 320 6.080 0.000 16.660 6.440 0.000 15.370 6.750 0.000 15.880
3 320 6.750 0.000 15.880 6.620 0.000 16.830 6.080 0.000 16.660
3 320 6.620 0.000 16.830 6.750 0.000 15.880 7.500 0.000 16.480
3 320 7.500 0.000 16.480 7.200 0.000 17.060 6.620 0.000 16.830
3 320 7.200 0.000 17.060 7.500 0.000 16.480 8.180 0.000 17.100
3 320 8.180 0.000 17.100 7.710 0.000 17.320 7.200 0.000 17.060
3 320 7.710 0.000 17.320 8.180 0.000 17.100 8.560 0.000 17.660
3 320 8.560 0.000 17.660 8.140 0.000 17.720 7.710 0.000 17.320
3 320 8.140 0.000 17.720 8.560 0.000 17.660 8.660 0.000 18.030
3 320 8.660 0.000 18.030 8.430 0.000 18.080 8.140 0.000 17.720
3 320 8.570 0.000 18.440 8.430 0.000 18.080 8.660 0.000 18.030
3 320 4.730 0.000 17.040 4.400 0.000 16.660 4.330 0.000 16.219
3 320 4.330 0.000 16.219 4.590 0.000 16.550 4.730 0.000 17.040
3 320 4.400 0.000 16.660 4.180 0.000 16.490 4.040 0.000 16.000
3 320 4.040 0.000 16.000 4.330 0.000 16.219 4.400 0.000 16.660
3 320 4.180 0.000 16.490 3.700 0.000 16.329 3.710 0.000 15.810
3 320 3.710 0.000 15.810 4.040 0.000 16.000 4.180 0.000 16.490
3 320 3.700 0.000 16.329 3.350 0.000 16.149 3.500 0.000 15.570
3 320 3.500 0.000 15.570 3.710 0.000 15.810 3.700 0.000 16.329
3 320 3.350 0.000 16.149 2.950 0.000 15.760 3.410 0.000 15.130
3 320 3.410 0.000 15.130 3.500 0.000 15.570 3.350 0.000 16.149
3 320 2.950 0.000 15.760 2.730 0.000 15.350 2.890 0.000 15.110
3 320 2.890 0.000 15.110 3.410 0.000 15.130 2.950 0.000 15.760
3 320 6.310 0.000 14.850 5.610 0.000 14.610 5.860 0.000 14.330
3 320 5.860 0.000 14.330 6.410 0.000 14.550 6.310 0.000 14.850
3 320 6.410 0.000 14.550 5.860 0.000 14.330 5.920 0.000 13.940
3 320 5.920 0.000 13.940 6.540 0.000 14.450 6.410 0.000 14.550
3 320 5.920 0.000 13.940 6.870 0.000 13.890 6.970 0.000 14.380
3 320 6.970 0.000 14.380 6.540 0.000 14.450 5.920 0.000 13.940
3 320 6.540 0.000 14.450 6.970 0.000 14.380 7.090 0.000 14.700
3 320 7.090 0.000 14.700 6.660 0.000 14.530 6.540 0.000 14.450
3 320 6.660 0.000 14.530 7.090 0.000 14.700 7.260 0.000 14.930
3 320 7.260 0.000 14.930 6.850 0.000 14.910 6.660 0.000 14.530
3 320 6.850 0.000 14.910 7.260 0.000 14.930 7.470 0.000 15.230
3 320 7.470 0.000 15.230 7.180 0.000 15.150 6.850 0.000 14.910
3 320 5.920 0.000 13.940 5.870 0.000 13.450 6.660 0.000 13.370
3 320 6.660 0.000 13.370 6.870 0.000 13.890 5.920 0.000 13.940
3 320 6.660 0.000 13.370 5.870 0.000 13.450 5.700 0.000 13.010
3 320 5.700 0.000 13.010 6.340 0.000 13.000 6.660 0.000 13.370
3 320 6.340 0.000 13.000 5.700 0.000 13.010 5.530 0.000 12.780
3 320 5.530 0.000 12.780 5.880 0.000 12.820 6.340 0.000 13.000
3 4 1.730 0.000 13.280 2.500 0.000 13.710 2.740 0.000 14.060
3 4 2.740 0.000 14.060 0.660 0.000 14.270 1.730 0.000 13.280
3 4 0.660 0.000 14.270 2.740 0.000 14.060 3.000 0.000 14.300
3 4 3.000 0.000 14.300 1.860 0.000 15.000 0.660 0.000 14.270
3 4 1.860 0.000 15.000 3.000 0.000 14.300 2.890 0.000 15.110
3 4 2.890 0.000 15.110 2.040 0.000 15.060 1.860 0.000 15.000
3 4 2.040 0.000 15.060 2.890 0.000 15.110 2.730 0.000 15.350
3 4 2.730 0.000 15.350 2.400 0.000 15.400 2.040 0.000 15.060
3 4 2.400 0.000 15.400 2.730 0.000 15.350 2.950 0.000 15.760
3 4 2.950 0.000 15.760 2.610 0.000 15.690 2.400 0.000 15.400
3 4 2.610 0.000 15.690 2.950 0.000 15.760 3.350 0.000 16.149
3 4 3.350 0.000 16.149 2.940 0.000 16.090 2.610 0.000 15.690
3 4 2.940 0.000 16.090 3.350 0.000 16.149 3.700 0.000 16.329
3 4 3.700 0.000 16.329 3.410 0.000 16.530 2.940 0.000 16.090
3 4 3.410 0.000 16.530 3.700 0.000 16.329 4.180 0.000 16.490
3 4 4.180 0.000 16.490 3.940 0.000 16.920 3.410 0.000 16.530
3 4 3.940 0.000 16.920 4.180 0.000 16.490 4.400 0.000 16.660
3 4 4.400 0.000 16.660 4.380 0.000 17.190 3.940 0.000 16.920
3 4 4.380 0.000 17.190 4.400 0.000 16.660 4.730 0.000 17.040
3 4 4.380 0.000 17.190 4.730 0.000 17.040 5.550 0.000 16.720
3 4 5.550 0.000 16.720 5.200 0.000 17.530 4.380 0.000 17.190
3 4 5.550 0.000 16.720 6.160 0.000 17.040 5.840 0.000 17.880
3 4 5.840 0.000 17.880 5.200 0.000 17.530 5.550 0.000 16.720
3 4 6.160 0.000 17.040 6.780 0.000 17.660 6.480 0.000 18.280
3 4 6.480 0.000 18.280 5.840 0.000 17.880 6.160 0.000 17.040
3 4 6.780 0.000 17.660 7.210 0.000 18.280 6.950 0.000 18.720
3 4 6.950 0.000 18.720 6.480 0.000 18.280 6.780 0.000 17.660
3 4 7.210 0.000 18.280 7.460 0.000 18.810 7.490 0.000 19.290
3 4 7.490 0.000 19.290 6.950 0.000 18.720 7.210 0.000 18.280
3 4 5.550 0.000 16.720 4.730 0.000 17.040 4.590 0.000 16.550
3 4 4.590 0.000 16.550 5.460 0.000 16.560 5.550 0.000 16.720
3 4 4.590 0.000 16.550 5.100 0.000 16.079 5.620 0.000 16.450
3 4 5.620 0.000 16.450 5.460 0.000 16.560 4.590 0.000 16.550
3 4 4.590 0.000 16.550 4.330 0.000 16.219 4.690 0.000 15.580
3 4 4.690 0.000 15.580 5.100 0.000 16.079 4.590 0.000 16.550
3 4 4.330 0.000 16.219 4.040 0.000 16.000 4.370 0.000 14.990
3 4 4.370 0.000 14.990 4.690 0.000 15.580 4.330 0.000 16.219
3 4 4.040 0.000 16.000 3.710 0.000 15.810 4.350 0.000 14.530
3 4 4.350 0.000 14.530 4.370 0.000 14.990 4.040 0.000 16.000
3 4 4.350 0.000 14.530 3.710 0.000 15.810 3.500 0.000 15.570
3 4 3.500 0.000 15.570 3.410 0.000 15.130 4.350 0.000 14.530
3 4 4.350 0.000 14.530 3.410 0.000 15.130 2.890 0.000 15.110
3 4 2.890 0.000 15.110 3.000 0.000 14.300 4.350 0.000 14.530
3 4 0.660 0.000 14.270 1.860 0.000 15.000 1.700 0.000 15.150
3 4 1.700 0.000 15.150 0.950 0.000 14.870 0.660 0.000 14.270
3 4 0.950 0.000 14.870 1.700 0.000 15.150 1.750 0.000 15.420
3 4 1.750 0.000 15.420 1.250 0.000 15.400 0.950 0.000 14.870
3 4 1.250 0.000 15.400 1.750 0.000 15.420 2.150 0.000 16.480
3 4 2.150 0.000 16.480 1.660 0.000 15.900 1.250 0.000 15.400
3 4 6.540 0.000 14.450 6.660 0.000 14.530 6.850 0.000 14.910
3 4 6.850 0.000 14.910 6.410 0.000 14.550 6.540 0.000 14.450
3 4 6.410 0.000 14.550 6.850 0.000 14.910 6.440 0.000 15.370
3 4 6.440 0.000 15.370 6.310 0.000 14.850 6.410 0.000 14.550
3 4 6.850 0.000 14.910 7.180 0.000 15.150 6.880 0.000 15.610
3 4 6.880 0.000 15.610 6.440 0.000 15.370 6.850 0.000 14.910
3 4 7.180 0.000 15.150 7.470 0.000 15.230 7.290 0.000 16.010
3 4 7.290 0.000 16.010 6.880 0.000 15.610 7.180 0.000 15.150
3 4 7.470 0.000 15.230 7.790 0.000 15.260 8.109 0.000 15.780
3 4 8.109 0.000 15.780 7.290 0.000 16.010 7.470 0.000 15.230
3 4 7.290 0.000 16.010 8.109 0.000 15.780 8.440 0.000 16.200
3 4 8.440 0.000 16.200 7.830 0.000 16.309 7.290 0.000 16.010
3 4 8.720 0.000 16.520 7.830 0.000 16.309 8.440 0.000 16.200
3 4 7.790 0.000 15.260 7.470 0.000 15.230 7.260 0.000 14.930
3 4 7.260 0.000 14.930 7.720 0.000 14.790 7.790 0.000 15.260
3 4 7.720 0.000 14.790 7.260 0.000 14.930 7.090 0.000 14.700
3 4 7.090 0.000 14.700 7.600 0.000 14.250 7.720 0.000 14.790
3 4 7.600 0.000 14.250 7.090 0.000 14.700 6.970 0.000 14.380
3 4 6.970 0.000 14.380 7.500 0.000 13.590 7.600 0.000 14.250
3 4 6.970 0.000 14.380 6.870 0.000 13.890 7.260 0.000 12.870
3 4 7.260 0.000 12.870 7.500 0.000 13.590 6.970 0.000 14.380
3 4 6.870 0.000 13.890 6.660 0.000 13.370 7.120 0.000 12.330
3 4 7.120 0.000 12.330 7.260 0.000 12.870 6.870 0.000 13.890
3 4 6.660 0.000 13.370 6.340 0.000 13.000 7.150 0.000 11.970
3 4 7.150 0.000 11.970 7.120 0.000 12.330 6.660 0.000 13.370
3 4 6.340 0.000 13.000 5.880 0.000 12.820 6.030 0.000 11.430
3 4 6.030 0.000 11.430 7.150 0.000 11.970 6.340 0.000 13.000
3 4 5.880 0.000 12.820 5.530 0.000 12.780 4.260 0.000 12.000
3 4 4.260 0.000 12.000 6.030 0.000 11.430 5.880 0.000 12.820
3 4 4.260 0.000 12.000 5.530 0.000 12.780 4.390 0.000 12.830
3 4 4.390 0.000 12.830 4.300 0.000 12.470 4.260 0.000 12.000
3 4 5.530 0.000 12.780 5.700 0.000 13.010 4.550 0.000 13.150
3 4 4.550 0.000 13.150 4.390 0.000 12.830 5.530 0.000 12.780
3 4 5.700 0.000 13.010 5.870 0.000 13.450 4.760 0.000 13.380
3 4 4.760 0.000 13.380 4.550 0.000 13.150 5.700 0.000 13.010
3 4 5.920 0.000 13.940 4.760 0.000 13.380 5.870 0.000 13.450
3 4 5.920 0.000 13.940 5.860 0.000 14.330 5.370 0.000 14.640
3 4 5.370 0.000 14.640 5.150 0.000 14.590 5.920 0.000 13.940
3 4 5.370 0.000 14.640 5.860 0.000 14.330 5.610 0.000 14.610
3 4 7.380 0.000 11.870 7.940 0.000 11.420 8.220 0.000 11.870
3 4 8.220 0.000 11.870 7.730 0.000 12.080 7.380 0.000 11.870
3 4 8.109 0.000 12.330 7.730 0.000 12.080 8.220 0.000 11.870
3 4 8.430 0.000 12.570 8.109 0.000 12.330 8.220 0.000 11.870
3 14 1.860 0.000 15.000 2.040 0.000 15.060 1.750 0.000 15.420
3 14 1.750 0.000 15.420 1.700 0.000 15.150 1.860 0.000 15.000
3 14 2.040 0.000 15.060 2.400 0.000 15.400 2.610 0.000 15.690
3 14 2.610 0.000 15.690 1.750 0.000 15.420 2.040 0.000 15.060
3 14 1.750 0.000 15.420 2.610 0.000 15.690 2.940 0.000 16.090
3 14 2.940 0.000 16.090 2.150 0.000 16.480 1.750 0.000 15.420
3 14 2.940 0.000 16.090 3.410 0.000 16.530 2.400 0.000 20.600
3 14 2.400 0.000 20.600 2.150 0.000 16.480 2.940 0.000 16.090
3 14 3.410 0.000 16.530 3.940 0.000 16.920 4.800 0.000 20.600
3 14 4.800 0.000 20.600 2.400 0.000 20.600 3.410 0.000 16.530
3 14 4.800 0.000 20.600 3.940 0.000 16.920 4.380 0.000 17.190
3 14 4.380 0.000 17.190 5.200 0.000 17.530 5.840 0.000 17.880
3 14 5.840 0.000 17.880 4.800 0.000 20.600 4.380 0.000 17.190
3 14 5.840 0.000 17.880 6.480 0.000 18.280 7.200 0.000 20.600
3 14 7.200 0.000 20.600 4.800 0.000 20.600 5.840 0.000 17.880
3 14 6.480 0.000 18.280 6.950 0.000 18.720 7.490 0.000 19.290
3 14 7.490 0.000 19.290 7.200 0.000 20.600 6.480 0.000 18.280
3 14 7.200 0.000 20.600 7.490 0.000 19.290 8.570 0.000 18.440
3 14 8.570 0.000 18.440 9.600 0.000 20.600 7.200 0.000 20.600
3 14 9.600 0.000 20.600 8.570 0.000 18.440 8.660 0.000 18.030
3 14 8.660 0.000 18.030 9.600 0.000 18.200 9.600 0.000 20.600
3 14 8.660 0.000 18.030 8.560 0.000 17.660 8.720 0.000 16.520
3 14 8.720 0.000 16.520 9.600 0.000 18.200 8.660 0.000 18.030
3 14 9.600 0.000 18.200 8.720 0.000 16.520 9.600 0.000 15.800
3 14 8.720 0.000 16.520 8.440 0.000 16.200 8.109 0.000 15.780
3 14 8.109 0.000 15.780 9.600 0.000 15.800 8.720 0.000 16.520
3 14 8.109 0.000 15.780 7.790 0.000 15.260 7.720 0.000 14.790
3 14 7.720 0.000 14.790 9.600 0.000 15.800 8.109 0.000 15.780
3 14 7.720 0.000 14.790 7.600 0.000 14.250 9.600 0.000 13.400
3 14 9.600 0.000 13.400 9.600 0.000 15.800 7.720 0.000 14.790
3 14 7.490 0.000 19.290 7.460 0.000 18.810 8.430 0.000 18.080
3 14 8.430 0.000 18.080 8.570 0.000 18.440 7.490 0.000 19.290
3 14 7.460 0.000 18.810 7.210 0.000 18.280 8.140 0.000 17.720
3 14 8.140 0.000 17.720 8.430 0.000 18.080 7.460 0.000 18.810
3 14 8.140 0.000 17.720 7.210 0.000 18.280 6.780 0.000 17.660
3 14 6.780 0.000 17.660 7.710 0.000 17.320 8.140 0.000 17.720
3 14 7.710 0.000 17.320 6.780 0.000 17.660 6.620 0.000 16.830
3 14 6.620 0.000 16.830 7.200 0.000 17.060 7.710 0.000 17.320
3 14 6.780 0.000 17.660 6.160 0.000 17.040 6.080 0.000 16.660
3 14 6.080 0.000 16.660 6.620 0.000 16.830 6.780 0.000 17.660
3 14 6.160 0.000 17.040 5.550 0.000 16.720 5.620 0.000 16.450
3 14 5.620 0.000 16.450 6.080 0.000 16.660 6.160 0.000 17.040
3 14 5.550 0.000 16.720 5.460 0.000 16.560 5.620 0.000 16.450
3 14 8.560 0.000 17.660 8.180 0.000 17.100 7.830 0.000 16.309
3 14 7.830 0.000 16.309 8.720 0.000 16.520 8.560 0.000 17.660
3 14 8.180 0.000 17.100 7.500 0.000 16.480 7.290 0.000 16.010
3 14 7.290 0.000 16.010 7.830 0.000 16.309 8.180 0.000 17.100
3 14 7.500 0.000 16.480 6.750 0.000 15.880 6.880 0.000 15.610
3 14 6.880 0.000 15.610 7.290 0.000 16.010 7.500 0.000 16.480
3 14 6.750 0.000 15.880 6.440 0.000 15.370 6.880 0.000 15.610
3 14 9.600 0.000 13.400 7.600 0.000 14.250 7.500 0.000 13.590
3 14 7.500 0.000 13.590 8.430 0.000 12.570 9.600 0.000 13.400
3 14 8.430 0.000 12.570 7.500 0.000 13.590 7.260 0.000 12.870
3 14 7.260 0.000 12.870 8.109 0.000 12.330 8.430 0.000 12.570
3 14 8.109 0.000 12.330 7.260 0.000 12.870 7.120 0.000 12.330
3 14 7.120 0.000 12.330 7.730 0.000 12.080 8.109 0.000 12.330
3 14 7.730 0.000 12.080 7.120 0.000 12.330 7.150 0.000 11.970
3 14 7.150 0.000 11.970 7.380 0.000 11.870 7.730 0.000 12.080
3 14 9.600 0.000 13.400 8.430 0.000 12.570 8.220 0.000 11.870
3 14 8.220 0.000 11.870 9.600 0.000 11.000 9.600 0.000 13.400
3 14 8.220 0.000 11.870 7.940 0.000 11.420 9.600 0.000 11.000
3 14 7.940 0.000 11.420 7.480 0.000 10.940 9.600 0.000 11.000
3 14 7.480 0.000 10.940 6.980 0.000 10.520 9.600 0.000 8.600
3 14 9.600 0.000 8.600 9.600 0.000 11.000 7.480 0.000 10.940
3 14 6.980 0.000 10.520 6.510 0.000 9.950 9.600 0.000 8.600
3 14 6.510 0.000 9.950 6.150 0.000 9.520 9.600 0.000 8.600
3 14 6.150 0.000 9.520 5.680 0.000 9.090 6.530 0.000 5.470
3 14 6.530 0.000 5.470 9.600 0.000 8.600 6.150 0.000 9.520
3 14 5.680 0.000 9.090 5.260 0.000 8.800 4.850 0.000 5.840
3 14 4.850 0.000 5.840 6.530 0.000 5.470 5.680 0.000 9.090
3 14 5.260 0.000 8.800 4.680 0.000 8.500 4.850 0.000 5.840
3 14 4.680 0.000 8.500 3.940 0.000 8.260 4.100 0.000 4.970
3 14 4.100 0.000 4.970 4.850 0.000 5.840 4.680 0.000 8.500
3 14 3.940 0.000 8.260 3.180 0.000 8.180 3.260 0.000 4.300
3 14 3.260 0.000 4.300 4.100 0.000 4.970 3.940 0.000 8.260
3 14 3.180 0.000 8.180 2.610 0.000 8.210 2.420 0.000 3.750
3 14 2.420 0.000 3.750 3.260 0.000 4.300 3.180 0.000 8.180
3 14 2.610 0.000 8.210 2.000 0.000 8.380 1.450 0.000 3.230
3 14 1.450 0.000 3.230 2.420 0.000 3.750 2.610 0.000 8.210
3 14 2.000 0.000 8.380 1.390 0.000 8.730 0.530 0.000 3.110
3 14 0.530 0.000 3.110 1.450 0.000 3.230 2.000 0.000 8.380
3 14 1.450 0.000 3.230 0.530 0.000 3.110 0.570 0.000 2.890
3 14 0.530 0.000 3.110 1.390 0.000 8.730 0.880 0.000 9.260
3 14 0.880 0.000 9.260 -1.720 0.000 8.029 0.530 0.000 3.110
3 14 -1.720 0.000 8.029 0.880 0.000 9.260 0.490 0.000 9.800
3 14 0.490 0.000 9.800 -1.660 0.000 8.270 -1.720 0.000 8.029
3 14 -1.660 0.000 8.270 0.490 0.000 9.800 -1.970 0.000 9.850
3 14 -1.970 0.000 9.850 -2.180 0.000 9.540 -1.660 0.000 8.270
3 14 0.490 0.000 9.800 0.170 0.000 10.520 -1.690 0.000 10.210
3 14 -1.690 0.000 10.210 -1.970 0.000 9.850 0.490 0.000 9.800
3 14 -1.690 0.000 10.210 0.170 0.000 10.520 0.040 0.000 11.120
3 14 0.040 0.000 11.120 -1.430 0.000 10.520 -1.690 0.000 10.210
3 14 -1.430 0.000 10.520 0.040 0.000 11.120 0.030 0.000 11.710
3 14 0.030 0.000 11.710 -1.630 0.000 11.750 -1.430 0.000 10.520
3 14 -1.630 0.000 11.750 0.030 0.000 11.710 0.060 0.000 12.390
3 14 0.060 0.000 12.390 -1.520 0.000 11.940 -1.630 0.000 11.750
3 14 -1.520 0.000 11.940 0.060 0.000 12.390 0.180 0.000 13.090
3 14 0.180 0.000 13.090 -1.440 0.000 12.190 -1.520 0.000 11.940
3 14 -1.440 0.000 12.190 0.180 0.000 13.090 0.410 0.000 13.660
3 14 0.410 0.000 13.660 -1.550 0.000 12.550 -1.440 0.000 12.190
3 14 -1.550 0.000 12.550 0.410 0.000 13.660 0.660 0.000 14.270
3 14 0.660 0.000 14.270 -2.670 0.000 12.450 -1.550 0.000 12.550
3 14 -2.670 0.000 12.450 0.660 0.000 14.270 0.950 0.000 14.870
3 14 0.950 0.000 14.870 -2.400 0.000 20.600 -2.670 0.000 12.450
3 14 -2.400 0.000 20.600 0.950 0.000 14.870 1.250 0.000 15.400
3 14 1.250 0.000 15.400 0.000 0.000 20.600 -2.400 0.000 20.600
3 14 1.250 0.000 15.400 1.660 0.000 15.900 2.400 0.000 20.600
3 14 2.400 0.000 20.600 0.000 0.000 20.600 1.250 0.000 15.400
3 14 2.400 0.000 20.600 1.660 0.000 15.900 2.150 0.000 16.480
3 14 -1.550 0.000 12.550 -2.670 0.000 12.450 -2.830 0.000 11.880
3 14 -2.830 0.000 11.880 -1.660 0.000 12.250 -1.550 0.000 12.550
3 14 -1.660 0.000 12.250 -2.830 0.000 11.880 -2.240 0.000 11.570
3 14 -2.240 0.000 11.570 -1.880 0.000 11.830 -1.660 0.000 12.250
3 14 -2.240 0.000 11.570 -2.830 0.000 11.880 -3.040 0.000 11.530
3 14 -3.040 0.000 11.530 -2.520 0.000 11.400 -2.240 0.000 11.570
3 14 -2.520 0.000 11.400 -3.040 0.000 11.530 -3.240 0.000 11.210
3 14 -3.240 0.000 11.210 -2.940 0.000 11.210 -2.520 0.000 11.400
3 14 -1.630 0.000 11.750 -1.980 0.000 11.260 -1.620 0.000 10.470
3 14 -1.620 0.000 10.470 -1.430 0.000 10.520 -1.630 0.000 11.750
3 14 -1.620 0.000 10.470 -1.980 0.000 11.260 -2.540 0.000 10.670
3 14 -2.540 0.000 10.670 -2.000 0.000 10.320 -1.620 0.000 10.470
3 14 -2.000 0.000 10.320 -2.540 0.000 10.670 -2.910 0.000 10.330
3 14 -2.910 0.000 10.330 -2.350 0.000 10.150 -2.000 0.000 10.320
3 14 -2.350 0.000 10.150 -2.910 0.000 10.330 -3.250 0.000 9.980
3 14 -3.250 0.000 9.980 -2.710 0.000 9.950 -2.350 0.000 10.150
3 14 -2.710 0.000 9.950 -3.250 0.000 9.980 -3.470 0.000 9.640
3 14 -3.470 0.000 9.640 -3.120 0.000 9.720 -2.710 0.000 9.950
3 14 -3.120 0.000 9.720 -3.470 0.000 9.640 -3.380 0.000 9.530
3 14 -3.380 0.000 9.530 -3.270 0.000 9.570 -3.120 0.000 9.720
3 14 -5.190 0.000 10.810 -4.710 0.000 10.970 -4.370 0.000 11.140
3 14 -4.370 0.000 11.140 -5.120 0.000 11.060 -5.190 0.000 10.810
3 14 -5.120 0.000 11.060 -4.370 0.000 11.140 -3.890 0.000 11.400
3 14 -3.890 0.000 11.400 -5.140 0.000 11.170 -5.120 0.000 11.060
3 14 -5.140 0.000 11.170 -3.890 0.000 11.400 -3.470 0.000 11.680
3 14 -3.470 0.000 11.680 -4.210 0.000 12.600 -5.140 0.000 11.170
3 14 -3.470 0.000 11.680 -3.050 0.000 12.010 -2.670 0.000 12.450
3 14 -2.670 0.000 12.450 -4.210 0.000 12.600 -3.470 0.000 11.680
3 14 -2.670 0.000 12.450 -2.400 0.000 20.600 -4.800 0.000 20.600
3 14 -4.800 0.000 20.600 -4.210 0.000 12.600 -2.670 0.000 12.450
3 14 -4.210 0.000 12.600 -4.800 0.000 20.600 -7.200 0.000 20.600
3 14 -7.200 0.000 20.600 -9.600 0.000 15.800 -4.210 0.000 12.600
3 14 -7.200 0.000 20.600 -9.600 0.000 18.200 -9.600 0.000 15.800
3 14 -7.200 0.000 20.600 -9.600 0.000 20.600 -9.600 0.000 18.200
3 14 -9.600 0.000 15.800 -9.600 0.000 13.400 -5.140 0.000 11.170
3 14 -5.140 0.000 11.170 -4.210 0.000 12.600 -9.600 0.000 15.800
3 14 -5.140 0.000 11.170 -9.600 0.000 13.400 -5.690 0.000 10.750
3 14 -5.690 0.000 10.750 -5.370 0.000 10.920 -5.140 0.000 11.170
3 14 -5.690 0.000 10.750 -9.600 0.000 13.400 -9.600 0.000 11.000
3 14 -9.600 0.000 11.000 -6.050 0.000 10.600 -5.690 0.000 10.750
3 14 -9.600 0.000 11.000 -6.310 0.000 10.420 -6.050 0.000 10.600
3 14 -9.600 0.000 11.000 -6.620 0.000 10.140 -6.310 0.000 10.420
3 14 -6.620 0.000 10.140 -9.600 0.000 11.000 -7.130 0.000 9.620
3 14 -7.130 0.000 9.620 -6.810 0.000 9.930 -6.620 0.000 10.140
3 14 -7.130 0.000 9.620 -9.600 0.000 11.000 -9.600 0.000 8.600
3 14 -9.600 0.000 8.600 -7.390 0.000 9.350 -7.130 0.000 9.620
3 14 -7.390 0.000 9.350 -9.600 0.000 8.600 -7.600 0.000 9.040
3 14 -7.600 0.000 9.040 -9.600 0.000 8.600 -7.790 0.000 8.590
3 14 -9.600 0.000 8.600 -7.950 0.000 8.160 -7.790 0.000 8.590
3 14 -9.600 0.000 8.600 -8.090 0.000 7.660 -7.950 0.000 8.160
3 14 -8.090 0.000 7.660 -9.600 0.000 8.600 -9.600 0.000 6.200
3 14 -9.600 0.000 6.200 -8.160 0.000 7.180 -8.090 0.000 7.660
3 14 -8.160 0.000 7.180 -9.600 0.000 6.200 -8.160 0.000 6.740
3 14 -8.160 0.000 6.740 -9.600 0.000 6.200 -8.070 0.000 6.290
3 14 -8.070 0.000 6.290 -9.600 0.000 6.200 -7.860 0.000 5.720
3 14 -7.860 0.000 5.720 -9.600 0.000 6.200 -9.600 0.000 3.800
3 14 -9.600 0.000 3.800 -7.570 0.000 5.320 -7.860 0.000 5.720
3 14 -7.570 0.000 5.320 -9.600 0.000 3.800 -7.090 0.000 4.850
3 14 -7.090 0.000 4.850 -9.600 0.000 3.800 -5.960 0.000 1.830
3 14 -5.960 0.000 1.830 -6.650 0.000 4.600 -7.090 0.000 4.850
3 14 -9.600 0.000 3.800 -9.600 0.000 1.400 -5.960 0.000 1.830
3 14 -6.650 0.000 4.600 -5.960 0.000 1.830 -3.850 0.000 0.900
3 14 -3.850 0.000 0.900 -6.200 0.000 4.470 -6.650 0.000 4.600
3 14 -6.200 0.000 4.470 -3.850 0.000 0.900 -3.410 0.000 1.570
3 14 -3.410 0.000 1.570 -5.690 0.000 4.430 -6.200 0.000 4.470
3 14 -5.690 0.000 4.430 -3.410 0.000 1.570 -2.880 0.000 2.130
3 14 -2.880 0.000 2.130 -5.120 0.000 4.490 -5.690 0.000 4.430
3 14 -5.120 0.000 4.490 -2.880 0.000 2.130 -2.330 0.000 2.620
3 14 -2.330 0.000 2.620 -4.500 0.000 4.700 -5.120 0.000 4.490
3 14 -4.500 0.000 4.700 -2.330 0.000 2.620 -1.820 0.000 2.940
3 14 -5.960 0.000 1.830 -9.600 0.000 1.400 -4.270 0.000 0.140
3 14 -4.270 0.000 0.140 -3.850 0.000 0.900 -5.960 0.000 1.830
3 14 -9.600 0.000 1.400 -9.600 0.000 -1.000 -4.630 0.000 -0.600
3 14 -4.630 0.000 -0.600 -4.270 0.000 0.140 -9.600 0.000 1.400
3 14 -4.630 0.000 -0.600 -9.600 0.000 -1.000 -5.010 0.000 -1.510
3 14 -5.010 0.000 -1.510 -9.600 0.000 -1.000 -9.600 0.000 -3.400
3 14 -9.600 0.000 -3.400 -5.340 0.000 -2.360 -5.010 0.000 -1.510
3 14 -5.340 0.000 -2.360 -9.600 0.000 -3.400 -5.620 0.000 -3.370
3 14 -5.620 0.000 -3.370 -9.600 0.000 -3.400 -5.750 0.000 -4.330
3 14 -5.750 0.000 -4.330 -9.600 0.000 -3.400 -9.600 0.000 -5.800
3 14 -9.600 0.000 -5.800 -5.760 0.000 -5.210 -5.750 0.000 -4.330
3 14 -5.760 0.000 -5.210 -9.600 0.000 -5.800 -5.570 0.000 -6.100
3 14 -9.600 0.000 -5.800 -5.090 0.000 -7.160 -5.570 0.000 -6.100
3 14 -5.090 0.000 -7.160 -9.600 0.000 -5.800 -4.480 0.000 -9.430
3 14 -4.480 0.000 -9.430 -4.520 0.000 -7.960 -5.090 0.000 -7.160
3 14 -4.520 0.000 -7.960 -4.480 0.000 -9.430 -3.760 0.000 -8.740
3 14 -3.760 0.000 -8.740 -4.480 0.000 -9.430 0.000 0.000 -15.600
3 14 0.000 0.000 -15.600 -2.860 0.000 -9.260 -3.760 0.000 -8.740
3 14 -2.860 0.000 -9.260 0.000 0.000 -15.600 -1.960 0.000 -9.520
3 14 -1.960 0.000 -9.520 0.000 0.000 -15.600 -1.120 0.000 -9.560
3 14 0.010 0.000 -9.440 -1.120 0.000 -9.560 0.000 0.000 -15.600
3 14 0.010 0.000 -9.440 0.000 0.000 -15.600 3.760 0.000 -9.330
3 14 3.760 0.000 -9.330 1.100 0.000 -9.090 0.010 0.000 -9.440
3 14 1.970 0.000 -8.640 1.100 0.000 -9.090 3.760 0.000 -9.330
3 14 2.540 0.000 -8.170 1.970 0.000 -8.640 3.760 0.000 -9.330
3 14 3.180 0.000 -7.480 2.540 0.000 -8.170 3.760 0.000 -9.330
3 14 3.180 0.000 -7.480 3.760 0.000 -9.330 9.600 0.000 -5.800
3 14 9.600 0.000 -5.800 3.710 0.000 -6.830 3.180 0.000 -7.480
3 14 3.710 0.000 -6.830 9.600 0.000 -5.800 5.110 0.000 -5.480
3 14 5.110 0.000 -5.480 4.370 0.000 -6.100 3.710 0.000 -6.830
3 14 5.110 0.000 -5.480 9.600 0.000 -5.800 9.600 0.000 -3.400
3 14 9.600 0.000 -3.400 5.890 0.000 -4.480 5.110 0.000 -5.480
3 14 9.600 0.000 -3.400 6.350 0.000 -3.760 5.890 0.000 -4.480
3 14 6.630 0.000 -3.230 6.350 0.000 -3.760 9.600 0.000 -3.400
3 14 6.860 0.000 -2.680 6.630 0.000 -3.230 9.600 0.000 -3.400
3 14 6.860 0.000 -2.680 9.600 0.000 -3.400 9.600 0.000 -1.000
3 14 9.600 0.000 -1.000 6.980 0.000 -2.210 6.860 0.000 -2.680
3 14 6.980 0.000 -2.210 9.600 0.000 -1.000 6.370 0.000 0.970
3 14 6.370 0.000 0.970 5.940 0.000 0.330 6.980 0.000 -2.210
3 14 9.600 0.000 -1.000 9.600 0.000 1.400 6.920 0.000 1.690
3 14 6.920 0.000 1.690 6.370 0.000 0.970 9.600 0.000 -1.000
3 14 6.920 0.000 1.690 9.600 0.000 1.400 9.600 0.000 3.800
3 14 9.600 0.000 3.800 7.450 0.000 2.300 6.920 0.000 1.690
3 14 7.450 0.000 2.300 9.600 0.000 3.800 6.750 0.000 4.750
3 14 6.750 0.000 4.750 6.590 0.000 4.250 7.450 0.000 2.300
3 14 9.600 0.000 3.800 9.600 0.000 6.200 6.530 0.000 5.470
3 14 6.530 0.000 5.470 6.750 0.000 4.750 9.600 0.000 3.800
3 14 9.600 0.000 8.600 6.530 0.000 5.470 9.600 0.000 6.200
3 14 9.600 0.000 -5.800 3.760 0.000 -9.330 0.000 0.000 -15.600
3 14 -9.600 0.000 -5.800 0.000 0.000 -15.600 -4.480 0.000 -9.430
3 14 5.940 0.000 0.330 5.430 0.000 -0.560 6.740 0.000 -2.490
3 14 6.740 0.000 -2.490 6.980 0.000 -2.210 5.940 0.000 0.330
3 14 5.430 0.000 -0.560 5.090 0.000 -1.240 6.180 0.000 -3.090
3 14 6.180 0.000 -3.090 6.740 0.000 -2.490 5.430 0.000 -0.560
3 14 5.090 0.000 -1.240 4.830 0.000 -2.080 5.570 0.000 -3.620
3 14 5.570 0.000 -3.620 6.180 0.000 -3.090 5.090 0.000 -1.240
3 14 4.830 0.000 -2.080 4.650 0.000 -2.780 4.990 0.000 -3.970
3 14 4.990 0.000 -3.970 5.570 0.000 -3.620 4.830 0.000 -2.080
3 14 4.650 0.000 -2.780 4.530 0.000 -3.480 4.730 0.000 -4.120
3 14 4.730 0.000 -4.120 4.990 0.000 -3.970 4.650 0.000 -2.780
3 14 4.730 0.000 -4.120 4.530 0.000 -3.480 4.480 0.000 -3.890
3 14 4.480 0.000 -3.890 4.580 0.000 -4.080 4.730 0.000 -4.120
3 14 6.590 0.000 4.250 6.370 0.000 3.870 7.060 0.000 2.200
3 14 7.060 0.000 2.200 7.450 0.000 2.300 6.590 0.000 4.250
3 14 6.370 0.000 3.870 5.880 0.000 3.230 6.300 0.000 1.900
3 14 6.300 0.000 1.900 7.060 0.000 2.200 6.370 0.000 3.870
3 14 5.880 0.000 3.230 5.210 0.000 2.610 5.590 0.000 1.570
3 14 5.590 0.000 1.570 6.300 0.000 1.900 5.880 0.000 3.230
3 14 5.210 0.000 2.610 4.470 0.000 1.920 4.870 0.000 1.170
3 14 4.870 0.000 1.170 5.590 0.000 1.570 5.210 0.000 2.610
3 14 4.470 0.000 1.920 3.800 0.000 1.220 4.059 0.000 0.700
3 14 4.059 0.000 0.700 4.870 0.000 1.170 4.470 0.000 1.920
3 14 3.800 0.000 1.220 3.350 0.000 0.530 3.560 0.000 0.360
3 14 3.560 0.000 0.360 4.059 0.000 0.700 3.800 0.000 1.220
3 14 3.350 0.000 0.530 3.410 0.000 0.340 3.560 0.000 0.360
3 14 6.530 0.000 5.470 4.850 0.000 5.840 4.540 0.000 4.700
3 14 4.540 0.000 4.700 6.310 0.000 4.870 6.530 0.000 5.470
3 14 6.310 0.000 4.870 4.540 0.000 4.700 5.610 0.000 4.000
3 14 5.610 0.000 4.000 6.050 0.000 4.480 6.310 0.000 4.870
3 14 5.610 0.000 4.000 4.540 0.000 4.700 4.120 0.000 4.010
3 14 4.120 0.000 4.010 4.990 0.000 3.540 5.610 0.000 4.000
3 14 4.990 0.000 3.540 4.120 0.000 4.010 3.720 0.000 3.370
3 14 3.720 0.000 3.370 4.240 0.000 3.230 4.990 0.000 3.540
3 14 3.720 0.000 3.370 3.390 0.000 2.950 4.240 0.000 3.230
3 14 -2.760 0.000 -0.030 -2.520 0.000 0.100 -3.050 0.000 0.250
3 14 -3.050 0.000 0.250 -2.960 0.000 0.010 -2.760 0.000 -0.030
3 14 -2.520 0.000 0.100 -2.350 0.000 0.320 -2.930 0.000 0.610
3 14 -2.930 0.000 0.610 -3.050 0.000 0.250 -2.520 0.000 0.100
3 14 -2.930 0.000 0.610 -2.350 0.000 0.320 -2.460 0.000 0.520
3 14 -2.930 0.000 0.610 -2.460 0.000 0.520 -2.260 0.000 1.040
3 14 -2.260 0.000 1.040 -2.690 0.000 1.190 -2.930 0.000 0.610
3 14 -2.690 0.000 1.190 -2.260 0.000 1.040 -1.810 0.000 1.610
3 14 -1.810 0.000 1.610 -2.440 0.000 1.820 -2.690 0.000 1.190
3 14 -2.440 0.000 1.820 -1.810 0.000 1.610 -1.280 0.000 1.970
3 14 -1.280 0.000 1.970 -2.120 0.000 2.440 -2.440 0.000 1.820
3 14 -2.120 0.000 2.440 -1.280 0.000 1.970 -0.570 0.000 2.260
3 14 -0.570 0.000 2.260 -1.820 0.000 2.940 -2.120 0.000 2.440
3 14 -0.570 0.000 2.260 0.070 0.000 2.600 0.530 0.000 3.110
3 14 0.530 0.000 3.110 -1.820 0.000 2.940 -0.570 0.000 2.260
3 14 -1.820 0.000 2.940 0.530 0.000 3.110 -3.700 0.000 5.230
3 14 -3.700 0.000 5.230 -4.500 0.000 4.700 -1.820 0.000 2.940
3 14 -3.700 0.000 5.230 0.530 0.000 3.110 -2.590 0.000 6.630
3 14 -2.590 0.000 6.630 -3.130 0.000 5.960 -3.700 0.000 5.230
3 14 -2.200 0.000 7.130 -2.590 0.000 6.630 0.530 0.000 3.110
3 14 -1.840 0.000 7.760 -2.200 0.000 7.130 0.530 0.000 3.110
3 14 -1.720 0.000 8.029 -1.840 0.000 7.760 0.530 0.000 3.110
3 14 -2.180 0.000 9.540 -2.430 0.000 9.090 -2.600 0.000 8.750
3 14 -2.600 0.000 8.750 -1.660 0.000 8.270 -2.180 0.000 9.540
3 14 -1.660 0.000 8.270 -2.600 0.000 8.750 -2.730 0.000 8.330
3 14 -2.730 0.000 8.330 -2.060 0.000 7.830 -1.660 0.000 8.270
3 14 -2.730 0.000 8.330 -2.820 0.000 7.980 -2.650 0.000 7.390
3 14 -2.650 0.000 7.390 -2.060 0.000 7.830 -2.730 0.000 8.330
3 14 -2.820 0.000 7.980 -2.880 0.000 7.630 -2.910 0.000 7.430
3 14 -2.910 0.000 7.430 -2.650 0.000 7.390 -2.820 0.000 7.980
3 14 -2.650 0.000 7.390 -2.910 0.000 7.430 -2.860 0.000 7.330
3 14 -2.860 0.000 7.330 -2.780 0.000 7.310 -2.650 0.000 7.390
1 16 0.0000 0.0000 0.0000 1.0000 0.0000 0.0000 0.0000 1.0000 0.0000 0.0000 0.0000 1.0000 s/22385s01.dat
