0 FILE 22385pb028.dat
0 Tile, Modified 2 x 3 Pentagonal with Nexo Power Shield Pattern - Dynamighty
0 Name:  22385pb028.dat
0 Author:  
0 BL_Item_No 22385pb028
0 BFC CERTIFY CCW
3 16 -15.600 0.000 26.400 0.000 0.000 26.400 16.000 0.000 30.000
3 16 16.000 0.000 30.000 -16.000 0.000 30.000 -15.600 0.000 26.400
3 16 16.000 0.000 30.000 0.000 0.000 26.400 15.600 0.000 26.400
3 16 15.600 0.000 26.400 15.600 0.000 -7.100 16.000 0.000 -8.340
3 16 16.000 0.000 -8.340 16.000 0.000 30.000 15.600 0.000 26.400
3 16 -15.600 0.000 26.400 -16.000 0.000 30.000 -16.000 0.000 -8.340
3 16 -16.000 0.000 -8.340 -15.600 0.000 -7.100 -15.600 0.000 26.400
3 16 -15.600 0.000 -7.100 -16.000 0.000 -8.340 0.000 0.000 -24.353
3 16 0.000 0.000 -24.353 0.000 0.000 -22.800 -15.600 0.000 -7.100
3 16 0.000 0.000 -24.353 16.000 0.000 -8.340 15.600 0.000 -7.100
3 16 15.600 0.000 -7.100 0.000 0.000 -22.800 0.000 0.000 -24.353
3 0x296CA3C -13.200 0.000 -5.800 -15.600 0.000 -7.100 0.000 0.000 -22.800
3 0x296CA3C 0.000 0.000 -22.800 0.000 0.000 -19.600 -13.200 0.000 -5.800
3 288 0.000 0.000 -15.600 -9.600 0.000 -5.800 -12.000 0.000 -5.800
3 288 -12.000 0.000 -5.800 0.000 0.000 -19.600 0.000 0.000 -15.600
3 288 -12.000 0.000 -5.800 -13.200 0.000 -5.800 0.000 0.000 -19.600
3 0x296CA3C -15.600 0.000 26.400 -13.200 0.000 24.200 -9.600 0.000 24.200
3 0x296CA3C -15.600 0.000 26.400 -9.600 0.000 24.200 -7.200 0.000 24.200
3 0x296CA3C -7.200 0.000 24.200 -4.800 0.000 24.200 0.000 0.000 26.400
3 0x296CA3C 0.000 0.000 26.400 -15.600 0.000 26.400 -7.200 0.000 24.200
3 0x296CA3C 0.000 0.000 26.400 -4.800 0.000 24.200 -2.400 0.000 24.200
3 0x296CA3C 0.000 0.000 26.400 -2.400 0.000 24.200 0.000 0.000 24.200
3 288 0.000 0.000 24.200 -2.400 0.000 24.200 -2.400 0.000 23.000
3 288 -2.400 0.000 23.000 0.000 0.000 23.000 0.000 0.000 24.200
3 288 -2.400 0.000 24.200 -4.800 0.000 24.200 -4.800 0.000 23.000
3 288 -4.800 0.000 23.000 -2.400 0.000 23.000 -2.400 0.000 24.200
3 288 -4.800 0.000 24.200 -7.200 0.000 24.200 -7.200 0.000 23.000
3 288 -7.200 0.000 23.000 -4.800 0.000 23.000 -4.800 0.000 24.200
3 288 -7.200 0.000 24.200 -9.600 0.000 24.200 -9.600 0.000 23.000
3 288 -9.600 0.000 23.000 -7.200 0.000 23.000 -7.200 0.000 24.200
3 288 -9.600 0.000 23.000 -9.600 0.000 24.200 -13.200 0.000 24.200
3 288 -13.200 0.000 24.200 -12.000 0.000 23.000 -9.600 0.000 23.000
3 288 -13.200 0.000 24.200 -13.200 0.000 20.600 -12.000 0.000 20.600
3 288 -12.000 0.000 20.600 -12.000 0.000 23.000 -13.200 0.000 24.200
3 0x296CA3C -15.600 0.000 26.400 -13.200 0.000 20.600 -13.200 0.000 24.200
3 0x296CA3C -15.600 0.000 26.400 -13.200 0.000 18.200 -13.200 0.000 20.600
3 0x296CA3C -15.600 0.000 26.400 -13.200 0.000 15.800 -13.200 0.000 18.200
3 0x296CA3C -15.600 0.000 26.400 -13.200 0.000 13.400 -13.200 0.000 15.800
3 0x296CA3C -13.200 0.000 13.400 -15.600 0.000 26.400 -15.600 0.000 -7.100
3 0x296CA3C -15.600 0.000 -7.100 -13.200 0.000 11.000 -13.200 0.000 13.400
3 0x296CA3C -13.200 0.000 11.000 -15.600 0.000 -7.100 -13.200 0.000 8.600
3 0x296CA3C -13.200 0.000 8.600 -15.600 0.000 -7.100 -13.200 0.000 6.200
3 0x296CA3C -13.200 0.000 6.200 -15.600 0.000 -7.100 -13.200 0.000 3.800
3 0x296CA3C -13.200 0.000 3.800 -15.600 0.000 -7.100 -13.200 0.000 1.400
3 288 -9.600 0.000 1.400 -9.600 0.000 3.800 -12.000 0.000 3.800
3 288 -12.000 0.000 3.800 -12.000 0.000 1.400 -9.600 0.000 1.400
3 288 -12.000 0.000 1.400 -12.000 0.000 3.800 -13.200 0.000 3.800
3 288 -13.200 0.000 3.800 -13.200 0.000 1.400 -12.000 0.000 1.400
3 288 -13.200 0.000 3.800 -12.000 0.000 3.800 -12.000 0.000 6.200
3 288 -12.000 0.000 6.200 -13.200 0.000 6.200 -13.200 0.000 3.800
3 0x296CA3C -12.000 0.000 3.800 -9.600 0.000 3.800 -9.600 0.000 6.200
3 0x296CA3C -9.600 0.000 6.200 -12.000 0.000 6.200 -12.000 0.000 3.800
3 0x296CA3C -9.600 0.000 6.200 -9.600 0.000 8.600 -12.000 0.000 8.600
3 0x296CA3C -12.000 0.000 8.600 -12.000 0.000 6.200 -9.600 0.000 6.200
3 288 -12.000 0.000 6.200 -12.000 0.000 8.600 -13.200 0.000 8.600
3 288 -13.200 0.000 8.600 -13.200 0.000 6.200 -12.000 0.000 6.200
3 288 -13.200 0.000 8.600 -12.000 0.000 8.600 -12.000 0.000 11.000
3 288 -12.000 0.000 11.000 -13.200 0.000 11.000 -13.200 0.000 8.600
3 0x296CA3C -12.000 0.000 8.600 -9.600 0.000 8.600 -9.600 0.000 11.000
3 0x296CA3C -9.600 0.000 11.000 -12.000 0.000 11.000 -12.000 0.000 8.600
3 288 -9.600 0.000 11.000 -9.600 0.000 13.400 -12.000 0.000 13.400
3 288 -12.000 0.000 13.400 -12.000 0.000 11.000 -9.600 0.000 11.000
3 288 -12.000 0.000 11.000 -12.000 0.000 13.400 -13.200 0.000 13.400
3 288 -13.200 0.000 13.400 -13.200 0.000 11.000 -12.000 0.000 11.000
3 288 -13.200 0.000 13.400 -12.000 0.000 13.400 -12.000 0.000 15.800
3 288 -12.000 0.000 15.800 -13.200 0.000 15.800 -13.200 0.000 13.400
3 288 -12.000 0.000 13.400 -9.600 0.000 13.400 -9.600 0.000 15.800
3 288 -9.600 0.000 15.800 -12.000 0.000 15.800 -12.000 0.000 13.400
3 288 -13.200 0.000 15.800 -12.000 0.000 15.800 -12.000 0.000 18.200
3 288 -12.000 0.000 18.200 -13.200 0.000 18.200 -13.200 0.000 15.800
3 0x296CA3C -12.000 0.000 15.800 -9.600 0.000 15.800 -9.600 0.000 18.200
3 0x296CA3C -9.600 0.000 18.200 -12.000 0.000 18.200 -12.000 0.000 15.800
3 0x296CA3C -9.600 0.000 18.200 -9.600 0.000 20.600 -12.000 0.000 20.600
3 0x296CA3C -12.000 0.000 20.600 -12.000 0.000 18.200 -9.600 0.000 18.200
3 288 -12.000 0.000 18.200 -12.000 0.000 20.600 -13.200 0.000 20.600
3 288 -13.200 0.000 20.600 -13.200 0.000 18.200 -12.000 0.000 18.200
3 288 -12.000 0.000 23.000 -12.000 0.000 20.600 -9.600 0.000 20.600
3 288 -9.600 0.000 20.600 -9.600 0.000 23.000 -12.000 0.000 23.000
3 288 -9.600 0.000 23.000 -9.600 0.000 20.600 -7.200 0.000 20.600
3 288 -7.200 0.000 20.600 -7.200 0.000 23.000 -9.600 0.000 23.000
3 0x296CA3C -7.200 0.000 23.000 -7.200 0.000 20.600 -4.800 0.000 20.600
3 0x296CA3C -4.800 0.000 20.600 -4.800 0.000 23.000 -7.200 0.000 23.000
3 288 -4.800 0.000 23.000 -4.800 0.000 20.600 -2.400 0.000 20.600
3 288 -2.400 0.000 20.600 -2.400 0.000 23.000 -4.800 0.000 23.000
3 288 -2.400 0.000 23.000 -2.400 0.000 20.600 0.000 0.000 20.600
3 288 0.000 0.000 20.600 0.000 0.000 23.000 -2.400 0.000 23.000
3 0x296CA3C 13.200 0.000 -5.800 0.000 0.000 -19.600 0.000 0.000 -22.800
3 0x296CA3C 0.000 0.000 -22.800 15.600 0.000 -7.100 13.200 0.000 -5.800
3 288 0.000 0.000 -15.600 0.000 0.000 -19.600 12.000 0.000 -5.800
3 288 12.000 0.000 -5.800 9.600 0.000 -5.800 0.000 0.000 -15.600
3 288 13.200 0.000 -5.800 12.000 0.000 -5.800 0.000 0.000 -19.600
3 0x296CA3C 15.600 0.000 26.400 9.600 0.000 24.200 13.200 0.000 24.200
3 0x296CA3C 15.600 0.000 26.400 7.200 0.000 24.200 9.600 0.000 24.200
3 0x296CA3C 7.200 0.000 24.200 15.600 0.000 26.400 0.000 0.000 26.400
3 0x296CA3C 0.000 0.000 26.400 4.800 0.000 24.200 7.200 0.000 24.200
3 0x296CA3C 0.000 0.000 26.400 2.400 0.000 24.200 4.800 0.000 24.200
3 0x296CA3C 0.000 0.000 26.400 0.000 0.000 24.200 2.400 0.000 24.200
3 288 0.000 0.000 24.200 0.000 0.000 23.000 2.400 0.000 23.000
3 288 2.400 0.000 23.000 2.400 0.000 24.200 0.000 0.000 24.200
3 288 2.400 0.000 24.200 2.400 0.000 23.000 4.800 0.000 23.000
3 288 4.800 0.000 23.000 4.800 0.000 24.200 2.400 0.000 24.200
3 288 4.800 0.000 24.200 4.800 0.000 23.000 7.200 0.000 23.000
3 288 7.200 0.000 23.000 7.200 0.000 24.200 4.800 0.000 24.200
3 288 7.200 0.000 24.200 7.200 0.000 23.000 9.600 0.000 23.000
3 288 9.600 0.000 23.000 9.600 0.000 24.200 7.200 0.000 24.200
3 288 9.600 0.000 23.000 12.000 0.000 23.000 13.200 0.000 24.200
3 288 13.200 0.000 24.200 9.600 0.000 24.200 9.600 0.000 23.000
3 288 13.200 0.000 24.200 12.000 0.000 23.000 12.000 0.000 20.600
3 288 12.000 0.000 20.600 13.200 0.000 20.600 13.200 0.000 24.200
3 0x296CA3C 15.600 0.000 26.400 13.200 0.000 24.200 13.200 0.000 20.600
3 0x296CA3C 15.600 0.000 26.400 13.200 0.000 20.600 13.200 0.000 18.200
3 0x296CA3C 15.600 0.000 26.400 13.200 0.000 18.200 13.200 0.000 15.800
3 0x296CA3C 15.600 0.000 26.400 13.200 0.000 15.800 13.200 0.000 13.400
3 0x296CA3C 13.200 0.000 13.400 13.200 0.000 11.000 15.600 0.000 -7.100
3 0x296CA3C 15.600 0.000 -7.100 15.600 0.000 26.400 13.200 0.000 13.400
3 0x296CA3C 13.200 0.000 11.000 13.200 0.000 8.600 15.600 0.000 -7.100
3 0x296CA3C 13.200 0.000 8.600 13.200 0.000 6.200 15.600 0.000 -7.100
3 0x296CA3C 13.200 0.000 6.200 13.200 0.000 3.800 15.600 0.000 -7.100
3 0x296CA3C 13.200 0.000 3.800 13.200 0.000 1.400 15.600 0.000 -7.100
3 0x296CA3C 9.600 0.000 1.400 12.000 0.000 1.400 12.000 0.000 3.800
3 0x296CA3C 12.000 0.000 3.800 9.600 0.000 3.800 9.600 0.000 1.400
3 288 12.000 0.000 1.400 13.200 0.000 1.400 13.200 0.000 3.800
3 288 13.200 0.000 3.800 12.000 0.000 3.800 12.000 0.000 1.400
3 288 13.200 0.000 3.800 13.200 0.000 6.200 12.000 0.000 6.200
3 288 12.000 0.000 6.200 12.000 0.000 3.800 13.200 0.000 3.800
3 288 12.000 0.000 3.800 12.000 0.000 6.200 9.600 0.000 6.200
3 288 9.600 0.000 6.200 9.600 0.000 3.800 12.000 0.000 3.800
3 0x296CA3C 9.600 0.000 6.200 12.000 0.000 6.200 12.000 0.000 8.600
3 0x296CA3C 12.000 0.000 8.600 9.600 0.000 8.600 9.600 0.000 6.200
3 288 12.000 0.000 6.200 13.200 0.000 6.200 13.200 0.000 8.600
3 288 13.200 0.000 8.600 12.000 0.000 8.600 12.000 0.000 6.200
3 288 13.200 0.000 8.600 13.200 0.000 11.000 12.000 0.000 11.000
3 288 12.000 0.000 11.000 12.000 0.000 8.600 13.200 0.000 8.600
3 0x296CA3C 12.000 0.000 8.600 12.000 0.000 11.000 9.600 0.000 11.000
3 0x296CA3C 9.600 0.000 11.000 9.600 0.000 8.600 12.000 0.000 8.600
3 288 9.600 0.000 11.000 12.000 0.000 11.000 12.000 0.000 13.400
3 288 12.000 0.000 13.400 9.600 0.000 13.400 9.600 0.000 11.000
3 288 12.000 0.000 11.000 13.200 0.000 11.000 13.200 0.000 13.400
3 288 13.200 0.000 13.400 12.000 0.000 13.400 12.000 0.000 11.000
3 288 13.200 0.000 13.400 13.200 0.000 15.800 12.000 0.000 15.800
3 288 12.000 0.000 15.800 12.000 0.000 13.400 13.200 0.000 13.400
3 288 12.000 0.000 13.400 12.000 0.000 15.800 9.600 0.000 15.800
3 288 9.600 0.000 15.800 9.600 0.000 13.400 12.000 0.000 13.400
3 288 13.200 0.000 15.800 13.200 0.000 18.200 12.000 0.000 18.200
3 288 12.000 0.000 18.200 12.000 0.000 15.800 13.200 0.000 15.800
3 0x296CA3C 12.000 0.000 15.800 12.000 0.000 18.200 9.600 0.000 18.200
3 0x296CA3C 9.600 0.000 18.200 9.600 0.000 15.800 12.000 0.000 15.800
3 288 9.600 0.000 18.200 12.000 0.000 18.200 12.000 0.000 20.600
3 288 12.000 0.000 20.600 9.600 0.000 20.600 9.600 0.000 18.200
3 288 12.000 0.000 18.200 13.200 0.000 18.200 13.200 0.000 20.600
3 288 13.200 0.000 20.600 12.000 0.000 20.600 12.000 0.000 18.200
3 0x296CA3C 12.000 0.000 23.000 9.600 0.000 23.000 9.600 0.000 20.600
3 0x296CA3C 9.600 0.000 20.600 12.000 0.000 20.600 12.000 0.000 23.000
3 288 9.600 0.000 23.000 7.200 0.000 23.000 7.200 0.000 20.600
3 288 7.200 0.000 20.600 9.600 0.000 20.600 9.600 0.000 23.000
3 288 7.200 0.000 23.000 4.800 0.000 23.000 4.800 0.000 20.600
3 288 4.800 0.000 20.600 7.200 0.000 20.600 7.200 0.000 23.000
3 288 4.800 0.000 23.000 2.400 0.000 23.000 2.400 0.000 20.600
3 288 2.400 0.000 20.600 4.800 0.000 20.600 4.800 0.000 23.000
3 0x296CA3C 2.400 0.000 23.000 0.000 0.000 23.000 0.000 0.000 20.600
3 0x296CA3C 0.000 0.000 20.600 2.400 0.000 20.600 2.400 0.000 23.000
3 288 -13.200 0.000 1.400 -13.200 0.000 -1.000 -12.000 0.000 -1.000
3 288 -12.000 0.000 -1.000 -12.000 0.000 1.400 -13.200 0.000 1.400
3 0x296CA3C -12.000 0.000 1.400 -12.000 0.000 -1.000 -9.600 0.000 -1.000
3 0x296CA3C -9.600 0.000 -1.000 -9.600 0.000 1.400 -12.000 0.000 1.400
3 0x296CA3C -9.600 0.000 -1.000 -12.000 0.000 -1.000 -12.000 0.000 -3.400
3 0x296CA3C -12.000 0.000 -3.400 -9.600 0.000 -3.400 -9.600 0.000 -1.000
3 288 -12.000 0.000 -1.000 -13.200 0.000 -1.000 -13.200 0.000 -3.400
3 288 -13.200 0.000 -3.400 -12.000 0.000 -3.400 -12.000 0.000 -1.000
3 288 -13.200 0.000 -3.400 -13.200 0.000 -5.800 -12.000 0.000 -5.800
3 288 -12.000 0.000 -5.800 -12.000 0.000 -3.400 -13.200 0.000 -3.400
3 0x296CA3C -12.000 0.000 -3.400 -12.000 0.000 -5.800 -9.600 0.000 -5.800
3 0x296CA3C -9.600 0.000 -5.800 -9.600 0.000 -3.400 -12.000 0.000 -3.400
3 0x296CA3C -13.200 0.000 -3.400 -15.600 0.000 -7.100 -13.200 0.000 -5.800
3 0x296CA3C -13.200 0.000 -1.000 -15.600 0.000 -7.100 -13.200 0.000 -3.400
3 0x296CA3C -13.200 0.000 1.400 -15.600 0.000 -7.100 -13.200 0.000 -1.000
3 288 13.200 0.000 -1.000 12.000 0.000 -1.000 12.000 0.000 -3.400
3 288 12.000 0.000 -3.400 13.200 0.000 -3.400 13.200 0.000 -1.000
3 288 12.000 0.000 -1.000 9.600 0.000 -1.000 9.600 0.000 -3.400
3 288 9.600 0.000 -3.400 12.000 0.000 -3.400 12.000 0.000 -1.000
3 288 9.600 0.000 1.400 9.600 0.000 -1.000 12.000 0.000 -1.000
3 288 12.000 0.000 -1.000 12.000 0.000 1.400 9.600 0.000 1.400
3 288 12.000 0.000 1.400 12.000 0.000 -1.000 13.200 0.000 -1.000
3 288 13.200 0.000 -1.000 13.200 0.000 1.400 12.000 0.000 1.400
3 0x296CA3C 13.200 0.000 1.400 13.200 0.000 -1.000 15.600 0.000 -7.100
3 0x296CA3C 13.200 0.000 -1.000 13.200 0.000 -3.400 15.600 0.000 -7.100
3 0x296CA3C 13.200 0.000 -3.400 13.200 0.000 -5.800 15.600 0.000 -7.100
3 288 13.200 0.000 -3.400 12.000 0.000 -3.400 12.000 0.000 -5.800
3 288 12.000 0.000 -5.800 13.200 0.000 -5.800 13.200 0.000 -3.400
3 0x296CA3C 12.000 0.000 -3.400 9.600 0.000 -3.400 9.600 0.000 -5.800
3 0x296CA3C 9.600 0.000 -5.800 12.000 0.000 -5.800 12.000 0.000 -3.400
3 15 0.975 0.000 19.575 0.375 0.000 19.125 0.325 0.000 18.300
3 15 0.325 0.000 18.300 0.800 0.000 19.150 0.975 0.000 19.575
3 15 0.375 0.000 19.125 -0.375 0.000 18.525 -0.150 0.000 17.450
3 15 -0.150 0.000 17.450 0.325 0.000 18.300 0.375 0.000 19.125
3 15 -0.375 0.000 18.525 -1.200 0.000 17.800 -0.625 0.000 16.625
3 15 -0.625 0.000 16.625 -0.150 0.000 17.450 -0.375 0.000 18.525
3 15 -1.200 0.000 17.800 -1.850 0.000 17.300 -1.075 0.000 15.775
3 15 -1.075 0.000 15.775 -0.625 0.000 16.625 -1.200 0.000 17.800
3 15 -1.850 0.000 17.300 -2.875 0.000 16.550 -1.250 0.000 15.325
3 15 -1.250 0.000 15.325 -1.075 0.000 15.775 -1.850 0.000 17.300
3 15 -1.250 0.000 15.325 -2.875 0.000 16.550 -3.050 0.000 16.550
3 15 -3.050 0.000 16.550 -2.950 0.000 14.900 -1.250 0.000 15.325
3 15 -2.950 0.000 14.900 -3.050 0.000 16.550 -5.200 0.000 16.075
3 15 -5.200 0.000 16.075 -5.150 0.000 15.450 -2.950 0.000 14.900
3 15 -3.050 0.000 16.550 -3.575 0.000 17.025 -5.300 0.000 16.725
3 15 -5.300 0.000 16.725 -5.200 0.000 16.075 -3.050 0.000 16.550
3 15 -3.575 0.000 17.025 -4.200 0.000 17.700 -5.500 0.000 17.650
3 15 -5.500 0.000 17.650 -5.300 0.000 16.725 -3.575 0.000 17.025
3 15 -4.200 0.000 17.700 -4.925 0.000 18.550 -5.700 0.000 18.625
3 15 -5.700 0.000 18.625 -5.500 0.000 17.650 -4.200 0.000 17.700
3 15 -4.925 0.000 18.550 -5.475 0.000 19.200 -5.850 0.000 19.325
3 15 -5.850 0.000 19.325 -5.700 0.000 18.625 -4.925 0.000 18.550
3 15 -5.925 0.000 19.575 -5.850 0.000 19.325 -5.475 0.000 19.200
3 15 -1.250 0.000 15.325 -2.950 0.000 14.900 -1.875 0.000 13.800
3 15 -1.875 0.000 13.800 -1.250 0.000 15.100 -1.250 0.000 15.325
3 320 -0.375 0.000 14.125 -1.125 0.000 14.125 -1.375 0.000 14.050
3 320 -1.375 0.000 14.050 -0.125 0.000 13.875 -0.375 0.000 14.125
3 320 -0.125 0.000 13.875 -1.375 0.000 14.050 -1.875 0.000 13.800
3 320 -1.875 0.000 13.800 -0.550 0.000 13.550 -0.125 0.000 13.875
3 320 -0.550 0.000 13.550 -1.875 0.000 13.800 -1.775 0.000 13.175
3 320 -1.775 0.000 13.175 -1.200 0.000 13.175 -0.550 0.000 13.550
3 320 -1.875 0.000 13.800 -2.050 0.000 13.775 -2.025 0.000 13.275
3 320 -2.025 0.000 13.275 -1.775 0.000 13.175 -1.875 0.000 13.800
3 320 -2.025 0.000 13.275 -2.050 0.000 13.775 -2.350 0.000 13.650
3 320 -2.350 0.000 13.650 -2.200 0.000 13.475 -2.025 0.000 13.275
3 320 -2.050 0.000 13.775 -2.350 0.000 13.775 -2.350 0.000 13.650
3 320 -2.225 0.000 12.925 -2.675 0.000 13.450 -3.175 0.000 12.975
3 320 -3.175 0.000 12.975 -2.950 0.000 12.925 -2.225 0.000 12.925
3 320 -2.675 0.000 13.450 -2.950 0.000 13.750 -4.200 0.000 13.500
3 320 -4.200 0.000 13.500 -3.175 0.000 12.975 -2.675 0.000 13.450
3 320 -2.950 0.000 13.750 -3.475 0.000 14.100 -4.450 0.000 13.750
3 320 -4.450 0.000 13.750 -4.200 0.000 13.500 -2.950 0.000 13.750
3 320 -3.475 0.000 14.100 -3.850 0.000 14.325 -4.425 0.000 13.975
3 320 -4.425 0.000 13.975 -4.450 0.000 13.750 -3.475 0.000 14.100
3 320 -3.850 0.000 14.325 -4.150 0.000 14.325 -4.425 0.000 13.975
3 320 -0.325 0.000 14.650 0.125 0.000 14.400 0.375 0.000 14.400
3 320 0.375 0.000 14.400 -0.075 0.000 15.000 -0.325 0.000 14.650
3 320 -0.075 0.000 15.000 0.375 0.000 14.400 0.600 0.000 14.500
3 320 0.600 0.000 14.500 0.150 0.000 15.175 -0.075 0.000 15.000
3 320 0.150 0.000 15.175 0.600 0.000 14.500 1.000 0.000 14.700
3 320 1.000 0.000 14.700 0.425 0.000 15.350 0.150 0.000 15.175
3 320 0.425 0.000 15.350 1.000 0.000 14.700 1.275 0.000 14.825
3 320 1.275 0.000 14.825 0.675 0.000 15.450 0.425 0.000 15.350
3 320 0.675 0.000 15.450 1.275 0.000 14.825 1.250 0.000 15.300
3 320 1.250 0.000 15.300 0.975 0.000 15.450 0.675 0.000 15.450
3 320 1.250 0.000 15.300 1.275 0.000 14.825 1.575 0.000 15.000
3 320 1.450 0.000 15.700 2.050 0.000 15.125 1.950 0.000 15.925
3 320 1.950 0.000 15.925 1.775 0.000 15.925 1.450 0.000 15.700
3 320 2.050 0.000 15.125 2.775 0.000 15.000 2.475 0.000 15.925
3 320 2.475 0.000 15.925 1.950 0.000 15.925 2.050 0.000 15.125
3 320 2.475 0.000 15.925 2.775 0.000 15.000 3.025 0.000 14.950
3 320 3.025 0.000 14.950 2.875 0.000 15.825 2.475 0.000 15.925
3 320 2.875 0.000 15.825 3.025 0.000 14.950 3.300 0.000 15.475
3 320 3.300 0.000 15.475 3.150 0.000 15.675 2.875 0.000 15.825
3 320 3.300 0.000 15.475 3.025 0.000 14.950 3.275 0.000 14.875
3 320 3.275 0.000 14.875 3.375 0.000 15.200 3.300 0.000 15.475
3 320 3.375 0.000 15.200 3.275 0.000 14.875 3.425 0.000 14.825
3 320 3.800 0.000 15.325 3.950 0.000 14.425 4.400 0.000 15.050
3 320 4.400 0.000 15.050 4.000 0.000 15.300 3.800 0.000 15.325
3 320 3.950 0.000 14.425 4.425 0.000 13.900 4.900 0.000 14.600
3 320 4.900 0.000 14.600 4.400 0.000 15.050 3.950 0.000 14.425
3 320 4.425 0.000 13.900 4.675 0.000 13.650 5.100 0.000 14.350
3 320 5.100 0.000 14.350 4.900 0.000 14.600 4.425 0.000 13.900
3 320 5.100 0.000 14.350 4.675 0.000 13.650 5.050 0.000 13.625
3 320 5.050 0.000 13.625 5.100 0.000 13.975 5.100 0.000 14.350
3 320 4.675 0.000 13.650 5.000 0.000 13.400 5.050 0.000 13.625
3 320 5.575 0.000 13.750 5.375 0.000 13.425 5.250 0.000 13.050
3 320 5.250 0.000 13.050 5.750 0.000 13.425 5.575 0.000 13.750
3 320 5.750 0.000 13.425 5.250 0.000 13.050 5.175 0.000 12.850
3 320 5.175 0.000 12.850 5.925 0.000 12.950 5.750 0.000 13.425
3 320 5.925 0.000 12.950 5.175 0.000 12.850 5.175 0.000 12.650
3 320 5.175 0.000 12.650 6.075 0.000 12.525 5.925 0.000 12.950
3 320 5.175 0.000 12.650 5.300 0.000 12.300 6.075 0.000 12.100
3 320 6.075 0.000 12.100 6.075 0.000 12.525 5.175 0.000 12.650
3 320 5.300 0.000 12.300 5.300 0.000 11.925 6.050 0.000 11.925
3 320 6.050 0.000 11.925 6.075 0.000 12.100 5.300 0.000 12.300
3 320 6.050 0.000 11.925 5.300 0.000 11.925 5.600 0.000 11.525
3 320 5.600 0.000 11.525 5.850 0.000 11.700 6.050 0.000 11.925
3 320 5.300 0.000 11.925 5.300 0.000 11.350 5.600 0.000 11.525
3 320 6.075 0.000 11.300 5.275 0.000 10.775 6.000 0.000 10.625
3 320 6.000 0.000 10.625 6.075 0.000 10.975 6.075 0.000 11.300
3 320 5.275 0.000 10.775 5.175 0.000 10.650 5.850 0.000 10.150
3 320 5.850 0.000 10.150 6.000 0.000 10.625 5.275 0.000 10.775
3 320 5.175 0.000 10.650 5.075 0.000 10.300 5.725 0.000 9.825
3 320 5.725 0.000 9.825 5.850 0.000 10.150 5.175 0.000 10.650
3 320 5.075 0.000 10.300 4.875 0.000 9.800 5.500 0.000 9.325
3 320 5.500 0.000 9.325 5.725 0.000 9.825 5.075 0.000 10.300
3 320 4.875 0.000 9.800 4.675 0.000 9.375 5.250 0.000 8.800
3 320 5.250 0.000 8.800 5.500 0.000 9.325 4.875 0.000 9.800
3 320 4.675 0.000 9.375 4.500 0.000 9.050 5.100 0.000 8.425
3 320 5.100 0.000 8.425 5.250 0.000 8.800 4.675 0.000 9.375
3 320 4.500 0.000 9.050 4.275 0.000 8.825 4.600 0.000 7.650
3 320 4.600 0.000 7.650 5.100 0.000 8.425 4.500 0.000 9.050
3 320 4.600 0.000 7.650 4.275 0.000 8.825 3.600 0.000 9.025
3 320 3.600 0.000 9.025 3.575 0.000 8.050 4.600 0.000 7.650
3 320 4.600 0.000 7.650 5.225 0.000 7.350 5.575 0.000 8.125
3 320 5.575 0.000 8.125 5.100 0.000 8.425 4.600 0.000 7.650
3 320 5.225 0.000 7.350 5.525 0.000 7.075 5.925 0.000 8.000
3 320 5.925 0.000 8.000 5.575 0.000 8.125 5.225 0.000 7.350
3 320 5.925 0.000 8.000 5.525 0.000 7.075 6.450 0.000 6.675
3 320 6.450 0.000 6.675 6.175 0.000 7.850 5.925 0.000 8.000
3 320 6.175 0.000 7.850 6.450 0.000 6.675 6.700 0.000 6.675
3 320 6.700 0.000 6.675 6.475 0.000 7.525 6.175 0.000 7.850
3 320 6.475 0.000 7.525 6.700 0.000 6.675 6.825 0.000 7.350
3 320 6.825 0.000 7.350 6.700 0.000 6.675 7.050 0.000 6.550
3 320 7.050 0.000 6.550 7.350 0.000 7.100 6.825 0.000 7.350
3 320 7.350 0.000 7.100 7.050 0.000 6.550 7.500 0.000 6.325
3 320 7.500 0.000 6.325 7.925 0.000 6.825 7.350 0.000 7.100
3 320 7.925 0.000 6.825 7.500 0.000 6.325 7.750 0.000 6.125
3 320 7.750 0.000 6.125 8.275 0.000 6.625 7.925 0.000 6.825
3 320 8.275 0.000 6.625 7.750 0.000 6.125 7.750 0.000 6.000
3 320 7.750 0.000 6.000 8.500 0.000 6.425 8.275 0.000 6.625
3 320 8.500 0.000 6.425 7.750 0.000 6.000 7.750 0.000 5.900
3 320 7.750 0.000 5.900 8.500 0.000 6.125 8.500 0.000 6.425
3 320 8.500 0.000 6.125 7.750 0.000 5.900 7.700 0.000 5.750
3 320 7.700 0.000 5.750 8.400 0.000 5.775 8.500 0.000 6.125
3 320 8.400 0.000 5.775 7.700 0.000 5.750 6.950 0.000 4.250
3 320 6.950 0.000 4.250 8.150 0.000 5.250 8.400 0.000 5.775
3 320 8.150 0.000 5.250 6.950 0.000 4.250 6.625 0.000 3.525
3 320 6.625 0.000 3.525 7.600 0.000 3.975 8.150 0.000 5.250
3 320 7.600 0.000 3.975 6.625 0.000 3.525 6.225 0.000 2.500
3 320 6.225 0.000 2.500 7.250 0.000 3.250 7.600 0.000 3.975
3 320 7.250 0.000 3.250 6.225 0.000 2.500 6.500 0.000 1.525
3 320 6.500 0.000 1.525 7.050 0.000 2.675 7.250 0.000 3.250
3 320 6.225 0.000 2.500 5.650 0.000 1.225 6.175 0.000 0.775
3 320 6.175 0.000 0.775 6.500 0.000 1.525 6.225 0.000 2.500
3 320 5.650 0.000 1.225 4.975 0.000 -0.200 5.575 0.000 -0.525
3 320 5.575 0.000 -0.525 6.175 0.000 0.775 5.650 0.000 1.225
3 320 4.975 0.000 -0.200 4.875 0.000 -0.925 5.300 0.000 -1.125
3 320 5.300 0.000 -1.125 5.575 0.000 -0.525 4.975 0.000 -0.200
3 320 5.575 0.000 -0.525 5.300 0.000 -1.125 5.475 0.000 -1.275
3 320 5.475 0.000 -1.275 5.875 0.000 -0.725 5.575 0.000 -0.525
3 320 5.875 0.000 -0.725 5.475 0.000 -1.275 6.075 0.000 -1.350
3 320 6.075 0.000 -1.350 6.075 0.000 -1.000 5.875 0.000 -0.725
3 320 5.475 0.000 -1.275 5.450 0.000 -1.400 6.000 0.000 -1.700
3 320 6.000 0.000 -1.700 6.075 0.000 -1.350 5.475 0.000 -1.275
3 320 5.450 0.000 -1.400 5.375 0.000 -1.575 6.000 0.000 -1.700
3 320 5.375 0.000 -1.575 4.850 0.000 -2.775 5.625 0.000 -2.450
3 320 5.625 0.000 -2.450 6.000 0.000 -1.700 5.375 0.000 -1.575
3 320 5.625 0.000 -2.450 4.850 0.000 -2.775 4.575 0.000 -3.325
3 320 4.575 0.000 -3.325 5.375 0.000 -3.100 5.625 0.000 -2.450
3 320 5.375 0.000 -3.100 4.575 0.000 -3.325 4.050 0.000 -4.000
3 320 4.050 0.000 -4.000 4.900 0.000 -4.000 5.375 0.000 -3.100
3 320 4.575 0.000 -3.325 4.150 0.000 -3.250 3.400 0.000 -3.725
3 320 3.400 0.000 -3.725 4.050 0.000 -4.000 4.575 0.000 -3.325
3 320 4.150 0.000 -3.250 3.600 0.000 -3.050 3.050 0.000 -3.500
3 320 3.050 0.000 -3.500 3.400 0.000 -3.725 4.150 0.000 -3.250
3 320 3.600 0.000 -3.050 2.800 0.000 -2.675 2.200 0.000 -3.150
3 320 2.200 0.000 -3.150 3.050 0.000 -3.500 3.600 0.000 -3.050
3 320 2.800 0.000 -2.675 1.750 0.000 -2.200 1.250 0.000 -2.700
3 320 1.250 0.000 -2.700 2.200 0.000 -3.150 2.800 0.000 -2.675
3 320 1.750 0.000 -2.200 0.675 0.000 -1.775 0.975 0.000 -2.475
3 320 0.975 0.000 -2.475 1.250 0.000 -2.700 1.750 0.000 -2.200
3 320 0.975 0.000 -2.475 0.675 0.000 -1.775 -0.675 0.000 -1.125
3 320 -0.675 0.000 -1.125 0.125 0.000 -2.125 0.975 0.000 -2.475
3 320 0.125 0.000 -2.125 -0.675 0.000 -1.125 -1.450 0.000 -0.800
3 320 -1.450 0.000 -0.800 -0.850 0.000 -1.725 0.125 0.000 -2.125
3 320 -0.850 0.000 -1.725 -1.450 0.000 -0.800 -2.375 0.000 -0.425
3 320 -2.375 0.000 -0.425 -1.800 0.000 -1.350 -0.850 0.000 -1.725
3 320 -2.375 0.000 -0.425 -2.050 0.000 -1.200 -1.800 0.000 -1.350
3 320 -2.050 0.000 -1.200 -2.375 0.000 -0.425 -2.900 0.000 -0.150
3 320 -2.900 0.000 -0.150 -2.875 0.000 -0.825 -2.050 0.000 -1.200
3 320 -2.875 0.000 -0.825 -2.900 0.000 -0.150 -3.775 0.000 -0.500
3 320 -3.775 0.000 -0.500 -3.200 0.000 -0.800 -2.875 0.000 -0.825
3 320 -2.900 0.000 -0.150 -3.575 0.000 0.175 -4.200 0.000 -0.125
3 320 -4.200 0.000 -0.125 -3.775 0.000 -0.500 -2.900 0.000 -0.150
3 320 -4.200 0.000 -0.125 -3.575 0.000 0.175 -3.575 0.000 0.475
3 320 -3.575 0.000 0.475 -4.225 0.000 0.125 -4.200 0.000 -0.125
3 320 -4.225 0.000 0.125 -3.575 0.000 0.475 -4.025 0.000 1.000
3 320 -4.025 0.000 1.000 -4.200 0.000 0.475 -4.225 0.000 0.125
3 320 -3.575 0.000 0.475 -3.325 0.000 1.000 -3.650 0.000 1.775
3 320 -3.650 0.000 1.775 -4.025 0.000 1.000 -3.575 0.000 0.475
3 320 -3.325 0.000 1.000 -2.750 0.000 2.250 -3.350 0.000 2.500
3 320 -3.350 0.000 2.500 -3.650 0.000 1.775 -3.325 0.000 1.000
3 320 -3.350 0.000 2.500 -2.750 0.000 2.250 -3.025 0.000 2.950
3 320 -3.025 0.000 2.950 -3.250 0.000 2.725 -3.350 0.000 2.500
3 320 -3.025 0.000 2.950 -2.750 0.000 2.250 -2.325 0.000 2.250
3 320 -2.325 0.000 2.250 -2.750 0.000 3.000 -3.025 0.000 2.950
3 320 -2.750 0.000 3.000 -2.325 0.000 2.250 -1.625 0.000 2.750
3 320 -1.625 0.000 2.750 -2.250 0.000 3.000 -2.750 0.000 3.000
3 320 -2.325 0.000 2.250 -2.050 0.000 2.175 -1.125 0.000 2.475
3 320 -1.125 0.000 2.475 -1.625 0.000 2.750 -2.325 0.000 2.250
3 320 -2.050 0.000 2.175 -1.375 0.000 1.875 -0.600 0.000 2.200
3 320 -0.600 0.000 2.200 -1.125 0.000 2.475 -2.050 0.000 2.175
3 320 -1.375 0.000 1.875 -0.575 0.000 1.500 -0.275 0.000 2.150
3 320 -0.275 0.000 2.150 -0.600 0.000 2.200 -1.375 0.000 1.875
3 320 -0.575 0.000 1.500 0.150 0.000 1.175 0.625 0.000 1.725
3 320 0.625 0.000 1.725 -0.275 0.000 2.150 -0.575 0.000 1.500
3 320 0.150 0.000 1.175 0.950 0.000 0.825 1.700 0.000 1.225
3 320 1.700 0.000 1.225 0.625 0.000 1.725 0.150 0.000 1.175
3 320 0.950 0.000 0.825 2.100 0.000 0.325 2.700 0.000 0.800
3 320 2.700 0.000 0.800 1.700 0.000 1.225 0.950 0.000 0.825
3 320 2.100 0.000 0.325 3.025 0.000 -0.075 3.650 0.000 0.325
3 320 3.650 0.000 0.325 2.700 0.000 0.800 2.100 0.000 0.325
3 320 3.025 0.000 -0.075 3.875 0.000 -0.475 4.350 0.000 -0.025
3 320 4.350 0.000 -0.025 3.650 0.000 0.325 3.025 0.000 -0.075
3 320 3.875 0.000 -0.475 4.525 0.000 -0.750 4.850 0.000 -0.200
3 320 4.850 0.000 -0.200 4.350 0.000 -0.025 3.875 0.000 -0.475
3 320 4.525 0.000 -0.750 4.875 0.000 -0.925 4.975 0.000 -0.200
3 320 4.975 0.000 -0.200 4.850 0.000 -0.200 4.525 0.000 -0.750
3 320 -2.250 0.000 3.000 -1.625 0.000 2.750 -1.225 0.000 3.425
3 320 -1.225 0.000 3.425 -1.900 0.000 3.650 -2.250 0.000 3.000
3 320 -1.900 0.000 3.650 -1.225 0.000 3.425 -0.800 0.000 4.475
3 320 -0.800 0.000 4.475 -1.425 0.000 4.725 -1.900 0.000 3.650
3 320 -1.425 0.000 4.725 -0.800 0.000 4.475 -0.425 0.000 5.175
3 320 -0.425 0.000 5.175 -1.150 0.000 5.300 -1.425 0.000 4.725
3 320 -0.425 0.000 5.175 -0.125 0.000 6.025 -0.750 0.000 6.225
3 320 -0.750 0.000 6.225 -1.150 0.000 5.300 -0.425 0.000 5.175
3 320 -0.125 0.000 6.025 0.225 0.000 6.850 -0.275 0.000 7.350
3 320 -0.275 0.000 7.350 -0.750 0.000 6.225 -0.125 0.000 6.025
3 320 0.225 0.000 6.850 0.625 0.000 7.675 0.025 0.000 8.025
3 320 0.025 0.000 8.025 -0.275 0.000 7.350 0.225 0.000 6.850
3 320 0.625 0.000 7.675 0.925 0.000 8.425 0.400 0.000 8.825
3 320 0.400 0.000 8.825 0.025 0.000 8.025 0.625 0.000 7.675
3 320 0.925 0.000 8.425 1.175 0.000 8.900 0.625 0.000 9.400
3 320 0.625 0.000 9.400 0.400 0.000 8.825 0.925 0.000 8.425
3 320 0.625 0.000 9.400 1.175 0.000 8.900 1.275 0.000 8.950
3 320 1.275 0.000 8.950 0.750 0.000 9.575 0.625 0.000 9.400
3 320 0.750 0.000 9.575 1.275 0.000 8.950 1.375 0.000 9.775
3 320 1.375 0.000 9.775 1.000 0.000 9.750 0.750 0.000 9.575
3 320 1.275 0.000 8.950 1.425 0.000 8.950 1.600 0.000 9.675
3 320 1.600 0.000 9.675 1.375 0.000 9.775 1.275 0.000 8.950
3 320 1.425 0.000 8.950 1.625 0.000 8.900 2.150 0.000 9.400
3 320 2.150 0.000 9.400 1.600 0.000 9.675 1.425 0.000 8.950
3 320 1.625 0.000 8.900 2.150 0.000 8.675 2.675 0.000 9.175
3 320 2.675 0.000 9.175 2.150 0.000 9.400 1.625 0.000 8.900
3 320 2.150 0.000 8.675 2.525 0.000 8.425 3.025 0.000 9.025
3 320 3.025 0.000 9.025 2.675 0.000 9.175 2.150 0.000 8.675
3 320 2.525 0.000 8.425 3.575 0.000 8.050 3.600 0.000 9.025
3 320 3.600 0.000 9.025 3.025 0.000 9.025 2.525 0.000 8.425
3 320 3.575 0.000 8.050 2.525 0.000 8.425 2.400 0.000 8.050
3 320 2.400 0.000 8.050 3.375 0.000 7.875 3.575 0.000 8.050
3 320 3.375 0.000 7.875 2.400 0.000 8.050 2.100 0.000 7.400
3 320 2.100 0.000 7.400 3.150 0.000 7.425 3.375 0.000 7.875
3 320 3.150 0.000 7.425 2.100 0.000 7.400 1.850 0.000 6.850
3 320 1.850 0.000 6.850 2.950 0.000 6.900 3.150 0.000 7.425
3 320 2.950 0.000 6.900 1.850 0.000 6.850 1.325 0.000 5.625
3 320 1.325 0.000 5.625 2.375 0.000 5.675 2.950 0.000 6.900
3 320 2.375 0.000 5.675 1.325 0.000 5.625 0.750 0.000 4.350
3 320 0.750 0.000 4.350 1.775 0.000 4.325 2.375 0.000 5.675
3 320 1.775 0.000 4.325 0.750 0.000 4.350 0.275 0.000 3.300
3 320 0.275 0.000 3.300 1.450 0.000 3.650 1.775 0.000 4.325
3 320 1.450 0.000 3.650 0.275 0.000 3.300 -0.075 0.000 2.425
3 320 -0.075 0.000 2.425 0.975 0.000 2.500 1.450 0.000 3.650
3 320 0.975 0.000 2.500 -0.075 0.000 2.425 -0.275 0.000 2.150
3 320 -0.275 0.000 2.150 0.625 0.000 1.725 0.975 0.000 2.500
3 320 5.525 0.000 7.075 5.500 0.000 6.900 6.325 0.000 6.450
3 320 6.325 0.000 6.450 6.450 0.000 6.675 5.525 0.000 7.075
3 320 5.500 0.000 6.900 5.225 0.000 6.300 6.000 0.000 5.725
3 320 6.000 0.000 5.725 6.325 0.000 6.450 5.500 0.000 6.900
3 320 5.225 0.000 6.300 4.900 0.000 5.625 5.575 0.000 4.725
3 320 5.575 0.000 4.725 6.000 0.000 5.725 5.225 0.000 6.300
3 320 4.900 0.000 5.625 4.475 0.000 4.600 5.000 0.000 3.575
3 320 5.000 0.000 3.575 5.575 0.000 4.725 4.900 0.000 5.625
3 320 4.475 0.000 4.600 3.950 0.000 3.475 4.550 0.000 2.500
3 320 4.550 0.000 2.500 5.000 0.000 3.575 4.475 0.000 4.600
3 320 3.950 0.000 3.475 3.525 0.000 2.525 4.100 0.000 1.525
3 320 4.100 0.000 1.525 4.550 0.000 2.500 3.950 0.000 3.475
3 320 3.525 0.000 2.525 3.100 0.000 1.500 3.850 0.000 0.950
3 320 3.850 0.000 0.950 4.100 0.000 1.525 3.525 0.000 2.525
3 320 3.100 0.000 1.500 2.900 0.000 1.100 3.650 0.000 0.325
3 320 3.650 0.000 0.325 3.850 0.000 0.950 3.100 0.000 1.500
3 320 2.900 0.000 1.100 2.700 0.000 0.800 3.650 0.000 0.325
3 320 3.400 0.000 -3.725 3.225 0.000 -4.225 3.900 0.000 -4.375
3 320 3.900 0.000 -4.375 4.050 0.000 -4.000 3.400 0.000 -3.725
3 320 3.225 0.000 -4.225 2.950 0.000 -4.775 3.550 0.000 -5.075
3 320 3.550 0.000 -5.075 3.900 0.000 -4.375 3.225 0.000 -4.225
3 320 2.950 0.000 -4.775 2.600 0.000 -5.525 3.275 0.000 -5.675
3 320 3.275 0.000 -5.675 3.550 0.000 -5.075 2.950 0.000 -4.775
3 320 2.600 0.000 -5.525 2.250 0.000 -6.325 2.850 0.000 -6.700
3 320 2.850 0.000 -6.700 3.275 0.000 -5.675 2.600 0.000 -5.525
3 320 2.250 0.000 -6.325 1.900 0.000 -7.025 2.575 0.000 -7.275
3 320 2.575 0.000 -7.275 2.850 0.000 -6.700 2.250 0.000 -6.325
3 320 1.900 0.000 -7.025 1.600 0.000 -7.850 2.275 0.000 -8.025
3 320 2.275 0.000 -8.025 2.575 0.000 -7.275 1.900 0.000 -7.025
3 320 1.600 0.000 -7.850 1.400 0.000 -8.400 2.000 0.000 -8.575
3 320 2.000 0.000 -8.575 2.275 0.000 -8.025 1.600 0.000 -7.850
3 320 1.400 0.000 -8.400 1.200 0.000 -8.675 1.800 0.000 -9.125
3 320 1.800 0.000 -9.125 2.000 0.000 -8.575 1.400 0.000 -8.400
3 320 1.200 0.000 -8.675 1.075 0.000 -8.800 1.675 0.000 -9.400
3 320 1.675 0.000 -9.400 1.800 0.000 -9.125 1.200 0.000 -8.675
3 320 1.075 0.000 -8.800 0.975 0.000 -8.850 1.500 0.000 -9.625
3 320 1.500 0.000 -9.625 1.675 0.000 -9.400 1.075 0.000 -8.800
3 320 0.975 0.000 -8.850 0.925 0.000 -8.875 1.225 0.000 -9.750
3 320 1.225 0.000 -9.750 1.500 0.000 -9.625 0.975 0.000 -8.850
3 320 0.925 0.000 -8.875 0.850 0.000 -8.900 0.925 0.000 -9.750
3 320 0.925 0.000 -9.750 1.225 0.000 -9.750 0.925 0.000 -8.875
3 320 0.925 0.000 -9.750 0.850 0.000 -8.900 0.675 0.000 -8.900
3 320 0.675 0.000 -8.900 0.625 0.000 -9.625 0.925 0.000 -9.750
3 320 0.625 0.000 -9.625 0.675 0.000 -8.900 0.225 0.000 -8.750
3 320 0.225 0.000 -8.750 0.050 0.000 -9.350 0.625 0.000 -9.625
3 320 0.050 0.000 -9.350 0.225 0.000 -8.750 -0.150 0.000 -8.525
3 320 -0.150 0.000 -8.525 -0.775 0.000 -9.000 0.050 0.000 -9.350
3 320 -0.150 0.000 -8.525 -1.150 0.000 -8.125 -1.000 0.000 -9.000
3 320 -1.000 0.000 -9.000 -0.775 0.000 -9.000 -0.150 0.000 -8.525
3 320 -1.150 0.000 -8.125 -1.400 0.000 -8.100 -1.150 0.000 -9.025
3 320 -1.150 0.000 -9.025 -1.000 0.000 -9.000 -1.150 0.000 -8.125
3 320 -1.150 0.000 -9.025 -1.400 0.000 -8.100 -1.500 0.000 -8.075
3 320 -1.500 0.000 -8.075 -1.475 0.000 -9.000 -1.150 0.000 -9.025
3 320 -1.475 0.000 -9.000 -1.500 0.000 -8.075 -2.250 0.000 -7.775
3 320 -2.250 0.000 -7.775 -2.025 0.000 -8.700 -1.475 0.000 -9.000
3 320 -2.250 0.000 -7.775 -2.350 0.000 -8.525 -2.025 0.000 -8.700
3 320 -2.350 0.000 -8.525 -2.250 0.000 -7.775 -2.825 0.000 -7.500
3 320 -2.825 0.000 -7.500 -2.800 0.000 -8.375 -2.350 0.000 -8.525
3 320 -2.800 0.000 -8.375 -2.825 0.000 -7.500 -3.425 0.000 -7.175
3 320 -3.425 0.000 -7.175 -3.375 0.000 -8.150 -2.800 0.000 -8.375
3 320 -3.375 0.000 -8.150 -3.425 0.000 -7.175 -4.225 0.000 -7.525
3 320 -4.225 0.000 -7.525 -3.800 0.000 -7.925 -3.375 0.000 -8.150
3 320 -3.425 0.000 -7.175 -4.150 0.000 -6.725 -4.675 0.000 -7.325
3 320 -4.675 0.000 -7.325 -4.225 0.000 -7.525 -3.425 0.000 -7.175
3 320 -4.150 0.000 -6.725 -4.375 0.000 -6.700 -5.875 0.000 -6.775
3 320 -5.875 0.000 -6.775 -4.675 0.000 -7.325 -4.150 0.000 -6.725
3 320 -5.225 0.000 -6.375 -5.875 0.000 -6.775 -4.375 0.000 -6.700
3 320 -5.225 0.000 -6.375 -5.500 0.000 -6.150 -6.150 0.000 -6.500
3 320 -6.150 0.000 -6.500 -5.875 0.000 -6.775 -5.225 0.000 -6.375
3 320 -6.150 0.000 -6.500 -5.500 0.000 -6.150 -6.225 0.000 -6.050
3 320 -6.225 0.000 -6.050 -6.250 0.000 -6.275 -6.150 0.000 -6.500
3 320 -6.225 0.000 -6.050 -5.500 0.000 -6.150 -5.375 0.000 -5.750
3 320 -5.375 0.000 -5.750 -6.125 0.000 -5.825 -6.225 0.000 -6.050
3 320 -6.125 0.000 -5.825 -5.375 0.000 -5.750 -5.000 0.000 -4.950
3 320 -5.000 0.000 -4.950 -5.975 0.000 -5.550 -6.125 0.000 -5.825
3 320 -5.975 0.000 -5.550 -5.000 0.000 -4.950 -4.475 0.000 -3.650
3 320 -4.475 0.000 -3.650 -5.650 0.000 -4.825 -5.975 0.000 -5.550
3 320 -5.650 0.000 -4.825 -4.475 0.000 -3.650 -3.925 0.000 -2.475
3 320 -3.925 0.000 -2.475 -5.125 0.000 -3.525 -5.650 0.000 -4.825
3 320 -5.125 0.000 -3.525 -3.925 0.000 -2.475 -3.450 0.000 -1.350
3 320 -3.450 0.000 -1.350 -4.475 0.000 -2.200 -5.125 0.000 -3.525
3 320 -4.475 0.000 -2.200 -3.450 0.000 -1.350 -3.275 0.000 -0.875
3 320 -3.275 0.000 -0.875 -3.975 0.000 -1.050 -4.475 0.000 -2.200
3 320 -3.975 0.000 -1.050 -3.275 0.000 -0.875 -3.200 0.000 -0.800
3 320 -3.200 0.000 -0.800 -3.800 0.000 -0.625 -3.975 0.000 -1.050
3 320 -3.775 0.000 -0.500 -3.800 0.000 -0.625 -3.200 0.000 -0.800
3 320 -0.150 0.000 -8.525 -0.200 0.000 -8.450 -1.025 0.000 -7.975
3 320 -1.025 0.000 -7.975 -1.150 0.000 -8.125 -0.150 0.000 -8.525
3 320 -0.200 0.000 -8.450 -0.175 0.000 -8.300 -0.800 0.000 -7.450
3 320 -0.800 0.000 -7.450 -1.025 0.000 -7.975 -0.200 0.000 -8.450
3 320 -0.800 0.000 -7.450 -0.175 0.000 -8.300 0.150 0.000 -7.500
3 320 0.150 0.000 -7.500 0.850 0.000 -5.900 0.025 0.000 -5.650
3 320 0.025 0.000 -5.650 -0.800 0.000 -7.450 0.150 0.000 -7.500
3 320 0.850 0.000 -5.900 1.625 0.000 -4.125 0.700 0.000 -4.075
3 320 0.700 0.000 -4.075 0.025 0.000 -5.650 0.850 0.000 -5.900
3 320 1.625 0.000 -4.125 1.875 0.000 -3.550 1.075 0.000 -3.300
3 320 1.075 0.000 -3.300 0.700 0.000 -4.075 1.625 0.000 -4.125
3 320 1.875 0.000 -3.550 2.200 0.000 -3.150 1.250 0.000 -2.850
3 320 1.250 0.000 -2.850 1.075 0.000 -3.300 1.875 0.000 -3.550
3 320 1.250 0.000 -2.700 1.250 0.000 -2.850 2.200 0.000 -3.150
3 320 -3.425 0.000 -7.175 -2.700 0.000 -5.550 -3.575 0.000 -5.500
3 320 -3.575 0.000 -5.500 -4.150 0.000 -6.725 -3.425 0.000 -7.175
3 320 -2.700 0.000 -5.550 -1.875 0.000 -3.725 -2.825 0.000 -3.725
3 320 -2.825 0.000 -3.725 -3.575 0.000 -5.500 -2.700 0.000 -5.550
3 320 -1.875 0.000 -3.725 -1.250 0.000 -2.300 -2.175 0.000 -2.300
3 320 -2.175 0.000 -2.300 -2.825 0.000 -3.725 -1.875 0.000 -3.725
3 320 -1.250 0.000 -2.300 -1.050 0.000 -1.875 -1.875 0.000 -1.725
3 320 -1.875 0.000 -1.725 -2.175 0.000 -2.300 -1.250 0.000 -2.300
3 320 -1.050 0.000 -1.875 -0.975 0.000 -1.750 -1.825 0.000 -1.550
3 320 -1.825 0.000 -1.550 -1.875 0.000 -1.725 -1.050 0.000 -1.875
3 320 -0.975 0.000 -1.750 -0.850 0.000 -1.725 -1.800 0.000 -1.350
3 320 -1.800 0.000 -1.350 -1.825 0.000 -1.550 -0.975 0.000 -1.750
3 15 -3.475 0.000 14.100 -2.350 0.000 13.775 -2.050 0.000 13.775
3 15 -2.050 0.000 13.775 -2.950 0.000 14.900 -3.475 0.000 14.100
3 15 -2.950 0.000 14.900 -2.050 0.000 13.775 -1.875 0.000 13.800
3 15 -1.250 0.000 15.100 -1.875 0.000 13.800 -1.375 0.000 14.050
3 15 -1.375 0.000 14.050 -1.125 0.000 14.125 -0.875 0.000 14.850
3 15 -0.875 0.000 14.850 -1.250 0.000 15.100 -1.375 0.000 14.050
3 15 -0.875 0.000 14.850 -1.125 0.000 14.125 -0.375 0.000 14.125
3 15 -0.375 0.000 14.125 -0.525 0.000 14.550 -0.875 0.000 14.850
3 15 -0.525 0.000 14.550 -0.375 0.000 14.125 -0.275 0.000 14.325
3 15 -0.275 0.000 14.325 -0.375 0.000 14.125 -0.125 0.000 13.875
3 15 -0.125 0.000 13.875 0.050 0.000 14.200 -0.275 0.000 14.325
3 15 0.050 0.000 14.200 -0.125 0.000 13.875 0.675 0.000 13.200
3 15 0.675 0.000 13.200 0.325 0.000 14.200 0.050 0.000 14.200
3 15 -3.475 0.000 14.100 -2.950 0.000 13.750 -2.350 0.000 13.775
3 15 -2.950 0.000 13.750 -2.675 0.000 13.450 -2.350 0.000 13.650
3 15 -2.350 0.000 13.650 -2.350 0.000 13.775 -2.950 0.000 13.750
3 15 -2.350 0.000 13.650 -2.675 0.000 13.450 -2.225 0.000 12.925
3 15 -2.225 0.000 12.925 -2.200 0.000 13.475 -2.350 0.000 13.650
3 15 -2.200 0.000 13.475 -2.225 0.000 12.925 -2.025 0.000 13.275
3 15 -2.025 0.000 13.275 -2.225 0.000 12.925 -0.975 0.000 12.675
3 15 -0.975 0.000 12.675 -1.775 0.000 13.175 -2.025 0.000 13.275
3 15 -3.475 0.000 14.100 -2.950 0.000 14.900 -5.150 0.000 15.450
3 15 -5.150 0.000 15.450 -3.850 0.000 14.325 -3.475 0.000 14.100
3 15 -3.850 0.000 14.325 -5.150 0.000 15.450 -5.225 0.000 15.325
3 15 -5.225 0.000 15.325 -4.150 0.000 14.325 -3.850 0.000 14.325
3 15 -4.150 0.000 14.325 -5.225 0.000 15.325 -5.400 0.000 15.225
3 15 -5.400 0.000 15.225 -4.425 0.000 13.975 -4.150 0.000 14.325
3 15 -4.425 0.000 13.975 -5.400 0.000 15.225 -5.800 0.000 15.125
3 15 -5.800 0.000 15.125 -5.925 0.000 13.325 -4.425 0.000 13.975
3 15 -5.925 0.000 13.325 -5.800 0.000 15.125 -6.350 0.000 15.000
3 15 -6.350 0.000 15.000 -6.475 0.000 13.625 -5.925 0.000 13.325
3 15 -6.475 0.000 13.625 -6.350 0.000 15.000 -6.725 0.000 14.975
3 15 -6.725 0.000 14.975 -6.900 0.000 13.825 -6.475 0.000 13.625
3 15 -6.900 0.000 13.825 -6.725 0.000 14.975 -7.150 0.000 14.950
3 15 -7.150 0.000 14.950 -7.425 0.000 14.075 -6.900 0.000 13.825
3 15 -7.425 0.000 14.075 -7.150 0.000 14.950 -7.550 0.000 14.875
3 15 -7.550 0.000 14.875 -7.775 0.000 14.225 -7.425 0.000 14.075
3 15 -7.775 0.000 14.225 -7.550 0.000 14.875 -8.150 0.000 14.800
3 15 -8.150 0.000 14.800 -8.200 0.000 14.450 -7.775 0.000 14.225
3 15 -8.150 0.000 14.800 -8.500 0.000 14.600 -8.200 0.000 14.450
3 15 -8.150 0.000 14.800 -8.675 0.000 14.675 -8.500 0.000 14.600
3 15 -4.425 0.000 13.975 -5.925 0.000 13.325 -5.775 0.000 13.200
3 15 -5.775 0.000 13.200 -4.450 0.000 13.750 -4.425 0.000 13.975
3 15 -4.450 0.000 13.750 -5.775 0.000 13.200 -5.825 0.000 12.925
3 15 -5.825 0.000 12.925 -4.200 0.000 13.500 -4.450 0.000 13.750
3 15 -4.200 0.000 13.500 -5.825 0.000 12.925 -3.875 0.000 12.325
3 15 -3.875 0.000 12.325 -3.175 0.000 12.975 -4.200 0.000 13.500
3 15 -5.825 0.000 12.925 -6.025 0.000 12.250 -4.675 0.000 11.550
3 15 -4.675 0.000 11.550 -3.875 0.000 12.325 -5.825 0.000 12.925
3 15 -6.025 0.000 12.250 -6.325 0.000 11.475 -5.425 0.000 10.725
3 15 -5.425 0.000 10.725 -4.675 0.000 11.550 -6.025 0.000 12.250
3 15 -6.325 0.000 11.475 -6.775 0.000 10.500 -6.300 0.000 9.675
3 15 -6.300 0.000 9.675 -5.425 0.000 10.725 -6.325 0.000 11.475
3 15 -6.775 0.000 10.500 -7.225 0.000 9.375 -6.925 0.000 8.950
3 15 -6.925 0.000 8.950 -6.300 0.000 9.675 -6.775 0.000 10.500
3 15 -7.225 0.000 9.375 -7.475 0.000 8.800 -7.275 0.000 8.525
3 15 -7.275 0.000 8.525 -6.925 0.000 8.950 -7.225 0.000 9.375
3 15 -7.475 0.000 8.800 -7.675 0.000 8.325 -7.650 0.000 8.125
3 15 -7.650 0.000 8.125 -7.275 0.000 8.525 -7.475 0.000 8.800
3 15 -7.675 0.000 8.325 -7.775 0.000 8.025 -7.650 0.000 8.125
3 15 -3.175 0.000 12.975 -3.875 0.000 12.325 -3.700 0.000 12.325
3 15 -3.700 0.000 12.325 -2.950 0.000 12.925 -3.175 0.000 12.975
3 15 -3.700 0.000 12.325 -3.550 0.000 12.175 -2.225 0.000 12.925
3 15 -2.225 0.000 12.925 -2.950 0.000 12.925 -3.700 0.000 12.325
3 15 -3.550 0.000 12.175 -3.200 0.000 11.750 -0.975 0.000 12.675
3 15 -0.975 0.000 12.675 -2.225 0.000 12.925 -3.550 0.000 12.175
3 15 -0.975 0.000 12.675 -3.200 0.000 11.750 -1.050 0.000 12.250
3 15 -1.050 0.000 12.250 -3.200 0.000 11.750 -2.900 0.000 11.275
3 15 -2.900 0.000 11.275 -1.125 0.000 11.825 -1.050 0.000 12.250
3 15 -1.125 0.000 11.825 -2.900 0.000 11.275 -2.550 0.000 10.800
3 15 -2.550 0.000 10.800 -1.175 0.000 10.975 -1.125 0.000 11.825
3 15 -1.175 0.000 10.975 -2.550 0.000 10.800 -2.250 0.000 10.250
3 15 -2.250 0.000 10.250 -1.200 0.000 10.475 -1.175 0.000 10.975
3 15 -1.200 0.000 10.475 -2.250 0.000 10.250 -1.725 0.000 9.450
3 15 -1.725 0.000 9.450 -1.200 0.000 9.625 -1.200 0.000 10.475
3 15 -1.200 0.000 9.625 -1.725 0.000 9.450 -1.425 0.000 8.950
3 15 -1.425 0.000 8.950 -1.225 0.000 9.075 -1.200 0.000 9.625
3 15 -1.225 0.000 9.075 -1.425 0.000 8.950 -1.225 0.000 8.725
3 15 -1.775 0.000 13.175 -0.975 0.000 12.675 -0.650 0.000 12.850
3 15 -0.650 0.000 12.850 -1.200 0.000 13.175 -1.775 0.000 13.175
3 15 -1.200 0.000 13.175 -0.650 0.000 12.850 0.050 0.000 13.050
3 15 0.050 0.000 13.050 -0.550 0.000 13.550 -1.200 0.000 13.175
3 15 -0.550 0.000 13.550 0.050 0.000 13.050 0.675 0.000 13.200
3 15 0.675 0.000 13.200 -0.125 0.000 13.875 -0.550 0.000 13.550
3 15 0.325 0.000 14.200 0.675 0.000 13.200 1.050 0.000 13.275
3 15 1.050 0.000 13.275 0.625 0.000 14.300 0.325 0.000 14.200
3 15 0.625 0.000 14.300 1.050 0.000 13.275 1.350 0.000 14.125
3 15 1.350 0.000 14.125 0.850 0.000 14.275 0.625 0.000 14.300
3 15 1.050 0.000 13.275 1.550 0.000 13.375 1.850 0.000 13.950
3 15 1.850 0.000 13.950 1.350 0.000 14.125 1.050 0.000 13.275
3 15 1.550 0.000 13.375 2.075 0.000 13.475 2.250 0.000 13.800
3 15 2.250 0.000 13.800 1.850 0.000 13.950 1.550 0.000 13.375
3 15 2.075 0.000 13.475 2.450 0.000 13.575 2.550 0.000 13.700
3 15 2.550 0.000 13.700 2.250 0.000 13.800 2.075 0.000 13.475
3 15 2.550 0.000 13.700 2.450 0.000 13.575 2.700 0.000 13.650
3 4 1.275 0.000 8.950 1.175 0.000 8.900 0.925 0.000 8.425
3 4 0.925 0.000 8.425 1.425 0.000 8.950 1.275 0.000 8.950
3 4 1.425 0.000 8.950 0.925 0.000 8.425 2.400 0.000 8.050
3 4 2.400 0.000 8.050 1.625 0.000 8.900 1.425 0.000 8.950
3 4 1.625 0.000 8.900 2.400 0.000 8.050 2.525 0.000 8.425
3 4 2.525 0.000 8.425 2.150 0.000 8.675 1.625 0.000 8.900
3 4 0.925 0.000 8.425 0.625 0.000 7.675 2.100 0.000 7.400
3 4 2.100 0.000 7.400 2.400 0.000 8.050 0.925 0.000 8.425
3 4 0.625 0.000 7.675 0.225 0.000 6.850 1.850 0.000 6.850
3 4 1.850 0.000 6.850 2.100 0.000 7.400 0.625 0.000 7.675
3 4 0.225 0.000 6.850 -0.125 0.000 6.025 1.325 0.000 5.625
3 4 1.325 0.000 5.625 1.850 0.000 6.850 0.225 0.000 6.850
3 4 -0.125 0.000 6.025 -0.425 0.000 5.175 0.750 0.000 4.350
3 4 0.750 0.000 4.350 1.325 0.000 5.625 -0.125 0.000 6.025
3 4 -0.425 0.000 5.175 -0.800 0.000 4.475 0.275 0.000 3.300
3 4 0.275 0.000 3.300 0.750 0.000 4.350 -0.425 0.000 5.175
3 4 -0.800 0.000 4.475 -1.225 0.000 3.425 -0.075 0.000 2.425
3 4 -0.075 0.000 2.425 0.275 0.000 3.300 -0.800 0.000 4.475
3 4 -0.075 0.000 2.425 -1.225 0.000 3.425 -1.625 0.000 2.750
3 4 -1.625 0.000 2.750 -1.125 0.000 2.475 -0.075 0.000 2.425
3 4 -0.275 0.000 2.150 -0.075 0.000 2.425 -1.125 0.000 2.475
3 4 -1.125 0.000 2.475 -0.600 0.000 2.200 -0.275 0.000 2.150
3 4 0.625 0.000 1.725 1.700 0.000 1.225 3.100 0.000 1.500
3 4 3.100 0.000 1.500 0.975 0.000 2.500 0.625 0.000 1.725
3 4 3.100 0.000 1.500 1.700 0.000 1.225 2.700 0.000 0.800
3 4 2.700 0.000 0.800 2.900 0.000 1.100 3.100 0.000 1.500
3 4 3.100 0.000 1.500 3.525 0.000 2.525 1.450 0.000 3.650
3 4 1.450 0.000 3.650 0.975 0.000 2.500 3.100 0.000 1.500
3 4 3.525 0.000 2.525 3.950 0.000 3.475 1.775 0.000 4.325
3 4 1.775 0.000 4.325 1.450 0.000 3.650 3.525 0.000 2.525
3 4 3.950 0.000 3.475 4.475 0.000 4.600 2.375 0.000 5.675
3 4 2.375 0.000 5.675 1.775 0.000 4.325 3.950 0.000 3.475
3 4 4.475 0.000 4.600 4.900 0.000 5.625 2.950 0.000 6.900
3 4 2.950 0.000 6.900 2.375 0.000 5.675 4.475 0.000 4.600
3 4 4.900 0.000 5.625 5.225 0.000 6.300 3.150 0.000 7.425
3 4 3.150 0.000 7.425 2.950 0.000 6.900 4.900 0.000 5.625
3 4 3.150 0.000 7.425 5.225 0.000 6.300 5.500 0.000 6.900
3 4 5.500 0.000 6.900 4.600 0.000 7.650 3.150 0.000 7.425
3 4 4.600 0.000 7.650 5.500 0.000 6.900 5.525 0.000 7.075
3 4 5.525 0.000 7.075 5.225 0.000 7.350 4.600 0.000 7.650
3 4 3.150 0.000 7.425 4.600 0.000 7.650 3.575 0.000 8.050
3 4 3.575 0.000 8.050 3.375 0.000 7.875 3.150 0.000 7.425
3 4 6.450 0.000 6.675 6.325 0.000 6.450 7.050 0.000 6.550
3 4 7.050 0.000 6.550 6.700 0.000 6.675 6.450 0.000 6.675
3 4 6.325 0.000 6.450 7.700 0.000 5.750 7.500 0.000 6.325
3 4 7.500 0.000 6.325 7.050 0.000 6.550 6.325 0.000 6.450
3 4 7.700 0.000 5.750 7.750 0.000 5.900 7.750 0.000 6.000
3 4 7.750 0.000 6.000 7.500 0.000 6.325 7.700 0.000 5.750
3 4 7.500 0.000 6.325 7.750 0.000 6.000 7.750 0.000 6.125
3 4 6.325 0.000 6.450 6.000 0.000 5.725 6.950 0.000 4.250
3 4 6.950 0.000 4.250 7.700 0.000 5.750 6.325 0.000 6.450
3 4 6.000 0.000 5.725 5.575 0.000 4.725 6.625 0.000 3.525
3 4 6.625 0.000 3.525 6.950 0.000 4.250 6.000 0.000 5.725
3 4 5.575 0.000 4.725 5.000 0.000 3.575 6.225 0.000 2.500
3 4 6.225 0.000 2.500 6.625 0.000 3.525 5.575 0.000 4.725
3 4 5.000 0.000 3.575 4.550 0.000 2.500 5.650 0.000 1.225
3 4 5.650 0.000 1.225 6.225 0.000 2.500 5.000 0.000 3.575
3 4 4.550 0.000 2.500 4.100 0.000 1.525 4.975 0.000 -0.200
3 4 4.975 0.000 -0.200 5.650 0.000 1.225 4.550 0.000 2.500
3 4 4.100 0.000 1.525 3.850 0.000 0.950 4.850 0.000 -0.200
3 4 4.850 0.000 -0.200 4.975 0.000 -0.200 4.100 0.000 1.525
3 4 4.850 0.000 -0.200 3.850 0.000 0.950 3.650 0.000 0.325
3 4 3.650 0.000 0.325 4.350 0.000 -0.025 4.850 0.000 -0.200
3 4 -2.750 0.000 2.250 -3.325 0.000 1.000 -2.900 0.000 -0.150
3 4 -2.900 0.000 -0.150 -2.325 0.000 2.250 -2.750 0.000 2.250
3 4 -2.325 0.000 2.250 -2.900 0.000 -0.150 -2.375 0.000 -0.425
3 4 -2.375 0.000 -0.425 -2.050 0.000 2.175 -2.325 0.000 2.250
3 4 -2.050 0.000 2.175 -2.375 0.000 -0.425 -1.450 0.000 -0.800
3 4 -1.450 0.000 -0.800 -1.375 0.000 1.875 -2.050 0.000 2.175
3 4 -1.375 0.000 1.875 -1.450 0.000 -0.800 -0.675 0.000 -1.125
3 4 -0.675 0.000 -1.125 -0.575 0.000 1.500 -1.375 0.000 1.875
3 4 -0.575 0.000 1.500 -0.675 0.000 -1.125 0.675 0.000 -1.775
3 4 0.675 0.000 -1.775 0.150 0.000 1.175 -0.575 0.000 1.500
3 4 0.150 0.000 1.175 0.675 0.000 -1.775 1.750 0.000 -2.200
3 4 1.750 0.000 -2.200 0.950 0.000 0.825 0.150 0.000 1.175
3 4 0.950 0.000 0.825 1.750 0.000 -2.200 2.800 0.000 -2.675
3 4 2.800 0.000 -2.675 2.100 0.000 0.325 0.950 0.000 0.825
3 4 2.100 0.000 0.325 2.800 0.000 -2.675 3.600 0.000 -3.050
3 4 3.600 0.000 -3.050 3.025 0.000 -0.075 2.100 0.000 0.325
3 4 3.025 0.000 -0.075 3.600 0.000 -3.050 4.150 0.000 -3.250
3 4 4.150 0.000 -3.250 3.875 0.000 -0.475 3.025 0.000 -0.075
3 4 3.875 0.000 -0.475 4.150 0.000 -3.250 4.575 0.000 -3.325
3 4 4.575 0.000 -3.325 4.525 0.000 -0.750 3.875 0.000 -0.475
3 4 4.525 0.000 -0.750 4.575 0.000 -3.325 4.850 0.000 -2.775
3 4 4.850 0.000 -2.775 4.875 0.000 -0.925 4.525 0.000 -0.750
3 4 4.875 0.000 -0.925 4.850 0.000 -2.775 5.375 0.000 -1.575
3 4 5.375 0.000 -1.575 5.300 0.000 -1.125 4.875 0.000 -0.925
3 4 5.475 0.000 -1.275 5.300 0.000 -1.125 5.375 0.000 -1.575
3 4 5.375 0.000 -1.575 5.450 0.000 -1.400 5.475 0.000 -1.275
3 4 -3.575 0.000 0.175 -2.900 0.000 -0.150 -3.325 0.000 1.000
3 4 -3.325 0.000 1.000 -3.575 0.000 0.475 -3.575 0.000 0.175
3 4 -3.200 0.000 -0.800 -3.275 0.000 -0.875 -2.050 0.000 -1.200
3 4 -2.050 0.000 -1.200 -2.875 0.000 -0.825 -3.200 0.000 -0.800
3 4 -2.050 0.000 -1.200 -3.275 0.000 -0.875 -3.450 0.000 -1.350
3 4 -3.450 0.000 -1.350 -1.825 0.000 -1.550 -2.050 0.000 -1.200
3 4 -1.825 0.000 -1.550 -3.450 0.000 -1.350 -3.925 0.000 -2.475
3 4 -3.925 0.000 -2.475 -1.875 0.000 -1.725 -1.825 0.000 -1.550
3 4 -1.875 0.000 -1.725 -3.925 0.000 -2.475 -4.475 0.000 -3.650
3 4 -4.475 0.000 -3.650 -2.175 0.000 -2.300 -1.875 0.000 -1.725
3 4 -2.175 0.000 -2.300 -4.475 0.000 -3.650 -5.000 0.000 -4.950
3 4 -5.000 0.000 -4.950 -2.825 0.000 -3.725 -2.175 0.000 -2.300
3 4 -2.825 0.000 -3.725 -5.000 0.000 -4.950 -5.375 0.000 -5.750
3 4 -5.375 0.000 -5.750 -3.575 0.000 -5.500 -2.825 0.000 -3.725
3 4 -2.050 0.000 -1.200 -1.825 0.000 -1.550 -1.800 0.000 -1.350
3 4 -0.975 0.000 -1.750 -1.050 0.000 -1.875 0.125 0.000 -2.125
3 4 0.125 0.000 -2.125 -0.850 0.000 -1.725 -0.975 0.000 -1.750
3 4 -1.050 0.000 -1.875 1.250 0.000 -2.850 0.975 0.000 -2.475
3 4 0.975 0.000 -2.475 0.125 0.000 -2.125 -1.050 0.000 -1.875
3 4 0.975 0.000 -2.475 1.250 0.000 -2.850 1.250 0.000 -2.700
3 4 -1.050 0.000 -1.875 -1.250 0.000 -2.300 1.075 0.000 -3.300
3 4 1.075 0.000 -3.300 1.250 0.000 -2.850 -1.050 0.000 -1.875
3 4 -1.250 0.000 -2.300 -1.875 0.000 -3.725 0.700 0.000 -4.075
3 4 0.700 0.000 -4.075 1.075 0.000 -3.300 -1.250 0.000 -2.300
3 4 -1.875 0.000 -3.725 -2.700 0.000 -5.550 0.025 0.000 -5.650
3 4 0.025 0.000 -5.650 0.700 0.000 -4.075 -1.875 0.000 -3.725
3 4 2.200 0.000 -3.150 1.875 0.000 -3.550 3.225 0.000 -4.225
3 4 3.225 0.000 -4.225 3.050 0.000 -3.500 2.200 0.000 -3.150
3 4 3.050 0.000 -3.500 3.225 0.000 -4.225 3.400 0.000 -3.725
3 4 3.225 0.000 -4.225 1.875 0.000 -3.550 1.625 0.000 -4.125
3 4 1.625 0.000 -4.125 2.950 0.000 -4.775 3.225 0.000 -4.225
3 4 2.950 0.000 -4.775 1.625 0.000 -4.125 0.850 0.000 -5.900
3 4 0.850 0.000 -5.900 2.600 0.000 -5.525 2.950 0.000 -4.775
3 4 2.600 0.000 -5.525 0.850 0.000 -5.900 0.150 0.000 -7.500
3 4 0.150 0.000 -7.500 2.250 0.000 -6.325 2.600 0.000 -5.525
3 4 2.250 0.000 -6.325 0.150 0.000 -7.500 1.900 0.000 -7.025
3 4 1.900 0.000 -7.025 0.150 0.000 -7.500 1.600 0.000 -7.850
3 4 1.600 0.000 -7.850 0.150 0.000 -7.500 -0.175 0.000 -8.300
3 4 -0.175 0.000 -8.300 1.400 0.000 -8.400 1.600 0.000 -7.850
3 4 0.025 0.000 -5.650 -2.700 0.000 -5.550 -2.250 0.000 -7.775
3 4 -2.250 0.000 -7.775 -0.800 0.000 -7.450 0.025 0.000 -5.650
3 4 -2.250 0.000 -7.775 -2.700 0.000 -5.550 -3.425 0.000 -7.175
3 4 -3.425 0.000 -7.175 -2.825 0.000 -7.500 -2.250 0.000 -7.775
3 4 -5.500 0.000 -6.150 -5.225 0.000 -6.375 -4.375 0.000 -6.700
3 4 -4.375 0.000 -6.700 -5.375 0.000 -5.750 -5.500 0.000 -6.150
3 4 -5.375 0.000 -5.750 -4.375 0.000 -6.700 -4.150 0.000 -6.725
3 4 -4.150 0.000 -6.725 -3.575 0.000 -5.500 -5.375 0.000 -5.750
3 4 -2.250 0.000 -7.775 -1.500 0.000 -8.075 -1.025 0.000 -7.975
3 4 -1.025 0.000 -7.975 -0.800 0.000 -7.450 -2.250 0.000 -7.775
3 4 -1.500 0.000 -8.075 -1.400 0.000 -8.100 -1.150 0.000 -8.125
3 4 -1.150 0.000 -8.125 -1.025 0.000 -7.975 -1.500 0.000 -8.075
3 4 1.400 0.000 -8.400 -0.175 0.000 -8.300 -0.200 0.000 -8.450
3 4 -0.200 0.000 -8.450 1.200 0.000 -8.675 1.400 0.000 -8.400
3 4 1.200 0.000 -8.675 -0.200 0.000 -8.450 -0.150 0.000 -8.525
3 4 -0.150 0.000 -8.525 1.075 0.000 -8.800 1.200 0.000 -8.675
3 4 1.075 0.000 -8.800 -0.150 0.000 -8.525 0.225 0.000 -8.750
3 4 0.225 0.000 -8.750 0.975 0.000 -8.850 1.075 0.000 -8.800
3 4 0.975 0.000 -8.850 0.225 0.000 -8.750 0.675 0.000 -8.900
3 4 0.675 0.000 -8.900 0.925 0.000 -8.875 0.975 0.000 -8.850
3 4 0.925 0.000 -8.875 0.675 0.000 -8.900 0.850 0.000 -8.900
3 0x296CA3C 1.275 0.000 14.825 1.350 0.000 14.125 1.850 0.000 13.950
3 0x296CA3C 1.850 0.000 13.950 1.575 0.000 15.000 1.275 0.000 14.825
3 0x296CA3C 1.275 0.000 14.825 1.000 0.000 14.700 0.850 0.000 14.275
3 0x296CA3C 0.850 0.000 14.275 1.350 0.000 14.125 1.275 0.000 14.825
3 0x296CA3C 1.000 0.000 14.700 0.600 0.000 14.500 0.625 0.000 14.300
3 0x296CA3C 0.625 0.000 14.300 0.850 0.000 14.275 1.000 0.000 14.700
3 0x296CA3C 0.600 0.000 14.500 0.375 0.000 14.400 0.325 0.000 14.200
3 0x296CA3C 0.325 0.000 14.200 0.625 0.000 14.300 0.600 0.000 14.500
3 0x296CA3C 0.375 0.000 14.400 0.125 0.000 14.400 0.050 0.000 14.200
3 0x296CA3C 0.050 0.000 14.200 0.325 0.000 14.200 0.375 0.000 14.400
3 0x296CA3C 0.125 0.000 14.400 -0.325 0.000 14.650 -0.275 0.000 14.325
3 0x296CA3C -0.275 0.000 14.325 0.050 0.000 14.200 0.125 0.000 14.400
3 0x296CA3C -0.325 0.000 14.650 -0.525 0.000 14.550 -0.275 0.000 14.325
3 0x296CA3C -0.525 0.000 14.550 -0.325 0.000 14.650 -0.075 0.000 15.000
3 0x296CA3C -0.075 0.000 15.000 -0.875 0.000 14.850 -0.525 0.000 14.550
3 0x296CA3C -0.875 0.000 14.850 -0.075 0.000 15.000 0.150 0.000 15.175
3 0x296CA3C 0.150 0.000 15.175 -1.250 0.000 15.100 -0.875 0.000 14.850
3 0x296CA3C -1.250 0.000 15.100 0.150 0.000 15.175 0.425 0.000 15.350
3 0x296CA3C 0.425 0.000 15.350 -1.250 0.000 15.325 -1.250 0.000 15.100
3 0x296CA3C -1.250 0.000 15.325 0.425 0.000 15.350 0.675 0.000 15.450
3 0x296CA3C 0.675 0.000 15.450 -1.075 0.000 15.775 -1.250 0.000 15.325
3 0x296CA3C -1.075 0.000 15.775 0.675 0.000 15.450 0.975 0.000 15.450
3 0x296CA3C 0.975 0.000 15.450 -0.625 0.000 16.625 -1.075 0.000 15.775
3 0x296CA3C 0.975 0.000 15.450 1.450 0.000 15.700 -0.150 0.000 17.450
3 0x296CA3C -0.150 0.000 17.450 -0.625 0.000 16.625 0.975 0.000 15.450
3 0x296CA3C 1.450 0.000 15.700 1.775 0.000 15.925 0.325 0.000 18.300
3 0x296CA3C 0.325 0.000 18.300 -0.150 0.000 17.450 1.450 0.000 15.700
3 0x296CA3C 0.975 0.000 15.450 1.250 0.000 15.300 2.050 0.000 15.125
3 0x296CA3C 2.050 0.000 15.125 1.450 0.000 15.700 0.975 0.000 15.450
3 0x296CA3C 1.250 0.000 15.300 1.575 0.000 15.000 2.050 0.000 15.125
3 0x296CA3C 1.575 0.000 15.000 1.850 0.000 13.950 2.250 0.000 13.800
3 0x296CA3C 2.250 0.000 13.800 2.050 0.000 15.125 1.575 0.000 15.000
3 0x296CA3C 2.050 0.000 15.125 2.250 0.000 13.800 2.550 0.000 13.700
3 0x296CA3C 2.550 0.000 13.700 2.775 0.000 15.000 2.050 0.000 15.125
3 0x296CA3C 2.775 0.000 15.000 2.550 0.000 13.700 2.700 0.000 13.650
3 0x296CA3C 2.700 0.000 13.650 3.025 0.000 14.950 2.775 0.000 15.000
3 0x296CA3C 3.025 0.000 14.950 2.700 0.000 13.650 3.425 0.000 14.825
3 0x296CA3C 3.425 0.000 14.825 3.275 0.000 14.875 3.025 0.000 14.950
3 0x296CA3C 2.700 0.000 13.650 3.950 0.000 14.425 3.800 0.000 15.325
3 0x296CA3C 3.800 0.000 15.325 3.425 0.000 14.825 2.700 0.000 13.650
3 0x296CA3C 3.800 0.000 15.325 3.375 0.000 15.200 3.425 0.000 14.825
3 0x296CA3C 3.300 0.000 15.475 3.375 0.000 15.200 3.800 0.000 15.325
3 0x296CA3C 3.300 0.000 15.475 3.800 0.000 15.325 2.725 0.000 17.175
3 0x296CA3C 2.725 0.000 17.175 3.150 0.000 15.675 3.300 0.000 15.475
3 0x296CA3C 0.325 0.000 18.300 1.775 0.000 15.925 1.950 0.000 15.925
3 0x296CA3C 1.950 0.000 15.925 2.725 0.000 17.175 0.325 0.000 18.300
3 0x296CA3C 2.725 0.000 17.175 1.950 0.000 15.925 2.475 0.000 15.925
3 0x296CA3C 2.725 0.000 17.175 2.475 0.000 15.925 2.875 0.000 15.825
3 0x296CA3C 2.725 0.000 17.175 2.875 0.000 15.825 3.150 0.000 15.675
3 0x296CA3C 2.725 0.000 17.175 3.800 0.000 15.325 4.000 0.000 15.300
3 0x296CA3C 4.000 0.000 15.300 5.275 0.000 16.475 2.725 0.000 17.175
3 0x296CA3C 5.275 0.000 16.475 4.000 0.000 15.300 4.400 0.000 15.050
3 0x296CA3C 5.275 0.000 16.475 4.400 0.000 15.050 4.900 0.000 14.600
3 0x296CA3C 4.900 0.000 14.600 5.100 0.000 14.350 6.875 0.000 14.675
3 0x296CA3C 6.875 0.000 14.675 5.275 0.000 16.475 4.900 0.000 14.600
3 0x296CA3C 5.100 0.000 14.350 5.100 0.000 13.975 5.575 0.000 13.750
3 0x296CA3C 5.575 0.000 13.750 6.875 0.000 14.675 5.100 0.000 14.350
3 0x296CA3C 6.875 0.000 14.675 5.575 0.000 13.750 5.750 0.000 13.425
3 0x296CA3C 5.750 0.000 13.425 5.925 0.000 12.950 9.600 0.000 13.400
3 0x296CA3C 9.600 0.000 13.400 6.875 0.000 14.675 5.750 0.000 13.425
3 0x296CA3C 9.600 0.000 13.400 5.925 0.000 12.950 6.075 0.000 12.525
3 0x296CA3C 6.075 0.000 12.525 6.075 0.000 12.100 9.600 0.000 11.000
3 0x296CA3C 9.600 0.000 11.000 9.600 0.000 13.400 6.075 0.000 12.525
3 0x296CA3C 6.075 0.000 12.100 6.050 0.000 11.925 6.075 0.000 11.300
3 0x296CA3C 6.075 0.000 11.300 9.600 0.000 11.000 6.075 0.000 12.100
3 0x296CA3C 6.075 0.000 11.300 6.075 0.000 10.975 9.600 0.000 11.000
3 0x296CA3C 9.600 0.000 11.000 6.075 0.000 10.975 6.000 0.000 10.625
3 0x296CA3C 9.600 0.000 11.000 6.000 0.000 10.625 5.850 0.000 10.150
3 0x296CA3C 5.850 0.000 10.150 5.725 0.000 9.825 9.600 0.000 8.600
3 0x296CA3C 9.600 0.000 8.600 9.600 0.000 11.000 5.850 0.000 10.150
3 0x296CA3C 5.725 0.000 9.825 5.500 0.000 9.325 9.600 0.000 8.600
3 0x296CA3C 5.500 0.000 9.325 5.250 0.000 8.800 5.100 0.000 8.425
3 0x296CA3C 5.100 0.000 8.425 9.600 0.000 8.600 5.500 0.000 9.325
3 0x296CA3C 5.100 0.000 8.425 5.575 0.000 8.125 5.925 0.000 8.000
3 0x296CA3C 5.925 0.000 8.000 9.600 0.000 8.600 5.100 0.000 8.425
3 0x296CA3C 9.600 0.000 8.600 5.925 0.000 8.000 6.175 0.000 7.850
3 0x296CA3C 6.175 0.000 7.850 6.475 0.000 7.525 6.825 0.000 7.350
3 0x296CA3C 6.825 0.000 7.350 9.600 0.000 8.600 6.175 0.000 7.850
3 0x296CA3C 9.600 0.000 8.600 6.825 0.000 7.350 7.350 0.000 7.100
3 0x296CA3C 9.600 0.000 8.600 7.350 0.000 7.100 7.925 0.000 6.825
3 0x296CA3C 9.600 0.000 8.600 7.925 0.000 6.825 8.275 0.000 6.625
3 0x296CA3C 8.275 0.000 6.625 8.500 0.000 6.425 9.600 0.000 6.200
3 0x296CA3C 9.600 0.000 6.200 9.600 0.000 8.600 8.275 0.000 6.625
3 0x296CA3C 8.500 0.000 6.425 8.500 0.000 6.125 9.600 0.000 6.200
3 0x296CA3C 9.600 0.000 6.200 8.500 0.000 6.125 8.400 0.000 5.775
3 0x296CA3C 8.400 0.000 5.775 8.150 0.000 5.250 9.600 0.000 3.800
3 0x296CA3C 9.600 0.000 3.800 9.600 0.000 6.200 8.400 0.000 5.775
3 0x296CA3C 8.150 0.000 5.250 7.600 0.000 3.975 9.600 0.000 3.800
3 0x296CA3C 7.600 0.000 3.975 7.250 0.000 3.250 9.600 0.000 1.400
3 0x296CA3C 9.600 0.000 1.400 9.600 0.000 3.800 7.600 0.000 3.975
3 0x296CA3C 7.250 0.000 3.250 7.050 0.000 2.675 9.600 0.000 1.400
3 0x296CA3C 7.050 0.000 2.675 6.500 0.000 1.525 9.600 0.000 -1.000
3 0x296CA3C 9.600 0.000 -1.000 9.600 0.000 1.400 7.050 0.000 2.675
3 0x296CA3C 6.500 0.000 1.525 6.175 0.000 0.775 9.600 0.000 -1.000
3 0x296CA3C 6.175 0.000 0.775 5.575 0.000 -0.525 5.875 0.000 -0.725
3 0x296CA3C 5.875 0.000 -0.725 9.600 0.000 -1.000 6.175 0.000 0.775
3 0x296CA3C 5.100 0.000 13.975 5.050 0.000 13.625 5.375 0.000 13.425
3 0x296CA3C 5.375 0.000 13.425 5.575 0.000 13.750 5.100 0.000 13.975
3 0x296CA3C 5.050 0.000 13.625 5.000 0.000 13.400 5.250 0.000 13.050
3 0x296CA3C 5.250 0.000 13.050 5.375 0.000 13.425 5.050 0.000 13.625
3 0x296CA3C 5.250 0.000 13.050 5.000 0.000 13.400 4.675 0.000 13.650
3 0x296CA3C 4.675 0.000 13.650 3.175 0.000 12.300 5.250 0.000 13.050
3 0x296CA3C 4.425 0.000 13.900 3.175 0.000 12.300 4.675 0.000 13.650
3 0x296CA3C 4.425 0.000 13.900 3.950 0.000 14.425 2.700 0.000 13.650
3 0x296CA3C 2.700 0.000 13.650 3.175 0.000 12.300 4.425 0.000 13.900
3 0x296CA3C 2.700 0.000 13.650 2.450 0.000 13.575 3.175 0.000 12.300
3 0x296CA3C 2.450 0.000 13.575 2.075 0.000 13.475 2.150 0.000 9.400
3 0x296CA3C 2.150 0.000 9.400 3.175 0.000 12.300 2.450 0.000 13.575
3 0x296CA3C 2.150 0.000 9.400 2.075 0.000 13.475 1.550 0.000 13.375
3 0x296CA3C 1.550 0.000 13.375 1.600 0.000 9.675 2.150 0.000 9.400
3 0x296CA3C 1.600 0.000 9.675 1.550 0.000 13.375 1.050 0.000 13.275
3 0x296CA3C 1.050 0.000 13.275 1.375 0.000 9.775 1.600 0.000 9.675
3 0x296CA3C 1.375 0.000 9.775 1.050 0.000 13.275 0.675 0.000 13.200
3 0x296CA3C 0.675 0.000 13.200 1.000 0.000 9.750 1.375 0.000 9.775
3 0x296CA3C 1.000 0.000 9.750 0.675 0.000 13.200 0.050 0.000 13.050
3 0x296CA3C 0.050 0.000 13.050 0.750 0.000 9.575 1.000 0.000 9.750
3 0x296CA3C 0.750 0.000 9.575 0.050 0.000 13.050 -0.650 0.000 12.850
3 0x296CA3C -0.650 0.000 12.850 0.625 0.000 9.400 0.750 0.000 9.575
3 0x296CA3C 5.250 0.000 13.050 3.175 0.000 12.300 5.175 0.000 12.850
3 0x296CA3C 5.175 0.000 12.850 3.175 0.000 12.300 5.175 0.000 12.650
3 0x296CA3C 5.175 0.000 12.650 3.175 0.000 12.300 5.300 0.000 11.925
3 0x296CA3C 5.300 0.000 11.925 5.300 0.000 12.300 5.175 0.000 12.650
3 0x296CA3C 5.300 0.000 11.925 3.175 0.000 12.300 5.275 0.000 10.775
3 0x296CA3C 5.275 0.000 10.775 5.300 0.000 11.350 5.300 0.000 11.925
3 0x296CA3C 5.275 0.000 10.775 3.175 0.000 12.300 2.150 0.000 9.400
3 0x296CA3C 2.150 0.000 9.400 5.175 0.000 10.650 5.275 0.000 10.775
3 0x296CA3C 5.175 0.000 10.650 2.150 0.000 9.400 2.675 0.000 9.175
3 0x296CA3C 2.675 0.000 9.175 5.075 0.000 10.300 5.175 0.000 10.650
3 0x296CA3C 2.675 0.000 9.175 3.025 0.000 9.025 4.875 0.000 9.800
3 0x296CA3C 4.875 0.000 9.800 5.075 0.000 10.300 2.675 0.000 9.175
3 0x296CA3C 3.025 0.000 9.025 3.600 0.000 9.025 4.675 0.000 9.375
3 0x296CA3C 4.675 0.000 9.375 4.875 0.000 9.800 3.025 0.000 9.025
3 0x296CA3C 4.675 0.000 9.375 3.600 0.000 9.025 4.275 0.000 8.825
3 0x296CA3C 4.275 0.000 8.825 4.500 0.000 9.050 4.675 0.000 9.375
3 0x296CA3C 5.300 0.000 11.350 5.275 0.000 10.775 6.075 0.000 11.300
3 0x296CA3C 6.075 0.000 11.300 5.600 0.000 11.525 5.300 0.000 11.350
3 0x296CA3C 5.850 0.000 11.700 5.600 0.000 11.525 6.075 0.000 11.300
3 0x296CA3C -0.650 0.000 12.850 -0.975 0.000 12.675 -1.050 0.000 12.250
3 0x296CA3C -1.050 0.000 12.250 0.625 0.000 9.400 -0.650 0.000 12.850
3 0x296CA3C -1.050 0.000 12.250 -1.125 0.000 11.825 -1.175 0.000 10.975
3 0x296CA3C -1.175 0.000 10.975 0.625 0.000 9.400 -1.050 0.000 12.250
3 0x296CA3C -1.175 0.000 10.975 -1.200 0.000 10.475 -1.200 0.000 9.625
3 0x296CA3C -1.200 0.000 9.625 0.625 0.000 9.400 -1.175 0.000 10.975
3 0x296CA3C 0.625 0.000 9.400 -1.200 0.000 9.625 -1.225 0.000 9.075
3 0x296CA3C -1.225 0.000 9.075 0.400 0.000 8.825 0.625 0.000 9.400
3 0x296CA3C 0.400 0.000 8.825 -1.225 0.000 9.075 -1.225 0.000 8.725
3 0x296CA3C -1.225 0.000 8.725 0.025 0.000 8.025 0.400 0.000 8.825
3 0x296CA3C 0.025 0.000 8.025 -1.225 0.000 8.725 -7.650 0.000 8.125
3 0x296CA3C -7.650 0.000 8.125 -0.275 0.000 7.350 0.025 0.000 8.025
3 0x296CA3C -3.700 0.000 12.325 -3.875 0.000 12.325 -4.675 0.000 11.550
3 0x296CA3C -4.675 0.000 11.550 -3.550 0.000 12.175 -3.700 0.000 12.325
3 0x296CA3C -3.550 0.000 12.175 -4.675 0.000 11.550 -2.900 0.000 11.275
3 0x296CA3C -2.900 0.000 11.275 -3.200 0.000 11.750 -3.550 0.000 12.175
3 0x296CA3C -4.675 0.000 11.550 -5.425 0.000 10.725 -2.550 0.000 10.800
3 0x296CA3C -2.550 0.000 10.800 -2.900 0.000 11.275 -4.675 0.000 11.550
3 0x296CA3C -5.425 0.000 10.725 -6.300 0.000 9.675 -2.250 0.000 10.250
3 0x296CA3C -2.250 0.000 10.250 -2.550 0.000 10.800 -5.425 0.000 10.725
3 0x296CA3C -6.300 0.000 9.675 -6.925 0.000 8.950 -1.725 0.000 9.450
3 0x296CA3C -1.725 0.000 9.450 -2.250 0.000 10.250 -6.300 0.000 9.675
3 0x296CA3C -6.925 0.000 8.950 -7.275 0.000 8.525 -1.425 0.000 8.950
3 0x296CA3C -1.425 0.000 8.950 -1.725 0.000 9.450 -6.925 0.000 8.950
3 0x296CA3C -7.275 0.000 8.525 -7.650 0.000 8.125 -1.225 0.000 8.725
3 0x296CA3C -1.225 0.000 8.725 -1.425 0.000 8.950 -7.275 0.000 8.525
3 0x296CA3C -0.275 0.000 7.350 -7.650 0.000 8.125 -7.775 0.000 8.025
3 0x296CA3C -7.775 0.000 8.025 -7.075 0.000 6.775 -0.275 0.000 7.350
3 0x296CA3C -7.075 0.000 6.775 -7.775 0.000 8.025 -9.600 0.000 8.600
3 0x296CA3C -9.600 0.000 8.600 -9.600 0.000 6.200 -7.075 0.000 6.775
3 0x296CA3C -9.600 0.000 8.600 -7.775 0.000 8.025 -7.675 0.000 8.325
3 0x296CA3C -7.475 0.000 8.800 -9.600 0.000 8.600 -7.675 0.000 8.325
3 0x296CA3C -7.475 0.000 8.800 -7.225 0.000 9.375 -9.600 0.000 11.000
3 0x296CA3C -9.600 0.000 11.000 -9.600 0.000 8.600 -7.475 0.000 8.800
3 0x296CA3C -9.600 0.000 11.000 -7.225 0.000 9.375 -6.775 0.000 10.500
3 0x296CA3C -6.775 0.000 10.500 -6.325 0.000 11.475 -6.025 0.000 12.250
3 0x296CA3C -6.025 0.000 12.250 -9.600 0.000 11.000 -6.775 0.000 10.500
3 0x296CA3C -6.025 0.000 12.250 -5.825 0.000 12.925 -5.775 0.000 13.200
3 0x296CA3C -5.775 0.000 13.200 -9.600 0.000 11.000 -6.025 0.000 12.250
3 0x296CA3C -5.775 0.000 13.200 -5.925 0.000 13.325 -9.600 0.000 13.400
3 0x296CA3C -9.600 0.000 13.400 -9.600 0.000 11.000 -5.775 0.000 13.200
3 0x296CA3C -5.925 0.000 13.325 -6.475 0.000 13.625 -6.900 0.000 13.825
3 0x296CA3C -6.900 0.000 13.825 -9.600 0.000 13.400 -5.925 0.000 13.325
3 0x296CA3C -6.900 0.000 13.825 -7.425 0.000 14.075 -7.775 0.000 14.225
3 0x296CA3C -7.775 0.000 14.225 -9.600 0.000 13.400 -6.900 0.000 13.825
3 0x296CA3C -7.775 0.000 14.225 -8.200 0.000 14.450 -8.500 0.000 14.600
3 0x296CA3C -8.500 0.000 14.600 -9.600 0.000 13.400 -7.775 0.000 14.225
3 0x296CA3C -8.675 0.000 14.675 -9.600 0.000 13.400 -8.500 0.000 14.600
3 0x296CA3C -9.600 0.000 15.800 -9.600 0.000 13.400 -8.675 0.000 14.675
3 0x296CA3C -8.675 0.000 14.675 -6.950 0.000 17.000 -9.600 0.000 18.200
3 0x296CA3C -9.600 0.000 18.200 -9.600 0.000 15.800 -8.675 0.000 14.675
3 0x296CA3C -6.950 0.000 17.000 -5.925 0.000 19.575 -9.600 0.000 20.600
3 0x296CA3C -9.600 0.000 20.600 -9.600 0.000 18.200 -6.950 0.000 17.000
3 0x296CA3C -7.200 0.000 20.600 -9.600 0.000 20.600 -5.925 0.000 19.575
3 0x296CA3C -4.800 0.000 20.600 -7.200 0.000 20.600 -5.925 0.000 19.575
3 0x296CA3C -5.925 0.000 19.575 -5.475 0.000 19.200 -3.025 0.000 19.325
3 0x296CA3C -3.025 0.000 19.325 -4.800 0.000 20.600 -5.925 0.000 19.575
3 0x296CA3C -2.400 0.000 20.600 -4.800 0.000 20.600 -3.025 0.000 19.325
3 0x296CA3C -2.400 0.000 20.600 -3.025 0.000 19.325 0.975 0.000 19.575
3 0x296CA3C 0.975 0.000 19.575 0.000 0.000 20.600 -2.400 0.000 20.600
3 0x296CA3C 2.400 0.000 20.600 0.000 0.000 20.600 0.975 0.000 19.575
3 0x296CA3C 0.975 0.000 19.575 2.725 0.000 17.175 4.800 0.000 20.600
3 0x296CA3C 4.800 0.000 20.600 2.400 0.000 20.600 0.975 0.000 19.575
3 0x296CA3C 2.725 0.000 17.175 5.275 0.000 16.475 7.200 0.000 20.600
3 0x296CA3C 7.200 0.000 20.600 4.800 0.000 20.600 2.725 0.000 17.175
3 0x296CA3C 7.200 0.000 20.600 5.275 0.000 16.475 6.875 0.000 14.675
3 0x296CA3C 6.875 0.000 14.675 9.600 0.000 18.200 7.200 0.000 20.600
3 0x296CA3C 9.600 0.000 18.200 6.875 0.000 14.675 9.600 0.000 15.800
3 0x296CA3C 9.600 0.000 15.800 6.875 0.000 14.675 9.600 0.000 13.400
3 0x296CA3C 9.600 0.000 20.600 7.200 0.000 20.600 9.600 0.000 18.200
3 0x296CA3C -5.925 0.000 19.575 -6.950 0.000 17.000 -5.700 0.000 18.625
3 0x296CA3C -5.700 0.000 18.625 -5.850 0.000 19.325 -5.925 0.000 19.575
3 0x296CA3C -5.500 0.000 17.650 -6.950 0.000 17.000 -5.200 0.000 16.075
3 0x296CA3C -5.200 0.000 16.075 -5.300 0.000 16.725 -5.500 0.000 17.650
3 0x296CA3C -5.200 0.000 16.075 -6.950 0.000 17.000 -5.225 0.000 15.325
3 0x296CA3C -5.225 0.000 15.325 -5.150 0.000 15.450 -5.200 0.000 16.075
3 0x296CA3C -5.225 0.000 15.325 -6.950 0.000 17.000 -5.800 0.000 15.125
3 0x296CA3C -5.800 0.000 15.125 -5.400 0.000 15.225 -5.225 0.000 15.325
3 0x296CA3C -5.800 0.000 15.125 -6.950 0.000 17.000 -6.725 0.000 14.975
3 0x296CA3C -6.725 0.000 14.975 -6.350 0.000 15.000 -5.800 0.000 15.125
3 0x296CA3C -6.950 0.000 17.000 -7.150 0.000 14.950 -6.725 0.000 14.975
3 0x296CA3C -7.150 0.000 14.950 -6.950 0.000 17.000 -8.150 0.000 14.800
3 0x296CA3C -8.150 0.000 14.800 -7.550 0.000 14.875 -7.150 0.000 14.950
3 0x296CA3C -6.950 0.000 17.000 -8.675 0.000 14.675 -8.150 0.000 14.800
3 0x296CA3C -5.475 0.000 19.200 -4.925 0.000 18.550 -4.200 0.000 17.700
3 0x296CA3C -4.200 0.000 17.700 -3.025 0.000 19.325 -5.475 0.000 19.200
3 0x296CA3C -4.200 0.000 17.700 -3.575 0.000 17.025 -3.050 0.000 16.550
3 0x296CA3C -3.050 0.000 16.550 -3.025 0.000 19.325 -4.200 0.000 17.700
3 0x296CA3C -3.050 0.000 16.550 -2.875 0.000 16.550 -1.850 0.000 17.300
3 0x296CA3C -1.850 0.000 17.300 -3.025 0.000 19.325 -3.050 0.000 16.550
3 0x296CA3C -1.850 0.000 17.300 -1.200 0.000 17.800 -0.375 0.000 18.525
3 0x296CA3C -0.375 0.000 18.525 -3.025 0.000 19.325 -1.850 0.000 17.300
3 0x296CA3C -3.025 0.000 19.325 -0.375 0.000 18.525 0.375 0.000 19.125
3 0x296CA3C 0.800 0.000 19.150 0.325 0.000 18.300 2.725 0.000 17.175
3 0x296CA3C 0.975 0.000 19.575 0.800 0.000 19.150 2.725 0.000 17.175
3 0x296CA3C -7.075 0.000 6.775 -4.175 0.000 5.125 -0.750 0.000 6.225
3 0x296CA3C -0.750 0.000 6.225 -0.275 0.000 7.350 -7.075 0.000 6.775
3 0x296CA3C -0.750 0.000 6.225 -4.175 0.000 5.125 -1.425 0.000 4.725
3 0x296CA3C -1.425 0.000 4.725 -1.150 0.000 5.300 -0.750 0.000 6.225
3 0x296CA3C -1.425 0.000 4.725 -4.175 0.000 5.125 -2.250 0.000 3.000
3 0x296CA3C -2.250 0.000 3.000 -1.900 0.000 3.650 -1.425 0.000 4.725
3 0x296CA3C -4.175 0.000 5.125 -2.750 0.000 3.000 -2.250 0.000 3.000
3 0x296CA3C -4.175 0.000 5.125 -3.025 0.000 2.950 -2.750 0.000 3.000
3 0x296CA3C -4.175 0.000 5.125 -3.250 0.000 2.725 -3.025 0.000 2.950
3 0x296CA3C -3.250 0.000 2.725 -4.175 0.000 5.125 -5.900 0.000 3.150
3 0x296CA3C -5.900 0.000 3.150 -3.350 0.000 2.500 -3.250 0.000 2.725
3 0x296CA3C -4.175 0.000 5.125 -7.075 0.000 6.775 -9.600 0.000 6.200
3 0x296CA3C -9.600 0.000 6.200 -5.900 0.000 3.150 -4.175 0.000 5.125
3 0x296CA3C -9.600 0.000 6.200 -9.600 0.000 3.800 -5.900 0.000 3.150
3 0x296CA3C -9.600 0.000 3.800 -9.600 0.000 1.400 -4.200 0.000 0.475
3 0x296CA3C -4.200 0.000 0.475 -5.900 0.000 3.150 -9.600 0.000 3.800
3 0x296CA3C -3.350 0.000 2.500 -5.900 0.000 3.150 -4.025 0.000 1.000
3 0x296CA3C -4.025 0.000 1.000 -3.650 0.000 1.775 -3.350 0.000 2.500
3 0x296CA3C -5.900 0.000 3.150 -4.200 0.000 0.475 -4.025 0.000 1.000
3 0x296CA3C -4.200 0.000 0.475 -9.600 0.000 1.400 -9.600 0.000 -1.000
3 0x296CA3C -9.600 0.000 -1.000 -5.800 0.000 -0.325 -4.200 0.000 0.475
3 0x296CA3C -4.200 0.000 0.475 -5.800 0.000 -0.325 -4.225 0.000 0.125
3 0x296CA3C -4.225 0.000 0.125 -5.800 0.000 -0.325 -4.200 0.000 -0.125
3 0x296CA3C -4.200 0.000 -0.125 -5.800 0.000 -0.325 -3.975 0.000 -1.050
3 0x296CA3C -3.975 0.000 -1.050 -3.800 0.000 -0.625 -4.200 0.000 -0.125
3 0x296CA3C -3.975 0.000 -1.050 -5.800 0.000 -0.325 -5.125 0.000 -3.525
3 0x296CA3C -5.125 0.000 -3.525 -4.475 0.000 -2.200 -3.975 0.000 -1.050
3 0x296CA3C -5.800 0.000 -0.325 -9.600 0.000 -1.000 -9.600 0.000 -3.400
3 0x296CA3C -9.600 0.000 -3.400 -5.125 0.000 -3.525 -5.800 0.000 -0.325
3 0x296CA3C -4.200 0.000 -0.125 -3.800 0.000 -0.625 -3.775 0.000 -0.500
3 0x296CA3C -5.125 0.000 -3.525 -9.600 0.000 -3.400 -9.600 0.000 -5.800
3 0x296CA3C -9.600 0.000 -5.800 -5.650 0.000 -4.825 -5.125 0.000 -3.525
3 0x296CA3C -5.650 0.000 -4.825 -9.600 0.000 -5.800 -6.125 0.000 -5.825
3 0x296CA3C -6.125 0.000 -5.825 -5.975 0.000 -5.550 -5.650 0.000 -4.825
3 0x296CA3C -9.600 0.000 -5.800 -6.225 0.000 -6.050 -6.125 0.000 -5.825
3 0x296CA3C -9.600 0.000 -5.800 -6.250 0.000 -6.275 -6.225 0.000 -6.050
3 0x296CA3C -6.250 0.000 -6.275 -9.600 0.000 -5.800 -5.400 0.000 -8.250
3 0x296CA3C -5.400 0.000 -8.250 -6.150 0.000 -6.500 -6.250 0.000 -6.275
3 0x296CA3C -6.150 0.000 -6.500 -5.400 0.000 -8.250 -5.875 0.000 -6.775
3 0x296CA3C -5.875 0.000 -6.775 -5.400 0.000 -8.250 -4.675 0.000 -7.325
3 0x296CA3C -4.675 0.000 -7.325 -5.400 0.000 -8.250 -3.800 0.000 -7.925
3 0x296CA3C -3.800 0.000 -7.925 -4.225 0.000 -7.525 -4.675 0.000 -7.325
3 0x296CA3C -3.800 0.000 -7.925 -5.400 0.000 -8.250 -2.650 0.000 -9.975
3 0x296CA3C -2.650 0.000 -9.975 -3.375 0.000 -8.150 -3.800 0.000 -7.925
3 0x296CA3C -3.375 0.000 -8.150 -2.650 0.000 -9.975 -2.800 0.000 -8.375
3 0x296CA3C -2.800 0.000 -8.375 -2.650 0.000 -9.975 -2.025 0.000 -8.700
3 0x296CA3C -2.025 0.000 -8.700 -2.350 0.000 -8.525 -2.800 0.000 -8.375
3 0x296CA3C -2.025 0.000 -8.700 -2.650 0.000 -9.975 -0.750 0.000 -10.300
3 0x296CA3C -0.750 0.000 -10.300 -1.475 0.000 -9.000 -2.025 0.000 -8.700
3 0x296CA3C -1.475 0.000 -9.000 -0.750 0.000 -10.300 -1.150 0.000 -9.025
3 0x296CA3C -1.150 0.000 -9.025 -0.750 0.000 -10.300 -0.775 0.000 -9.000
3 0x296CA3C -0.775 0.000 -9.000 -1.000 0.000 -9.000 -1.150 0.000 -9.025
3 0x296CA3C -0.775 0.000 -9.000 -0.750 0.000 -10.300 0.625 0.000 -9.625
3 0x296CA3C 0.625 0.000 -9.625 0.050 0.000 -9.350 -0.775 0.000 -9.000
3 0x296CA3C 0.625 0.000 -9.625 -0.750 0.000 -10.300 1.900 0.000 -11.150
3 0x296CA3C 1.900 0.000 -11.150 0.925 0.000 -9.750 0.625 0.000 -9.625
3 0x296CA3C 1.225 0.000 -9.750 0.925 0.000 -9.750 1.900 0.000 -11.150
3 0x296CA3C 1.500 0.000 -9.625 1.225 0.000 -9.750 1.900 0.000 -11.150
3 0x296CA3C 1.675 0.000 -9.400 1.500 0.000 -9.625 1.900 0.000 -11.150
3 0x296CA3C 1.675 0.000 -9.400 1.900 0.000 -11.150 4.725 0.000 -8.075
3 0x296CA3C 4.725 0.000 -8.075 1.800 0.000 -9.125 1.675 0.000 -9.400
3 0x296CA3C 1.800 0.000 -9.125 4.725 0.000 -8.075 2.275 0.000 -8.025
3 0x296CA3C 2.275 0.000 -8.025 2.000 0.000 -8.575 1.800 0.000 -9.125
3 0x296CA3C -9.600 0.000 -5.800 0.000 0.000 -15.600 -2.650 0.000 -9.975
3 0x296CA3C -2.650 0.000 -9.975 -5.400 0.000 -8.250 -9.600 0.000 -5.800
3 0x296CA3C -2.650 0.000 -9.975 0.000 0.000 -15.600 1.900 0.000 -11.150
3 0x296CA3C 1.900 0.000 -11.150 -0.750 0.000 -10.300 -2.650 0.000 -9.975
3 0x296CA3C 0.000 0.000 -15.600 9.600 0.000 -5.800 4.725 0.000 -8.075
3 0x296CA3C 4.725 0.000 -8.075 1.900 0.000 -11.150 0.000 0.000 -15.600
3 0x296CA3C 2.275 0.000 -8.025 4.725 0.000 -8.075 2.850 0.000 -6.700
3 0x296CA3C 2.850 0.000 -6.700 2.575 0.000 -7.275 2.275 0.000 -8.025
3 0x296CA3C 2.850 0.000 -6.700 4.725 0.000 -8.075 7.000 0.000 -5.675
3 0x296CA3C 7.000 0.000 -5.675 3.275 0.000 -5.675 2.850 0.000 -6.700
3 0x296CA3C 3.275 0.000 -5.675 7.000 0.000 -5.675 3.900 0.000 -4.375
3 0x296CA3C 3.900 0.000 -4.375 3.550 0.000 -5.075 3.275 0.000 -5.675
3 0x296CA3C 3.900 0.000 -4.375 7.000 0.000 -5.675 9.600 0.000 -3.400
3 0x296CA3C 9.600 0.000 -3.400 4.900 0.000 -4.000 3.900 0.000 -4.375
3 0x296CA3C 5.375 0.000 -3.100 4.900 0.000 -4.000 9.600 0.000 -3.400
3 0x296CA3C 5.375 0.000 -3.100 9.600 0.000 -3.400 6.000 0.000 -1.700
3 0x296CA3C 6.000 0.000 -1.700 5.625 0.000 -2.450 5.375 0.000 -3.100
3 0x296CA3C 9.600 0.000 -3.400 9.600 0.000 -1.000 6.075 0.000 -1.350
3 0x296CA3C 6.075 0.000 -1.350 6.000 0.000 -1.700 9.600 0.000 -3.400
3 0x296CA3C 5.875 0.000 -0.725 6.075 0.000 -1.000 9.600 0.000 -1.000
3 0x296CA3C 9.600 0.000 -1.000 6.075 0.000 -1.000 6.075 0.000 -1.350
3 0x296CA3C 4.725 0.000 -8.075 9.600 0.000 -5.800 9.600 0.000 -3.400
3 0x296CA3C 9.600 0.000 -3.400 7.000 0.000 -5.675 4.725 0.000 -8.075
3 0x296CA3C 4.900 0.000 -4.000 4.050 0.000 -4.000 3.900 0.000 -4.375
3 0x296CA3C 6.050 0.000 11.925 5.850 0.000 11.700 6.075 0.000 11.300
3 0x296CA3C 0.975 0.000 19.575 -3.025 0.000 19.325 0.375 0.000 19.125
3 0x296CA3C -5.700 0.000 18.625 -6.950 0.000 17.000 -5.500 0.000 17.650
1 16 0.0000 0.0000 0.0000 1.0000 0.0000 0.0000 0.0000 1.0000 0.0000 0.0000 0.0000 1.0000 s/22385s01.dat
