0 MINI SHOOTER W/3.2 SHAFT (Needs Work)
0 Name: 22487.dat
0 Author: <AuthorRealName> [<AuthorLDrawName>]
0 !LDRAW_ORG Unofficial_Part
0 !LICENSE Redistributable under CCAL version 2.0 : see CAreadme.txt

0 BFC CERTIFY CCW

0 !HISTORY 2016-03-18 {LEGO Digital Designer} Original part shape
0 !HISTORY 2016-03-18 [<AuthorLDrawName>] File preparation for LDraw Parts Tracker

0 // Needs Work: Clean necessary

0 // Outside
3 16 32.885 -35.846 -6.535 40.672 -39.072 -6.535 34.128 -32.843 -6.535 
3 16 34.128 -32.843 -6.535 40.672 -39.072 -6.535 41.916 -36.069 -6.535 
3 16 39.745 -35.17 -7.51 34.128 -32.843 -6.535 41.916 -36.069 -6.535 
3 16 38.074 -39.202 -7.51 40.672 -39.072 -6.535 32.885 -35.846 -6.535 
3 16 9.965 -21.083 1.5 9.195 -19.737 1.5 6.522 -21.264 1.5 
3 16 9.195 -19.737 1.5 7.59 -18.549 1.5 6.522 -21.264 1.5 
3 16 6.522 -21.264 1.5 7.59 -18.549 1.5 3.599 -20.055 1.5 
3 16 7.59 -18.549 1.5 3.598 -16.937 1.5 3.599 -20.055 1.5 
3 16 3.598 -16.937 1.5 7.59 -18.549 1.5 4 -17.062 0 
3 16 7.59 -18.549 1.5 7.59 -18.549 -1.5 4 -17.062 0 
3 16 4 -17.062 0 7.59 -18.549 -1.5 3.598 -16.937 -1.5 
3 16 7.59 -18.549 1.5 9.195 -19.737 1.5 7.59 -18.549 -1.5 
3 16 7.59 -18.549 -1.5 9.195 -19.737 1.5 9.195 -19.737 -1.5 
3 16 9.965 -21.083 -1.5 6.522 -21.264 -1.5 9.195 -19.737 -1.5 
3 16 9.195 -19.737 -1.5 6.522 -21.264 -1.5 7.59 -18.549 -1.5 
3 16 6.522 -21.264 -1.5 3.599 -20.055 -1.5 7.59 -18.549 -1.5 
3 16 7.59 -18.549 -1.5 3.599 -20.055 -1.5 3.598 -16.937 -1.5 
3 16 9.195 -19.737 1.5 9.965 -21.083 1.5 9.195 -19.737 -1.5 
3 16 9.195 -19.737 -1.5 9.965 -21.083 1.5 9.965 -21.083 -1.5 
3 16 4 0 0 3.464 0 -2 3.464 0 2 
3 16 3.464 0 2 3.464 0 -2 0 0 0 
3 16 2 0 -3.464 0 0 -4 3.464 0 -2 
3 16 3.464 0 -2 0 0 -4 0 0 0 
3 16 -2 0 -3.464 -3.464 0 -2 0 0 -4 
3 16 0 0 -4 -3.464 0 -2 0 0 0 
3 16 -4 0 0 -3.464 0 2 -3.464 0 -2 
3 16 -3.464 0 -2 -3.464 0 2 0 0 0 
3 16 -2 0 3.464 0 0 4 -3.464 0 2 
3 16 -3.464 0 2 0 0 4 0 0 0 
3 16 2 0 3.464 3.464 0 2 0 0 4 
3 16 0 0 4 3.464 0 2 0 0 0 
3 16 4 -20.219 0 4 0 0 3.464 -19.997 2 
3 16 3.464 -19.997 2 4 0 0 3.464 0 2 
3 16 4 -20.219 0 3.464 -19.997 -2 4 0 0 
3 16 4 0 0 3.464 -19.997 -2 3.464 0 -2 
3 16 3.464 -19.997 -2 2 -19.391 -3.464 3.464 0 -2 
3 16 3.464 0 -2 2 -19.391 -3.464 2 0 -3.464 
3 16 2 -19.391 -3.464 0 -18.563 -4 2 0 -3.464 
3 16 2 0 -3.464 0 -18.563 -4 0 0 -4 
3 16 0 -18.563 -4 -2 -17.734 -3.464 0 0 -4 
3 16 0 0 -4 -2 -17.734 -3.464 -2 0 -3.464 
3 16 -2 -17.734 -3.464 -3.464 -17.128 -2 -2 0 -3.464 
3 16 -2 0 -3.464 -3.464 -17.128 -2 -3.464 0 -2 
3 16 -3.464 -17.128 -2 -4 -16.906 0 -3.464 0 -2 
3 16 -3.464 0 -2 -4 -16.906 0 -4 0 0 
3 16 -3.464 -17.128 2 -3.464 0 2 -4 -16.906 0 
3 16 -4 -16.906 0 -3.464 0 2 -4 0 0 
3 16 -2 -17.734 3.464 -2 0 3.464 -3.464 -17.128 2 
3 16 -3.464 -17.128 2 -2 0 3.464 -3.464 0 2 
3 16 0 -18.563 4 0 0 4 -2 -17.734 3.464 
3 16 -2 -17.734 3.464 0 0 4 -2 0 3.464 
3 16 2 -19.391 3.464 2 0 3.464 0 -18.563 4 
3 16 0 -18.563 4 2 0 3.464 0 0 4 
3 16 3.464 -19.997 2 3.464 0 2 2 -19.391 3.464 
3 16 2 -19.391 3.464 3.464 0 2 2 0 3.464 
3 16 34.055 -43.907 -13.25 32.543 -42.704 -13.25 36.016 -44.118 -13.25 
3 16 36.016 -44.118 -13.25 32.543 -42.704 -13.25 31.897 -40.817 -13.25 
3 16 36.016 -44.118 -13.25 31.897 -40.817 -13.25 37.779 -43.235 -13.25 
3 16 31.897 -40.817 -13.25 32.194 -39.348 -13.25 37.779 -43.235 -13.25 
3 16 37.779 -43.235 -13.25 32.194 -39.348 -13.25 38.595 -42 -13.25 
3 16 32.194 -39.348 -13.25 33.022 -38.1 -13.25 38.595 -42 -13.25 
3 16 38.595 -42 -13.25 33.022 -38.1 -13.25 38.892 -40.549 -13.25 
3 16 38.892 -40.549 -13.25 33.022 -38.1 -13.25 34.814 -37.222 -13.25 
3 16 38.269 -38.678 -13.25 38.892 -40.549 -13.25 34.814 -37.222 -13.25 
3 16 34.814 -37.222 -13.25 36.734 -37.44 -13.25 38.269 -38.678 -13.25 
3 16 34.055 -43.907 -13.25 31.48 -42.841 -12.942 32.543 -42.704 -13.114 
3 16 32.543 -42.704 -13.114 31.48 -42.841 -12.942 31.897 -40.817 -12.848 
3 16 31.897 -40.817 -12.848 31.48 -42.841 -12.942 28.986 -41.808 -12.009 
3 16 31.897 -40.817 -12.848 28.986 -41.808 -12.009 32.194 -39.348 -12.771 
3 16 32.194 -39.348 -12.771 28.986 -41.808 -12.009 31.665 -35.341 -12.009 
3 16 32.194 -39.348 -12.771 31.665 -35.341 -12.009 33.022 -38.1 -12.848 
3 16 31.665 -35.341 -12.009 34.158 -36.374 -12.942 33.022 -38.1 -12.848 
3 16 33.022 -38.1 -12.848 34.158 -36.374 -12.942 34.814 -37.222 -13.114 
3 16 34.814 -37.222 -13.114 34.158 -36.374 -12.942 36.734 -37.44 -13.25 
3 16 31.665 -35.341 -12.009 28.986 -41.808 -12.009 29.426 -34.413 -10.5 
3 16 29.426 -34.413 -10.5 28.986 -41.808 -12.009 26.747 -40.88 -10.5 
3 16 29.426 -34.413 -10.5 26.747 -40.88 -10.5 24.216 -32.255 -10.5 
3 16 24.216 -32.255 -10.5 26.747 -40.88 -10.5 21.072 -38.53 -10.5 
3 16 32.543 -42.704 -13.25 34.055 -43.907 -13.25 32.543 -42.704 -13.114 
3 16 32.543 -42.704 -13.25 32.543 -42.704 -13.114 31.897 -40.817 -13.25 
3 16 31.897 -40.817 -13.25 32.543 -42.704 -13.114 31.897 -40.817 -12.848 
3 16 31.897 -40.817 -13.25 31.897 -40.817 -12.848 32.194 -39.348 -13.25 
3 16 32.194 -39.348 -13.25 31.897 -40.817 -12.848 32.194 -39.348 -12.771 
3 16 32.194 -39.348 -12.771 33.022 -38.1 -12.848 32.194 -39.348 -13.25 
3 16 32.194 -39.348 -13.25 33.022 -38.1 -12.848 33.022 -38.1 -13.25 
3 16 34.814 -37.222 -13.25 33.022 -38.1 -13.25 34.814 -37.222 -13.114 
3 16 34.814 -37.222 -13.114 33.022 -38.1 -13.25 33.022 -38.1 -12.848 
3 16 36.734 -37.44 -13.25 34.814 -37.222 -13.25 34.814 -37.222 -13.114 
3 16 34.055 -43.907 -13.25 34.055 -43.907 -12.27 31.48 -42.841 -12.942 
3 16 31.48 -42.841 -12.942 34.055 -43.907 -12.27 30.696 -42.516 -12.221 
3 16 31.48 -42.841 -12.942 30.696 -42.516 -12.221 28.986 -41.808 -12.009 
3 16 30.696 -42.516 -12.221 26.747 -40.88 -10 28.986 -41.808 -12.009 
3 16 28.986 -41.808 -12.009 26.747 -40.88 -10 26.747 -40.88 -10.5 
3 16 26.747 -40.88 -10.5 26.747 -40.88 -10 21.072 -38.53 -10.5 
3 16 21.072 -38.53 -10.5 26.747 -40.88 -10 21.072 -38.53 -10 
3 16 36.016 -44.118 -12.28 34.055 -43.907 -12.27 36.016 -44.118 -13.25 
3 16 36.016 -44.118 -13.25 34.055 -43.907 -12.27 34.055 -43.907 -13.25 
3 16 37.779 -43.235 -12.316 36.016 -44.118 -12.28 37.779 -43.235 -13.25 
3 16 37.779 -43.235 -13.25 36.016 -44.118 -12.28 36.016 -44.118 -13.25 
3 16 37.779 -43.235 -13.25 38.595 -42 -13.25 37.779 -43.235 -12.316 
3 16 37.779 -43.235 -12.316 38.595 -42 -13.25 38.595 -42 -12.27 
3 16 38.892 -40.549 -12.316 38.595 -42 -12.27 38.892 -40.549 -13.25 
3 16 38.892 -40.549 -13.25 38.595 -42 -12.27 38.595 -42 -13.25 
3 16 38.269 -38.678 -12.309 38.892 -40.549 -12.316 38.269 -38.678 -13.25 
3 16 38.269 -38.678 -13.25 38.892 -40.549 -12.316 38.892 -40.549 -13.25 
3 16 36.734 -37.44 -12.27 38.269 -38.678 -12.309 36.734 -37.44 -13.25 
3 16 36.734 -37.44 -13.25 38.269 -38.678 -12.309 38.269 -38.678 -13.25 
3 16 33.375 -36.049 -12.221 36.734 -37.44 -12.27 34.158 -36.374 -12.942 
3 16 34.158 -36.374 -12.942 36.734 -37.44 -12.27 36.734 -37.44 -13.25 
3 16 34.158 -36.374 -12.942 31.665 -35.341 -12.009 33.375 -36.049 -12.221 
3 16 33.375 -36.049 -12.221 31.665 -35.341 -12.009 29.426 -34.413 -10 
3 16 29.426 -34.413 -10 31.665 -35.341 -12.009 29.426 -34.413 -10.5 
3 16 24.216 -32.255 -10 29.426 -34.413 -10 24.216 -32.255 -10.5 
3 16 24.216 -32.255 -10.5 29.426 -34.413 -10 29.426 -34.413 -10.5 
3 16 24.216 -32.255 -10.5 21.072 -38.53 -10.5 24.216 -32.255 -10 
3 16 24.216 -32.255 -10 21.072 -38.53 -10.5 21.072 -38.53 -10 
3 16 0.933 -22.611 -10 -1.746 -29.078 -10 -2.954 -21.001 -10 
3 16 -1.746 -29.078 -10 -5.633 -27.468 -10 -2.954 -21.001 -10 
3 16 -2.954 -21.001 -10 -5.633 -27.468 -10 -5.346 -21.001 -10 
3 16 -7.18 -23.039 -10 -5.346 -21.001 -10 -7.324 -25.777 -10 
3 16 -7.324 -25.777 -10 -5.346 -21.001 -10 -5.633 -27.468 -10 
3 16 -7.324 -25.777 -10 -5.633 -27.468 -10 -7.324 -25.777 -8.508 
3 16 -7.324 -25.777 -8.508 -5.633 -27.468 -10 -5.633 -27.468 -9.022 
3 16 -7.18 -23.039 -10 -7.324 -25.777 -10 -7.18 -23.039 -8.295 
3 16 -7.18 -23.039 -8.295 -7.324 -25.777 -10 -7.324 -25.777 -8.508 
3 16 -5.346 -21.001 -10 -7.18 -23.039 -10 -5.346 -21.001 -8.508 
3 16 -5.346 -21.001 -8.508 -7.18 -23.039 -10 -7.18 -23.039 -8.295 
3 16 -2.954 -21.001 -10 -5.346 -21.001 -10 -2.954 -21.001 -9.022 
3 16 -2.954 -21.001 -9.022 -5.346 -21.001 -10 -5.346 -21.001 -8.508 
3 16 -2.954 -21.001 -10 -2.954 -21.001 -9.022 0.933 -22.611 -10 
3 16 -5.633 -27.468 -10 -1.746 -29.078 -10 -5.633 -27.468 -9.022 
3 16 17.722 -43.883 4.125 13.53 -42.148 4.088 17.722 -43.883 -4.125 
3 16 17.722 -43.883 -4.125 13.53 -42.148 4.088 13.53 -42.148 -4.088 
3 16 13.53 -42.148 4.088 14.957 -36.633 4.088 13.53 -42.148 -4.088 
3 16 13.53 -42.148 -4.088 14.957 -36.633 4.088 14.957 -36.633 -4.088 
3 16 19.972 -38.71 4.125 17.722 -43.883 4.125 19.972 -38.71 -4.125 
3 16 19.972 -38.71 -4.125 17.722 -43.883 4.125 17.722 -43.883 -4.125 
3 16 14.957 -36.633 4.088 19.972 -38.71 4.125 14.957 -36.633 -4.088 
3 16 14.957 -36.633 -4.088 19.972 -38.71 4.125 19.972 -38.71 -4.125 
3 16 13.371 -20.944 10 31.806 -28.666 10 25.286 -25.88 4.125 
3 16 25.286 -25.88 4.125 31.806 -28.666 10 31.543 -28.499 4.125 
3 16 31.543 -28.499 4.125 31.806 -28.666 10 35.053 -30.725 6.563 
3 16 31.806 -28.666 10 35.47 -30.99 12.221 35.053 -30.725 6.563 
3 16 41.419 -34.761 12.315 44.185 -36.515 10.951 40.227 -34.005 7.51 
3 16 44.185 -36.515 10.951 42.427 -35.4 6.467 40.227 -34.005 7.51 
3 16 44.185 -36.515 10.951 45.058 -37.068 8.086 42.427 -35.4 6.467 
3 16 45.058 -37.068 8.086 44.132 -36.481 6.71 42.427 -35.4 6.467 
3 16 6.522 -21.264 10 1.739 -31.54 10 2.71 -32.322 10 
3 16 6.522 -21.264 10 2.228 -19.485 10 1.739 -31.54 10 
3 16 -1.728 -33.694 10 -0.188 -32.83 10 -3.229 -32.659 10 
3 16 0.513 -31.761 10 -3.229 -32.659 10 -0.188 -32.83 10 
3 16 0.513 -31.761 10 2.228 -19.485 10 -3.229 -32.659 10 
3 16 0.513 -31.761 10 1.739 -31.54 10 2.228 -19.485 10 
3 16 2.71 -32.322 10 13.371 -20.944 10 6.522 -21.264 10 
3 16 13.371 -20.944 10 2.71 -32.322 10 17.024 -28.64 10 
3 16 24.977 -45.154 10 14.957 -36.633 10 3.016 -36.057 10 
3 16 17.024 -28.64 10 2.71 -32.322 10 14.957 -36.633 10 
3 16 2.71 -32.322 10 2.584 -33.978 10 14.957 -36.633 10 
3 16 2.584 -33.978 10 3.016 -36.057 10 14.957 -36.633 10 
3 16 24.977 -45.154 10 20.8 -39.053 10 14.957 -36.633 10 
3 16 13.371 -20.944 10 17.024 -28.64 10 31.806 -28.666 10 
3 16 17.024 -28.64 10 24.375 -31.685 10 31.806 -28.666 10 
3 16 31.806 -28.666 10 24.375 -31.685 10 24.977 -45.154 10 
3 16 24.375 -31.685 10 20.8 -39.053 10 24.977 -45.154 10 
3 16 -0.188 -32.83 10 -1.728 -33.694 10 -0.188 -32.83 3.3 
3 16 -1.728 -33.694 10 -2.005 -34.06 3.3 -0.188 -32.83 3.3 
3 16 -12.227 -28.974 7.739 -11.394 -31.793 5.731 -3.229 -32.659 10 
3 16 -1.728 -33.694 10 -3.229 -32.659 10 -2.433 -35.462 7.982 
3 16 -3.229 -32.659 10 -11.394 -31.793 5.731 -2.433 -35.462 7.982 
3 16 -11.419 -31.853 2 -11.394 -31.793 5.731 -12.735 -27.519 2 
3 16 -11.394 -31.793 5.731 -12.227 -28.974 7.739 -12.735 -27.519 2 
3 16 -12.227 -28.974 7.739 -12.698 -27.43 7.5 -12.735 -27.519 2 
3 16 -2.434 -35.492 6.347 -2.433 -35.462 7.982 -10.147 -32.325 4.922 
3 16 -2.433 -35.462 7.982 -11.394 -31.793 5.731 -10.147 -32.325 4.922 
3 16 -11.394 -31.793 5.731 -11.419 -31.853 2 -10.147 -32.325 4.922 
3 16 -11.419 -31.853 2 -10.181 -32.366 2 -10.147 -32.325 4.922 
3 16 -10.147 -32.325 4.922 -10.181 -32.366 2 -7.039 -37.341 2.237 
3 16 -7.039 -37.341 2.237 -10.181 -32.366 2 -7.148 -37.177 2 
3 16 -7.039 -37.341 2.237 -7.003 -37.298 5.32 -10.147 -32.325 4.922 
3 16 -10.147 -32.325 4.922 -7.003 -37.298 5.32 -2.434 -35.492 6.347 
3 16 -7.003 -37.298 5.32 -4.607 -38.3 5.761 -2.434 -35.492 6.347 
3 16 -4.607 -38.3 5.761 -2.345 -36.227 6.328 -2.434 -35.492 6.347 
3 16 -7.039 -37.341 2.237 -6.356 -37.609 3.3 -7.003 -37.298 5.32 
3 16 -7.003 -37.298 5.32 -6.356 -37.609 3.3 -4.607 -38.3 5.761 
3 16 -6.356 -37.609 3.3 -4.642 -38.332 3.3 -4.607 -38.3 5.761 
3 16 -2.345 -36.227 6.328 -4.607 -38.3 5.761 -2.345 -36.227 3.3 
3 16 -4.607 -38.3 5.761 -4.642 -38.332 3.3 -2.345 -36.227 3.3 
3 16 0.513 -31.761 3.3 0.513 -31.761 10 -0.188 -32.83 3.3 
3 16 0.513 -31.761 10 -0.188 -32.83 10 -0.188 -32.83 3.3 
3 16 1.739 -31.54 3.3 1.739 -31.54 10 0.513 -31.761 3.3 
3 16 1.739 -31.54 10 0.513 -31.761 10 0.513 -31.761 3.3 
3 16 2.71 -32.322 3.3 2.71 -32.322 10 1.739 -31.54 3.3 
3 16 2.71 -32.322 10 1.739 -31.54 10 1.739 -31.54 3.3 
3 16 2.584 -33.978 3.3 2.584 -33.978 10 2.71 -32.322 3.3 
3 16 2.584 -33.978 10 2.71 -32.322 10 2.71 -32.322 3.3 
3 16 38.863 -49.364 10.951 39.86 -49.62 8.091 44.185 -36.515 10.951 
3 16 39.86 -49.62 8.091 45.058 -37.068 8.086 44.185 -36.515 10.951 
3 16 39.86 -49.62 8.091 39.008 -49.466 6.86 45.058 -37.068 8.086 
3 16 39.008 -49.466 6.86 44.132 -36.481 6.71 45.058 -37.068 8.086 
3 16 39.008 -49.466 6.86 37.003 -49.061 6.418 44.132 -36.481 6.71 
3 16 37.003 -49.061 6.418 42.427 -35.4 6.467 44.132 -36.481 6.71 
3 16 28.597 -47.243 6.773 34.237 -48.465 7.51 28.764 -47.184 12.221 
3 16 28.764 -47.184 12.221 34.237 -48.465 7.51 35.721 -48.691 12.297 
3 16 34.237 -48.465 7.51 37.003 -49.061 6.418 35.721 -48.691 12.297 
3 16 37.003 -49.061 6.418 38.863 -49.364 10.951 35.721 -48.691 12.297 
3 16 37.003 -49.061 6.418 39.008 -49.466 6.86 38.863 -49.364 10.951 
3 16 38.863 -49.364 10.951 39.008 -49.466 6.86 39.86 -49.62 8.091 
3 16 28.764 -47.184 12.221 23.024 -45.904 8.584 28.597 -47.243 6.773 
3 16 23.024 -45.904 8.584 24.187 -46.259 4.125 28.597 -47.243 6.773 
3 16 24.187 -46.259 4.125 23.024 -45.904 8.584 22.489 -45.858 4.125 
3 16 2.301 -37.437 7.221 11.773 -41.356 7.489 2.317 -37.42 8.5 
3 16 2.317 -37.42 8.5 11.773 -41.356 7.489 23.024 -45.904 8.584 
3 16 23.024 -45.904 8.584 11.773 -41.356 7.489 22.489 -45.858 4.125 
3 16 22.489 -45.858 4.125 11.773 -41.356 7.489 11.766 -41.417 4.088 
3 16 42.427 -35.4 6.467 37.003 -49.061 6.418 40.227 -34.005 7.51 
3 16 37.003 -49.061 6.418 34.237 -48.465 7.51 40.227 -34.005 7.51 
3 16 34.237 -48.465 7.51 28.597 -47.243 6.773 40.227 -34.005 7.51 
3 16 28.597 -47.243 6.773 35.053 -30.725 6.563 40.227 -34.005 7.51 
3 16 28.597 -47.243 6.773 24.187 -46.259 4.125 35.053 -30.725 6.563 
3 16 24.187 -46.259 4.125 31.543 -28.499 4.125 35.053 -30.725 6.563 
3 16 23.024 -45.904 8.584 28.764 -47.184 12.221 24.977 -45.154 10 
3 16 24.977 -45.154 10 28.764 -47.184 12.221 31.806 -28.666 10 
3 16 31.806 -28.666 10 28.764 -47.184 12.221 35.47 -30.99 12.221 
3 16 35.721 -48.691 12.297 38.863 -49.364 10.951 41.419 -34.761 12.315 
3 16 38.863 -49.364 10.951 44.185 -36.515 10.951 41.419 -34.761 12.315 
3 16 28.764 -47.184 12.221 35.721 -48.691 12.297 35.47 -30.99 12.221 
3 16 35.721 -48.691 12.297 41.419 -34.761 12.315 35.47 -30.99 12.221 
3 16 24.977 -45.154 10 3.016 -36.057 10 23.024 -45.904 8.584 
3 16 3.016 -36.057 10 2.317 -37.42 8.5 23.024 -45.904 8.584 
3 16 2.584 -33.978 10 2.584 -33.978 3.3 3.016 -36.057 10 
3 16 3 -36.133 3.3 2.317 -37.42 8.5 2.584 -33.978 3.3 
3 16 2.584 -33.978 3.3 2.317 -37.42 8.5 3.016 -36.057 10 
3 16 1.707 -37.906 7.076 2.301 -37.437 7.221 1.707 -37.906 3.3 
3 16 2.317 -37.42 8.5 3 -36.133 3.3 2.301 -37.437 7.221 
3 16 3 -36.133 3.3 1.707 -37.906 3.3 2.301 -37.437 7.221 
3 16 2.301 -37.437 7.221 1.707 -37.906 7.076 11.773 -41.356 7.489 
3 16 1.707 -37.906 7.076 5.187 -42.403 7.056 11.773 -41.356 7.489 
3 16 1.707 -37.906 7.076 1.842 -40.995 6.95 5.187 -42.403 7.056 
3 16 1.707 -37.906 7.076 1.707 -37.906 3.3 1.842 -40.995 6.95 
3 16 1.707 -37.906 3.3 1.845 -41.066 3.3 1.842 -40.995 6.95 
3 16 1.845 -41.066 3.3 2.175 -41.205 3.3 1.842 -40.995 6.95 
3 16 2.175 -41.205 3.3 2.952 -41.517 4.088 1.842 -40.995 6.95 
3 16 1.842 -40.995 6.95 2.952 -41.517 4.088 5.187 -42.403 7.056 
3 16 2.952 -41.517 4.088 5.18 -42.456 4.088 5.187 -42.403 7.056 
3 16 11.773 -41.356 7.489 5.187 -42.403 7.056 11.766 -41.417 4.088 
3 16 5.187 -42.403 7.056 5.18 -42.456 4.088 11.766 -41.417 4.088 
3 16 22.489 -45.858 4.125 11.766 -41.417 4.088 20.8 -39.053 4.125 
3 16 11.766 -41.417 4.088 14.957 -36.633 4.088 20.8 -39.053 4.125 
3 16 23.1 -31.157 4.125 25.286 -25.88 4.125 24.375 -31.685 4.125 
3 16 25.286 -25.88 4.125 31.543 -28.499 4.125 24.375 -31.685 4.125 
3 16 31.543 -28.499 4.125 24.187 -46.259 4.125 24.375 -31.685 4.125 
3 16 24.187 -46.259 4.125 22.489 -45.858 4.125 24.375 -31.685 4.125 
3 16 20.8 -39.053 4.125 24.375 -31.685 4.125 22.489 -45.858 4.125 
3 16 -10.287 -21.608 7.5 -10.577 -22.308 2 -12.698 -27.43 7.5 
3 16 -10.577 -22.308 2 -12.735 -27.519 2 -12.698 -27.43 7.5 
3 16 2.228 -19.485 10 -5.394 -16.328 8.081 -3.229 -32.659 10 
3 16 -5.394 -16.328 8.081 -10.287 -21.608 7.5 -3.229 -32.659 10 
3 16 -3.229 -32.659 10 -10.287 -21.608 7.5 -12.227 -28.974 7.739 
3 16 -10.287 -21.608 7.5 -12.698 -27.43 7.5 -12.227 -28.974 7.739 
3 16 24.375 -31.685 4.125 24.375 -31.685 10 23.1 -31.157 4.125 
3 16 24.375 -31.685 10 17.024 -28.64 10 23.1 -31.157 4.125 
3 16 17.024 -28.64 10 17.024 -28.64 4.088 23.1 -31.157 4.125 
3 16 20.8 -39.053 4.125 20.8 -39.053 10 24.375 -31.685 4.125 
3 16 20.8 -39.053 10 24.375 -31.685 10 24.375 -31.685 4.125 
3 16 14.957 -36.633 10 14.957 -36.633 4.088 17.024 -28.64 10 
3 16 14.957 -36.633 4.088 17.024 -28.64 4.088 17.024 -28.64 10 
3 16 20.8 -39.053 10 20.8 -39.053 4.125 14.957 -36.633 10 
3 16 20.8 -39.053 4.125 14.957 -36.633 4.088 14.957 -36.633 10 
3 16 2.334 -26.402 3.3 -1.564 -26.042 3.3 2.334 -26.402 -3.3 
3 16 2.334 -26.402 -3.3 -1.564 -26.042 3.3 -1.564 -26.042 -3.3 
3 16 -1.564 -26.042 3.3 -2.394 -25.698 2 -1.564 -26.042 -3.3 
3 16 -2.394 -25.698 2 -2.394 -25.698 -2 -1.564 -26.042 -3.3 
3 16 3 -36.133 3.3 2.584 -33.978 3.3 8.791 -25.23 3.3 
3 16 8.791 -25.23 3.3 2.584 -33.978 3.3 2.71 -32.322 3.3 
3 16 1.739 -31.54 3.3 2.334 -26.402 3.3 2.71 -32.322 3.3 
3 16 8.791 -25.23 3.3 2.71 -32.322 3.3 2.334 -26.402 3.3 
3 16 2.334 -26.402 3.3 8.247 -25.005 3.3 8.791 -25.23 3.3 
3 16 -1.564 -26.042 3.3 0.513 -31.761 3.3 -2.005 -34.06 3.3 
3 16 -2.005 -34.06 3.3 0.513 -31.761 3.3 -0.188 -32.83 3.3 
3 16 1.739 -31.54 3.3 0.513 -31.761 3.3 2.334 -26.402 3.3 
3 16 -1.564 -26.042 3.3 2.334 -26.402 3.3 0.513 -31.761 3.3 
3 16 -1.564 -26.042 3.3 -2.005 -34.06 3.3 -6.356 -37.609 3.3 
3 16 -2.005 -34.06 3.3 -2.345 -36.227 3.3 -6.356 -37.609 3.3 
3 16 -2.345 -36.227 3.3 -4.642 -38.332 3.3 -6.356 -37.609 3.3 
3 16 1.845 -41.066 3.3 3 -36.133 3.3 2.175 -41.205 3.3 
3 16 2.175 -41.205 3.3 3 -36.133 3.3 8.791 -25.23 3.3 
3 16 3 -36.133 3.3 1.845 -41.066 3.3 1.707 -37.906 3.3 
3 16 2.952 -41.517 4.088 9.566 -25.551 4.088 5.18 -42.456 4.088 
3 16 9.566 -25.551 4.088 14.957 -36.633 4.088 5.18 -42.456 4.088 
3 16 14.957 -36.633 4.088 11.766 -41.417 4.088 5.18 -42.456 4.088 
3 16 9.566 -25.551 4.088 17.024 -28.64 4.088 14.957 -36.633 4.088 
3 16 -10.181 -32.366 2 -11.419 -31.853 2 -2.394 -25.698 2 
3 16 -11.419 -31.853 2 -10.577 -22.308 2 -2.394 -25.698 2 
3 16 -10.577 -22.308 2 -11.419 -31.853 2 -12.735 -27.519 2 
3 16 -2.394 -25.698 2 -7.148 -37.177 2 -10.181 -32.366 2 
3 16 8.791 -25.23 3.3 9.566 -25.551 4.088 2.175 -41.205 3.3 
3 16 9.566 -25.551 4.088 2.952 -41.517 4.088 2.175 -41.205 3.3 
3 16 -1.564 -26.042 3.3 -6.356 -37.609 3.3 -2.394 -25.698 2 
3 16 -7.148 -37.177 2 -2.394 -25.698 2 -7.039 -37.341 2.237 
3 16 -2.394 -25.698 2 -6.356 -37.609 3.3 -7.039 -37.341 2.237 
3 16 -5.394 -16.328 8.081 2.228 -19.485 10 -5.394 -16.328 -8.081 
3 16 -5.394 -16.328 -8.081 2.228 -19.485 10 2.228 -19.485 -10 
3 16 2.228 -19.485 10 6.522 -21.264 10 2.228 -19.485 -10 
3 16 6.522 -21.264 10 6.522 -21.264 -10 2.228 -19.485 -10 
3 16 -10.287 -21.608 7.5 -5.394 -16.328 8.081 -10.287 -21.608 -7.5 
3 16 -10.287 -21.608 -7.5 -5.394 -16.328 8.081 -5.394 -16.328 -8.081 
3 16 13.371 -20.944 10 25.286 -25.88 4.125 13.371 -20.944 -10 
3 16 13.371 -20.944 -10 25.286 -25.88 4.125 25.286 -25.88 -4.125 
3 16 -2.345 -36.227 6.328 -2.345 -36.227 3.3 -2.434 -35.492 6.347 
3 16 -2.433 -35.462 7.982 -2.434 -35.492 6.347 -1.728 -33.694 10 
3 16 -1.728 -33.694 10 -2.434 -35.492 6.347 -2.005 -34.06 3.3 
3 16 -2.005 -34.06 3.3 -2.434 -35.492 6.347 -2.345 -36.227 3.3 
3 16 35.053 -30.725 6.563 35.47 -30.99 12.221 40.227 -34.005 7.51 
3 16 35.47 -30.99 12.221 41.419 -34.761 12.315 40.227 -34.005 7.51 
3 16 13.371 -20.944 -10 25.286 -25.88 -4.125 31.806 -28.666 -10 
3 16 25.286 -25.88 -4.125 31.543 -28.499 -4.125 31.806 -28.666 -10 
3 16 31.543 -28.499 -4.125 35.053 -30.725 -6.563 31.806 -28.666 -10 
3 16 31.806 -28.666 -10 35.053 -30.725 -6.563 35.47 -30.99 -12.221 
3 16 41.419 -34.761 -12.315 40.227 -34.005 -7.51 44.185 -36.515 -10.951 
3 16 44.185 -36.515 -10.951 40.227 -34.005 -7.51 42.427 -35.4 -6.467 
3 16 44.185 -36.515 -10.951 42.427 -35.4 -6.467 45.058 -37.068 -8.086 
3 16 45.058 -37.068 -8.086 42.427 -35.4 -6.467 44.132 -36.481 -6.71 
3 16 6.522 -21.264 10 13.371 -20.944 10 6.522 -21.264 -10 
3 16 6.522 -21.264 -10 13.371 -20.944 10 13.371 -20.944 -10 
3 16 6.522 -21.264 -10 2.71 -32.322 -10 1.739 -31.54 -10 
3 16 6.522 -21.264 -10 1.739 -31.54 -10 2.228 -19.485 -10 
3 16 -1.728 -33.694 -10 -3.229 -32.659 -10 -0.188 -32.83 -10 
3 16 0.513 -31.761 -10 -0.188 -32.83 -10 -3.229 -32.659 -10 
3 16 0.513 -31.761 -10 -3.229 -32.659 -10 2.228 -19.485 -10 
3 16 0.513 -31.761 -10 2.228 -19.485 -10 1.739 -31.54 -10 
3 16 2.71 -32.322 -10 6.522 -21.264 -10 13.371 -20.944 -10 
3 16 13.371 -20.944 -10 17.024 -28.64 -10 2.71 -32.322 -10 
3 16 24.977 -45.154 -10 3.016 -36.057 -10 14.957 -36.633 -10 
3 16 17.024 -28.64 -10 14.957 -36.633 -10 2.71 -32.322 -10 
3 16 2.71 -32.322 -10 14.957 -36.633 -10 2.584 -33.978 -10 
3 16 2.584 -33.978 -10 14.957 -36.633 -10 3.016 -36.057 -10 
3 16 24.977 -45.154 -10 14.957 -36.633 -10 20.8 -39.053 -10 
3 16 13.371 -20.944 -10 31.806 -28.666 -10 17.024 -28.64 -10 
3 16 17.024 -28.64 -10 31.806 -28.666 -10 24.375 -31.685 -10 
3 16 31.806 -28.666 -10 24.977 -45.154 -10 24.375 -31.685 -10 
3 16 24.375 -31.685 -10 24.977 -45.154 -10 20.8 -39.053 -10 
3 16 -0.188 -32.83 -10 -0.188 -32.83 -3.3 -1.728 -33.694 -10 
3 16 -1.728 -33.694 -10 -0.188 -32.83 -3.3 -2.005 -34.06 -3.3 
3 16 -12.227 -28.974 -7.739 -3.229 -32.659 -10 -11.394 -31.793 -5.731 
3 16 -1.728 -33.694 -10 -2.433 -35.462 -7.982 -3.229 -32.659 -10 
3 16 -3.229 -32.659 -10 -2.433 -35.462 -7.982 -11.394 -31.793 -5.731 
3 16 -11.419 -31.853 -2 -12.735 -27.519 -2 -11.394 -31.793 -5.731 
3 16 -11.394 -31.793 -5.731 -12.735 -27.519 -2 -12.227 -28.974 -7.739 
3 16 -12.227 -28.974 -7.739 -12.735 -27.519 -2 -12.698 -27.43 -7.5 
3 16 -2.434 -35.492 -6.347 -10.147 -32.325 -4.922 -2.433 -35.462 -7.982 
3 16 -2.433 -35.462 -7.982 -10.147 -32.325 -4.922 -11.394 -31.793 -5.731 
3 16 -11.394 -31.793 -5.731 -10.147 -32.325 -4.922 -11.419 -31.853 -2 
3 16 -11.419 -31.853 -2 -10.147 -32.325 -4.922 -10.181 -32.366 -2 
3 16 -10.147 -32.325 -4.922 -7.039 -37.341 -2.237 -10.181 -32.366 -2 
3 16 -7.039 -37.341 -2.237 -7.148 -37.177 -2 -10.181 -32.366 -2 
3 16 -7.039 -37.341 -2.237 -10.147 -32.325 -4.922 -7.003 -37.298 -5.32 
3 16 -10.147 -32.325 -4.922 -2.434 -35.492 -6.347 -7.003 -37.298 -5.32 
3 16 -7.003 -37.298 -5.32 -2.434 -35.492 -6.347 -4.607 -38.3 -5.761 
3 16 -4.607 -38.3 -5.761 -2.434 -35.492 -6.347 -2.345 -36.227 -6.328 
3 16 -7.039 -37.341 -2.237 -7.003 -37.298 -5.32 -6.356 -37.609 -3.3 
3 16 -7.003 -37.298 -5.32 -4.607 -38.3 -5.761 -6.356 -37.609 -3.3 
3 16 -6.356 -37.609 -3.3 -4.607 -38.3 -5.761 -4.642 -38.332 -3.3 
3 16 -2.345 -36.227 -6.328 -2.345 -36.227 -3.3 -4.607 -38.3 -5.761 
3 16 -4.607 -38.3 -5.761 -2.345 -36.227 -3.3 -4.642 -38.332 -3.3 
3 16 0.513 -31.761 -3.3 -0.188 -32.83 -3.3 0.513 -31.761 -10 
3 16 0.513 -31.761 -10 -0.188 -32.83 -3.3 -0.188 -32.83 -10 
3 16 1.739 -31.54 -3.3 0.513 -31.761 -3.3 1.739 -31.54 -10 
3 16 1.739 -31.54 -10 0.513 -31.761 -3.3 0.513 -31.761 -10 
3 16 2.71 -32.322 -3.3 1.739 -31.54 -3.3 2.71 -32.322 -10 
3 16 2.71 -32.322 -10 1.739 -31.54 -3.3 1.739 -31.54 -10 
3 16 2.584 -33.978 -3.3 2.71 -32.322 -3.3 2.584 -33.978 -10 
3 16 2.584 -33.978 -10 2.71 -32.322 -3.3 2.71 -32.322 -10 
3 16 38.863 -49.364 -10.951 44.185 -36.515 -10.951 39.86 -49.62 -8.091 
3 16 39.86 -49.62 -8.091 44.185 -36.515 -10.951 45.058 -37.068 -8.086 
3 16 39.86 -49.62 -8.091 45.058 -37.068 -8.086 39.008 -49.466 -6.86 
3 16 39.008 -49.466 -6.86 45.058 -37.068 -8.086 44.132 -36.481 -6.71 
3 16 39.008 -49.466 -6.86 44.132 -36.481 -6.71 37.003 -49.061 -6.418 
3 16 37.003 -49.061 -6.418 44.132 -36.481 -6.71 42.427 -35.4 -6.467 
3 16 28.597 -47.243 -6.773 28.764 -47.184 -12.221 34.237 -48.465 -7.51 
3 16 28.764 -47.184 -12.221 35.721 -48.691 -12.297 34.237 -48.465 -7.51 
3 16 34.237 -48.465 -7.51 35.721 -48.691 -12.297 37.003 -49.061 -6.418 
3 16 37.003 -49.061 -6.418 35.721 -48.691 -12.297 38.863 -49.364 -10.951 
3 16 37.003 -49.061 -6.418 38.863 -49.364 -10.951 39.008 -49.466 -6.86 
3 16 38.863 -49.364 -10.951 39.86 -49.62 -8.091 39.008 -49.466 -6.86 
3 16 28.764 -47.184 -12.221 28.597 -47.243 -6.773 23.024 -45.904 -8.584 
3 16 23.024 -45.904 -8.584 28.597 -47.243 -6.773 24.187 -46.259 -4.125 
3 16 24.187 -46.259 -4.125 22.489 -45.858 -4.125 23.024 -45.904 -8.584 
3 16 2.301 -37.437 -7.221 2.317 -37.42 -8.5 11.773 -41.356 -7.489 
3 16 2.317 -37.42 -8.5 23.024 -45.904 -8.584 11.773 -41.356 -7.489 
3 16 23.024 -45.904 -8.584 22.489 -45.858 -4.125 11.773 -41.356 -7.489 
3 16 22.489 -45.858 -4.125 11.766 -41.417 -4.088 11.773 -41.356 -7.489 
3 16 42.427 -35.4 -6.467 40.227 -34.005 -7.51 37.003 -49.061 -6.418 
3 16 37.003 -49.061 -6.418 40.227 -34.005 -7.51 34.237 -48.465 -7.51 
3 16 34.237 -48.465 -7.51 40.227 -34.005 -7.51 28.597 -47.243 -6.773 
3 16 28.597 -47.243 -6.773 40.227 -34.005 -7.51 35.053 -30.725 -6.563 
3 16 28.597 -47.243 -6.773 35.053 -30.725 -6.563 24.187 -46.259 -4.125 
3 16 24.187 -46.259 -4.125 35.053 -30.725 -6.563 31.543 -28.499 -4.125 
3 16 23.024 -45.904 -8.584 24.977 -45.154 -10 28.764 -47.184 -12.221 
3 16 24.977 -45.154 -10 31.806 -28.666 -10 28.764 -47.184 -12.221 
3 16 31.806 -28.666 -10 35.47 -30.99 -12.221 28.764 -47.184 -12.221 
3 16 35.721 -48.691 -12.297 41.419 -34.761 -12.315 38.863 -49.364 -10.951 
3 16 38.863 -49.364 -10.951 41.419 -34.761 -12.315 44.185 -36.515 -10.951 
3 16 28.764 -47.184 -12.221 35.47 -30.99 -12.221 35.721 -48.691 -12.297 
3 16 35.721 -48.691 -12.297 35.47 -30.99 -12.221 41.419 -34.761 -12.315 
3 16 24.977 -45.154 -10 23.024 -45.904 -8.584 3.016 -36.057 -10 
3 16 3.016 -36.057 -10 23.024 -45.904 -8.584 2.317 -37.42 -8.5 
3 16 2.584 -33.978 -10 3.016 -36.057 -10 2.584 -33.978 -3.3 
3 16 3.016 -36.057 -10 2.317 -37.42 -8.5 2.584 -33.978 -3.3 
3 16 2.584 -33.978 -3.3 2.317 -37.42 -8.5 3 -36.133 -3.3 
3 16 1.707 -37.906 -7.076 1.707 -37.906 -3.3 2.301 -37.437 -7.221 
3 16 2.317 -37.42 -8.5 2.301 -37.437 -7.221 3 -36.133 -3.3 
3 16 3 -36.133 -3.3 2.301 -37.437 -7.221 1.707 -37.906 -3.3 
3 16 2.301 -37.437 -7.221 11.773 -41.356 -7.489 1.707 -37.906 -7.076 
3 16 1.707 -37.906 -7.076 11.773 -41.356 -7.489 5.187 -42.403 -7.056 
3 16 1.707 -37.906 -7.076 5.187 -42.403 -7.056 1.842 -40.995 -6.95 
3 16 1.707 -37.906 -7.076 1.842 -40.995 -6.95 1.707 -37.906 -3.3 
3 16 1.707 -37.906 -3.3 1.842 -40.995 -6.95 1.845 -41.066 -3.3 
3 16 1.845 -41.066 -3.3 1.842 -40.995 -6.95 2.175 -41.205 -3.3 
3 16 2.175 -41.205 -3.3 1.842 -40.995 -6.95 2.952 -41.517 -4.088 
3 16 1.842 -40.995 -6.95 5.187 -42.403 -7.056 2.952 -41.517 -4.088 
3 16 2.952 -41.517 -4.088 5.187 -42.403 -7.056 5.18 -42.456 -4.088 
3 16 11.773 -41.356 -7.489 11.766 -41.417 -4.088 5.187 -42.403 -7.056 
3 16 5.187 -42.403 -7.056 11.766 -41.417 -4.088 5.18 -42.456 -4.088 
3 16 22.489 -45.858 -4.125 20.8 -39.053 -4.125 11.766 -41.417 -4.088 
3 16 11.766 -41.417 -4.088 20.8 -39.053 -4.125 14.957 -36.633 -4.088 
3 16 23.1 -31.157 -4.125 24.375 -31.685 -4.125 25.286 -25.88 -4.125 
3 16 25.286 -25.88 -4.125 24.375 -31.685 -4.125 31.543 -28.499 -4.125 
3 16 31.543 -28.499 -4.125 24.375 -31.685 -4.125 24.187 -46.259 -4.125 
3 16 24.187 -46.259 -4.125 24.375 -31.685 -4.125 22.489 -45.858 -4.125 
3 16 20.8 -39.053 -4.125 22.489 -45.858 -4.125 24.375 -31.685 -4.125 
3 16 25.286 -25.88 4.125 23.1 -31.157 4.125 25.286 -25.88 -4.125 
3 16 25.286 -25.88 -4.125 23.1 -31.157 4.125 23.1 -31.157 -4.125 
3 16 -10.577 -22.308 2 -10.287 -21.608 7.5 -10.577 -22.308 -2 
3 16 -10.577 -22.308 -2 -10.287 -21.608 7.5 -10.287 -21.608 -7.5 
3 16 -10.287 -21.608 -7.5 -12.698 -27.43 -7.5 -10.577 -22.308 -2 
3 16 -10.577 -22.308 -2 -12.698 -27.43 -7.5 -12.735 -27.519 -2 
3 16 2.228 -19.485 -10 -3.229 -32.659 -10 -5.394 -16.328 -8.081 
3 16 -5.394 -16.328 -8.081 -3.229 -32.659 -10 -10.287 -21.608 -7.5 
3 16 -3.229 -32.659 -10 -12.227 -28.974 -7.739 -10.287 -21.608 -7.5 
3 16 -10.287 -21.608 -7.5 -12.227 -28.974 -7.739 -12.698 -27.43 -7.5 
3 16 24.375 -31.685 -4.125 23.1 -31.157 -4.125 24.375 -31.685 -10 
3 16 24.375 -31.685 -10 23.1 -31.157 -4.125 17.024 -28.64 -10 
3 16 17.024 -28.64 -10 23.1 -31.157 -4.125 17.024 -28.64 -4.088 
3 16 8.791 -25.23 3.3 8.247 -25.005 3.3 8.791 -25.23 -3.3 
3 16 8.247 -25.005 3.3 8.247 -25.005 -3.3 8.791 -25.23 -3.3 
3 16 17.024 -28.64 -4.088 23.1 -31.157 -4.125 17.024 -28.64 4.088 
3 16 23.1 -31.157 -4.125 23.1 -31.157 4.125 17.024 -28.64 4.088 
3 16 9.566 -25.551 -4.088 17.024 -28.64 -4.088 9.566 -25.551 4.088 
3 16 8.791 -25.23 3.3 8.791 -25.23 -3.3 9.566 -25.551 -4.088 
3 16 9.566 -25.551 4.088 17.024 -28.64 -4.088 17.024 -28.64 4.088 
3 16 8.791 -25.23 3.3 9.566 -25.551 -4.088 9.566 -25.551 4.088 
3 16 20.8 -39.053 -4.125 24.375 -31.685 -4.125 20.8 -39.053 -10 
3 16 20.8 -39.053 -10 24.375 -31.685 -4.125 24.375 -31.685 -10 
3 16 14.957 -36.633 -10 17.024 -28.64 -10 14.957 -36.633 -4.088 
3 16 14.957 -36.633 -4.088 17.024 -28.64 -10 17.024 -28.64 -4.088 
3 16 20.8 -39.053 -10 14.957 -36.633 -10 20.8 -39.053 -4.125 
3 16 20.8 -39.053 -4.125 14.957 -36.633 -10 14.957 -36.633 -4.088 
3 16 -2.394 -25.698 2 -10.577 -22.308 2 -2.394 -25.698 -2 
3 16 -2.394 -25.698 -2 -10.577 -22.308 2 -10.577 -22.308 -2 
3 16 2.71 -32.322 -3.3 2.584 -33.978 -3.3 8.791 -25.23 -3.3 
3 16 2.584 -33.978 -3.3 3 -36.133 -3.3 8.791 -25.23 -3.3 
3 16 1.739 -31.54 -3.3 2.71 -32.322 -3.3 2.334 -26.402 -3.3 
3 16 8.791 -25.23 -3.3 2.334 -26.402 -3.3 2.71 -32.322 -3.3 
3 16 2.334 -26.402 -3.3 8.791 -25.23 -3.3 8.247 -25.005 -3.3 
3 16 0.513 -31.761 -3.3 -1.564 -26.042 -3.3 -0.188 -32.83 -3.3 
3 16 -1.564 -26.042 -3.3 -2.005 -34.06 -3.3 -0.188 -32.83 -3.3 
3 16 1.739 -31.54 -3.3 2.334 -26.402 -3.3 0.513 -31.761 -3.3 
3 16 -1.564 -26.042 -3.3 0.513 -31.761 -3.3 2.334 -26.402 -3.3 
3 16 -1.564 -26.042 -3.3 -6.356 -37.609 -3.3 -2.005 -34.06 -3.3 
3 16 -2.005 -34.06 -3.3 -6.356 -37.609 -3.3 -2.345 -36.227 -3.3 
3 16 -2.345 -36.227 -3.3 -6.356 -37.609 -3.3 -4.642 -38.332 -3.3 
3 16 1.845 -41.066 -3.3 2.175 -41.205 -3.3 3 -36.133 -3.3 
3 16 2.175 -41.205 -3.3 8.791 -25.23 -3.3 3 -36.133 -3.3 
3 16 3 -36.133 -3.3 1.707 -37.906 -3.3 1.845 -41.066 -3.3 
3 16 2.952 -41.517 -4.088 5.18 -42.456 -4.088 9.566 -25.551 -4.088 
3 16 9.566 -25.551 -4.088 5.18 -42.456 -4.088 14.957 -36.633 -4.088 
3 16 14.957 -36.633 -4.088 5.18 -42.456 -4.088 11.766 -41.417 -4.088 
3 16 9.566 -25.551 -4.088 14.957 -36.633 -4.088 17.024 -28.64 -4.088 
3 16 -10.181 -32.366 -2 -2.394 -25.698 -2 -11.419 -31.853 -2 
3 16 -11.419 -31.853 -2 -2.394 -25.698 -2 -10.577 -22.308 -2 
3 16 -10.577 -22.308 -2 -12.735 -27.519 -2 -11.419 -31.853 -2 
3 16 -2.394 -25.698 -2 -10.181 -32.366 -2 -7.148 -37.177 -2 
3 16 8.791 -25.23 -3.3 2.175 -41.205 -3.3 9.566 -25.551 -4.088 
3 16 9.566 -25.551 -4.088 2.175 -41.205 -3.3 2.952 -41.517 -4.088 
3 16 -1.564 -26.042 -3.3 -2.394 -25.698 -2 -6.356 -37.609 -3.3 
3 16 -7.148 -37.177 -2 -7.039 -37.341 -2.237 -2.394 -25.698 -2 
3 16 -2.394 -25.698 -2 -7.039 -37.341 -2.237 -6.356 -37.609 -3.3 
3 16 8.247 -25.005 3.3 2.334 -26.402 3.3 8.247 -25.005 -3.3 
3 16 8.247 -25.005 -3.3 2.334 -26.402 3.3 2.334 -26.402 -3.3 
3 16 -2.345 -36.227 -6.328 -2.434 -35.492 -6.347 -2.345 -36.227 -3.3 
3 16 -2.433 -35.462 -7.982 -1.728 -33.694 -10 -2.434 -35.492 -6.347 
3 16 -2.434 -35.492 -6.347 -1.728 -33.694 -10 -2.005 -34.06 -3.3 
3 16 -2.005 -34.06 -3.3 -2.345 -36.227 -3.3 -2.434 -35.492 -6.347 
3 16 35.053 -30.725 -6.563 40.227 -34.005 -7.51 35.47 -30.99 -12.221 
3 16 35.47 -30.99 -12.221 40.227 -34.005 -7.51 41.419 -34.761 -12.315 
3 16 0.933 -22.611 10 -2.954 -21.001 10 -1.746 -29.078 10 
3 16 -1.746 -29.078 10 -2.954 -21.001 10 -5.633 -27.468 10 
3 16 -2.954 -21.001 10 -5.346 -21.001 10 -5.633 -27.468 10 
3 16 -7.18 -23.039 10 -7.324 -25.777 10 -5.346 -21.001 10 
3 16 -7.324 -25.777 10 -5.633 -27.468 10 -5.346 -21.001 10 
3 16 -7.324 -25.777 10 -7.324 -25.777 8.508 -5.633 -27.468 10 
3 16 -7.324 -25.777 8.508 -5.633 -27.468 9.022 -5.633 -27.468 10 
3 16 -7.18 -23.039 10 -7.18 -23.039 8.295 -7.324 -25.777 10 
3 16 -7.18 -23.039 8.295 -7.324 -25.777 8.508 -7.324 -25.777 10 
3 16 -5.346 -21.001 10 -5.346 -21.001 8.508 -7.18 -23.039 10 
3 16 -5.346 -21.001 8.508 -7.18 -23.039 8.295 -7.18 -23.039 10 
3 16 -2.954 -21.001 10 -2.954 -21.001 9.022 -5.346 -21.001 10 
3 16 -2.954 -21.001 9.022 -5.346 -21.001 8.508 -5.346 -21.001 10 
3 16 -2.954 -21.001 10 0.933 -22.611 10 -2.954 -21.001 9.022 
3 16 -5.633 -27.468 10 -5.633 -27.468 9.022 -1.746 -29.078 10 
3 16 34.055 -43.907 13.25 36.016 -44.118 13.25 32.543 -42.704 13.25 
3 16 36.016 -44.118 13.25 31.897 -40.817 13.25 32.543 -42.704 13.25 
3 16 36.016 -44.118 13.25 37.779 -43.235 13.25 31.897 -40.817 13.25 
3 16 31.897 -40.817 13.25 37.779 -43.235 13.25 32.194 -39.348 13.25 
3 16 37.779 -43.235 13.25 38.595 -42 13.25 32.194 -39.348 13.25 
3 16 32.194 -39.348 13.25 38.595 -42 13.25 33.022 -38.1 13.25 
3 16 38.595 -42 13.25 38.892 -40.549 13.25 33.022 -38.1 13.25 
3 16 38.892 -40.549 13.25 34.814 -37.222 13.25 33.022 -38.1 13.25 
3 16 38.269 -38.678 13.25 34.814 -37.222 13.25 38.892 -40.549 13.25 
3 16 34.814 -37.222 13.25 38.269 -38.678 13.25 36.734 -37.44 13.25 
3 16 34.055 -43.907 13.25 32.543 -42.704 13.114 31.48 -42.841 12.942 
3 16 32.543 -42.704 13.114 31.897 -40.817 12.848 31.48 -42.841 12.942 
3 16 31.897 -40.817 12.848 28.986 -41.808 12.009 31.48 -42.841 12.942 
3 16 31.897 -40.817 12.848 32.194 -39.348 12.771 28.986 -41.808 12.009 
3 16 32.194 -39.348 12.771 31.665 -35.341 12.009 28.986 -41.808 12.009 
3 16 32.194 -39.348 12.771 33.022 -38.1 12.848 31.665 -35.341 12.009 
3 16 31.665 -35.341 12.009 33.022 -38.1 12.848 34.158 -36.374 12.942 
3 16 33.022 -38.1 12.848 34.814 -37.222 13.114 34.158 -36.374 12.942 
3 16 34.814 -37.222 13.114 36.734 -37.44 13.25 34.158 -36.374 12.942 
3 16 31.665 -35.341 12.009 29.426 -34.413 10.5 28.986 -41.808 12.009 
3 16 29.426 -34.413 10.5 26.747 -40.88 10.5 28.986 -41.808 12.009 
3 16 29.426 -34.413 10.5 24.216 -32.255 10.5 26.747 -40.88 10.5 
3 16 24.216 -32.255 10.5 21.072 -38.53 10.5 26.747 -40.88 10.5 
3 16 32.543 -42.704 13.25 32.543 -42.704 13.114 34.055 -43.907 13.25 
3 16 32.543 -42.704 13.25 31.897 -40.817 13.25 32.543 -42.704 13.114 
3 16 31.897 -40.817 13.25 31.897 -40.817 12.848 32.543 -42.704 13.114 
3 16 31.897 -40.817 13.25 32.194 -39.348 13.25 31.897 -40.817 12.848 
3 16 32.194 -39.348 13.25 32.194 -39.348 12.771 31.897 -40.817 12.848 
3 16 32.194 -39.348 12.771 32.194 -39.348 13.25 33.022 -38.1 12.848 
3 16 32.194 -39.348 13.25 33.022 -38.1 13.25 33.022 -38.1 12.848 
3 16 34.814 -37.222 13.25 34.814 -37.222 13.114 33.022 -38.1 13.25 
3 16 34.814 -37.222 13.114 33.022 -38.1 12.848 33.022 -38.1 13.25 
3 16 36.734 -37.44 13.25 34.814 -37.222 13.114 34.814 -37.222 13.25 
3 16 34.055 -43.907 13.25 31.48 -42.841 12.942 34.055 -43.907 12.27 
3 16 31.48 -42.841 12.942 30.696 -42.516 12.221 34.055 -43.907 12.27 
3 16 31.48 -42.841 12.942 28.986 -41.808 12.009 30.696 -42.516 12.221 
3 16 30.696 -42.516 12.221 28.986 -41.808 12.009 26.747 -40.88 10 
3 16 28.986 -41.808 12.009 26.747 -40.88 10.5 26.747 -40.88 10 
3 16 26.747 -40.88 10.5 21.072 -38.53 10.5 26.747 -40.88 10 
3 16 21.072 -38.53 10.5 21.072 -38.53 10 26.747 -40.88 10 
3 16 36.016 -44.118 12.28 36.016 -44.118 13.25 34.055 -43.907 12.27 
3 16 36.016 -44.118 13.25 34.055 -43.907 13.25 34.055 -43.907 12.27 
3 16 37.779 -43.235 12.316 37.779 -43.235 13.25 36.016 -44.118 12.28 
3 16 37.779 -43.235 13.25 36.016 -44.118 13.25 36.016 -44.118 12.28 
3 16 37.779 -43.235 13.25 37.779 -43.235 12.316 38.595 -42 13.25 
3 16 37.779 -43.235 12.316 38.595 -42 12.27 38.595 -42 13.25 
3 16 38.892 -40.549 12.316 38.892 -40.549 13.25 38.595 -42 12.27 
3 16 38.892 -40.549 13.25 38.595 -42 13.25 38.595 -42 12.27 
3 16 38.269 -38.678 12.309 38.269 -38.678 13.25 38.892 -40.549 12.316 
3 16 38.269 -38.678 13.25 38.892 -40.549 13.25 38.892 -40.549 12.316 
3 16 36.734 -37.44 12.27 36.734 -37.44 13.25 38.269 -38.678 12.309 
3 16 36.734 -37.44 13.25 38.269 -38.678 13.25 38.269 -38.678 12.309 
3 16 33.375 -36.049 12.221 34.158 -36.374 12.942 36.734 -37.44 12.27 
3 16 34.158 -36.374 12.942 36.734 -37.44 13.25 36.734 -37.44 12.27 
3 16 34.158 -36.374 12.942 33.375 -36.049 12.221 31.665 -35.341 12.009 
3 16 33.375 -36.049 12.221 29.426 -34.413 10 31.665 -35.341 12.009 
3 16 29.426 -34.413 10 29.426 -34.413 10.5 31.665 -35.341 12.009 
3 16 24.216 -32.255 10 24.216 -32.255 10.5 29.426 -34.413 10 
3 16 24.216 -32.255 10.5 29.426 -34.413 10.5 29.426 -34.413 10 
3 16 24.216 -32.255 10.5 24.216 -32.255 10 21.072 -38.53 10.5 
3 16 24.216 -32.255 10 21.072 -38.53 10 21.072 -38.53 10.5 
3 16 32.885 -35.846 6.535 34.128 -32.843 6.535 40.672 -39.072 6.535 
3 16 34.128 -32.843 6.535 41.916 -36.069 6.535 40.672 -39.072 6.535 
3 16 39.745 -35.17 7.51 41.916 -36.069 6.535 34.128 -32.843 6.535 
3 16 38.074 -39.202 7.51 32.885 -35.846 6.535 40.672 -39.072 6.535 
2 24 34.128 -32.843 -6.535 32.885 -35.846 -6.535 
2 24 40.672 -39.072 -6.535 41.916 -36.069 -6.535 
2 24 41.916 -36.069 -6.535 34.128 -32.843 -6.535 
2 24 39.745 -35.17 -7.51 34.128 -32.843 -6.535 
2 24 41.916 -36.069 -6.535 39.745 -35.17 -7.51 
2 24 38.074 -39.202 -7.51 40.672 -39.072 -6.535 
2 24 32.885 -35.846 -6.535 38.074 -39.202 -7.51 
2 24 9.965 -21.083 1.5 9.195 -19.737 1.5 
2 24 6.522 -21.264 1.5 9.965 -21.083 1.5 
2 24 9.195 -19.737 1.5 7.59 -18.549 1.5 
2 24 3.599 -20.055 1.5 6.522 -21.264 1.5 
2 24 7.59 -18.549 1.5 3.598 -16.937 1.5 
2 24 3.598 -16.937 1.5 3.599 -20.055 1.5 
2 24 4 -17.062 0 3.598 -16.937 1.5 
2 24 7.59 -18.549 -1.5 3.598 -16.937 -1.5 
2 24 3.598 -16.937 -1.5 4 -17.062 0 
2 24 9.195 -19.737 -1.5 7.59 -18.549 -1.5 
2 24 9.965 -21.083 -1.5 6.522 -21.264 -1.5 
2 24 9.195 -19.737 -1.5 9.965 -21.083 -1.5 
2 24 6.522 -21.264 -1.5 3.599 -20.055 -1.5 
2 24 3.599 -20.055 -1.5 3.598 -16.937 -1.5 
2 24 9.965 -21.083 1.5 9.965 -21.083 -1.5 
2 24 4 0 0 3.464 0 -2 
2 24 3.464 0 2 4 0 0 
2 24 2 0 -3.464 0 0 -4 
2 24 3.464 0 -2 2 0 -3.464 
2 24 -2 0 -3.464 -3.464 0 -2 
2 24 0 0 -4 -2 0 -3.464 
2 24 -4 0 0 -3.464 0 2 
2 24 -3.464 0 -2 -4 0 0 
2 24 -2 0 3.464 0 0 4 
2 24 -3.464 0 2 -2 0 3.464 
2 24 2 0 3.464 3.464 0 2 
2 24 0 0 4 2 0 3.464 
2 24 3.464 -19.997 2 4 -20.219 0 
2 24 4 -20.219 0 3.464 -19.997 -2 
2 24 3.464 -19.997 -2 2 -19.391 -3.464 
2 24 2 -19.391 -3.464 0 -18.563 -4 
2 24 0 -18.563 -4 -2 -17.734 -3.464 
2 24 -2 -17.734 -3.464 -3.464 -17.128 -2 
2 24 -3.464 -17.128 -2 -4 -16.906 0 
2 24 -4 -16.906 0 -3.464 -17.128 2 
2 24 -3.464 -17.128 2 -2 -17.734 3.464 
2 24 -2 -17.734 3.464 0 -18.563 4 
2 24 0 -18.563 4 2 -19.391 3.464 
2 24 2 -19.391 3.464 3.464 -19.997 2 
2 24 34.055 -43.907 -13.25 32.543 -42.704 -13.25 
2 24 36.016 -44.118 -13.25 34.055 -43.907 -13.25 
2 24 32.543 -42.704 -13.25 31.897 -40.817 -13.25 
2 24 37.779 -43.235 -13.25 36.016 -44.118 -13.25 
2 24 31.897 -40.817 -13.25 32.194 -39.348 -13.25 
2 24 38.595 -42 -13.25 37.779 -43.235 -13.25 
2 24 32.194 -39.348 -13.25 33.022 -38.1 -13.25 
2 24 38.892 -40.549 -13.25 38.595 -42 -13.25 
2 24 33.022 -38.1 -13.25 34.814 -37.222 -13.25 
2 24 38.269 -38.678 -13.25 38.892 -40.549 -13.25 
2 24 34.814 -37.222 -13.25 36.734 -37.44 -13.25 
2 24 36.734 -37.44 -13.25 38.269 -38.678 -13.25 
2 24 34.055 -43.907 -13.25 31.48 -42.841 -12.942 
2 24 32.543 -42.704 -13.114 34.055 -43.907 -13.25 
2 24 31.897 -40.817 -12.848 32.543 -42.704 -13.114 
2 24 31.48 -42.841 -12.942 28.986 -41.808 -12.009 
2 24 32.194 -39.348 -12.771 31.897 -40.817 -12.848 
2 24 33.022 -38.1 -12.848 32.194 -39.348 -12.771 
2 24 31.665 -35.341 -12.009 34.158 -36.374 -12.942 
2 24 34.814 -37.222 -13.114 33.022 -38.1 -12.848 
2 24 34.158 -36.374 -12.942 36.734 -37.44 -13.25 
2 24 36.734 -37.44 -13.25 34.814 -37.222 -13.114 
2 24 29.426 -34.413 -10.5 31.665 -35.341 -12.009 
2 24 28.986 -41.808 -12.009 26.747 -40.88 -10.5 
2 24 26.747 -40.88 -10.5 29.426 -34.413 -10.5 
2 24 24.216 -32.255 -10.5 29.426 -34.413 -10.5 
2 24 26.747 -40.88 -10.5 21.072 -38.53 -10.5 
2 24 21.072 -38.53 -10.5 24.216 -32.255 -10.5 
2 24 34.055 -43.907 -12.27 30.696 -42.516 -12.221 
2 24 30.696 -42.516 -12.221 26.747 -40.88 -10 
2 24 26.747 -40.88 -10 21.072 -38.53 -10 
2 24 21.072 -38.53 -10 21.072 -38.53 -10.5 
2 24 36.016 -44.118 -12.28 34.055 -43.907 -12.27 
2 24 37.779 -43.235 -12.316 36.016 -44.118 -12.28 
2 24 38.595 -42 -12.27 37.779 -43.235 -12.316 
2 24 38.892 -40.549 -12.316 38.595 -42 -12.27 
2 24 38.269 -38.678 -12.309 38.892 -40.549 -12.316 
2 24 36.734 -37.44 -12.27 38.269 -38.678 -12.309 
2 24 33.375 -36.049 -12.221 36.734 -37.44 -12.27 
2 24 29.426 -34.413 -10 33.375 -36.049 -12.221 
2 24 24.216 -32.255 -10 29.426 -34.413 -10 
2 24 24.216 -32.255 -10.5 24.216 -32.255 -10 
2 24 21.072 -38.53 -10 24.216 -32.255 -10 
2 24 0.933 -22.611 -10 -1.746 -29.078 -10 
2 24 -2.954 -21.001 -10 0.933 -22.611 -10 
2 24 -1.746 -29.078 -10 -5.633 -27.468 -10 
2 24 -5.346 -21.001 -10 -2.954 -21.001 -10 
2 24 -7.18 -23.039 -10 -5.346 -21.001 -10 
2 24 -7.324 -25.777 -10 -7.18 -23.039 -10 
2 24 -5.633 -27.468 -10 -7.324 -25.777 -10 
2 24 -5.633 -27.468 -9.022 -7.324 -25.777 -8.508 
2 24 -7.324 -25.777 -8.508 -7.18 -23.039 -8.295 
2 24 -7.18 -23.039 -8.295 -5.346 -21.001 -8.508 
2 24 -5.346 -21.001 -8.508 -2.954 -21.001 -9.022 
2 24 -2.954 -21.001 -9.022 0.933 -22.611 -10 
2 24 -1.746 -29.078 -10 -5.633 -27.468 -9.022 
2 24 17.722 -43.883 4.125 13.53 -42.148 4.088 
2 24 17.722 -43.883 -4.125 17.722 -43.883 4.125 
2 24 13.53 -42.148 4.088 13.53 -42.148 -4.088 
2 24 13.53 -42.148 -4.088 17.722 -43.883 -4.125 
2 24 13.53 -42.148 4.088 14.957 -36.633 4.088 
2 24 14.957 -36.633 4.088 14.957 -36.633 -4.088 
2 24 14.957 -36.633 -4.088 13.53 -42.148 -4.088 
2 24 19.972 -38.71 4.125 17.722 -43.883 4.125 
2 24 19.972 -38.71 -4.125 19.972 -38.71 4.125 
2 24 17.722 -43.883 -4.125 19.972 -38.71 -4.125 
2 24 14.957 -36.633 4.088 19.972 -38.71 4.125 
2 24 19.972 -38.71 -4.125 14.957 -36.633 -4.088 
2 24 13.371 -20.944 10 31.806 -28.666 10 
2 24 31.543 -28.499 4.125 25.286 -25.88 4.125 
2 24 35.053 -30.725 6.563 31.543 -28.499 4.125 
2 24 31.806 -28.666 10 35.47 -30.99 12.221 
2 24 41.419 -34.761 12.315 44.185 -36.515 10.951 
2 24 42.427 -35.4 6.467 40.227 -34.005 7.51 
2 24 44.185 -36.515 10.951 45.058 -37.068 8.086 
2 24 45.058 -37.068 8.086 44.132 -36.481 6.71 
2 24 44.132 -36.481 6.71 42.427 -35.4 6.467 
2 24 1.739 -31.54 10 2.71 -32.322 10 
2 24 6.522 -21.264 10 2.228 -19.485 10 
2 24 -1.728 -33.694 10 -0.188 -32.83 10 
2 24 -3.229 -32.659 10 -1.728 -33.694 10 
2 24 -0.188 -32.83 10 0.513 -31.761 10 
2 24 0.513 -31.761 10 1.739 -31.54 10 
2 24 13.371 -20.944 10 6.522 -21.264 10 
2 24 3.016 -36.057 10 24.977 -45.154 10 
2 24 14.957 -36.633 10 17.024 -28.64 10 
2 24 2.71 -32.322 10 2.584 -33.978 10 
2 24 2.584 -33.978 10 3.016 -36.057 10 
2 24 20.8 -39.053 10 14.957 -36.633 10 
2 24 17.024 -28.64 10 24.375 -31.685 10 
2 24 24.977 -45.154 10 31.806 -28.666 10 
2 24 24.375 -31.685 10 20.8 -39.053 10 
2 24 -0.188 -32.83 3.3 -0.188 -32.83 10 
2 24 -2.005 -34.06 3.3 -0.188 -32.83 3.3 
2 24 -12.227 -28.974 7.739 -11.394 -31.793 5.731 
2 24 -3.229 -32.659 10 -12.227 -28.974 7.739 
2 24 -2.433 -35.462 7.982 -1.728 -33.694 10 
2 24 -11.394 -31.793 5.731 -2.433 -35.462 7.982 
2 24 -11.419 -31.853 2 -11.394 -31.793 5.731 
2 24 -12.735 -27.519 2 -11.419 -31.853 2 
2 24 -12.227 -28.974 7.739 -12.698 -27.43 7.5 
2 24 -12.698 -27.43 7.5 -12.735 -27.519 2 
2 24 -2.434 -35.492 6.347 -2.433 -35.462 7.982 
2 24 -10.147 -32.325 4.922 -2.434 -35.492 6.347 
2 24 -11.419 -31.853 2 -10.181 -32.366 2 
2 24 -10.181 -32.366 2 -10.147 -32.325 4.922 
2 24 -10.181 -32.366 2 -7.148 -37.177 2 
2 24 -7.148 -37.177 2 -7.039 -37.341 2.237 
2 24 -7.039 -37.341 2.237 -7.003 -37.298 5.32 
2 24 -7.003 -37.298 5.32 -10.147 -32.325 4.922 
2 24 -7.003 -37.298 5.32 -4.607 -38.3 5.761 
2 24 -4.607 -38.3 5.761 -2.345 -36.227 6.328 
2 24 -2.345 -36.227 6.328 -2.434 -35.492 6.347 
2 24 -7.039 -37.341 2.237 -6.356 -37.609 3.3 
2 24 -6.356 -37.609 3.3 -4.642 -38.332 3.3 
2 24 -4.642 -38.332 3.3 -4.607 -38.3 5.761 
2 24 -2.345 -36.227 3.3 -2.345 -36.227 6.328 
2 24 -4.642 -38.332 3.3 -2.345 -36.227 3.3 
2 24 -0.188 -32.83 3.3 0.513 -31.761 3.3 
2 24 0.513 -31.761 3.3 1.739 -31.54 3.3 
2 24 1.739 -31.54 3.3 2.71 -32.322 3.3 
2 24 2.584 -33.978 3.3 2.584 -33.978 10 
2 24 2.71 -32.322 3.3 2.584 -33.978 3.3 
2 24 38.863 -49.364 10.951 39.86 -49.62 8.091 
2 24 39.86 -49.62 8.091 39.008 -49.466 6.86 
2 24 39.008 -49.466 6.86 37.003 -49.061 6.418 
2 24 28.597 -47.243 6.773 34.237 -48.465 7.51 
2 24 35.721 -48.691 12.297 28.764 -47.184 12.221 
2 24 34.237 -48.465 7.51 37.003 -49.061 6.418 
2 24 38.863 -49.364 10.951 35.721 -48.691 12.297 
2 24 28.764 -47.184 12.221 23.024 -45.904 8.584 
2 24 24.187 -46.259 4.125 28.597 -47.243 6.773 
2 24 22.489 -45.858 4.125 24.187 -46.259 4.125 
2 24 2.301 -37.437 7.221 11.773 -41.356 7.489 
2 24 2.317 -37.42 8.5 2.301 -37.437 7.221 
2 24 23.024 -45.904 8.584 2.317 -37.42 8.5 
2 24 11.773 -41.356 7.489 11.766 -41.417 4.088 
2 24 11.766 -41.417 4.088 22.489 -45.858 4.125 
2 24 35.053 -30.725 6.563 40.227 -34.005 7.51 
2 24 24.977 -45.154 10 23.024 -45.904 8.584 
2 24 41.419 -34.761 12.315 35.47 -30.99 12.221 
2 24 3.016 -36.057 10 2.317 -37.42 8.5 
2 24 2.584 -33.978 3.3 3 -36.133 3.3 
2 24 1.707 -37.906 7.076 2.301 -37.437 7.221 
2 24 1.707 -37.906 3.3 1.707 -37.906 7.076 
2 24 3 -36.133 3.3 1.707 -37.906 3.3 
2 24 5.187 -42.403 7.056 11.773 -41.356 7.489 
2 24 1.707 -37.906 7.076 1.842 -40.995 6.95 
2 24 1.842 -40.995 6.95 5.187 -42.403 7.056 
2 24 1.707 -37.906 3.3 1.845 -41.066 3.3 
2 24 1.845 -41.066 3.3 1.842 -40.995 6.95 
2 24 1.845 -41.066 3.3 2.175 -41.205 3.3 
2 24 2.175 -41.205 3.3 2.952 -41.517 4.088 
2 24 2.952 -41.517 4.088 5.18 -42.456 4.088 
2 24 5.18 -42.456 4.088 5.187 -42.403 7.056 
2 24 5.18 -42.456 4.088 11.766 -41.417 4.088 
2 24 14.957 -36.633 4.088 20.8 -39.053 4.125 
2 24 23.1 -31.157 4.125 25.286 -25.88 4.125 
2 24 24.375 -31.685 4.125 23.1 -31.157 4.125 
2 24 20.8 -39.053 4.125 24.375 -31.685 4.125 
2 24 -12.698 -27.43 7.5 -10.287 -21.608 7.5 
2 24 -10.577 -22.308 2 -12.735 -27.519 2 
2 24 2.228 -19.485 10 -5.394 -16.328 8.081 
2 24 -5.394 -16.328 8.081 -10.287 -21.608 7.5 
2 24 24.375 -31.685 4.125 24.375 -31.685 10 
2 24 17.024 -28.64 10 17.024 -28.64 4.088 
2 24 20.8 -39.053 4.125 20.8 -39.053 10 
2 24 14.957 -36.633 10 14.957 -36.633 4.088 
2 24 14.957 -36.633 4.088 17.024 -28.64 4.088 
2 24 2.334 -26.402 3.3 -1.564 -26.042 3.3 
2 24 -1.564 -26.042 -3.3 2.334 -26.402 -3.3 
2 24 -1.564 -26.042 3.3 -2.394 -25.698 2 
2 24 -2.394 -25.698 -2 -1.564 -26.042 -3.3 
2 24 2.334 -26.402 3.3 8.247 -25.005 3.3 
2 24 8.247 -25.005 3.3 8.791 -25.23 3.3 
2 24 -6.356 -37.609 3.3 -1.564 -26.042 3.3 
2 24 -2.005 -34.06 3.3 -2.345 -36.227 3.3 
2 24 8.791 -25.23 3.3 2.175 -41.205 3.3 
2 24 2.952 -41.517 4.088 9.566 -25.551 4.088 
2 24 9.566 -25.551 4.088 17.024 -28.64 4.088 
2 24 -10.577 -22.308 2 -2.394 -25.698 2 
2 24 -2.394 -25.698 2 -7.148 -37.177 2 
2 24 8.791 -25.23 3.3 9.566 -25.551 4.088 
2 24 -5.394 -16.328 -8.081 -5.394 -16.328 8.081 
2 24 2.228 -19.485 -10 -5.394 -16.328 -8.081 
2 24 6.522 -21.264 -10 2.228 -19.485 -10 
2 24 -5.394 -16.328 -8.081 -10.287 -21.608 -7.5 
2 24 25.286 -25.88 4.125 25.286 -25.88 -4.125 
2 24 31.806 -28.666 -10 13.371 -20.944 -10 
2 24 25.286 -25.88 -4.125 31.543 -28.499 -4.125 
2 24 31.543 -28.499 -4.125 35.053 -30.725 -6.563 
2 24 35.47 -30.99 -12.221 31.806 -28.666 -10 
2 24 44.185 -36.515 -10.951 41.419 -34.761 -12.315 
2 24 40.227 -34.005 -7.51 42.427 -35.4 -6.467 
2 24 45.058 -37.068 -8.086 44.185 -36.515 -10.951 
2 24 42.427 -35.4 -6.467 44.132 -36.481 -6.71 
2 24 44.132 -36.481 -6.71 45.058 -37.068 -8.086 
2 24 13.371 -20.944 -10 6.522 -21.264 -10 
2 24 2.71 -32.322 -10 1.739 -31.54 -10 
2 24 -1.728 -33.694 -10 -3.229 -32.659 -10 
2 24 -0.188 -32.83 -10 -1.728 -33.694 -10 
2 24 0.513 -31.761 -10 -0.188 -32.83 -10 
2 24 1.739 -31.54 -10 0.513 -31.761 -10 
2 24 24.977 -45.154 -10 3.016 -36.057 -10 
2 24 17.024 -28.64 -10 14.957 -36.633 -10 
2 24 2.584 -33.978 -10 2.71 -32.322 -10 
2 24 3.016 -36.057 -10 2.584 -33.978 -10 
2 24 14.957 -36.633 -10 20.8 -39.053 -10 
2 24 24.375 -31.685 -10 17.024 -28.64 -10 
2 24 31.806 -28.666 -10 24.977 -45.154 -10 
2 24 20.8 -39.053 -10 24.375 -31.685 -10 
2 24 -0.188 -32.83 -10 -0.188 -32.83 -3.3 
2 24 -0.188 -32.83 -3.3 -2.005 -34.06 -3.3 
2 24 -12.227 -28.974 -7.739 -3.229 -32.659 -10 
2 24 -11.394 -31.793 -5.731 -12.227 -28.974 -7.739 
2 24 -1.728 -33.694 -10 -2.433 -35.462 -7.982 
2 24 -2.433 -35.462 -7.982 -11.394 -31.793 -5.731 
2 24 -11.419 -31.853 -2 -12.735 -27.519 -2 
2 24 -11.394 -31.793 -5.731 -11.419 -31.853 -2 
2 24 -12.735 -27.519 -2 -12.698 -27.43 -7.5 
2 24 -12.698 -27.43 -7.5 -12.227 -28.974 -7.739 
2 24 -2.434 -35.492 -6.347 -10.147 -32.325 -4.922 
2 24 -2.433 -35.462 -7.982 -2.434 -35.492 -6.347 
2 24 -10.147 -32.325 -4.922 -10.181 -32.366 -2 
2 24 -10.181 -32.366 -2 -11.419 -31.853 -2 
2 24 -7.039 -37.341 -2.237 -7.148 -37.177 -2 
2 24 -7.148 -37.177 -2 -10.181 -32.366 -2 
2 24 -10.147 -32.325 -4.922 -7.003 -37.298 -5.32 
2 24 -7.003 -37.298 -5.32 -7.039 -37.341 -2.237 
2 24 -4.607 -38.3 -5.761 -7.003 -37.298 -5.32 
2 24 -2.434 -35.492 -6.347 -2.345 -36.227 -6.328 
2 24 -2.345 -36.227 -6.328 -4.607 -38.3 -5.761 
2 24 -6.356 -37.609 -3.3 -7.039 -37.341 -2.237 
2 24 -4.607 -38.3 -5.761 -4.642 -38.332 -3.3 
2 24 -4.642 -38.332 -3.3 -6.356 -37.609 -3.3 
2 24 -2.345 -36.227 -6.328 -2.345 -36.227 -3.3 
2 24 -2.345 -36.227 -3.3 -4.642 -38.332 -3.3 
2 24 0.513 -31.761 -3.3 -0.188 -32.83 -3.3 
2 24 1.739 -31.54 -3.3 0.513 -31.761 -3.3 
2 24 2.71 -32.322 -3.3 1.739 -31.54 -3.3 
2 24 2.584 -33.978 -3.3 2.71 -32.322 -3.3 
2 24 2.584 -33.978 -10 2.584 -33.978 -3.3 
2 24 39.86 -49.62 -8.091 38.863 -49.364 -10.951 
2 24 39.008 -49.466 -6.86 39.86 -49.62 -8.091 
2 24 37.003 -49.061 -6.418 39.008 -49.466 -6.86 
2 24 34.237 -48.465 -7.51 28.597 -47.243 -6.773 
2 24 28.764 -47.184 -12.221 35.721 -48.691 -12.297 
2 24 37.003 -49.061 -6.418 34.237 -48.465 -7.51 
2 24 35.721 -48.691 -12.297 38.863 -49.364 -10.951 
2 24 23.024 -45.904 -8.584 28.764 -47.184 -12.221 
2 24 28.597 -47.243 -6.773 24.187 -46.259 -4.125 
2 24 24.187 -46.259 -4.125 22.489 -45.858 -4.125 
2 24 2.301 -37.437 -7.221 2.317 -37.42 -8.5 
2 24 11.773 -41.356 -7.489 2.301 -37.437 -7.221 
2 24 2.317 -37.42 -8.5 23.024 -45.904 -8.584 
2 24 22.489 -45.858 -4.125 11.766 -41.417 -4.088 
2 24 11.766 -41.417 -4.088 11.773 -41.356 -7.489 
2 24 40.227 -34.005 -7.51 35.053 -30.725 -6.563 
2 24 23.024 -45.904 -8.584 24.977 -45.154 -10 
2 24 35.47 -30.99 -12.221 41.419 -34.761 -12.315 
2 24 2.317 -37.42 -8.5 3.016 -36.057 -10 
2 24 3 -36.133 -3.3 2.584 -33.978 -3.3 
2 24 1.707 -37.906 -7.076 1.707 -37.906 -3.3 
2 24 2.301 -37.437 -7.221 1.707 -37.906 -7.076 
2 24 1.707 -37.906 -3.3 3 -36.133 -3.3 
2 24 11.773 -41.356 -7.489 5.187 -42.403 -7.056 
2 24 5.187 -42.403 -7.056 1.842 -40.995 -6.95 
2 24 1.842 -40.995 -6.95 1.707 -37.906 -7.076 
2 24 1.842 -40.995 -6.95 1.845 -41.066 -3.3 
2 24 1.845 -41.066 -3.3 1.707 -37.906 -3.3 
2 24 2.175 -41.205 -3.3 1.845 -41.066 -3.3 
2 24 2.952 -41.517 -4.088 2.175 -41.205 -3.3 
2 24 5.187 -42.403 -7.056 5.18 -42.456 -4.088 
2 24 5.18 -42.456 -4.088 2.952 -41.517 -4.088 
2 24 11.766 -41.417 -4.088 5.18 -42.456 -4.088 
2 24 20.8 -39.053 -4.125 14.957 -36.633 -4.088 
2 24 23.1 -31.157 -4.125 24.375 -31.685 -4.125 
2 24 25.286 -25.88 -4.125 23.1 -31.157 -4.125 
2 24 24.375 -31.685 -4.125 20.8 -39.053 -4.125 
2 24 23.1 -31.157 4.125 23.1 -31.157 -4.125 
2 24 -10.577 -22.308 -2 -10.577 -22.308 2 
2 24 -10.287 -21.608 -7.5 -12.698 -27.43 -7.5 
2 24 -12.735 -27.519 -2 -10.577 -22.308 -2 
2 24 24.375 -31.685 -10 24.375 -31.685 -4.125 
2 24 17.024 -28.64 -4.088 17.024 -28.64 -10 
2 24 8.247 -25.005 3.3 8.247 -25.005 -3.3 
2 24 8.247 -25.005 -3.3 8.791 -25.23 -3.3 
2 24 9.566 -25.551 -4.088 17.024 -28.64 -4.088 
2 24 8.791 -25.23 -3.3 9.566 -25.551 -4.088 
2 24 20.8 -39.053 -10 20.8 -39.053 -4.125 
2 24 14.957 -36.633 -4.088 14.957 -36.633 -10 
2 24 17.024 -28.64 -4.088 14.957 -36.633 -4.088 
2 24 -10.577 -22.308 -2 -2.394 -25.698 -2 
2 24 8.247 -25.005 -3.3 2.334 -26.402 -3.3 
2 24 -1.564 -26.042 -3.3 -6.356 -37.609 -3.3 
2 24 -2.345 -36.227 -3.3 -2.005 -34.06 -3.3 
2 24 2.175 -41.205 -3.3 8.791 -25.23 -3.3 
2 24 9.566 -25.551 -4.088 2.952 -41.517 -4.088 
2 24 -7.148 -37.177 -2 -2.394 -25.698 -2 
2 24 0.933 -22.611 10 -2.954 -21.001 10 
2 24 -1.746 -29.078 10 0.933 -22.611 10 
2 24 -5.633 -27.468 10 -1.746 -29.078 10 
2 24 -2.954 -21.001 10 -5.346 -21.001 10 
2 24 -7.18 -23.039 10 -7.324 -25.777 10 
2 24 -5.346 -21.001 10 -7.18 -23.039 10 
2 24 -7.324 -25.777 10 -5.633 -27.468 10 
2 24 -7.324 -25.777 8.508 -5.633 -27.468 9.022 
2 24 -7.18 -23.039 8.295 -7.324 -25.777 8.508 
2 24 -5.346 -21.001 8.508 -7.18 -23.039 8.295 
2 24 -2.954 -21.001 9.022 -5.346 -21.001 8.508 
2 24 0.933 -22.611 10 -2.954 -21.001 9.022 
2 24 -5.633 -27.468 9.022 -1.746 -29.078 10 
2 24 34.055 -43.907 13.25 36.016 -44.118 13.25 
2 24 32.543 -42.704 13.25 34.055 -43.907 13.25 
2 24 31.897 -40.817 13.25 32.543 -42.704 13.25 
2 24 36.016 -44.118 13.25 37.779 -43.235 13.25 
2 24 32.194 -39.348 13.25 31.897 -40.817 13.25 
2 24 37.779 -43.235 13.25 38.595 -42 13.25 
2 24 33.022 -38.1 13.25 32.194 -39.348 13.25 
2 24 38.595 -42 13.25 38.892 -40.549 13.25 
2 24 34.814 -37.222 13.25 33.022 -38.1 13.25 
2 24 38.892 -40.549 13.25 38.269 -38.678 13.25 
2 24 38.269 -38.678 13.25 36.734 -37.44 13.25 
2 24 36.734 -37.44 13.25 34.814 -37.222 13.25 
2 24 34.055 -43.907 13.25 32.543 -42.704 13.114 
2 24 31.48 -42.841 12.942 34.055 -43.907 13.25 
2 24 32.543 -42.704 13.114 31.897 -40.817 12.848 
2 24 28.986 -41.808 12.009 31.48 -42.841 12.942 
2 24 31.897 -40.817 12.848 32.194 -39.348 12.771 
2 24 32.194 -39.348 12.771 33.022 -38.1 12.848 
2 24 34.158 -36.374 12.942 31.665 -35.341 12.009 
2 24 33.022 -38.1 12.848 34.814 -37.222 13.114 
2 24 34.814 -37.222 13.114 36.734 -37.44 13.25 
2 24 36.734 -37.44 13.25 34.158 -36.374 12.942 
2 24 31.665 -35.341 12.009 29.426 -34.413 10.5 
2 24 29.426 -34.413 10.5 26.747 -40.88 10.5 
2 24 26.747 -40.88 10.5 28.986 -41.808 12.009 
2 24 29.426 -34.413 10.5 24.216 -32.255 10.5 
2 24 24.216 -32.255 10.5 21.072 -38.53 10.5 
2 24 21.072 -38.53 10.5 26.747 -40.88 10.5 
2 24 30.696 -42.516 12.221 34.055 -43.907 12.27 
2 24 26.747 -40.88 10 30.696 -42.516 12.221 
2 24 21.072 -38.53 10.5 21.072 -38.53 10 
2 24 21.072 -38.53 10 26.747 -40.88 10 
2 24 34.055 -43.907 12.27 36.016 -44.118 12.28 
2 24 36.016 -44.118 12.28 37.779 -43.235 12.316 
2 24 37.779 -43.235 12.316 38.595 -42 12.27 
2 24 38.595 -42 12.27 38.892 -40.549 12.316 
2 24 38.892 -40.549 12.316 38.269 -38.678 12.309 
2 24 38.269 -38.678 12.309 36.734 -37.44 12.27 
2 24 36.734 -37.44 12.27 33.375 -36.049 12.221 
2 24 33.375 -36.049 12.221 29.426 -34.413 10 
2 24 24.216 -32.255 10 24.216 -32.255 10.5 
2 24 29.426 -34.413 10 24.216 -32.255 10 
2 24 24.216 -32.255 10 21.072 -38.53 10 
2 24 32.885 -35.846 6.535 34.128 -32.843 6.535 
2 24 34.128 -32.843 6.535 41.916 -36.069 6.535 
2 24 41.916 -36.069 6.535 40.672 -39.072 6.535 
2 24 39.745 -35.17 7.51 41.916 -36.069 6.535 
2 24 34.128 -32.843 6.535 39.745 -35.17 7.51 
2 24 38.074 -39.202 7.51 32.885 -35.846 6.535 
2 24 40.672 -39.072 6.535 38.074 -39.202 7.51 

0 // Stud
3 16 9.987 -26.15 -14.45 9.987 -26.15 -10.025 7.987 -26.686 -14.45 
3 16 9.987 -26.15 -10.025 7.987 -26.686 -10.025 7.987 -26.686 -14.45 
3 16 7.987 -26.686 -14.45 7.987 -26.686 -10.025 6.523 -28.15 -14.45 
3 16 7.987 -26.686 -10.025 6.523 -28.15 -10.025 6.523 -28.15 -14.45 
3 16 6.523 -28.15 -14.45 6.523 -28.15 -10.025 5.987 -30.15 -14.45 
3 16 6.523 -28.15 -10.025 5.987 -30.15 -10.025 5.987 -30.15 -14.45 
3 16 5.987 -30.15 -14.45 5.987 -30.15 -10.025 6.523 -32.15 -14.45 
3 16 5.987 -30.15 -10.025 6.523 -32.15 -10.025 6.523 -32.15 -14.45 
3 16 6.523 -32.15 -14.45 6.523 -32.15 -10.025 7.987 -33.614 -14.45 
3 16 6.523 -32.15 -10.025 7.987 -33.614 -10.025 7.987 -33.614 -14.45 
3 16 7.987 -33.614 -14.45 7.987 -33.614 -10.025 9.987 -34.15 -14.45 
3 16 7.987 -33.614 -10.025 9.987 -34.15 -10.025 9.987 -34.15 -14.45 
3 16 9.987 -34.15 -14.45 9.987 -34.15 -10.025 11.987 -33.614 -14.45 
3 16 9.987 -34.15 -10.025 11.987 -33.614 -10.025 11.987 -33.614 -14.45 
3 16 11.987 -33.614 -14.45 11.987 -33.614 -10.025 13.452 -32.15 -14.45 
3 16 11.987 -33.614 -10.025 13.452 -32.15 -10.025 13.452 -32.15 -14.45 
3 16 13.987 -30.15 -10.025 13.987 -30.15 -14.45 13.452 -32.15 -10.025 
3 16 13.987 -30.15 -14.45 13.452 -32.15 -14.45 13.452 -32.15 -10.025 
3 16 13.987 -30.15 -14.45 13.987 -30.15 -10.025 13.452 -28.15 -14.45 
3 16 13.987 -30.15 -10.025 13.452 -28.15 -10.025 13.452 -28.15 -14.45 
3 16 13.452 -28.15 -14.45 13.452 -28.15 -10.025 11.987 -26.686 -14.45 
3 16 13.452 -28.15 -10.025 11.987 -26.686 -10.025 11.987 -26.686 -14.45 
3 16 11.987 -26.686 -14.45 11.987 -26.686 -10.025 9.987 -26.15 -14.45 
3 16 11.987 -26.686 -10.025 9.987 -26.15 -10.025 9.987 -26.15 -14.45 
3 16 13.987 -30.15 -14.45 16.112 -30.15 -14.45 13.452 -32.15 -14.45 
3 16 15.292 -33.212 -14.45 13.452 -32.15 -14.45 16.112 -30.15 -14.45 
3 16 13.452 -28.15 -14.45 15.292 -27.087 -14.45 13.987 -30.15 -14.45 
3 16 16.112 -30.15 -14.45 13.987 -30.15 -14.45 15.292 -27.087 -14.45 
3 16 11.987 -26.686 -14.45 13.05 -24.846 -14.45 13.452 -28.15 -14.45 
3 16 15.292 -27.087 -14.45 13.452 -28.15 -14.45 13.05 -24.846 -14.45 
3 16 9.987 -26.15 -14.45 9.987 -24.025 -14.45 11.987 -26.686 -14.45 
3 16 13.05 -24.846 -14.45 11.987 -26.686 -14.45 9.987 -24.025 -14.45 
3 16 7.987 -26.686 -14.45 6.925 -24.846 -14.45 9.987 -26.15 -14.45 
3 16 9.987 -24.025 -14.45 9.987 -26.15 -14.45 6.925 -24.846 -14.45 
3 16 6.523 -28.15 -14.45 4.683 -27.088 -14.45 7.987 -26.686 -14.45 
3 16 6.925 -24.846 -14.45 7.987 -26.686 -14.45 4.683 -27.088 -14.45 
3 16 5.987 -30.15 -14.45 3.862 -30.15 -14.45 6.523 -28.15 -14.45 
3 16 4.683 -27.088 -14.45 6.523 -28.15 -14.45 3.862 -30.15 -14.45 
3 16 6.523 -32.15 -14.45 4.683 -33.213 -14.45 5.987 -30.15 -14.45 
3 16 3.862 -30.15 -14.45 5.987 -30.15 -14.45 4.683 -33.213 -14.45 
3 16 7.987 -33.614 -14.45 6.925 -35.454 -14.45 6.523 -32.15 -14.45 
3 16 4.683 -33.213 -14.45 6.523 -32.15 -14.45 6.925 -35.454 -14.45 
3 16 9.987 -34.15 -14.45 9.987 -36.275 -14.45 7.987 -33.614 -14.45 
3 16 6.925 -35.454 -14.45 7.987 -33.614 -14.45 9.987 -36.275 -14.45 
3 16 11.987 -33.614 -14.45 13.05 -35.454 -14.45 9.987 -34.15 -14.45 
3 16 9.987 -36.275 -14.45 9.987 -34.15 -14.45 13.05 -35.454 -14.45 
3 16 13.452 -32.15 -14.45 15.292 -33.212 -14.45 11.987 -33.614 -14.45 
3 16 13.05 -35.454 -14.45 11.987 -33.614 -14.45 15.292 -33.212 -14.45 
3 16 16.112 -30.15 -14.45 16.112 -30.15 -10.025 15.292 -33.212 -14.45 
3 16 16.112 -30.15 -10.025 15.292 -33.212 -10.025 15.292 -33.212 -14.45 
3 16 15.292 -27.087 -14.45 15.292 -27.087 -10.025 16.112 -30.15 -14.45 
3 16 15.292 -27.087 -10.025 16.112 -30.15 -10.025 16.112 -30.15 -14.45 
3 16 13.05 -24.846 -14.45 13.05 -24.846 -10.025 15.292 -27.087 -14.45 
3 16 13.05 -24.846 -10.025 15.292 -27.087 -10.025 15.292 -27.087 -14.45 
3 16 9.987 -24.025 -14.45 9.987 -24.025 -10.025 13.05 -24.846 -14.45 
3 16 9.987 -24.025 -10.025 13.05 -24.846 -10.025 13.05 -24.846 -14.45 
3 16 6.925 -24.846 -14.45 6.925 -24.846 -10.025 9.987 -24.025 -14.45 
3 16 6.925 -24.846 -10.025 9.987 -24.025 -10.025 9.987 -24.025 -14.45 
3 16 4.683 -27.088 -14.45 4.683 -27.087 -10.025 6.925 -24.846 -14.45 
3 16 4.683 -27.087 -10.025 6.925 -24.846 -10.025 6.925 -24.846 -14.45 
3 16 3.862 -30.15 -14.45 3.862 -30.15 -10.025 4.683 -27.088 -14.45 
3 16 3.862 -30.15 -10.025 4.683 -27.087 -10.025 4.683 -27.088 -14.45 
3 16 4.683 -33.213 -14.45 4.683 -33.212 -10.025 3.862 -30.15 -14.45 
3 16 4.683 -33.212 -10.025 3.862 -30.15 -10.025 3.862 -30.15 -14.45 
3 16 6.925 -35.454 -14.45 6.925 -35.454 -10.025 4.683 -33.213 -14.45 
3 16 6.925 -35.454 -10.025 4.683 -33.212 -10.025 4.683 -33.213 -14.45 
3 16 9.987 -36.275 -14.45 9.987 -36.275 -10.025 6.925 -35.454 -14.45 
3 16 9.987 -36.275 -10.025 6.925 -35.454 -10.025 6.925 -35.454 -14.45 
3 16 13.05 -35.454 -14.45 13.05 -35.454 -10.025 9.987 -36.275 -14.45 
3 16 13.05 -35.454 -10.025 9.987 -36.275 -10.025 9.987 -36.275 -14.45 
3 16 15.292 -33.212 -14.45 15.292 -33.212 -10.025 13.05 -35.454 -14.45 
3 16 15.292 -33.212 -10.025 13.05 -35.454 -10.025 13.05 -35.454 -14.45 
2 24 7.987 -26.686 -14.45 9.987 -26.15 -14.45 
2 24 9.987 -26.15 -10.025 7.987 -26.686 -10.025 
2 24 6.523 -28.15 -14.45 7.987 -26.686 -14.45 
2 24 7.987 -26.686 -10.025 6.523 -28.15 -10.025 
2 24 5.987 -30.15 -14.45 6.523 -28.15 -14.45 
2 24 6.523 -28.15 -10.025 5.987 -30.15 -10.025 
2 24 6.523 -32.15 -14.45 5.987 -30.15 -14.45 
2 24 5.987 -30.15 -10.025 6.523 -32.15 -10.025 
2 24 7.987 -33.614 -14.45 6.523 -32.15 -14.45 
2 24 6.523 -32.15 -10.025 7.987 -33.614 -10.025 
2 24 9.987 -34.15 -14.45 7.987 -33.614 -14.45 
2 24 7.987 -33.614 -10.025 9.987 -34.15 -10.025 
2 24 11.987 -33.614 -14.45 9.987 -34.15 -14.45 
2 24 9.987 -34.15 -10.025 11.987 -33.614 -10.025 
2 24 13.452 -32.15 -14.45 11.987 -33.614 -14.45 
2 24 11.987 -33.614 -10.025 13.452 -32.15 -10.025 
2 24 13.452 -32.15 -10.025 13.987 -30.15 -10.025 
2 24 13.987 -30.15 -14.45 13.452 -32.15 -14.45 
2 24 13.452 -28.15 -14.45 13.987 -30.15 -14.45 
2 24 13.987 -30.15 -10.025 13.452 -28.15 -10.025 
2 24 11.987 -26.686 -14.45 13.452 -28.15 -14.45 
2 24 13.452 -28.15 -10.025 11.987 -26.686 -10.025 
2 24 9.987 -26.15 -14.45 11.987 -26.686 -14.45 
2 24 11.987 -26.686 -10.025 9.987 -26.15 -10.025 
2 24 16.112 -30.15 -14.45 15.292 -33.212 -14.45 
2 24 15.292 -27.087 -14.45 16.112 -30.15 -14.45 
2 24 13.05 -24.846 -14.45 15.292 -27.087 -14.45 
2 24 9.987 -24.025 -14.45 13.05 -24.846 -14.45 
2 24 6.925 -24.846 -14.45 9.987 -24.025 -14.45 
2 24 4.683 -27.088 -14.45 6.925 -24.846 -14.45 
2 24 3.862 -30.15 -14.45 4.683 -27.088 -14.45 
2 24 4.683 -33.213 -14.45 3.862 -30.15 -14.45 
2 24 6.925 -35.454 -14.45 4.683 -33.213 -14.45 
2 24 9.987 -36.275 -14.45 6.925 -35.454 -14.45 
2 24 13.05 -35.454 -14.45 9.987 -36.275 -14.45 
2 24 15.292 -33.212 -14.45 13.05 -35.454 -14.45 
2 24 16.112 -30.15 -10.025 15.292 -33.212 -10.025 
2 24 15.292 -27.087 -10.025 16.112 -30.15 -10.025 
2 24 13.05 -24.846 -10.025 15.292 -27.087 -10.025 
2 24 9.987 -24.025 -10.025 13.05 -24.846 -10.025 
2 24 6.925 -24.846 -10.025 9.987 -24.025 -10.025 
2 24 4.683 -27.087 -10.025 6.925 -24.846 -10.025 
2 24 3.862 -30.15 -10.025 4.683 -27.087 -10.025 
2 24 4.683 -33.212 -10.025 3.862 -30.15 -10.025 
2 24 6.925 -35.454 -10.025 4.683 -33.212 -10.025 
2 24 9.987 -36.275 -10.025 6.925 -35.454 -10.025 
2 24 13.05 -35.454 -10.025 9.987 -36.275 -10.025 
2 24 15.292 -33.212 -10.025 13.05 -35.454 -10.025 

0 // Stud
3 16 9.987 -34.15 14.45 9.987 -34.15 10.025 7.987 -33.614 14.45 
3 16 9.987 -34.15 10.025 7.987 -33.614 10.025 7.987 -33.614 14.45 
3 16 7.987 -33.614 14.45 7.987 -33.614 10.025 6.523 -32.15 14.45 
3 16 7.987 -33.614 10.025 6.523 -32.15 10.025 6.523 -32.15 14.45 
3 16 6.523 -32.15 14.45 6.523 -32.15 10.025 5.987 -30.15 14.45 
3 16 6.523 -32.15 10.025 5.987 -30.15 10.025 5.987 -30.15 14.45 
3 16 5.987 -30.15 14.45 5.987 -30.15 10.025 6.523 -28.15 14.45 
3 16 5.987 -30.15 10.025 6.523 -28.15 10.025 6.523 -28.15 14.45 
3 16 6.523 -28.15 14.45 6.523 -28.15 10.025 7.987 -26.686 14.45 
3 16 6.523 -28.15 10.025 7.987 -26.686 10.025 7.987 -26.686 14.45 
3 16 7.987 -26.686 14.45 7.987 -26.686 10.025 9.987 -26.15 14.45 
3 16 7.987 -26.686 10.025 9.987 -26.15 10.025 9.987 -26.15 14.45 
3 16 9.987 -26.15 14.45 9.987 -26.15 10.025 11.987 -26.686 14.45 
3 16 9.987 -26.15 10.025 11.987 -26.686 10.025 11.987 -26.686 14.45 
3 16 11.987 -26.686 14.45 11.987 -26.686 10.025 13.452 -28.15 14.45 
3 16 11.987 -26.686 10.025 13.452 -28.15 10.025 13.452 -28.15 14.45 
3 16 13.987 -30.15 10.025 13.987 -30.15 14.45 13.452 -28.15 10.025 
3 16 13.987 -30.15 14.45 13.452 -28.15 14.45 13.452 -28.15 10.025 
3 16 13.987 -30.15 14.45 13.987 -30.15 10.025 13.452 -32.15 14.45 
3 16 13.987 -30.15 10.025 13.452 -32.15 10.025 13.452 -32.15 14.45 
3 16 13.452 -32.15 14.45 13.452 -32.15 10.025 11.987 -33.614 14.45 
3 16 13.452 -32.15 10.025 11.987 -33.614 10.025 11.987 -33.614 14.45 
3 16 11.987 -33.614 14.45 11.987 -33.614 10.025 9.987 -34.15 14.45 
3 16 11.987 -33.614 10.025 9.987 -34.15 10.025 9.987 -34.15 14.45 
3 16 13.987 -30.15 14.45 16.112 -30.15 14.45 13.452 -28.15 14.45 
3 16 15.292 -27.088 14.45 13.452 -28.15 14.45 16.112 -30.15 14.45 
3 16 13.452 -32.15 14.45 15.292 -33.213 14.45 13.987 -30.15 14.45 
3 16 16.112 -30.15 14.45 13.987 -30.15 14.45 15.292 -33.213 14.45 
3 16 11.987 -33.614 14.45 13.05 -35.454 14.45 13.452 -32.15 14.45 
3 16 15.292 -33.213 14.45 13.452 -32.15 14.45 13.05 -35.454 14.45 
3 16 9.987 -34.15 14.45 9.987 -36.275 14.45 11.987 -33.614 14.45 
3 16 13.05 -35.454 14.45 11.987 -33.614 14.45 9.987 -36.275 14.45 
3 16 7.987 -33.614 14.45 6.925 -35.454 14.45 9.987 -34.15 14.45 
3 16 9.987 -36.275 14.45 9.987 -34.15 14.45 6.925 -35.454 14.45 
3 16 6.523 -32.15 14.45 4.683 -33.213 14.45 7.987 -33.614 14.45 
3 16 6.925 -35.454 14.45 7.987 -33.614 14.45 4.683 -33.213 14.45 
3 16 5.987 -30.15 14.45 3.862 -30.15 14.45 6.523 -32.15 14.45 
3 16 4.683 -33.213 14.45 6.523 -32.15 14.45 3.862 -30.15 14.45 
3 16 6.523 -28.15 14.45 4.683 -27.088 14.45 5.987 -30.15 14.45 
3 16 3.862 -30.15 14.45 5.987 -30.15 14.45 4.683 -27.088 14.45 
3 16 7.987 -26.686 14.45 6.925 -24.846 14.45 6.523 -28.15 14.45 
3 16 4.683 -27.088 14.45 6.523 -28.15 14.45 6.925 -24.846 14.45 
3 16 9.987 -26.15 14.45 9.987 -24.025 14.45 7.987 -26.686 14.45 
3 16 6.925 -24.846 14.45 7.987 -26.686 14.45 9.987 -24.025 14.45 
3 16 11.987 -26.686 14.45 13.05 -24.846 14.45 9.987 -26.15 14.45 
3 16 9.987 -24.025 14.45 9.987 -26.15 14.45 13.05 -24.846 14.45 
3 16 13.452 -28.15 14.45 15.292 -27.088 14.45 11.987 -26.686 14.45 
3 16 13.05 -24.846 14.45 11.987 -26.686 14.45 15.292 -27.088 14.45 
3 16 16.112 -30.15 14.45 16.112 -30.15 10.025 15.292 -27.088 14.45 
3 16 16.112 -30.15 10.025 15.292 -27.088 10.025 15.292 -27.088 14.45 
3 16 15.292 -33.213 14.45 15.292 -33.212 10.025 16.112 -30.15 14.45 
3 16 15.292 -33.212 10.025 16.112 -30.15 10.025 16.112 -30.15 14.45 
3 16 13.05 -35.454 14.45 13.05 -35.454 10.025 15.292 -33.213 14.45 
3 16 13.05 -35.454 10.025 15.292 -33.212 10.025 15.292 -33.213 14.45 
3 16 9.987 -36.275 14.45 9.987 -36.275 10.025 13.05 -35.454 14.45 
3 16 9.987 -36.275 10.025 13.05 -35.454 10.025 13.05 -35.454 14.45 
3 16 6.925 -35.454 14.45 6.925 -35.454 10.025 9.987 -36.275 14.45 
3 16 6.925 -35.454 10.025 9.987 -36.275 10.025 9.987 -36.275 14.45 
3 16 4.683 -33.213 14.45 4.683 -33.212 10.025 6.925 -35.454 14.45 
3 16 4.683 -33.212 10.025 6.925 -35.454 10.025 6.925 -35.454 14.45 
3 16 3.862 -30.15 14.45 3.862 -30.15 10.025 4.683 -33.213 14.45 
3 16 3.862 -30.15 10.025 4.683 -33.212 10.025 4.683 -33.213 14.45 
3 16 4.683 -27.088 14.45 4.683 -27.087 10.025 3.862 -30.15 14.45 
3 16 4.683 -27.087 10.025 3.862 -30.15 10.025 3.862 -30.15 14.45 
3 16 6.925 -24.846 14.45 6.925 -24.846 10.025 4.683 -27.088 14.45 
3 16 6.925 -24.846 10.025 4.683 -27.087 10.025 4.683 -27.088 14.45 
3 16 9.987 -24.025 14.45 9.987 -24.025 10.025 6.925 -24.846 14.45 
3 16 9.987 -24.025 10.025 6.925 -24.846 10.025 6.925 -24.846 14.45 
3 16 13.05 -24.846 14.45 13.05 -24.846 10.025 9.987 -24.025 14.45 
3 16 13.05 -24.846 10.025 9.987 -24.025 10.025 9.987 -24.025 14.45 
3 16 15.292 -27.088 14.45 15.292 -27.088 10.025 13.05 -24.846 14.45 
3 16 15.292 -27.088 10.025 13.05 -24.846 10.025 13.05 -24.846 14.45 
2 24 7.987 -33.614 14.45 9.987 -34.15 14.45 
2 24 9.987 -34.15 10.025 7.987 -33.614 10.025 
2 24 6.523 -32.15 14.45 7.987 -33.614 14.45 
2 24 7.987 -33.614 10.025 6.523 -32.15 10.025 
2 24 5.987 -30.15 14.45 6.523 -32.15 14.45 
2 24 6.523 -32.15 10.025 5.987 -30.15 10.025 
2 24 6.523 -28.15 14.45 5.987 -30.15 14.45 
2 24 5.987 -30.15 10.025 6.523 -28.15 10.025 
2 24 7.987 -26.686 14.45 6.523 -28.15 14.45 
2 24 6.523 -28.15 10.025 7.987 -26.686 10.025 
2 24 9.987 -26.15 14.45 7.987 -26.686 14.45 
2 24 7.987 -26.686 10.025 9.987 -26.15 10.025 
2 24 11.987 -26.686 14.45 9.987 -26.15 14.45 
2 24 9.987 -26.15 10.025 11.987 -26.686 10.025 
2 24 13.452 -28.15 14.45 11.987 -26.686 14.45 
2 24 11.987 -26.686 10.025 13.452 -28.15 10.025 
2 24 13.452 -28.15 10.025 13.987 -30.15 10.025 
2 24 13.987 -30.15 14.45 13.452 -28.15 14.45 
2 24 13.452 -32.15 14.45 13.987 -30.15 14.45 
2 24 13.987 -30.15 10.025 13.452 -32.15 10.025 
2 24 11.987 -33.614 14.45 13.452 -32.15 14.45 
2 24 13.452 -32.15 10.025 11.987 -33.614 10.025 
2 24 9.987 -34.15 14.45 11.987 -33.614 14.45 
2 24 11.987 -33.614 10.025 9.987 -34.15 10.025 
2 24 16.112 -30.15 14.45 15.292 -27.088 14.45 
2 24 15.292 -33.213 14.45 16.112 -30.15 14.45 
2 24 13.05 -35.454 14.45 15.292 -33.213 14.45 
2 24 9.987 -36.275 14.45 13.05 -35.454 14.45 
2 24 6.925 -35.454 14.45 9.987 -36.275 14.45 
2 24 4.683 -33.213 14.45 6.925 -35.454 14.45 
2 24 3.862 -30.15 14.45 4.683 -33.213 14.45 
2 24 4.683 -27.088 14.45 3.862 -30.15 14.45 
2 24 6.925 -24.846 14.45 4.683 -27.088 14.45 
2 24 9.987 -24.025 14.45 6.925 -24.846 14.45 
2 24 13.05 -24.846 14.45 9.987 -24.025 14.45 
2 24 15.292 -27.088 14.45 13.05 -24.846 14.45 
2 24 16.112 -30.15 10.025 15.292 -27.088 10.025 
2 24 15.292 -33.212 10.025 16.112 -30.15 10.025 
2 24 13.05 -35.454 10.025 15.292 -33.212 10.025 
2 24 9.987 -36.275 10.025 13.05 -35.454 10.025 
2 24 6.925 -35.454 10.025 9.987 -36.275 10.025 
2 24 4.683 -33.212 10.025 6.925 -35.454 10.025 
2 24 3.862 -30.15 10.025 4.683 -33.212 10.025 
2 24 4.683 -27.087 10.025 3.862 -30.15 10.025 
2 24 6.925 -24.846 10.025 4.683 -27.087 10.025 
2 24 9.987 -24.025 10.025 6.925 -24.846 10.025 
2 24 13.05 -24.846 10.025 9.987 -24.025 10.025 
2 24 15.292 -27.088 10.025 13.05 -24.846 10.025 

