0 FILE 24246pb001.dat
0 Tile, Modified 1 x 1 Half Circle Extended (Stadium) with Black Circle and 4 Lines Vent Pattern 
0 Name:  24246pb001.dat
0 Author:  
0 BFC CERTIFY CCW
3 16 -4.000 -8.000 -8.500 -4.000 -8.000 -4.500 -6.718 -8.000 -6.718
3 16 -6.718 -8.000 -6.718 -4.000 -8.000 -4.500 -8.777 -8.000 -3.636
3 16 -8.777 -8.000 -3.636 -4.000 -8.000 -4.500 -9.500 -8.000 0.000
3 16 -4.000 -8.000 -8.500 -6.718 -8.000 -6.718 -3.636 -8.000 -8.777
3 16 -4.000 -8.000 -0.500 0.000 -8.000 -0.500 -8.700 -8.000 -0.100
3 16 10.000 -8.000 10.000 -10.000 -8.000 10.000 -8.700 -8.000 8.800
3 16 -8.700 -8.000 8.800 8.700 -8.000 8.800 10.000 -8.000 10.000
3 16 -4.000 -8.000 -8.500 -3.636 -8.000 -8.777 0.000 -8.000 -9.500
3 16 0.000 -8.000 -9.500 0.000 -8.000 -8.500 -4.000 -8.000 -8.500
3 16 0.000 -8.000 -9.500 3.636 -8.000 -8.777 4.000 -8.000 -8.500
3 16 4.000 -8.000 -8.500 0.000 -8.000 -8.500 0.000 -8.000 -9.500
3 16 4.000 -8.000 -8.500 3.636 -8.000 -8.777 6.718 -8.000 -6.718
3 16 4.000 -8.000 -8.500 6.718 -8.000 -6.718 4.000 -8.000 -4.500
3 16 4.000 -8.000 -4.500 6.718 -8.000 -6.718 8.777 -8.000 -3.636
3 16 4.000 -8.000 -4.500 8.777 -8.000 -3.636 9.500 -8.000 0.000
3 16 8.700 -8.000 8.100 10.000 -8.000 10.000 8.700 -8.000 8.800
3 16 8.700 -8.000 7.400 10.000 -8.000 10.000 8.700 -8.000 8.100
3 16 8.700 -8.000 6.300 10.000 -8.000 10.000 8.700 -8.000 7.400
3 16 8.700 -8.000 5.600 10.000 -8.000 10.000 8.700 -8.000 6.300
3 16 8.700 -8.000 4.900 10.000 -8.000 10.000 8.700 -8.000 5.600
3 16 8.700 -8.000 4.900 8.700 -8.000 3.800 9.500 -8.000 0.000
3 16 9.500 -8.000 0.000 10.000 -8.000 10.000 8.700 -8.000 4.900
3 16 9.500 -8.000 0.000 8.700 -8.000 3.800 8.700 -8.000 3.100
3 16 9.500 -8.000 0.000 8.700 -8.000 3.100 8.700 -8.000 2.400
3 16 9.500 -8.000 0.000 8.700 -8.000 2.400 8.700 -8.000 1.300
3 16 9.500 -8.000 0.000 8.700 -8.000 1.300 8.700 -8.000 0.600
3 16 8.700 -8.000 -0.100 9.500 -8.000 0.000 8.700 -8.000 0.600
3 16 8.700 -8.000 -0.100 4.000 -8.000 -0.500 4.000 -8.000 -4.500
3 16 4.000 -8.000 -4.500 9.500 -8.000 0.000 8.700 -8.000 -0.100
3 16 -10.000 -8.000 10.000 -8.700 -8.000 8.100 -8.700 -8.000 8.800
3 16 -10.000 -8.000 10.000 -8.700 -8.000 7.400 -8.700 -8.000 8.100
3 16 -10.000 -8.000 10.000 -8.700 -8.000 6.300 -8.700 -8.000 7.400
3 16 -10.000 -8.000 10.000 -8.700 -8.000 5.600 -8.700 -8.000 6.300
3 16 -10.000 -8.000 10.000 -8.700 -8.000 4.900 -8.700 -8.000 5.600
3 16 -8.700 -8.000 4.900 -10.000 -8.000 10.000 -9.500 -8.000 0.000
3 16 -9.500 -8.000 0.000 -8.700 -8.000 3.800 -8.700 -8.000 4.900
3 16 -8.700 -8.000 3.800 -9.500 -8.000 0.000 -8.700 -8.000 3.100
3 16 -8.700 -8.000 3.100 -9.500 -8.000 0.000 -8.700 -8.000 2.400
3 16 -8.700 -8.000 2.400 -9.500 -8.000 0.000 -8.700 -8.000 1.300
3 16 -8.700 -8.000 1.300 -9.500 -8.000 0.000 -8.700 -8.000 0.600
3 16 -9.500 -8.000 0.000 -8.700 -8.000 -0.100 -8.700 -8.000 0.600
3 16 -4.000 -8.000 -0.500 -8.700 -8.000 -0.100 -4.000 -8.000 -4.500
3 16 -9.500 -8.000 0.000 -4.000 -8.000 -4.500 -8.700 -8.000 -0.100
3 16 8.700 -8.000 7.400 -8.700 -8.000 7.400 -8.700 -8.000 6.300
3 16 -8.700 -8.000 6.300 8.700 -8.000 6.300 8.700 -8.000 7.400
3 16 8.700 -8.000 4.900 -8.700 -8.000 4.900 -8.700 -8.000 3.800
3 16 -8.700 -8.000 3.800 8.700 -8.000 3.800 8.700 -8.000 4.900
3 16 8.700 -8.000 2.400 -8.700 -8.000 2.400 -8.700 -8.000 1.300
3 16 -8.700 -8.000 1.300 8.700 -8.000 1.300 8.700 -8.000 2.400
3 16 4.000 -8.000 -0.500 8.700 -8.000 -0.100 -8.700 -8.000 -0.100
3 16 -8.700 -8.000 -0.100 0.000 -8.000 -0.500 4.000 -8.000 -0.500
3 0 8.700 -8.000 8.800 -8.700 -8.000 8.800 -8.700 -8.000 8.100
3 0 -8.700 -8.000 8.100 8.700 -8.000 8.100 8.700 -8.000 8.800
3 71 -8.700 -8.000 8.100 -8.700 -8.000 7.400 8.700 -8.000 7.400
3 71 8.700 -8.000 7.400 8.700 -8.000 8.100 -8.700 -8.000 8.100
3 0 8.700 -8.000 6.300 -8.700 -8.000 6.300 -8.700 -8.000 5.600
3 0 -8.700 -8.000 5.600 8.700 -8.000 5.600 8.700 -8.000 6.300
3 71 -8.700 -8.000 5.600 -8.700 -8.000 4.900 8.700 -8.000 4.900
3 71 8.700 -8.000 4.900 8.700 -8.000 5.600 -8.700 -8.000 5.600
3 0 8.700 -8.000 3.800 -8.700 -8.000 3.800 -8.700 -8.000 3.100
3 0 -8.700 -8.000 3.100 8.700 -8.000 3.100 8.700 -8.000 3.800
3 71 -8.700 -8.000 3.100 -8.700 -8.000 2.400 8.700 -8.000 2.400
3 71 8.700 -8.000 2.400 8.700 -8.000 3.100 -8.700 -8.000 3.100
3 0 8.700 -8.000 1.300 -8.700 -8.000 1.300 -8.700 -8.000 0.600
3 0 -8.700 -8.000 0.600 8.700 -8.000 0.600 8.700 -8.000 1.300
3 71 -8.700 -8.000 0.600 -8.700 -8.000 -0.100 8.700 -8.000 -0.100
3 71 8.700 -8.000 -0.100 8.700 -8.000 0.600 -8.700 -8.000 0.600
1 16 0.0000 -8.0000 0.0000 1.0000 0.0000 0.0000 0.0000 1.0000 0.0000 0.0000 0.0000 1.0000 s/24246s01.dat
1 16 0.0000 -8.0000 0.0000 9.5000 0.0000 0.0000 0.0000 1.0000 0.0000 0.0000 0.0000 -9.5000 1-4ering.dat
1 16 0.0000 -8.0000 0.0000 -9.5000 0.0000 0.0000 0.0000 1.0000 0.0000 0.0000 0.0000 -9.5000 1-4ering.dat
1 16 0.0000 -8.0000 -4.5000 4.0000 0.0000 0.0000 0.0000 1.0000 0.0000 0.0000 0.0000 4.0000 4-4ndis.dat
1 71 0.0000 -8.0000 -4.5000 0.5000 0.0000 0.0000 0.0000 1.0000 0.0000 0.0000 0.0000 0.5000 4-4ring7.dat
1 0 0.0000 -8.0000 -4.5000 0.5000 0.0000 0.0000 0.0000 1.0000 0.0000 0.0000 0.0000 0.5000 4-4ring6.dat
1 16 0.0000 -8.0000 -4.5000 1.0000 0.0000 0.0000 0.0000 1.0000 0.0000 0.0000 0.0000 1.0000 4-4ring2.dat
1 16 0.0000 -8.0000 -4.5000 0.5000 0.0000 0.0000 0.0000 1.0000 0.0000 0.0000 0.0000 0.5000 4-4ring3.dat
1 71 0.0000 -8.0000 -4.5000 0.5000 0.0000 0.0000 0.0000 1.0000 0.0000 0.0000 0.0000 0.5000 4-4ring2.dat
1 16 0.0000 -8.0000 -4.5000 1.0000 0.0000 0.0000 0.0000 1.0000 0.0000 0.0000 0.0000 1.0000 4-4disc.dat
