0 FILE 2431pb534.dat
0 Tile 1 x 4 with Gold Dotted Lines and Dark Purple and Reddish Brown Swaths Pattern (BrickHeadz Albus Dumbledore Hat Sides) 
0 Name:  2431pb534.dat
0 Author:  
0 BFC CERTIFY CCW
3 16 -3.650 0.000 -7.800 -3.200 0.000 -10.000 -3.200 0.000 -6.450
3 16 -3.200 0.000 -6.450 -3.650 0.000 -7.100 -3.650 0.000 -7.800
3 16 -14.600 0.000 10.000 -13.100 0.000 3.950 -12.230 0.000 3.700
3 16 -12.230 0.000 3.700 -11.820 0.000 4.660 -14.600 0.000 10.000
3 16 -11.820 0.000 4.660 -11.040 0.000 5.490 -14.600 0.000 10.000
3 16 -11.040 0.000 5.490 -10.090 0.000 6.230 -14.600 0.000 10.000
3 16 -10.090 0.000 6.230 -9.100 0.000 6.790 -14.600 0.000 10.000
3 16 -9.100 0.000 6.790 -8.200 0.000 7.190 -14.600 0.000 10.000
3 16 -8.200 0.000 7.190 -7.200 0.000 7.500 -14.600 0.000 10.000
3 16 -7.200 0.000 7.500 -6.200 0.000 7.700 -14.600 0.000 10.000
3 16 -4.600 0.000 6.450 -3.900 0.000 6.450 -3.200 0.000 7.300
3 16 -3.200 0.000 7.300 -3.200 0.000 8.000 -4.600 0.000 6.450
3 16 -3.200 0.000 8.000 -3.200 0.000 10.000 -5.050 0.000 7.800
3 16 -5.050 0.000 7.800 -4.600 0.000 6.450 -3.200 0.000 8.000
3 16 -5.050 0.000 7.800 -3.200 0.000 10.000 -14.600 0.000 10.000
3 16 -14.600 0.000 10.000 -6.200 0.000 7.700 -5.050 0.000 7.800
3 16 -13.100 0.000 2.550 -12.500 0.000 0.700 -12.500 0.000 2.600
3 16 -12.500 0.000 2.600 -13.100 0.000 3.250 -13.100 0.000 2.550
3 16 -13.800 0.000 2.550 -14.400 0.000 0.400 -12.500 0.000 0.700
3 16 -12.500 0.000 0.700 -13.100 0.000 2.550 -13.800 0.000 2.550
3 16 -14.400 0.000 0.400 -13.800 0.000 2.550 -14.500 0.000 2.550
3 16 -14.500 0.000 2.550 -14.600 0.000 2.500 -14.400 0.000 0.400
3 16 -14.600 0.000 2.500 -14.500 0.000 2.550 -14.500 0.000 3.250
3 16 -14.500 0.000 3.250 -14.600 0.000 3.200 -14.600 0.000 2.500
3 16 -14.600 0.000 4.200 -14.600 0.000 3.200 -14.500 0.000 3.250
3 16 -14.500 0.000 3.250 -14.500 0.000 3.950 -14.600 0.000 4.200
3 16 -14.600 0.000 2.500 -14.400 0.000 -0.300 -14.400 0.000 0.400
3 16 -14.600 0.000 -4.450 -20.550 0.000 -4.450 -20.550 0.000 -5.150
3 16 -20.550 0.000 -5.150 -12.500 0.000 -10.000 -14.600 0.000 -4.450
3 16 -14.600 0.000 -4.450 -12.500 0.000 -10.000 -12.500 0.000 -0.700
3 16 -12.500 0.000 -0.700 -13.000 0.000 -1.000 -14.600 0.000 -4.450
3 16 -4.600 0.000 -1.000 -5.050 0.000 -0.950 -5.050 0.000 -6.400
3 16 -5.050 0.000 -6.400 -4.600 0.000 -1.700 -4.600 0.000 -1.000
3 16 -5.050 0.000 3.900 -5.050 0.000 -0.950 -4.600 0.000 -1.000
3 16 -4.600 0.000 -1.000 -4.600 0.000 -0.300 -5.050 0.000 3.900
3 16 -5.050 0.000 -7.800 -5.050 0.000 -10.000 -3.200 0.000 -10.000
3 16 -3.200 0.000 -10.000 -4.350 0.000 -7.800 -5.050 0.000 -7.800
3 16 -3.200 0.000 -10.000 -3.650 0.000 -7.800 -4.350 0.000 -7.800
3 16 5.450 0.000 -10.000 6.000 0.000 -8.550 3.550 0.000 -10.000
3 16 3.550 0.000 -10.000 6.000 0.000 -8.550 7.500 0.000 -6.270
3 16 7.500 0.000 -6.270 3.550 0.000 -4.000 3.550 0.000 -10.000
3 16 3.550 0.000 -4.000 7.500 0.000 -6.270 9.300 0.000 -4.300
3 16 3.550 0.000 2.050 3.550 0.000 -4.000 4.250 0.000 2.050
3 16 4.950 0.000 2.050 4.250 0.000 2.050 3.550 0.000 -4.000
3 16 3.550 0.000 -4.000 8.800 0.000 0.400 4.950 0.000 2.050
3 16 8.800 0.000 0.400 6.250 0.000 2.800 5.550 0.000 2.800
3 16 5.550 0.000 2.800 4.950 0.000 2.050 8.800 0.000 0.400
3 16 8.800 0.000 0.400 6.950 0.000 2.800 6.250 0.000 2.800
3 16 7.800 0.000 3.050 6.950 0.000 2.800 8.800 0.000 0.400
3 16 8.800 0.000 0.400 8.500 0.000 3.050 7.800 0.000 3.050
3 16 8.800 0.000 0.400 9.800 0.000 2.800 9.200 0.000 3.050
3 16 9.200 0.000 3.050 8.500 0.000 3.050 8.800 0.000 0.400
3 16 11.550 0.000 2.050 10.500 0.000 2.800 9.800 0.000 2.800
3 16 9.800 0.000 2.800 8.800 0.000 0.400 11.550 0.000 2.050
3 16 11.550 0.000 2.050 8.800 0.000 0.400 12.200 0.000 1.100
3 16 12.200 0.000 1.100 12.250 0.000 2.050 11.550 0.000 2.050
3 16 8.800 0.000 0.400 11.800 0.000 -1.100 12.100 0.000 0.100
3 16 12.100 0.000 0.100 12.200 0.000 1.100 8.800 0.000 0.400
3 16 11.200 0.000 -2.200 11.800 0.000 -1.100 8.800 0.000 0.400
3 16 8.800 0.000 0.400 10.400 0.000 -3.200 11.200 0.000 -2.200
3 16 8.800 0.000 0.400 3.550 0.000 -4.000 9.300 0.000 -4.300
3 16 9.300 0.000 -4.300 10.400 0.000 -3.200 8.800 0.000 0.400
3 16 11.200 0.000 2.800 10.500 0.000 2.800 11.550 0.000 2.050
3 16 11.550 0.000 2.050 11.550 0.000 2.750 11.200 0.000 2.800
3 16 11.200 0.000 3.500 11.200 0.000 2.800 11.550 0.000 2.750
3 16 11.550 0.000 2.750 11.550 0.000 3.450 11.200 0.000 3.500
3 16 4.250 0.000 3.450 5.800 0.000 4.650 3.540 0.000 4.650
3 16 3.540 0.000 4.650 3.550 0.000 3.450 4.250 0.000 3.450
3 16 4.250 0.000 3.450 4.950 0.000 3.450 5.550 0.000 4.200
3 16 5.550 0.000 4.200 5.800 0.000 4.650 4.250 0.000 3.450
3 16 5.550 0.000 3.500 5.550 0.000 4.200 4.950 0.000 3.450
3 16 4.950 0.000 3.450 4.950 0.000 2.750 5.550 0.000 3.500
3 16 5.550 0.000 2.800 5.550 0.000 3.500 4.950 0.000 2.750
3 16 4.950 0.000 2.750 4.950 0.000 2.050 5.550 0.000 2.800
3 16 -23.400 0.000 -4.400 -21.950 0.000 -4.450 -21.950 0.000 -3.750
3 16 -21.950 0.000 -3.750 -23.400 0.000 1.450 -23.400 0.000 -4.400
3 16 -21.250 0.000 -3.750 -21.250 0.000 4.600 -23.400 0.000 1.450
3 16 -23.400 0.000 1.450 -21.950 0.000 -3.750 -21.250 0.000 -3.750
3 16 -23.400 0.000 1.450 -24.550 0.000 2.150 -24.550 0.000 1.450
3 16 -23.700 0.000 3.660 -23.700 0.000 2.960 -22.500 0.000 4.800
3 16 -21.250 0.000 4.600 -22.500 0.000 4.800 -23.700 0.000 2.960
3 16 -23.700 0.000 2.960 -23.400 0.000 1.450 -21.250 0.000 4.600
3 16 -22.500 0.000 4.800 -23.700 0.000 4.360 -23.700 0.000 3.660
3 16 -24.400 0.000 4.360 -23.700 0.000 4.360 -23.850 0.000 5.100
3 16 -23.850 0.000 5.100 -24.700 0.000 5.560 -24.400 0.000 4.360
3 16 -22.500 0.000 4.800 -23.850 0.000 5.100 -23.700 0.000 4.360
3 16 -25.100 0.000 4.360 -24.400 0.000 4.360 -24.700 0.000 5.560
3 16 -24.700 0.000 5.560 -25.370 0.000 6.200 -25.100 0.000 4.360
3 16 -25.370 0.000 6.200 -29.700 0.000 5.800 -29.950 0.000 4.700
3 16 -29.950 0.000 4.700 -25.100 0.000 4.360 -25.370 0.000 6.200
3 16 -25.930 0.000 6.900 -29.700 0.000 6.500 -29.700 0.000 5.800
3 16 -29.700 0.000 5.800 -25.370 0.000 6.200 -25.930 0.000 6.900
3 16 -29.700 0.000 6.500 -25.930 0.000 6.900 -26.500 0.000 7.700
3 16 -26.500 0.000 7.700 -29.700 0.000 7.200 -29.700 0.000 6.500
3 16 -29.200 0.000 8.050 -29.700 0.000 7.200 -26.500 0.000 7.700
3 16 -26.500 0.000 7.700 -26.900 0.000 8.500 -29.200 0.000 8.050
3 16 -26.900 0.000 8.500 -27.100 0.000 9.100 -29.200 0.000 8.750
3 16 -29.200 0.000 8.750 -29.200 0.000 8.050 -26.900 0.000 8.500
3 16 -27.100 0.000 9.100 -27.300 0.000 10.000 -29.200 0.000 9.450
3 16 -29.200 0.000 9.450 -29.200 0.000 8.750 -27.100 0.000 9.100
3 16 -30.600 0.000 8.750 -30.600 0.000 9.450 -35.800 0.000 10.000
3 16 -35.800 0.000 10.000 -34.900 0.000 9.000 -30.600 0.000 8.750
3 16 -34.900 0.000 9.000 -34.280 0.000 8.100 -30.600 0.000 8.050
3 16 -30.600 0.000 8.050 -30.600 0.000 8.750 -34.900 0.000 9.000
3 16 -31.100 0.000 7.200 -30.600 0.000 8.050 -34.280 0.000 8.100
3 16 -34.280 0.000 8.100 -33.700 0.000 7.000 -31.100 0.000 7.200
3 16 -33.700 0.000 7.000 -33.420 0.000 5.930 -31.100 0.000 6.500
3 16 -31.100 0.000 6.500 -31.100 0.000 7.200 -33.700 0.000 7.000
3 16 -33.420 0.000 5.930 -31.100 0.000 5.800 -31.100 0.000 6.500
3 16 -31.100 0.000 5.800 -33.420 0.000 5.930 -33.330 0.000 4.600
3 16 -33.330 0.000 4.600 -31.350 0.000 4.700 -31.100 0.000 5.800
3 16 -33.330 0.000 4.600 -31.350 0.000 4.000 -31.350 0.000 4.700
3 16 -31.350 0.000 4.000 -33.330 0.000 4.600 -37.950 0.000 4.000
3 16 -37.950 0.000 4.000 -37.950 0.000 3.300 -31.350 0.000 4.000
3 16 -37.950 0.000 4.000 -33.330 0.000 4.600 -40.000 0.000 4.600
3 16 -40.000 0.000 4.600 -38.650 0.000 4.000 -37.950 0.000 4.000
3 16 -40.000 0.000 4.600 -39.350 0.000 4.000 -38.650 0.000 4.000
3 16 -39.350 0.000 2.600 -40.000 0.000 1.450 -39.050 0.000 1.450
3 16 -39.050 0.000 1.450 -38.650 0.000 2.600 -39.350 0.000 2.600
3 16 -39.350 0.000 4.000 -40.000 0.000 4.600 -40.000 0.000 1.450
3 16 -40.000 0.000 1.450 -39.350 0.000 3.300 -39.350 0.000 4.000
3 16 -40.000 0.000 1.450 -39.350 0.000 2.600 -39.350 0.000 3.300
3 16 -37.650 0.000 1.450 -25.950 0.000 1.450 -30.650 0.000 3.300
3 16 -30.650 0.000 3.300 -31.350 0.000 3.300 -37.650 0.000 1.450
3 16 -21.950 0.000 -5.150 -21.950 0.000 -4.450 -23.400 0.000 -4.400
3 16 -23.400 0.000 -4.400 -22.350 0.000 -6.150 -21.950 0.000 -5.150
3 16 -22.350 0.000 -6.150 -23.400 0.000 -4.400 -27.610 0.000 -4.400
3 16 -27.610 0.000 -4.400 -22.350 0.000 -6.850 -22.350 0.000 -6.150
3 16 -27.610 0.000 -4.400 -22.350 0.000 -7.550 -22.350 0.000 -6.850
3 16 -22.350 0.000 -7.550 -27.610 0.000 -4.400 -22.200 0.000 -8.600
3 16 -25.500 0.000 -10.000 -22.200 0.000 -8.600 -27.610 0.000 -4.400
3 16 -27.610 0.000 -4.400 -30.430 0.000 -6.600 -25.500 0.000 -10.000
3 16 -30.430 0.000 -6.600 -27.610 0.000 -4.400 -31.160 0.000 -6.040
3 16 -27.610 0.000 -4.400 -32.380 0.000 -4.400 -31.770 0.000 -5.360
3 16 -31.770 0.000 -5.360 -31.160 0.000 -6.040 -27.610 0.000 -4.400
3 16 -22.200 0.000 -8.600 -25.500 0.000 -10.000 -22.200 0.000 -9.300
3 16 -25.500 0.000 -10.000 -22.200 0.000 -10.000 -22.200 0.000 -9.300
3 16 -23.700 0.000 2.960 -24.400 0.000 2.960 -24.550 0.000 2.150
3 16 -24.550 0.000 2.150 -23.400 0.000 1.450 -23.700 0.000 2.960
3 16 -24.550 0.000 2.150 -24.400 0.000 2.960 -25.100 0.000 2.960
3 16 -25.100 0.000 2.960 -25.250 0.000 2.150 -24.550 0.000 2.150
3 16 -25.950 0.000 2.150 -25.250 0.000 2.150 -25.100 0.000 2.960
3 16 -25.100 0.000 2.960 -29.950 0.000 3.300 -25.950 0.000 2.150
3 16 -29.950 0.000 4.700 -29.950 0.000 4.000 -25.100 0.000 3.660
3 16 -25.100 0.000 3.660 -25.100 0.000 4.360 -29.950 0.000 4.700
3 16 -29.950 0.000 4.000 -29.950 0.000 3.300 -25.100 0.000 2.960
3 16 -25.100 0.000 2.960 -25.100 0.000 3.660 -29.950 0.000 4.000
3 16 -25.950 0.000 1.450 -25.950 0.000 2.150 -29.950 0.000 3.300
3 16 -29.950 0.000 3.300 -30.650 0.000 3.300 -25.950 0.000 1.450
3 16 -38.350 0.000 1.450 -37.950 0.000 2.600 -38.650 0.000 2.600
3 16 -38.650 0.000 2.600 -39.050 0.000 1.450 -38.350 0.000 1.450
3 16 -37.950 0.000 2.600 -31.350 0.000 3.300 -31.350 0.000 4.000
3 16 -31.350 0.000 4.000 -37.950 0.000 3.300 -37.950 0.000 2.600
3 16 -37.650 0.000 1.450 -31.350 0.000 3.300 -37.950 0.000 2.600
3 16 -37.950 0.000 2.600 -38.350 0.000 1.450 -37.650 0.000 1.450
3 16 -29.700 0.000 5.800 -30.400 0.000 5.800 -30.650 0.000 4.700
3 16 -30.650 0.000 4.700 -29.950 0.000 4.700 -29.700 0.000 5.800
3 16 -31.100 0.000 5.800 -31.350 0.000 4.700 -30.650 0.000 4.700
3 16 -30.650 0.000 4.700 -30.400 0.000 5.800 -31.100 0.000 5.800
3 16 -29.900 0.000 8.050 -30.600 0.000 8.050 -31.100 0.000 7.200
3 16 -31.100 0.000 7.200 -30.400 0.000 7.200 -29.900 0.000 8.050
3 16 -29.200 0.000 8.050 -29.900 0.000 8.050 -30.400 0.000 7.200
3 16 -30.400 0.000 7.200 -29.700 0.000 7.200 -29.200 0.000 8.050
3 16 -29.900 0.000 9.450 -29.200 0.000 9.450 -27.300 0.000 10.000
3 16 -27.300 0.000 10.000 -35.800 0.000 10.000 -30.600 0.000 9.450
3 16 -30.600 0.000 9.450 -29.900 0.000 9.450 -27.300 0.000 10.000
3 16 22.920 0.000 -10.000 14.150 0.000 -7.680 13.200 0.000 -8.810
3 16 13.200 0.000 -8.810 12.570 0.000 -10.000 22.920 0.000 -10.000
3 16 22.920 0.000 -10.000 15.740 0.000 -6.290 14.150 0.000 -7.680
3 16 22.920 0.000 -10.000 22.630 0.000 -7.910 16.750 0.000 -5.170
3 16 16.750 0.000 -5.170 15.740 0.000 -6.290 22.920 0.000 -10.000
3 16 22.600 0.000 -6.730 19.490 0.000 -5.700 16.750 0.000 -5.170
3 16 16.750 0.000 -5.170 22.630 0.000 -7.910 22.600 0.000 -6.730
3 16 22.600 0.000 -6.730 22.660 0.000 -5.700 19.490 0.000 -5.700
3 16 19.490 0.000 -5.700 20.190 0.000 -4.320 17.650 0.000 -3.860
3 16 17.650 0.000 -3.860 16.750 0.000 -5.170 19.490 0.000 -5.700
3 16 20.190 0.000 -4.320 20.640 0.000 -2.800 18.500 0.000 -2.330
3 16 18.500 0.000 -2.330 17.650 0.000 -3.860 20.190 0.000 -4.320
3 16 21.450 0.000 -0.550 22.050 0.000 -0.250 18.800 0.000 3.500
3 16 18.800 0.000 3.500 20.750 0.000 -0.550 21.450 0.000 -0.550
3 16 22.050 0.000 -0.250 22.050 0.000 0.450 18.800 0.000 3.500
3 16 22.050 0.000 0.450 22.750 0.000 0.450 22.700 0.000 3.500
3 16 22.700 0.000 3.500 18.800 0.000 3.500 22.050 0.000 0.450
3 16 22.700 0.000 3.500 22.750 0.000 0.450 23.450 0.000 0.450
3 16 23.450 0.000 0.450 24.050 0.000 1.150 22.700 0.000 3.500
3 16 24.750 0.000 1.150 22.700 0.000 3.500 24.050 0.000 1.150
3 16 -21.650 0.000 -7.550 -21.500 0.000 -8.600 -20.800 0.000 -8.600
3 16 -20.800 0.000 -8.600 -20.950 0.000 -7.550 -21.650 0.000 -7.550
3 16 -22.350 0.000 -7.550 -22.200 0.000 -8.600 -21.500 0.000 -8.600
3 16 -21.500 0.000 -8.600 -21.650 0.000 -7.550 -22.350 0.000 -7.550
3 16 -21.650 0.000 -6.150 -21.250 0.000 -5.150 -21.950 0.000 -5.150
3 16 -21.950 0.000 -5.150 -22.350 0.000 -6.150 -21.650 0.000 -6.150
3 16 -21.250 0.000 -5.150 -21.650 0.000 -6.150 -20.950 0.000 -6.150
3 16 -20.950 0.000 -6.150 -20.550 0.000 -5.150 -21.250 0.000 -5.150
3 16 -12.500 0.000 -10.000 -20.550 0.000 -5.150 -20.950 0.000 -6.150
3 16 -20.950 0.000 -6.150 -20.950 0.000 -6.850 -12.500 0.000 -10.000
3 16 -12.500 0.000 -10.000 -20.950 0.000 -6.850 -20.950 0.000 -7.550
3 16 -20.950 0.000 -7.550 -20.800 0.000 -8.600 -12.500 0.000 -10.000
3 16 -5.050 0.000 3.900 -4.600 0.000 5.750 -4.600 0.000 6.450
3 16 -4.600 0.000 6.450 -5.050 0.000 7.800 -5.050 0.000 3.900
3 16 -4.600 0.000 5.050 -4.600 0.000 5.750 -5.050 0.000 3.900
3 16 -3.900 0.000 5.050 -4.600 0.000 5.050 -5.050 0.000 3.900
3 16 -5.050 0.000 3.900 -3.200 0.000 -0.300 -3.200 0.000 5.050
3 16 -3.200 0.000 5.050 -3.900 0.000 5.050 -5.050 0.000 3.900
3 16 -5.050 0.000 3.900 -3.900 0.000 -0.300 -3.200 0.000 -0.300
3 16 -5.050 0.000 3.900 -4.600 0.000 -0.300 -3.900 0.000 -0.300
3 16 -3.200 0.000 -6.450 -3.200 0.000 -5.750 -3.650 0.000 -6.400
3 16 -3.650 0.000 -6.400 -3.650 0.000 -7.100 -3.200 0.000 -6.450
3 16 -3.200 0.000 -5.750 -3.200 0.000 -5.050 -3.650 0.000 -6.400
3 16 -3.650 0.000 -6.400 -3.200 0.000 -5.050 -3.900 0.000 -1.700
3 16 -3.900 0.000 -1.700 -4.350 0.000 -6.400 -3.650 0.000 -6.400
3 16 -3.200 0.000 -5.050 -3.200 0.000 -1.700 -3.900 0.000 -1.700
3 16 -4.600 0.000 -1.700 -5.050 0.000 -6.400 -4.350 0.000 -6.400
3 16 -4.350 0.000 -6.400 -3.900 0.000 -1.700 -4.600 0.000 -1.700
3 16 5.550 0.000 4.200 6.250 0.000 4.200 5.800 0.000 4.650
3 16 6.950 0.000 4.200 7.800 0.000 4.650 5.800 0.000 4.650
3 16 5.800 0.000 4.650 6.250 0.000 4.200 6.950 0.000 4.200
3 16 6.950 0.000 4.200 7.800 0.000 4.450 7.800 0.000 4.650
3 16 7.800 0.000 4.450 6.950 0.000 4.200 6.950 0.000 3.500
3 16 6.950 0.000 3.500 7.800 0.000 3.750 7.800 0.000 4.450
3 16 7.800 0.000 3.750 6.950 0.000 3.500 6.950 0.000 2.800
3 16 6.950 0.000 2.800 7.800 0.000 3.050 7.800 0.000 3.750
3 16 7.800 0.000 4.650 7.800 0.000 4.450 8.500 0.000 4.450
3 16 8.500 0.000 4.450 9.250 0.000 4.650 7.800 0.000 4.650
3 16 9.250 0.000 4.650 8.500 0.000 4.450 9.200 0.000 4.450
3 16 9.200 0.000 4.450 9.850 0.000 4.700 9.250 0.000 4.650
3 16 9.800 0.000 4.200 10.500 0.000 4.200 9.850 0.000 4.700
3 16 9.850 0.000 4.700 9.200 0.000 4.450 9.800 0.000 4.200
3 16 10.200 0.000 4.790 9.850 0.000 4.700 10.500 0.000 4.200
3 16 10.500 0.000 4.200 11.200 0.000 4.200 10.200 0.000 4.790
3 16 11.200 0.000 4.200 10.550 0.000 5.080 10.200 0.000 4.790
3 16 12.250 0.000 7.330 10.680 0.000 5.580 10.550 0.000 5.080
3 16 12.250 0.000 7.330 12.250 0.000 10.000 10.680 0.000 10.000
3 16 10.680 0.000 10.000 10.680 0.000 5.580 12.250 0.000 7.330
3 16 9.200 0.000 3.750 9.800 0.000 3.500 9.800 0.000 4.200
3 16 9.800 0.000 4.200 9.200 0.000 4.450 9.200 0.000 3.750
3 16 9.200 0.000 3.050 9.800 0.000 2.800 9.800 0.000 3.500
3 16 9.800 0.000 3.500 9.200 0.000 3.750 9.200 0.000 3.050
3 16 11.550 0.000 3.450 12.250 0.000 3.450 11.200 0.000 4.200
3 16 11.200 0.000 4.200 11.200 0.000 3.500 11.550 0.000 3.450
3 16 11.200 0.000 4.200 12.250 0.000 3.450 12.250 0.000 7.330
3 16 12.250 0.000 7.330 10.550 0.000 5.080 11.200 0.000 4.200
3 16 22.700 0.000 3.500 22.700 0.000 10.000 18.800 0.000 10.000
3 16 18.800 0.000 10.000 18.800 0.000 3.500 22.700 0.000 3.500
3 16 24.750 0.000 1.150 25.450 0.000 1.150 28.830 0.000 3.500
3 16 28.830 0.000 3.500 22.700 0.000 3.500 24.750 0.000 1.150
3 16 25.450 0.000 1.150 26.300 0.000 1.450 28.830 0.000 3.500
3 16 28.830 0.000 3.500 26.300 0.000 1.450 27.000 0.000 1.450
3 16 27.000 0.000 1.450 27.700 0.000 1.450 28.830 0.000 3.500
3 16 29.200 0.000 0.950 29.900 0.000 0.950 28.830 0.000 3.500
3 16 28.830 0.000 3.500 27.700 0.000 1.450 29.200 0.000 0.950
3 16 30.600 0.000 0.950 36.100 0.000 3.510 28.830 0.000 3.500
3 16 28.830 0.000 3.500 29.900 0.000 0.950 30.600 0.000 0.950
3 16 37.350 0.000 3.050 37.350 0.000 3.750 36.100 0.000 3.510
3 16 37.350 0.000 3.750 38.050 0.000 3.750 38.280 0.000 4.010
3 16 38.280 0.000 4.010 38.050 0.000 3.750 38.750 0.000 3.750
3 16 38.750 0.000 3.750 39.120 0.000 4.770 38.280 0.000 4.010
3 16 38.750 0.000 3.750 38.750 0.000 3.050 40.000 0.000 0.000
3 16 40.000 0.000 0.000 38.750 0.000 3.050 38.750 0.000 2.350
3 16 38.750 0.000 2.350 39.000 0.000 1.700 40.000 0.000 0.000
3 16 40.000 0.000 0.000 39.000 0.000 1.700 39.000 0.000 1.000
3 16 40.000 0.000 0.000 39.000 0.000 1.000 39.000 0.000 0.300
3 16 39.000 0.000 0.300 39.500 0.000 -0.300 40.000 0.000 0.000
3 16 38.000 0.000 -0.300 39.500 0.000 -0.300 39.000 0.000 0.300
3 16 39.000 0.000 0.300 38.300 0.000 0.300 38.000 0.000 -0.300
3 16 37.300 0.000 -0.300 38.000 0.000 -0.300 38.300 0.000 0.300
3 16 38.300 0.000 0.300 37.600 0.000 0.300 37.300 0.000 -0.300
3 16 37.600 0.000 0.300 37.600 0.000 1.000 36.600 0.000 -0.300
3 16 36.600 0.000 -0.300 37.300 0.000 -0.300 37.600 0.000 0.300
3 16 37.600 0.000 1.000 37.600 0.000 1.700 35.680 0.000 -0.490
3 16 35.680 0.000 -0.490 36.600 0.000 -0.300 37.600 0.000 1.000
3 16 37.600 0.000 1.700 37.350 0.000 2.350 35.680 0.000 -0.490
3 16 37.350 0.000 2.350 36.100 0.000 3.510 34.910 0.000 -0.880
3 16 34.910 0.000 -0.880 35.680 0.000 -0.490 37.350 0.000 2.350
3 16 37.350 0.000 2.350 37.350 0.000 3.050 36.100 0.000 3.510
3 16 40.000 0.000 0.000 39.710 0.000 5.900 39.120 0.000 4.770
3 16 39.120 0.000 4.770 38.750 0.000 3.750 40.000 0.000 0.000
3 16 40.000 0.000 10.000 39.710 0.000 10.000 39.710 0.000 5.900
3 16 39.710 0.000 5.900 40.000 0.000 0.000 40.000 0.000 10.000
3 16 39.500 0.000 -8.300 40.000 0.000 0.000 39.500 0.000 -7.050
3 16 39.500 0.000 -0.300 39.500 0.000 -7.050 40.000 0.000 0.000
3 16 40.000 0.000 -10.000 39.500 0.000 -9.000 39.500 0.000 -9.700
3 16 40.000 0.000 -10.000 40.000 0.000 0.000 39.500 0.000 -8.300
3 16 39.500 0.000 -8.300 39.500 0.000 -9.000 40.000 0.000 -10.000
3 16 33.510 0.000 -2.280 33.510 0.000 -1.580 33.000 0.000 -1.450
3 16 33.000 0.000 -1.450 33.140 0.000 -2.750 33.510 0.000 -2.280
3 16 33.000 0.000 -1.450 33.510 0.000 -1.580 33.510 0.000 -0.880
3 16 33.510 0.000 -0.880 33.000 0.000 -0.750 33.000 0.000 -1.450
3 16 33.510 0.000 -0.880 34.210 0.000 -0.880 33.000 0.000 -0.050
3 16 33.000 0.000 -0.050 33.000 0.000 -0.750 33.510 0.000 -0.880
3 16 34.910 0.000 -0.880 36.100 0.000 3.510 33.000 0.000 -0.050
3 16 33.000 0.000 -0.050 34.210 0.000 -0.880 34.910 0.000 -0.880
3 16 33.000 0.000 -0.050 36.100 0.000 3.510 32.300 0.000 -0.050
3 16 36.100 0.000 3.510 31.600 0.000 -0.050 32.300 0.000 -0.050
3 16 24.050 0.000 1.150 23.450 0.000 0.450 24.050 0.000 0.450
3 16 24.050 0.000 -0.250 24.050 0.000 0.450 23.450 0.000 0.450
3 16 23.450 0.000 0.450 23.450 0.000 -0.250 24.050 0.000 -0.250
3 16 27.700 0.000 0.050 27.000 0.000 0.050 29.200 0.000 -0.450
3 16 25.450 0.000 -0.250 29.200 0.000 -0.450 27.000 0.000 0.050
3 16 27.000 0.000 0.050 26.300 0.000 0.050 25.450 0.000 -0.250
3 16 31.600 0.000 -0.050 30.600 0.000 0.250 30.600 0.000 -0.450
3 16 30.600 0.000 -0.450 31.600 0.000 -0.750 31.600 0.000 -0.050
3 16 30.600 0.000 0.950 30.600 0.000 0.250 31.600 0.000 -0.050
3 16 31.600 0.000 -0.050 36.100 0.000 3.510 30.600 0.000 0.950
3 16 29.200 0.000 -0.450 29.200 0.000 0.250 27.700 0.000 0.750
3 16 27.700 0.000 0.750 27.700 0.000 0.050 29.200 0.000 -0.450
3 16 29.200 0.000 0.250 29.200 0.000 0.950 27.700 0.000 1.450
3 16 27.700 0.000 1.450 27.700 0.000 0.750 29.200 0.000 0.250
3 16 26.300 0.000 0.050 26.300 0.000 0.750 25.450 0.000 0.450
3 16 25.450 0.000 0.450 25.450 0.000 -0.250 26.300 0.000 0.050
3 16 26.300 0.000 0.750 26.300 0.000 1.450 25.450 0.000 1.150
3 16 25.450 0.000 1.150 25.450 0.000 0.450 26.300 0.000 0.750
3 16 37.350 0.000 2.350 37.600 0.000 1.700 38.300 0.000 1.700
3 16 38.300 0.000 1.700 38.050 0.000 2.350 37.350 0.000 2.350
3 16 38.050 0.000 2.350 38.300 0.000 1.700 39.000 0.000 1.700
3 16 39.000 0.000 1.700 38.750 0.000 2.350 38.050 0.000 2.350
3 16 36.100 0.000 -7.050 31.470 0.000 -7.050 30.830 0.000 -10.000
3 16 30.830 0.000 -10.000 36.100 0.000 -7.750 36.100 0.000 -7.050
3 16 30.830 0.000 -10.000 36.100 0.000 -8.450 36.100 0.000 -7.750
3 16 30.830 0.000 -10.000 36.800 0.000 -8.450 36.100 0.000 -8.450
3 16 39.500 0.000 -9.700 38.800 0.000 -9.700 40.000 0.000 -10.000
3 16 38.800 0.000 -9.700 38.100 0.000 -9.700 30.830 0.000 -10.000
3 16 30.830 0.000 -10.000 40.000 0.000 -10.000 38.800 0.000 -9.700
3 16 38.100 0.000 -9.700 38.100 0.000 -9.000 30.830 0.000 -10.000
3 16 30.830 0.000 -10.000 38.100 0.000 -9.000 37.500 0.000 -8.450
3 16 37.500 0.000 -8.450 36.800 0.000 -8.450 30.830 0.000 -10.000
3 16 37.500 0.000 -8.450 38.100 0.000 -9.000 38.100 0.000 -8.300
3 16 38.100 0.000 -8.300 37.500 0.000 -7.750 37.500 0.000 -8.450
3 16 38.800 0.000 -8.300 37.500 0.000 -7.050 37.500 0.000 -7.750
3 16 37.500 0.000 -7.750 38.100 0.000 -8.300 38.800 0.000 -8.300
3 16 39.500 0.000 -7.050 37.500 0.000 -7.050 38.800 0.000 -8.300
3 16 38.800 0.000 -8.300 39.500 0.000 -8.300 39.500 0.000 -7.050
3 16 31.470 0.000 -7.050 29.970 0.000 -8.710 30.360 0.000 -9.440
3 16 30.360 0.000 -9.440 30.830 0.000 -10.000 31.470 0.000 -7.050
3 16 31.470 0.000 -7.050 29.470 0.000 -6.940 29.650 0.000 -7.780
3 16 29.650 0.000 -7.780 29.970 0.000 -8.710 31.470 0.000 -7.050
3 16 31.470 0.000 -7.050 31.530 0.000 -6.340 29.410 0.000 -6.020
3 16 29.410 0.000 -6.020 29.470 0.000 -6.940 31.470 0.000 -7.050
3 16 31.530 0.000 -6.340 31.780 0.000 -5.360 29.410 0.000 -3.380
3 16 29.410 0.000 -3.380 29.410 0.000 -6.020 31.530 0.000 -6.340
3 16 29.410 0.000 -3.380 31.780 0.000 -5.360 32.180 0.000 -4.280
3 16 32.750 0.000 -3.310 29.410 0.000 -3.380 32.180 0.000 -4.280
3 16 33.140 0.000 -2.750 29.410 0.000 -3.380 32.750 0.000 -3.310
3 16 33.000 0.000 -1.450 32.300 0.000 -1.450 29.410 0.000 -3.380
3 16 29.410 0.000 -3.380 33.140 0.000 -2.750 33.000 0.000 -1.450
3 16 32.300 0.000 -1.450 31.600 0.000 -1.450 29.410 0.000 -3.380
3 16 29.900 0.000 -0.450 29.350 0.000 -0.980 29.410 0.000 -3.380
3 16 29.410 0.000 -3.380 31.600 0.000 -1.450 29.900 0.000 -0.450
3 16 29.900 0.000 -0.450 29.200 0.000 -0.450 29.350 0.000 -0.980
3 16 30.600 0.000 -0.450 29.900 0.000 -0.450 31.600 0.000 -1.450
3 16 31.600 0.000 -1.450 31.600 0.000 -0.750 30.600 0.000 -0.450
3 16 -20.800 0.000 -9.300 -20.800 0.000 -10.000 -12.500 0.000 -10.000
3 16 -12.500 0.000 -10.000 -20.800 0.000 -8.600 -20.800 0.000 -9.300
3 16 -3.900 0.000 6.450 -3.200 0.000 6.450 -3.200 0.000 6.600
3 16 -3.900 0.000 6.450 -3.200 0.000 6.600 -3.200 0.000 7.300
3 16 -35.000 0.000 -10.000 -35.680 0.000 -9.770 -40.000 0.000 -10.000
3 16 -35.680 0.000 -9.770 -36.300 0.000 -9.390 -40.000 0.000 -10.000
3 16 -14.400 0.000 -0.300 -14.600 0.000 2.500 -14.600 0.000 -4.450
3 16 -14.600 0.000 -4.450 -14.400 0.000 -1.000 -14.400 0.000 -0.300
3 16 -13.700 0.000 -1.000 -14.400 0.000 -1.000 -14.600 0.000 -4.450
3 16 -13.000 0.000 -1.000 -13.700 0.000 -1.000 -14.600 0.000 -4.450
3 16 -13.000 0.000 -0.300 -13.000 0.000 -1.000 -12.500 0.000 -0.700
3 16 -12.500 0.000 -0.700 -12.500 0.000 0.700 -13.000 0.000 -0.300
3 16 -13.000 0.000 -0.300 -12.500 0.000 0.700 -13.000 0.000 0.400
3 16 -13.000 0.000 0.400 -12.500 0.000 0.700 -13.700 0.000 0.400
3 16 -13.700 0.000 0.400 -12.500 0.000 0.700 -14.400 0.000 0.400
3 16 20.750 0.000 -1.950 20.050 0.000 -1.950 18.500 0.000 -2.330
3 16 18.500 0.000 -2.330 20.640 0.000 -2.800 20.750 0.000 -1.950
3 16 18.500 0.000 -2.330 20.050 0.000 -1.950 19.500 0.000 -1.450
3 16 19.500 0.000 -1.450 18.800 0.000 -1.450 18.500 0.000 -2.330
3 16 19.500 0.000 -1.450 20.050 0.000 -1.950 20.050 0.000 -1.250
3 16 20.050 0.000 -1.250 19.500 0.000 -0.750 19.500 0.000 -1.450
3 16 19.500 0.000 -0.750 20.050 0.000 -1.250 20.050 0.000 -0.550
3 16 20.050 0.000 -0.550 19.500 0.000 -0.050 19.500 0.000 -0.750
3 16 18.800 0.000 3.500 19.500 0.000 -0.050 20.050 0.000 -0.550
3 16 20.050 0.000 -0.550 20.750 0.000 -0.550 18.800 0.000 3.500
3 16 19.500 0.000 -0.050 18.800 0.000 3.500 18.800 0.000 -0.050
3 16 -12.230 0.000 3.700 -13.100 0.000 3.950 -13.100 0.000 3.250
3 16 -13.100 0.000 3.250 -12.500 0.000 2.600 -12.230 0.000 3.700
3 16 -14.600 0.000 4.200 -13.800 0.000 3.950 -13.100 0.000 3.950
3 16 -13.100 0.000 3.950 -14.600 0.000 10.000 -14.600 0.000 4.200
3 16 -13.800 0.000 3.950 -14.600 0.000 4.200 -14.500 0.000 3.950
3 85 -12.050 0.000 0.200 -11.750 0.000 2.700 -12.500 0.000 2.600
3 85 -12.500 0.000 2.600 -12.500 0.000 0.700 -12.050 0.000 0.200
3 85 -11.750 0.000 3.400 -12.500 0.000 2.600 -11.750 0.000 2.700
3 85 -11.750 0.000 3.400 -11.750 0.000 4.100 -12.500 0.000 2.600
3 85 -22.550 0.000 5.300 -22.500 0.000 4.800 -21.250 0.000 4.600
3 85 -21.250 0.000 4.600 -21.500 0.000 7.050 -22.550 0.000 5.300
3 85 -22.550 0.000 5.300 -23.250 0.000 5.300 -23.850 0.000 5.100
3 85 -23.850 0.000 5.100 -22.500 0.000 4.800 -22.550 0.000 5.300
3 85 -23.850 0.000 5.100 -23.250 0.000 5.300 -23.950 0.000 5.300
3 85 -23.850 0.000 5.100 -23.950 0.000 5.300 -24.700 0.000 5.560
3 85 -23.950 0.000 6.000 -25.370 0.000 6.200 -24.700 0.000 5.560
3 85 -24.700 0.000 5.560 -23.950 0.000 5.300 -23.950 0.000 6.000
3 85 -23.950 0.000 6.700 -25.930 0.000 6.900 -25.370 0.000 6.200
3 85 -25.370 0.000 6.200 -23.950 0.000 6.000 -23.950 0.000 6.700
3 85 -25.930 0.000 6.900 -23.950 0.000 6.700 -22.200 0.000 8.450
3 85 -22.200 0.000 8.450 -26.500 0.000 7.700 -25.930 0.000 6.900
3 85 -22.200 0.000 7.750 -22.200 0.000 8.450 -23.950 0.000 6.700
3 85 -23.950 0.000 6.700 -23.250 0.000 6.700 -22.200 0.000 7.750
3 85 -22.200 0.000 7.750 -23.250 0.000 6.700 -22.550 0.000 6.700
3 85 -22.200 0.000 7.050 -22.200 0.000 7.750 -22.550 0.000 6.700
3 85 -22.550 0.000 6.700 -22.550 0.000 6.000 -22.200 0.000 7.050
3 85 -22.550 0.000 5.300 -21.500 0.000 7.050 -22.200 0.000 7.050
3 85 -22.200 0.000 7.050 -22.550 0.000 6.000 -22.550 0.000 5.300
3 85 -20.800 0.000 7.050 -21.500 0.000 7.050 -21.250 0.000 4.600
3 85 -21.250 0.000 4.600 -19.350 0.000 6.550 -20.800 0.000 7.050
3 85 -19.350 0.000 6.550 -19.350 0.000 7.250 -20.800 0.000 7.050
3 85 -20.800 0.000 7.050 -19.350 0.000 7.250 -19.350 0.000 7.950
3 85 -19.350 0.000 7.950 -18.650 0.000 7.950 -19.250 0.000 8.450
3 85 -19.250 0.000 8.450 -19.950 0.000 8.450 -19.350 0.000 7.950
3 85 -19.950 0.000 8.450 -20.800 0.000 7.750 -20.800 0.000 7.050
3 85 -20.800 0.000 7.050 -19.350 0.000 7.950 -19.950 0.000 8.450
3 85 -20.800 0.000 8.450 -20.800 0.000 7.750 -19.950 0.000 8.450
3 85 -19.950 0.000 8.450 -19.950 0.000 9.150 -20.800 0.000 8.450
3 85 -20.800 0.000 8.450 -19.950 0.000 9.150 -19.950 0.000 9.850
3 85 -19.950 0.000 9.850 -21.500 0.000 8.450 -20.800 0.000 8.450
3 85 -21.500 0.000 8.450 -19.950 0.000 9.850 -19.950 0.000 10.000
3 85 -19.950 0.000 10.000 -27.300 0.000 10.000 -21.500 0.000 8.450
3 85 -19.950 0.000 10.000 -19.250 0.000 9.850 -18.550 0.000 9.850
3 85 -18.550 0.000 9.850 -14.600 0.000 10.000 -19.950 0.000 10.000
3 85 -19.950 0.000 10.000 -19.950 0.000 9.850 -19.250 0.000 9.850
3 85 -14.600 0.000 10.000 -18.550 0.000 9.150 -18.550 0.000 8.450
3 85 -18.550 0.000 8.450 -17.950 0.000 7.950 -14.600 0.000 10.000
3 85 -18.650 0.000 7.950 -17.950 0.000 7.950 -18.550 0.000 8.450
3 85 -18.550 0.000 8.450 -19.250 0.000 8.450 -18.650 0.000 7.950
3 85 -17.050 0.000 5.950 -17.050 0.000 5.250 -16.800 0.000 4.200
3 85 -16.800 0.000 4.200 -16.100 0.000 4.200 -17.050 0.000 5.950
3 85 -17.050 0.000 5.250 -17.050 0.000 4.550 -16.800 0.000 3.500
3 85 -16.800 0.000 3.500 -16.800 0.000 4.200 -17.050 0.000 5.250
3 85 -16.800 0.000 2.800 -16.800 0.000 3.500 -17.050 0.000 4.550
3 85 -17.050 0.000 4.550 -17.750 0.000 4.550 -16.800 0.000 2.800
3 85 -16.800 0.000 2.800 -17.750 0.000 4.550 -18.450 0.000 4.550
3 85 -18.450 0.000 4.550 -16.500 0.000 -0.050 -16.800 0.000 2.800
3 85 -16.800 0.000 2.800 -16.500 0.000 -0.050 -15.800 0.000 -0.050
3 85 -15.800 0.000 -0.050 -16.100 0.000 2.800 -16.800 0.000 2.800
3 85 -15.100 0.000 -0.050 -14.600 0.000 2.500 -16.100 0.000 2.800
3 85 -16.100 0.000 2.800 -15.800 0.000 -0.050 -15.100 0.000 -0.050
3 85 -14.600 0.000 2.500 -15.100 0.000 -0.050 -15.100 0.000 -0.750
3 85 -15.100 0.000 -0.750 -15.100 0.000 -1.450 -14.600 0.000 -4.450
3 85 -14.600 0.000 -4.450 -14.600 0.000 2.500 -15.100 0.000 -0.750
3 85 -22.200 0.000 8.450 -21.500 0.000 8.450 -27.300 0.000 10.000
3 85 -27.300 0.000 10.000 -27.100 0.000 9.100 -22.200 0.000 8.450
3 85 -26.900 0.000 8.500 -26.500 0.000 7.700 -22.200 0.000 8.450
3 85 -22.200 0.000 8.450 -27.100 0.000 9.100 -26.900 0.000 8.500
3 85 -21.250 0.000 4.600 -18.450 0.000 5.250 -18.450 0.000 5.950
3 85 -18.450 0.000 5.950 -19.350 0.000 6.550 -21.250 0.000 4.600
3 85 -18.450 0.000 5.250 -21.250 0.000 4.600 -18.450 0.000 4.550
3 85 -18.500 0.000 -0.850 -17.800 0.000 -0.850 -18.450 0.000 4.550
3 85 -18.450 0.000 4.550 -21.250 0.000 4.600 -18.500 0.000 -0.850
3 85 -17.100 0.000 -0.850 -16.500 0.000 -0.050 -18.450 0.000 4.550
3 85 -18.450 0.000 4.550 -17.800 0.000 -0.850 -17.100 0.000 -0.850
3 85 -18.450 0.000 5.950 -17.750 0.000 5.950 -18.650 0.000 6.550
3 85 -18.650 0.000 6.550 -19.350 0.000 6.550 -18.450 0.000 5.950
3 85 -17.950 0.000 6.550 -18.650 0.000 6.550 -17.750 0.000 5.950
3 85 -17.750 0.000 5.950 -17.050 0.000 5.950 -17.950 0.000 6.550
3 85 -17.950 0.000 7.250 -17.950 0.000 6.550 -17.050 0.000 5.950
3 85 -17.050 0.000 5.950 -14.600 0.000 10.000 -17.950 0.000 7.250
3 85 -17.950 0.000 7.250 -14.600 0.000 10.000 -17.950 0.000 7.950
3 85 -20.550 0.000 -3.750 -20.550 0.000 -4.450 -19.800 0.000 -3.150
3 85 -19.800 0.000 -3.150 -20.500 0.000 -3.150 -20.550 0.000 -3.750
3 85 -19.100 0.000 -3.150 -19.800 0.000 -3.150 -20.550 0.000 -4.450
3 85 -20.550 0.000 -4.450 -14.600 0.000 -4.450 -19.100 0.000 -3.150
3 85 -19.100 0.000 -3.150 -14.600 0.000 -4.450 -18.500 0.000 -2.250
3 85 -18.500 0.000 -2.250 -19.100 0.000 -2.450 -19.100 0.000 -3.150
3 85 -18.500 0.000 -2.250 -14.600 0.000 -4.450 -17.800 0.000 -2.250
3 85 -14.600 0.000 -4.450 -15.100 0.000 -1.450 -15.800 0.000 -1.450
3 85 -14.600 0.000 -4.450 -15.800 0.000 -1.450 -16.500 0.000 -1.450
3 85 -16.500 0.000 -1.450 -17.100 0.000 -2.250 -14.600 0.000 -4.450
3 85 -17.100 0.000 -1.550 -17.100 0.000 -2.250 -16.500 0.000 -1.450
3 85 -16.500 0.000 -1.450 -16.500 0.000 -0.750 -17.100 0.000 -1.550
3 85 -17.100 0.000 -0.850 -17.100 0.000 -1.550 -16.500 0.000 -0.750
3 85 -16.500 0.000 -0.750 -16.500 0.000 -0.050 -17.100 0.000 -0.850
3 85 -14.600 0.000 -4.450 -17.100 0.000 -2.250 -17.800 0.000 -2.250
3 85 -19.100 0.000 -1.750 -19.100 0.000 -2.450 -18.500 0.000 -2.250
3 85 -18.500 0.000 -2.250 -18.500 0.000 -1.550 -19.100 0.000 -1.750
3 85 -19.100 0.000 -1.750 -18.500 0.000 -1.550 -18.500 0.000 -0.850
3 85 -18.500 0.000 -0.850 -19.800 0.000 -1.750 -19.100 0.000 -1.750
3 85 -19.800 0.000 -1.750 -18.500 0.000 -0.850 -21.250 0.000 4.600
3 85 -21.250 0.000 4.600 -20.500 0.000 -1.750 -19.800 0.000 -1.750
3 85 -21.250 0.000 -3.750 -20.500 0.000 -2.450 -20.500 0.000 -1.750
3 85 -20.500 0.000 -1.750 -21.250 0.000 4.600 -21.250 0.000 -3.750
3 85 -20.500 0.000 -3.150 -20.500 0.000 -2.450 -21.250 0.000 -3.750
3 85 -21.250 0.000 -3.750 -20.550 0.000 -3.750 -20.500 0.000 -3.150
3 85 -11.750 0.000 4.100 -11.820 0.000 4.660 -12.230 0.000 3.700
3 85 -12.230 0.000 3.700 -12.500 0.000 2.600 -11.750 0.000 4.100
3 85 -11.040 0.000 5.490 -11.820 0.000 4.660 -11.750 0.000 4.100
3 85 -11.750 0.000 4.100 -11.050 0.000 4.100 -11.040 0.000 5.490
3 85 -10.350 0.000 4.100 -10.090 0.000 6.230 -11.040 0.000 5.490
3 85 -11.040 0.000 5.490 -11.050 0.000 4.100 -10.350 0.000 4.100
3 85 -10.090 0.000 6.230 -10.350 0.000 4.100 -9.350 0.000 4.550
3 85 -9.350 0.000 4.550 -9.100 0.000 6.790 -10.090 0.000 6.230
3 85 -8.650 0.000 4.550 -8.200 0.000 7.190 -9.100 0.000 6.790
3 85 -9.100 0.000 6.790 -9.350 0.000 4.550 -8.650 0.000 4.550
3 85 -8.200 0.000 7.190 -8.650 0.000 4.550 -7.950 0.000 4.550
3 85 -7.950 0.000 4.550 -7.100 0.000 5.300 -8.200 0.000 7.190
3 85 -7.100 0.000 5.300 -6.200 0.000 7.700 -7.200 0.000 7.500
3 85 -7.200 0.000 7.500 -8.200 0.000 7.190 -7.100 0.000 5.300
3 85 -6.400 0.000 5.300 -5.050 0.000 7.800 -6.200 0.000 7.700
3 85 -6.200 0.000 7.700 -7.100 0.000 5.300 -6.400 0.000 5.300
3 85 -5.050 0.000 7.800 -6.400 0.000 5.300 -5.700 0.000 5.300
3 85 -7.100 0.000 5.300 -7.950 0.000 4.550 -7.950 0.000 3.850
3 85 -7.950 0.000 3.850 -7.100 0.000 4.600 -7.100 0.000 5.300
3 85 -7.100 0.000 4.600 -7.950 0.000 3.850 -7.950 0.000 3.150
3 85 -7.950 0.000 3.150 -7.100 0.000 3.900 -7.100 0.000 4.600
3 85 -6.500 0.000 -0.550 -6.400 0.000 3.900 -7.100 0.000 3.900
3 85 -7.100 0.000 3.900 -7.950 0.000 3.150 -6.500 0.000 -0.550
3 85 -6.400 0.000 3.900 -6.500 0.000 -0.550 -5.800 0.000 -0.550
3 85 -6.400 0.000 3.900 -5.800 0.000 -0.550 -5.050 0.000 -0.950
3 85 -5.050 0.000 -0.950 -5.700 0.000 3.900 -6.400 0.000 3.900
3 85 -5.700 0.000 3.900 -5.050 0.000 -0.950 -5.050 0.000 3.900
3 85 -5.050 0.000 3.900 -5.700 0.000 4.600 -5.700 0.000 3.900
3 85 -5.050 0.000 -0.950 -5.800 0.000 -0.550 -5.800 0.000 -1.250
3 85 -5.800 0.000 -1.950 -5.050 0.000 -6.400 -5.050 0.000 -0.950
3 85 -5.050 0.000 -0.950 -5.800 0.000 -1.250 -5.800 0.000 -1.950
3 85 -5.050 0.000 -6.400 -5.800 0.000 -1.950 -5.550 0.000 -8.350
3 85 -5.550 0.000 -8.350 -5.050 0.000 -7.100 -5.050 0.000 -6.400
3 85 -5.550 0.000 -9.050 -5.050 0.000 -7.800 -5.050 0.000 -7.100
3 85 -5.050 0.000 -7.100 -5.550 0.000 -8.350 -5.550 0.000 -9.050
3 85 -5.050 0.000 -10.000 -5.050 0.000 -7.800 -5.550 0.000 -9.050
3 85 -5.550 0.000 -9.050 -5.550 0.000 -9.750 -5.050 0.000 -10.000
3 85 -5.050 0.000 -10.000 -5.550 0.000 -9.750 -6.250 0.000 -9.750
3 85 -5.050 0.000 -10.000 -6.250 0.000 -9.750 -6.950 0.000 -9.750
3 85 -6.950 0.000 -9.750 -12.500 0.000 -10.000 -5.050 0.000 -10.000
3 85 -12.500 0.000 -10.000 -6.950 0.000 -9.750 -6.950 0.000 -9.050
3 85 -12.500 0.000 -10.000 -6.950 0.000 -9.050 -6.950 0.000 -8.350
3 85 -6.950 0.000 -8.350 -7.200 0.000 -1.950 -12.500 0.000 -10.000
3 85 -12.500 0.000 -10.000 -7.200 0.000 -1.950 -8.250 0.000 -1.700
3 85 -8.250 0.000 -1.700 -8.950 0.000 -1.700 -12.500 0.000 -10.000
3 85 -12.500 0.000 -10.000 -8.950 0.000 -1.700 -9.650 0.000 -1.700
3 85 -11.350 0.000 -1.200 -12.050 0.000 -1.200 -12.500 0.000 -10.000
3 85 -12.500 0.000 -10.000 -9.650 0.000 -1.700 -11.350 0.000 -1.200
3 85 -6.250 0.000 -8.350 -6.500 0.000 -1.950 -7.200 0.000 -1.950
3 85 -7.200 0.000 -1.950 -6.950 0.000 -8.350 -6.250 0.000 -8.350
3 85 -6.500 0.000 -1.950 -6.250 0.000 -8.350 -5.550 0.000 -8.350
3 85 -5.550 0.000 -8.350 -5.800 0.000 -1.950 -6.500 0.000 -1.950
3 85 -8.250 0.000 -1.000 -8.250 0.000 -1.700 -7.200 0.000 -1.950
3 85 -7.200 0.000 -1.950 -7.200 0.000 -1.250 -8.250 0.000 -1.000
3 85 -7.200 0.000 -0.550 -8.250 0.000 -0.300 -8.250 0.000 -1.000
3 85 -8.250 0.000 -1.000 -7.200 0.000 -1.250 -7.200 0.000 -0.550
3 85 -9.350 0.000 3.150 -7.200 0.000 -0.550 -8.650 0.000 3.150
3 85 -7.200 0.000 -0.550 -6.500 0.000 -0.550 -7.950 0.000 3.150
3 85 -7.950 0.000 3.150 -8.650 0.000 3.150 -7.200 0.000 -0.550
3 85 -9.350 0.000 3.150 -10.350 0.000 2.700 -8.250 0.000 -0.300
3 85 -8.250 0.000 -0.300 -7.200 0.000 -0.550 -9.350 0.000 3.150
3 85 -8.950 0.000 -0.300 -8.250 0.000 -0.300 -10.350 0.000 2.700
3 85 -10.350 0.000 2.700 -11.050 0.000 2.700 -8.950 0.000 -0.300
3 85 -11.050 0.000 2.700 -10.650 0.000 0.200 -9.650 0.000 -0.300
3 85 -9.650 0.000 -0.300 -8.950 0.000 -0.300 -11.050 0.000 2.700
3 85 -10.650 0.000 0.200 -11.050 0.000 2.700 -11.750 0.000 2.700
3 85 -11.750 0.000 2.700 -11.350 0.000 0.200 -10.650 0.000 0.200
3 85 -11.350 0.000 0.200 -11.750 0.000 2.700 -12.050 0.000 0.200
3 85 -9.650 0.000 -0.300 -10.650 0.000 0.200 -10.650 0.000 -0.500
3 85 -9.650 0.000 -1.000 -9.650 0.000 -0.300 -10.650 0.000 -0.500
3 85 -10.650 0.000 -0.500 -10.650 0.000 -1.200 -9.650 0.000 -1.000
3 85 -9.650 0.000 -1.000 -10.650 0.000 -1.200 -9.650 0.000 -1.700
3 85 -9.650 0.000 -1.700 -10.650 0.000 -1.200 -11.350 0.000 -1.200
3 85 -12.050 0.000 -1.200 -12.050 0.000 -0.500 -12.500 0.000 -0.700
3 85 -12.500 0.000 -0.700 -12.500 0.000 -10.000 -12.050 0.000 -1.200
3 85 -12.050 0.000 0.200 -12.500 0.000 0.700 -12.500 0.000 -0.700
3 85 -12.500 0.000 -0.700 -12.050 0.000 -0.500 -12.050 0.000 0.200
3 85 -9.350 0.000 3.150 -9.350 0.000 3.850 -10.350 0.000 3.400
3 85 -10.350 0.000 3.400 -10.350 0.000 2.700 -9.350 0.000 3.150
3 85 -10.350 0.000 4.100 -10.350 0.000 3.400 -9.350 0.000 3.850
3 85 -9.350 0.000 3.850 -9.350 0.000 4.550 -10.350 0.000 4.100
3 85 12.570 0.000 -10.000 9.400 0.000 -9.600 8.700 0.000 -9.600
3 85 8.700 0.000 -9.600 5.450 0.000 -10.000 12.570 0.000 -10.000
3 85 9.400 0.000 -9.600 12.570 0.000 -10.000 10.100 0.000 -9.600
3 85 12.300 0.000 -7.800 11.600 0.000 -7.800 10.100 0.000 -9.600
3 85 10.100 0.000 -9.600 12.570 0.000 -10.000 12.300 0.000 -7.800
3 85 10.100 0.000 -8.900 10.100 0.000 -9.600 11.600 0.000 -7.800
3 85 11.600 0.000 -7.800 10.900 0.000 -7.800 10.100 0.000 -8.900
3 85 10.900 0.000 -7.800 10.900 0.000 -7.100 10.100 0.000 -8.200
3 85 10.100 0.000 -8.200 10.100 0.000 -8.900 10.900 0.000 -7.800
3 85 10.900 0.000 -6.400 9.400 0.000 -8.200 10.100 0.000 -8.200
3 85 10.100 0.000 -8.200 10.900 0.000 -7.100 10.900 0.000 -6.400
3 85 10.900 0.000 -6.400 7.500 0.000 -6.270 8.700 0.000 -8.200
3 85 8.700 0.000 -8.200 9.400 0.000 -8.200 10.900 0.000 -6.400
3 85 8.700 0.000 -8.900 8.700 0.000 -8.200 7.500 0.000 -6.270
3 85 7.500 0.000 -6.270 6.000 0.000 -8.550 8.700 0.000 -8.900
3 85 6.000 0.000 -8.550 5.450 0.000 -10.000 8.700 0.000 -9.600
3 85 8.700 0.000 -9.600 8.700 0.000 -8.900 6.000 0.000 -8.550
3 85 12.300 0.000 -7.100 12.300 0.000 -7.800 14.150 0.000 -7.680
3 85 14.150 0.000 -7.680 15.740 0.000 -6.290 12.300 0.000 -7.100
3 85 12.300 0.000 -7.100 15.740 0.000 -6.290 14.100 0.000 -5.700
3 85 14.100 0.000 -5.700 13.400 0.000 -5.700 12.300 0.000 -7.100
3 85 12.300 0.000 -6.400 12.300 0.000 -7.100 13.400 0.000 -5.700
3 85 13.400 0.000 -5.700 12.700 0.000 -5.700 12.300 0.000 -6.400
3 85 12.700 0.000 -5.000 11.600 0.000 -6.400 12.300 0.000 -6.400
3 85 12.300 0.000 -6.400 12.700 0.000 -5.700 12.700 0.000 -5.000
3 85 12.700 0.000 -5.000 12.700 0.000 -4.300 10.900 0.000 -6.400
3 85 10.900 0.000 -6.400 11.600 0.000 -6.400 12.700 0.000 -5.000
3 85 7.500 0.000 -6.270 10.900 0.000 -6.400 12.700 0.000 -4.300
3 85 12.700 0.000 -4.300 9.300 0.000 -4.300 7.500 0.000 -6.270
3 85 10.400 0.000 -3.200 9.300 0.000 -4.300 12.700 0.000 -4.300
3 85 12.700 0.000 -4.300 13.700 0.000 -3.450 10.400 0.000 -3.200
3 85 13.700 0.000 -3.450 13.700 0.000 -2.750 11.200 0.000 -2.200
3 85 11.200 0.000 -2.200 10.400 0.000 -3.200 13.700 0.000 -3.450
3 85 11.800 0.000 -1.100 11.200 0.000 -2.200 13.700 0.000 -2.750
3 85 13.700 0.000 -2.750 13.700 0.000 -2.050 11.800 0.000 -1.100
3 85 13.550 0.000 -1.200 11.800 0.000 -1.100 13.700 0.000 -2.050
3 85 13.700 0.000 -2.050 14.400 0.000 -2.050 13.550 0.000 -1.200
3 85 14.400 0.000 -2.050 15.100 0.000 -2.050 14.250 0.000 -1.200
3 85 14.250 0.000 -1.200 13.550 0.000 -1.200 14.400 0.000 -2.050
3 85 14.250 0.000 -1.200 15.100 0.000 -2.050 14.950 0.000 -1.200
3 85 14.950 0.000 -1.200 15.100 0.000 -2.050 15.550 0.000 -0.950
3 85 15.550 0.000 -0.950 14.950 0.000 -0.500 14.950 0.000 -1.200
3 85 17.650 0.000 -3.860 15.100 0.000 -2.050 15.100 0.000 -2.750
3 85 17.650 0.000 -3.860 15.100 0.000 -2.750 15.100 0.000 -3.450
3 85 16.750 0.000 -5.170 17.650 0.000 -3.860 15.100 0.000 -3.450
3 85 15.100 0.000 -3.450 14.100 0.000 -4.300 16.750 0.000 -5.170
3 85 15.740 0.000 -6.290 16.750 0.000 -5.170 14.100 0.000 -4.300
3 85 14.100 0.000 -4.300 14.100 0.000 -5.000 15.740 0.000 -6.290
3 85 15.740 0.000 -6.290 14.100 0.000 -5.000 14.100 0.000 -5.700
3 85 13.400 0.000 -4.300 14.100 0.000 -4.300 15.100 0.000 -3.450
3 85 15.100 0.000 -3.450 14.400 0.000 -3.450 13.400 0.000 -4.300
3 85 13.400 0.000 -4.300 14.400 0.000 -3.450 13.700 0.000 -3.450
3 85 13.700 0.000 -3.450 12.700 0.000 -4.300 13.400 0.000 -4.300
3 85 17.650 0.000 -3.860 16.250 0.000 -0.950 15.550 0.000 -0.950
3 85 15.550 0.000 -0.950 15.100 0.000 -2.050 17.650 0.000 -3.860
3 85 17.650 0.000 -3.860 18.500 0.000 -2.330 16.950 0.000 -0.950
3 85 16.950 0.000 -0.950 16.250 0.000 -0.950 17.650 0.000 -3.860
3 85 16.950 0.000 -0.950 18.500 0.000 -2.330 18.100 0.000 -1.450
3 85 18.100 0.000 -1.450 18.500 0.000 -2.330 18.800 0.000 -1.450
3 85 18.100 0.000 -0.750 16.950 0.000 -0.250 16.950 0.000 -0.950
3 85 16.950 0.000 -0.950 18.100 0.000 -1.450 18.100 0.000 -0.750
3 85 18.100 0.000 -0.050 16.950 0.000 0.450 16.950 0.000 -0.250
3 85 16.950 0.000 -0.250 18.100 0.000 -0.750 18.100 0.000 -0.050
3 85 16.950 0.000 0.450 18.100 0.000 -0.050 18.800 0.000 3.500
3 85 18.800 0.000 3.500 16.050 0.000 2.450 16.950 0.000 0.450
3 85 18.800 0.000 3.500 18.100 0.000 -0.050 18.800 0.000 -0.050
3 85 16.950 0.000 0.450 16.050 0.000 2.450 15.350 0.000 2.450
3 85 15.350 0.000 2.450 16.250 0.000 0.450 16.950 0.000 0.450
3 85 14.650 0.000 2.450 15.550 0.000 0.450 16.250 0.000 0.450
3 85 16.250 0.000 0.450 15.350 0.000 2.450 14.650 0.000 2.450
3 85 14.650 0.000 2.450 14.650 0.000 3.150 14.500 0.000 2.050
3 85 14.500 0.000 2.050 14.500 0.000 1.350 14.650 0.000 2.450
3 85 13.800 0.000 2.050 14.500 0.000 2.050 14.650 0.000 3.150
3 85 14.650 0.000 3.150 14.650 0.000 3.850 13.800 0.000 2.050
3 85 12.950 0.000 3.450 12.950 0.000 2.750 13.800 0.000 2.050
3 85 13.800 0.000 2.050 14.650 0.000 3.850 12.950 0.000 3.450
3 85 13.100 0.000 1.350 12.250 0.000 2.050 12.200 0.000 1.100
3 85 12.200 0.000 1.100 13.100 0.000 0.650 13.100 0.000 1.350
3 85 13.100 0.000 0.650 12.200 0.000 1.100 12.100 0.000 0.100
3 85 12.100 0.000 0.100 13.550 0.000 0.200 13.100 0.000 0.650
3 85 13.550 0.000 0.200 12.100 0.000 0.100 13.550 0.000 -0.500
3 85 13.550 0.000 -0.500 12.100 0.000 0.100 11.800 0.000 -1.100
3 85 11.800 0.000 -1.100 13.550 0.000 -1.200 13.550 0.000 -0.500
3 85 13.100 0.000 0.650 13.550 0.000 0.200 14.250 0.000 0.200
3 85 14.250 0.000 0.200 13.800 0.000 0.650 13.100 0.000 0.650
3 85 14.950 0.000 0.200 14.500 0.000 0.650 13.800 0.000 0.650
3 85 13.800 0.000 0.650 14.250 0.000 0.200 14.950 0.000 0.200
3 85 14.500 0.000 0.650 14.950 0.000 0.200 15.550 0.000 0.450
3 85 14.500 0.000 1.350 14.500 0.000 0.650 15.550 0.000 0.450
3 85 15.550 0.000 0.450 14.650 0.000 2.450 14.500 0.000 1.350
3 85 14.950 0.000 0.200 14.950 0.000 -0.500 15.550 0.000 -0.250
3 85 15.550 0.000 -0.250 15.550 0.000 0.450 14.950 0.000 0.200
3 85 15.550 0.000 -0.250 14.950 0.000 -0.500 15.550 0.000 -0.950
3 85 15.550 0.000 10.000 12.250 0.000 10.000 12.250 0.000 7.330
3 85 12.250 0.000 7.330 15.550 0.000 9.300 15.550 0.000 10.000
3 85 12.250 0.000 7.330 15.550 0.000 8.600 15.550 0.000 9.300
3 85 16.250 0.000 8.600 15.550 0.000 8.600 16.200 0.000 7.900
3 85 16.200 0.000 7.900 16.900 0.000 7.900 16.250 0.000 8.600
3 85 16.900 0.000 7.900 17.600 0.000 7.900 16.950 0.000 8.600
3 85 16.950 0.000 8.600 16.250 0.000 8.600 16.900 0.000 7.900
3 85 17.600 0.000 7.900 17.600 0.000 7.200 18.800 0.000 3.500
3 85 18.800 0.000 3.500 18.800 0.000 10.000 17.600 0.000 7.900
3 85 18.800 0.000 3.500 17.600 0.000 7.200 17.600 0.000 6.500
3 85 18.800 0.000 3.500 17.600 0.000 6.500 17.300 0.000 5.850
3 85 17.300 0.000 5.850 17.300 0.000 5.150 18.800 0.000 3.500
3 85 16.900 0.000 6.500 16.600 0.000 5.850 17.300 0.000 5.850
3 85 17.300 0.000 5.850 17.600 0.000 6.500 16.900 0.000 6.500
3 85 16.200 0.000 6.500 15.900 0.000 5.850 16.600 0.000 5.850
3 85 16.600 0.000 5.850 16.900 0.000 6.500 16.200 0.000 6.500
3 85 16.200 0.000 6.500 16.200 0.000 7.200 12.250 0.000 7.330
3 85 12.250 0.000 7.330 15.900 0.000 5.850 16.200 0.000 6.500
3 85 12.250 0.000 7.330 16.200 0.000 7.200 16.200 0.000 7.900
3 85 16.200 0.000 7.900 15.550 0.000 8.600 12.250 0.000 7.330
3 85 17.300 0.000 5.150 17.300 0.000 4.450 18.800 0.000 3.500
3 85 16.050 0.000 3.850 18.800 0.000 3.500 17.300 0.000 4.450
3 85 17.300 0.000 4.450 16.600 0.000 4.450 16.050 0.000 3.850
3 85 18.800 0.000 3.500 16.050 0.000 3.850 16.050 0.000 3.150
3 85 18.800 0.000 3.500 16.050 0.000 3.150 16.050 0.000 2.450
3 85 15.900 0.000 4.450 15.350 0.000 3.850 16.050 0.000 3.850
3 85 16.050 0.000 3.850 16.600 0.000 4.450 15.900 0.000 4.450
3 85 14.650 0.000 3.850 15.350 0.000 3.850 15.900 0.000 4.450
3 85 15.900 0.000 4.450 15.900 0.000 5.150 14.650 0.000 3.850
3 85 15.900 0.000 5.850 12.950 0.000 3.450 14.650 0.000 3.850
3 85 14.650 0.000 3.850 15.900 0.000 5.150 15.900 0.000 5.850
3 85 12.950 0.000 3.450 15.900 0.000 5.850 12.250 0.000 7.330
3 85 12.250 0.000 7.330 12.250 0.000 3.450 12.950 0.000 3.450
3 85 36.100 0.000 -7.050 35.350 0.000 -6.200 31.530 0.000 -6.340
3 85 31.530 0.000 -6.340 31.470 0.000 -7.050 36.100 0.000 -7.050
3 85 36.050 0.000 -6.200 35.350 0.000 -6.200 36.100 0.000 -7.050
3 85 36.100 0.000 -7.050 36.800 0.000 -7.050 36.050 0.000 -6.200
3 85 36.800 0.000 -7.050 37.500 0.000 -7.050 36.750 0.000 -6.200
3 85 36.750 0.000 -6.200 36.050 0.000 -6.200 36.800 0.000 -7.050
3 85 39.500 0.000 -7.050 36.750 0.000 -5.500 36.750 0.000 -6.200
3 85 36.750 0.000 -6.200 37.500 0.000 -7.050 39.500 0.000 -7.050
3 85 39.500 0.000 -7.050 37.000 0.000 -3.950 36.750 0.000 -4.800
3 85 36.750 0.000 -4.800 36.750 0.000 -5.500 39.500 0.000 -7.050
3 85 37.000 0.000 -3.950 39.500 0.000 -7.050 38.000 0.000 -1.700
3 85 38.000 0.000 -1.700 37.000 0.000 -3.250 37.000 0.000 -3.950
3 85 38.000 0.000 -1.700 37.300 0.000 -1.700 37.000 0.000 -2.550
3 85 37.000 0.000 -2.550 37.000 0.000 -3.250 38.000 0.000 -1.700
3 85 36.600 0.000 -1.700 36.300 0.000 -2.550 37.000 0.000 -2.550
3 85 37.000 0.000 -2.550 37.300 0.000 -1.700 36.600 0.000 -1.700
3 85 35.600 0.000 -2.550 36.300 0.000 -2.550 36.600 0.000 -1.700
3 85 36.600 0.000 -1.700 34.910 0.000 -2.280 35.600 0.000 -2.550
3 85 36.600 0.000 -1.700 36.600 0.000 -1.000 34.910 0.000 -1.580
3 85 34.910 0.000 -1.580 34.910 0.000 -2.280 36.600 0.000 -1.700
3 85 35.680 0.000 -0.490 36.600 0.000 -1.000 36.600 0.000 -0.300
3 85 35.680 0.000 -0.490 34.910 0.000 -0.880 34.910 0.000 -1.580
3 85 34.910 0.000 -1.580 36.600 0.000 -1.000 35.680 0.000 -0.490
3 85 36.300 0.000 -3.950 36.050 0.000 -4.800 36.750 0.000 -4.800
3 85 36.750 0.000 -4.800 37.000 0.000 -3.950 36.300 0.000 -3.950
3 85 36.050 0.000 -4.800 36.300 0.000 -3.950 35.600 0.000 -3.950
3 85 35.600 0.000 -3.950 35.350 0.000 -4.800 36.050 0.000 -4.800
3 85 32.180 0.000 -4.280 35.350 0.000 -4.800 35.600 0.000 -3.950
3 85 35.600 0.000 -3.950 32.750 0.000 -3.310 32.180 0.000 -4.280
3 85 32.180 0.000 -4.280 31.780 0.000 -5.360 35.350 0.000 -5.500
3 85 35.350 0.000 -5.500 35.350 0.000 -4.800 32.180 0.000 -4.280
3 85 35.350 0.000 -6.200 35.350 0.000 -5.500 31.780 0.000 -5.360
3 85 31.780 0.000 -5.360 31.530 0.000 -6.340 35.350 0.000 -6.200
3 85 35.600 0.000 -3.250 33.140 0.000 -2.750 32.750 0.000 -3.310
3 85 32.750 0.000 -3.310 35.600 0.000 -3.950 35.600 0.000 -3.250
3 85 33.140 0.000 -2.750 35.600 0.000 -3.250 35.600 0.000 -2.550
3 85 34.910 0.000 -2.280 34.210 0.000 -2.280 33.140 0.000 -2.750
3 85 33.140 0.000 -2.750 35.600 0.000 -2.550 34.910 0.000 -2.280
3 85 33.140 0.000 -2.750 34.210 0.000 -2.280 33.510 0.000 -2.280
3 85 39.500 0.000 -0.300 38.000 0.000 -0.300 38.000 0.000 -1.000
3 85 38.000 0.000 -1.700 39.500 0.000 -7.050 39.500 0.000 -0.300
3 85 39.500 0.000 -0.300 38.000 0.000 -1.000 38.000 0.000 -1.700
3 85 14.150 0.000 -7.680 12.300 0.000 -7.800 13.200 0.000 -8.810
3 85 13.200 0.000 -8.810 12.300 0.000 -7.800 12.570 0.000 -10.000
3 85 16.950 0.000 8.600 17.600 0.000 7.900 18.800 0.000 10.000
3 85 18.800 0.000 10.000 16.950 0.000 9.300 16.950 0.000 8.600
3 85 16.950 0.000 9.300 18.800 0.000 10.000 16.950 0.000 10.000
3 85 13.100 0.000 1.350 12.950 0.000 2.050 12.250 0.000 2.050
3 85 13.100 0.000 2.050 12.950 0.000 2.750 12.950 0.000 2.050
3 85 12.950 0.000 2.050 13.100 0.000 1.350 13.100 0.000 2.050
3 85 12.950 0.000 2.750 13.100 0.000 2.050 13.800 0.000 2.050
3 85 -5.050 0.000 7.800 -5.700 0.000 5.300 -5.700 0.000 4.600
3 85 -5.700 0.000 4.600 -5.050 0.000 3.900 -5.050 0.000 7.800
3 85 -14.600 0.000 3.200 -15.400 0.000 3.500 -15.400 0.000 2.800
3 85 -15.400 0.000 2.800 -14.600 0.000 2.500 -14.600 0.000 3.200
3 85 -14.600 0.000 4.200 -15.400 0.000 4.200 -15.400 0.000 3.500
3 85 -15.400 0.000 3.500 -14.600 0.000 3.200 -14.600 0.000 4.200
3 85 -14.600 0.000 2.500 -15.400 0.000 2.800 -16.100 0.000 2.800
3 85 -15.400 0.000 4.200 -14.600 0.000 4.200 -14.600 0.000 10.000
3 85 -14.600 0.000 10.000 -17.050 0.000 5.950 -15.400 0.000 4.200
3 85 -16.100 0.000 4.200 -15.400 0.000 4.200 -17.050 0.000 5.950
3 85 -18.550 0.000 9.150 -14.600 0.000 10.000 -18.550 0.000 9.850
3 70 26.300 0.000 -9.450 22.920 0.000 -10.000 27.000 0.000 -10.000
3 70 27.000 0.000 -10.000 27.000 0.000 -9.450 26.300 0.000 -9.450
3 70 22.920 0.000 -10.000 26.300 0.000 -9.450 26.300 0.000 -8.750
3 70 26.300 0.000 -8.050 26.000 0.000 -7.450 22.920 0.000 -10.000
3 70 22.920 0.000 -10.000 26.300 0.000 -8.750 26.300 0.000 -8.050
3 70 25.300 0.000 -7.450 22.630 0.000 -7.910 22.920 0.000 -10.000
3 70 22.920 0.000 -10.000 26.000 0.000 -7.450 25.300 0.000 -7.450
3 70 25.300 0.000 -7.450 25.300 0.000 -6.750 22.600 0.000 -6.730
3 70 22.600 0.000 -6.730 22.630 0.000 -7.910 25.300 0.000 -7.450
3 70 22.600 0.000 -6.730 25.300 0.000 -6.750 25.300 0.000 -6.050
3 70 25.300 0.000 -6.050 22.660 0.000 -5.700 22.600 0.000 -6.730
3 70 24.550 0.000 -5.200 22.660 0.000 -5.700 25.300 0.000 -6.050
3 70 25.300 0.000 -6.050 26.000 0.000 -6.050 24.550 0.000 -5.200
3 70 26.000 0.000 -6.050 26.700 0.000 -6.050 25.250 0.000 -5.200
3 70 25.250 0.000 -5.200 24.550 0.000 -5.200 26.000 0.000 -6.050
3 70 -38.550 0.000 9.250 -40.000 0.000 10.000 -39.250 0.000 9.250
3 70 -40.000 0.000 10.000 -38.550 0.000 9.250 -37.850 0.000 9.250
3 70 -37.850 0.000 9.250 -35.800 0.000 10.000 -40.000 0.000 10.000
3 70 -34.900 0.000 9.000 -35.800 0.000 10.000 -37.850 0.000 9.250
3 70 -37.850 0.000 9.250 -37.850 0.000 8.550 -34.900 0.000 9.000
3 70 -37.850 0.000 8.550 -37.850 0.000 7.850 -34.280 0.000 8.100
3 70 -34.280 0.000 8.100 -34.900 0.000 9.000 -37.850 0.000 8.550
3 70 -34.280 0.000 8.100 -37.850 0.000 7.850 -33.700 0.000 7.000
3 70 -37.850 0.000 7.850 -38.550 0.000 7.850 -38.100 0.000 6.750
3 70 -38.100 0.000 6.750 -33.700 0.000 7.000 -37.850 0.000 7.850
3 70 -38.550 0.000 7.850 -39.250 0.000 7.850 -38.800 0.000 6.750
3 70 -38.800 0.000 6.750 -38.100 0.000 6.750 -38.550 0.000 7.850
3 70 -40.000 0.000 10.000 -39.250 0.000 8.550 -39.250 0.000 9.250
3 70 -40.000 0.000 10.000 -40.000 0.000 4.600 -39.500 0.000 6.050
3 70 -39.500 0.000 6.050 -39.500 0.000 6.750 -40.000 0.000 10.000
3 70 -39.500 0.000 6.050 -40.000 0.000 4.600 -39.500 0.000 5.350
3 70 -40.000 0.000 4.600 -38.800 0.000 5.350 -39.500 0.000 5.350
3 70 -40.000 0.000 4.600 -33.330 0.000 4.600 -38.100 0.000 5.350
3 70 -38.100 0.000 5.350 -38.800 0.000 5.350 -40.000 0.000 4.600
3 70 -33.420 0.000 5.930 -38.100 0.000 6.050 -38.100 0.000 5.350
3 70 -38.100 0.000 5.350 -33.330 0.000 4.600 -33.420 0.000 5.930
3 70 -38.100 0.000 6.050 -33.420 0.000 5.930 -33.700 0.000 7.000
3 70 -33.700 0.000 7.000 -38.100 0.000 6.750 -38.100 0.000 6.050
3 70 -39.050 0.000 0.750 -39.050 0.000 1.450 -40.000 0.000 1.450
3 70 -39.050 0.000 0.750 -40.000 0.000 1.450 -40.000 0.000 -2.000
3 70 -40.000 0.000 -2.000 -39.050 0.000 0.050 -39.050 0.000 0.750
3 70 -38.350 0.000 0.050 -39.050 0.000 0.050 -38.450 0.000 -0.850
3 70 -38.450 0.000 -0.850 -37.750 0.000 -0.850 -38.350 0.000 0.050
3 70 -37.750 0.000 -0.850 -37.050 0.000 -0.850 -37.650 0.000 0.050
3 70 -37.650 0.000 0.050 -38.350 0.000 0.050 -37.750 0.000 -0.850
3 70 -37.650 0.000 0.050 -37.050 0.000 -0.850 -34.950 0.000 -1.000
3 70 -34.950 0.000 -1.000 -37.650 0.000 0.750 -37.650 0.000 0.050
3 70 -34.950 0.000 -1.000 -37.050 0.000 -0.850 -37.050 0.000 -1.550
3 70 -37.050 0.000 -1.550 -34.950 0.000 -1.700 -34.950 0.000 -1.000
3 70 -34.950 0.000 -1.700 -37.050 0.000 -1.550 -37.050 0.000 -2.250
3 70 -37.050 0.000 -2.250 -34.950 0.000 -2.400 -34.950 0.000 -1.700
3 70 -36.650 0.000 -3.050 -35.950 0.000 -3.050 -34.950 0.000 -2.400
3 70 -34.950 0.000 -2.400 -37.050 0.000 -2.250 -36.650 0.000 -3.050
3 70 -35.950 0.000 -3.050 -35.950 0.000 -3.750 -34.250 0.000 -2.400
3 70 -34.250 0.000 -2.400 -34.950 0.000 -2.400 -35.950 0.000 -3.050
3 70 -35.300 0.000 -5.000 -34.600 0.000 -5.000 -35.950 0.000 -3.750
3 70 -35.950 0.000 -3.750 -35.950 0.000 -4.450 -35.300 0.000 -5.000
3 70 -36.000 0.000 -5.000 -35.300 0.000 -5.000 -35.950 0.000 -4.450
3 70 -35.950 0.000 -4.450 -36.650 0.000 -4.450 -36.000 0.000 -5.000
3 70 -40.000 0.000 -2.000 -38.450 0.000 -1.550 -38.450 0.000 -0.850
3 70 -38.450 0.000 -0.850 -39.050 0.000 0.050 -40.000 0.000 -2.000
3 70 -38.450 0.000 -1.550 -40.000 0.000 -2.000 -38.450 0.000 -2.250
3 70 -38.450 0.000 -2.250 -40.000 0.000 -2.000 -37.350 0.000 -4.450
3 70 -37.350 0.000 -4.450 -37.350 0.000 -3.750 -38.450 0.000 -2.250
3 70 -38.450 0.000 -2.250 -37.350 0.000 -3.750 -37.350 0.000 -3.050
3 70 -37.350 0.000 -3.050 -37.750 0.000 -2.250 -38.450 0.000 -2.250
3 70 -36.650 0.000 -3.050 -37.050 0.000 -2.250 -37.750 0.000 -2.250
3 70 -37.750 0.000 -2.250 -37.350 0.000 -3.050 -36.650 0.000 -3.050
3 70 -37.350 0.000 -4.450 -36.000 0.000 -5.700 -36.000 0.000 -5.000
3 70 -36.000 0.000 -5.000 -36.650 0.000 -4.450 -37.350 0.000 -4.450
3 70 -35.300 0.000 -6.400 -36.000 0.000 -6.400 -34.250 0.000 -8.150
3 70 -34.250 0.000 -8.150 -34.250 0.000 -7.450 -35.300 0.000 -6.400
3 70 -34.250 0.000 -7.450 -34.250 0.000 -6.750 -34.600 0.000 -6.400
3 70 -34.600 0.000 -6.400 -35.300 0.000 -6.400 -34.250 0.000 -7.450
3 70 -32.380 0.000 -4.400 -34.600 0.000 -6.400 -34.250 0.000 -6.750
3 70 -34.250 0.000 -6.750 -31.770 0.000 -5.360 -32.380 0.000 -4.400
3 70 -34.600 0.000 -6.400 -32.380 0.000 -4.400 -34.600 0.000 -5.700
3 70 -34.600 0.000 -5.700 -32.380 0.000 -4.400 -34.600 0.000 -5.000
3 70 -34.600 0.000 -5.000 -32.380 0.000 -4.400 -34.250 0.000 -2.400
3 70 -34.250 0.000 -2.400 -35.950 0.000 -3.750 -34.600 0.000 -5.000
3 70 -34.250 0.000 -2.400 -32.380 0.000 -4.400 -33.550 0.000 -2.400
3 70 -31.550 0.000 -0.250 -25.950 0.000 1.450 -37.650 0.000 1.450
3 70 -37.650 0.000 1.450 -32.250 0.000 -0.250 -31.550 0.000 -0.250
3 70 -25.950 0.000 1.450 -31.550 0.000 -0.250 -25.950 0.000 0.750
3 70 -30.950 0.000 -0.500 -30.250 0.000 -0.500 -25.950 0.000 0.750
3 70 -25.950 0.000 0.750 -31.550 0.000 -0.250 -30.950 0.000 -0.500
3 70 -25.950 0.000 0.750 -30.250 0.000 -0.500 -29.550 0.000 -0.500
3 70 -26.700 0.000 -0.250 -25.950 0.000 0.750 -28.700 0.000 -1.250
3 70 -28.700 0.000 -1.250 -28.000 0.000 -1.250 -26.700 0.000 -0.250
3 70 -27.300 0.000 -1.250 -26.700 0.000 -0.950 -26.700 0.000 -0.250
3 70 -26.700 0.000 -0.250 -28.000 0.000 -1.250 -27.300 0.000 -1.250
3 70 -26.700 0.000 -1.650 -26.700 0.000 -0.950 -27.300 0.000 -1.250
3 70 -27.300 0.000 -1.250 -27.300 0.000 -1.950 -26.700 0.000 -1.650
3 70 -31.550 0.000 -0.950 -30.950 0.000 -1.200 -30.950 0.000 -0.500
3 70 -30.950 0.000 -0.500 -31.550 0.000 -0.250 -31.550 0.000 -0.950
3 70 -30.950 0.000 -1.200 -31.550 0.000 -0.950 -31.550 0.000 -1.650
3 70 -31.550 0.000 -1.650 -30.950 0.000 -1.900 -30.950 0.000 -1.200
3 70 -30.950 0.000 -1.900 -31.550 0.000 -1.650 -32.250 0.000 -1.650
3 70 -30.950 0.000 -1.900 -32.380 0.000 -4.400 -27.610 0.000 -4.400
3 70 -27.610 0.000 -4.400 -30.250 0.000 -1.900 -30.950 0.000 -1.900
3 70 -30.250 0.000 -1.900 -27.610 0.000 -4.400 -28.700 0.000 -2.650
3 70 -28.700 0.000 -2.650 -28.700 0.000 -1.950 -29.550 0.000 -1.900
3 70 -29.550 0.000 -1.900 -30.250 0.000 -1.900 -28.700 0.000 -2.650
3 70 -29.550 0.000 -1.200 -29.550 0.000 -1.900 -28.700 0.000 -1.950
3 70 -28.700 0.000 -1.950 -28.700 0.000 -1.250 -29.550 0.000 -1.200
3 70 -29.550 0.000 -0.500 -29.550 0.000 -1.200 -28.700 0.000 -1.250
3 70 -28.700 0.000 -1.250 -25.950 0.000 0.750 -29.550 0.000 -0.500
3 70 -32.250 0.000 -0.250 -37.650 0.000 1.450 -32.950 0.000 -0.250
3 70 -33.550 0.000 -1.000 -32.950 0.000 -0.250 -37.650 0.000 1.450
3 70 -37.650 0.000 1.450 -34.250 0.000 -1.000 -33.550 0.000 -1.000
3 70 -32.950 0.000 -0.250 -33.550 0.000 -1.000 -32.950 0.000 -0.950
3 70 -32.950 0.000 -0.950 -33.550 0.000 -1.000 -33.550 0.000 -1.700
3 70 -33.550 0.000 -1.700 -32.950 0.000 -1.650 -32.950 0.000 -0.950
3 70 -33.550 0.000 -2.400 -32.250 0.000 -1.650 -32.950 0.000 -1.650
3 70 -32.950 0.000 -1.650 -33.550 0.000 -1.700 -33.550 0.000 -2.400
3 70 -32.250 0.000 -1.650 -33.550 0.000 -2.400 -32.380 0.000 -4.400
3 70 -32.380 0.000 -4.400 -30.950 0.000 -1.900 -32.250 0.000 -1.650
3 70 -34.250 0.000 -1.000 -37.650 0.000 1.450 -37.650 0.000 0.750
3 70 -37.650 0.000 0.750 -34.950 0.000 -1.000 -34.250 0.000 -1.000
3 70 -28.000 0.000 -2.650 -28.700 0.000 -2.650 -27.610 0.000 -4.400
3 70 -28.000 0.000 -2.650 -27.610 0.000 -4.400 -27.300 0.000 -2.650
3 70 -26.000 0.000 -1.650 -27.300 0.000 -2.650 -27.610 0.000 -4.400
3 70 -27.610 0.000 -4.400 -23.400 0.000 -4.400 -26.000 0.000 -1.650
3 70 -26.000 0.000 -1.650 -23.400 0.000 -4.400 -25.300 0.000 -1.650
3 70 -25.300 0.000 -1.650 -23.400 0.000 -4.400 -23.400 0.000 1.450
3 70 -24.550 0.000 0.750 -23.400 0.000 1.450 -24.550 0.000 1.450
3 70 -24.550 0.000 0.750 -25.300 0.000 -0.950 -25.300 0.000 -1.650
3 70 -25.300 0.000 -1.650 -23.400 0.000 1.450 -24.550 0.000 0.750
3 70 -25.300 0.000 -0.950 -24.550 0.000 0.750 -25.300 0.000 -0.250
3 70 -25.300 0.000 -0.250 -24.550 0.000 0.750 -25.250 0.000 0.750
3 70 -25.250 0.000 0.750 -26.000 0.000 -0.250 -25.300 0.000 -0.250
3 70 -26.000 0.000 -0.250 -25.250 0.000 0.750 -25.950 0.000 0.750
3 70 -25.950 0.000 0.750 -26.700 0.000 -0.250 -26.000 0.000 -0.250
3 70 -27.300 0.000 -2.650 -26.000 0.000 -1.650 -26.700 0.000 -1.650
3 70 -26.700 0.000 -1.650 -27.300 0.000 -1.950 -27.300 0.000 -2.650
3 70 -35.000 0.000 -10.000 -32.500 0.000 -10.000 -32.500 0.000 -9.300
3 70 -35.000 0.000 -10.000 -32.500 0.000 -9.300 -32.850 0.000 -8.150
3 70 -32.850 0.000 -8.150 -33.550 0.000 -8.150 -35.000 0.000 -10.000
3 70 -35.000 0.000 -10.000 -33.550 0.000 -8.150 -34.250 0.000 -8.150
3 70 -32.500 0.000 -8.600 -32.850 0.000 -7.450 -32.850 0.000 -8.150
3 70 -32.850 0.000 -8.150 -32.500 0.000 -9.300 -32.500 0.000 -8.600
3 70 -32.850 0.000 -7.450 -32.500 0.000 -8.600 -31.800 0.000 -8.600
3 70 -31.800 0.000 -8.600 -30.430 0.000 -6.600 -32.850 0.000 -7.450
3 70 -30.430 0.000 -6.600 -31.160 0.000 -6.040 -32.850 0.000 -6.750
3 70 -32.850 0.000 -6.750 -32.850 0.000 -7.450 -30.430 0.000 -6.600
3 70 -31.770 0.000 -5.360 -34.250 0.000 -6.750 -33.550 0.000 -6.750
3 70 -32.850 0.000 -6.750 -31.160 0.000 -6.040 -31.770 0.000 -5.360
3 70 -31.770 0.000 -5.360 -33.550 0.000 -6.750 -32.850 0.000 -6.750
3 70 -31.800 0.000 -8.600 -31.100 0.000 -8.600 -30.430 0.000 -6.600
3 70 -31.100 0.000 -8.600 -31.100 0.000 -9.300 -25.500 0.000 -10.000
3 70 -25.500 0.000 -10.000 -30.430 0.000 -6.600 -31.100 0.000 -8.600
3 70 -25.500 0.000 -10.000 -31.100 0.000 -9.300 -31.100 0.000 -10.000
3 70 -3.200 0.000 -10.000 -2.500 0.000 -6.450 -3.200 0.000 -6.450
3 70 -2.500 0.000 -6.450 -3.200 0.000 -10.000 -1.800 0.000 -6.450
3 70 -3.200 0.000 -10.000 -1.800 0.000 -5.750 -1.800 0.000 -6.450
3 70 -1.800 0.000 -5.750 -3.200 0.000 -10.000 -0.500 0.000 -5.200
3 70 -0.500 0.000 -5.200 -1.200 0.000 -5.200 -1.800 0.000 -5.750
3 70 -1.800 0.000 -5.050 -1.800 0.000 -5.750 -1.200 0.000 -5.200
3 70 -1.200 0.000 -5.200 -1.200 0.000 -4.500 -1.800 0.000 -5.050
3 70 -1.800 0.000 -5.050 -1.200 0.000 -4.500 -1.200 0.000 -3.800
3 70 -1.200 0.000 -3.800 -2.500 0.000 -5.050 -1.800 0.000 -5.050
3 70 -3.200 0.000 -1.700 -3.200 0.000 -5.050 -2.500 0.000 -5.050
3 70 -2.500 0.000 -5.050 -1.200 0.000 -3.800 -3.200 0.000 -1.700
3 70 -0.500 0.000 -3.800 0.200 0.000 -3.800 0.300 0.000 -3.450
3 70 0.300 0.000 -3.450 0.300 0.000 -2.750 -0.500 0.000 -3.800
3 70 -0.500 0.000 -3.800 0.300 0.000 -2.750 -1.200 0.000 -3.800
3 70 -3.200 0.000 -1.700 -1.200 0.000 -3.800 0.300 0.000 -2.750
3 70 0.300 0.000 -2.750 0.300 0.000 -2.050 -3.200 0.000 -1.700
3 70 -3.200 0.000 -1.700 0.300 0.000 -2.050 -1.050 0.000 -0.950
3 70 -1.050 0.000 -0.950 -1.750 0.000 -0.950 -3.200 0.000 -1.700
3 70 -2.450 0.000 -0.950 -3.200 0.000 -1.000 -3.200 0.000 -1.700
3 70 -3.200 0.000 -1.700 -1.750 0.000 -0.950 -2.450 0.000 -0.950
3 70 -2.450 0.000 -0.250 -3.200 0.000 -0.300 -3.200 0.000 -1.000
3 70 -3.200 0.000 -1.000 -2.450 0.000 -0.950 -2.450 0.000 -0.250
3 70 -3.200 0.000 -0.300 -2.450 0.000 -0.250 -2.450 0.000 0.450
3 70 -2.450 0.000 0.450 -3.200 0.000 5.050 -3.200 0.000 -0.300
3 70 -3.200 0.000 5.050 -2.450 0.000 0.450 1.050 0.000 3.550
3 70 1.050 0.000 3.550 1.050 0.000 4.250 -3.200 0.000 5.050
3 70 1.050 0.000 4.950 -3.200 0.000 5.750 -3.200 0.000 5.050
3 70 -3.200 0.000 5.050 1.050 0.000 4.250 1.050 0.000 4.950
3 70 -3.200 0.000 5.750 1.050 0.000 4.950 0.800 0.000 5.800
3 70 0.800 0.000 5.800 -3.200 0.000 6.450 -3.200 0.000 5.750
3 70 -3.200 0.000 6.450 -2.500 0.000 6.600 -3.200 0.000 6.600
3 70 -3.200 0.000 6.450 0.800 0.000 5.800 -1.800 0.000 6.600
3 70 -1.800 0.000 6.600 -2.500 0.000 6.600 -3.200 0.000 6.450
3 70 0.800 0.000 5.800 0.800 0.000 6.500 -1.800 0.000 7.300
3 70 -1.800 0.000 7.300 -1.800 0.000 6.600 0.800 0.000 5.800
3 70 -1.800 0.000 7.300 0.800 0.000 6.500 0.800 0.000 7.200
3 70 0.800 0.000 7.200 -1.800 0.000 8.000 -1.800 0.000 7.300
3 70 -1.800 0.000 8.000 0.800 0.000 7.200 -1.500 0.000 8.450
3 70 -1.500 0.000 8.450 -2.200 0.000 8.450 -1.800 0.000 8.000
3 70 -2.200 0.000 9.850 -3.200 0.000 8.000 -2.500 0.000 8.000
3 70 -2.500 0.000 8.000 -2.200 0.000 9.150 -2.200 0.000 9.850
3 70 -2.500 0.000 8.000 -2.200 0.000 8.450 -2.200 0.000 9.150
3 70 -2.200 0.000 9.850 -3.200 0.000 10.000 -3.200 0.000 8.000
3 70 -1.500 0.000 9.850 -0.010 0.000 10.000 -3.200 0.000 10.000
3 70 -3.200 0.000 10.000 -2.200 0.000 9.850 -1.500 0.000 9.850
3 70 -0.010 0.000 10.000 -1.500 0.000 9.850 -0.800 0.000 9.850
3 70 0.300 0.000 9.450 -0.010 0.000 10.000 -0.800 0.000 9.850
3 70 -0.800 0.000 9.850 -0.800 0.000 9.150 0.300 0.000 9.450
3 70 -0.800 0.000 9.150 0.300 0.000 8.750 0.300 0.000 9.450
3 70 0.300 0.000 8.750 -0.800 0.000 9.150 -0.800 0.000 8.450
3 70 -0.800 0.000 8.450 0.300 0.000 8.050 0.300 0.000 8.750
3 70 -0.800 0.000 8.450 -1.500 0.000 8.450 0.800 0.000 7.200
3 70 0.800 0.000 7.200 0.300 0.000 8.050 -0.800 0.000 8.450
3 70 1.000 0.000 8.050 0.300 0.000 8.050 0.800 0.000 7.200
3 70 0.800 0.000 7.200 1.500 0.000 7.200 1.000 0.000 8.050
3 70 1.500 0.000 7.200 2.200 0.000 7.200 1.700 0.000 8.050
3 70 1.700 0.000 8.050 1.000 0.000 8.050 1.500 0.000 7.200
3 70 0.300 0.000 9.450 1.000 0.000 9.450 -0.010 0.000 10.000
3 70 -0.010 0.000 10.000 1.000 0.000 9.450 1.700 0.000 9.450
3 70 1.700 0.000 9.450 10.680 0.000 10.000 -0.010 0.000 10.000
3 70 1.700 0.000 9.450 1.700 0.000 8.750 10.680 0.000 10.000
3 70 10.680 0.000 10.000 1.700 0.000 8.750 1.700 0.000 8.050
3 70 2.200 0.000 7.200 10.680 0.000 5.580 10.680 0.000 10.000
3 70 10.680 0.000 10.000 1.700 0.000 8.050 2.200 0.000 7.200
3 70 2.200 0.000 6.500 10.550 0.000 5.080 10.680 0.000 5.580
3 70 10.680 0.000 5.580 2.200 0.000 7.200 2.200 0.000 6.500
3 70 10.200 0.000 4.790 10.550 0.000 5.080 2.200 0.000 6.500
3 70 2.200 0.000 6.500 9.850 0.000 4.700 10.200 0.000 4.790
3 70 2.200 0.000 6.500 7.800 0.000 4.650 9.250 0.000 4.650
3 70 9.250 0.000 4.650 9.850 0.000 4.700 2.200 0.000 6.500
3 70 2.200 0.000 6.500 5.800 0.000 4.650 7.800 0.000 4.650
3 70 2.200 0.000 6.500 2.200 0.000 5.800 3.540 0.000 4.650
3 70 3.540 0.000 4.650 5.800 0.000 4.650 2.200 0.000 6.500
3 70 3.540 0.000 4.650 2.200 0.000 5.800 2.450 0.000 4.950
3 70 2.450 0.000 4.250 3.540 0.000 4.650 2.450 0.000 4.950
3 70 3.550 0.000 3.450 3.540 0.000 4.650 2.450 0.000 4.250
3 70 2.450 0.000 4.250 2.450 0.000 3.550 3.550 0.000 3.450
3 70 2.450 0.000 3.550 2.700 0.000 2.450 3.550 0.000 2.750
3 70 3.550 0.000 2.750 3.550 0.000 3.450 2.450 0.000 3.550
3 70 3.550 0.000 2.050 3.550 0.000 2.750 2.700 0.000 2.450
3 70 2.700 0.000 2.450 2.700 0.000 1.750 3.550 0.000 2.050
3 70 1.050 0.000 4.950 1.750 0.000 4.950 1.500 0.000 5.800
3 70 1.500 0.000 5.800 0.800 0.000 5.800 1.050 0.000 4.950
3 70 2.200 0.000 5.800 1.500 0.000 5.800 1.750 0.000 4.950
3 70 1.750 0.000 4.950 2.450 0.000 4.950 2.200 0.000 5.800
3 70 2.000 0.000 2.450 2.700 0.000 2.450 2.450 0.000 3.550
3 70 2.450 0.000 3.550 1.750 0.000 3.550 2.000 0.000 2.450
3 70 2.450 0.000 0.200 2.700 0.000 1.050 2.000 0.000 1.050
3 70 2.000 0.000 1.050 1.750 0.000 0.200 2.450 0.000 0.200
3 70 1.750 0.000 0.200 2.000 0.000 1.050 1.300 0.000 1.050
3 70 1.300 0.000 1.050 1.050 0.000 0.200 1.750 0.000 0.200
3 70 0.950 0.000 0.750 0.950 0.000 0.050 1.050 0.000 0.200
3 70 1.050 0.000 0.200 1.300 0.000 1.050 0.950 0.000 0.750
3 70 0.950 0.000 0.050 1.050 0.000 -0.500 1.050 0.000 0.200
3 70 0.950 0.000 0.050 0.250 0.000 0.050 1.050 0.000 -0.500
3 70 1.050 0.000 -1.200 1.050 0.000 -0.500 0.250 0.000 0.050
3 70 0.250 0.000 0.050 -0.450 0.000 0.050 1.050 0.000 -1.200
3 70 -0.450 0.000 0.050 -1.050 0.000 -0.250 1.050 0.000 -1.200
3 70 -1.050 0.000 0.450 -1.050 0.000 -0.250 -0.450 0.000 0.050
3 70 -0.450 0.000 0.050 -0.450 0.000 0.750 -1.050 0.000 0.450
3 70 -1.050 0.000 0.450 -0.450 0.000 0.750 -0.450 0.000 1.450
3 70 -0.450 0.000 1.450 -1.750 0.000 0.450 -1.050 0.000 0.450
3 70 -0.450 0.000 1.450 1.050 0.000 3.550 -2.450 0.000 0.450
3 70 -2.450 0.000 0.450 -1.750 0.000 0.450 -0.450 0.000 1.450
3 70 0.250 0.000 1.450 1.300 0.000 2.450 1.050 0.000 3.550
3 70 1.050 0.000 3.550 -0.450 0.000 1.450 0.250 0.000 1.450
3 70 1.300 0.000 1.750 1.300 0.000 2.450 0.250 0.000 1.450
3 70 0.250 0.000 1.450 0.950 0.000 1.450 1.300 0.000 1.750
3 70 1.300 0.000 1.050 1.300 0.000 1.750 0.950 0.000 1.450
3 70 0.950 0.000 1.450 0.950 0.000 0.750 1.300 0.000 1.050
3 70 1.050 0.000 3.550 1.300 0.000 2.450 2.000 0.000 2.450
3 70 2.000 0.000 2.450 1.750 0.000 3.550 1.050 0.000 3.550
3 70 0.200 0.000 -5.200 -0.500 0.000 -5.200 -3.200 0.000 -10.000
3 70 -3.200 0.000 -10.000 3.550 0.000 -4.000 0.200 0.000 -5.200
3 70 3.550 0.000 -4.000 0.200 0.000 -4.500 0.200 0.000 -5.200
3 70 3.550 0.000 -4.000 0.200 0.000 -3.800 0.200 0.000 -4.500
3 70 0.200 0.000 -3.800 3.550 0.000 -4.000 1.000 0.000 -3.450
3 70 1.000 0.000 -3.450 0.300 0.000 -3.450 0.200 0.000 -3.800
3 70 3.550 0.000 -4.000 1.700 0.000 -3.450 1.000 0.000 -3.450
3 70 3.550 0.000 -4.000 1.700 0.000 -2.750 1.700 0.000 -3.450
3 70 3.550 0.000 -4.000 2.450 0.000 -1.200 1.700 0.000 -2.050
3 70 1.700 0.000 -2.050 1.700 0.000 -2.750 3.550 0.000 -4.000
3 70 1.750 0.000 -1.200 1.000 0.000 -2.050 1.700 0.000 -2.050
3 70 1.700 0.000 -2.050 2.450 0.000 -1.200 1.750 0.000 -1.200
3 70 1.000 0.000 -2.050 1.750 0.000 -1.200 1.050 0.000 -1.200
3 70 1.050 0.000 -1.200 0.300 0.000 -2.050 1.000 0.000 -2.050
3 70 1.050 0.000 -1.200 -1.050 0.000 -0.250 -1.050 0.000 -0.950
3 70 -1.050 0.000 -0.950 0.300 0.000 -2.050 1.050 0.000 -1.200
3 70 3.550 0.000 -4.000 2.450 0.000 -0.500 2.450 0.000 -1.200
3 70 2.450 0.000 0.200 2.450 0.000 -0.500 3.550 0.000 -4.000
3 70 3.550 0.000 -4.000 2.700 0.000 1.050 2.450 0.000 0.200
3 70 2.700 0.000 1.050 3.550 0.000 -4.000 3.550 0.000 2.050
3 70 3.550 0.000 2.050 2.700 0.000 1.750 2.700 0.000 1.050
3 70 22.660 0.000 -5.700 24.550 0.000 -5.200 20.190 0.000 -4.320
3 70 20.190 0.000 -4.320 19.490 0.000 -5.700 22.660 0.000 -5.700
3 70 24.550 0.000 -5.200 24.550 0.000 -4.500 20.190 0.000 -4.320
3 70 24.550 0.000 -3.800 20.640 0.000 -2.800 20.190 0.000 -4.320
3 70 20.190 0.000 -4.320 24.550 0.000 -4.500 24.550 0.000 -3.800
3 70 24.550 0.000 -3.800 25.250 0.000 -3.800 24.550 0.000 -2.700
3 70 24.550 0.000 -2.700 20.640 0.000 -2.800 24.550 0.000 -3.800
3 70 25.250 0.000 -2.700 24.550 0.000 -2.700 25.250 0.000 -3.800
3 70 25.250 0.000 -3.800 25.950 0.000 -3.800 25.250 0.000 -2.700
3 70 25.950 0.000 -3.800 29.410 0.000 -3.380 25.950 0.000 -2.700
3 70 25.950 0.000 -2.700 25.250 0.000 -2.700 25.950 0.000 -3.800
3 70 29.410 0.000 -3.380 29.350 0.000 -0.980 25.950 0.000 -2.000
3 70 25.950 0.000 -2.000 25.950 0.000 -2.700 29.410 0.000 -3.380
3 70 29.200 0.000 -0.450 25.950 0.000 -1.300 25.950 0.000 -2.000
3 70 25.950 0.000 -2.000 29.350 0.000 -0.980 29.200 0.000 -0.450
3 70 25.450 0.000 -0.250 25.950 0.000 -1.300 29.200 0.000 -0.450
3 70 25.250 0.000 -1.300 25.950 0.000 -1.300 25.450 0.000 -0.250
3 70 25.450 0.000 -0.250 24.750 0.000 -0.250 25.250 0.000 -1.300
3 70 24.550 0.000 -1.300 24.050 0.000 -0.250 23.450 0.000 -0.250
3 70 23.450 0.000 -0.250 23.450 0.000 -0.950 24.550 0.000 -1.300
3 70 24.750 0.000 -0.250 24.050 0.000 -0.250 24.550 0.000 -1.300
3 70 24.550 0.000 -1.300 25.250 0.000 -1.300 24.750 0.000 -0.250
3 70 23.450 0.000 -0.950 22.750 0.000 -0.950 24.550 0.000 -2.000
3 70 24.550 0.000 -2.000 24.550 0.000 -1.300 23.450 0.000 -0.950
3 70 24.550 0.000 -2.700 24.550 0.000 -2.000 22.750 0.000 -0.950
3 70 22.750 0.000 -0.950 22.050 0.000 -0.950 24.550 0.000 -2.700
3 70 21.450 0.000 -1.250 21.450 0.000 -1.950 24.550 0.000 -2.700
3 70 24.550 0.000 -2.700 22.050 0.000 -0.950 21.450 0.000 -1.250
3 70 20.640 0.000 -2.800 24.550 0.000 -2.700 21.450 0.000 -1.950
3 70 21.450 0.000 -1.950 20.750 0.000 -1.950 20.640 0.000 -2.800
3 70 25.950 0.000 -3.800 25.950 0.000 -4.500 29.410 0.000 -3.380
3 70 25.950 0.000 -4.500 25.950 0.000 -5.200 29.410 0.000 -3.380
3 70 25.950 0.000 -5.200 29.410 0.000 -6.020 29.410 0.000 -3.380
3 70 26.700 0.000 -6.050 29.410 0.000 -6.020 25.950 0.000 -5.200
3 70 25.950 0.000 -5.200 25.250 0.000 -5.200 26.700 0.000 -6.050
3 70 29.410 0.000 -6.020 26.700 0.000 -6.050 26.700 0.000 -6.750
3 70 26.700 0.000 -6.750 29.470 0.000 -6.940 29.410 0.000 -6.020
3 70 26.700 0.000 -6.750 26.700 0.000 -7.450 29.470 0.000 -6.940
3 70 26.700 0.000 -7.450 27.000 0.000 -8.050 27.700 0.000 -8.050
3 70 27.700 0.000 -8.050 29.470 0.000 -6.940 26.700 0.000 -7.450
3 70 26.000 0.000 -7.450 26.300 0.000 -8.050 27.000 0.000 -8.050
3 70 27.000 0.000 -8.050 26.700 0.000 -7.450 26.000 0.000 -7.450
3 70 27.700 0.000 -9.450 27.000 0.000 -9.450 27.000 0.000 -10.000
3 70 27.000 0.000 -10.000 30.830 0.000 -10.000 27.700 0.000 -9.450
3 70 27.700 0.000 -8.750 27.700 0.000 -9.450 30.830 0.000 -10.000
3 70 30.830 0.000 -10.000 30.360 0.000 -9.440 27.700 0.000 -8.750
3 70 27.700 0.000 -8.750 30.360 0.000 -9.440 29.970 0.000 -8.710
3 70 29.970 0.000 -8.710 27.700 0.000 -8.050 27.700 0.000 -8.750
3 70 27.700 0.000 -8.050 29.970 0.000 -8.710 29.650 0.000 -7.780
3 70 29.650 0.000 -7.780 29.470 0.000 -6.940 27.700 0.000 -8.050
3 70 22.700 0.000 3.500 28.830 0.000 3.500 30.600 0.000 8.300
3 70 30.600 0.000 8.300 22.700 0.000 10.000 22.700 0.000 3.500
3 70 28.830 0.000 3.500 31.300 0.000 8.300 30.600 0.000 8.300
3 70 32.000 0.000 8.300 31.300 0.000 8.300 28.830 0.000 3.500
3 70 28.830 0.000 3.500 36.100 0.000 3.510 32.000 0.000 8.300
3 70 36.100 0.000 3.510 32.650 0.000 7.600 32.000 0.000 8.300
3 70 36.100 0.000 3.510 33.350 0.000 7.600 32.650 0.000 7.600
3 70 36.100 0.000 3.510 34.850 0.000 6.300 34.050 0.000 7.600
3 70 34.050 0.000 7.600 33.350 0.000 7.600 36.100 0.000 3.510
3 70 36.350 0.000 5.950 35.550 0.000 6.300 34.850 0.000 6.300
3 70 34.850 0.000 6.300 36.350 0.000 5.250 36.350 0.000 5.950
3 70 36.250 0.000 6.300 35.550 0.000 6.300 36.350 0.000 5.950
3 70 36.350 0.000 5.950 37.050 0.000 5.950 36.250 0.000 6.300
3 70 37.050 0.000 5.950 36.250 0.000 7.000 36.250 0.000 6.300
3 70 37.050 0.000 5.950 37.750 0.000 5.950 36.250 0.000 7.700
3 70 36.250 0.000 7.700 36.250 0.000 7.000 37.050 0.000 5.950
3 70 36.250 0.000 7.700 37.750 0.000 5.950 39.710 0.000 5.900
3 70 39.710 0.000 5.900 39.710 0.000 10.000 36.250 0.000 7.700
3 70 36.250 0.000 7.700 39.710 0.000 10.000 34.050 0.000 9.000
3 70 34.050 0.000 9.000 35.550 0.000 7.700 36.250 0.000 7.700
3 70 34.850 0.000 7.700 35.550 0.000 7.700 34.050 0.000 9.000
3 70 34.050 0.000 9.000 34.050 0.000 8.300 34.850 0.000 7.700
3 70 34.050 0.000 8.300 34.050 0.000 7.600 34.850 0.000 7.000
3 70 34.850 0.000 7.000 34.850 0.000 7.700 34.050 0.000 8.300
3 70 34.050 0.000 7.600 34.850 0.000 6.300 34.850 0.000 7.000
3 70 34.050 0.000 9.000 39.710 0.000 10.000 32.000 0.000 9.700
3 70 32.000 0.000 9.700 33.350 0.000 9.000 34.050 0.000 9.000
3 70 32.000 0.000 9.700 32.650 0.000 9.000 33.350 0.000 9.000
3 70 32.650 0.000 9.000 32.000 0.000 9.700 32.000 0.000 9.000
3 70 32.000 0.000 9.000 32.650 0.000 8.300 32.650 0.000 9.000
3 70 32.000 0.000 8.300 32.650 0.000 7.600 32.650 0.000 8.300
3 70 32.650 0.000 8.300 32.000 0.000 9.000 32.000 0.000 8.300
3 70 30.600 0.000 9.700 22.700 0.000 10.000 30.600 0.000 9.000
3 70 22.700 0.000 10.000 30.600 0.000 8.300 30.600 0.000 9.000
3 70 22.700 0.000 10.000 31.300 0.000 9.700 32.000 0.000 9.700
3 70 32.000 0.000 9.700 39.710 0.000 10.000 22.700 0.000 10.000
3 70 30.600 0.000 9.700 31.300 0.000 9.700 22.700 0.000 10.000
3 70 36.100 0.000 3.510 36.350 0.000 4.550 36.350 0.000 5.250
3 70 36.350 0.000 5.250 34.850 0.000 6.300 36.100 0.000 3.510
3 70 36.350 0.000 4.550 36.100 0.000 3.510 37.350 0.000 3.750
3 70 37.350 0.000 3.750 37.050 0.000 4.550 36.350 0.000 4.550
3 70 38.280 0.000 4.010 37.750 0.000 4.550 37.050 0.000 4.550
3 70 37.050 0.000 4.550 37.350 0.000 3.750 38.280 0.000 4.010
3 70 37.750 0.000 4.550 38.280 0.000 4.010 39.120 0.000 4.770
3 70 39.120 0.000 4.770 37.750 0.000 5.250 37.750 0.000 4.550
3 70 39.710 0.000 5.900 37.750 0.000 5.950 37.750 0.000 5.250
3 70 37.750 0.000 5.250 39.120 0.000 4.770 39.710 0.000 5.900
3 70 -35.680 0.000 -9.770 -35.000 0.000 -10.000 -40.000 0.000 -2.000
3 70 -40.000 0.000 -2.000 -36.300 0.000 -9.390 -35.680 0.000 -9.770
3 70 -34.250 0.000 -8.150 -36.000 0.000 -6.400 -35.000 0.000 -10.000
3 70 -36.000 0.000 -5.700 -37.350 0.000 -4.450 -36.000 0.000 -6.400
3 70 -36.000 0.000 -6.400 -37.350 0.000 -4.450 -40.000 0.000 -2.000
3 70 -40.000 0.000 -2.000 -35.000 0.000 -10.000 -36.000 0.000 -6.400
3 70 21.450 0.000 -0.550 21.450 0.000 -1.250 22.050 0.000 -0.950
3 70 22.050 0.000 -0.950 22.050 0.000 -0.250 21.450 0.000 -0.550
3 70 -2.200 0.000 8.450 -2.500 0.000 8.000 -1.800 0.000 8.000
3 70 -38.800 0.000 6.750 -39.250 0.000 7.850 -39.500 0.000 6.750
3 70 -40.000 0.000 10.000 -39.500 0.000 6.750 -39.250 0.000 7.850
3 70 -39.250 0.000 7.850 -39.250 0.000 8.550 -40.000 0.000 10.000
1 16 0.0000 0.0000 0.0000 1.0000 0.0000 0.0000 0.0000 1.0000 0.0000 0.0000 0.0000 1.0000 s/2431s01.dat
1 16 -34.0000 0.0000 -2.0000 -6.0000 0.0000 0.0000 0.0000 1.0000 0.0000 0.0000 0.0000 -8.0000 3-16ndis.dat
1 16 -38.6500 0.0000 3.3000 -0.7000 0.0000 0.0000 0.0000 1.0000 0.0000 0.0000 0.0000 -0.7000 4-4ndis.dat
1 16 -30.4000 0.0000 6.5000 -0.7000 0.0000 0.0000 0.0000 1.0000 0.0000 0.0000 0.0000 -0.7000 4-4ndis.dat
1 16 -29.9000 0.0000 8.7500 -0.7000 0.0000 0.0000 0.0000 1.0000 0.0000 0.0000 0.0000 -0.7000 4-4ndis.dat
1 16 -30.6500 0.0000 4.0000 -0.7000 0.0000 0.0000 0.0000 1.0000 0.0000 0.0000 0.0000 -0.7000 4-4ndis.dat
1 16 -24.4000 0.0000 3.6600 -0.7000 0.0000 0.0000 0.0000 1.0000 0.0000 0.0000 0.0000 -0.7000 4-4ndis.dat
1 16 -25.2500 0.0000 1.4500 -0.7000 0.0000 0.0000 0.0000 1.0000 0.0000 0.0000 0.0000 0.7000 2-4ndis.DAT
1 16 -21.6500 0.0000 -6.8500 -0.7000 0.0000 0.0000 0.0000 1.0000 0.0000 0.0000 0.0000 -0.7000 4-4ndis.dat
1 16 -21.5000 0.0000 -9.3000 -0.7000 0.0000 0.0000 0.0000 1.0000 0.0000 0.0000 0.0000 -0.7000 4-4ndis.dat
1 16 -13.8000 0.0000 3.2500 -0.7000 0.0000 0.0000 0.0000 1.0000 0.0000 0.0000 0.0000 0.7000 4-4ndis.dat
1 16 -13.7000 0.0000 -0.3000 0.0000 0.0000 -0.7000 0.0000 1.0000 0.0000 0.7000 0.0000 0.0000 4-4ndis.dat
1 16 -21.2500 0.0000 -4.4500 0.7000 0.0000 0.0000 0.0000 1.0000 0.0000 0.0000 0.0000 -0.7000 3-4ndis.dat
1 16 -3.9000 0.0000 -1.0000 -0.7000 0.0000 0.0000 0.0000 1.0000 0.0000 0.0000 0.0000 -0.7000 4-4ndis.dat
1 16 -4.3500 0.0000 -7.1000 -0.7000 0.0000 0.0000 0.0000 1.0000 0.0000 0.0000 0.0000 -0.7000 4-4ndis.dat
1 16 -3.9000 0.0000 5.7500 -0.7000 0.0000 0.0000 0.0000 1.0000 0.0000 0.0000 0.0000 -0.7000 4-4ndis.dat
1 16 4.2500 0.0000 2.7500 -0.7000 0.0000 0.0000 0.0000 1.0000 0.0000 0.0000 0.0000 -0.7000 4-4ndis.dat
1 16 6.2500 0.0000 3.5000 -0.7000 0.0000 0.0000 0.0000 1.0000 0.0000 0.0000 0.0000 -0.7000 4-4ndis.dat
1 16 8.5000 0.0000 3.7500 -0.7000 0.0000 0.0000 0.0000 1.0000 0.0000 0.0000 0.0000 -0.7000 4-4ndis.dat
1 16 10.5000 0.0000 3.5000 -0.7000 0.0000 0.0000 0.0000 1.0000 0.0000 0.0000 0.0000 -0.7000 4-4ndis.dat
1 16 12.2500 0.0000 2.7500 0.0000 0.0000 -0.7000 0.0000 1.0000 0.0000 -0.7000 0.0000 0.0000 2-4ndis.DAT
1 16 18.8000 0.0000 -0.7500 0.0000 0.0000 0.7000 0.0000 1.0000 0.0000 -0.7000 0.0000 0.0000 2-4ndis.DAT
1 16 20.7500 0.0000 -1.2500 0.0000 0.0000 -0.7000 0.0000 1.0000 0.0000 0.7000 0.0000 0.0000 2-4ndis.DAT
1 16 20.7500 0.0000 -1.2500 0.0000 0.0000 0.7000 0.0000 1.0000 0.0000 0.7000 0.0000 0.0000 1-8ndis.dat
1 16 22.7500 0.0000 -0.2500 0.7000 0.0000 0.0000 0.0000 1.0000 0.0000 0.0000 0.0000 0.7000 2-4ndis.DAT
1 16 24.7500 0.0000 0.4500 -0.7000 0.0000 0.0000 0.0000 1.0000 0.0000 0.0000 0.0000 -0.7000 4-4ndis.dat
1 16 27.0000 0.0000 0.7500 -0.7000 0.0000 0.0000 0.0000 1.0000 0.0000 0.0000 0.0000 -0.7000 4-4ndis.dat
1 16 29.9000 0.0000 0.2500 -0.7000 0.0000 0.0000 0.0000 1.0000 0.0000 0.0000 0.0000 -0.7000 4-4ndis.dat
1 16 32.3000 0.0000 -0.7500 -0.7000 0.0000 0.0000 0.0000 1.0000 0.0000 0.0000 0.0000 -0.7000 4-4ndis.dat
1 16 36.8000 0.0000 -7.7500 -0.7000 0.0000 0.0000 0.0000 1.0000 0.0000 0.0000 0.0000 -0.7000 4-4ndis.dat
1 16 38.8000 0.0000 -9.0000 -0.7000 0.0000 0.0000 0.0000 1.0000 0.0000 0.0000 0.0000 -0.7000 4-4ndis.dat
1 16 38.3000 0.0000 1.0000 -0.7000 0.0000 0.0000 0.0000 1.0000 0.0000 0.0000 0.0000 -0.7000 4-4ndis.dat
1 16 38.0500 0.0000 3.0500 -0.7000 0.0000 0.0000 0.0000 1.0000 0.0000 0.0000 0.0000 -0.7000 4-4ndis.dat
1 16 34.2100 0.0000 -1.5800 -0.7000 0.0000 0.0000 0.0000 1.0000 0.0000 0.0000 0.0000 -0.7000 1-8ndis.dat
1 16 34.2100 0.0000 -1.5800 0.0000 0.0000 0.7000 0.0000 1.0000 0.0000 0.7000 0.0000 0.0000 1-8ndis.dat
1 16 34.2100 0.0000 -1.5800 -0.7000 0.0000 0.0000 0.0000 1.0000 0.0000 0.0000 0.0000 0.7000 1-4ndis.dat
1 16 -3.2000 0.0000 -4.0000 6.7500 0.0000 0.0000 0.0000 1.0000 0.0000 0.0000 0.0000 -6.0000 1-4ndis.dat
1 82 0.2500 0.0000 0.7500 0.7000 0.0000 0.0000 0.0000 1.0000 0.0000 0.0000 0.0000 0.7000 4-4disc.dat
1 82 2.0000 0.0000 1.7500 0.7000 0.0000 0.0000 0.0000 1.0000 0.0000 0.0000 0.0000 0.7000 4-4disc.dat
1 82 1.7500 0.0000 4.2500 0.7000 0.0000 0.0000 0.0000 1.0000 0.0000 0.0000 0.0000 0.7000 4-4disc.dat
1 82 1.0000 0.0000 8.7500 0.7000 0.0000 0.0000 0.0000 1.0000 0.0000 0.0000 0.0000 0.7000 4-4disc.dat
1 82 1.5000 0.0000 6.5000 0.7000 0.0000 0.0000 0.0000 1.0000 0.0000 0.0000 0.0000 0.7000 4-4disc.dat
1 82 -2.5000 0.0000 7.3000 0.7000 0.0000 0.0000 0.0000 1.0000 0.0000 0.0000 0.0000 0.7000 4-4disc.dat
1 82 -1.5000 0.0000 9.1500 0.7000 0.0000 0.0000 0.0000 1.0000 0.0000 0.0000 0.0000 0.7000 4-4disc.dat
1 82 -1.7500 0.0000 -0.2500 0.7000 0.0000 0.0000 0.0000 1.0000 0.0000 0.0000 0.0000 0.7000 4-4disc.dat
1 82 1.7500 0.0000 -0.5000 0.7000 0.0000 0.0000 0.0000 1.0000 0.0000 0.0000 0.0000 0.7000 4-4disc.dat
1 82 1.0000 0.0000 -2.7500 0.7000 0.0000 0.0000 0.0000 1.0000 0.0000 0.0000 0.0000 0.7000 4-4disc.dat
1 82 -0.5000 0.0000 -4.5000 0.7000 0.0000 0.0000 0.0000 1.0000 0.0000 0.0000 0.0000 0.7000 4-4disc.dat
1 82 -2.5000 0.0000 -5.7500 0.7000 0.0000 0.0000 0.0000 1.0000 0.0000 0.0000 0.0000 0.7000 4-4disc.dat
1 82 -28.0000 0.0000 -1.9500 -0.7000 0.0000 0.0000 0.0000 1.0000 0.0000 0.0000 0.0000 -0.7000 4-4disc.dat
1 82 -38.3500 0.0000 0.7500 -0.7000 0.0000 0.0000 0.0000 1.0000 0.0000 0.0000 0.0000 -0.7000 4-4disc.dat
1 82 -37.7500 0.0000 -1.5500 -0.7000 0.0000 0.0000 0.0000 1.0000 0.0000 0.0000 0.0000 -0.7000 4-4disc.dat
1 82 -35.3000 0.0000 -5.7000 -0.7000 0.0000 0.0000 0.0000 1.0000 0.0000 0.0000 0.0000 -0.7000 4-4disc.dat
1 82 -36.6500 0.0000 -3.7500 -0.7000 0.0000 0.0000 0.0000 1.0000 0.0000 0.0000 0.0000 -0.7000 4-4disc.dat
1 82 -33.5500 0.0000 -7.4500 -0.7000 0.0000 0.0000 0.0000 1.0000 0.0000 0.0000 0.0000 -0.7000 4-4disc.dat
1 82 -31.8000 0.0000 -9.3000 -0.7000 0.0000 0.0000 0.0000 1.0000 0.0000 0.0000 0.0000 -0.7000 4-4disc.dat
1 82 -32.2500 0.0000 -0.9500 -0.7000 0.0000 0.0000 0.0000 1.0000 0.0000 0.0000 0.0000 -0.7000 4-4disc.dat
1 82 -34.2500 0.0000 -1.7000 -0.7000 0.0000 0.0000 0.0000 1.0000 0.0000 0.0000 0.0000 -0.7000 4-4disc.dat
1 82 -38.8000 0.0000 6.0500 -0.7000 0.0000 0.0000 0.0000 1.0000 0.0000 0.0000 0.0000 -0.7000 4-4disc.dat
1 82 -30.2500 0.0000 -1.2000 -0.7000 0.0000 0.0000 0.0000 1.0000 0.0000 0.0000 0.0000 -0.7000 4-4disc.dat
1 82 -38.5500 0.0000 8.5500 -0.7000 0.0000 0.0000 0.0000 1.0000 0.0000 0.0000 0.0000 -0.7000 4-4disc.dat
1 82 -26.0000 0.0000 -0.9500 -0.7000 0.0000 0.0000 0.0000 1.0000 0.0000 0.0000 0.0000 -0.7000 4-4disc.dat
1 82 35.5500 0.0000 7.0000 -0.7000 0.0000 0.0000 0.0000 1.0000 0.0000 0.0000 0.0000 -0.7000 4-4disc.dat
1 82 25.2500 0.0000 -4.5000 -0.7000 0.0000 0.0000 0.0000 1.0000 0.0000 0.0000 0.0000 -0.7000 4-4disc.dat
1 82 25.2500 0.0000 -2.0000 -0.7000 0.0000 0.0000 0.0000 1.0000 0.0000 0.0000 0.0000 -0.7000 4-4disc.dat
1 82 26.0000 0.0000 -6.7500 -0.7000 0.0000 0.0000 0.0000 1.0000 0.0000 0.0000 0.0000 -0.7000 4-4disc.dat
1 82 27.0000 0.0000 -8.7500 -0.7000 0.0000 0.0000 0.0000 1.0000 0.0000 0.0000 0.0000 -0.7000 4-4disc.dat
1 82 31.3000 0.0000 9.0000 -0.7000 0.0000 0.0000 0.0000 1.0000 0.0000 0.0000 0.0000 -0.7000 4-4disc.dat
1 82 37.0500 0.0000 5.2500 -0.7000 0.0000 0.0000 0.0000 1.0000 0.0000 0.0000 0.0000 -0.7000 4-4disc.dat
1 82 33.3500 0.0000 8.3000 -0.7000 0.0000 0.0000 0.0000 1.0000 0.0000 0.0000 0.0000 -0.7000 4-4disc.dat
1 82 -38.6500 0.0000 3.3000 -0.7000 0.0000 0.0000 0.0000 1.0000 0.0000 0.0000 0.0000 -0.7000 4-4disc.dat
1 82 -30.4000 0.0000 6.5000 -0.7000 0.0000 0.0000 0.0000 1.0000 0.0000 0.0000 0.0000 -0.7000 4-4disc.dat
1 82 -29.9000 0.0000 8.7500 -0.7000 0.0000 0.0000 0.0000 1.0000 0.0000 0.0000 0.0000 -0.7000 4-4disc.dat
1 82 -30.6500 0.0000 4.0000 -0.7000 0.0000 0.0000 0.0000 1.0000 0.0000 0.0000 0.0000 -0.7000 4-4disc.dat
1 82 -24.4000 0.0000 3.6600 -0.7000 0.0000 0.0000 0.0000 1.0000 0.0000 0.0000 0.0000 -0.7000 4-4disc.dat
1 82 -25.2500 0.0000 1.4500 -0.7000 0.0000 0.0000 0.0000 1.0000 0.0000 0.0000 0.0000 -0.7000 4-4disc.dat
1 82 -21.6500 0.0000 -6.8500 -0.7000 0.0000 0.0000 0.0000 1.0000 0.0000 0.0000 0.0000 -0.7000 4-4disc.dat
1 82 -21.5000 0.0000 -9.3000 -0.7000 0.0000 0.0000 0.0000 1.0000 0.0000 0.0000 0.0000 -0.7000 4-4disc.dat
1 82 -13.8000 0.0000 3.2500 -0.7000 0.0000 0.0000 0.0000 1.0000 0.0000 0.0000 0.0000 -0.7000 4-4disc.dat
1 82 -13.7000 0.0000 -0.3000 -0.7000 0.0000 0.0000 0.0000 1.0000 0.0000 0.0000 0.0000 -0.7000 4-4disc.dat
1 82 -21.2500 0.0000 -4.4500 0.0000 0.0000 0.7000 0.0000 1.0000 0.0000 -0.7000 0.0000 0.0000 4-4disc.dat
1 82 -3.9000 0.0000 -1.0000 -0.7000 0.0000 0.0000 0.0000 1.0000 0.0000 0.0000 0.0000 -0.7000 4-4disc.dat
1 82 -4.3500 0.0000 -7.1000 -0.7000 0.0000 0.0000 0.0000 1.0000 0.0000 0.0000 0.0000 -0.7000 4-4disc.dat
1 82 -3.9000 0.0000 5.7500 -0.7000 0.0000 0.0000 0.0000 1.0000 0.0000 0.0000 0.0000 -0.7000 4-4disc.dat
1 82 4.2500 0.0000 2.7500 -0.7000 0.0000 0.0000 0.0000 1.0000 0.0000 0.0000 0.0000 -0.7000 4-4disc.dat
1 82 6.2500 0.0000 3.5000 -0.7000 0.0000 0.0000 0.0000 1.0000 0.0000 0.0000 0.0000 -0.7000 4-4disc.dat
1 82 8.5000 0.0000 3.7500 -0.7000 0.0000 0.0000 0.0000 1.0000 0.0000 0.0000 0.0000 -0.7000 4-4disc.dat
1 82 10.5000 0.0000 3.5000 -0.7000 0.0000 0.0000 0.0000 1.0000 0.0000 0.0000 0.0000 -0.7000 4-4disc.dat
1 82 12.2500 0.0000 2.7500 0.0000 0.0000 0.7000 0.0000 1.0000 0.0000 -0.7000 0.0000 0.0000 4-4disc.dat
1 82 18.8000 0.0000 -0.7500 0.0000 0.0000 -0.7000 0.0000 1.0000 0.0000 0.7000 0.0000 0.0000 4-4disc.dat
1 82 20.7500 0.0000 -1.2500 -0.7000 0.0000 0.0000 0.0000 1.0000 0.0000 0.0000 0.0000 -0.7000 4-4disc.dat
1 82 22.7500 0.0000 -0.2500 -0.7000 0.0000 0.0000 0.0000 1.0000 0.0000 0.0000 0.0000 -0.7000 4-4disc.dat
1 82 24.7500 0.0000 0.4500 -0.7000 0.0000 0.0000 0.0000 1.0000 0.0000 0.0000 0.0000 -0.7000 4-4disc.dat
1 82 27.0000 0.0000 0.7500 -0.7000 0.0000 0.0000 0.0000 1.0000 0.0000 0.0000 0.0000 -0.7000 4-4disc.dat
1 82 29.9000 0.0000 0.2500 -0.7000 0.0000 0.0000 0.0000 1.0000 0.0000 0.0000 0.0000 -0.7000 4-4disc.dat
1 82 32.3000 0.0000 -0.7500 -0.7000 0.0000 0.0000 0.0000 1.0000 0.0000 0.0000 0.0000 -0.7000 4-4disc.dat
1 82 36.8000 0.0000 -7.7500 -0.7000 0.0000 0.0000 0.0000 1.0000 0.0000 0.0000 0.0000 -0.7000 4-4disc.dat
1 82 38.8000 0.0000 -9.0000 -0.7000 0.0000 0.0000 0.0000 1.0000 0.0000 0.0000 0.0000 -0.7000 4-4disc.dat
1 82 38.3000 0.0000 1.0000 -0.7000 0.0000 0.0000 0.0000 1.0000 0.0000 0.0000 0.0000 -0.7000 4-4disc.dat
1 82 38.0500 0.0000 3.0500 -0.7000 0.0000 0.0000 0.0000 1.0000 0.0000 0.0000 0.0000 -0.7000 4-4disc.dat
1 82 34.2100 0.0000 -1.5800 0.7000 0.0000 0.0000 0.0000 1.0000 0.0000 0.0000 0.0000 0.7000 4-4disc.dat
1 82 36.0500 0.0000 -5.5000 -0.7000 0.0000 0.0000 0.0000 1.0000 0.0000 0.0000 0.0000 -0.7000 4-4disc.dat
1 82 36.3000 0.0000 -3.2500 -0.7000 0.0000 0.0000 0.0000 1.0000 0.0000 0.0000 0.0000 -0.7000 4-4disc.dat
1 82 37.3000 0.0000 -1.0000 -0.7000 0.0000 0.0000 0.0000 1.0000 0.0000 0.0000 0.0000 -0.7000 4-4disc.dat
1 82 16.2500 0.0000 -0.2500 -0.7000 0.0000 0.0000 0.0000 1.0000 0.0000 0.0000 0.0000 -0.7000 4-4disc.dat
1 82 16.2500 0.0000 9.3000 -0.7000 0.0000 0.0000 0.0000 1.0000 0.0000 0.0000 0.0000 -0.7000 4-4disc.dat
1 82 16.9000 0.0000 7.2000 -0.7000 0.0000 0.0000 0.0000 1.0000 0.0000 0.0000 0.0000 -0.7000 4-4disc.dat
1 82 16.6000 0.0000 5.1500 -0.7000 0.0000 0.0000 0.0000 1.0000 0.0000 0.0000 0.0000 -0.7000 4-4disc.dat
1 82 15.3500 0.0000 3.1500 -0.7000 0.0000 0.0000 0.0000 1.0000 0.0000 0.0000 0.0000 -0.7000 4-4disc.dat
1 82 13.8000 0.0000 1.3500 -0.7000 0.0000 0.0000 0.0000 1.0000 0.0000 0.0000 0.0000 -0.7000 4-4disc.dat
1 82 14.2500 0.0000 -0.5000 -0.7000 0.0000 0.0000 0.0000 1.0000 0.0000 0.0000 0.0000 -0.7000 4-4disc.dat
1 82 14.4000 0.0000 -2.7500 -0.7000 0.0000 0.0000 0.0000 1.0000 0.0000 0.0000 0.0000 -0.7000 4-4disc.dat
1 82 13.4000 0.0000 -5.0000 -0.7000 0.0000 0.0000 0.0000 1.0000 0.0000 0.0000 0.0000 -0.7000 4-4disc.dat
1 82 11.6000 0.0000 -7.1000 -0.7000 0.0000 0.0000 0.0000 1.0000 0.0000 0.0000 0.0000 -0.7000 4-4disc.dat
1 82 9.4000 0.0000 -8.9000 -0.7000 0.0000 0.0000 0.0000 1.0000 0.0000 0.0000 0.0000 -0.7000 4-4disc.dat
1 82 -6.2500 0.0000 -9.0500 -0.7000 0.0000 0.0000 0.0000 1.0000 0.0000 0.0000 0.0000 -0.7000 4-4disc.dat
1 82 -6.5000 0.0000 -1.2500 -0.7000 0.0000 0.0000 0.0000 1.0000 0.0000 0.0000 0.0000 -0.7000 4-4disc.dat
1 82 -8.9500 0.0000 -1.0000 -0.7000 0.0000 0.0000 0.0000 1.0000 0.0000 0.0000 0.0000 -0.7000 4-4disc.dat
1 82 -11.3500 0.0000 -0.5000 -0.7000 0.0000 0.0000 0.0000 1.0000 0.0000 0.0000 0.0000 -0.7000 4-4disc.dat
1 82 -11.0500 0.0000 3.4000 -0.7000 0.0000 0.0000 0.0000 1.0000 0.0000 0.0000 0.0000 -0.7000 4-4disc.dat
1 82 -8.6500 0.0000 3.8500 -0.7000 0.0000 0.0000 0.0000 1.0000 0.0000 0.0000 0.0000 -0.7000 4-4disc.dat
1 82 -6.4000 0.0000 4.6000 -0.7000 0.0000 0.0000 0.0000 1.0000 0.0000 0.0000 0.0000 -0.7000 4-4disc.dat
1 82 -19.2500 0.0000 9.1500 -0.7000 0.0000 0.0000 0.0000 1.0000 0.0000 0.0000 0.0000 -0.7000 4-4disc.dat
1 82 -21.5000 0.0000 7.7500 -0.7000 0.0000 0.0000 0.0000 1.0000 0.0000 0.0000 0.0000 -0.7000 4-4disc.dat
1 82 -23.2500 0.0000 6.0000 -0.7000 0.0000 0.0000 0.0000 1.0000 0.0000 0.0000 0.0000 -0.7000 4-4disc.dat
1 82 -18.6500 0.0000 7.2500 -0.7000 0.0000 0.0000 0.0000 1.0000 0.0000 0.0000 0.0000 -0.7000 4-4disc.dat
1 82 -17.7500 0.0000 5.2500 -0.7000 0.0000 0.0000 0.0000 1.0000 0.0000 0.0000 0.0000 -0.7000 4-4disc.dat
1 82 -16.1000 0.0000 3.5000 -0.7000 0.0000 0.0000 0.0000 1.0000 0.0000 0.0000 0.0000 -0.7000 4-4disc.dat
1 82 -15.8000 0.0000 -0.7500 -0.7000 0.0000 0.0000 0.0000 1.0000 0.0000 0.0000 0.0000 -0.7000 4-4disc.dat
1 82 -17.8000 0.0000 -1.5500 -0.7000 0.0000 0.0000 0.0000 1.0000 0.0000 0.0000 0.0000 -0.7000 4-4disc.dat
1 82 -19.8000 0.0000 -2.4500 -0.7000 0.0000 0.0000 0.0000 1.0000 0.0000 0.0000 0.0000 -0.7000 4-4disc.dat
1 85 -21.2500 0.0000 -4.4500 0.0000 0.0000 0.7000 0.0000 1.0000 0.0000 0.7000 0.0000 0.0000 1-4ndis.dat
1 85 12.2500 0.0000 2.7500 0.0000 0.0000 0.7000 0.0000 1.0000 0.0000 -0.7000 0.0000 0.0000 2-4ndis.DAT
1 85 18.8000 0.0000 -0.7500 0.0000 0.0000 -0.7000 0.0000 1.0000 0.0000 0.7000 0.0000 0.0000 2-4ndis.DAT
1 85 34.2100 0.0000 -1.5800 0.0000 0.0000 -0.7000 0.0000 1.0000 0.0000 -0.7000 0.0000 0.0000 1-8ndis.dat
1 85 34.2100 0.0000 -1.5800 0.7000 0.0000 0.0000 0.0000 1.0000 0.0000 0.0000 0.0000 0.7000 1-8ndis.dat
1 85 34.2100 0.0000 -1.5800 0.0000 0.0000 0.7000 0.0000 1.0000 0.0000 -0.7000 0.0000 0.0000 1-4ndis.dat
1 85 36.0500 0.0000 -5.5000 -0.7000 0.0000 0.0000 0.0000 1.0000 0.0000 0.0000 0.0000 -0.7000 4-4ndis.dat
1 85 36.3000 0.0000 -3.2500 -0.7000 0.0000 0.0000 0.0000 1.0000 0.0000 0.0000 0.0000 -0.7000 4-4ndis.dat
1 85 37.3000 0.0000 -1.0000 -0.7000 0.0000 0.0000 0.0000 1.0000 0.0000 0.0000 0.0000 -0.7000 4-4ndis.dat
1 85 16.2500 0.0000 -0.2500 -0.7000 0.0000 0.0000 0.0000 1.0000 0.0000 0.0000 0.0000 -0.7000 4-4ndis.dat
1 85 16.2500 0.0000 9.3000 -0.7000 0.0000 0.0000 0.0000 1.0000 0.0000 0.0000 0.0000 -0.7000 4-4ndis.dat
1 85 16.9000 0.0000 7.2000 -0.7000 0.0000 0.0000 0.0000 1.0000 0.0000 0.0000 0.0000 -0.7000 4-4ndis.dat
1 85 16.6000 0.0000 5.1500 -0.7000 0.0000 0.0000 0.0000 1.0000 0.0000 0.0000 0.0000 -0.7000 4-4ndis.dat
1 85 15.3500 0.0000 3.1500 -0.7000 0.0000 0.0000 0.0000 1.0000 0.0000 0.0000 0.0000 -0.7000 4-4ndis.dat
1 85 13.8000 0.0000 1.3500 -0.7000 0.0000 0.0000 0.0000 1.0000 0.0000 0.0000 0.0000 -0.7000 4-4ndis.dat
1 85 14.2500 0.0000 -0.5000 -0.7000 0.0000 0.0000 0.0000 1.0000 0.0000 0.0000 0.0000 -0.7000 4-4ndis.dat
1 85 14.4000 0.0000 -2.7500 -0.7000 0.0000 0.0000 0.0000 1.0000 0.0000 0.0000 0.0000 -0.7000 4-4ndis.dat
1 85 13.4000 0.0000 -5.0000 -0.7000 0.0000 0.0000 0.0000 1.0000 0.0000 0.0000 0.0000 -0.7000 4-4ndis.dat
1 85 11.6000 0.0000 -7.1000 -0.7000 0.0000 0.0000 0.0000 1.0000 0.0000 0.0000 0.0000 -0.7000 4-4ndis.dat
1 85 9.4000 0.0000 -8.9000 -0.7000 0.0000 0.0000 0.0000 1.0000 0.0000 0.0000 0.0000 -0.7000 4-4ndis.dat
1 85 -6.2500 0.0000 -9.0500 -0.7000 0.0000 0.0000 0.0000 1.0000 0.0000 0.0000 0.0000 -0.7000 4-4ndis.dat
1 85 -6.5000 0.0000 -1.2500 -0.7000 0.0000 0.0000 0.0000 1.0000 0.0000 0.0000 0.0000 -0.7000 4-4ndis.dat
1 85 -8.9500 0.0000 -1.0000 -0.7000 0.0000 0.0000 0.0000 1.0000 0.0000 0.0000 0.0000 -0.7000 4-4ndis.dat
1 85 -11.3500 0.0000 -0.5000 -0.7000 0.0000 0.0000 0.0000 1.0000 0.0000 0.0000 0.0000 -0.7000 4-4ndis.dat
1 85 -11.0500 0.0000 3.4000 -0.7000 0.0000 0.0000 0.0000 1.0000 0.0000 0.0000 0.0000 -0.7000 4-4ndis.dat
1 85 -8.6500 0.0000 3.8500 -0.7000 0.0000 0.0000 0.0000 1.0000 0.0000 0.0000 0.0000 -0.7000 4-4ndis.dat
1 85 -6.4000 0.0000 4.6000 -0.7000 0.0000 0.0000 0.0000 1.0000 0.0000 0.0000 0.0000 -0.7000 4-4ndis.dat
1 85 -19.2500 0.0000 9.1500 -0.7000 0.0000 0.0000 0.0000 1.0000 0.0000 0.0000 0.0000 -0.7000 4-4ndis.dat
1 85 -21.5000 0.0000 7.7500 -0.7000 0.0000 0.0000 0.0000 1.0000 0.0000 0.0000 0.0000 -0.7000 4-4ndis.dat
1 85 -23.2500 0.0000 6.0000 -0.7000 0.0000 0.0000 0.0000 1.0000 0.0000 0.0000 0.0000 -0.7000 4-4ndis.dat
1 85 -18.6500 0.0000 7.2500 -0.7000 0.0000 0.0000 0.0000 1.0000 0.0000 0.0000 0.0000 -0.7000 4-4ndis.dat
1 85 -17.7500 0.0000 5.2500 -0.7000 0.0000 0.0000 0.0000 1.0000 0.0000 0.0000 0.0000 -0.7000 4-4ndis.dat
1 85 -16.1000 0.0000 3.5000 -0.7000 0.0000 0.0000 0.0000 1.0000 0.0000 0.0000 0.0000 -0.7000 4-4ndis.dat
1 85 -15.8000 0.0000 -0.7500 -0.7000 0.0000 0.0000 0.0000 1.0000 0.0000 0.0000 0.0000 -0.7000 4-4ndis.dat
1 85 -17.8000 0.0000 -1.5500 -0.7000 0.0000 0.0000 0.0000 1.0000 0.0000 0.0000 0.0000 -0.7000 4-4ndis.dat
1 85 -19.8000 0.0000 -2.4500 -0.7000 0.0000 0.0000 0.0000 1.0000 0.0000 0.0000 0.0000 -0.7000 4-4ndis.dat
1 70 -34.0000 0.0000 -2.0000 -6.0000 0.0000 0.0000 0.0000 1.0000 0.0000 0.0000 0.0000 -8.0000 3-16chrd.dat
1 70 -3.2000 0.0000 -4.0000 6.7500 0.0000 0.0000 0.0000 1.0000 0.0000 0.0000 0.0000 -6.0000 1-4chrd.dat
1 70 0.2500 0.0000 0.7500 0.7000 0.0000 0.0000 0.0000 1.0000 0.0000 0.0000 0.0000 0.7000 4-4ndis.dat
1 70 2.0000 0.0000 1.7500 0.7000 0.0000 0.0000 0.0000 1.0000 0.0000 0.0000 0.0000 0.7000 4-4ndis.dat
1 70 1.7500 0.0000 4.2500 0.7000 0.0000 0.0000 0.0000 1.0000 0.0000 0.0000 0.0000 0.7000 4-4ndis.dat
1 70 1.0000 0.0000 8.7500 0.7000 0.0000 0.0000 0.0000 1.0000 0.0000 0.0000 0.0000 0.7000 4-4ndis.dat
1 70 1.5000 0.0000 6.5000 0.7000 0.0000 0.0000 0.0000 1.0000 0.0000 0.0000 0.0000 0.7000 4-4ndis.dat
1 70 -2.5000 0.0000 7.3000 0.7000 0.0000 0.0000 0.0000 1.0000 0.0000 0.0000 0.0000 0.7000 4-4ndis.dat
1 70 -1.5000 0.0000 9.1500 0.7000 0.0000 0.0000 0.0000 1.0000 0.0000 0.0000 0.0000 0.7000 4-4ndis.dat
1 70 -1.7500 0.0000 -0.2500 0.7000 0.0000 0.0000 0.0000 1.0000 0.0000 0.0000 0.0000 0.7000 4-4ndis.dat
1 70 1.7500 0.0000 -0.5000 0.7000 0.0000 0.0000 0.0000 1.0000 0.0000 0.0000 0.0000 0.7000 4-4ndis.dat
1 70 1.0000 0.0000 -2.7500 0.7000 0.0000 0.0000 0.0000 1.0000 0.0000 0.0000 0.0000 0.7000 4-4ndis.dat
1 70 -0.5000 0.0000 -4.5000 0.7000 0.0000 0.0000 0.0000 1.0000 0.0000 0.0000 0.0000 0.7000 4-4ndis.dat
1 70 -2.5000 0.0000 -5.7500 0.7000 0.0000 0.0000 0.0000 1.0000 0.0000 0.0000 0.0000 0.7000 4-4ndis.dat
1 70 -28.0000 0.0000 -1.9500 -0.7000 0.0000 0.0000 0.0000 1.0000 0.0000 0.0000 0.0000 -0.7000 4-4ndis.dat
1 70 -38.3500 0.0000 0.7500 -0.7000 0.0000 0.0000 0.0000 1.0000 0.0000 0.0000 0.0000 -0.7000 4-4ndis.dat
1 70 -37.7500 0.0000 -1.5500 -0.7000 0.0000 0.0000 0.0000 1.0000 0.0000 0.0000 0.0000 -0.7000 4-4ndis.dat
1 70 -35.3000 0.0000 -5.7000 -0.7000 0.0000 0.0000 0.0000 1.0000 0.0000 0.0000 0.0000 -0.7000 4-4ndis.dat
1 70 -36.6500 0.0000 -3.7500 -0.7000 0.0000 0.0000 0.0000 1.0000 0.0000 0.0000 0.0000 -0.7000 4-4ndis.dat
1 70 -33.5500 0.0000 -7.4500 -0.7000 0.0000 0.0000 0.0000 1.0000 0.0000 0.0000 0.0000 -0.7000 4-4ndis.dat
1 70 -31.8000 0.0000 -9.3000 -0.7000 0.0000 0.0000 0.0000 1.0000 0.0000 0.0000 0.0000 -0.7000 4-4ndis.dat
1 70 -32.2500 0.0000 -0.9500 -0.7000 0.0000 0.0000 0.0000 1.0000 0.0000 0.0000 0.0000 -0.7000 4-4ndis.dat
1 70 -34.2500 0.0000 -1.7000 -0.7000 0.0000 0.0000 0.0000 1.0000 0.0000 0.0000 0.0000 -0.7000 4-4ndis.dat
1 70 -38.8000 0.0000 6.0500 -0.7000 0.0000 0.0000 0.0000 1.0000 0.0000 0.0000 0.0000 -0.7000 4-4ndis.dat
1 70 -30.2500 0.0000 -1.2000 -0.7000 0.0000 0.0000 0.0000 1.0000 0.0000 0.0000 0.0000 -0.7000 4-4ndis.dat
1 70 -38.5500 0.0000 8.5500 -0.7000 0.0000 0.0000 0.0000 1.0000 0.0000 0.0000 0.0000 -0.7000 4-4ndis.dat
1 70 -26.0000 0.0000 -0.9500 -0.7000 0.0000 0.0000 0.0000 1.0000 0.0000 0.0000 0.0000 -0.7000 4-4ndis.dat
1 70 35.5500 0.0000 7.0000 -0.7000 0.0000 0.0000 0.0000 1.0000 0.0000 0.0000 0.0000 -0.7000 4-4ndis.dat
1 70 25.2500 0.0000 -4.5000 -0.7000 0.0000 0.0000 0.0000 1.0000 0.0000 0.0000 0.0000 -0.7000 4-4ndis.dat
1 70 25.2500 0.0000 -2.0000 -0.7000 0.0000 0.0000 0.0000 1.0000 0.0000 0.0000 0.0000 -0.7000 4-4ndis.dat
1 70 26.0000 0.0000 -6.7500 -0.7000 0.0000 0.0000 0.0000 1.0000 0.0000 0.0000 0.0000 -0.7000 4-4ndis.dat
1 70 27.0000 0.0000 -8.7500 -0.7000 0.0000 0.0000 0.0000 1.0000 0.0000 0.0000 0.0000 -0.7000 4-4ndis.dat
1 70 31.3000 0.0000 9.0000 -0.7000 0.0000 0.0000 0.0000 1.0000 0.0000 0.0000 0.0000 -0.7000 4-4ndis.dat
1 70 37.0500 0.0000 5.2500 -0.7000 0.0000 0.0000 0.0000 1.0000 0.0000 0.0000 0.0000 -0.7000 4-4ndis.dat
1 70 33.3500 0.0000 8.3000 -0.7000 0.0000 0.0000 0.0000 1.0000 0.0000 0.0000 0.0000 -0.7000 4-4ndis.dat
1 70 -25.2500 0.0000 1.4500 -0.7000 0.0000 0.0000 0.0000 1.0000 0.0000 0.0000 0.0000 -0.7000 2-4ndis.DAT
1 70 20.7500 0.0000 -1.2500 0.7000 0.0000 0.0000 0.0000 1.0000 0.0000 0.0000 0.0000 -0.7000 1-4ndis.dat
1 70 22.7500 0.0000 -0.2500 0.7000 0.0000 0.0000 0.0000 1.0000 0.0000 0.0000 0.0000 -0.7000 2-4ndis.DAT
1 70 20.7500 0.0000 -1.2500 0.7000 0.0000 0.0000 0.0000 1.0000 0.0000 0.0000 0.0000 0.7000 1-8ndis.dat
