0 MINI HAT NO. 22 (Needs Work)
0 Name: 25973.dat
0 Author: <AuthorRealName> [<AuthorLDrawName>]
0 !LDRAW_ORG Unofficial_Part
0 !LICENSE Redistributable under CCAL version 2.0 : see CAreadme.txt

0 BFC CERTIFY CCW

0 !HISTORY 2016-10-05 {LEGO Digital Designer} Original part shape
0 !HISTORY 2016-10-05 [<AuthorLDrawName>] File preparation for LDraw Parts Tracker

0 // Needs Work: Clean necessary

0 // Outside
3 16 4.384 1.998 13.158 1.52 1.912 13.638 3.836 -2.083 10.693 
3 16 3.836 -2.083 10.693 1.52 1.912 13.638 0.073 -1.71 11.384 
3 16 1.52 1.912 13.638 0.874 2.288 13.738 0.073 -1.71 11.384 
3 16 -6.669 1.486 11.6 -5.738 -2.293 9.547 0.874 2.288 13.738 
3 16 0.874 2.288 13.738 -5.738 -2.293 9.547 0.073 -1.71 11.384 
3 16 -5.738 -2.293 9.547 -6.669 1.486 11.6 -8.982 -2.546 6.395 
3 16 -8.982 -2.546 6.395 -6.669 1.486 11.6 -10.496 0.895 7.669 
3 16 -8.982 -2.546 6.395 -10.496 0.895 7.669 -9.991 -3.053 3.398 
3 16 -9.991 -3.053 3.398 -10.496 0.895 7.669 -11.945 0.382 4.003 
3 16 -8.542 -3.733 -5.294 -9.538 -0.463 -7.607 -5.071 -3.808 -8.501 
3 16 -5.071 -3.808 -8.501 -9.538 -0.463 -7.607 -5.968 -0.557 -10.679 
3 16 -5.071 -3.808 -8.501 -5.968 -0.557 -10.679 0.668 -4.007 -9.828 
3 16 0.668 -4.007 -9.828 -5.968 -0.557 -10.679 0.902 -0.87 -12.113 
3 16 4.057 -4.034 -8.846 5.061 -0.974 -10.869 7.553 -4.071 -6.083 
3 16 7.553 -4.071 -6.083 5.061 -0.974 -10.869 9.301 -0.997 -7.533 
3 16 0.668 -4.007 -9.828 0.902 -0.87 -12.113 4.057 -4.034 -8.846 
3 16 4.057 -4.034 -8.846 0.902 -0.87 -12.113 5.061 -0.974 -10.869 
3 16 11.871 -0.883 -2.255 9.817 -3.922 -2.095 9.301 -0.997 -7.533 
3 16 9.301 -0.997 -7.533 9.817 -3.922 -2.095 7.553 -4.071 -6.083 
3 16 10.556 0.952 7.743 6.474 2.135 12.153 8.379 -2.486 7.352 
3 16 6.474 2.135 12.153 5.054 1.66 12.831 8.379 -2.486 7.352 
3 16 4.384 1.998 13.158 3.836 -2.083 10.693 5.054 1.66 12.831 
3 16 5.054 1.66 12.831 3.836 -2.083 10.693 8.379 -2.486 7.352 
3 16 12.212 -0.244 2.712 9.982 -3.448 2.687 11.871 -0.883 -2.255 
3 16 11.871 -0.883 -2.255 9.982 -3.448 2.687 9.817 -3.922 -2.095 
3 16 10.556 0.952 7.743 8.379 -2.486 7.352 12.212 -0.244 2.712 
3 16 12.212 -0.244 2.712 8.379 -2.486 7.352 9.982 -3.448 2.687 
3 16 3.613 -7.124 2.452 0.061 -7.623 2.544 3.424 -7.364 -1.875 
3 16 3.424 -7.364 -1.875 0.061 -7.623 2.544 0.101 -7.772 -1.924 
3 16 3.517 -4.91 7.681 3.836 -2.083 10.693 0.049 -5.16 8.064 
3 16 0.049 -5.16 8.064 3.836 -2.083 10.693 0.073 -1.71 11.384 
3 16 -9.991 -3.053 3.398 -11.945 0.382 4.003 -9.538 -3.802 -2.547 
3 16 -9.538 -3.802 -2.547 -11.945 0.382 4.003 -11.795 -0.432 -2.959 
3 16 -5.738 -2.293 9.547 -4.775 -4.936 7.261 0.073 -1.71 11.384 
3 16 0.073 -1.71 11.384 -4.775 -4.936 7.261 0.049 -5.16 8.064 
3 16 0.668 -4.007 -9.828 0.178 -5.948 -7.298 -5.071 -3.808 -8.501 
3 16 -5.071 -3.808 -8.501 0.178 -5.948 -7.298 -4.203 -5.692 -6.294 
3 16 4.057 -4.034 -8.846 3.109 -5.79 -6.802 0.668 -4.007 -9.828 
3 16 0.668 -4.007 -9.828 3.109 -5.79 -6.802 0.178 -5.948 -7.298 
3 16 -8.542 -3.733 -5.294 -6.605 -5.669 -3.887 -9.538 -3.802 -2.547 
3 16 -9.538 -3.802 -2.547 -6.605 -5.669 -3.887 -7.12 -5.803 -2.15 
3 16 -9.538 -3.802 -2.547 -7.12 -5.803 -2.15 -9.991 -3.053 3.398 
3 16 -9.991 -3.053 3.398 -7.12 -5.803 -2.15 -7.537 -5.338 2.971 
3 16 -9.991 -3.053 3.398 -7.537 -5.338 2.971 -8.982 -2.546 6.395 
3 16 -8.982 -2.546 6.395 -7.537 -5.338 2.971 -6.887 -4.934 5.344 
3 16 -4.192 -7.126 -2.036 -4.374 -6.894 2.755 -7.12 -5.803 -2.15 
3 16 -7.12 -5.803 -2.15 -4.374 -6.894 2.755 -7.537 -5.338 2.971 
3 16 7.031 -4.339 6.434 8.379 -2.486 7.352 3.517 -4.91 7.681 
3 16 3.517 -4.91 7.681 8.379 -2.486 7.352 3.836 -2.083 10.693 
3 16 7.789 -5.3 2.433 9.982 -3.448 2.687 7.031 -4.339 6.434 
3 16 7.031 -4.339 6.434 9.982 -3.448 2.687 8.379 -2.486 7.352 
3 16 7.789 -5.3 2.433 3.613 -7.124 2.452 7.642 -5.655 -1.862 
3 16 7.642 -5.655 -1.862 3.613 -7.124 2.452 3.424 -7.364 -1.875 
3 16 9.982 -3.448 2.687 7.789 -5.3 2.433 9.817 -3.922 -2.095 
3 16 9.817 -3.922 -2.095 7.789 -5.3 2.433 7.642 -5.655 -1.862 
3 16 7.553 -4.071 -6.083 6.039 -5.677 -4.769 4.057 -4.034 -8.846 
3 16 4.057 -4.034 -8.846 6.039 -5.677 -4.769 3.109 -5.79 -6.802 
3 16 -6.605 -5.669 -3.887 -8.542 -3.733 -5.294 -4.203 -5.692 -6.294 
3 16 -4.203 -5.692 -6.294 -8.542 -3.733 -5.294 -5.071 -3.808 -8.501 
3 16 -8.982 -2.546 6.395 -6.887 -4.934 5.344 -5.738 -2.293 9.547 
3 16 -5.738 -2.293 9.547 -6.887 -4.934 5.344 -4.775 -4.936 7.261 
3 16 5.782 8.522 11.658 8.36 8.461 10.115 5.68 1.39 11.017 
3 16 5.68 1.39 11.017 8.36 8.461 10.115 9.867 1.393 7.234 
3 16 8.36 8.461 10.115 10.94 8.149 7.104 9.867 1.393 7.234 
3 16 -0.501 1.388 12.433 0.35 8.894 13.113 5.68 1.39 11.017 
3 16 5.68 1.39 11.017 0.35 8.894 13.113 5.782 8.522 11.658 
3 16 -9.958 1.387 7.529 -10.393 8.845 7.857 -6.469 1.388 10.644 
3 16 -6.469 1.388 10.644 -10.393 8.845 7.857 -6.807 8.782 11.19 
3 16 -12.099 1.387 3.196 -12.604 8.915 3.336 -9.958 1.387 7.529 
3 16 -9.958 1.387 7.529 -12.604 8.915 3.336 -10.393 8.845 7.857 
3 16 -9.942 1.388 -7.55 -10.372 8.8 -7.915 -12.175 1.386 -2.93 
3 16 -12.175 1.386 -2.93 -10.372 8.8 -7.915 -12.681 8.922 -3.041 
3 16 -5.31 1.391 -11.157 -5.645 8.539 -11.781 -9.942 1.388 -7.55 
3 16 -9.942 1.388 -7.55 -5.645 8.539 -11.781 -10.372 8.8 -7.915 
3 16 0.651 1.397 -12.089 0.651 7.785 -13.018 -5.31 1.391 -11.157 
3 16 -5.31 1.391 -11.157 0.651 7.785 -13.018 -5.645 8.539 -11.781 
3 16 4.96 1.403 -10.595 5.587 7.058 -11.762 0.651 1.397 -12.089 
3 16 0.651 1.397 -12.089 5.587 7.058 -11.762 0.651 7.785 -13.018 
3 16 8.562 1.402 -8.073 9.522 7.189 -8.896 4.96 1.403 -10.595 
3 16 4.96 1.403 -10.595 9.522 7.189 -8.896 5.587 7.058 -11.762 
3 16 11.614 1.396 -3.494 12.492 7.935 -3.802 8.562 1.402 -8.073 
3 16 8.562 1.402 -8.073 12.492 7.935 -3.802 9.522 7.189 -8.896 
3 16 12.119 1.394 1.55 12.923 8.261 1.675 11.614 1.396 -3.494 
3 16 11.614 1.396 -3.494 12.923 8.261 1.675 12.492 7.935 -3.802 
3 16 9.867 1.393 7.234 10.94 8.149 7.104 12.119 1.394 1.55 
3 16 12.119 1.394 1.55 10.94 8.149 7.104 12.923 8.261 1.675 
3 16 -12.175 1.386 -2.93 -12.681 8.922 -3.041 -12.099 1.387 3.196 
3 16 -12.099 1.387 3.196 -12.681 8.922 -3.041 -12.604 8.915 3.336 
3 16 5.68 1.39 11.017 4.114 0.18 8.309 -0.501 1.388 12.433 
3 16 -0.501 1.388 12.433 4.114 0.18 8.309 -0.247 0.229 9.293 
3 16 4.114 0.18 8.309 5.68 1.39 11.017 7.255 0.052 5.639 
3 16 7.255 0.052 5.639 5.68 1.39 11.017 9.867 1.393 7.234 
3 16 -0.501 1.388 12.433 -0.247 0.229 9.293 -6.469 1.388 10.644 
3 16 -6.469 1.388 10.644 -0.247 0.229 9.293 -4.503 0.242 8.126 
3 16 -6.469 1.388 10.644 -4.503 0.242 8.126 -9.958 1.387 7.529 
3 16 -9.958 1.387 7.529 -4.503 0.242 8.126 -7.3 0.267 5.784 
3 16 -9.958 1.387 7.529 -7.3 0.267 5.784 -12.099 1.387 3.196 
3 16 -12.099 1.387 3.196 -7.3 0.267 5.784 -9 0.291 2.467 
3 16 -12.175 1.386 -2.93 -9.134 0.298 -1.894 -9.942 1.388 -7.55 
3 16 -9.942 1.388 -7.55 -9.134 0.298 -1.894 -7.563 0.248 -5.432 
3 16 -9.942 1.388 -7.55 -7.563 0.248 -5.432 -5.31 1.391 -11.157 
3 16 -5.31 1.391 -11.157 -7.563 0.248 -5.432 -3.932 0.144 -8.378 
3 16 0.321 -0.064 -9.124 0.651 1.397 -12.089 -3.932 0.144 -8.378 
3 16 -3.932 0.144 -8.378 0.651 1.397 -12.089 -5.31 1.391 -11.157 
3 16 3.76 -0.291 -8.101 4.96 1.403 -10.595 0.321 -0.064 -9.124 
3 16 0.321 -0.064 -9.124 4.96 1.403 -10.595 0.651 1.397 -12.089 
3 16 6.613 -0.25 -6.052 8.562 1.402 -8.073 3.76 -0.291 -8.101 
3 16 3.76 -0.291 -8.101 8.562 1.402 -8.073 4.96 1.403 -10.595 
3 16 6.613 -0.25 -6.052 8.761 -0.05 -2.614 8.562 1.402 -8.073 
3 16 8.562 1.402 -8.073 8.761 -0.05 -2.614 11.614 1.396 -3.494 
3 16 8.761 -0.05 -2.614 9.106 0.035 1.215 11.614 1.396 -3.494 
3 16 11.614 1.396 -3.494 9.106 0.035 1.215 12.119 1.394 1.55 
3 16 7.255 0.052 5.639 9.867 1.393 7.234 9.106 0.035 1.215 
3 16 9.106 0.035 1.215 9.867 1.393 7.234 12.119 1.394 1.55 
3 16 -12.099 1.387 3.196 -9 0.291 2.467 -12.175 1.386 -2.93 
3 16 -12.175 1.386 -2.93 -9 0.291 2.467 -9.134 0.298 -1.894 
3 16 3.125 0 5.413 7.255 0.052 5.639 5.413 0 3.125 
3 16 7.255 0.052 5.639 9.106 0.035 1.215 5.413 0 3.125 
3 16 6.25 0 0 5.413 0 3.125 9.106 0.035 1.215 
3 16 3.125 0 5.413 4.114 0.18 8.309 7.255 0.052 5.639 
3 16 -0.247 0.229 9.293 4.114 0.18 8.309 0 0 6.25 
3 16 0 0 6.25 4.114 0.18 8.309 3.125 0 5.413 
3 16 0 0 6.25 -3.125 0 5.413 -0.247 0.229 9.293 
3 16 -0.247 0.229 9.293 -3.125 0 5.413 -4.503 0.242 8.126 
3 16 -3.125 0 5.413 -7.3 0.267 5.784 -4.503 0.242 8.126 
3 16 -3.125 0 5.413 -5.413 0 3.125 -7.3 0.267 5.784 
3 16 -6.25 0 0 -9 0.291 2.467 -5.413 0 3.125 
3 16 -5.413 0 3.125 -9 0.291 2.467 -7.3 0.267 5.784 
3 16 -6.25 0 0 -9.134 0.298 -1.894 -9 0.291 2.467 
3 16 -7.563 0.248 -5.432 -9.134 0.298 -1.894 -5.413 0 -3.125 
3 16 -5.413 0 -3.125 -9.134 0.298 -1.894 -6.25 0 0 
3 16 -3.932 0.144 -8.378 -7.563 0.248 -5.432 -3.125 0 -5.413 
3 16 -3.125 0 -5.413 -7.563 0.248 -5.432 -5.413 0 -3.125 
3 16 0.321 -0.064 -9.124 -3.932 0.144 -8.378 0 0 -6.25 
3 16 0 0 -6.25 -3.932 0.144 -8.378 -3.125 0 -5.413 
3 16 3.125 0 -5.413 3.76 -0.291 -8.101 0 0 -6.25 
3 16 0 0 -6.25 3.76 -0.291 -8.101 0.321 -0.064 -9.124 
3 16 3.125 0 -5.413 6.613 -0.25 -6.052 3.76 -0.291 -8.101 
3 16 6.25 0 0 8.761 -0.05 -2.614 5.413 0 -3.125 
3 16 5.413 0 -3.125 8.761 -0.05 -2.614 6.613 -0.25 -6.052 
3 16 5.413 0 -3.125 6.613 -0.25 -6.052 3.125 0 -5.413 
3 16 6.25 0 0 9.106 0.035 1.215 8.761 -0.05 -2.614 
3 16 0.101 -7.772 -1.924 0.061 -7.623 2.544 -4.192 -7.126 -2.036 
3 16 -4.192 -7.126 -2.036 0.061 -7.623 2.544 -4.374 -6.894 2.755 
3 16 -4.775 -4.936 7.261 -6.887 -4.934 5.344 -4.374 -6.894 2.755 
3 16 -4.374 -6.894 2.755 -6.887 -4.934 5.344 -7.537 -5.338 2.971 
3 16 0.061 -7.623 2.544 0.049 -5.16 8.064 -4.374 -6.894 2.755 
3 16 -4.374 -6.894 2.755 0.049 -5.16 8.064 -4.775 -4.936 7.261 
3 16 3.613 -7.124 2.452 3.517 -4.91 7.681 0.061 -7.623 2.544 
3 16 0.061 -7.623 2.544 3.517 -4.91 7.681 0.049 -5.16 8.064 
3 16 7.789 -5.3 2.433 7.031 -4.339 6.434 3.613 -7.124 2.452 
3 16 3.613 -7.124 2.452 7.031 -4.339 6.434 3.517 -4.91 7.681 
3 16 -9.538 -0.463 -7.607 -8.542 -3.733 -5.294 -11.795 -0.432 -2.959 
3 16 -11.795 -0.432 -2.959 -8.542 -3.733 -5.294 -9.538 -3.802 -2.547 
3 16 -7.12 -5.803 -2.15 -6.605 -5.669 -3.887 -4.192 -7.126 -2.036 
3 16 -4.192 -7.126 -2.036 -6.605 -5.669 -3.887 -4.203 -5.692 -6.294 
3 16 -4.192 -7.126 -2.036 -4.203 -5.692 -6.294 0.101 -7.772 -1.924 
3 16 0.101 -7.772 -1.924 -4.203 -5.692 -6.294 0.178 -5.948 -7.298 
3 16 3.424 -7.364 -1.875 0.101 -7.772 -1.924 3.109 -5.79 -6.802 
3 16 3.109 -5.79 -6.802 0.101 -7.772 -1.924 0.178 -5.948 -7.298 
3 16 7.642 -5.655 -1.862 3.424 -7.364 -1.875 6.039 -5.677 -4.769 
3 16 6.039 -5.677 -4.769 3.424 -7.364 -1.875 3.109 -5.79 -6.802 
3 16 9.817 -3.922 -2.095 7.642 -5.655 -1.862 7.553 -4.071 -6.083 
3 16 7.553 -4.071 -6.083 7.642 -5.655 -1.862 6.039 -5.677 -4.769 
3 16 -6.469 1.388 10.644 -6.807 8.782 11.19 -0.501 1.388 12.433 
3 16 -0.501 1.388 12.433 -6.807 8.782 11.19 0.35 8.894 13.113 
2 24 4.384 1.998 13.158 1.52 1.912 13.638 
2 24 1.52 1.912 13.638 0.874 2.288 13.738 
2 24 0.874 2.288 13.738 -6.669 1.486 11.6 
2 24 -6.669 1.486 11.6 -10.496 0.895 7.669 
2 24 -10.496 0.895 7.669 -11.945 0.382 4.003 
2 24 -9.538 -0.463 -7.607 -5.968 -0.557 -10.679 
2 24 -5.968 -0.557 -10.679 0.902 -0.87 -12.113 
2 24 5.061 -0.974 -10.869 9.301 -0.997 -7.533 
2 24 0.902 -0.87 -12.113 5.061 -0.974 -10.869 
2 24 9.301 -0.997 -7.533 11.871 -0.883 -2.255 
2 24 10.556 0.952 7.743 6.474 2.135 12.153 
2 24 6.474 2.135 12.153 5.054 1.66 12.831 
2 24 5.054 1.66 12.831 4.384 1.998 13.158 
2 24 11.871 -0.883 -2.255 12.212 -0.244 2.712 
2 24 12.212 -0.244 2.712 10.556 0.952 7.743 
2 24 -11.945 0.382 4.003 -11.795 -0.432 -2.959 
2 24 5.782 8.522 11.658 8.36 8.461 10.115 
2 24 8.36 8.461 10.115 10.94 8.149 7.104 
2 24 0.35 8.894 13.113 5.782 8.522 11.658 
2 24 -10.393 8.845 7.857 -6.807 8.782 11.19 
2 24 -12.604 8.915 3.336 -10.393 8.845 7.857 
2 24 -10.372 8.8 -7.915 -12.681 8.922 -3.041 
2 24 -5.645 8.539 -11.781 -10.372 8.8 -7.915 
2 24 0.651 7.785 -13.018 -5.645 8.539 -11.781 
2 24 5.587 7.058 -11.762 0.651 7.785 -13.018 
2 24 9.522 7.189 -8.896 5.587 7.058 -11.762 
2 24 12.492 7.935 -3.802 9.522 7.189 -8.896 
2 24 12.923 8.261 1.675 12.492 7.935 -3.802 
2 24 10.94 8.149 7.104 12.923 8.261 1.675 
2 24 -12.681 8.922 -3.041 -12.604 8.915 3.336 
2 24 5.413 0 3.125 3.125 0 5.413 
2 24 6.25 0 0 5.413 0 3.125 
2 24 3.125 0 5.413 0 0 6.25 
2 24 0 0 6.25 -3.125 0 5.413 
2 24 -3.125 0 5.413 -5.413 0 3.125 
2 24 -5.413 0 3.125 -6.25 0 0 
2 24 -6.25 0 0 -5.413 0 -3.125 
2 24 -5.413 0 -3.125 -3.125 0 -5.413 
2 24 -3.125 0 -5.413 0 0 -6.25 
2 24 0 0 -6.25 3.125 0 -5.413 
2 24 5.413 0 -3.125 6.25 0 0 
2 24 3.125 0 -5.413 5.413 0 -3.125 
2 24 -11.795 -0.432 -2.959 -9.538 -0.463 -7.607 
2 24 -6.807 8.782 11.19 0.35 8.894 13.113 

0 // Stud4
3 16 6.25 0 0 6.25 -5.22 0 5.413 0 3.125 
3 16 5.413 0 3.125 6.25 -5.22 0 5.413 -5.22 3.125 
3 16 5.413 0 3.125 5.413 -5.22 3.125 3.125 0 5.413 
3 16 3.125 0 5.413 5.413 -5.22 3.125 3.125 -5.22 5.413 
3 16 3.125 0 5.413 3.125 -5.22 5.413 0 0 6.25 
3 16 0 0 6.25 3.125 -5.22 5.413 0 -5.22 6.25 
3 16 0 0 6.25 0 -5.22 6.25 -3.125 0 5.413 
3 16 -3.125 0 5.413 0 -5.22 6.25 -3.125 -5.22 5.413 
3 16 -3.125 0 5.413 -3.125 -5.22 5.413 -5.413 0 3.125 
3 16 -5.413 0 3.125 -3.125 -5.22 5.413 -5.413 -5.22 3.125 
3 16 -5.413 0 3.125 -5.413 -5.22 3.125 -6.25 0 0 
3 16 -6.25 0 0 -5.413 -5.22 3.125 -6.25 -5.22 0 
3 16 -6.25 0 0 -6.25 -5.22 0 -5.413 0 -3.125 
3 16 -5.413 0 -3.125 -6.25 -5.22 0 -5.413 -5.22 -3.125 
3 16 -5.413 0 -3.125 -5.413 -5.22 -3.125 -3.125 0 -5.413 
3 16 -3.125 0 -5.413 -5.413 -5.22 -3.125 -3.125 -5.22 -5.413 
3 16 -3.125 0 -5.413 -3.125 -5.22 -5.413 0 0 -6.25 
3 16 0 0 -6.25 -3.125 -5.22 -5.413 0 -5.22 -6.25 
3 16 0 0 -6.25 0 -5.22 -6.25 3.125 0 -5.413 
3 16 3.125 0 -5.413 0 -5.22 -6.25 3.125 -5.22 -5.413 
3 16 3.125 0 -5.413 3.125 -5.22 -5.413 5.413 0 -3.125 
3 16 5.413 0 -3.125 3.125 -5.22 -5.413 5.413 -5.22 -3.125 
3 16 5.413 0 -3.125 5.413 -5.22 -3.125 6.25 0 0 
3 16 6.25 0 0 5.413 -5.22 -3.125 6.25 -5.22 0 
3 16 5.413 -5.22 3.125 6.25 -5.22 0 0 -5.22 0 
3 16 3.125 -5.22 5.413 5.413 -5.22 3.125 0 -5.22 0 
3 16 0 -5.22 6.25 3.125 -5.22 5.413 0 -5.22 0 
3 16 -3.125 -5.22 5.413 0 -5.22 6.25 0 -5.22 0 
3 16 -5.413 -5.22 3.125 -3.125 -5.22 5.413 0 -5.22 0 
3 16 -6.25 -5.22 0 -5.413 -5.22 3.125 0 -5.22 0 
3 16 -5.413 -5.22 -3.125 -6.25 -5.22 0 0 -5.22 0 
3 16 -3.125 -5.22 -5.413 -5.413 -5.22 -3.125 0 -5.22 0 
3 16 0 -5.22 -6.25 -3.125 -5.22 -5.413 0 -5.22 0 
3 16 3.125 -5.22 -5.413 0 -5.22 -6.25 0 -5.22 0 
3 16 5.413 -5.22 -3.125 3.125 -5.22 -5.413 0 -5.22 0 
3 16 6.25 -5.22 0 5.413 -5.22 -3.125 0 -5.22 0 
2 24 5.413 0 3.125 6.25 0 0 
2 24 6.25 -5.22 0 5.413 -5.22 3.125 
2 24 3.125 0 5.413 5.413 0 3.125 
2 24 5.413 -5.22 3.125 3.125 -5.22 5.413 
2 24 0 0 6.25 3.125 0 5.413 
2 24 3.125 -5.22 5.413 0 -5.22 6.25 
2 24 -3.125 0 5.413 0 0 6.25 
2 24 0 -5.22 6.25 -3.125 -5.22 5.413 
2 24 -5.413 0 3.125 -3.125 0 5.413 
2 24 -3.125 -5.22 5.413 -5.413 -5.22 3.125 
2 24 -6.25 0 0 -5.413 0 3.125 
2 24 -5.413 -5.22 3.125 -6.25 -5.22 0 
2 24 -5.413 0 -3.125 -6.25 0 0 
2 24 -6.25 -5.22 0 -5.413 -5.22 -3.125 
2 24 -3.125 0 -5.413 -5.413 0 -3.125 
2 24 -5.413 -5.22 -3.125 -3.125 -5.22 -5.413 
2 24 0 0 -6.25 -3.125 0 -5.413 
2 24 -3.125 -5.22 -5.413 0 -5.22 -6.25 
2 24 3.125 0 -5.413 0 0 -6.25 
2 24 0 -5.22 -6.25 3.125 -5.22 -5.413 
2 24 5.413 0 -3.125 3.125 0 -5.413 
2 24 3.125 -5.22 -5.413 5.413 -5.22 -3.125 
2 24 6.25 0 0 5.413 0 -3.125 
2 24 5.413 -5.22 -3.125 6.25 -5.22 0 

0 // Outside
3 16 8.908 6.199 12.327 8.262 7.272 12.975 8.75 6.086 14.202 
3 16 8.262 7.272 12.975 7.888 7.672 15.547 8.75 6.086 14.202 
3 16 8.75 6.086 14.202 7.888 7.672 15.547 7.647 7.314 17.381 
3 16 7.888 7.672 15.547 5.705 9.366 17.385 7.647 7.314 17.381 
3 16 4.973 9.347 17.569 5.397 8.959 18.115 5.705 9.366 17.385 
3 16 7.647 7.314 17.381 5.705 9.366 17.385 5.397 8.959 18.115 
3 16 5.397 8.959 18.115 4.973 9.347 17.569 4.264 7.52 18.113 
3 16 4.264 7.52 18.113 4.973 9.347 17.569 3.705 7.682 17.66 
3 16 3.705 7.682 17.66 5.187 4.606 16.786 4.264 7.52 18.113 
3 16 4.264 7.52 18.113 5.187 4.606 16.786 6.002 4.767 17.217 
3 16 5.307 3.477 15.718 6.265 3.174 15.794 5.187 4.606 16.786 
3 16 5.187 4.606 16.786 6.265 3.174 15.794 6.002 4.767 17.217 
3 16 4.384 1.998 13.158 5.054 1.66 12.831 5.307 3.477 15.718 
3 16 5.307 3.477 15.718 5.054 1.66 12.831 6.265 3.174 15.794 
3 16 5.397 8.959 18.115 4.264 7.52 18.113 7.647 7.314 17.381 
3 16 7.647 7.314 17.381 4.264 7.52 18.113 6.002 4.767 17.217 
3 16 8.908 6.199 12.327 8.75 6.086 14.202 9.038 5.702 12.459 
3 16 8.475 4.304 12.976 8.933 4.987 12.315 8.75 6.086 14.202 
3 16 8.75 6.086 14.202 8.933 4.987 12.315 9.038 5.702 12.459 
3 16 8.475 4.304 12.976 7.058 2.311 12.249 12.395 2.218 8.263 
3 16 12.395 2.218 8.263 7.058 2.311 12.249 11.337 1.2 8.041 
3 16 8.933 4.987 12.315 8.475 4.304 12.976 12.76 2.845 7.771 
3 16 12.76 2.845 7.771 8.475 4.304 12.976 12.395 2.218 8.263 
3 16 9.038 5.702 12.459 8.933 4.987 12.315 11.385 4.796 10.464 
3 16 8.933 4.987 12.315 12.76 2.845 7.771 11.385 4.796 10.464 
3 16 11.385 4.796 10.464 12.76 2.845 7.771 13.129 3.656 8.021 
3 16 12.943 4.976 8.323 12.677 5.605 8.349 11.385 4.796 10.464 
3 16 8.908 6.199 12.327 9.038 5.702 12.459 12.677 5.605 8.349 
3 16 9.038 5.702 12.459 11.385 4.796 10.464 12.677 5.605 8.349 
3 16 8.262 7.272 12.975 8.908 6.199 12.327 12.668 6.448 8.44 
3 16 12.668 6.448 8.44 8.908 6.199 12.327 12.677 5.605 8.349 
3 16 8.172 8.449 12.408 8.262 7.272 12.975 12.163 7.826 8.092 
3 16 12.163 7.826 8.092 8.262 7.272 12.975 12.668 6.448 8.44 
3 16 8.36 8.461 10.115 8.172 8.449 12.408 10.94 8.149 7.104 
3 16 10.94 8.149 7.104 8.172 8.449 12.408 12.163 7.826 8.092 
3 16 10.634 15.547 14.94 10.281 14.944 16.894 8.102 9.126 13.593 
3 16 10.281 14.944 16.894 7.888 7.672 15.547 8.102 9.126 13.593 
3 16 7.888 7.672 15.547 8.262 7.272 12.975 8.102 9.126 13.593 
3 16 8.102 9.126 13.593 8.262 7.272 12.975 8.172 8.449 12.408 
3 16 4.973 9.347 17.569 5.432 15.916 19.447 4.151 9.967 17.393 
3 16 4.151 9.967 17.393 5.432 15.916 19.447 3.498 19.555 20.523 
3 16 4.147 20.598 20.668 3.498 19.555 20.523 6.056 16.88 19.641 
3 16 3.498 19.555 20.523 5.432 15.916 19.447 6.056 16.88 19.641 
3 16 4.354 4.466 16.992 5.187 4.606 16.786 2.61 5.98 18.052 
3 16 2.61 5.98 18.052 5.187 4.606 16.786 3.705 7.682 17.66 
3 16 2.61 5.98 18.052 3.705 7.682 17.66 2.475 8.349 18.417 
3 16 2.475 8.349 18.417 3.705 7.682 17.66 4.973 9.347 17.569 
3 16 4.354 4.466 16.992 2.61 5.98 18.052 0.865 2.927 15.299 
3 16 0.865 2.927 15.299 2.61 5.98 18.052 0.002 5.503 16.59 
3 16 2.475 8.349 18.417 0.388 8.253 17.09 2.61 5.98 18.052 
3 16 2.61 5.98 18.052 0.388 8.253 17.09 0.002 5.503 16.59 
3 16 4.973 9.347 17.569 4.151 9.967 17.393 2.475 8.349 18.417 
3 16 0.388 8.253 17.09 2.475 8.349 18.417 2.211 10.056 16.138 
3 16 2.211 10.056 16.138 2.475 8.349 18.417 3.601 10.013 16.585 
3 16 2.475 8.349 18.417 4.151 9.967 17.393 3.601 10.013 16.585 
3 16 4.384 1.998 13.158 5.307 3.477 15.718 1.52 1.912 13.638 
3 16 1.52 1.912 13.638 5.307 3.477 15.718 0.865 2.927 15.299 
3 16 5.187 4.606 16.786 4.354 4.466 16.992 5.307 3.477 15.718 
3 16 5.307 3.477 15.718 4.354 4.466 16.992 0.865 2.927 15.299 
3 16 0.874 2.288 13.738 1.52 1.912 13.638 0.884 2.498 14.375 
3 16 1.52 1.912 13.638 0.865 2.927 15.299 0.884 2.498 14.375 
3 16 0.884 2.498 14.375 0.865 2.927 15.299 -0.299 5.322 15.759 
3 16 0.865 2.927 15.299 0.002 5.503 16.59 -0.299 5.322 15.759 
3 16 -1.009 6.114 15.197 -0.83 6.614 15.217 -8.274 4.072 12.843 
3 16 -8.274 4.072 12.843 -0.83 6.614 15.217 -8.35 5.356 12.875 
3 16 -0.491 6.243 15.327 -1.009 6.114 15.197 -0.299 5.322 15.759 
3 16 -8.274 4.072 12.843 -7.641 3.004 13.084 -1.009 6.114 15.197 
3 16 -7.641 3.004 13.084 -0.299 5.322 15.759 -1.009 6.114 15.197 
3 16 -0.162 7.959 15.466 0.257 8.978 14.659 -8.148 7.151 12.999 
3 16 -8.148 7.151 12.999 0.257 8.978 14.659 -7.519 8.86 12.359 
3 16 0.257 8.978 14.659 0.35 8.894 13.113 -7.519 8.86 12.359 
3 16 -7.519 8.86 12.359 0.35 8.894 13.113 -6.807 8.782 11.19 
3 16 1.665 9.841 12.939 0.35 8.894 13.113 2.211 10.056 16.138 
3 16 0.35 8.894 13.113 0.257 8.978 14.659 2.211 10.056 16.138 
3 16 2.211 10.056 16.138 0.257 8.978 14.659 0.388 8.253 17.09 
3 16 0.257 8.978 14.659 -0.162 7.959 15.466 0.388 8.253 17.09 
3 16 0.874 2.288 13.738 0.884 2.498 14.375 -6.669 1.486 11.6 
3 16 -6.669 1.486 11.6 0.884 2.498 14.375 -6.93 1.627 12.385 
3 16 8.36 8.461 10.115 13.84 15.403 11.013 8.172 8.449 12.408 
3 16 8.172 8.449 12.408 13.84 15.403 11.013 12.848 15.348 13.598 
3 16 8.102 9.126 13.593 8.172 8.449 12.408 12.848 15.348 13.598 
3 16 13.84 15.403 11.013 14.976 18.617 11.68 12.848 15.348 13.598 
3 16 12.848 15.348 13.598 14.976 18.617 11.68 14.128 18.651 14.327 
3 16 14.976 18.617 11.68 12.912 20.343 12.75 14.128 18.651 14.327 
3 16 14.128 18.651 14.327 12.912 20.343 12.75 11.967 20.066 15.686 
3 16 9.338 20.631 16.699 11.967 20.066 15.686 9.635 20.825 13.984 
3 16 9.635 20.825 13.984 11.967 20.066 15.686 12.912 20.343 12.75 
3 16 8.102 9.126 13.593 12.848 15.348 13.598 10.634 15.547 14.94 
3 16 11.967 20.066 15.686 9.338 20.631 16.699 10.933 18.466 16.111 
3 16 10.933 18.466 16.111 9.338 20.631 16.699 8.895 19.917 17.141 
3 16 11.967 20.066 15.686 10.933 18.466 16.111 14.128 18.651 14.327 
3 16 14.128 18.651 14.327 10.933 18.466 16.111 12.848 15.348 13.598 
3 16 12.848 15.348 13.598 10.933 18.466 16.111 10.634 15.547 14.94 
3 16 10.634 15.547 14.94 10.933 18.466 16.111 10.281 14.944 16.894 
3 16 10.281 14.944 16.894 10.933 18.466 16.111 10.744 18.089 18.108 
3 16 10.933 18.466 16.111 8.895 19.917 17.141 10.744 18.089 18.108 
3 16 10.744 18.089 18.108 8.895 19.917 17.141 7.234 20.274 20.066 
3 16 7.234 20.274 20.066 8.895 19.917 17.141 6.982 20.748 17.013 
3 16 8.895 19.917 17.141 8.743 20.142 16.086 6.982 20.748 17.013 
3 16 7.888 7.672 15.547 10.281 14.944 16.894 5.705 9.366 17.385 
3 16 5.705 9.366 17.385 10.281 14.944 16.894 6.056 16.88 19.641 
3 16 10.281 14.944 16.894 10.744 18.089 18.108 6.056 16.88 19.641 
3 16 6.056 16.88 19.641 5.432 15.916 19.447 5.705 9.366 17.385 
3 16 5.705 9.366 17.385 5.432 15.916 19.447 4.973 9.347 17.569 
3 16 4.147 20.598 20.668 7.234 20.274 20.066 4.122 20.9 17.46 
3 16 4.122 20.9 17.46 7.234 20.274 20.066 6.982 20.748 17.013 
3 16 4.147 20.598 20.668 6.056 16.88 19.641 7.234 20.274 20.066 
3 16 7.234 20.274 20.066 6.056 16.88 19.641 10.744 18.089 18.108 
3 16 3.353 19.745 17.171 3.498 19.555 20.523 4.122 20.9 17.46 
3 16 4.122 20.9 17.46 3.498 19.555 20.523 4.147 20.598 20.668 
3 16 4.151 9.967 17.393 3.498 19.555 20.523 3.601 10.013 16.585 
3 16 3.601 10.013 16.585 3.498 19.555 20.523 3.353 19.745 17.171 
3 16 3.533 14.069 15.472 3.601 10.013 16.585 3.353 19.745 17.171 
3 16 -0.83 6.614 15.217 -1.192 6.928 15.105 -8.35 5.356 12.875 
3 16 -8.35 5.356 12.875 -1.192 6.928 15.105 -8.101 6.017 12.794 
3 16 -1.009 6.114 15.197 -0.491 6.243 15.327 -0.83 6.614 15.217 
3 16 -0.491 6.243 15.327 -0.162 7.959 15.466 -0.83 6.614 15.217 
3 16 -0.162 7.959 15.466 -1.192 6.928 15.105 -0.83 6.614 15.217 
3 16 -1.192 6.928 15.105 -0.162 7.959 15.466 -8.101 6.017 12.794 
3 16 -8.101 6.017 12.794 -0.162 7.959 15.466 -8.148 7.151 12.999 
3 16 -10.343 5.102 11.359 -8.35 5.356 12.875 -9.668 5.771 11.869 
3 16 -9.668 5.771 11.869 -8.35 5.356 12.875 -8.101 6.017 12.794 
3 16 -8.274 4.072 12.843 -8.35 5.356 12.875 -9.887 4.264 11.766 
3 16 -9.887 4.264 11.766 -8.35 5.356 12.875 -10.343 5.102 11.359 
3 16 -7.641 3.004 13.084 -8.274 4.072 12.843 -12.6 3.072 8.72 
3 16 -8.274 4.072 12.843 -9.887 4.264 11.766 -12.6 3.072 8.72 
3 16 -9.887 4.264 11.766 -12.27 3.718 9.226 -12.6 3.072 8.72 
3 16 0.884 2.498 14.375 -0.299 5.322 15.759 -6.93 1.627 12.385 
3 16 -6.93 1.627 12.385 -0.299 5.322 15.759 -7.641 3.004 13.084 
3 16 -0.299 5.322 15.759 0.002 5.503 16.59 -0.491 6.243 15.327 
3 16 0.002 5.503 16.59 0.388 8.253 17.09 -0.491 6.243 15.327 
3 16 0.388 8.253 17.09 -0.162 7.959 15.466 -0.491 6.243 15.327 
3 16 -6.93 1.627 12.385 -7.641 3.004 13.084 -11.377 0.998 8.147 
3 16 -11.377 0.998 8.147 -7.641 3.004 13.084 -12.6 3.072 8.72 
3 16 -6.669 1.486 11.6 -6.93 1.627 12.385 -10.496 0.895 7.669 
3 16 -10.496 0.895 7.669 -6.93 1.627 12.385 -11.377 0.998 8.147 
3 16 -9.668 5.771 11.869 -12.604 5.883 8.798 -10.343 5.102 11.359 
3 16 -9.887 4.264 11.766 -10.343 5.102 11.359 -12.27 3.718 9.226 
3 16 -12.27 3.718 9.226 -10.343 5.102 11.359 -12.604 5.883 8.798 
3 16 -12.604 5.883 8.798 -9.668 5.771 11.869 -11.615 8.766 8.851 
3 16 -8.101 6.017 12.794 -8.148 7.151 12.999 -9.668 5.771 11.869 
3 16 -7.519 8.86 12.359 -11.615 8.766 8.851 -8.148 7.151 12.999 
3 16 -8.148 7.151 12.999 -11.615 8.766 8.851 -9.668 5.771 11.869 
3 16 -10.496 0.895 7.669 -11.377 0.998 8.147 -11.945 0.382 4.003 
3 16 -11.945 0.382 4.003 -11.377 0.998 8.147 -13.017 0.535 4.186 
3 16 -12.27 3.718 9.226 -14.335 3.436 4.349 -12.6 3.072 8.72 
3 16 -12.6 3.072 8.72 -14.335 3.436 4.349 -14.397 2.45 4.407 
3 16 -12.604 5.883 8.798 -13.835 6.451 6.766 -12.27 3.718 9.226 
3 16 -12.27 3.718 9.226 -13.835 6.451 6.766 -14.335 3.436 4.349 
3 16 -14.335 3.436 4.349 -13.835 6.451 6.766 -14.753 5.974 4.234 
3 16 -11.377 0.998 8.147 -12.6 3.072 8.72 -13.017 0.535 4.186 
3 16 -13.017 0.535 4.186 -12.6 3.072 8.72 -14.397 2.45 4.407 
3 16 -13.835 6.451 6.766 -12.604 5.883 8.798 -13.387 7.223 7.028 
3 16 -12.604 5.883 8.798 -11.615 8.766 8.851 -13.387 7.223 7.028 
3 16 -11.615 8.766 8.851 -14.008 8.878 3.763 -13.387 7.223 7.028 
3 16 -13.387 7.223 7.028 -14.008 8.878 3.763 -13.609 7.506 6.403 
3 16 -14.008 8.878 3.763 -14.345 7.434 4.127 -13.609 7.506 6.403 
3 16 -11.795 -0.432 -2.959 -12.865 -0.113 -3.06 -9.538 -0.463 -7.607 
3 16 -9.538 -0.463 -7.607 -12.865 -0.113 -3.06 -10.469 -0.209 -8.257 
3 16 -11.724 2.099 -9.288 -10.469 -0.209 -8.257 -14.437 1.845 -3.37 
3 16 -14.437 1.845 -3.37 -10.469 -0.209 -8.257 -12.865 -0.113 -3.06 
3 16 -14.437 1.845 -3.37 -14.122 3.28 -3.201 -11.724 2.099 -9.288 
3 16 -11.724 2.099 -9.288 -14.122 3.28 -3.201 -11.476 3.196 -9.008 
3 16 -11.399 6.498 -9.666 -11.476 3.196 -9.008 -14.818 5.711 -3.505 
3 16 -14.818 5.711 -3.505 -11.476 3.196 -9.008 -14.122 3.28 -3.201 
3 16 -11.52 8.621 -8.789 -11.167 7.398 -9.757 -14.186 8.602 -3.346 
3 16 -14.186 8.602 -3.346 -11.167 7.398 -9.757 -14.349 7.402 -3.307 
3 16 -10.832 6.88 -10.201 -11.399 6.498 -9.666 -14.228 6.64 -3.338 
3 16 -14.228 6.64 -3.338 -11.399 6.498 -9.666 -14.818 5.711 -3.505 
3 16 -11.167 7.398 -9.757 -10.832 6.88 -10.201 -14.349 7.402 -3.307 
3 16 -14.349 7.402 -3.307 -10.832 6.88 -10.201 -14.228 6.64 -3.338 
3 16 -11.724 2.099 -9.288 -11.476 3.196 -9.008 -8.801 2.615 -11.963 
3 16 -8.801 2.615 -11.963 -11.476 3.196 -9.008 -8.466 3.39 -12.184 
3 16 -9.283 5.175 -11.96 -9.44 5.659 -11.724 -6.608 5.209 -13.757 
3 16 -6.608 5.209 -13.757 -9.44 5.659 -11.724 -6.245 5.887 -13.581 
3 16 -11.399 6.498 -9.666 -10.832 6.88 -10.201 -9.44 5.659 -11.724 
3 16 -9.44 5.659 -11.724 -10.832 6.88 -10.201 -8.867 6.234 -12.063 
3 16 -9.44 5.659 -11.724 -8.867 6.234 -12.063 -6.245 5.887 -13.581 
3 16 -6.245 5.887 -13.581 -8.867 6.234 -12.063 -6.457 6.498 -13.415 
3 16 -8.801 2.615 -11.963 -8.466 3.39 -12.184 -6.976 1.663 -12.66 
3 16 -6.976 1.663 -12.66 -8.466 3.39 -12.184 -6.233 2.526 -13.166 
3 16 -10.469 -0.209 -8.257 -11.724 2.099 -9.288 -6.505 -0.194 -11.781 
3 16 -6.976 1.663 -12.66 -6.505 -0.194 -11.781 -8.801 2.615 -11.963 
3 16 -6.505 -0.194 -11.781 -11.724 2.099 -9.288 -8.801 2.615 -11.963 
3 16 -9.538 -0.463 -7.607 -10.469 -0.209 -8.257 -5.968 -0.557 -10.679 
3 16 -5.968 -0.557 -10.679 -10.469 -0.209 -8.257 -6.505 -0.194 -11.781 
3 16 -6.505 -0.194 -11.781 -6.976 1.663 -12.66 1.176 -0.639 -13.05 
3 16 1.176 -0.639 -13.05 -6.976 1.663 -12.66 1.075 1.045 -14.257 
3 16 1.176 -0.639 -13.05 0.902 -0.87 -12.113 -6.505 -0.194 -11.781 
3 16 -6.505 -0.194 -11.781 0.902 -0.87 -12.113 -5.968 -0.557 -10.679 
3 16 1.104 2.09 -14.078 1.075 1.045 -14.257 -6.233 2.526 -13.166 
3 16 -6.233 2.526 -13.166 1.075 1.045 -14.257 -6.976 1.663 -12.66 
3 16 -6.233 2.526 -13.166 -6.257 3.852 -13.493 1.104 2.09 -14.078 
3 16 1.104 2.09 -14.078 -6.257 3.852 -13.493 0.987 3.114 -14.448 
3 16 -6.257 3.852 -13.493 -6.608 5.209 -13.757 0.987 3.114 -14.448 
3 16 0.987 3.114 -14.448 -6.608 5.209 -13.757 0.982 4.501 -15.045 
3 16 -6.457 6.498 -13.415 1.093 6.152 -14.644 -6.245 5.887 -13.581 
3 16 -6.608 5.209 -13.757 -6.245 5.887 -13.581 0.982 4.501 -15.045 
3 16 0.982 4.501 -15.045 -6.245 5.887 -13.581 1.093 6.152 -14.644 
3 16 0.717 7.633 -14.386 1.093 6.152 -14.644 -6.361 8.254 -13.204 
3 16 -6.361 8.254 -13.204 1.093 6.152 -14.644 -6.457 6.498 -13.415 
3 16 0.902 -0.87 -12.113 1.176 -0.639 -13.05 5.061 -0.974 -10.869 
3 16 5.061 -0.974 -10.869 1.176 -0.639 -13.05 5.728 -0.706 -11.778 
3 16 1.176 -0.639 -13.05 1.075 1.045 -14.257 5.728 -0.706 -11.778 
3 16 5.728 -0.706 -11.778 1.075 1.045 -14.257 5.985 0.845 -12.987 
3 16 1.075 1.045 -14.257 1.104 2.09 -14.078 5.985 0.845 -12.987 
3 16 5.985 0.845 -12.987 1.104 2.09 -14.078 5.83 1.767 -12.892 
3 16 1.104 2.09 -14.078 0.987 3.114 -14.448 5.83 1.767 -12.892 
3 16 5.83 1.767 -12.892 0.987 3.114 -14.448 5.867 2.578 -13.27 
3 16 0.987 3.114 -14.448 0.982 4.501 -15.045 5.867 2.578 -13.27 
3 16 5.867 2.578 -13.27 0.982 4.501 -15.045 6.006 3.57 -13.893 
3 16 6.378 5.475 -13.515 6.006 3.57 -13.893 1.093 6.152 -14.644 
3 16 1.093 6.152 -14.644 6.006 3.57 -13.893 0.982 4.501 -15.045 
3 16 6.667 6.282 -13.183 6.083 5.972 -13.504 6.244 6.827 -13.191 
3 16 6.378 5.475 -13.515 1.093 6.152 -14.644 6.083 5.972 -13.504 
3 16 1.093 6.152 -14.644 0.717 7.633 -14.386 6.083 5.972 -13.504 
3 16 6.244 6.827 -13.191 6.083 5.972 -13.504 0.717 7.633 -14.386 
3 16 6.378 5.475 -13.515 6.083 5.972 -13.504 11.269 4.619 -10.17 
3 16 11.269 4.619 -10.17 6.083 5.972 -13.504 10.936 5.26 -9.582 
3 16 6.083 5.972 -13.504 6.667 6.282 -13.183 10.936 5.26 -9.582 
3 16 10.936 5.26 -9.582 6.667 6.282 -13.183 11.006 5.929 -9.617 
3 16 6.667 6.282 -13.183 6.244 6.827 -13.191 11.006 5.929 -9.617 
3 16 11.006 5.929 -9.617 6.244 6.827 -13.191 10.48 6.963 -9.72 
3 16 10.907 2.367 -9.645 5.867 2.578 -13.27 11.269 4.619 -10.17 
3 16 5.867 2.578 -13.27 6.006 3.57 -13.893 11.269 4.619 -10.17 
3 16 6.378 5.475 -13.515 11.269 4.619 -10.17 6.006 3.57 -13.893 
3 16 5.83 1.767 -12.892 5.867 2.578 -13.27 10.854 1.723 -9.267 
3 16 10.854 1.723 -9.267 5.867 2.578 -13.27 10.907 2.367 -9.645 
3 16 5.985 0.845 -12.987 5.83 1.767 -12.892 10.965 0.803 -9.218 
3 16 10.965 0.803 -9.218 5.83 1.767 -12.892 10.854 1.723 -9.267 
3 16 5.728 -0.706 -11.778 5.985 0.845 -12.987 9.848 -0.748 -8.207 
3 16 9.848 -0.748 -8.207 5.985 0.845 -12.987 10.965 0.803 -9.218 
3 16 5.061 -0.974 -10.869 5.728 -0.706 -11.778 9.301 -0.997 -7.533 
3 16 9.301 -0.997 -7.533 5.728 -0.706 -11.778 9.848 -0.748 -8.207 
3 16 13.826 7.675 -4.22 14.319 6.506 -3.903 10.48 6.963 -9.72 
3 16 10.48 6.963 -9.72 14.319 6.506 -3.903 11.006 5.929 -9.617 
3 16 14.722 6.458 2.142 14.965 5.805 1.58 14.299 5.754 -3.88 
3 16 14.299 5.754 -3.88 14.965 5.805 1.58 14.886 5.175 -3.997 
3 16 14.628 7.098 1.558 14.722 6.458 2.142 14.319 6.506 -3.903 
3 16 14.319 6.506 -3.903 14.722 6.458 2.142 14.299 5.754 -3.88 
3 16 14.791 3.324 1.87 14.694 2.083 1.962 14.104 2.154 -3.429 
3 16 14.104 2.154 -3.429 14.694 2.083 1.962 14.232 1.113 -3.333 
3 16 15.23 4.355 1.914 14.791 3.324 1.87 14.346 3.06 -3.502 
3 16 14.346 3.06 -3.502 14.791 3.324 1.87 14.104 2.154 -3.429 
3 16 13.174 -0.101 2.659 12.212 -0.244 2.712 12.765 -0.691 -2.613 
3 16 12.765 -0.691 -2.613 12.212 -0.244 2.712 11.871 -0.883 -2.255 
3 16 14.694 2.083 1.962 13.174 -0.101 2.659 14.232 1.113 -3.333 
3 16 14.232 1.113 -3.333 13.174 -0.101 2.659 12.765 -0.691 -2.613 
3 16 14.965 5.805 1.58 15.23 4.355 1.914 14.886 5.175 -3.997 
3 16 14.886 5.175 -3.997 15.23 4.355 1.914 14.346 3.06 -3.502 
3 16 14.367 7.965 1.8 14.628 7.098 1.558 13.826 7.675 -4.22 
3 16 13.826 7.675 -4.22 14.628 7.098 1.558 14.319 6.506 -3.903 
3 16 10.556 0.952 7.743 11.337 1.2 8.041 6.474 2.135 12.153 
3 16 6.474 2.135 12.153 11.337 1.2 8.041 7.058 2.311 12.249 
3 16 12.765 -0.691 -2.613 11.871 -0.883 -2.255 9.848 -0.748 -8.207 
3 16 9.848 -0.748 -8.207 11.871 -0.883 -2.255 9.301 -0.997 -7.533 
3 16 9.848 -0.748 -8.207 10.965 0.803 -9.218 12.765 -0.691 -2.613 
3 16 12.765 -0.691 -2.613 10.965 0.803 -9.218 14.232 1.113 -3.333 
3 16 14.104 2.154 -3.429 14.232 1.113 -3.333 10.854 1.723 -9.267 
3 16 10.854 1.723 -9.267 14.232 1.113 -3.333 10.965 0.803 -9.218 
3 16 14.346 3.06 -3.502 14.104 2.154 -3.429 10.907 2.367 -9.645 
3 16 10.907 2.367 -9.645 14.104 2.154 -3.429 10.854 1.723 -9.267 
3 16 10.907 2.367 -9.645 11.269 4.619 -10.17 14.346 3.06 -3.502 
3 16 14.346 3.06 -3.502 11.269 4.619 -10.17 14.886 5.175 -3.997 
3 16 14.299 5.754 -3.88 14.886 5.175 -3.997 10.936 5.26 -9.582 
3 16 10.936 5.26 -9.582 14.886 5.175 -3.997 11.269 4.619 -10.17 
3 16 14.319 6.506 -3.903 14.299 5.754 -3.88 11.006 5.929 -9.617 
3 16 11.006 5.929 -9.617 14.299 5.754 -3.88 10.936 5.26 -9.582 
3 16 14.394 3.565 4.648 14.368 2.933 4.339 14.791 3.324 1.87 
3 16 14.791 3.324 1.87 14.368 2.933 4.339 14.694 2.083 1.962 
3 16 14.394 3.565 4.648 14.791 3.324 1.87 14.592 4.248 4.433 
3 16 14.592 4.248 4.433 14.791 3.324 1.87 15.23 4.355 1.914 
3 16 14.722 6.458 2.142 13.653 5.904 6.693 14.965 5.805 1.58 
3 16 14.965 5.805 1.58 13.653 5.904 6.693 13.544 4.937 7.27 
3 16 13.653 5.904 6.693 14.722 6.458 2.142 13.219 6.354 7.477 
3 16 13.219 6.354 7.477 14.722 6.458 2.142 14.628 7.098 1.558 
3 16 13.219 6.354 7.477 14.628 7.098 1.558 12.163 7.826 8.092 
3 16 12.668 6.448 8.44 13.219 6.354 7.477 12.163 7.826 8.092 
3 16 14.628 7.098 1.558 14.367 7.965 1.8 12.163 7.826 8.092 
3 16 11.337 1.2 8.041 10.556 0.952 7.743 13.174 -0.101 2.659 
3 16 13.174 -0.101 2.659 10.556 0.952 7.743 12.212 -0.244 2.712 
3 16 5.054 1.66 12.831 6.474 2.135 12.153 6.265 3.174 15.794 
3 16 7.058 2.311 12.249 6.265 3.174 15.794 6.474 2.135 12.153 
3 16 -14.186 8.602 -3.346 -14.349 7.402 -3.307 -14.008 8.878 3.763 
3 16 -14.008 8.878 3.763 -14.349 7.402 -3.307 -14.345 7.434 4.127 
3 16 -14.349 7.402 -3.307 -14.228 6.64 -3.338 -14.345 7.434 4.127 
3 16 -14.345 7.434 4.127 -14.228 6.64 -3.338 -14.384 6.716 4.17 
3 16 -14.228 6.64 -3.338 -14.818 5.711 -3.505 -14.384 6.716 4.17 
3 16 -14.384 6.716 4.17 -14.818 5.711 -3.505 -14.753 5.974 4.234 
3 16 -14.818 5.711 -3.505 -14.122 3.28 -3.201 -14.753 5.974 4.234 
3 16 -14.753 5.974 4.234 -14.122 3.28 -3.201 -14.335 3.436 4.349 
3 16 -14.122 3.28 -3.201 -14.437 1.845 -3.37 -14.335 3.436 4.349 
3 16 -14.335 3.436 4.349 -14.437 1.845 -3.37 -14.397 2.45 4.407 
3 16 -13.017 0.535 4.186 -14.397 2.45 4.407 -12.865 -0.113 -3.06 
3 16 -12.865 -0.113 -3.06 -14.397 2.45 4.407 -14.437 1.845 -3.37 
3 16 -12.865 -0.113 -3.06 -11.795 -0.432 -2.959 -13.017 0.535 4.186 
3 16 -13.017 0.535 4.186 -11.795 -0.432 -2.959 -11.945 0.382 4.003 
3 16 12.395 2.218 8.263 11.337 1.2 8.041 13.298 1.897 6.455 
3 16 13.298 1.897 6.455 11.337 1.2 8.041 13.174 -0.101 2.659 
3 16 12.395 2.218 8.263 13.298 1.897 6.455 12.76 2.845 7.771 
3 16 12.76 2.845 7.771 13.298 1.897 6.455 13.718 2.418 5.903 
3 16 13.129 3.656 8.021 12.76 2.845 7.771 13.645 3.172 6.6 
3 16 13.645 3.172 6.6 12.76 2.845 7.771 13.718 2.418 5.903 
3 16 13.298 1.897 6.455 13.174 -0.101 2.659 13.718 2.418 5.903 
3 16 13.718 2.418 5.903 13.174 -0.101 2.659 14.368 2.933 4.339 
3 16 14.368 2.933 4.339 13.174 -0.101 2.659 14.694 2.083 1.962 
3 16 13.645 3.172 6.6 13.718 2.418 5.903 14.394 3.565 4.648 
3 16 14.394 3.565 4.648 13.718 2.418 5.903 14.368 2.933 4.339 
3 16 12.943 4.976 8.323 13.544 4.937 7.27 12.677 5.605 8.349 
3 16 12.677 5.605 8.349 13.544 4.937 7.27 13.653 5.904 6.693 
3 16 12.668 6.448 8.44 12.677 5.605 8.349 13.219 6.354 7.477 
3 16 13.219 6.354 7.477 12.677 5.605 8.349 13.653 5.904 6.693 
3 16 12.943 4.976 8.323 11.385 4.796 10.464 13.129 3.656 8.021 
3 16 13.645 3.172 6.6 13.544 4.937 7.27 13.129 3.656 8.021 
3 16 13.129 3.656 8.021 13.544 4.937 7.27 12.943 4.976 8.323 
3 16 13.645 3.172 6.6 14.394 3.565 4.648 13.544 4.937 7.27 
3 16 14.394 3.565 4.648 14.592 4.248 4.433 13.544 4.937 7.27 
3 16 13.544 4.937 7.27 14.592 4.248 4.433 14.965 5.805 1.58 
3 16 14.592 4.248 4.433 15.23 4.355 1.914 14.965 5.805 1.58 
3 16 -13.387 7.223 7.028 -14.384 6.716 4.17 -13.835 6.451 6.766 
3 16 -13.835 6.451 6.766 -14.384 6.716 4.17 -14.753 5.974 4.234 
3 16 -14.345 7.434 4.127 -14.384 6.716 4.17 -13.609 7.506 6.403 
3 16 -13.609 7.506 6.403 -14.384 6.716 4.17 -13.387 7.223 7.028 
3 16 3.601 10.013 16.585 3.533 14.069 15.472 2.211 10.056 16.138 
3 16 7.99 18.716 12.934 4.464 14.166 12.461 7.445 18.451 15.292 
3 16 7.445 18.451 15.292 4.464 14.166 12.461 3.533 14.069 15.472 
3 16 4.464 14.166 12.461 1.665 9.841 12.939 3.533 14.069 15.472 
3 16 1.665 9.841 12.939 2.211 10.056 16.138 3.533 14.069 15.472 
3 16 3.353 19.745 17.171 4.122 20.9 17.46 7.445 18.451 15.292 
3 16 4.122 20.9 17.46 6.982 20.748 17.013 7.445 18.451 15.292 
3 16 6.982 20.748 17.013 8.743 20.142 16.086 7.445 18.451 15.292 
3 16 3.353 19.745 17.171 7.445 18.451 15.292 3.533 14.069 15.472 
3 16 8.895 19.917 17.141 9.338 20.631 16.699 8.743 20.142 16.086 
3 16 9.338 20.631 16.699 9.635 20.825 13.984 8.743 20.142 16.086 
3 16 7.99 18.716 12.934 7.445 18.451 15.292 9.635 20.825 13.984 
3 16 7.445 18.451 15.292 8.743 20.142 16.086 9.635 20.825 13.984 
3 16 7.99 18.716 12.934 9.635 20.825 13.984 10.25 17.668 11.406 
3 16 10.25 17.668 11.406 9.635 20.825 13.984 12.912 20.343 12.75 
3 16 12.912 20.343 12.75 14.976 18.617 11.68 10.25 17.668 11.406 
3 16 10.25 17.668 11.406 14.976 18.617 11.68 13.84 15.403 11.013 
3 16 10.25 17.668 11.406 13.84 15.403 11.013 7.173 14.063 11.07 
3 16 7.173 14.063 11.07 13.84 15.403 11.013 8.36 8.461 10.115 
3 16 4.464 14.166 12.461 7.99 18.716 12.934 7.173 14.063 11.07 
3 16 7.173 14.063 11.07 7.99 18.716 12.934 10.25 17.668 11.406 
3 16 0.35 8.894 13.113 1.665 9.841 12.939 5.782 8.522 11.658 
3 16 8.36 8.461 10.115 5.782 8.522 11.658 7.173 14.063 11.07 
3 16 1.665 9.841 12.939 4.464 14.166 12.461 5.782 8.522 11.658 
3 16 4.464 14.166 12.461 7.173 14.063 11.07 5.782 8.522 11.658 
3 16 -10.393 8.845 7.857 -11.615 8.766 8.851 -6.807 8.782 11.19 
3 16 -6.807 8.782 11.19 -11.615 8.766 8.851 -7.519 8.86 12.359 
3 16 -12.604 8.915 3.336 -14.008 8.878 3.763 -10.393 8.845 7.857 
3 16 -10.393 8.845 7.857 -14.008 8.878 3.763 -11.615 8.766 8.851 
3 16 -10.372 8.8 -7.915 -11.52 8.621 -8.789 -12.681 8.922 -3.041 
3 16 -12.681 8.922 -3.041 -11.52 8.621 -8.789 -14.186 8.602 -3.346 
3 16 -6.361 8.254 -13.204 -11.52 8.621 -8.789 -5.645 8.539 -11.781 
3 16 -5.645 8.539 -11.781 -11.52 8.621 -8.789 -10.372 8.8 -7.915 
3 16 0.651 7.785 -13.018 0.717 7.633 -14.386 -5.645 8.539 -11.781 
3 16 -5.645 8.539 -11.781 0.717 7.633 -14.386 -6.361 8.254 -13.204 
3 16 5.587 7.058 -11.762 6.244 6.827 -13.191 0.651 7.785 -13.018 
3 16 0.651 7.785 -13.018 6.244 6.827 -13.191 0.717 7.633 -14.386 
3 16 9.522 7.189 -8.896 10.48 6.963 -9.72 5.587 7.058 -11.762 
3 16 5.587 7.058 -11.762 10.48 6.963 -9.72 6.244 6.827 -13.191 
3 16 12.492 7.935 -3.802 13.826 7.675 -4.22 9.522 7.189 -8.896 
3 16 9.522 7.189 -8.896 13.826 7.675 -4.22 10.48 6.963 -9.72 
3 16 12.923 8.261 1.675 14.367 7.965 1.8 12.492 7.935 -3.802 
3 16 12.492 7.935 -3.802 14.367 7.965 1.8 13.826 7.675 -4.22 
3 16 10.94 8.149 7.104 12.163 7.826 8.092 12.923 8.261 1.675 
3 16 12.923 8.261 1.675 12.163 7.826 8.092 14.367 7.965 1.8 
3 16 -12.681 8.922 -3.041 -14.186 8.602 -3.346 -12.604 8.915 3.336 
3 16 -12.604 8.915 3.336 -14.186 8.602 -3.346 -14.008 8.878 3.763 
3 16 7.058 2.311 12.249 8.475 4.304 12.976 6.265 3.174 15.794 
3 16 7.647 7.314 17.381 6.002 4.767 17.217 8.75 6.086 14.202 
3 16 6.002 4.767 17.217 6.265 3.174 15.794 8.75 6.086 14.202 
3 16 8.475 4.304 12.976 8.75 6.086 14.202 6.265 3.174 15.794 
3 16 -6.233 2.526 -13.166 -8.466 3.39 -12.184 -6.257 3.852 -13.493 
3 16 -6.257 3.852 -13.493 -8.466 3.39 -12.184 -6.608 5.209 -13.757 
3 16 -6.608 5.209 -13.757 -8.466 3.39 -12.184 -9.283 5.175 -11.96 
3 16 -8.466 3.39 -12.184 -11.476 3.196 -9.008 -9.283 5.175 -11.96 
3 16 -11.399 6.498 -9.666 -9.44 5.659 -11.724 -11.476 3.196 -9.008 
3 16 -11.476 3.196 -9.008 -9.44 5.659 -11.724 -9.283 5.175 -11.96 
3 16 -6.457 6.498 -13.415 -8.867 6.234 -12.063 -6.361 8.254 -13.204 
3 16 -11.52 8.621 -8.789 -6.361 8.254 -13.204 -11.167 7.398 -9.757 
3 16 -11.167 7.398 -9.757 -6.361 8.254 -13.204 -10.832 6.88 -10.201 
3 16 -6.361 8.254 -13.204 -8.867 6.234 -12.063 -10.832 6.88 -10.201 
2 24 8.908 6.199 12.327 8.262 7.272 12.975 
2 24 8.75 6.086 14.202 8.908 6.199 12.327 
2 24 8.262 7.272 12.975 7.888 7.672 15.547 
2 24 7.647 7.314 17.381 8.75 6.086 14.202 
2 24 7.888 7.672 15.547 5.705 9.366 17.385 
2 24 4.973 9.347 17.569 5.397 8.959 18.115 
2 24 5.705 9.366 17.385 4.973 9.347 17.569 
2 24 5.397 8.959 18.115 7.647 7.314 17.381 
2 24 4.264 7.52 18.113 5.397 8.959 18.115 
2 24 4.973 9.347 17.569 3.705 7.682 17.66 
2 24 3.705 7.682 17.66 4.264 7.52 18.113 
2 24 3.705 7.682 17.66 5.187 4.606 16.786 
2 24 6.002 4.767 17.217 4.264 7.52 18.113 
2 24 5.187 4.606 16.786 5.307 3.477 15.718 
2 24 6.265 3.174 15.794 6.002 4.767 17.217 
2 24 4.384 1.998 13.158 5.054 1.66 12.831 
2 24 5.307 3.477 15.718 4.384 1.998 13.158 
2 24 5.054 1.66 12.831 6.265 3.174 15.794 
2 24 9.038 5.702 12.459 8.908 6.199 12.327 
2 24 8.475 4.304 12.976 8.933 4.987 12.315 
2 24 8.933 4.987 12.315 9.038 5.702 12.459 
2 24 8.475 4.304 12.976 7.058 2.311 12.249 
2 24 12.395 2.218 8.263 8.475 4.304 12.976 
2 24 7.058 2.311 12.249 11.337 1.2 8.041 
2 24 12.76 2.845 7.771 8.933 4.987 12.315 
2 24 11.385 4.796 10.464 9.038 5.702 12.459 
2 24 13.129 3.656 8.021 11.385 4.796 10.464 
2 24 11.385 4.796 10.464 12.943 4.976 8.323 
2 24 12.677 5.605 8.349 8.908 6.199 12.327 
2 24 12.668 6.448 8.44 8.262 7.272 12.975 
2 24 8.172 8.449 12.408 8.262 7.272 12.975 
2 24 12.163 7.826 8.092 8.172 8.449 12.408 
2 24 8.36 8.461 10.115 8.172 8.449 12.408 
2 24 10.94 8.149 7.104 8.36 8.461 10.115 
2 24 8.102 9.126 13.593 10.634 15.547 14.94 
2 24 10.281 14.944 16.894 7.888 7.672 15.547 
2 24 8.172 8.449 12.408 8.102 9.126 13.593 
2 24 4.973 9.347 17.569 5.432 15.916 19.447 
2 24 4.151 9.967 17.393 4.973 9.347 17.569 
2 24 3.498 19.555 20.523 4.151 9.967 17.393 
2 24 4.147 20.598 20.668 3.498 19.555 20.523 
2 24 5.432 15.916 19.447 6.056 16.88 19.641 
2 24 4.354 4.466 16.992 5.187 4.606 16.786 
2 24 2.61 5.98 18.052 4.354 4.466 16.992 
2 24 2.475 8.349 18.417 2.61 5.98 18.052 
2 24 4.973 9.347 17.569 2.475 8.349 18.417 
2 24 0.002 5.503 16.59 0.865 2.927 15.299 
2 24 0.388 8.253 17.09 0.002 5.503 16.59 
2 24 2.211 10.056 16.138 0.388 8.253 17.09 
2 24 3.601 10.013 16.585 2.211 10.056 16.138 
2 24 4.151 9.967 17.393 3.601 10.013 16.585 
2 24 1.52 1.912 13.638 4.384 1.998 13.158 
2 24 0.865 2.927 15.299 1.52 1.912 13.638 
2 24 0.874 2.288 13.738 1.52 1.912 13.638 
2 24 0.884 2.498 14.375 0.874 2.288 13.738 
2 24 -0.299 5.322 15.759 0.884 2.498 14.375 
2 24 -1.009 6.114 15.197 -0.83 6.614 15.217 
2 24 -8.274 4.072 12.843 -1.009 6.114 15.197 
2 24 -0.83 6.614 15.217 -8.35 5.356 12.875 
2 24 -0.299 5.322 15.759 -0.491 6.243 15.327 
2 24 -7.641 3.004 13.084 -0.299 5.322 15.759 
2 24 -0.162 7.959 15.466 0.257 8.978 14.659 
2 24 -8.148 7.151 12.999 -0.162 7.959 15.466 
2 24 0.257 8.978 14.659 -7.519 8.86 12.359 
2 24 0.257 8.978 14.659 0.35 8.894 13.113 
2 24 0.35 8.894 13.113 -6.807 8.782 11.19 
2 24 1.665 9.841 12.939 0.35 8.894 13.113 
2 24 2.211 10.056 16.138 1.665 9.841 12.939 
2 24 -6.669 1.486 11.6 0.874 2.288 13.738 
2 24 0.884 2.498 14.375 -6.93 1.627 12.385 
2 24 8.36 8.461 10.115 13.84 15.403 11.013 
2 24 12.848 15.348 13.598 8.102 9.126 13.593 
2 24 13.84 15.403 11.013 14.976 18.617 11.68 
2 24 14.976 18.617 11.68 14.128 18.651 14.327 
2 24 14.128 18.651 14.327 12.848 15.348 13.598 
2 24 14.976 18.617 11.68 12.912 20.343 12.75 
2 24 11.967 20.066 15.686 14.128 18.651 14.327 
2 24 9.338 20.631 16.699 11.967 20.066 15.686 
2 24 9.635 20.825 13.984 9.338 20.631 16.699 
2 24 12.912 20.343 12.75 9.635 20.825 13.984 
2 24 9.338 20.631 16.699 8.895 19.917 17.141 
2 24 8.895 19.917 17.141 10.933 18.466 16.111 
2 24 10.933 18.466 16.111 10.634 15.547 14.94 
2 24 10.933 18.466 16.111 10.744 18.089 18.108 
2 24 10.744 18.089 18.108 10.281 14.944 16.894 
2 24 7.234 20.274 20.066 10.744 18.089 18.108 
2 24 8.895 19.917 17.141 8.743 20.142 16.086 
2 24 8.743 20.142 16.086 6.982 20.748 17.013 
2 24 6.056 16.88 19.641 5.705 9.366 17.385 
2 24 4.147 20.598 20.668 7.234 20.274 20.066 
2 24 6.982 20.748 17.013 4.122 20.9 17.46 
2 24 4.122 20.9 17.46 3.353 19.745 17.171 
2 24 3.533 14.069 15.472 3.601 10.013 16.585 
2 24 3.353 19.745 17.171 3.533 14.069 15.472 
2 24 -0.83 6.614 15.217 -1.192 6.928 15.105 
2 24 -1.192 6.928 15.105 -8.101 6.017 12.794 
2 24 -0.491 6.243 15.327 -0.162 7.959 15.466 
2 24 -10.343 5.102 11.359 -8.35 5.356 12.875 
2 24 -9.668 5.771 11.869 -10.343 5.102 11.359 
2 24 -8.101 6.017 12.794 -9.668 5.771 11.869 
2 24 -9.887 4.264 11.766 -8.274 4.072 12.843 
2 24 -10.343 5.102 11.359 -9.887 4.264 11.766 
2 24 -12.27 3.718 9.226 -12.6 3.072 8.72 
2 24 -11.377 0.998 8.147 -6.93 1.627 12.385 
2 24 -10.496 0.895 7.669 -6.669 1.486 11.6 
2 24 -7.519 8.86 12.359 -11.615 8.766 8.851 
2 24 -11.945 0.382 4.003 -10.496 0.895 7.669 
2 24 -11.377 0.998 8.147 -13.017 0.535 4.186 
2 24 -12.27 3.718 9.226 -14.335 3.436 4.349 
2 24 -14.397 2.45 4.407 -12.6 3.072 8.72 
2 24 -13.835 6.451 6.766 -14.753 5.974 4.234 
2 24 -13.387 7.223 7.028 -13.835 6.451 6.766 
2 24 -11.615 8.766 8.851 -14.008 8.878 3.763 
2 24 -13.609 7.506 6.403 -13.387 7.223 7.028 
2 24 -14.345 7.434 4.127 -13.609 7.506 6.403 
2 24 -9.538 -0.463 -7.607 -11.795 -0.432 -2.959 
2 24 -12.865 -0.113 -3.06 -10.469 -0.209 -8.257 
2 24 -14.437 1.845 -3.37 -11.724 2.099 -9.288 
2 24 -14.122 3.28 -3.201 -11.476 3.196 -9.008 
2 24 -14.818 5.711 -3.505 -11.399 6.498 -9.666 
2 24 -14.186 8.602 -3.346 -11.52 8.621 -8.789 
2 24 -11.167 7.398 -9.757 -14.349 7.402 -3.307 
2 24 -10.832 6.88 -10.201 -11.399 6.498 -9.666 
2 24 -14.228 6.64 -3.338 -10.832 6.88 -10.201 
2 24 -11.167 7.398 -9.757 -10.832 6.88 -10.201 
2 24 -8.801 2.615 -11.963 -11.724 2.099 -9.288 
2 24 -11.476 3.196 -9.008 -8.466 3.39 -12.184 
2 24 -8.466 3.39 -12.184 -8.801 2.615 -11.963 
2 24 -9.283 5.175 -11.96 -9.44 5.659 -11.724 
2 24 -6.608 5.209 -13.757 -9.283 5.175 -11.96 
2 24 -8.867 6.234 -12.063 -9.44 5.659 -11.724 
2 24 -8.867 6.234 -12.063 -6.457 6.498 -13.415 
2 24 -6.505 -0.194 -11.781 -10.469 -0.209 -8.257 
2 24 -5.968 -0.557 -10.679 -9.538 -0.463 -7.607 
2 24 1.176 -0.639 -13.05 -6.505 -0.194 -11.781 
2 24 -6.976 1.663 -12.66 1.075 1.045 -14.257 
2 24 0.902 -0.87 -12.113 -5.968 -0.557 -10.679 
2 24 -6.233 2.526 -13.166 1.104 2.09 -14.078 
2 24 -6.257 3.852 -13.493 0.987 3.114 -14.448 
2 24 -6.608 5.209 -13.757 0.982 4.501 -15.045 
2 24 -6.457 6.498 -13.415 1.093 6.152 -14.644 
2 24 -6.361 8.254 -13.204 0.717 7.633 -14.386 
2 24 5.061 -0.974 -10.869 0.902 -0.87 -12.113 
2 24 1.176 -0.639 -13.05 5.728 -0.706 -11.778 
2 24 1.075 1.045 -14.257 5.985 0.845 -12.987 
2 24 1.104 2.09 -14.078 5.83 1.767 -12.892 
2 24 0.987 3.114 -14.448 5.867 2.578 -13.27 
2 24 0.982 4.501 -15.045 6.006 3.57 -13.893 
2 24 1.093 6.152 -14.644 6.378 5.475 -13.515 
2 24 6.667 6.282 -13.183 6.083 5.972 -13.504 
2 24 6.083 5.972 -13.504 6.378 5.475 -13.515 
2 24 0.717 7.633 -14.386 6.244 6.827 -13.191 
2 24 11.269 4.619 -10.17 6.378 5.475 -13.515 
2 24 6.083 5.972 -13.504 10.936 5.26 -9.582 
2 24 6.667 6.282 -13.183 11.006 5.929 -9.617 
2 24 6.244 6.827 -13.191 10.48 6.963 -9.72 
2 24 10.907 2.367 -9.645 5.867 2.578 -13.27 
2 24 10.854 1.723 -9.267 5.83 1.767 -12.892 
2 24 10.965 0.803 -9.218 5.985 0.845 -12.987 
2 24 9.848 -0.748 -8.207 5.728 -0.706 -11.778 
2 24 9.301 -0.997 -7.533 5.061 -0.974 -10.869 
2 24 10.48 6.963 -9.72 13.826 7.675 -4.22 
2 24 14.319 6.506 -3.903 11.006 5.929 -9.617 
2 24 14.722 6.458 2.142 14.965 5.805 1.58 
2 24 14.299 5.754 -3.88 14.722 6.458 2.142 
2 24 14.965 5.805 1.58 14.886 5.175 -3.997 
2 24 14.628 7.098 1.558 14.722 6.458 2.142 
2 24 14.319 6.506 -3.903 14.628 7.098 1.558 
2 24 14.104 2.154 -3.429 14.791 3.324 1.87 
2 24 14.694 2.083 1.962 14.232 1.113 -3.333 
2 24 14.346 3.06 -3.502 15.23 4.355 1.914 
2 24 12.765 -0.691 -2.613 13.174 -0.101 2.659 
2 24 12.212 -0.244 2.712 11.871 -0.883 -2.255 
2 24 13.826 7.675 -4.22 14.367 7.965 1.8 
2 24 6.474 2.135 12.153 10.556 0.952 7.743 
2 24 7.058 2.311 12.249 6.474 2.135 12.153 
2 24 9.848 -0.748 -8.207 12.765 -0.691 -2.613 
2 24 11.871 -0.883 -2.255 9.301 -0.997 -7.533 
2 24 10.965 0.803 -9.218 14.232 1.113 -3.333 
2 24 10.854 1.723 -9.267 14.104 2.154 -3.429 
2 24 10.907 2.367 -9.645 14.346 3.06 -3.502 
2 24 11.269 4.619 -10.17 14.886 5.175 -3.997 
2 24 10.936 5.26 -9.582 14.299 5.754 -3.88 
2 24 14.394 3.565 4.648 14.368 2.933 4.339 
2 24 14.791 3.324 1.87 14.394 3.565 4.648 
2 24 14.368 2.933 4.339 14.694 2.083 1.962 
2 24 14.592 4.248 4.433 14.394 3.565 4.648 
2 24 15.23 4.355 1.914 14.592 4.248 4.433 
2 24 13.653 5.904 6.693 13.544 4.937 7.27 
2 24 13.219 6.354 7.477 13.653 5.904 6.693 
2 24 12.668 6.448 8.44 13.219 6.354 7.477 
2 24 14.367 7.965 1.8 12.163 7.826 8.092 
2 24 13.174 -0.101 2.659 11.337 1.2 8.041 
2 24 10.556 0.952 7.743 12.212 -0.244 2.712 
2 24 5.054 1.66 12.831 6.474 2.135 12.153 
2 24 -14.008 8.878 3.763 -14.186 8.602 -3.346 
2 24 -14.349 7.402 -3.307 -14.345 7.434 4.127 
2 24 -14.228 6.64 -3.338 -14.384 6.716 4.17 
2 24 -14.818 5.711 -3.505 -14.753 5.974 4.234 
2 24 -14.122 3.28 -3.201 -14.335 3.436 4.349 
2 24 -14.437 1.845 -3.37 -14.397 2.45 4.407 
2 24 -12.865 -0.113 -3.06 -13.017 0.535 4.186 
2 24 -11.795 -0.432 -2.959 -11.945 0.382 4.003 
2 24 13.298 1.897 6.455 12.395 2.218 8.263 
2 24 13.298 1.897 6.455 13.718 2.418 5.903 
2 24 13.718 2.418 5.903 12.76 2.845 7.771 
2 24 13.645 3.172 6.6 13.129 3.656 8.021 
2 24 13.718 2.418 5.903 13.645 3.172 6.6 
2 24 12.943 4.976 8.323 13.544 4.937 7.27 
2 24 13.653 5.904 6.693 12.677 5.605 8.349 
2 24 -13.387 7.223 7.028 -14.384 6.716 4.17 
2 24 3.533 14.069 15.472 2.211 10.056 16.138 
2 24 7.99 18.716 12.934 4.464 14.166 12.461 
2 24 3.533 14.069 15.472 7.445 18.451 15.292 
2 24 4.464 14.166 12.461 1.665 9.841 12.939 
2 24 8.743 20.142 16.086 7.445 18.451 15.292 
2 24 9.635 20.825 13.984 7.99 18.716 12.934 
2 24 8.36 8.461 10.115 7.173 14.063 11.07 
2 24 7.173 14.063 11.07 4.464 14.166 12.461 
2 24 5.782 8.522 11.658 0.35 8.894 13.113 
2 24 8.36 8.461 10.115 5.782 8.522 11.658 
2 24 -6.807 8.782 11.19 -10.393 8.845 7.857 
2 24 -10.393 8.845 7.857 -12.604 8.915 3.336 
2 24 -12.681 8.922 -3.041 -10.372 8.8 -7.915 
2 24 -6.361 8.254 -13.204 -11.52 8.621 -8.789 
2 24 -10.372 8.8 -7.915 -5.645 8.539 -11.781 
2 24 -5.645 8.539 -11.781 0.651 7.785 -13.018 
2 24 0.651 7.785 -13.018 5.587 7.058 -11.762 
2 24 5.587 7.058 -11.762 9.522 7.189 -8.896 
2 24 9.522 7.189 -8.896 12.492 7.935 -3.802 
2 24 12.492 7.935 -3.802 12.923 8.261 1.675 
2 24 12.923 8.261 1.675 10.94 8.149 7.104 
2 24 -12.604 8.915 3.336 -12.681 8.922 -3.041 

