0 FILE 26603pb016.dat
0 Tile 2 x 3 with Reddish Brown Diamond Shaped Scar Pattern 
0 Name:  26603pb016.dat
0 Author:  
0 BFC CERTIFY CCW
3 16 -30.000 0.000 20.000 -19.250 0.000 -9.250 -11.500 0.000 -1.250
3 16 -11.500 0.000 -1.250 30.000 0.000 -20.000 30.000 0.000 20.000
3 16 30.000 0.000 20.000 -30.000 0.000 20.000 -11.500 0.000 -1.250
3 16 30.000 0.000 -20.000 -11.500 0.000 -1.250 -16.250 0.000 -10.500
3 16 30.000 0.000 -20.000 -16.250 0.000 -10.500 -23.250 0.000 -17.500
3 16 30.000 0.000 -20.000 -23.250 0.000 -17.500 -30.000 0.000 -20.000
3 16 -23.250 0.000 -17.500 -19.250 0.000 -9.250 -30.000 0.000 20.000
3 16 -30.000 0.000 20.000 -30.000 0.000 -20.000 -23.250 0.000 -17.500
3 92 -16.250 0.000 -10.500 -11.500 0.000 -1.250 -19.250 0.000 -9.250
3 92 -19.250 0.000 -9.250 -23.250 0.000 -17.500 -16.250 0.000 -10.500
1 16 0.0000 0.0000 0.0000 1.0000 0.0000 0.0000 0.0000 1.0000 0.0000 0.0000 0.0000 1.0000 s/26603s01.dat
