0 ~Train Track  9V Point Tongue Right
0 Name: 2860.dat
0 Author: Kevin Roach [KROACH]
0 !LDRAW_ORG Unofficial_Part
0 !LICENSE Redistributable under CCAL version 2.0 : see CAreadme.txt

0 BFC CERTIFY CCW

0 !HISTORY 2012-09-10 [KROACH] Added missing lines in bottom channel
0 !HISTORY 2016-03-26 [MMR1988] Added missing condlines due to primitive change

2 24 -105 3 7 -105 3 -21
2 24 5 0 4 5 0 1.59
2 24 5 -8 1.59 5 -8 -4.54
2 24 5 0 -4.54 5 0 -15
2 24 -105 -6 10 -105 -6 8.62
2 24 -103 -8 10 -103 -8 8.51
2 24 -46 -8 9.61 -46.59 -8 3.63
2 24 -30.62 -4 7.3 -31.52 -4 1.37
2 24 -16.78 -4 5.22 -17.67 -4 -0.71
2 24 2.67 -8 2.06 1.48 -8 -3.83
2 24 -94 3 7 -94 3 -21
2 24 -94 0 7 -94 0 -21
2 24 -105 8 10 -105 8 -21
2 24 5 2.5 4 5 2.5 -10
2 24 5 8 -10 5 8 -15
2 24 -105 8 10 -1 8 10
2 24 -46 0 9.61 -2.24 0 3.04
2 24 -2.24 0 3.04 5 0 1.59
2 24 -46 -4 9.61 -30.62 -4 7.3
2 24 -30.62 -4 7.3 -28.65 -4 7
2 24 -28.65 -4 7 -28.94 -4 5.03
2 24 -28.94 -4 5.03 -19.06 -4 3.55
2 24 -19.06 -4 3.55 -18.76 -4 5.52
2 24 -18.76 -4 5.52 -16.78 -4 5.22
2 24 -16.78 -4 5.22 -2.24 -4 3.04
2 24 -2.24 -4 3.04 2.67 -4 2.06
2 24 2.67 -8 2.06 5 -8 1.59
2 24 -105 0 8.62 -86.4 0 7.6
2 24 -86.4 0 7.6 -46.59 0 3.63
2 24 -46.59 0 3.63 -3.42 0 -2.84
2 24 -3.42 0 -2.84 5 0 -4.54
2 24 -105 -6 8.62 -103 -8 8.51
2 24 -103 -8 8.51 -86.4 -8 7.6
2 24 -86.4 -8 7.6 -46.59 -8 3.63
2 24 -46.59 -4 3.63 -31.52 -4 1.37
2 24 -31.52 -4 1.37 -29.54 -4 1.07
2 24 -29.54 -4 1.07 -29.24 -4 3.05
2 24 -29.24 -4 3.05 -19.35 -4 1.57
2 24 -19.35 -4 1.57 -19.65 -4 -0.41
2 24 -19.65 -4 -0.41 -17.67 -4 -0.71
2 24 -17.67 -4 -0.71 -3.42 -4 -2.84
2 24 -3.42 -4 -2.84 1.48 -4 -3.83
2 24 1.48 -8 -3.83 5 -8 -4.54
2 24 -105 3 7 -94 3 7
2 24 -105 0 7 -94 0 7
2 24 -105 0 8.62 -105 0 7
2 24 -105 3 -21 -94 3 -21
2 24 -94 0 -21 -1 0 -21
2 24 -105 8 -21 -1 8 -21
2 24 -49.92 0 10 -1 0 10
2 24 -105 -6 10 -103 -8 10
2 24 -103 -8 10 -49.92 -8 10
2 24 -49.92 0 9.99 -46 0 9.61
2 24 -49.92 -8 9.99 -46 -8 9.61
2 24 -105 8 10 -105 -6 10
2 24 -105 0 8.62 -105 -6 8.62
2 24 -105 8 -21 -105 3 -21
2 24 -94 3 -21 -94 0 -21
2 24 -49.92 0 9.99 -49.92 -8 9.99
2 24 -94 3 7 -94 0 7
2 24 -46 -4 9.61 -46 -8 9.61
2 24 2.67 -4 2.06 2.67 -8 2.06
2 24 5 0 1.59 5 -8 1.59
2 24 -46.59 -4 3.63 -46.59 -8 3.63
2 24 1.48 -4 -3.83 1.48 -8 -3.83
2 24 5 0 -4.54 5 -8 -4.54
2 24 -105 3 7 -105 0 7
2 24 -30.62 2.5 7.3 -30.62 -4 7.3
2 24 -16.78 2.5 5.22 -16.78 -4 5.22
2 24 -31.52 2.5 1.37 -31.52 -4 1.37
2 24 -17.67 2.5 -0.71 -17.67 -4 -0.71
4 16 -105 -6 10 -103 -8 10 -103 0 10 -105 0 10
4 16 -103 -8 10 -49.92 -8 10 -49.92 0 10 -103 0 10
4 16 -105 0 10 -1 0 10 -1 8 10 -105 8 10
4 16 -105 8 -21 -1 8 -21 -94 3 -21 -105 3 -21
4 16 -94 3 -21 -1 8 -21 -1 0 -21 -94 0 -21
4 16 5 0 4 5 0 -10 5 2.5 -10 5 2.5 4
4 16 5 0 -10 5 0 -15 5 8 -15 5 8 -10
4 16 -105 0 8.62 -103 0 8.51 -103 -8 8.51 -105 -6 8.62
4 16 -103 0 8.51 -86.4 0 7.6 -86.4 -8 7.6 -103 -8 8.51
4 16 -86.4 0 7.6 -46.59 0 3.63 -46.59 -8 3.63 -86.4 -8 7.6
4 16 -46.59 0 3.63 -31.52 0 1.37 -31.52 -4 1.37 -46.59 -4 3.63
4 16 -17.67 0 -0.71 -3.42 0 -2.84 -3.42 -4 -2.84 -17.67 -4 -0.71
4 16 -3.42 0 -2.84 1.48 0 -3.83 1.48 -4 -3.83 -3.42 -4 -2.84
4 16 1.48 0 -3.83 5 0 -4.54 5 -8 -4.54 1.48 -8 -3.83
4 16 -49.92 -8 9.99 -46 -8 9.61 -46 0 9.61 -49.92 0 9.99
5 24 -46 -4 9.61 -46 0 9.61 -55.9509 -4 10.6 -36.111 -4 8.1253
4 16 -46 -4 9.61 -30.62 -4 7.3 -30.62 0 7.3 -46 0 9.61
4 16 -16.78 -4 5.22 -2.24 -4 3.04 -2.24 0 3.04 -16.78 0 5.22
4 16 -2.24 -4 3.04 2.67 -4 2.06 2.67 0 2.06 -2.24 0 3.04
5 24 -2.24 -8 3.01 -2.24 0 3.01 -12.129 -8 4.5247 7.567 -8 1.0827
4 16 2.67 -8 2.06 5 -8 1.59 5 0 1.59 2.67 0 2.06
4 16 -105 3 10 -105 3 7 -105 0 7 -105 0 10
4 16 -105 8 10 -105 8 -21 -105 3 -21 -105 3 10
4 16 -105 0 10 -105 0 8.62 -105 -6 8.62 -105 -6 10
4 16 -94 3 7 -94 3 -21 -94 0 -21 -94 0 7
4 16 -105 3 7 -94 3 7 -94 0 7 -105 0 7
4 16 5 -8 1.59 5 -8 -4.54 5 0 -4.54 5 0 1.59
4 16 -30.62 -4 7.3 -31.52 -4 1.37 -31.52 0 1.37 -30.62 0 7.3
4 16 -16.78 0 5.22 -17.67 0 -0.71 -17.67 -4 -0.71 -16.78 -4 5.22
1 16 -1 0 4 0 0 6 0 1 0 6 0 0 1-4edge.dat
1 16 -1 8 -15 6 0 0 0 1 0 0 0 -6 1-4edge.dat
1 16 -1 0 -15 6 0 0 0 1 0 0 0 -6 1-4edge.dat
1 16 -1 2.5 4 0 0 6 0 -2.5 0 6 0 0 1-4cyli.dat
1 16 -1 8 -15 6 0 0 0 -8 0 0 0 -6 1-4cyli.dat
1 16 -1 0 4 0 0 6 0 1 0 6 0 0 1-4disc.dat
1 16 -1 0 -15 6 0 0 0 1 0 0 0 -6 1-4disc.dat
4 16 -105 3 -21 -94 3 -21 -94 3 7 -105 3 7
4 16 -105 0 7 -94 0 7 -94 0 8 -105 0 8.62
3 16 -94 0 8 -94 0 -21 -86.4 0 7.6
4 16 -94 0 -21 -46.59 0 -21 -46.59 0 3.63 -86.4 0 7.6
4 16 -46.59 0 -21 -3.42 0 -21 -3.42 0 -2.84 -46.59 0 3.63
4 16 -3.42 0 -21 -1 0 -21 -1 0 -15 -3.42 0 -15
4 16 -3.42 0 -15 5 0 -15 5 0 -4.54 -3.42 0 -2.84
3 16 -49.92 0 9.99 -46 0 9.61 -45.96 0 10
4 16 -46 0 9.61 -2.24 0 3.04 -2.24 0 10 -45.96 0 10
4 16 -2.24 0 3.04 5 0 1.59 5 0 4 -2.24 0 4
4 16 -2.24 0 4 -1 0 4 -1 0 10 -2.24 0 10
4 16 -30.62 -4 7.3 -28.65 -4 7 -29.54 -4 1.07 -31.52 -4 1.37
4 16 -28.94 -4 5.03 -19.06 -4 3.55 -19.35 -4 1.57 -29.24 -4 3.05
4 16 -18.76 -4 5.52 -16.78 -4 5.22 -17.67 -4 -0.71 -19.65 -4 -0.41
4 16 -105 -6 8.62 -103 -8 8.51 -103 -8 10 -105 -6 10
4 16 -103 -8 8.51 -86.4 -8 7.6 -86.15 -8 10 -103 -8 10
4 16 -86.4 -8 7.6 -50.25 -8 3.99 -49.92 -8 10 -86.15 -8 10
4 16 -50.25 -8 3.99 -46.59 -8 3.63 -46 -8 9.61 -49.92 -8 10
4 16 1.48 -8 -3.83 5 -8 -4.54 5 -8 1.59 2.67 -8 2.06
0 BFC INVERTNEXT
1 16 -1 8 -15 3.5 0 0 0 -5.5 0 0 0 -3.5 1-4cyli.dat
1 16 -1 8 -15 3.5 0 0 0 1 0 0 0 -3.5 1-4edge.dat
1 16 -1 2.5 -15 3.5 0 0 0 1 0 0 0 -3.5 1-4edge.dat
2 24 -102.5 8 7.5 -85 8 7.5
2 24 -85 8 8.75 -85 8 7.5
2 24 -85 8 8.75 -75 8 8.75
2 24 -75 8 8.75 -75 8 7.5
2 24 -75 8 7.5 3.739 8 7.5
2 24 -102.5 8 -18.5 -85 8 -18.5
2 24 -85 8 -18.5 -85 8 -19.75
2 24 -85 8 -19.75 -75 8 -19.75
2 24 -75 8 -18.5 -75 8 -19.75
2 24 -75 8 -18.5 -1 8 -18.5
2 24 2.5 8 -15 2.5 8 -10
2 24 2.5 8 -10 5 8 -10
1 16 0 2.5 0 5 0 0 0 2.5 0 0 0 -5 4-4cyli.dat
4 16 -69 8 7.5 3.739 8 7.5 3.739 2.5 7.5 -69 2.5 7.5
4 16 -50.03 2.5 7.99 -46.2 2.5 7.61 -46.2 0 7.61 -50.03 0 7.99
4 16 -46.2 2.5 7.61 -30.92 2.5 5.32 -30.92 0 5.32 -46.2 0 7.61
4 16 -17.08 2.5 3.25 -4.67 2.5 1.39 -4.67 0 1.39 -17.08 0 3.25
4 16 -50.14 0 5.99 -46.4 0 5.62 -46.4 2.5 5.62 -50.14 2.5 5.99
4 16 -46.4 0 5.62 -31.22 0 3.35 -31.22 2.5 3.35 -46.4 2.5 5.62
4 16 -17.37 0 1.27 -4.96 0 -0.59 -4.96 2.5 -0.59 -17.37 2.5 1.27
4 16 -50.03 0 7.99 -46.2 0 7.61 -46.4 0 5.62 -50.14 0 5.99
4 16 -46.2 0 7.61 -30.92 0 5.32 -31.22 0 3.35 -46.4 0 5.62
4 16 -17.08 0 3.25 -4.67 0 1.39 -4.96 0 -0.59 -17.37 0 1.27
4 16 -30.62 2.5 7.3 -16.78 2.5 5.22 -16.78 0 5.22 -30.62 0 7.3
4 16 -31.52 0 1.37 -17.67 0 -0.71 -17.67 2.5 -0.71 -31.52 2.5 1.37
4 16 -69 2.5 -18.5 -1 2.5 -18.5 -1 8 -18.5 -69 8 -18.5
4 16 -102.5 5 7.5 -102.5 5 -18.5 -102.5 8 -18.5 -102.5 8 7.5
4 16 -102.5 5 7.5 -91.5 5 7.5 -91.5 5 -18.5 -102.5 5 -18.5
4 16 -91.5 2.5 7.5 -91.5 2.5 -18.5 -91.5 5 -18.5 -91.5 5 7.5
4 16 -91.5 2.5 7.5 -85 2.5 7.5 -85 2.5 -18.5 -91.5 2.5 -18.5
4 16 -85 1.25 8.75 -75 1.25 8.75 -75 1.25 -19.75 -85 1.25 -19.75
4 16 -75 2.5 7.5 -71 2.5 7.5 -71 2.5 -18.5 -75 2.5 -18.5
4 16 -71 5 7.5 -71 5 -5 -71 2.5 -5 -71 2.5 7.5
4 16 -71 9 -5 -71 9 -10 -71 2.5 -10 -71 2.5 -5
4 16 -71 5 -10 -71 5 -18.5 -71 2.5 -18.5 -71 2.5 -10
4 16 -69 2.5 7.5 -69 2.5 -5 -69 5 -5 -69 5 7.5
4 16 -69 2.5 -5 -69 2.5 -10 -69 9 -10 -69 9 -5
4 16 -69 2.5 -10 -69 2.5 -18.5 -69 5 -18.5 -69 5 -10
4 16 -85 1.25 8.75 -85 1.25 -19.75 -85 2.5 -18.5 -85 2.5 7.5
4 16 -75 2.5 7.5 -75 2.5 -18.5 -75 1.25 -19.75 -75 1.25 8.75
1 16 -1 2.5 4 0 0 6 0 -1 0 6 0 0 1-4disc.dat
1 16 -1 2.5 -15 3.5 0 0 0 -1 0 0 0 -3.5 1-4disc.dat
1 16 -1 8 -15 1.75 0 0 0 -1 0 0 0 -1.75 1-4ring2.dat
1 16 -1 8 -15 0.75 0 0 0 -1 0 0 0 -0.75 1-4ring7.dat
4 16 -71 5 7.5 -69 5 7.5 -69 5 -5 -71 5 -5
4 16 -71 5 -5 -69 5 -5 -69 9 -5 -71 9 -5
4 16 -71 9 -5 -69 9 -5 -69 9 -10 -71 9 -10
4 16 -71 9 -10 -69 9 -10 -69 5 -10 -71 5 -10
4 16 -71 5 -10 -69 5 -10 -69 5 -18.5 -71 5 -18.5
4 16 -102.5 8 7.5 -91.5 8 7.5 -91.5 5 7.5 -102.5 5 7.5
4 16 -91.5 8 7.5 -85 8 7.5 -85 2.5 7.5 -91.5 2.5 7.5
4 16 -85 1.25 8.75 -85 2.5 7.5 -85 8 7.5 -85 8 8.75
4 16 -85 8 8.75 -75 8 8.75 -75 1.25 8.75 -85 1.25 8.75
4 16 -75 8 8.75 -75 8 7.5 -75 2.5 7.5 -75 1.25 8.75
4 16 -75 8 7.5 -71 8 7.5 -71 2.5 7.5 -75 2.5 7.5
4 16 -71 8 7.5 -69 8 7.5 -69 5 7.5 -71 5 7.5
4 16 -102.5 5 -18.5 -91.5 5 -18.5 -91.5 8 -18.5 -102.5 8 -18.5
4 16 -91.5 2.5 -18.5 -85 2.5 -18.5 -85 8 -18.5 -91.5 8 -18.5
4 16 -85 2.5 -18.5 -85 1.25 -19.75 -85 8 -19.75 -85 8 -18.5
4 16 -85 1.25 -19.75 -75 1.25 -19.75 -75 8 -19.75 -85 8 -19.75
4 16 -75 8 -18.5 -75 8 -19.75 -75 1.25 -19.75 -75 2.5 -18.5
4 16 -75 2.5 -18.5 -71 2.5 -18.5 -71 8 -18.5 -75 8 -18.5
4 16 -71 5 -18.5 -69 5 -18.5 -69 8 -18.5 -71 8 -18.5
4 16 -69 2.5 7.5 -50.06 2.5 7.5 -51.49 2.5 -18.5 -69 2.5 -18.5
4 16 -50.14 2.5 5.99 -46.4 2.5 5.62 -48.8 2.5 -18.5 -51.49 2.5 -18.5
4 16 -46.4 2.5 5.62 -31.22 2.5 3.35 -34.51 2.5 -18.5 -48.8 2.5 -18.5
4 16 -31.52 2.5 1.37 -17.67 2.5 -0.71 -20.35 2.5 -18.5 -34.51 2.5 -18.5
4 16 -17.37 2.5 1.27 -4.96 2.5 -0.59 -7.65 2.5 -18.5 -20.35 2.5 -18.5
4 16 -30.59 2.5 7.5 -16.44 2.5 7.5 -16.78 2.5 5.22 -30.62 2.5 7.3
4 16 -16.44 2.5 7.5 -3.75 2.5 7.5 -4.67 2.5 1.39 -17.08 2.5 3.25
4 16 -3.75 2.5 7.5 -1 2.5 7.5 -1 2.5 -18.5 -7.65 2.5 -18.5
3 16 -30.92 2.5 5.32 -46.2 2.5 7.61 -30.59 2.5 7.5
1 16 -1 8 4 0 0 6 0 -5.5 0 6 0 0 1-8cyli.dat
4 16 3.243 2.5 8.2426 3.739 2.5 7.5 3.739 8 7.5 3.243 8 8.2426
4 16 3.243 8 8.2426 -1 8 7.5 -1 8 10 1.296 8 9.5433
3 16 3.243 8 8.2426 3.739 8 7.5 -1 8 7.5
1 16 -1 8 4 0 0 6 0 1 0 6 0 0 1-8edge.dat
2 24 3.243 8 8.2426 3.739 8 7.5
2 24 3.739 2.5 7.5 3.739 8 7.5
2 24 3.739 2.5 7.5 4.543 2.5 6.2961
2 24 4.543 2.5 6.2961 5 2.5 4
4 16 -1 2.5 4 5 2.5 4 5 2.5 -10 -1 2.5 -10
4 16 -1 2.5 -10 2.5 2.5 -10 2.5 2.5 -15 -1 2.5 -15
4 16 2.5 8 -10 2.5 8 -15 2.5 2.5 -15 2.5 2.5 -10
4 16 2.5 2.5 -10 5 2.5 -10 5 8 -10 2.5 8 -10
1 16 0 12.5 0 0.3827 0 0.9239 0 2 0 0.9239 0 -0.3827 3-8con5.dat
1 16 0 12 0 0.0957 0 0.231 0 0.5 0 0.231 0 -0.0957 3-8con24.dat
1 16 0 12 0 0.0957 0 0.231 0 0.5 0 0.231 0 -0.0957 3-8rin24.dat
1 16 0 12 0 0.3827 0 0.9239 0 2 0 0.9239 0 -0.3827 3-8ring5.dat
1 16 0 14.5 0 1.9134 0 4.6194 0 1 0 4.6194 0 -1.9134 3-8edge.dat
1 16 0 12 0 1.9134 0 4.6194 0 1 0 4.6194 0 -1.9134 3-8edge.dat
1 16 0 12 0 2.3918 0 5.7742 0 1 0 5.7742 0 -2.3918 3-8edge.dat
4 16 1.5 12 -5.9516 2.392 12 -5.7742 1.913 12 -4.6194 1.5 12 -4.7016
2 24 1.5 12 -5.9516 2.392 12 -5.7742
2 24 1.5 12 -4.7016 1.913 12 -4.6194
2 24 1.5 14.5 -4.7016 1.913 14.5 -4.6194
4 16 1.5 12 4.7016 1.913 12 4.6194 2.392 12 5.7742 1.5 12 5.9516
2 24 1.5 12 5.9516 2.392 12 5.7742
2 24 1.5 12 4.7016 1.913 12 4.6194
2 24 1.5 14.5 4.7016 1.913 14.5 4.6194
4 16 1.5 14.5 -4.7016 1.913 14.5 -4.6194 2.392 12 -5.7742 1.5 12 -5.9516
4 16 1.5 12 5.9516 2.392 12 5.7742 1.913 14.5 4.6194 1.5 14.5 4.7016
1 16 0 14.5 0 1.7678 0 1.7678 0 -1 0 1.7678 0 -1.7678 1-4ring1.dat
3 16 1.913 14.5 4.6194 1.5 14.5 2 1.5 14.5 4.7016
4 16 1.768 14.5 1.7678 1.5 14.5 2 1.913 14.5 4.6194 3.536 14.5 3.5355
3 16 1.5 14.5 -2 1.913 14.5 -4.6194 1.5 14.5 -4.7016
4 16 3.536 14.5 -3.5355 1.913 14.5 -4.6194 1.5 14.5 -2 1.768 14.5 -1.7678
1 16 0 14.5 0 1.7678 0 1.7678 0 1 0 1.7678 0 -1.7678 1-4edge.dat
1 16 0 5 0 1.7678 0 1.7678 0 1 0 1.7678 0 -1.7678 1-4edge.dat
0 BFC INVERTNEXT
1 16 0 14.5 0 1.7678 0 1.7678 0 -9.5 0 1.7678 0 -1.7678 1-4cyli.dat
4 16 1.5 14.5 2 1.768 14.5 1.7678 1.768 5 1.7678 1.5 5 2
2 24 1.5 14.5 2 1.768 14.5 1.7678
2 24 1.5 5 2 1.768 5 1.7678
4 16 1.5 5 -2 1.768 5 -1.7678 1.768 14.5 -1.7678 1.5 14.5 -2
2 24 1.5 14.5 -2 1.768 14.5 -1.7678
2 24 1.5 5 -2 1.768 5 -1.7678
1 16 0 12 0 1.9134 0 4.6194 0 -7 0 4.6194 0 -1.9134 3-8cyli.dat
4 16 1.5 5 4.7016 1.913 5 4.6194 1.913 12 4.6194 1.5 12 4.7016
4 16 1.5 12 -4.7016 1.913 12 -4.6194 1.913 5 -4.6194 1.5 5 -4.7016
2 24 1.5 12 5.9516 1.5 12 4.7016
2 24 1.5 12 5.9516 1.5 14.5 4.7016
4 16 1.5 14.5 4.7016 1.5 14.5 2 1.5 12 4.7016 1.5 12 5.9516
4 16 1.5 12 4.7016 1.5 14.5 2 1.5 5 2 1.5 5 4.7016
2 24 1.5 14.5 4.7016 1.5 14.5 2
2 24 1.5 5 4.7016 1.5 5 2
2 24 1.5 5 2 1.5 14.5 2
2 24 1.5 5 4.7016 1.5 12 4.7016
2 24 1.5 12 -5.9516 1.5 12 -4.7016
2 24 1.5 12 -5.9516 1.5 14.5 -4.7016
4 16 1.5 12 -5.9516 1.5 12 -4.7016 1.5 14.5 -2 1.5 14.5 -4.7016
4 16 1.5 5 -4.7016 1.5 5 -2 1.5 14.5 -2 1.5 12 -4.7016
2 24 1.5 14.5 -4.7016 1.5 14.5 -2
2 24 1.5 5 -4.7016 1.5 5 -2
2 24 1.5 5 -2 1.5 14.5 -2
2 24 1.5 5 -4.7016 1.5 12 -4.7016
1 16 0 14.5 0 -1.9134 0 -4.6194 0 1 0 -4.6194 0 1.9134 3-8edge.dat
2 24 -1.5 14.5 4.7016 -1.913 14.5 4.6194
2 24 -1.5 14.5 -4.7016 -1.913 14.5 -4.6194
1 16 0 14.5 0 -1.7678 0 -1.7678 0 -1 0 -1.7678 0 1.7678 1-4ring1.dat
3 16 -1.913 14.5 -4.6194 -1.5 14.5 -2 -1.5 14.5 -4.7016
4 16 -1.768 14.5 -1.7678 -1.5 14.5 -2 -1.913 14.5 -4.6194 -3.536 14.5 -3.5355
3 16 -1.5 14.5 2 -1.913 14.5 4.6194 -1.5 14.5 4.7016
4 16 -3.536 14.5 3.5355 -1.913 14.5 4.6194 -1.5 14.5 2 -1.768 14.5 1.7678
1 16 0 14.5 0 -1.7678 0 -1.7678 0 1 0 -1.7678 0 1.7678 1-4edge.dat
1 16 0 5 0 -1.7678 0 -1.7678 0 1 0 -1.7678 0 1.7678 1-4edge.dat
0 BFC INVERTNEXT
1 16 0 14.5 0 -1.7678 0 -1.7678 0 -9.5 0 -1.7678 0 1.7678 1-4cyli.dat
4 16 -1.5 14.5 -2 -1.768 14.5 -1.7678 -1.768 5 -1.7678 -1.5 5 -2
2 24 -1.5 14.5 -2 -1.768 14.5 -1.7678
2 24 -1.5 5 -2 -1.768 5 -1.7678
4 16 -1.5 5 2 -1.768 5 1.7678 -1.768 14.5 1.7678 -1.5 14.5 2
2 24 -1.5 14.5 2 -1.768 14.5 1.7678
2 24 -1.5 5 2 -1.768 5 1.7678
1 16 0 14.5 0 -1.9134 0 -4.6194 0 -9.5 0 -4.6194 0 1.9134 3-8cyli.dat
4 16 -1.5 5 -4.7016 -1.913 5 -4.6194 -1.913 14.5 -4.6194 -1.5 14.5 -4.7016
4 16 -1.5 14.5 4.7016 -1.913 14.5 4.6194 -1.913 5 4.6194 -1.5 5 4.7016
4 16 -1.5 5 4.7016 -1.5 5 2 -1.5 14.5 2 -1.5 14.5 4.7016
2 24 -1.5 14.5 -4.7016 -1.5 14.5 -2
2 24 -1.5 5 -4.7016 -1.5 5 -2
2 24 -1.5 5 -2 -1.5 14.5 -2
2 24 -1.5 5 -4.7016 -1.5 14.5 -4.7016
4 16 -1.5 14.5 -4.7016 -1.5 14.5 -2 -1.5 5 -2 -1.5 5 -4.7016
2 24 -1.5 14.5 4.7016 -1.5 14.5 2
2 24 -1.5 5 4.7016 -1.5 5 2
2 24 -1.5 5 2 -1.5 14.5 2
2 24 -1.5 5 4.7016 -1.5 14.5 4.7016
2 24 1.5 5 -4.7016 0 5 -5
2 24 -1.5 5 -4.7016 0 5 -5
2 24 -1.5 5 4.7016 0 5 5
2 24 1.5 5 4.7016 0 5 5
2 24 1.5 5 -2 0.957 5 -2.3097
2 24 0.957 5 -2.3097 0 5 -2.5
2 24 -1.5 5 -2 -0.957 5 -2.3097
2 24 -0.957 5 -2.3097 0 5 -2.5
2 24 -1.5 5 2 -0.957 5 2.3097
2 24 -0.957 5 2.3097 0 5 2.5
2 24 1.5 5 2 0.957 5 2.3097
2 24 0.957 5 2.3097 0 5 2.5
1 16 0 5 0 2.5 0 0 0 -1 0 0 0 -2.5 4-4ring1.dat
0 BFC INVERTNEXT
1 16 0 2.5 0 2.5 0 0 0 2.5 0 0 0 -2.5 4-4cyli.dat
4 16 -105 8 10 -102.5 8 7.5 -102.5 8 -18.5 -105 8 -21
4 16 -105 8 10 -85 8 10 -85 8 7.5 -102.5 8 7.5
4 16 -85 8 10 -75 8 10 -75 8 8.75 -85 8 8.75
4 16 -75 8 10 -1 8 10 -1 8 7.5 -75 8 7.5
4 16 2.5 8 -10 5 8 -10 5 8 -15 2.5 8 -15
4 16 -102.5 8 -18.5 -85 8 -18.5 -85 8 -21 -105 8 -21
4 16 -85 8 -19.75 -75 8 -19.75 -75 8 -21 -85 8 -21
4 16 -75 8 -18.5 -1 8 -18.5 -1 8 -21 -75 8 -21
4 16 -30.62 0 7.3 -30.92 0 5.32 -30.92 2.5 5.32 -30.62 2.5 7.3
4 16 -31.22 0 3.35 -31.52 0 1.37 -31.52 2.5 1.37 -31.22 2.5 3.35
4 16 -16.78 2.5 5.22 -17.08 2.5 3.25 -17.08 0 3.25 -16.78 0 5.22
4 16 -17.37 2.5 1.27 -17.67 2.5 -0.71 -17.67 0 -0.71 -17.37 0 1.27
1 16 0 2.5 0 5 0 0 0 1 0 0 0 -5 4-4edge.dat
2 24 -102.5 5 7.5 -91.5 5 7.5
2 24 -91.5 2.5 7.5 -85 2.5 7.5
2 24 -85 1.25 8.75 -75 1.25 8.75
2 24 -75 2.5 7.5 -71 2.5 7.5
2 24 -71 5 7.5 -69 5 7.5
2 24 -69 2.5 7.5 3.739 2.5 7.5
2 24 -102.5 5 -18.5 -91.5 5 -18.5
2 24 -91.5 2.5 -18.5 -85 2.5 -18.5
2 24 -85 1.25 -19.75 -75 1.25 -19.75
2 24 -75 2.5 -18.5 -71 2.5 -18.5
2 24 -71 5 -18.5 -69 5 -18.5
2 24 -69 2.5 -18.5 -1 2.5 -18.5
2 24 2.5 2.5 -15 2.5 2.5 -10
2 24 2.5 2.5 -10 5 2.5 -10
2 24 -102.5 8 7.5 -102.5 8 -18.5
2 24 -102.5 5 7.5 -102.5 5 -18.5
2 24 -91.5 5 7.5 -91.5 5 -18.5
2 24 -91.5 2.5 7.5 -91.5 2.5 -18.5
2 24 -85 2.5 7.5 -85 2.5 -18.5
2 24 -85 1.25 8.75 -85 1.25 -19.75
2 24 -75 1.25 8.75 -75 1.25 -19.75
2 24 -75 2.5 7.5 -75 2.5 -18.5
2 24 -71 2.5 7.5 -71 2.5 -18.5
2 24 -71 5 7.5 -71 5 -5
2 24 -71 9 -5 -71 9 -10
2 24 -71 5 -10 -71 5 -18.5
2 24 -69 5 7.5 -69 5 -5
2 24 -69 9 -5 -69 9 -10
2 24 -69 5 -10 -69 5 -18.5
2 24 -69 2.5 7.5 -69 2.5 -18.5
2 24 -102.5 8 7.5 -102.5 5 7.5
2 24 -91.5 5 7.5 -91.5 2.5 7.5
2 24 -85 8 7.5 -85 2.5 7.5
2 24 -85 8 8.75 -85 1.25 8.75
2 24 -75 8 8.75 -75 1.25 8.75
2 24 -75 8 7.5 -75 2.5 7.5
2 24 -71 5 7.5 -71 2.5 7.5
2 24 -69 5 7.5 -69 2.5 7.5
2 24 -102.5 8 -18.5 -102.5 5 -18.5
2 24 -91.5 5 -18.5 -91.5 2.5 -18.5
2 24 -85 8 -18.5 -85 2.5 -18.5
2 24 -85 8 -19.75 -85 1.25 -19.75
2 24 -75 8 -19.75 -75 1.25 -19.75
2 24 -75 8 -18.5 -75 2.5 -18.5
2 24 -71 5 -18.5 -71 2.5 -18.5
2 24 -69 5 -18.5 -69 2.5 -18.5
2 24 2.5 8 -10 2.5 2.5 -10
2 24 5 8 -10 5 2.5 -10
0 BFC INVERTNEXT
1 16 -61.25 2.5 -7.5 1.25 0 0 0 5.5 0 0 0 -1.25 4-4cyli.dat
1 16 -61.25 3.75 -7.5 2.5 0 0 0 4.25 0 0 0 -2.5 4-4cyli.dat
1 16 -61.25 2.5 -7.5 3.75 0 0 0 1.25 0 0 0 -3.75 4-4cyli.dat
1 16 -61.25 2.5 -7.5 3.75 0 0 0 1 0 0 0 -3.75 4-4edge.dat
1 16 -61.25 3.75 -7.5 3.75 0 0 0 1 0 0 0 -3.75 4-4edge.dat
1 16 -61.25 3.75 -7.5 2.5 0 0 0 1 0 0 0 -2.5 4-4edge.dat
1 16 -61.25 8 -7.5 2.5 0 0 0 1 0 0 0 -2.5 4-4edge.dat
1 16 -61.25 2.5 -7.5 1.25 0 0 0 1 0 0 0 -1.25 4-4edge.dat
1 16 -61.25 8 -7.5 1.25 0 0 0 1 0 0 0 -1.25 4-4edge.dat
1 16 -61.25 8 -7.5 1.25 0 0 0 -1 0 0 0 -1.25 4-4ring1.dat
1 16 -61.25 3.75 -7.5 1.25 0 0 0 -1 0 0 0 -1.25 4-4ring2.dat
0 BFC INVERTNEXT
1 16 -43.75 2.5 -7.5 1.25 0 0 0 5.5 0 0 0 -1.25 4-4cyli.dat
1 16 -43.75 3.75 -7.5 2.5 0 0 0 3.75 0 0 0 -2.5 4-4cyli.dat
1 16 -43.75 2.5 -7.5 3.75 0 0 0 1.25 0 0 0 -3.75 4-4cyli.dat
1 16 -43.75 7.5 -7.5 1.25 0 0 0 1 0 0 0 -1.25 4-4ring2.dat
1 16 -43.75 7.5 -7.5 3.75 0 0 0 0.5 0 0 0 -3.75 4-4cyli.dat
1 16 -43.75 8 -7.5 1.25 0 0 0 -1 0 0 0 -1.25 4-4ring2.dat
1 16 -43.75 8 -7.5 1.25 0 0 0 -1 0 0 0 -1.25 4-4ring1.dat
1 16 -43.75 3.75 -7.5 1.25 0 0 0 -1 0 0 0 -1.25 4-4ring2.dat
1 16 -43.75 2.5 -7.5 3.75 0 0 0 1 0 0 0 -3.75 4-4edge.dat
1 16 -43.75 3.75 -7.5 3.75 0 0 0 1 0 0 0 -3.75 4-4edge.dat
1 16 -43.75 3.75 -7.5 2.5 0 0 0 1 0 0 0 -2.5 4-4edge.dat
1 16 -43.75 7.5 -7.5 2.5 0 0 0 1 0 0 0 -2.5 4-4edge.dat
1 16 -43.75 2.5 -7.5 1.25 0 0 0 1 0 0 0 -1.25 4-4edge.dat
1 16 -43.75 8 -7.5 1.25 0 0 0 1 0 0 0 -1.25 4-4edge.dat
1 16 -43.75 7.5 -7.5 3.75 0 0 0 1 0 0 0 -3.75 4-4edge.dat
1 16 -43.75 8 -7.5 3.75 0 0 0 1 0 0 0 -3.75 4-4edge.dat
2 24 -50.03 2.5 7.99 -50.14 2.5 5.99
1 16 0 2.5 0 2.5 0 0 0 1 0 0 0 -2.5 4-4edge.dat
2 24 -50.03 2.5 7.99 -46.2 2.5 7.61
2 24 -50.03 0 7.99 -46.2 0 7.61
2 24 -46.2 2.5 7.61 -30.92 2.5 5.32
2 24 -46.2 0 7.61 -30.92 0 5.32
2 24 -30.62 2.5 7.3 -30.92 2.5 5.32
2 24 -30.62 2.5 7.3 -16.78 2.5 5.22
2 24 -16.78 2.5 5.22 -17.08 2.5 3.25
2 24 -17.08 2.5 3.25 -4.67 2.5 1.39
2 24 -17.08 0 3.25 -4.67 0 1.39
2 24 -50.14 2.5 5.99 -46.4 2.5 5.62
2 24 -50.14 0 5.99 -46.4 0 5.62
2 24 -46.4 2.5 5.62 -31.22 2.5 3.35
2 24 -46.4 0 5.62 -31.22 0 3.35
2 24 -31.22 2.5 3.35 -31.52 2.5 1.37
2 24 -31.52 2.5 1.37 -17.67 2.5 -0.71
2 24 -17.37 2.5 1.27 -17.67 2.5 -0.71
2 24 -17.37 2.5 1.27 -4.96 2.5 -0.59
2 24 -17.37 0 1.27 -4.96 0 -0.59
2 24 -30.92 2.5 5.32 -30.92 0 5.32
2 24 -30.92 0 5.32 -31.22 0 3.35
2 24 -31.22 2.5 3.35 -31.22 0 3.35
2 24 -17.08 2.5 3.25 -17.08 0 3.25
2 24 -17.08 0 3.25 -17.37 0 1.27
2 24 -17.37 2.5 1.27 -17.37 0 1.27
4 16 -50.03 0 7.99 -50.14 0 5.99 -50.14 2.5 5.99 -50.03 2.5 7.99
4 16 -4.67 2.5 1.39 -4.96 2.5 -0.59 -4.96 0 -0.59 -4.67 0 1.39
2 24 -71 9 -5 -71 5 -5
2 24 -71 9 -10 -71 5 -10
2 24 -69 9 -5 -69 5 -5
2 24 -69 9 -10 -69 5 -10
2 24 -50.03 2.5 7.99 -50.03 0 7.99
2 24 -50.03 0 7.99 -50.14 0 5.99
2 24 -50.14 2.5 5.99 -50.14 0 5.99
2 24 -4.67 2.5 1.39 -4.67 0 1.39
2 24 -4.67 0 1.39 -4.96 0 -0.59
2 24 -4.96 2.5 -0.59 -4.96 0 -0.59
2 24 -71 9 -5 -69 9 -5
2 24 -71 9 -10 -69 9 -10
2 24 -71 5 -5 -69 5 -5
2 24 -71 5 -10 -69 5 -10

5 24 -2.24 -4 3.04 -2.24 0 3.04 -16.78 -4 5.22 2.67 -4 2.06
5 24 -1.913 5 -4.6194 -1.913 14.5 -4.6194 -1.5 5 -4.7016 -3.53563 5 -3.53561
5 24 -1.913 14.5 4.6194 -1.913 5 4.6194 -1.5 14.5 4.7016 -3.53561 14.5 3.53563
5 24 -86.4 0 7.6 -86.4 -8 7.6 -103 0 8.51 -46.59 0 3.63
5 24 -3.42 0 -2.84 -3.42 -4 -2.84 -17.67 0 -0.71 1.48 0 -3.83
5 24 -46.2 2.5 7.61 -46.2 0 7.61 -50.03 2.5 7.99 -30.92 2.5 5.32
5 24 3.243 8 8.2426 3.243 2.5 8.2426 3.739 2.5 7.5 1.2962 8 9.5434
5 24 1.913 5 4.6194 1.913 12 4.6194 1.5 5 4.7016 3.53563 5 3.53561
5 24 1.768 5 -1.7678 1.768 14.5 -1.7678 1.5 5 -2 2.30981 5 -0.956733
5 24 1.768 14.5 1.7678 1.768 5 1.7678 1.5 14.5 2 2.30981 14.5 0.956733
5 24 -1.768 5 1.7678 -1.768 14.5 1.7678 -1.5 5 2 -2.30981 5 0.956733
5 24 -46.4 0 5.62 -46.4 2.5 5.62 -50.14 0 5.99 -31.22 0 3.35
5 24 1.913 12 -4.6194 1.913 5 -4.6194 1.5 12 -4.7016 3.53561 12 -3.53563
5 24 -1.768 14.5 -1.7678 -1.768 5 -1.7678 -1.5 14.5 -2 -2.30981 14.5 -0.956733
