0 FILE 3068bpb0052.dat
0 Tile 2 x 2 with Groove with Bird Pattern 
0 Name:  3068bpb0052.dat
0 Author:  
0 BFC CERTIFY CCW
3 16 -9.000 0.000 5.600 -9.900 0.000 5.200 -9.000 0.000 5.100
3 16 -9.000 0.000 5.600 -9.000 0.000 6.700 -9.100 0.000 7.400
3 16 -9.100 0.000 7.400 -9.900 0.000 5.200 -9.000 0.000 5.600
3 16 -9.900 0.000 5.200 -9.100 0.000 7.400 -9.400 0.000 8.000
3 16 -9.400 0.000 8.000 -10.700 0.000 5.200 -9.900 0.000 5.200
3 16 -9.400 0.000 8.000 -9.900 0.000 8.900 -11.600 0.000 5.100
3 16 -11.600 0.000 5.100 -10.700 0.000 5.200 -9.400 0.000 8.000
3 16 -11.600 0.000 5.100 -9.900 0.000 8.900 -10.000 0.000 9.400
3 16 -10.000 0.000 9.400 -12.800 0.000 4.800 -11.600 0.000 5.100
3 16 -12.800 0.000 4.800 -10.000 0.000 9.400 -9.900 0.000 9.900
3 16 -9.900 0.000 9.900 -13.700 0.000 4.300 -12.800 0.000 4.800
3 16 -6.100 0.000 14.100 -3.300 0.000 16.600 -0.800 0.000 19.000
3 16 -0.800 0.000 19.000 -20.000 0.000 20.000 -6.100 0.000 14.100
3 16 -0.800 0.000 19.000 -3.300 0.000 16.600 -2.800 0.000 16.700
3 16 -0.800 0.000 19.000 -2.800 0.000 16.700 -2.200 0.000 16.800
3 16 -0.800 0.000 19.000 -2.200 0.000 16.800 -1.500 0.000 16.800
3 16 -0.800 0.000 19.000 -1.500 0.000 16.800 -0.900 0.000 16.600
3 16 -0.900 0.000 16.600 -0.600 0.000 16.200 2.100 0.000 15.500
3 16 2.100 0.000 15.500 -0.800 0.000 19.000 -0.900 0.000 16.600
3 16 -0.800 0.000 19.000 2.100 0.000 15.500 5.300 0.000 18.100
3 16 -0.800 0.000 19.000 5.300 0.000 18.100 6.400 0.000 18.500
3 16 20.000 0.000 20.000 -0.800 0.000 19.000 6.400 0.000 18.500
3 16 20.000 0.000 20.000 6.400 0.000 18.500 7.100 0.000 18.400
3 16 20.000 0.000 20.000 7.100 0.000 18.400 7.800 0.000 18.000
3 16 20.000 0.000 20.000 7.800 0.000 18.000 8.300 0.000 17.600
3 16 20.000 0.000 20.000 8.300 0.000 17.600 8.600 0.000 16.900
3 16 20.000 0.000 20.000 8.600 0.000 16.900 8.700 0.000 16.100
3 16 20.000 0.000 20.000 8.700 0.000 16.100 8.600 0.000 15.200
3 16 8.600 0.000 15.200 7.900 0.000 14.100 8.600 0.000 13.900
3 16 8.600 0.000 13.900 20.000 0.000 20.000 8.600 0.000 15.200
3 16 19.000 0.000 4.000 20.000 0.000 20.000 9.200 0.000 11.800
3 16 9.200 0.000 11.800 9.100 0.000 11.200 19.000 0.000 4.000
3 16 20.000 0.000 20.000 9.200 0.000 12.700 9.200 0.000 11.800
3 16 20.000 0.000 20.000 8.900 0.000 13.300 9.200 0.000 12.700
3 16 20.000 0.000 20.000 8.600 0.000 13.900 8.900 0.000 13.300
3 16 8.800 0.000 10.500 9.200 0.000 9.100 9.600 0.000 8.100
3 16 9.600 0.000 8.100 19.000 0.000 4.000 8.800 0.000 10.500
3 16 9.600 0.000 8.100 9.500 0.000 6.700 19.000 0.000 4.000
3 16 9.500 0.000 6.700 9.000 0.000 5.900 8.700 0.000 4.700
3 16 8.700 0.000 4.700 19.000 0.000 4.000 9.500 0.000 6.700
3 16 8.700 0.000 4.700 8.800 0.000 4.000 19.000 0.000 4.000
3 16 8.800 0.000 4.000 8.600 0.000 3.100 14.500 0.000 -0.200
3 16 14.500 0.000 -0.200 19.000 0.000 4.000 8.800 0.000 4.000
3 16 19.000 0.000 4.000 14.500 0.000 -0.200 15.600 0.000 -0.300
3 16 19.000 0.000 4.000 15.600 0.000 -0.300 16.300 0.000 -0.800
3 16 19.000 0.000 4.000 16.300 0.000 -0.800 16.600 0.000 -1.300
3 16 16.600 0.000 -1.300 16.800 0.000 -2.300 18.000 0.000 -8.000
3 16 18.000 0.000 -8.000 19.000 0.000 4.000 16.600 0.000 -1.300
3 16 16.800 0.000 -2.300 16.700 0.000 -3.100 18.000 0.000 -8.000
3 16 16.700 0.000 -3.100 16.300 0.000 -3.600 16.000 0.000 -4.100
3 16 16.000 0.000 -4.100 18.000 0.000 -8.000 16.700 0.000 -3.100
3 16 16.000 0.000 -4.100 16.300 0.000 -5.400 18.000 0.000 -8.000
3 16 16.000 0.000 -4.100 15.800 0.000 -4.800 16.300 0.000 -5.400
3 16 16.000 0.000 -4.100 15.300 0.000 -4.400 15.800 0.000 -4.800
3 16 14.500 0.000 -0.200 8.600 0.000 3.100 8.000 0.000 2.300
3 16 8.000 0.000 2.300 13.000 0.000 -0.800 14.500 0.000 -0.200
3 16 13.000 0.000 -0.800 8.000 0.000 2.300 7.500 0.000 1.200
3 16 7.500 0.000 1.200 10.700 0.000 -1.800 13.000 0.000 -0.800
3 16 8.000 0.000 2.300 7.100 0.000 1.700 7.500 0.000 1.200
3 16 7.500 0.000 1.200 7.500 0.000 0.300 8.900 0.000 -2.600
3 16 8.900 0.000 -2.600 10.700 0.000 -1.800 7.500 0.000 1.200
3 16 7.500 0.000 0.300 7.100 0.000 -0.400 8.100 0.000 -2.700
3 16 8.100 0.000 -2.700 8.900 0.000 -2.600 7.500 0.000 0.300
3 16 7.100 0.000 -0.400 6.500 0.000 -0.900 8.100 0.000 -2.700
3 16 6.500 0.000 -0.900 5.600 0.000 -1.400 5.500 0.000 -1.800
3 16 5.500 0.000 -1.800 8.100 0.000 -2.700 6.500 0.000 -0.900
3 16 9.100 0.000 11.200 8.800 0.000 10.500 19.000 0.000 4.000
3 16 8.800 0.000 10.500 8.300 0.000 10.000 8.300 0.000 9.700
3 16 8.300 0.000 9.700 9.200 0.000 9.100 8.800 0.000 10.500
3 16 20.000 0.000 20.000 -20.000 0.000 20.000 -0.800 0.000 19.000
3 16 -0.600 0.000 16.200 -0.600 0.000 15.500 0.300 0.000 14.700
3 16 0.300 0.000 14.700 2.100 0.000 15.500 -0.600 0.000 16.200
3 16 -0.600 0.000 15.500 -0.500 0.000 14.800 0.300 0.000 14.700
3 16 2.100 0.000 15.500 0.300 0.000 14.700 0.700 0.000 14.300
3 16 20.000 0.000 20.000 19.000 0.000 4.000 20.000 0.000 -20.000
3 16 19.000 0.000 4.000 18.000 0.000 -8.000 20.000 0.000 -20.000
3 16 20.000 0.000 -20.000 18.000 0.000 -8.000 14.300 0.000 -11.500
3 16 14.300 0.000 -11.500 11.900 0.000 -19.000 20.000 0.000 -20.000
3 16 18.000 0.000 -8.000 14.600 0.000 -10.800 14.300 0.000 -11.500
3 16 14.600 0.000 -10.800 18.000 0.000 -8.000 15.400 0.000 -8.300
3 16 15.400 0.000 -8.300 14.600 0.000 -9.500 14.600 0.000 -10.800
3 16 16.000 0.000 -7.400 15.400 0.000 -8.300 18.000 0.000 -8.000
3 16 16.400 0.000 -6.300 16.000 0.000 -7.400 18.000 0.000 -8.000
3 16 16.300 0.000 -5.400 16.400 0.000 -6.300 18.000 0.000 -8.000
3 16 15.400 0.000 -8.300 14.400 0.000 -8.600 14.600 0.000 -9.500
3 16 9.400 0.000 -15.600 9.200 0.000 -16.100 11.900 0.000 -19.000
3 16 9.400 0.000 -15.600 11.900 0.000 -19.000 10.000 0.000 -15.000
3 16 10.000 0.000 -15.000 9.400 0.000 -15.000 9.400 0.000 -15.600
3 16 10.900 0.000 -15.000 10.000 0.000 -15.000 11.900 0.000 -19.000
3 16 11.600 0.000 -14.600 10.900 0.000 -15.000 11.900 0.000 -19.000
3 16 12.200 0.000 -14.000 11.600 0.000 -14.600 11.900 0.000 -19.000
3 16 12.200 0.000 -14.000 11.900 0.000 -19.000 13.900 0.000 -12.100
3 16 13.900 0.000 -12.100 13.300 0.000 -12.200 12.200 0.000 -14.000
3 16 14.300 0.000 -11.500 13.900 0.000 -12.100 11.900 0.000 -19.000
3 16 13.300 0.000 -12.200 12.400 0.000 -13.200 12.200 0.000 -14.000
3 16 13.300 0.000 -12.200 12.400 0.000 -12.200 12.400 0.000 -13.200
3 16 6.000 0.000 -18.000 11.900 0.000 -19.000 8.600 0.000 -16.600
3 16 8.600 0.000 -16.600 7.900 0.000 -16.700 6.000 0.000 -18.000
3 16 9.200 0.000 -16.100 8.600 0.000 -16.600 11.900 0.000 -19.000
3 16 -0.600 0.000 -13.600 -2.500 0.000 -13.800 -20.000 0.000 -20.000
3 16 -20.000 0.000 -20.000 6.000 0.000 -18.000 -0.600 0.000 -13.600
3 16 1.000 0.000 -13.300 -0.600 0.000 -13.600 6.000 0.000 -18.000
3 16 1.000 0.000 -13.300 6.000 0.000 -18.000 6.900 0.000 -16.100
3 16 6.900 0.000 -16.100 2.200 0.000 -12.900 1.000 0.000 -13.300
3 16 6.900 0.000 -16.100 6.000 0.000 -18.000 7.300 0.000 -16.500
3 16 7.300 0.000 -16.500 6.000 0.000 -18.000 7.900 0.000 -16.700
3 16 3.800 0.000 -11.600 3.000 0.000 -12.300 6.900 0.000 -16.100
3 16 3.000 0.000 -12.300 2.200 0.000 -12.900 6.900 0.000 -16.100
3 16 11.900 0.000 -19.000 -20.000 0.000 -20.000 20.000 0.000 -20.000
3 16 6.000 0.000 -18.000 -20.000 0.000 -20.000 11.900 0.000 -19.000
3 16 -2.500 0.000 -13.800 -4.400 0.000 -13.900 -20.000 0.000 -20.000
3 16 -5.900 0.000 -13.700 -20.000 0.000 -20.000 -4.400 0.000 -13.900
3 16 -7.500 0.000 -13.200 -20.000 0.000 -20.000 -5.900 0.000 -13.700
3 16 -8.800 0.000 -12.300 -20.000 0.000 -20.000 -7.500 0.000 -13.200
3 16 -9.800 0.000 -11.500 -20.000 0.000 -20.000 -8.800 0.000 -12.300
3 16 -10.900 0.000 -10.300 -20.000 0.000 -20.000 -9.800 0.000 -11.500
3 16 -11.400 0.000 -9.700 -20.000 0.000 -20.000 -10.900 0.000 -10.300
3 16 -11.400 0.000 -9.700 -12.300 0.000 -8.300 -19.100 0.000 -1.000
3 16 -19.100 0.000 -1.000 -20.000 0.000 -20.000 -11.400 0.000 -9.700
3 16 -19.100 0.000 -1.000 -12.300 0.000 -8.300 -13.000 0.000 -6.600
3 16 -19.100 0.000 -1.000 -13.000 0.000 -6.600 -13.600 0.000 -4.500
3 16 -19.100 0.000 -1.000 -13.600 0.000 -4.500 -13.900 0.000 -3.100
3 16 -19.100 0.000 -1.000 -13.900 0.000 -3.100 -14.400 0.000 -1.100
3 16 -18.000 0.000 0.000 -19.100 0.000 -1.000 -14.400 0.000 -1.100
3 16 -20.000 0.000 20.000 -20.000 0.000 -20.000 -19.100 0.000 -1.000
3 16 -19.100 0.000 -1.000 -18.000 0.000 0.000 -16.100 0.000 4.100
3 16 -16.100 0.000 4.100 -20.000 0.000 20.000 -19.100 0.000 -1.000
3 16 -15.200 0.000 1.800 -18.000 0.000 0.000 -15.200 0.000 1.300
3 16 -15.000 0.000 2.400 -18.000 0.000 0.000 -15.200 0.000 1.800
3 16 -15.000 0.000 2.400 -14.700 0.000 3.200 -16.100 0.000 4.100
3 16 -16.100 0.000 4.100 -18.000 0.000 0.000 -15.000 0.000 2.400
3 16 -16.100 0.000 4.100 -14.700 0.000 3.200 -14.300 0.000 3.800
3 16 -14.300 0.000 3.800 -13.700 0.000 4.300 -9.900 0.000 9.900
3 16 -9.900 0.000 9.900 -16.100 0.000 4.100 -14.300 0.000 3.800
3 16 -16.100 0.000 4.100 -9.900 0.000 9.900 -9.300 0.000 10.500
3 16 -9.300 0.000 10.500 -20.000 0.000 20.000 -16.100 0.000 4.100
3 16 8.700 0.000 4.700 9.000 0.000 5.900 8.300 0.000 5.500
3 16 8.300 0.000 5.500 8.100 0.000 5.100 8.700 0.000 4.700
3 16 -11.800 0.000 2.000 -11.100 0.000 2.000 -11.200 0.000 2.500
3 16 -11.200 0.000 2.500 -11.800 0.000 2.500 -11.800 0.000 2.000
3 16 -20.000 0.000 20.000 -9.300 0.000 10.500 -6.100 0.000 14.100
3 0 -18.000 0.000 0.000 -14.400 0.000 -1.100 -13.900 0.000 -1.100
3 0 -13.900 0.000 -1.100 -15.200 0.000 1.300 -18.000 0.000 0.000
3 0 -13.900 0.000 -1.100 -14.000 0.000 0.400 -14.600 0.000 1.100
3 0 -14.600 0.000 1.100 -15.200 0.000 1.300 -13.900 0.000 -1.100
3 0 -14.600 0.000 1.100 -14.700 0.000 1.700 -15.200 0.000 1.800
3 0 -15.200 0.000 1.800 -15.200 0.000 1.300 -14.600 0.000 1.100
3 0 -14.600 0.000 2.200 -15.000 0.000 2.400 -15.200 0.000 1.800
3 0 -15.200 0.000 1.800 -14.700 0.000 1.700 -14.600 0.000 2.200
3 0 -15.000 0.000 2.400 -14.400 0.000 3.000 -14.300 0.000 3.800
3 0 -14.300 0.000 3.800 -14.700 0.000 3.200 -15.000 0.000 2.400
3 0 -14.400 0.000 3.000 -13.800 0.000 3.600 -13.700 0.000 4.300
3 0 -13.700 0.000 4.300 -14.300 0.000 3.800 -14.400 0.000 3.000
3 0 -13.800 0.000 3.600 -13.100 0.000 4.200 -12.800 0.000 4.800
3 0 -12.800 0.000 4.800 -13.700 0.000 4.300 -13.800 0.000 3.600
3 0 -13.100 0.000 4.200 -12.200 0.000 4.500 -11.600 0.000 5.100
3 0 -11.600 0.000 5.100 -12.800 0.000 4.800 -13.100 0.000 4.200
3 0 -12.200 0.000 4.500 -11.400 0.000 4.700 -10.700 0.000 5.200
3 0 -10.700 0.000 5.200 -11.600 0.000 5.100 -12.200 0.000 4.500
3 0 -11.400 0.000 4.700 -10.400 0.000 4.800 -9.900 0.000 5.200
3 0 -9.900 0.000 5.200 -10.700 0.000 5.200 -11.400 0.000 4.700
3 0 -10.400 0.000 4.800 -9.500 0.000 4.700 -9.000 0.000 5.100
3 0 -9.000 0.000 5.100 -9.900 0.000 5.200 -10.400 0.000 4.800
3 0 -9.500 0.000 4.700 -8.800 0.000 4.500 -8.500 0.000 4.900
3 0 -8.500 0.000 4.900 -9.000 0.000 5.100 -9.500 0.000 4.700
3 0 -8.500 0.000 4.900 -8.600 0.000 5.200 -9.000 0.000 5.600
3 0 -9.000 0.000 5.600 -9.000 0.000 5.100 -8.500 0.000 4.900
3 0 -8.600 0.000 5.200 -8.600 0.000 6.000 -9.000 0.000 6.700
3 0 -9.000 0.000 6.700 -9.000 0.000 5.600 -8.600 0.000 5.200
3 0 -8.600 0.000 6.000 -8.600 0.000 6.900 -9.100 0.000 7.400
3 0 -9.100 0.000 7.400 -9.000 0.000 6.700 -8.600 0.000 6.000
3 0 -8.600 0.000 6.900 -8.800 0.000 7.700 -9.400 0.000 8.000
3 0 -9.400 0.000 8.000 -9.100 0.000 7.400 -8.600 0.000 6.900
3 0 -8.800 0.000 7.700 -9.200 0.000 8.400 -9.900 0.000 8.900
3 0 -9.900 0.000 8.900 -9.400 0.000 8.000 -8.800 0.000 7.700
3 0 -9.200 0.000 8.400 -9.500 0.000 9.100 -10.000 0.000 9.400
3 0 -10.000 0.000 9.400 -9.900 0.000 8.900 -9.200 0.000 8.400
3 0 -9.500 0.000 9.100 -9.500 0.000 9.400 -9.900 0.000 9.900
3 0 -9.900 0.000 9.900 -10.000 0.000 9.400 -9.500 0.000 9.100
3 0 -9.500 0.000 9.400 -9.300 0.000 9.800 -9.300 0.000 10.500
3 0 -9.300 0.000 10.500 -9.900 0.000 9.900 -9.500 0.000 9.400
3 0 -9.300 0.000 9.800 -8.300 0.000 11.100 -6.100 0.000 14.100
3 0 -6.100 0.000 14.100 -9.300 0.000 10.500 -9.300 0.000 9.800
3 0 -6.100 0.000 14.100 -8.300 0.000 11.100 -5.800 0.000 13.800
3 0 -5.800 0.000 13.800 -3.200 0.000 16.200 -3.300 0.000 16.600
3 0 -3.300 0.000 16.600 -6.100 0.000 14.100 -5.800 0.000 13.800
3 0 -3.300 0.000 16.600 -3.200 0.000 16.200 -2.500 0.000 16.400
3 0 -2.500 0.000 16.400 -2.800 0.000 16.700 -3.300 0.000 16.600
3 0 -2.800 0.000 16.700 -2.500 0.000 16.400 -2.000 0.000 16.500
3 0 -2.000 0.000 16.500 -2.200 0.000 16.800 -2.800 0.000 16.700
3 0 -2.200 0.000 16.800 -2.000 0.000 16.500 -1.400 0.000 16.300
3 0 -1.400 0.000 16.300 -1.500 0.000 16.800 -2.200 0.000 16.800
3 0 -1.500 0.000 16.800 -1.400 0.000 16.300 -1.200 0.000 16.100
3 0 -1.200 0.000 16.100 -0.900 0.000 16.600 -1.500 0.000 16.800
3 0 -0.900 0.000 16.600 -1.200 0.000 16.100 -1.000 0.000 15.700
3 0 -1.000 0.000 15.700 -0.600 0.000 16.200 -0.900 0.000 16.600
3 0 -0.600 0.000 16.200 -1.000 0.000 15.700 -1.000 0.000 15.200
3 0 -1.000 0.000 15.200 -0.600 0.000 15.500 -0.600 0.000 16.200
3 0 -0.600 0.000 15.500 -1.000 0.000 15.200 -1.100 0.000 14.600
3 0 -1.100 0.000 14.600 -0.500 0.000 14.800 -0.600 0.000 15.500
3 0 -0.500 0.000 14.800 -1.100 0.000 14.600 -4.000 0.000 11.500
3 0 -4.000 0.000 11.500 -0.700 0.000 14.300 -0.500 0.000 14.800
3 0 -0.700 0.000 14.300 -4.000 0.000 11.500 -3.700 0.000 11.000
3 0 -0.100 0.000 14.300 0.300 0.000 14.700 -0.500 0.000 14.800
3 0 -0.500 0.000 14.800 -0.700 0.000 14.300 -0.100 0.000 14.300
3 0 0.300 0.000 14.700 -0.100 0.000 14.300 0.200 0.000 13.900
3 0 0.200 0.000 13.900 0.700 0.000 14.300 0.300 0.000 14.700
3 0 0.700 0.000 14.300 0.200 0.000 13.900 0.000 0.000 12.900
3 0 0.000 0.000 12.900 0.500 0.000 13.600 0.700 0.000 14.300
3 0 0.200 0.000 13.900 -0.400 0.000 13.200 0.000 0.000 12.900
3 0 -0.400 0.000 13.200 -1.100 0.000 12.900 0.000 0.000 12.400
3 0 0.000 0.000 12.400 0.000 0.000 12.900 -0.400 0.000 13.200
3 0 0.000 0.000 12.400 -1.100 0.000 12.900 -1.600 0.000 12.400
3 0 -1.600 0.000 12.400 -0.800 0.000 12.100 0.000 0.000 12.400
3 0 -0.800 0.000 12.100 -1.600 0.000 12.400 -2.200 0.000 11.700
3 0 -2.200 0.000 11.700 -1.500 0.000 11.700 -0.800 0.000 12.100
3 0 -1.500 0.000 11.700 -2.200 0.000 11.700 -2.700 0.000 11.200
3 0 -2.700 0.000 11.200 -2.100 0.000 11.100 -1.500 0.000 11.700
3 0 -2.100 0.000 11.100 -2.700 0.000 11.200 -3.200 0.000 10.500
3 0 -3.200 0.000 10.500 -2.600 0.000 10.300 -2.100 0.000 11.100
3 0 -2.600 0.000 10.300 -3.200 0.000 10.500 -3.600 0.000 9.600
3 0 -3.600 0.000 9.600 -3.000 0.000 9.700 -2.600 0.000 10.300
3 0 -3.000 0.000 9.700 -3.600 0.000 9.600 -4.000 0.000 8.700
3 0 -4.000 0.000 8.700 -3.200 0.000 8.900 -3.000 0.000 9.700
3 0 -3.200 0.000 8.900 -4.000 0.000 8.700 -4.400 0.000 7.200
3 0 -4.400 0.000 7.200 -3.600 0.000 8.000 -3.200 0.000 8.900
3 0 -3.600 0.000 8.000 -4.400 0.000 7.200 -4.700 0.000 5.500
3 0 -4.700 0.000 5.500 -3.900 0.000 6.700 -3.600 0.000 8.000
3 0 -3.900 0.000 6.700 -4.700 0.000 5.500 -4.900 0.000 4.000
3 0 -4.900 0.000 4.000 -4.100 0.000 5.300 -3.900 0.000 6.700
3 0 -4.100 0.000 5.300 -4.900 0.000 4.000 -5.300 0.000 1.900
3 0 -5.300 0.000 1.900 -4.300 0.000 3.700 -4.100 0.000 5.300
3 0 -4.300 0.000 3.700 -5.300 0.000 1.900 -4.900 0.000 0.600
3 0 -4.900 0.000 0.600 -4.700 0.000 1.500 -4.300 0.000 3.700
3 0 -5.300 0.000 1.900 -5.400 0.000 1.500 -5.500 0.000 0.500
3 0 -5.500 0.000 0.500 -4.900 0.000 0.600 -5.300 0.000 1.900
3 0 -5.300 0.000 1.900 -5.800 0.000 1.900 -6.000 0.000 1.500
3 0 -6.000 0.000 1.500 -5.400 0.000 1.500 -5.300 0.000 1.900
3 0 -6.000 0.000 1.500 -5.800 0.000 1.900 -6.400 0.000 2.000
3 0 -6.400 0.000 2.000 -6.800 0.000 1.500 -6.000 0.000 1.500
3 0 -6.800 0.000 1.500 -6.400 0.000 2.000 -6.700 0.000 2.700
3 0 -6.700 0.000 2.700 -7.200 0.000 2.300 -6.800 0.000 1.500
3 0 -7.200 0.000 2.300 -6.700 0.000 2.700 -7.000 0.000 3.600
3 0 -7.000 0.000 3.600 -7.500 0.000 3.200 -7.200 0.000 2.300
3 0 -7.500 0.000 3.200 -7.000 0.000 3.600 -7.500 0.000 4.300
3 0 -7.500 0.000 4.300 -7.900 0.000 3.900 -7.500 0.000 3.200
3 0 -7.900 0.000 3.900 -7.500 0.000 4.300 -8.100 0.000 4.700
3 0 -8.100 0.000 4.700 -8.400 0.000 4.300 -7.900 0.000 3.900
3 0 -8.100 0.000 4.700 -8.500 0.000 4.900 -8.800 0.000 4.500
3 0 -8.800 0.000 4.500 -8.400 0.000 4.300 -8.100 0.000 4.700
3 0 2.300 0.000 14.900 2.100 0.000 15.500 0.700 0.000 14.300
3 0 0.700 0.000 14.300 0.500 0.000 13.600 2.300 0.000 14.900
3 0 5.600 0.000 17.500 5.300 0.000 18.100 2.100 0.000 15.500
3 0 2.100 0.000 15.500 2.300 0.000 14.900 5.600 0.000 17.500
3 0 6.100 0.000 17.800 6.400 0.000 18.500 5.300 0.000 18.100
3 0 5.300 0.000 18.100 5.600 0.000 17.500 6.100 0.000 17.800
3 0 6.700 0.000 17.900 7.100 0.000 18.400 6.400 0.000 18.500
3 0 6.400 0.000 18.500 6.100 0.000 17.800 6.700 0.000 17.900
3 0 6.700 0.000 17.900 7.300 0.000 17.600 7.800 0.000 18.000
3 0 7.800 0.000 18.000 7.100 0.000 18.400 6.700 0.000 17.900
3 0 7.800 0.000 18.000 7.300 0.000 17.600 7.800 0.000 17.100
3 0 7.800 0.000 17.100 8.300 0.000 17.600 7.800 0.000 18.000
3 0 8.300 0.000 17.600 7.800 0.000 17.100 7.900 0.000 16.400
3 0 7.900 0.000 16.400 8.600 0.000 16.900 8.300 0.000 17.600
3 0 8.600 0.000 16.900 7.900 0.000 16.400 8.000 0.000 15.600
3 0 8.000 0.000 15.600 8.700 0.000 16.100 8.600 0.000 16.900
3 0 8.700 0.000 16.100 8.000 0.000 15.600 7.700 0.000 14.800
3 0 7.700 0.000 14.800 8.600 0.000 15.200 8.700 0.000 16.100
3 0 8.600 0.000 15.200 7.700 0.000 14.800 7.100 0.000 13.400
3 0 7.100 0.000 13.400 7.900 0.000 14.100 8.600 0.000 15.200
3 0 7.700 0.000 14.800 7.000 0.000 14.300 6.600 0.000 13.100
3 0 6.600 0.000 13.100 7.100 0.000 13.400 7.700 0.000 14.800
3 0 7.000 0.000 14.300 6.100 0.000 13.500 6.600 0.000 13.100
3 0 6.600 0.000 13.100 6.100 0.000 13.500 2.000 0.000 10.800
3 0 2.000 0.000 10.800 2.000 0.000 10.200 6.600 0.000 13.100
3 0 2.000 0.000 10.800 1.400 0.000 10.600 1.700 0.000 9.300
3 0 1.700 0.000 9.300 2.000 0.000 10.200 2.000 0.000 10.800
3 0 2.000 0.000 10.800 2.000 0.000 11.400 1.400 0.000 11.300
3 0 1.400 0.000 11.300 1.400 0.000 10.600 2.000 0.000 10.800
3 0 2.000 0.000 11.400 1.800 0.000 12.100 1.200 0.000 12.000
3 0 1.200 0.000 12.000 1.400 0.000 11.300 2.000 0.000 11.400
3 0 1.800 0.000 12.100 1.300 0.000 12.700 0.800 0.000 12.300
3 0 0.800 0.000 12.300 1.200 0.000 12.000 1.800 0.000 12.100
3 0 1.300 0.000 12.700 0.800 0.000 12.900 0.000 0.000 12.400
3 0 0.000 0.000 12.400 0.800 0.000 12.300 1.300 0.000 12.700
3 0 0.800 0.000 12.900 0.000 0.000 12.900 0.000 0.000 12.400
3 0 7.100 0.000 13.400 8.000 0.000 13.500 8.600 0.000 13.900
3 0 8.600 0.000 13.900 7.900 0.000 14.100 7.100 0.000 13.400
3 0 8.000 0.000 13.500 8.300 0.000 13.000 8.900 0.000 13.300
3 0 8.900 0.000 13.300 8.600 0.000 13.900 8.000 0.000 13.500
3 0 8.300 0.000 13.000 8.500 0.000 12.500 9.200 0.000 12.700
3 0 9.200 0.000 12.700 8.900 0.000 13.300 8.300 0.000 13.000
3 0 9.200 0.000 12.700 8.500 0.000 12.500 8.500 0.000 12.100
3 0 8.500 0.000 12.100 9.200 0.000 11.800 9.200 0.000 12.700
3 0 9.200 0.000 11.800 8.500 0.000 12.100 8.500 0.000 11.600
3 0 8.500 0.000 11.600 9.100 0.000 11.200 9.200 0.000 11.800
3 0 8.500 0.000 11.600 8.400 0.000 10.900 8.800 0.000 10.500
3 0 8.800 0.000 10.500 9.100 0.000 11.200 8.500 0.000 11.600
3 0 8.800 0.000 10.500 8.400 0.000 10.900 7.800 0.000 10.200
3 0 7.800 0.000 10.200 8.300 0.000 10.000 8.800 0.000 10.500
3 0 8.300 0.000 10.000 7.800 0.000 10.200 8.100 0.000 9.200
3 0 8.100 0.000 9.200 8.300 0.000 9.700 8.300 0.000 10.000
3 0 7.800 0.000 10.200 7.400 0.000 9.900 7.400 0.000 9.200
3 0 7.400 0.000 9.200 8.100 0.000 9.200 7.800 0.000 10.200
3 0 7.400 0.000 9.900 3.500 0.000 8.600 3.700 0.000 8.300
3 0 3.700 0.000 8.300 7.400 0.000 9.200 7.400 0.000 9.900
3 0 3.700 0.000 8.300 3.500 0.000 8.600 2.800 0.000 8.400
3 0 2.800 0.000 8.400 3.100 0.000 7.900 3.700 0.000 8.300
3 0 3.500 0.000 8.600 3.100 0.000 9.100 2.400 0.000 8.800
3 0 2.400 0.000 8.800 2.800 0.000 8.400 3.500 0.000 8.600
3 0 3.100 0.000 9.100 2.500 0.000 9.400 1.700 0.000 9.300
3 0 1.700 0.000 9.300 2.400 0.000 8.800 3.100 0.000 9.100
3 0 1.700 0.000 9.300 1.600 0.000 8.800 2.400 0.000 8.800
3 0 1.600 0.000 8.800 1.700 0.000 9.300 0.200 0.000 8.900
3 0 0.200 0.000 8.900 0.500 0.000 8.500 1.600 0.000 8.800
3 0 1.200 0.000 9.600 0.200 0.000 8.900 1.700 0.000 9.300
3 0 1.400 0.000 10.600 1.200 0.000 9.600 1.700 0.000 9.300
3 0 3.200 0.000 7.300 3.800 0.000 7.200 3.700 0.000 8.300
3 0 3.700 0.000 8.300 3.100 0.000 7.900 3.200 0.000 7.300
3 0 3.600 0.000 6.300 3.800 0.000 7.200 3.200 0.000 7.300
3 0 3.200 0.000 7.300 2.800 0.000 6.400 3.600 0.000 6.300
3 0 2.200 0.000 5.600 3.400 0.000 5.600 3.600 0.000 6.300
3 0 3.600 0.000 6.300 2.800 0.000 6.400 2.200 0.000 5.600
3 0 1.100 0.000 5.400 1.200 0.000 4.700 2.500 0.000 4.700
3 0 2.500 0.000 4.700 2.200 0.000 5.600 1.100 0.000 5.400
3 0 2.500 0.000 4.700 3.300 0.000 4.800 3.400 0.000 5.600
3 0 3.400 0.000 5.600 2.200 0.000 5.600 2.500 0.000 4.700
3 0 3.400 0.000 5.600 3.300 0.000 4.800 7.100 0.000 5.100
3 0 7.100 0.000 5.100 7.200 0.000 5.700 3.400 0.000 5.600
3 0 7.200 0.000 5.700 7.100 0.000 5.100 8.300 0.000 5.500
3 0 8.300 0.000 5.500 8.100 0.000 6.000 7.200 0.000 5.700
3 0 8.300 0.000 5.500 7.100 0.000 5.100 8.100 0.000 5.100
3 0 7.100 0.000 5.100 7.900 0.000 4.600 8.700 0.000 4.700
3 0 8.700 0.000 4.700 8.100 0.000 5.100 7.100 0.000 5.100
3 0 8.700 0.000 4.700 7.900 0.000 4.600 8.000 0.000 4.000
3 0 8.000 0.000 4.000 8.800 0.000 4.000 8.700 0.000 4.700
3 0 8.800 0.000 4.000 8.000 0.000 4.000 7.800 0.000 3.400
3 0 7.800 0.000 3.400 8.600 0.000 3.100 8.800 0.000 4.000
3 0 8.600 0.000 3.100 7.800 0.000 3.400 7.500 0.000 2.700
3 0 7.500 0.000 2.700 8.000 0.000 2.300 8.600 0.000 3.100
3 0 8.000 0.000 2.300 7.500 0.000 2.700 6.700 0.000 2.400
3 0 6.700 0.000 2.400 7.100 0.000 1.700 8.000 0.000 2.300
3 0 7.100 0.000 1.700 6.700 0.000 2.400 5.700 0.000 1.800
3 0 5.700 0.000 1.800 6.600 0.000 1.200 7.100 0.000 1.700
3 0 6.700 0.000 2.400 3.600 0.000 2.500 3.200 0.000 1.900
3 0 3.200 0.000 1.900 5.700 0.000 1.800 6.700 0.000 2.400
3 0 3.200 0.000 1.900 3.600 0.000 2.500 3.100 0.000 2.800
3 0 3.100 0.000 2.800 2.500 0.000 2.300 3.200 0.000 1.900
3 0 3.600 0.000 2.500 3.800 0.000 3.400 3.200 0.000 3.700
3 0 3.200 0.000 3.700 3.100 0.000 2.800 3.600 0.000 2.500
3 0 3.800 0.000 3.400 3.800 0.000 4.100 3.300 0.000 4.800
3 0 3.300 0.000 4.800 3.200 0.000 3.700 3.800 0.000 3.400
3 0 3.300 0.000 4.800 2.500 0.000 4.700 3.200 0.000 3.700
3 0 2.500 0.000 2.300 1.900 0.000 1.800 2.500 0.000 1.400
3 0 2.500 0.000 1.400 3.200 0.000 1.900 2.500 0.000 2.300
3 0 2.500 0.000 1.400 1.900 0.000 1.800 1.100 0.000 1.500
3 0 1.100 0.000 1.500 1.400 0.000 1.000 2.500 0.000 1.400
3 0 1.400 0.000 1.000 1.100 0.000 1.500 -0.100 0.000 0.900
3 0 -0.100 0.000 0.900 0.800 0.000 0.600 1.400 0.000 1.000
3 0 1.100 0.000 1.500 0.100 0.000 1.500 -0.100 0.000 0.900
3 0 1.400 0.000 1.000 0.800 0.000 0.600 1.400 0.000 -0.300
3 0 1.400 0.000 -0.300 1.700 0.000 0.600 1.400 0.000 1.000
3 0 1.700 0.000 0.600 1.400 0.000 -0.300 2.000 0.000 -1.000
3 0 2.000 0.000 -1.000 2.100 0.000 -0.200 1.700 0.000 0.600
3 0 1.400 0.000 -0.300 1.300 0.000 -0.900 1.700 0.000 -1.800
3 0 1.700 0.000 -1.800 2.000 0.000 -1.000 1.400 0.000 -0.300
3 0 1.300 0.000 -0.900 0.800 0.000 -1.500 1.000 0.000 -2.500
3 0 1.000 0.000 -2.500 1.700 0.000 -1.800 1.300 0.000 -0.900
3 0 0.800 0.000 -1.500 0.300 0.000 -1.800 0.300 0.000 -2.800
3 0 0.300 0.000 -2.800 1.000 0.000 -2.500 0.800 0.000 -1.500
3 0 0.300 0.000 -2.800 0.300 0.000 -1.800 -0.600 0.000 -2.000
3 0 -0.600 0.000 -2.000 -0.700 0.000 -2.800 0.300 0.000 -2.800
3 0 0.300 0.000 -2.800 -0.700 0.000 -2.800 2.800 0.000 -4.600
3 0 2.800 0.000 -4.600 2.700 0.000 -4.100 0.300 0.000 -2.800
3 0 -0.700 0.000 -2.800 2.300 0.000 -4.800 2.800 0.000 -4.600
3 0 2.800 0.000 -4.600 2.300 0.000 -4.800 2.300 0.000 -5.500
3 0 2.300 0.000 -5.500 3.000 0.000 -5.300 2.800 0.000 -4.600
3 0 3.000 0.000 -5.300 2.300 0.000 -5.500 2.100 0.000 -6.100
3 0 2.100 0.000 -6.100 2.900 0.000 -6.200 3.000 0.000 -5.300
3 0 2.900 0.000 -6.200 2.100 0.000 -6.100 1.600 0.000 -6.500
3 0 1.600 0.000 -6.500 2.400 0.000 -6.900 2.900 0.000 -6.200
3 0 2.400 0.000 -6.900 1.600 0.000 -6.500 1.100 0.000 -6.700
3 0 1.100 0.000 -6.700 1.800 0.000 -7.200 2.400 0.000 -6.900
3 0 1.800 0.000 -7.200 1.100 0.000 -6.700 0.500 0.000 -6.800
3 0 0.500 0.000 -6.800 1.100 0.000 -7.400 1.800 0.000 -7.200
3 0 1.100 0.000 -7.400 0.500 0.000 -6.800 -0.200 0.000 -6.600
3 0 -0.200 0.000 -6.600 0.400 0.000 -7.400 1.100 0.000 -7.400
3 0 0.400 0.000 -7.400 -0.200 0.000 -6.600 -2.500 0.000 -5.300
3 0 -2.500 0.000 -5.300 -0.600 0.000 -7.000 0.400 0.000 -7.400
3 0 -0.600 0.000 -7.000 -2.500 0.000 -5.300 -3.800 0.000 -4.500
3 0 -3.800 0.000 -4.500 -3.900 0.000 -5.200 -0.600 0.000 -7.000
3 0 -3.800 0.000 -4.500 -2.500 0.000 -5.300 -1.900 0.000 -5.200
3 0 -1.900 0.000 -5.200 -2.500 0.000 -4.800 -3.800 0.000 -4.500
3 0 -2.500 0.000 -4.800 -1.900 0.000 -5.200 -1.000 0.000 -4.800
3 0 -1.000 0.000 -4.800 -2.000 0.000 -4.500 -2.500 0.000 -4.800
3 0 -2.000 0.000 -4.500 -1.000 0.000 -4.800 -0.600 0.000 -3.900
3 0 -0.600 0.000 -3.900 -1.400 0.000 -3.900 -2.000 0.000 -4.500
3 0 -0.600 0.000 -3.900 -0.700 0.000 -2.800 -1.400 0.000 -3.000
3 0 -1.400 0.000 -3.000 -1.400 0.000 -3.900 -0.600 0.000 -3.900
3 0 -1.400 0.000 -3.000 -0.700 0.000 -2.800 -0.600 0.000 -2.000
3 0 -0.600 0.000 -2.000 -2.200 0.000 -2.300 -1.400 0.000 -3.000
3 0 -2.000 0.000 -1.900 -2.200 0.000 -2.300 -0.600 0.000 -2.000
3 0 2.000 0.000 -1.000 2.500 0.000 -0.900 2.700 0.000 -0.400
3 0 2.700 0.000 -0.400 2.100 0.000 -0.200 2.000 0.000 -1.000
3 0 2.700 0.000 -0.400 2.500 0.000 -0.900 4.200 0.000 -1.500
3 0 4.200 0.000 -1.500 4.700 0.000 -1.000 2.700 0.000 -0.400
3 0 4.200 0.000 -1.500 4.700 0.000 -2.000 5.500 0.000 -1.800
3 0 5.500 0.000 -1.800 4.700 0.000 -1.000 4.200 0.000 -1.500
3 0 5.500 0.000 -1.800 5.600 0.000 -1.400 5.500 0.000 -0.900
3 0 5.500 0.000 -0.900 4.700 0.000 -1.000 5.500 0.000 -1.800
3 0 5.600 0.000 -1.400 6.500 0.000 -0.900 6.200 0.000 -0.400
3 0 6.200 0.000 -0.400 5.500 0.000 -0.900 5.600 0.000 -1.400
3 0 6.500 0.000 -0.900 7.100 0.000 -0.400 6.600 0.000 0.200
3 0 6.600 0.000 0.200 6.200 0.000 -0.400 6.500 0.000 -0.900
3 0 7.100 0.000 -0.400 7.500 0.000 0.300 6.800 0.000 0.800
3 0 6.800 0.000 0.800 6.600 0.000 0.200 7.100 0.000 -0.400
3 0 7.500 0.000 0.300 7.500 0.000 1.200 7.100 0.000 1.700
3 0 7.100 0.000 1.700 6.800 0.000 0.800 7.500 0.000 0.300
3 0 7.100 0.000 1.700 6.600 0.000 1.200 6.800 0.000 0.800
3 0 8.500 0.000 8.900 9.200 0.000 9.100 8.300 0.000 9.700
3 0 8.300 0.000 9.700 8.100 0.000 9.200 8.500 0.000 8.900
3 0 9.200 0.000 9.100 9.000 0.000 7.800 9.500 0.000 6.700
3 0 9.500 0.000 6.700 9.600 0.000 8.100 9.200 0.000 9.100
3 0 9.000 0.000 7.800 8.800 0.000 6.700 9.000 0.000 5.900
3 0 9.000 0.000 5.900 9.500 0.000 6.700 9.000 0.000 7.800
3 0 9.000 0.000 5.900 8.800 0.000 6.700 8.100 0.000 6.000
3 0 8.100 0.000 6.000 8.300 0.000 5.500 9.000 0.000 5.900
3 0 9.200 0.000 9.100 8.500 0.000 8.900 9.000 0.000 7.800
3 0 2.800 0.000 -4.600 3.500 0.000 -4.600 4.600 0.000 -4.100
3 0 4.600 0.000 -4.100 3.600 0.000 -4.000 2.800 0.000 -4.600
3 0 3.600 0.000 -4.000 4.600 0.000 -4.100 5.200 0.000 -3.300
3 0 5.200 0.000 -3.300 4.400 0.000 -3.300 3.600 0.000 -4.000
3 0 4.400 0.000 -3.300 5.200 0.000 -3.300 5.400 0.000 -2.300
3 0 5.400 0.000 -2.300 4.700 0.000 -2.600 4.400 0.000 -3.300
3 0 4.700 0.000 -2.600 5.400 0.000 -2.300 5.500 0.000 -1.800
3 0 5.500 0.000 -1.800 4.700 0.000 -2.000 4.700 0.000 -2.600
3 0 5.500 0.000 -1.800 5.400 0.000 -2.300 7.800 0.000 -3.100
3 0 7.800 0.000 -3.100 8.100 0.000 -2.700 5.500 0.000 -1.800
3 0 7.800 0.000 -3.100 8.400 0.000 -3.300 8.900 0.000 -2.600
3 0 8.900 0.000 -2.600 8.100 0.000 -2.700 7.800 0.000 -3.100
3 0 8.400 0.000 -3.300 9.300 0.000 -3.000 11.200 0.000 -2.300
3 0 11.200 0.000 -2.300 8.900 0.000 -2.600 8.400 0.000 -3.300
3 0 8.900 0.000 -2.600 11.200 0.000 -2.300 13.200 0.000 -1.400
3 0 13.200 0.000 -1.400 10.700 0.000 -1.800 8.900 0.000 -2.600
3 0 10.700 0.000 -1.800 13.200 0.000 -1.400 14.700 0.000 -0.900
3 0 14.700 0.000 -0.900 13.000 0.000 -0.800 10.700 0.000 -1.800
3 0 13.000 0.000 -0.800 14.700 0.000 -0.900 15.600 0.000 -0.300
3 0 15.600 0.000 -0.300 14.500 0.000 -0.200 13.000 0.000 -0.800
3 0 15.600 0.000 -0.300 14.700 0.000 -0.900 15.800 0.000 -1.300
3 0 15.800 0.000 -1.300 16.300 0.000 -0.800 15.600 0.000 -0.300
3 0 16.300 0.000 -0.800 15.800 0.000 -1.300 16.000 0.000 -1.900
3 0 16.000 0.000 -1.900 16.600 0.000 -1.300 16.300 0.000 -0.800
3 0 16.600 0.000 -1.300 16.000 0.000 -1.900 16.700 0.000 -3.100
3 0 16.700 0.000 -3.100 16.800 0.000 -2.300 16.600 0.000 -1.300
3 0 16.000 0.000 -1.900 16.100 0.000 -2.700 16.300 0.000 -3.600
3 0 16.300 0.000 -3.600 16.700 0.000 -3.100 16.000 0.000 -1.900
3 0 16.100 0.000 -2.700 15.700 0.000 -3.200 16.000 0.000 -4.100
3 0 16.000 0.000 -4.100 16.300 0.000 -3.600 16.100 0.000 -2.700
3 0 15.700 0.000 -3.200 15.400 0.000 -3.600 15.300 0.000 -4.400
3 0 15.300 0.000 -4.400 16.000 0.000 -4.100 15.700 0.000 -3.200
3 0 15.400 0.000 -3.600 14.600 0.000 -3.900 14.900 0.000 -5.100
3 0 14.900 0.000 -5.100 15.300 0.000 -4.400 15.400 0.000 -3.600
3 0 14.600 0.000 -3.900 14.200 0.000 -4.800 14.900 0.000 -5.100
3 0 14.600 0.000 -3.900 8.300 0.000 -4.200 8.100 0.000 -4.900
3 0 8.100 0.000 -4.900 14.200 0.000 -4.800 14.600 0.000 -3.900
3 0 8.100 0.000 -4.900 8.300 0.000 -4.200 7.700 0.000 -3.900
3 0 7.700 0.000 -3.900 7.400 0.000 -4.800 8.100 0.000 -4.900
3 0 7.700 0.000 -3.900 8.300 0.000 -4.200 8.400 0.000 -3.300
3 0 8.400 0.000 -3.300 7.800 0.000 -3.100 7.700 0.000 -3.900
3 0 8.100 0.000 -4.900 7.400 0.000 -4.800 7.200 0.000 -5.700
3 0 7.200 0.000 -5.700 8.000 0.000 -5.600 8.100 0.000 -4.900
3 0 8.000 0.000 -5.600 7.200 0.000 -5.700 7.700 0.000 -6.100
3 0 7.700 0.000 -6.100 7.200 0.000 -5.700 6.900 0.000 -6.300
3 0 6.900 0.000 -6.300 7.400 0.000 -6.700 7.700 0.000 -6.100
3 0 6.900 0.000 -6.300 6.300 0.000 -7.500 6.800 0.000 -8.000
3 0 6.800 0.000 -8.000 7.400 0.000 -6.700 6.900 0.000 -6.300
3 0 6.800 0.000 -8.000 6.300 0.000 -7.500 5.900 0.000 -8.200
3 0 5.900 0.000 -8.200 6.400 0.000 -8.500 6.800 0.000 -8.000
3 0 6.400 0.000 -8.500 5.900 0.000 -8.200 4.900 0.000 -9.400
3 0 4.900 0.000 -9.400 5.700 0.000 -9.400 6.400 0.000 -8.500
3 0 5.700 0.000 -9.400 4.900 0.000 -9.400 4.300 0.000 -11.100
3 0 4.300 0.000 -11.100 5.400 0.000 -10.100 5.700 0.000 -9.400
3 0 4.900 0.000 -9.400 3.600 0.000 -10.700 3.800 0.000 -11.600
3 0 3.800 0.000 -11.600 4.300 0.000 -11.100 4.900 0.000 -9.400
3 0 3.600 0.000 -10.700 2.800 0.000 -11.300 3.000 0.000 -12.300
3 0 3.000 0.000 -12.300 3.800 0.000 -11.600 3.600 0.000 -10.700
3 0 2.800 0.000 -11.300 1.900 0.000 -12.000 2.200 0.000 -12.900
3 0 2.200 0.000 -12.900 3.000 0.000 -12.300 2.800 0.000 -11.300
3 0 1.900 0.000 -12.000 0.800 0.000 -12.600 1.000 0.000 -13.300
3 0 1.000 0.000 -13.300 2.200 0.000 -12.900 1.900 0.000 -12.000
3 0 0.800 0.000 -12.600 -0.600 0.000 -12.900 -0.600 0.000 -13.600
3 0 -0.600 0.000 -13.600 1.000 0.000 -13.300 0.800 0.000 -12.600
3 0 -0.600 0.000 -12.900 -1.900 0.000 -13.000 -2.500 0.000 -13.800
3 0 -2.500 0.000 -13.800 -0.600 0.000 -13.600 -0.600 0.000 -12.900
3 0 -1.900 0.000 -13.000 -3.400 0.000 -13.100 -4.400 0.000 -13.900
3 0 -4.400 0.000 -13.900 -2.500 0.000 -13.800 -1.900 0.000 -13.000
3 0 -3.400 0.000 -13.100 -4.800 0.000 -13.200 -5.900 0.000 -13.700
3 0 -5.900 0.000 -13.700 -4.400 0.000 -13.900 -3.400 0.000 -13.100
3 0 -4.800 0.000 -13.200 -6.200 0.000 -12.900 -7.500 0.000 -13.200
3 0 -7.500 0.000 -13.200 -5.900 0.000 -13.700 -4.800 0.000 -13.200
3 0 -6.200 0.000 -12.900 -7.200 0.000 -12.500 -8.800 0.000 -12.300
3 0 -8.800 0.000 -12.300 -7.500 0.000 -13.200 -6.200 0.000 -12.900
3 0 -7.200 0.000 -12.500 -8.300 0.000 -11.700 -9.800 0.000 -11.500
3 0 -9.800 0.000 -11.500 -8.800 0.000 -12.300 -7.200 0.000 -12.500
3 0 -8.300 0.000 -11.700 -9.300 0.000 -10.900 -10.900 0.000 -10.300
3 0 -10.900 0.000 -10.300 -9.800 0.000 -11.500 -8.300 0.000 -11.700
3 0 -10.900 0.000 -10.300 -9.300 0.000 -10.900 -9.800 0.000 -10.400
3 0 -9.800 0.000 -10.400 -10.100 0.000 -9.800 -11.400 0.000 -9.700
3 0 -11.400 0.000 -9.700 -10.900 0.000 -10.300 -9.800 0.000 -10.400
3 0 -10.100 0.000 -9.800 -10.700 0.000 -9.300 -12.300 0.000 -8.300
3 0 -12.300 0.000 -8.300 -11.400 0.000 -9.700 -10.100 0.000 -9.800
3 0 -10.700 0.000 -9.300 -11.900 0.000 -7.800 -13.000 0.000 -6.600
3 0 -13.000 0.000 -6.600 -12.300 0.000 -8.300 -10.700 0.000 -9.300
3 0 -12.500 0.000 -6.200 -13.000 0.000 -6.600 -11.900 0.000 -7.800
3 0 -13.600 0.000 -4.500 -13.000 0.000 -6.600 -12.500 0.000 -6.200
3 0 -12.500 0.000 -6.200 -13.100 0.000 -4.300 -13.600 0.000 -4.500
3 0 -13.600 0.000 -4.500 -13.300 0.000 -2.900 -13.900 0.000 -1.100
3 0 -13.900 0.000 -1.100 -13.900 0.000 -3.100 -13.600 0.000 -4.500
3 0 -14.400 0.000 -1.100 -13.900 0.000 -3.100 -13.900 0.000 -1.100
3 0 -13.300 0.000 -2.900 -13.600 0.000 -4.500 -13.100 0.000 -4.300
3 0 -8.700 0.000 -10.400 -9.000 0.000 -9.800 -10.100 0.000 -9.800
3 0 -10.100 0.000 -9.800 -9.800 0.000 -10.400 -8.700 0.000 -10.400
3 0 -8.700 0.000 -10.400 -7.800 0.000 -10.300 -7.000 0.000 -9.900
3 0 -7.000 0.000 -9.900 -8.000 0.000 -9.700 -8.700 0.000 -10.400
3 0 -8.000 0.000 -9.700 -7.000 0.000 -9.900 -6.100 0.000 -9.300
3 0 -6.100 0.000 -9.300 -6.900 0.000 -9.200 -8.000 0.000 -9.700
3 0 -6.900 0.000 -9.200 -6.100 0.000 -9.300 -5.800 0.000 -8.600
3 0 -5.800 0.000 -8.600 -6.500 0.000 -8.600 -6.900 0.000 -9.200
3 0 -6.500 0.000 -8.600 -5.800 0.000 -8.600 -5.300 0.000 -7.600
3 0 -5.300 0.000 -7.600 -6.000 0.000 -7.900 -6.500 0.000 -8.600
3 0 -6.000 0.000 -7.900 -5.300 0.000 -7.600 -5.500 0.000 -6.500
3 0 -5.500 0.000 -6.500 -6.000 0.000 -6.700 -6.000 0.000 -7.900
3 0 -6.000 0.000 -6.700 -5.500 0.000 -6.500 -5.600 0.000 -5.300
3 0 -5.600 0.000 -5.300 -6.100 0.000 -5.500 -6.000 0.000 -6.700
3 0 -6.100 0.000 -5.500 -5.600 0.000 -5.300 -6.100 0.000 -4.000
3 0 -6.100 0.000 -4.000 -6.300 0.000 -4.600 -6.100 0.000 -5.500
3 0 -6.300 0.000 -4.600 -6.100 0.000 -4.000 -6.700 0.000 -2.900
3 0 -6.700 0.000 -2.900 -6.800 0.000 -3.400 -6.300 0.000 -4.600
3 0 -6.800 0.000 -3.400 -6.700 0.000 -2.900 -6.900 0.000 -2.100
3 0 -6.900 0.000 -2.100 -7.800 0.000 -2.200 -6.800 0.000 -3.400
3 0 -7.800 0.000 -2.200 -6.900 0.000 -2.100 -6.400 0.000 -1.800
3 0 -6.400 0.000 -1.800 -7.300 0.000 -1.600 -7.800 0.000 -2.200
3 0 -7.300 0.000 -1.600 -6.400 0.000 -1.800 -5.700 0.000 -0.800
3 0 -5.700 0.000 -0.800 -6.600 0.000 -1.000 -7.300 0.000 -1.600
3 0 -6.600 0.000 -1.000 -5.700 0.000 -0.800 -5.300 0.000 -0.200
3 0 -5.300 0.000 -0.200 -5.900 0.000 -0.100 -6.600 0.000 -1.000
3 0 -5.900 0.000 -0.100 -5.300 0.000 -0.200 -4.900 0.000 0.600
3 0 -4.900 0.000 0.600 -5.500 0.000 0.500 -5.900 0.000 -0.100
3 0 7.700 0.000 -6.100 7.400 0.000 -6.700 8.600 0.000 -6.900
3 0 8.600 0.000 -6.900 8.800 0.000 -6.200 7.700 0.000 -6.100
3 0 8.800 0.000 -6.200 8.600 0.000 -6.900 9.900 0.000 -7.400
3 0 9.900 0.000 -7.400 10.400 0.000 -6.600 8.800 0.000 -6.200
3 0 10.400 0.000 -6.600 9.900 0.000 -7.400 12.400 0.000 -8.300
3 0 12.400 0.000 -8.300 12.900 0.000 -7.500 10.400 0.000 -6.600
3 0 12.900 0.000 -7.500 12.400 0.000 -8.300 13.800 0.000 -8.300
3 0 13.800 0.000 -8.300 14.100 0.000 -7.800 12.900 0.000 -7.500
3 0 12.400 0.000 -8.300 13.400 0.000 -8.800 14.400 0.000 -8.600
3 0 14.400 0.000 -8.600 13.800 0.000 -8.300 12.400 0.000 -8.300
3 0 13.800 0.000 -8.300 14.400 0.000 -8.600 15.400 0.000 -8.300
3 0 15.400 0.000 -8.300 14.700 0.000 -7.800 13.800 0.000 -8.300
3 0 14.700 0.000 -7.800 15.400 0.000 -8.300 16.000 0.000 -7.400
3 0 16.000 0.000 -7.400 15.200 0.000 -7.300 14.700 0.000 -7.800
3 0 15.200 0.000 -7.300 16.000 0.000 -7.400 16.400 0.000 -6.300
3 0 16.400 0.000 -6.300 15.500 0.000 -6.500 15.200 0.000 -7.300
3 0 15.500 0.000 -6.500 16.400 0.000 -6.300 16.300 0.000 -5.400
3 0 16.300 0.000 -5.400 15.500 0.000 -5.800 15.500 0.000 -6.500
3 0 15.500 0.000 -5.800 16.300 0.000 -5.400 15.800 0.000 -4.800
3 0 15.800 0.000 -4.800 14.900 0.000 -5.100 15.500 0.000 -5.800
3 0 15.300 0.000 -4.400 14.900 0.000 -5.100 15.800 0.000 -4.800
3 0 14.700 0.000 -7.800 14.100 0.000 -7.800 13.800 0.000 -8.300
3 0 14.400 0.000 -8.600 13.900 0.000 -9.700 14.600 0.000 -10.800
3 0 14.600 0.000 -10.800 14.600 0.000 -9.500 14.400 0.000 -8.600
3 0 13.900 0.000 -9.700 13.900 0.000 -10.700 14.300 0.000 -11.500
3 0 14.300 0.000 -11.500 14.600 0.000 -10.800 13.900 0.000 -9.700
3 0 13.900 0.000 -10.700 13.700 0.000 -11.200 13.900 0.000 -12.100
3 0 13.900 0.000 -12.100 14.300 0.000 -11.500 13.900 0.000 -10.700
3 0 13.700 0.000 -11.200 13.300 0.000 -11.400 13.300 0.000 -12.200
3 0 13.300 0.000 -12.200 13.900 0.000 -12.100 13.700 0.000 -11.200
3 0 13.300 0.000 -11.400 12.800 0.000 -11.500 12.400 0.000 -12.200
3 0 12.400 0.000 -12.200 13.300 0.000 -12.200 13.300 0.000 -11.400
3 0 12.800 0.000 -11.500 12.100 0.000 -11.400 11.800 0.000 -12.400
3 0 11.800 0.000 -12.400 12.400 0.000 -12.200 12.800 0.000 -11.500
3 0 11.800 0.000 -12.400 12.100 0.000 -11.400 11.300 0.000 -11.000
3 0 11.300 0.000 -11.000 11.200 0.000 -11.700 11.800 0.000 -12.400
3 0 11.200 0.000 -11.700 11.300 0.000 -11.000 7.300 0.000 -8.400
3 0 7.300 0.000 -8.400 10.200 0.000 -10.900 11.200 0.000 -11.700
3 0 7.300 0.000 -8.400 7.000 0.000 -8.800 10.200 0.000 -10.900
3 0 7.000 0.000 -8.800 7.300 0.000 -8.400 6.800 0.000 -8.000
3 0 6.800 0.000 -8.000 6.400 0.000 -8.500 7.000 0.000 -8.800
3 0 9.300 0.000 -14.100 5.700 0.000 -9.400 5.400 0.000 -10.100
3 0 5.400 0.000 -10.100 8.900 0.000 -14.300 9.300 0.000 -14.100
3 0 8.900 0.000 -14.300 8.900 0.000 -15.000 9.400 0.000 -15.000
3 0 9.400 0.000 -15.000 9.300 0.000 -14.100 8.900 0.000 -14.300
3 0 9.300 0.000 -14.100 9.400 0.000 -15.000 10.000 0.000 -15.000
3 0 10.000 0.000 -15.000 9.800 0.000 -14.400 9.300 0.000 -14.100
3 0 9.800 0.000 -14.400 10.000 0.000 -15.000 10.900 0.000 -15.000
3 0 10.900 0.000 -15.000 10.600 0.000 -14.300 9.800 0.000 -14.400
3 0 10.600 0.000 -14.300 10.900 0.000 -15.000 11.600 0.000 -14.600
3 0 11.600 0.000 -14.600 11.200 0.000 -14.100 10.600 0.000 -14.300
3 0 11.200 0.000 -14.100 11.600 0.000 -14.600 12.200 0.000 -14.000
3 0 12.200 0.000 -14.000 11.600 0.000 -13.500 11.200 0.000 -14.100
3 0 11.600 0.000 -13.500 12.200 0.000 -14.000 12.400 0.000 -13.200
3 0 12.400 0.000 -13.200 11.700 0.000 -13.000 11.600 0.000 -13.500
3 0 11.700 0.000 -13.000 12.400 0.000 -13.200 12.400 0.000 -12.200
3 0 12.400 0.000 -12.200 11.800 0.000 -12.400 11.700 0.000 -13.000
3 0 7.200 0.000 -15.600 4.300 0.000 -11.100 3.800 0.000 -11.600
3 0 3.800 0.000 -11.600 6.900 0.000 -16.100 7.200 0.000 -15.600
3 0 7.200 0.000 -15.600 6.900 0.000 -16.100 7.300 0.000 -16.500
3 0 7.300 0.000 -16.500 7.500 0.000 -15.900 7.200 0.000 -15.600
3 0 7.500 0.000 -15.900 7.300 0.000 -16.500 7.900 0.000 -16.700
3 0 7.900 0.000 -16.700 8.000 0.000 -16.000 7.500 0.000 -15.900
3 0 8.000 0.000 -16.000 7.900 0.000 -16.700 8.600 0.000 -16.600
3 0 8.600 0.000 -16.600 8.400 0.000 -16.000 8.000 0.000 -16.000
3 0 8.600 0.000 -16.600 9.200 0.000 -16.100 8.800 0.000 -15.700
3 0 8.800 0.000 -15.700 8.400 0.000 -16.000 8.600 0.000 -16.600
3 0 9.200 0.000 -16.100 9.400 0.000 -15.600 8.900 0.000 -15.000
3 0 8.900 0.000 -15.000 8.800 0.000 -15.700 9.200 0.000 -16.100
3 0 9.400 0.000 -15.000 8.900 0.000 -15.000 9.400 0.000 -15.600
3 0 -12.300 0.000 3.000 -11.800 0.000 2.500 -10.700 0.000 3.100
3 0 -10.700 0.000 3.100 -11.300 0.000 3.300 -12.300 0.000 3.000
3 0 -11.800 0.000 2.500 -11.200 0.000 2.500 -10.000 0.000 2.700
3 0 -10.000 0.000 2.700 -10.700 0.000 3.100 -11.800 0.000 2.500
3 0 -10.000 0.000 2.700 -11.200 0.000 2.500 -11.100 0.000 2.000
3 0 -11.100 0.000 2.000 -9.900 0.000 2.100 -10.000 0.000 2.700
3 0 -9.900 0.000 2.100 -11.100 0.000 2.000 -10.700 0.000 0.900
3 0 -10.700 0.000 0.900 -10.000 0.000 1.400 -9.900 0.000 2.100
3 0 -10.700 0.000 0.900 -11.100 0.000 2.000 -11.800 0.000 2.000
3 0 -11.800 0.000 2.000 -11.300 0.000 0.700 -10.700 0.000 0.900
3 0 -11.300 0.000 0.700 -11.800 0.000 2.000 -12.900 0.000 1.200
3 0 -12.900 0.000 1.200 -12.200 0.000 0.800 -11.300 0.000 0.700
3 0 -12.900 0.000 1.200 -11.800 0.000 2.000 -13.000 0.000 2.400
3 0 -13.000 0.000 2.400 -13.300 0.000 1.800 -12.900 0.000 1.200
3 0 -11.800 0.000 2.000 -11.800 0.000 2.500 -12.300 0.000 3.000
3 0 -12.300 0.000 3.000 -13.000 0.000 2.400 -11.800 0.000 2.000
3 0 -14.400 0.000 3.000 -15.000 0.000 2.400 -14.600 0.000 2.200
3 0 3.600 0.000 -4.000 2.700 0.000 -4.100 2.800 0.000 -4.600
3 0 14.400 0.000 -8.600 13.400 0.000 -8.800 13.900 0.000 -9.700
3 0 -8.000 0.000 -9.700 -9.000 0.000 -9.800 -8.700 0.000 -10.400
3 5 14.600 0.000 -3.900 11.200 0.000 -2.300 9.300 0.000 -3.000
3 5 9.300 0.000 -3.000 8.300 0.000 -4.200 14.600 0.000 -3.900
3 5 9.300 0.000 -3.000 8.400 0.000 -3.300 8.300 0.000 -4.200
3 5 11.200 0.000 -2.300 14.600 0.000 -3.900 14.700 0.000 -0.900
3 5 14.700 0.000 -0.900 13.200 0.000 -1.400 11.200 0.000 -2.300
3 5 14.600 0.000 -3.900 15.400 0.000 -3.600 15.700 0.000 -3.200
3 5 15.700 0.000 -3.200 14.700 0.000 -0.900 14.600 0.000 -3.900
3 5 15.700 0.000 -3.200 16.100 0.000 -2.700 16.000 0.000 -1.900
3 5 16.000 0.000 -1.900 14.700 0.000 -0.900 15.700 0.000 -3.200
3 5 14.700 0.000 -0.900 16.000 0.000 -1.900 15.800 0.000 -1.300
3 5 8.000 0.000 -5.600 7.700 0.000 -6.100 8.800 0.000 -6.200
3 5 8.000 0.000 -5.600 8.800 0.000 -6.200 10.400 0.000 -6.600
3 5 10.400 0.000 -6.600 8.100 0.000 -4.900 8.000 0.000 -5.600
3 5 8.100 0.000 -4.900 10.400 0.000 -6.600 12.900 0.000 -7.500
3 5 12.900 0.000 -7.500 14.200 0.000 -4.800 8.100 0.000 -4.900
3 5 14.200 0.000 -4.800 12.900 0.000 -7.500 15.500 0.000 -5.800
3 5 15.500 0.000 -5.800 14.900 0.000 -5.100 14.200 0.000 -4.800
3 5 15.500 0.000 -5.800 12.900 0.000 -7.500 15.200 0.000 -7.300
3 5 15.200 0.000 -7.300 15.500 0.000 -6.500 15.500 0.000 -5.800
3 5 12.900 0.000 -7.500 14.100 0.000 -7.800 14.700 0.000 -7.800
3 5 14.700 0.000 -7.800 15.200 0.000 -7.300 12.900 0.000 -7.500
3 5 7.400 0.000 -6.700 6.800 0.000 -8.000 7.300 0.000 -8.400
3 5 7.300 0.000 -8.400 8.600 0.000 -6.900 7.400 0.000 -6.700
3 5 8.600 0.000 -6.900 7.300 0.000 -8.400 11.300 0.000 -11.000
3 5 11.300 0.000 -11.000 9.900 0.000 -7.400 8.600 0.000 -6.900
3 5 9.900 0.000 -7.400 11.300 0.000 -11.000 12.100 0.000 -11.400
3 5 12.100 0.000 -11.400 12.400 0.000 -8.300 9.900 0.000 -7.400
3 5 12.400 0.000 -8.300 12.100 0.000 -11.400 13.900 0.000 -9.700
3 5 13.900 0.000 -9.700 13.400 0.000 -8.800 12.400 0.000 -8.300
3 5 12.100 0.000 -11.400 12.800 0.000 -11.500 13.300 0.000 -11.400
3 5 13.300 0.000 -11.400 13.900 0.000 -9.700 12.100 0.000 -11.400
3 5 13.300 0.000 -11.400 13.700 0.000 -11.200 13.900 0.000 -10.700
3 5 13.900 0.000 -10.700 13.900 0.000 -9.700 13.300 0.000 -11.400
3 5 6.400 0.000 -8.500 5.700 0.000 -9.400 10.200 0.000 -10.900
3 5 10.200 0.000 -10.900 7.000 0.000 -8.800 6.400 0.000 -8.500
3 5 5.700 0.000 -9.400 9.300 0.000 -14.100 11.200 0.000 -11.700
3 5 11.200 0.000 -11.700 10.200 0.000 -10.900 5.700 0.000 -9.400
3 5 9.300 0.000 -14.100 9.800 0.000 -14.400 10.600 0.000 -14.300
3 5 10.600 0.000 -14.300 11.200 0.000 -11.700 9.300 0.000 -14.100
3 5 11.200 0.000 -11.700 10.600 0.000 -14.300 11.700 0.000 -13.000
3 5 11.700 0.000 -13.000 11.800 0.000 -12.400 11.200 0.000 -11.700
3 5 10.600 0.000 -14.300 11.200 0.000 -14.100 11.600 0.000 -13.500
3 5 11.600 0.000 -13.500 11.700 0.000 -13.000 10.600 0.000 -14.300
3 5 4.300 0.000 -11.100 7.200 0.000 -15.600 8.900 0.000 -14.300
3 5 8.900 0.000 -14.300 5.400 0.000 -10.100 4.300 0.000 -11.100
3 5 7.200 0.000 -15.600 7.500 0.000 -15.900 8.000 0.000 -16.000
3 5 8.000 0.000 -16.000 8.900 0.000 -14.300 7.200 0.000 -15.600
3 5 8.000 0.000 -16.000 8.400 0.000 -16.000 8.900 0.000 -15.000
3 5 8.900 0.000 -15.000 8.900 0.000 -14.300 8.000 0.000 -16.000
3 5 8.900 0.000 -15.000 8.400 0.000 -16.000 8.800 0.000 -15.700
3 5 -1.900 0.000 -5.200 -2.500 0.000 -5.300 -0.200 0.000 -6.600
3 5 -1.900 0.000 -5.200 -0.200 0.000 -6.600 0.500 0.000 -6.800
3 5 0.500 0.000 -6.800 -1.000 0.000 -4.800 -1.900 0.000 -5.200
3 5 -1.000 0.000 -4.800 0.500 0.000 -6.800 1.100 0.000 -6.700
3 5 1.100 0.000 -6.700 -0.600 0.000 -3.900 -1.000 0.000 -4.800
3 5 1.100 0.000 -6.700 1.600 0.000 -6.500 2.100 0.000 -6.100
3 5 2.100 0.000 -6.100 -0.600 0.000 -3.900 1.100 0.000 -6.700
3 5 2.100 0.000 -6.100 2.300 0.000 -5.500 2.300 0.000 -4.800
3 5 2.300 0.000 -4.800 -0.600 0.000 -3.900 2.100 0.000 -6.100
3 5 -0.700 0.000 -2.800 -0.600 0.000 -3.900 2.300 0.000 -4.800
3 5 0.300 0.000 -2.800 2.700 0.000 -4.100 3.600 0.000 -4.000
3 5 3.600 0.000 -4.000 1.000 0.000 -2.500 0.300 0.000 -2.800
3 5 1.000 0.000 -2.500 3.600 0.000 -4.000 4.400 0.000 -3.300
3 5 4.400 0.000 -3.300 1.700 0.000 -1.800 1.000 0.000 -2.500
3 5 1.700 0.000 -1.800 4.400 0.000 -3.300 4.700 0.000 -2.600
3 5 4.700 0.000 -2.600 2.000 0.000 -1.000 1.700 0.000 -1.800
3 5 2.000 0.000 -1.000 4.700 0.000 -2.600 4.700 0.000 -2.000
3 5 4.700 0.000 -2.000 2.500 0.000 -0.900 2.000 0.000 -1.000
3 5 2.500 0.000 -0.900 4.700 0.000 -2.000 4.200 0.000 -1.500
3 5 2.500 0.000 1.400 1.400 0.000 1.000 1.700 0.000 0.600
3 5 1.700 0.000 0.600 2.100 0.000 -0.200 3.200 0.000 1.900
3 5 3.200 0.000 1.900 2.500 0.000 1.400 1.700 0.000 0.600
3 5 2.100 0.000 -0.200 2.700 0.000 -0.400 5.700 0.000 1.800
3 5 5.700 0.000 1.800 3.200 0.000 1.900 2.100 0.000 -0.200
3 5 2.700 0.000 -0.400 4.700 0.000 -1.000 5.500 0.000 -0.900
3 5 5.500 0.000 -0.900 5.700 0.000 1.800 2.700 0.000 -0.400
3 5 5.500 0.000 -0.900 6.200 0.000 -0.400 6.600 0.000 0.200
3 5 6.600 0.000 0.200 5.700 0.000 1.800 5.500 0.000 -0.900
3 5 6.600 0.000 0.200 6.800 0.000 0.800 6.600 0.000 1.200
3 5 6.600 0.000 1.200 5.700 0.000 1.800 6.600 0.000 0.200
3 5 3.300 0.000 4.800 3.800 0.000 4.100 7.900 0.000 4.600
3 5 7.900 0.000 4.600 7.100 0.000 5.100 3.300 0.000 4.800
3 5 7.900 0.000 4.600 3.800 0.000 4.100 7.800 0.000 3.400
3 5 7.800 0.000 3.400 8.000 0.000 4.000 7.900 0.000 4.600
3 5 3.800 0.000 4.100 3.800 0.000 3.400 7.500 0.000 2.700
3 5 7.500 0.000 2.700 7.800 0.000 3.400 3.800 0.000 4.100
3 5 3.800 0.000 3.400 3.600 0.000 2.500 6.700 0.000 2.400
3 5 6.700 0.000 2.400 7.500 0.000 2.700 3.800 0.000 3.400
3 5 3.700 0.000 8.300 3.800 0.000 7.200 8.100 0.000 9.200
3 5 8.100 0.000 9.200 7.400 0.000 9.200 3.700 0.000 8.300
3 5 8.100 0.000 9.200 3.800 0.000 7.200 9.000 0.000 7.800
3 5 9.000 0.000 7.800 8.500 0.000 8.900 8.100 0.000 9.200
3 5 9.000 0.000 7.800 3.800 0.000 7.200 8.100 0.000 6.000
3 5 8.100 0.000 6.000 8.800 0.000 6.700 9.000 0.000 7.800
3 5 8.100 0.000 6.000 3.800 0.000 7.200 3.600 0.000 6.300
3 5 3.600 0.000 6.300 7.200 0.000 5.700 8.100 0.000 6.000
3 5 3.600 0.000 6.300 3.400 0.000 5.600 7.200 0.000 5.700
3 5 1.700 0.000 9.300 2.500 0.000 9.400 7.800 0.000 10.200
3 5 7.800 0.000 10.200 2.000 0.000 10.200 1.700 0.000 9.300
3 5 2.000 0.000 10.200 7.800 0.000 10.200 8.500 0.000 12.500
3 5 8.500 0.000 12.500 6.600 0.000 13.100 2.000 0.000 10.200
3 5 6.600 0.000 13.100 8.500 0.000 12.500 8.300 0.000 13.000
3 5 8.300 0.000 13.000 7.100 0.000 13.400 6.600 0.000 13.100
3 5 8.000 0.000 13.500 7.100 0.000 13.400 8.300 0.000 13.000
3 5 8.500 0.000 12.500 7.800 0.000 10.200 8.500 0.000 12.100
3 5 8.500 0.000 12.100 7.800 0.000 10.200 8.400 0.000 10.900
3 5 8.400 0.000 10.900 8.500 0.000 11.600 8.500 0.000 12.100
3 5 7.400 0.000 9.900 7.800 0.000 10.200 2.500 0.000 9.400
3 5 2.500 0.000 9.400 3.100 0.000 9.100 7.400 0.000 9.900
3 5 7.400 0.000 9.900 3.100 0.000 9.100 3.500 0.000 8.600
3 5 0.000 0.000 12.900 0.800 0.000 12.900 2.300 0.000 14.900
3 5 2.300 0.000 14.900 0.500 0.000 13.600 0.000 0.000 12.900
3 5 2.300 0.000 14.900 0.800 0.000 12.900 1.300 0.000 12.700
3 5 1.300 0.000 12.700 1.800 0.000 12.100 6.100 0.000 13.500
3 5 6.100 0.000 13.500 2.300 0.000 14.900 1.300 0.000 12.700
3 5 6.100 0.000 13.500 1.800 0.000 12.100 2.000 0.000 11.400
3 5 6.100 0.000 13.500 2.000 0.000 11.400 2.000 0.000 10.800
3 5 2.300 0.000 14.900 6.100 0.000 13.500 7.000 0.000 14.300
3 5 7.000 0.000 14.300 5.600 0.000 17.500 2.300 0.000 14.900
3 5 7.000 0.000 14.300 7.700 0.000 14.800 8.000 0.000 15.600
3 5 8.000 0.000 15.600 5.600 0.000 17.500 7.000 0.000 14.300
3 5 8.000 0.000 15.600 7.900 0.000 16.400 7.800 0.000 17.100
3 5 7.800 0.000 17.100 5.600 0.000 17.500 8.000 0.000 15.600
3 5 7.800 0.000 17.100 7.300 0.000 17.600 6.700 0.000 17.900
3 5 6.700 0.000 17.900 5.600 0.000 17.500 7.800 0.000 17.100
3 5 6.700 0.000 17.900 6.100 0.000 17.800 5.600 0.000 17.500
3 22 -3.900 0.000 6.700 0.200 0.000 8.900 0.000 0.000 12.400
3 22 0.000 0.000 12.400 -0.800 0.000 12.100 -3.900 0.000 6.700
3 22 0.000 0.000 12.400 0.200 0.000 8.900 1.200 0.000 12.000
3 22 1.200 0.000 12.000 0.800 0.000 12.300 0.000 0.000 12.400
3 22 1.200 0.000 12.000 0.200 0.000 8.900 1.400 0.000 10.600
3 22 1.400 0.000 10.600 1.400 0.000 11.300 1.200 0.000 12.000
3 22 1.400 0.000 10.600 0.200 0.000 8.900 1.200 0.000 9.600
3 22 0.200 0.000 8.900 -3.900 0.000 6.700 1.100 0.000 5.400
3 22 1.100 0.000 5.400 0.500 0.000 8.500 0.200 0.000 8.900
3 22 0.500 0.000 8.500 1.100 0.000 5.400 2.200 0.000 5.600
3 22 2.200 0.000 5.600 1.600 0.000 8.800 0.500 0.000 8.500
3 22 2.200 0.000 5.600 2.800 0.000 6.400 3.200 0.000 7.300
3 22 3.200 0.000 7.300 1.600 0.000 8.800 2.200 0.000 5.600
3 22 3.200 0.000 7.300 3.100 0.000 7.900 2.800 0.000 8.400
3 22 2.800 0.000 8.400 1.600 0.000 8.800 3.200 0.000 7.300
3 22 2.400 0.000 8.800 1.600 0.000 8.800 2.800 0.000 8.400
3 22 -3.900 0.000 6.700 -0.800 0.000 12.100 -3.200 0.000 8.900
3 22 -3.200 0.000 8.900 -3.600 0.000 8.000 -3.900 0.000 6.700
3 22 -3.200 0.000 8.900 -0.800 0.000 12.100 -2.600 0.000 10.300
3 22 -2.600 0.000 10.300 -3.000 0.000 9.700 -3.200 0.000 8.900
3 22 -2.600 0.000 10.300 -0.800 0.000 12.100 -1.500 0.000 11.700
3 22 -1.500 0.000 11.700 -2.100 0.000 11.100 -2.600 0.000 10.300
3 22 -3.900 0.000 6.700 -4.100 0.000 5.300 1.200 0.000 4.700
3 22 1.200 0.000 4.700 1.100 0.000 5.400 -3.900 0.000 6.700
3 22 1.200 0.000 4.700 -4.100 0.000 5.300 -4.300 0.000 3.700
3 22 -4.300 0.000 3.700 0.100 0.000 1.500 1.200 0.000 4.700
3 22 1.200 0.000 4.700 0.100 0.000 1.500 1.100 0.000 1.500
3 22 1.100 0.000 1.500 2.500 0.000 4.700 1.200 0.000 4.700
3 22 1.100 0.000 1.500 1.900 0.000 1.800 2.500 0.000 2.300
3 22 2.500 0.000 2.300 2.500 0.000 4.700 1.100 0.000 1.500
3 22 2.500 0.000 2.300 3.100 0.000 2.800 3.200 0.000 3.700
3 22 3.200 0.000 3.700 2.500 0.000 4.700 2.500 0.000 2.300
3 22 0.100 0.000 1.500 -4.300 0.000 3.700 -4.700 0.000 1.500
3 22 -4.700 0.000 1.500 -0.100 0.000 0.900 0.100 0.000 1.500
3 22 -0.100 0.000 0.900 -4.700 0.000 1.500 -4.900 0.000 0.600
3 22 -4.900 0.000 0.600 -2.000 0.000 -1.900 -0.100 0.000 0.900
3 22 -2.000 0.000 -1.900 -4.900 0.000 0.600 -5.300 0.000 -0.200
3 22 -5.300 0.000 -0.200 -2.200 0.000 -2.300 -2.000 0.000 -1.900
3 22 -2.200 0.000 -2.300 -5.300 0.000 -0.200 -5.700 0.000 -0.800
3 22 -5.700 0.000 -0.800 -3.800 0.000 -4.500 -2.200 0.000 -2.300
3 22 -5.700 0.000 -0.800 -6.400 0.000 -1.800 -3.800 0.000 -4.500
3 22 -6.400 0.000 -1.800 -6.900 0.000 -2.100 -6.700 0.000 -2.900
3 22 -6.700 0.000 -2.900 -3.800 0.000 -4.500 -6.400 0.000 -1.800
3 22 -6.700 0.000 -2.900 -6.100 0.000 -4.000 -3.900 0.000 -5.200
3 22 -3.900 0.000 -5.200 -3.800 0.000 -4.500 -6.700 0.000 -2.900
3 22 -6.100 0.000 -4.000 -5.600 0.000 -5.300 -3.900 0.000 -5.200
3 22 -5.600 0.000 -5.300 -5.500 0.000 -6.500 -5.300 0.000 -7.600
3 22 -5.300 0.000 -7.600 -3.900 0.000 -5.200 -5.600 0.000 -5.300
3 22 -5.300 0.000 -7.600 -3.400 0.000 -13.100 -0.600 0.000 -7.000
3 22 -0.600 0.000 -7.000 -3.900 0.000 -5.200 -5.300 0.000 -7.600
3 22 -3.400 0.000 -13.100 -1.900 0.000 -13.000 -0.600 0.000 -12.900
3 22 -0.600 0.000 -12.900 -0.600 0.000 -7.000 -3.400 0.000 -13.100
3 22 -0.600 0.000 -12.900 0.800 0.000 -12.600 0.400 0.000 -7.400
3 22 0.400 0.000 -7.400 -0.600 0.000 -7.000 -0.600 0.000 -12.900
3 22 0.800 0.000 -12.600 1.900 0.000 -12.000 1.100 0.000 -7.400
3 22 1.100 0.000 -7.400 0.400 0.000 -7.400 0.800 0.000 -12.600
3 22 1.900 0.000 -12.000 2.800 0.000 -11.300 1.800 0.000 -7.200
3 22 1.800 0.000 -7.200 1.100 0.000 -7.400 1.900 0.000 -12.000
3 22 2.800 0.000 -11.300 3.600 0.000 -10.700 2.400 0.000 -6.900
3 22 2.400 0.000 -6.900 1.800 0.000 -7.200 2.800 0.000 -11.300
3 22 3.600 0.000 -10.700 4.900 0.000 -9.400 2.900 0.000 -6.200
3 22 2.900 0.000 -6.200 2.400 0.000 -6.900 3.600 0.000 -10.700
3 22 4.900 0.000 -9.400 5.900 0.000 -8.200 6.300 0.000 -7.500
3 22 6.300 0.000 -7.500 2.900 0.000 -6.200 4.900 0.000 -9.400
3 22 2.900 0.000 -6.200 6.300 0.000 -7.500 3.500 0.000 -4.600
3 22 3.500 0.000 -4.600 3.000 0.000 -5.300 2.900 0.000 -6.200
3 22 3.500 0.000 -4.600 2.800 0.000 -4.600 3.000 0.000 -5.300
3 22 3.500 0.000 -4.600 6.300 0.000 -7.500 6.900 0.000 -6.300
3 22 6.900 0.000 -6.300 4.600 0.000 -4.100 3.500 0.000 -4.600
3 22 4.600 0.000 -4.100 6.900 0.000 -6.300 7.200 0.000 -5.700
3 22 7.200 0.000 -5.700 5.200 0.000 -3.300 4.600 0.000 -4.100
3 22 5.200 0.000 -3.300 7.200 0.000 -5.700 7.400 0.000 -4.800
3 22 7.400 0.000 -4.800 7.700 0.000 -3.900 7.800 0.000 -3.100
3 22 7.800 0.000 -3.100 5.200 0.000 -3.300 7.400 0.000 -4.800
3 22 5.400 0.000 -2.300 5.200 0.000 -3.300 7.800 0.000 -3.100
3 22 -5.300 0.000 -7.600 -5.800 0.000 -8.600 -6.100 0.000 -9.300
3 22 -6.100 0.000 -9.300 -3.400 0.000 -13.100 -5.300 0.000 -7.600
3 22 -3.400 0.000 -13.100 -6.100 0.000 -9.300 -7.000 0.000 -9.900
3 22 -7.000 0.000 -9.900 -4.800 0.000 -13.200 -3.400 0.000 -13.100
3 22 -4.800 0.000 -13.200 -7.000 0.000 -9.900 -7.200 0.000 -12.500
3 22 -7.200 0.000 -12.500 -6.200 0.000 -12.900 -4.800 0.000 -13.200
3 22 -7.000 0.000 -9.900 -7.800 0.000 -10.300 -8.300 0.000 -11.700
3 22 -8.300 0.000 -11.700 -7.200 0.000 -12.500 -7.000 0.000 -9.900
3 22 -7.800 0.000 -10.300 -8.700 0.000 -10.400 -9.300 0.000 -10.900
3 22 -9.300 0.000 -10.900 -8.300 0.000 -11.700 -7.800 0.000 -10.300
3 22 -8.700 0.000 -10.400 -9.800 0.000 -10.400 -9.300 0.000 -10.900
3 22 -3.800 0.000 -4.500 -2.500 0.000 -4.800 -1.400 0.000 -3.000
3 22 -1.400 0.000 -3.000 -2.200 0.000 -2.300 -3.800 0.000 -4.500
3 22 -1.400 0.000 -3.000 -2.500 0.000 -4.800 -2.000 0.000 -4.500
3 22 -2.000 0.000 -4.500 -1.400 0.000 -3.900 -1.400 0.000 -3.000
3 22 -2.000 0.000 -1.900 -0.600 0.000 -2.000 0.800 0.000 0.600
3 22 0.800 0.000 0.600 -0.100 0.000 0.900 -2.000 0.000 -1.900
3 22 0.800 0.000 0.600 -0.600 0.000 -2.000 0.300 0.000 -1.800
3 22 0.300 0.000 -1.800 0.800 0.000 -1.500 0.800 0.000 0.600
3 22 0.800 0.000 -1.500 1.300 0.000 -0.900 1.400 0.000 -0.300
3 22 1.400 0.000 -0.300 0.800 0.000 0.600 0.800 0.000 -1.500
3 22 -7.000 0.000 3.600 -6.700 0.000 2.700 -5.300 0.000 1.900
3 22 -5.300 0.000 1.900 -4.900 0.000 4.000 -7.000 0.000 3.600
3 22 -5.300 0.000 1.900 -6.700 0.000 2.700 -6.400 0.000 2.000
3 22 -6.400 0.000 2.000 -5.800 0.000 1.900 -5.300 0.000 1.900
3 22 -4.900 0.000 4.000 -4.700 0.000 5.500 -5.800 0.000 13.800
3 22 -5.800 0.000 13.800 -7.000 0.000 3.600 -4.900 0.000 4.000
3 22 -5.800 0.000 13.800 -8.300 0.000 11.100 -7.500 0.000 4.300
3 22 -7.500 0.000 4.300 -7.000 0.000 3.600 -5.800 0.000 13.800
3 22 -7.500 0.000 4.300 -8.300 0.000 11.100 -8.600 0.000 6.900
3 22 -8.600 0.000 6.900 -8.100 0.000 4.700 -7.500 0.000 4.300
3 22 -8.300 0.000 11.100 -8.800 0.000 7.700 -8.600 0.000 6.900
3 22 -8.800 0.000 7.700 -8.300 0.000 11.100 -9.300 0.000 9.800
3 22 -9.300 0.000 9.800 -9.200 0.000 8.400 -8.800 0.000 7.700
3 22 -9.300 0.000 9.800 -9.500 0.000 9.400 -9.500 0.000 9.100
3 22 -9.500 0.000 9.100 -9.200 0.000 8.400 -9.300 0.000 9.800
3 22 -8.600 0.000 6.900 -8.600 0.000 6.000 -8.100 0.000 4.700
3 22 -8.600 0.000 6.000 -8.600 0.000 5.200 -8.500 0.000 4.900
3 22 -8.500 0.000 4.900 -8.100 0.000 4.700 -8.600 0.000 6.000
3 22 -4.400 0.000 7.200 -4.000 0.000 8.700 -4.000 0.000 11.500
3 22 -4.000 0.000 11.500 -5.800 0.000 13.800 -4.400 0.000 7.200
3 22 -4.000 0.000 8.700 -3.600 0.000 9.600 -3.700 0.000 11.000
3 22 -3.700 0.000 11.000 -4.000 0.000 11.500 -4.000 0.000 8.700
3 22 -4.000 0.000 11.500 -1.100 0.000 14.600 -3.200 0.000 16.200
3 22 -3.200 0.000 16.200 -5.800 0.000 13.800 -4.000 0.000 11.500
3 22 -3.200 0.000 16.200 -1.100 0.000 14.600 -1.000 0.000 15.200
3 22 -1.000 0.000 15.200 -2.500 0.000 16.400 -3.200 0.000 16.200
3 22 -2.500 0.000 16.400 -1.000 0.000 15.200 -1.000 0.000 15.700
3 22 -1.000 0.000 15.700 -2.000 0.000 16.500 -2.500 0.000 16.400
3 22 -1.000 0.000 15.700 -1.200 0.000 16.100 -1.400 0.000 16.300
3 22 -1.400 0.000 16.300 -2.000 0.000 16.500 -1.000 0.000 15.700
3 22 -3.700 0.000 11.000 -3.600 0.000 9.600 -3.200 0.000 10.500
3 22 -2.700 0.000 11.200 -3.700 0.000 11.000 -3.200 0.000 10.500
3 22 -2.700 0.000 11.200 -2.200 0.000 11.700 -1.600 0.000 12.400
3 22 -1.600 0.000 12.400 -3.700 0.000 11.000 -2.700 0.000 11.200
3 22 -1.600 0.000 12.400 -1.100 0.000 12.900 -0.700 0.000 14.300
3 22 -0.700 0.000 14.300 -3.700 0.000 11.000 -1.600 0.000 12.400
3 22 -1.100 0.000 12.900 -0.400 0.000 13.200 -0.100 0.000 14.300
3 22 -0.100 0.000 14.300 -0.700 0.000 14.300 -1.100 0.000 12.900
3 22 -0.100 0.000 14.300 -0.400 0.000 13.200 0.200 0.000 13.900
3 4 -14.000 0.000 0.400 -13.900 0.000 -1.100 -12.200 0.000 0.800
3 4 -12.200 0.000 0.800 -12.900 0.000 1.200 -14.000 0.000 0.400
3 4 -12.200 0.000 0.800 -13.900 0.000 -1.100 -7.800 0.000 -2.200
3 4 -7.800 0.000 -2.200 -11.300 0.000 0.700 -12.200 0.000 0.800
3 4 -11.300 0.000 0.700 -7.800 0.000 -2.200 -7.300 0.000 -1.600
3 4 -7.300 0.000 -1.600 -10.700 0.000 0.900 -11.300 0.000 0.700
3 4 -10.700 0.000 0.900 -7.300 0.000 -1.600 -6.600 0.000 -1.000
3 4 -6.600 0.000 -1.000 -10.000 0.000 1.400 -10.700 0.000 0.900
3 4 -6.600 0.000 -1.000 -5.900 0.000 -0.100 -5.500 0.000 0.500
3 4 -5.500 0.000 0.500 -10.000 0.000 1.400 -6.600 0.000 -1.000
3 4 -5.500 0.000 0.500 -6.800 0.000 1.500 -9.900 0.000 2.100
3 4 -9.900 0.000 2.100 -10.000 0.000 1.400 -5.500 0.000 0.500
3 4 -6.800 0.000 1.500 -7.200 0.000 2.300 -10.000 0.000 2.700
3 4 -10.000 0.000 2.700 -9.900 0.000 2.100 -6.800 0.000 1.500
3 4 -7.200 0.000 2.300 -7.500 0.000 3.200 -7.900 0.000 3.900
3 4 -7.900 0.000 3.900 -10.000 0.000 2.700 -7.200 0.000 2.300
3 4 -7.900 0.000 3.900 -8.400 0.000 4.300 -8.800 0.000 4.500
3 4 -8.800 0.000 4.500 -10.000 0.000 2.700 -7.900 0.000 3.900
3 4 -10.000 0.000 2.700 -8.800 0.000 4.500 -9.500 0.000 4.700
3 4 -9.500 0.000 4.700 -10.700 0.000 3.100 -10.000 0.000 2.700
3 4 -9.500 0.000 4.700 -10.400 0.000 4.800 -11.300 0.000 3.300
3 4 -11.300 0.000 3.300 -10.700 0.000 3.100 -9.500 0.000 4.700
3 4 -10.400 0.000 4.800 -11.400 0.000 4.700 -12.200 0.000 4.500
3 4 -12.200 0.000 4.500 -11.300 0.000 3.300 -10.400 0.000 4.800
3 4 -11.300 0.000 3.300 -12.200 0.000 4.500 -13.100 0.000 4.200
3 4 -13.100 0.000 4.200 -12.300 0.000 3.000 -11.300 0.000 3.300
3 4 -12.300 0.000 3.000 -13.100 0.000 4.200 -13.800 0.000 3.600
3 4 -13.800 0.000 3.600 -13.000 0.000 2.400 -12.300 0.000 3.000
3 4 -13.800 0.000 3.600 -14.400 0.000 3.000 -13.300 0.000 1.800
3 4 -13.300 0.000 1.800 -13.000 0.000 2.400 -13.800 0.000 3.600
3 4 -14.400 0.000 3.000 -14.600 0.000 2.200 -14.700 0.000 1.700
3 4 -14.700 0.000 1.700 -13.300 0.000 1.800 -14.400 0.000 3.000
3 4 -14.700 0.000 1.700 -14.600 0.000 1.100 -14.000 0.000 0.400
3 4 -14.000 0.000 0.400 -13.300 0.000 1.800 -14.700 0.000 1.700
3 4 -13.300 0.000 1.800 -14.000 0.000 0.400 -12.900 0.000 1.200
3 4 -6.000 0.000 1.500 -6.800 0.000 1.500 -5.500 0.000 0.500
3 4 -5.400 0.000 1.500 -6.000 0.000 1.500 -5.500 0.000 0.500
3 4 -13.900 0.000 -1.100 -13.300 0.000 -2.900 -6.800 0.000 -3.400
3 4 -6.800 0.000 -3.400 -7.800 0.000 -2.200 -13.900 0.000 -1.100
3 4 -13.300 0.000 -2.900 -13.100 0.000 -4.300 -12.500 0.000 -6.200
3 4 -12.500 0.000 -6.200 -6.800 0.000 -3.400 -13.300 0.000 -2.900
3 4 -6.800 0.000 -3.400 -12.500 0.000 -6.200 -6.100 0.000 -5.500
3 4 -6.100 0.000 -5.500 -6.300 0.000 -4.600 -6.800 0.000 -3.400
3 4 -6.100 0.000 -5.500 -12.500 0.000 -6.200 -6.000 0.000 -7.900
3 4 -6.000 0.000 -7.900 -6.000 0.000 -6.700 -6.100 0.000 -5.500
3 4 -12.500 0.000 -6.200 -11.900 0.000 -7.800 -10.700 0.000 -9.300
3 4 -10.700 0.000 -9.300 -6.000 0.000 -7.900 -12.500 0.000 -6.200
3 4 -10.700 0.000 -9.300 -10.100 0.000 -9.800 -9.000 0.000 -9.800
3 4 -9.000 0.000 -9.800 -6.000 0.000 -7.900 -10.700 0.000 -9.300
3 4 -6.000 0.000 -7.900 -9.000 0.000 -9.800 -6.500 0.000 -8.600
3 4 -6.500 0.000 -8.600 -9.000 0.000 -9.800 -8.000 0.000 -9.700
3 4 -8.000 0.000 -9.700 -6.900 0.000 -9.200 -6.500 0.000 -8.600
3 22 -5.800 0.000 13.800 -4.700 0.000 5.500 -4.400 0.000 7.200
1 16 0.0000 0.0000 0.0000 1.0000 0.0000 0.0000 0.0000 1.0000 0.0000 0.0000 0.0000 1.0000 s/3068bs01.dat
