0 FILE 3068bpb0194.dat
0 Tile 2 x 2 with Groove with 3 Black Dots and Mummy Head Pattern
0 Name:  3068bpb0194.dat
0 Author:  
0 BL_Item_No 3068bpb0194
0 BFC CERTIFY CCW
3 16 -20.000 0.000 20.000 -19.000 0.000 19.000 19.000 0.000 19.000
3 16 19.000 0.000 19.000 20.000 0.000 20.000 -20.000 0.000 20.000
3 16 19.000 0.000 -19.000 20.000 0.000 -20.000 20.000 0.000 20.000
3 16 20.000 0.000 20.000 19.000 0.000 19.000 19.000 0.000 -19.000
3 16 19.000 0.000 -19.000 18.300 0.000 -19.000 -20.000 0.000 -20.000
3 16 -20.000 0.000 -20.000 20.000 0.000 -20.000 19.000 0.000 -19.000
3 16 -19.000 0.000 19.000 -20.000 0.000 20.000 -20.000 0.000 -20.000
3 16 -20.000 0.000 -20.000 -19.000 0.000 18.300 -19.000 0.000 19.000
3 16 -13.500 0.000 -2.000 -16.500 0.000 -2.000 -20.000 0.000 -20.000
3 16 -13.500 0.000 -2.000 -20.000 0.000 -20.000 -9.000 0.000 -3.000
3 16 -9.000 0.000 -3.000 -10.500 0.000 -2.000 -13.500 0.000 -2.000
3 16 -9.000 0.000 -3.000 -20.000 0.000 -20.000 -9.000 0.000 -6.000
3 16 -9.000 0.000 -6.000 -20.000 0.000 -20.000 -9.000 0.000 -9.000
3 16 -6.000 0.000 -9.000 -9.000 0.000 -9.000 -20.000 0.000 -20.000
3 16 -6.000 0.000 -9.000 -20.000 0.000 -20.000 -2.000 0.000 -10.500
3 16 -2.000 0.000 -10.500 -3.000 0.000 -9.000 -6.000 0.000 -9.000
3 16 -2.000 0.000 -10.500 -20.000 0.000 -20.000 -2.000 0.000 -13.500
3 16 -2.000 0.000 -13.500 -20.000 0.000 -20.000 -2.000 0.000 -16.500
3 16 1.000 0.000 -16.500 -2.000 0.000 -16.500 -20.000 0.000 -20.000
3 16 1.000 0.000 -16.500 -20.000 0.000 -20.000 18.300 0.000 -19.000
3 16 18.300 0.000 -19.000 4.000 0.000 -16.500 1.000 0.000 -16.500
3 16 -20.000 0.000 -20.000 -16.500 0.000 -2.000 -16.500 0.000 1.000
3 16 -16.500 0.000 1.000 -19.000 0.000 18.300 -20.000 0.000 -20.000
3 16 -19.000 0.000 18.300 -16.500 0.000 1.000 -16.500 0.000 4.000
3 16 -19.000 0.000 18.300 -16.500 0.000 4.000 -13.500 0.000 4.000
3 16 -19.000 0.000 18.300 -13.500 0.000 4.000 -10.500 0.000 4.000
3 16 -10.500 0.000 -2.000 -9.000 0.000 -3.000 -6.000 0.000 -3.000
3 16 -6.000 0.000 -3.000 -10.500 0.000 1.000 -10.500 0.000 -2.000
3 16 -10.500 0.000 1.000 -6.000 0.000 -3.000 -3.000 0.000 -3.000
3 16 -3.000 0.000 -3.000 -10.500 0.000 4.000 -10.500 0.000 1.000
3 16 -10.500 0.000 4.000 -3.000 0.000 -3.000 18.300 0.000 -19.000
3 16 18.300 0.000 -19.000 -19.000 0.000 18.300 -10.500 0.000 4.000
3 16 -2.000 0.000 -10.500 1.000 0.000 -10.500 -3.000 0.000 -6.000
3 16 -3.000 0.000 -6.000 -3.000 0.000 -9.000 -2.000 0.000 -10.500
3 16 1.000 0.000 -10.500 4.000 0.000 -10.500 -3.000 0.000 -3.000
3 16 -3.000 0.000 -3.000 -3.000 0.000 -6.000 1.000 0.000 -10.500
3 16 4.000 0.000 -13.500 4.000 0.000 -16.500 18.300 0.000 -19.000
3 16 4.000 0.000 -10.500 4.000 0.000 -13.500 18.300 0.000 -19.000
3 16 -3.000 0.000 -3.000 4.000 0.000 -10.500 18.300 0.000 -19.000
3 0 5.005 0.000 16.073 4.835 0.000 16.484 3.832 0.000 15.813
3 0 3.832 0.000 15.813 4.146 0.000 15.499 5.005 0.000 16.073
3 0 8.103 0.000 15.711 8.418 0.000 16.025 7.344 0.000 16.625
3 0 7.344 0.000 16.625 7.174 0.000 16.214 8.103 0.000 15.711
3 0 7.174 0.000 16.214 7.344 0.000 16.625 6.090 0.000 16.790
3 0 6.090 0.000 16.790 6.090 0.000 16.345 7.174 0.000 16.214
3 0 6.090 0.000 16.345 6.090 0.000 16.790 4.835 0.000 16.484
3 0 4.835 0.000 16.484 5.005 0.000 16.073 6.090 0.000 16.345
3 0 -2.218 0.000 9.135 -2.532 0.000 9.449 -3.273 0.000 8.375
3 0 -3.273 0.000 8.375 -2.862 0.000 8.205 -2.218 0.000 9.135
3 0 -2.862 0.000 8.205 -3.273 0.000 8.375 -3.580 0.000 7.121
3 0 -3.580 0.000 7.121 -3.135 0.000 7.121 -2.862 0.000 8.205
3 0 -3.135 0.000 7.121 -3.580 0.000 7.121 -3.415 0.000 5.866
3 0 -3.415 0.000 5.866 -3.004 0.000 6.037 -3.135 0.000 7.121
3 0 -3.004 0.000 6.037 -3.415 0.000 5.866 -2.744 0.000 4.863
3 0 -2.744 0.000 4.863 -2.430 0.000 5.177 -3.004 0.000 6.037
3 0 3.832 0.000 15.813 -2.532 0.000 9.449 -2.218 0.000 9.135
3 0 -2.218 0.000 9.135 4.146 0.000 15.499 3.832 0.000 15.813
3 0 8.418 0.000 16.025 8.103 0.000 15.711 9.518 0.000 14.296
3 0 9.518 0.000 14.296 9.620 0.000 14.823 8.418 0.000 16.025
3 0 9.518 0.000 14.296 9.903 0.000 14.540 11.888 0.000 16.525
3 0 11.888 0.000 16.525 9.620 0.000 14.823 9.518 0.000 14.296
3 0 11.888 0.000 17.091 9.620 0.000 14.823 11.888 0.000 16.525
3 0 16.314 0.000 4.764 15.740 0.000 3.905 16.055 0.000 3.590
3 0 16.055 0.000 3.590 16.725 0.000 4.594 16.314 0.000 4.764
3 0 15.952 0.000 7.862 16.456 0.000 6.932 16.867 0.000 7.102
3 0 16.867 0.000 7.102 16.267 0.000 8.176 15.952 0.000 7.862
3 0 16.456 0.000 6.932 16.587 0.000 5.848 17.031 0.000 5.848
3 0 17.031 0.000 5.848 16.867 0.000 7.102 16.456 0.000 6.932
3 0 16.587 0.000 5.848 16.314 0.000 4.764 16.725 0.000 4.594
3 0 16.725 0.000 4.594 17.031 0.000 5.848 16.587 0.000 5.848
3 0 9.376 0.000 -2.459 8.446 0.000 -3.104 8.617 0.000 -3.515
3 0 8.617 0.000 -3.515 9.691 0.000 -2.774 9.376 0.000 -2.459
3 0 8.446 0.000 -3.104 7.362 0.000 -3.376 7.362 0.000 -3.821
3 0 7.362 0.000 -3.821 8.617 0.000 -3.515 8.446 0.000 -3.104
3 0 7.362 0.000 -3.376 6.278 0.000 -3.246 6.108 0.000 -3.657
3 0 6.108 0.000 -3.657 7.362 0.000 -3.821 7.362 0.000 -3.376
3 0 6.278 0.000 -3.246 5.419 0.000 -2.672 5.105 0.000 -2.986
3 0 5.105 0.000 -2.986 6.108 0.000 -3.657 6.278 0.000 -3.246
3 0 16.055 0.000 3.590 15.740 0.000 3.905 9.376 0.000 -2.459
3 0 9.376 0.000 -2.459 9.691 0.000 -2.774 16.055 0.000 3.590
3 0 16.267 0.000 8.176 15.489 0.000 8.954 14.962 0.000 8.852
3 0 14.962 0.000 8.852 15.952 0.000 7.862 16.267 0.000 8.176
3 0 14.962 0.000 8.852 15.489 0.000 8.954 17.191 0.000 11.222
3 0 17.191 0.000 11.222 15.206 0.000 9.237 14.962 0.000 8.852
3 0 17.757 0.000 11.222 17.191 0.000 11.222 15.489 0.000 8.954
3 0 9.518 0.000 14.296 14.962 0.000 8.852 15.206 0.000 9.237
3 0 15.206 0.000 9.237 9.903 0.000 14.540 9.518 0.000 14.296
3 0 -2.430 0.000 5.177 -2.744 0.000 4.863 5.105 0.000 -2.986
3 0 5.105 0.000 -2.986 5.419 0.000 -2.672 -2.430 0.000 5.177
3 0 11.888 0.000 16.525 17.191 0.000 11.222 17.757 0.000 11.222
3 0 17.757 0.000 11.222 11.888 0.000 17.091 11.888 0.000 16.525
3 15 11.888 0.000 16.525 9.903 0.000 14.540 15.206 0.000 9.237
3 15 15.206 0.000 9.237 17.191 0.000 11.222 11.888 0.000 16.525
3 15 5.586 0.000 9.512 5.429 0.000 9.407 5.324 0.000 9.250
3 15 5.324 0.000 9.250 5.771 0.000 9.065 5.586 0.000 9.512
3 15 5.324 0.000 9.250 5.287 0.000 9.065 5.324 0.000 8.880
3 15 5.324 0.000 8.880 5.771 0.000 9.065 5.324 0.000 9.250
3 15 5.324 0.000 8.880 5.429 0.000 8.723 5.586 0.000 8.618
3 15 5.586 0.000 8.618 5.771 0.000 9.065 5.324 0.000 8.880
3 15 5.586 0.000 8.618 5.771 0.000 8.581 5.957 0.000 8.618
3 15 5.957 0.000 8.618 5.771 0.000 9.065 5.586 0.000 8.618
3 15 5.957 0.000 8.618 6.114 0.000 8.723 6.219 0.000 8.880
3 15 6.219 0.000 8.880 5.771 0.000 9.065 5.957 0.000 8.618
3 15 6.219 0.000 8.880 6.255 0.000 9.065 6.219 0.000 9.250
3 15 6.219 0.000 9.250 5.771 0.000 9.065 6.219 0.000 8.880
3 15 6.219 0.000 9.250 6.114 0.000 9.407 5.957 0.000 9.512
3 15 5.957 0.000 9.512 5.771 0.000 9.065 6.219 0.000 9.250
3 15 5.957 0.000 9.512 5.771 0.000 9.549 5.586 0.000 9.512
3 15 5.586 0.000 9.512 5.771 0.000 9.065 5.957 0.000 9.512
3 0 5.722 0.000 9.890 5.771 0.000 9.549 5.957 0.000 9.512
3 0 5.957 0.000 9.512 6.079 0.000 9.879 5.722 0.000 9.890
3 0 6.079 0.000 9.879 5.957 0.000 9.512 6.114 0.000 9.407
3 0 6.114 0.000 9.407 6.358 0.000 9.722 6.079 0.000 9.879
3 0 6.358 0.000 9.722 6.114 0.000 9.407 6.219 0.000 9.250
3 0 6.219 0.000 9.250 6.514 0.000 9.444 6.358 0.000 9.722
3 0 6.514 0.000 9.444 6.219 0.000 9.250 6.255 0.000 9.065
3 0 6.255 0.000 9.065 6.526 0.000 9.086 6.514 0.000 9.444
3 0 6.255 0.000 9.065 6.219 0.000 8.880 6.390 0.000 8.704
3 0 6.390 0.000 8.704 6.526 0.000 9.086 6.255 0.000 9.065
3 0 6.219 0.000 8.880 6.114 0.000 8.723 6.128 0.000 8.355
3 0 6.128 0.000 8.355 6.390 0.000 8.704 6.219 0.000 8.880
3 0 6.114 0.000 8.723 5.957 0.000 8.618 6.128 0.000 8.355
3 0 5.957 0.000 8.618 5.771 0.000 8.581 5.779 0.000 8.093
3 0 5.779 0.000 8.093 6.128 0.000 8.355 5.957 0.000 8.618
3 0 5.771 0.000 8.581 5.586 0.000 8.618 5.397 0.000 7.957
3 0 5.397 0.000 7.957 5.779 0.000 8.093 5.771 0.000 8.581
3 0 5.397 0.000 7.957 5.586 0.000 8.618 5.429 0.000 8.723
3 0 5.429 0.000 8.723 5.039 0.000 7.969 5.397 0.000 7.957
3 0 5.039 0.000 7.969 5.429 0.000 8.723 4.604 0.000 8.404
3 0 4.604 0.000 8.404 4.761 0.000 8.125 5.039 0.000 7.969
3 0 5.429 0.000 8.723 5.324 0.000 8.880 4.593 0.000 8.761
3 0 4.593 0.000 8.761 4.604 0.000 8.404 5.429 0.000 8.723
3 0 4.593 0.000 8.761 5.324 0.000 8.880 5.287 0.000 9.065
3 0 5.287 0.000 9.065 4.729 0.000 9.144 4.593 0.000 8.761
3 0 4.729 0.000 9.144 5.287 0.000 9.065 5.324 0.000 9.250
3 0 5.324 0.000 9.250 4.991 0.000 9.492 4.729 0.000 9.144
3 0 5.324 0.000 9.250 5.429 0.000 9.407 5.340 0.000 9.755
3 0 5.340 0.000 9.755 4.991 0.000 9.492 5.324 0.000 9.250
3 0 5.429 0.000 9.407 5.586 0.000 9.512 5.722 0.000 9.890
3 0 5.722 0.000 9.890 5.340 0.000 9.755 5.429 0.000 9.407
3 0 5.722 0.000 9.890 5.586 0.000 9.512 5.771 0.000 9.549
3 15 9.157 0.000 5.942 9.000 0.000 5.837 8.895 0.000 5.680
3 15 8.895 0.000 5.680 9.342 0.000 5.494 9.157 0.000 5.942
3 15 8.895 0.000 5.680 8.858 0.000 5.494 8.895 0.000 5.309
3 15 8.895 0.000 5.309 9.342 0.000 5.494 8.895 0.000 5.680
3 15 8.895 0.000 5.309 9.000 0.000 5.152 9.157 0.000 5.047
3 15 9.157 0.000 5.047 9.342 0.000 5.494 8.895 0.000 5.309
3 15 9.157 0.000 5.047 9.342 0.000 5.010 9.527 0.000 5.047
3 15 9.527 0.000 5.047 9.342 0.000 5.494 9.157 0.000 5.047
3 15 9.527 0.000 5.047 9.685 0.000 5.152 9.789 0.000 5.309
3 15 9.789 0.000 5.309 9.342 0.000 5.494 9.527 0.000 5.047
3 15 9.789 0.000 5.309 9.826 0.000 5.494 9.789 0.000 5.680
3 15 9.789 0.000 5.680 9.342 0.000 5.494 9.789 0.000 5.309
3 15 9.789 0.000 5.680 9.685 0.000 5.837 9.527 0.000 5.942
3 15 9.527 0.000 5.942 9.342 0.000 5.494 9.789 0.000 5.680
3 15 9.527 0.000 5.942 9.342 0.000 5.978 9.157 0.000 5.942
3 15 9.157 0.000 5.942 9.342 0.000 5.494 9.527 0.000 5.942
3 0 9.293 0.000 6.319 9.342 0.000 5.978 9.527 0.000 5.942
3 0 9.527 0.000 5.942 9.650 0.000 6.308 9.293 0.000 6.319
3 0 9.650 0.000 6.308 9.527 0.000 5.942 9.685 0.000 5.837
3 0 9.685 0.000 5.837 9.928 0.000 6.151 9.650 0.000 6.308
3 0 9.928 0.000 6.151 9.685 0.000 5.837 9.789 0.000 5.680
3 0 9.789 0.000 5.680 10.085 0.000 5.873 9.928 0.000 6.151
3 0 10.085 0.000 5.873 9.789 0.000 5.680 9.826 0.000 5.494
3 0 9.826 0.000 5.494 10.097 0.000 5.515 10.085 0.000 5.873
3 0 9.826 0.000 5.494 9.789 0.000 5.309 9.961 0.000 5.133
3 0 9.961 0.000 5.133 10.097 0.000 5.515 9.826 0.000 5.494
3 0 9.789 0.000 5.309 9.685 0.000 5.152 9.699 0.000 4.784
3 0 9.699 0.000 4.784 9.961 0.000 5.133 9.789 0.000 5.309
3 0 9.685 0.000 5.152 9.527 0.000 5.047 9.699 0.000 4.784
3 0 9.527 0.000 5.047 9.342 0.000 5.010 9.350 0.000 4.522
3 0 9.350 0.000 4.522 9.699 0.000 4.784 9.527 0.000 5.047
3 0 9.342 0.000 5.010 9.157 0.000 5.047 8.968 0.000 4.386
3 0 8.968 0.000 4.386 9.350 0.000 4.522 9.342 0.000 5.010
3 0 8.968 0.000 4.386 9.157 0.000 5.047 9.000 0.000 5.152
3 0 9.000 0.000 5.152 8.610 0.000 4.398 8.968 0.000 4.386
3 0 8.610 0.000 4.398 9.000 0.000 5.152 8.175 0.000 4.833
3 0 8.175 0.000 4.833 8.332 0.000 4.555 8.610 0.000 4.398
3 0 9.000 0.000 5.152 8.895 0.000 5.309 8.164 0.000 5.190
3 0 8.164 0.000 5.190 8.175 0.000 4.833 9.000 0.000 5.152
3 0 8.164 0.000 5.190 8.895 0.000 5.309 8.858 0.000 5.494
3 0 8.858 0.000 5.494 8.299 0.000 5.573 8.164 0.000 5.190
3 0 8.299 0.000 5.573 8.858 0.000 5.494 8.895 0.000 5.680
3 0 8.895 0.000 5.680 8.562 0.000 5.921 8.299 0.000 5.573
3 0 8.895 0.000 5.680 9.000 0.000 5.837 8.910 0.000 6.184
3 0 8.910 0.000 6.184 8.562 0.000 5.921 8.895 0.000 5.680
3 0 9.000 0.000 5.837 9.157 0.000 5.942 9.293 0.000 6.319
3 0 9.293 0.000 6.319 8.910 0.000 6.184 9.000 0.000 5.837
3 0 9.293 0.000 6.319 9.157 0.000 5.942 9.342 0.000 5.978
3 0 5.340 0.000 9.755 5.722 0.000 9.890 5.524 0.000 10.586
3 0 5.524 0.000 10.586 5.347 0.000 10.338 5.340 0.000 9.755
3 0 5.524 0.000 10.586 5.722 0.000 9.890 6.079 0.000 9.879
3 0 6.079 0.000 9.879 6.090 0.000 10.232 5.524 0.000 10.586
3 0 6.090 0.000 10.232 6.079 0.000 9.879 6.358 0.000 9.722
3 0 6.358 0.000 9.722 6.514 0.000 9.949 6.090 0.000 10.232
3 0 6.514 0.000 9.949 6.358 0.000 9.722 6.514 0.000 9.444
3 0 6.514 0.000 9.444 6.797 0.000 9.666 6.514 0.000 9.949
3 0 6.797 0.000 9.666 6.514 0.000 9.444 6.832 0.000 9.065
3 0 6.832 0.000 9.065 7.044 0.000 9.277 6.797 0.000 9.666
3 0 7.044 0.000 9.277 6.832 0.000 9.065 7.080 0.000 8.252
3 0 7.080 0.000 8.252 7.221 0.000 8.747 7.044 0.000 9.277
3 0 7.221 0.000 8.747 7.080 0.000 8.252 7.221 0.000 8.252
3 0 8.494 0.000 6.979 8.564 0.000 6.767 9.201 0.000 6.484
3 0 9.201 0.000 6.484 9.130 0.000 6.838 8.494 0.000 6.979
3 0 9.130 0.000 6.838 9.201 0.000 6.484 9.650 0.000 6.308
3 0 9.650 0.000 6.308 9.696 0.000 6.696 9.130 0.000 6.838
3 0 9.696 0.000 6.696 9.650 0.000 6.308 9.928 0.000 6.151
3 0 9.928 0.000 6.151 10.155 0.000 6.378 9.696 0.000 6.696
3 0 10.155 0.000 6.378 9.928 0.000 6.151 10.085 0.000 5.873
3 0 10.085 0.000 5.873 10.438 0.000 6.095 10.155 0.000 6.378
3 0 10.438 0.000 6.095 10.085 0.000 5.873 10.097 0.000 5.515
3 0 10.097 0.000 5.515 10.438 0.000 5.671 10.438 0.000 6.095
3 0 10.438 0.000 5.671 10.097 0.000 5.515 10.155 0.000 5.105
3 0 10.155 0.000 5.105 10.332 0.000 5.282 10.438 0.000 5.671
3 0 10.097 0.000 5.515 9.961 0.000 5.133 10.155 0.000 5.105
3 0 10.332 0.000 5.282 10.155 0.000 5.105 10.580 0.000 4.681
3 0 10.580 0.000 4.681 10.756 0.000 4.787 10.332 0.000 5.282
3 0 3.615 0.000 6.838 3.120 0.000 5.989 4.074 0.000 5.247
3 0 4.074 0.000 5.247 4.675 0.000 5.706 3.615 0.000 6.838
3 0 4.675 0.000 5.706 4.074 0.000 5.247 5.064 0.000 4.469
3 0 5.064 0.000 4.469 5.524 0.000 4.717 4.675 0.000 5.706
3 0 5.524 0.000 4.717 5.064 0.000 4.469 5.701 0.000 3.974
3 0 5.701 0.000 3.974 5.948 0.000 4.151 5.524 0.000 4.717
3 0 2.908 0.000 9.666 3.403 0.000 10.091 3.791 0.000 10.692
3 0 3.791 0.000 10.692 2.731 0.000 9.843 2.908 0.000 9.666
3 0 3.403 0.000 10.091 3.650 0.000 10.267 4.357 0.000 11.116
3 0 4.357 0.000 11.116 3.791 0.000 10.692 3.403 0.000 10.091
3 0 4.357 0.000 11.116 3.650 0.000 10.267 4.428 0.000 10.833
3 0 4.357 0.000 11.116 4.428 0.000 10.833 4.887 0.000 10.727
3 0 4.887 0.000 10.727 4.817 0.000 10.939 4.357 0.000 11.116
3 0 3.403 0.000 10.091 3.579 0.000 9.772 3.898 0.000 9.737
3 0 3.898 0.000 9.737 3.650 0.000 10.267 3.403 0.000 10.091
3 0 3.898 0.000 9.737 3.579 0.000 9.772 3.685 0.000 9.313
3 0 3.685 0.000 9.313 3.968 0.000 9.313 3.898 0.000 9.737
3 0 3.685 0.000 9.313 3.685 0.000 8.888 3.898 0.000 8.888
3 0 3.898 0.000 8.888 3.968 0.000 9.313 3.685 0.000 9.313
3 0 10.438 0.000 6.095 10.438 0.000 5.671 10.898 0.000 5.212
3 0 10.898 0.000 5.212 11.004 0.000 5.459 10.438 0.000 6.095
3 0 11.004 0.000 5.459 10.898 0.000 5.212 11.145 0.000 4.823
3 0 11.145 0.000 4.823 11.287 0.000 5.035 11.004 0.000 5.459
3 0 11.287 0.000 5.035 11.145 0.000 4.823 11.287 0.000 4.398
3 0 11.287 0.000 4.398 11.534 0.000 4.504 11.287 0.000 5.035
3 0 11.534 0.000 4.504 11.287 0.000 4.398 11.251 0.000 4.151
3 0 11.251 0.000 4.151 11.570 0.000 4.115 11.534 0.000 4.504
3 0 11.570 0.000 4.115 11.251 0.000 4.151 10.933 0.000 3.691
3 0 10.933 0.000 3.691 11.358 0.000 3.833 11.570 0.000 4.115
3 0 11.358 0.000 3.833 10.933 0.000 3.691 10.686 0.000 3.302
3 0 10.686 0.000 3.302 10.933 0.000 3.267 11.358 0.000 3.833
3 0 10.933 0.000 3.267 10.686 0.000 3.302 10.438 0.000 2.984
3 0 10.438 0.000 2.984 10.686 0.000 2.949 10.933 0.000 3.267
3 72 -1.512 0.000 8.570 -1.547 0.000 8.252 -0.699 0.000 7.616
3 72 -0.699 0.000 7.616 -0.557 0.000 7.899 -1.512 0.000 8.570
3 72 -0.557 0.000 7.899 -0.699 0.000 7.616 0.609 0.000 6.449
3 72 0.609 0.000 6.449 0.822 0.000 6.732 -0.557 0.000 7.899
3 72 0.822 0.000 6.732 0.609 0.000 6.449 2.236 0.000 4.893
3 72 2.236 0.000 4.893 2.448 0.000 5.247 0.822 0.000 6.732
3 72 2.448 0.000 5.247 2.236 0.000 4.893 5.489 0.000 1.782
3 72 5.489 0.000 1.782 4.534 0.000 3.161 2.448 0.000 5.247
3 72 4.534 0.000 3.161 5.489 0.000 1.782 6.797 0.000 0.969
3 72 6.797 0.000 0.969 5.736 0.000 2.525 4.534 0.000 3.161
3 72 5.489 0.000 1.782 6.514 0.000 0.686 7.610 0.000 -0.269
3 72 7.610 0.000 -0.269 6.797 0.000 0.969 5.489 0.000 1.782
3 72 6.514 0.000 0.686 7.362 0.000 -0.445 8.246 0.000 -1.400
3 72 8.246 0.000 -1.400 7.610 0.000 -0.269 6.514 0.000 0.686
3 72 7.362 0.000 -0.445 7.999 0.000 -1.506 8.246 0.000 -1.400
3 72 -0.451 0.000 10.197 -0.628 0.000 10.020 0.574 0.000 8.464
3 72 0.574 0.000 8.464 0.786 0.000 8.747 -0.451 0.000 10.197
3 72 0.786 0.000 8.747 0.574 0.000 8.464 2.094 0.000 6.520
3 72 2.094 0.000 6.520 2.271 0.000 6.909 0.786 0.000 8.747
3 72 2.271 0.000 6.909 2.094 0.000 6.520 3.120 0.000 5.989
3 72 3.120 0.000 5.989 2.872 0.000 6.378 2.271 0.000 6.909
3 72 2.094 0.000 6.520 3.261 0.000 5.070 4.074 0.000 5.247
3 72 4.074 0.000 5.247 3.120 0.000 5.989 2.094 0.000 6.520
3 72 3.261 0.000 5.070 4.534 0.000 3.161 4.675 0.000 4.080
3 72 4.675 0.000 4.080 4.074 0.000 5.247 3.261 0.000 5.070
3 72 4.074 0.000 5.247 4.675 0.000 4.080 5.064 0.000 4.469
3 72 4.675 0.000 4.080 4.534 0.000 3.161 5.736 0.000 2.525
3 72 5.064 0.000 4.469 4.675 0.000 4.080 5.630 0.000 3.338
3 72 5.630 0.000 3.338 5.701 0.000 3.974 5.064 0.000 4.469
3 72 5.630 0.000 3.338 6.585 0.000 2.878 5.948 0.000 4.151
3 72 5.948 0.000 4.151 5.701 0.000 3.974 5.630 0.000 3.338
3 72 6.585 0.000 2.878 7.504 0.000 2.383 8.423 0.000 2.666
3 72 8.423 0.000 2.666 5.948 0.000 4.151 6.585 0.000 2.878
3 72 8.423 0.000 2.666 6.337 0.000 4.681 5.524 0.000 4.717
3 72 5.524 0.000 4.717 5.948 0.000 4.151 8.423 0.000 2.666
3 72 5.524 0.000 4.717 6.337 0.000 4.681 4.463 0.000 6.555
3 72 4.463 0.000 6.555 4.675 0.000 5.706 5.524 0.000 4.717
3 72 4.675 0.000 5.706 4.463 0.000 6.555 3.403 0.000 7.616
3 72 3.403 0.000 7.616 3.615 0.000 6.838 4.675 0.000 5.706
3 72 3.403 0.000 7.616 3.297 0.000 7.015 3.120 0.000 5.989
3 72 3.120 0.000 5.989 3.615 0.000 6.838 3.403 0.000 7.616
3 72 3.297 0.000 7.015 2.872 0.000 6.378 3.120 0.000 5.989
3 72 0.221 0.000 10.798 0.185 0.000 10.550 1.104 0.000 9.702
3 72 1.104 0.000 9.702 1.246 0.000 9.984 0.221 0.000 10.798
3 72 1.246 0.000 9.984 1.104 0.000 9.702 2.130 0.000 8.606
3 72 2.130 0.000 8.606 2.165 0.000 9.136 1.246 0.000 9.984
3 72 2.165 0.000 9.136 2.130 0.000 8.606 2.943 0.000 7.510
3 72 2.943 0.000 7.510 3.014 0.000 8.146 2.165 0.000 9.136
3 72 3.014 0.000 8.146 2.943 0.000 7.510 3.297 0.000 7.015
3 72 3.297 0.000 7.015 3.403 0.000 7.616 3.014 0.000 8.146
3 72 7.504 0.000 2.383 8.211 0.000 1.959 9.165 0.000 1.711
3 72 9.165 0.000 1.711 8.423 0.000 2.666 7.504 0.000 2.383
3 72 8.211 0.000 1.959 8.989 0.000 1.181 9.696 0.000 0.898
3 72 9.696 0.000 0.898 9.165 0.000 1.711 8.211 0.000 1.959
3 72 8.989 0.000 1.181 9.590 0.000 0.226 10.085 0.000 0.085
3 72 10.085 0.000 0.085 9.696 0.000 0.898 8.989 0.000 1.181
3 72 9.590 0.000 0.226 10.014 0.000 -0.622 10.297 0.000 -0.622
3 72 10.297 0.000 -0.622 10.085 0.000 0.085 9.590 0.000 0.226
3 72 8.423 0.000 2.666 9.165 0.000 1.711 9.731 0.000 1.641
3 72 9.731 0.000 1.641 9.059 0.000 2.525 8.423 0.000 2.666
3 72 9.059 0.000 2.525 9.731 0.000 1.641 10.368 0.000 1.641
3 72 10.368 0.000 1.641 9.873 0.000 2.348 9.059 0.000 2.525
3 72 9.873 0.000 2.348 10.368 0.000 1.641 10.969 0.000 2.030
3 72 10.969 0.000 2.030 10.368 0.000 2.418 9.873 0.000 2.348
3 72 10.969 0.000 2.030 10.368 0.000 1.641 10.827 0.000 1.110
3 72 10.827 0.000 1.110 11.075 0.000 1.428 10.969 0.000 2.030
3 72 11.075 0.000 1.428 10.827 0.000 1.110 11.534 0.000 0.332
3 72 11.534 0.000 0.332 11.322 0.000 0.898 11.075 0.000 1.428
3 72 11.322 0.000 0.898 11.534 0.000 0.332 11.640 0.000 0.509
3 72 0.822 0.000 11.469 0.751 0.000 11.187 2.024 0.000 9.914
3 72 2.024 0.000 9.914 1.458 0.000 11.116 0.822 0.000 11.469
3 72 1.458 0.000 11.116 2.024 0.000 9.914 2.342 0.000 10.232
3 72 2.024 0.000 9.914 2.731 0.000 9.843 3.014 0.000 10.833
3 72 3.014 0.000 10.833 2.342 0.000 10.232 2.024 0.000 9.914
3 72 2.731 0.000 9.843 2.024 0.000 9.914 2.625 0.000 9.101
3 72 2.625 0.000 9.101 2.908 0.000 9.666 2.731 0.000 9.843
3 72 2.908 0.000 9.666 2.625 0.000 9.101 3.650 0.000 7.934
3 72 3.650 0.000 7.934 3.332 0.000 8.959 2.908 0.000 9.666
3 72 3.332 0.000 8.959 3.650 0.000 7.934 5.842 0.000 5.813
3 72 5.842 0.000 5.813 4.605 0.000 7.616 3.332 0.000 8.959
3 72 4.605 0.000 7.616 5.842 0.000 5.813 7.468 0.000 4.398
3 72 7.468 0.000 4.398 6.620 0.000 5.742 4.605 0.000 7.616
3 72 6.620 0.000 5.742 7.468 0.000 4.398 8.847 0.000 3.373
3 72 8.847 0.000 3.373 8.246 0.000 4.328 6.620 0.000 5.742
3 72 8.246 0.000 4.328 8.847 0.000 3.373 9.837 0.000 2.737
3 72 9.837 0.000 2.737 9.554 0.000 3.373 8.246 0.000 4.328
3 72 9.554 0.000 3.373 9.837 0.000 2.737 10.368 0.000 2.418
3 72 10.368 0.000 2.418 10.226 0.000 2.984 9.554 0.000 3.373
3 72 10.226 0.000 2.984 10.368 0.000 2.418 10.686 0.000 2.949
3 72 10.686 0.000 2.949 10.438 0.000 2.984 10.226 0.000 2.984
3 72 10.368 0.000 2.418 10.969 0.000 2.030 11.358 0.000 2.560
3 72 11.358 0.000 2.560 10.686 0.000 2.949 10.368 0.000 2.418
3 72 10.686 0.000 2.949 11.358 0.000 2.560 11.746 0.000 3.302
3 72 11.746 0.000 3.302 10.933 0.000 3.267 10.686 0.000 2.949
3 72 11.358 0.000 3.833 10.933 0.000 3.267 11.746 0.000 3.302
3 72 11.358 0.000 3.833 11.746 0.000 3.302 11.959 0.000 3.939
3 72 11.959 0.000 3.939 11.570 0.000 4.115 11.358 0.000 3.833
3 72 2.731 0.000 9.843 3.791 0.000 10.692 3.685 0.000 11.363
3 72 3.685 0.000 11.363 3.014 0.000 10.833 2.731 0.000 9.843
3 72 3.791 0.000 10.692 4.357 0.000 11.116 3.968 0.000 11.575
3 72 3.968 0.000 11.575 3.685 0.000 11.363 3.791 0.000 10.692
3 72 2.377 0.000 13.096 2.413 0.000 12.707 3.438 0.000 12.106
3 72 3.438 0.000 12.106 3.544 0.000 12.565 2.377 0.000 13.096
3 72 3.544 0.000 12.565 3.438 0.000 12.106 3.968 0.000 11.575
3 72 3.968 0.000 11.575 4.428 0.000 11.964 3.544 0.000 12.565
3 72 3.968 0.000 11.575 4.357 0.000 11.116 4.817 0.000 10.939
3 72 4.817 0.000 10.939 4.428 0.000 11.964 3.968 0.000 11.575
3 72 4.428 0.000 11.964 4.817 0.000 10.939 5.524 0.000 10.586
3 72 5.524 0.000 10.586 5.630 0.000 11.187 4.428 0.000 11.964
3 72 5.630 0.000 11.187 5.524 0.000 10.586 6.090 0.000 10.232
3 72 6.090 0.000 10.232 6.514 0.000 10.586 5.630 0.000 11.187
3 72 6.090 0.000 10.232 6.514 0.000 9.949 7.716 0.000 9.808
3 72 7.716 0.000 9.808 6.514 0.000 10.586 6.090 0.000 10.232
3 72 6.514 0.000 9.949 6.797 0.000 9.666 7.716 0.000 9.808
3 72 6.797 0.000 9.666 7.044 0.000 9.277 7.893 0.000 8.782
3 72 7.893 0.000 8.782 7.716 0.000 9.808 6.797 0.000 9.666
3 72 7.716 0.000 9.808 7.893 0.000 8.782 9.095 0.000 7.722
3 72 9.095 0.000 7.722 9.236 0.000 8.570 7.716 0.000 9.808
3 72 9.236 0.000 8.570 9.095 0.000 7.722 10.120 0.000 6.696
3 72 10.120 0.000 6.696 9.837 0.000 8.040 9.236 0.000 8.570
3 72 9.837 0.000 8.040 10.120 0.000 6.696 10.438 0.000 6.095
3 72 10.438 0.000 6.095 10.650 0.000 6.661 9.837 0.000 8.040
3 72 10.650 0.000 6.661 10.438 0.000 6.095 11.004 0.000 5.459
3 72 11.004 0.000 5.459 11.287 0.000 5.813 10.650 0.000 6.661
3 72 11.004 0.000 5.459 11.287 0.000 5.035 11.923 0.000 4.823
3 72 11.923 0.000 4.823 11.287 0.000 5.813 11.004 0.000 5.459
3 72 11.287 0.000 5.035 11.534 0.000 4.504 11.923 0.000 4.823
3 72 11.534 0.000 4.504 11.570 0.000 4.115 11.959 0.000 3.939
3 72 11.959 0.000 3.939 11.923 0.000 4.823 11.534 0.000 4.504
3 72 11.923 0.000 4.823 11.959 0.000 3.939 12.347 0.000 4.045
3 72 3.544 0.000 14.121 3.509 0.000 13.803 4.569 0.000 13.308
3 72 4.569 0.000 13.308 4.675 0.000 13.626 3.544 0.000 14.121
3 72 4.675 0.000 13.626 4.569 0.000 13.308 5.559 0.000 12.813
3 72 5.559 0.000 12.813 5.559 0.000 13.237 4.675 0.000 13.626
3 72 5.559 0.000 13.237 5.559 0.000 12.813 6.443 0.000 12.424
3 72 6.443 0.000 12.424 6.196 0.000 12.954 5.559 0.000 13.237
3 72 6.196 0.000 12.954 6.443 0.000 12.424 7.433 0.000 12.212
3 72 7.433 0.000 12.212 6.655 0.000 13.131 6.196 0.000 12.954
3 72 6.443 0.000 12.424 7.256 0.000 11.682 8.388 0.000 10.974
3 72 8.388 0.000 10.974 7.433 0.000 12.212 6.443 0.000 12.424
3 72 7.256 0.000 11.682 8.140 0.000 10.586 9.342 0.000 9.596
3 72 9.342 0.000 9.596 8.388 0.000 10.974 7.256 0.000 11.682
3 72 8.140 0.000 10.586 9.095 0.000 9.277 10.085 0.000 8.500
3 72 10.085 0.000 8.500 9.342 0.000 9.596 8.140 0.000 10.586
3 72 9.095 0.000 9.277 9.837 0.000 8.040 10.721 0.000 7.439
3 72 10.721 0.000 7.439 10.085 0.000 8.500 9.095 0.000 9.277
3 72 4.711 0.000 15.288 4.569 0.000 15.005 5.453 0.000 13.909
3 72 5.453 0.000 13.909 5.595 0.000 14.333 4.711 0.000 15.288
3 72 5.595 0.000 14.333 5.453 0.000 13.909 6.196 0.000 12.954
3 72 6.196 0.000 12.954 6.655 0.000 13.131 5.595 0.000 14.333
3 72 12.347 0.000 4.045 11.959 0.000 3.939 12.701 0.000 2.843
3 72 12.701 0.000 2.843 12.913 0.000 3.126 12.347 0.000 4.045
3 72 12.913 0.000 3.126 12.701 0.000 2.843 13.125 0.000 2.065
3 72 13.125 0.000 2.065 13.408 0.000 2.136 12.913 0.000 3.126
3 72 9.837 0.000 8.040 10.650 0.000 6.661 11.287 0.000 6.944
3 72 11.287 0.000 6.944 10.721 0.000 7.439 9.837 0.000 8.040
3 72 10.650 0.000 6.661 11.499 0.000 6.095 12.489 0.000 6.095
3 72 12.489 0.000 6.095 11.287 0.000 6.944 10.650 0.000 6.661
3 72 12.489 0.000 6.095 11.499 0.000 6.095 13.055 0.000 4.681
3 72 13.055 0.000 4.681 12.878 0.000 5.494 12.489 0.000 6.095
3 72 12.878 0.000 5.494 13.055 0.000 4.681 13.514 0.000 4.787
3 72 6.620 0.000 14.722 6.585 0.000 14.404 7.681 0.000 13.025
3 72 7.681 0.000 13.025 7.681 0.000 13.591 6.620 0.000 14.722
3 72 7.681 0.000 13.591 7.681 0.000 13.025 8.741 0.000 11.611
3 72 8.741 0.000 11.611 8.777 0.000 12.141 7.681 0.000 13.591
3 72 8.777 0.000 12.141 8.741 0.000 11.611 9.731 0.000 10.055
3 72 9.731 0.000 10.055 9.943 0.000 10.409 8.777 0.000 12.141
3 72 9.943 0.000 10.409 9.731 0.000 10.055 10.686 0.000 8.393
3 72 10.686 0.000 8.393 11.004 0.000 8.782 9.943 0.000 10.409
3 72 11.004 0.000 8.782 10.686 0.000 8.393 11.287 0.000 6.944
3 72 11.287 0.000 6.944 11.746 0.000 7.474 11.004 0.000 8.782
3 72 11.746 0.000 7.474 11.287 0.000 6.944 12.489 0.000 6.095
3 72 12.842 0.000 8.358 12.666 0.000 8.252 13.125 0.000 6.732
3 72 13.125 0.000 6.732 13.373 0.000 7.121 12.842 0.000 8.358
3 72 13.373 0.000 7.121 13.125 0.000 6.732 13.443 0.000 5.494
3 72 13.443 0.000 5.494 13.797 0.000 5.848 13.373 0.000 7.121
3 72 13.797 0.000 5.848 13.443 0.000 5.494 13.514 0.000 4.787
3 72 13.514 0.000 4.787 14.080 0.000 4.575 13.797 0.000 5.848
3 72 14.080 0.000 4.575 13.514 0.000 4.787 13.055 0.000 4.681
3 72 13.055 0.000 4.681 14.115 0.000 4.186 14.080 0.000 4.575
3 72 13.055 0.000 4.681 14.045 0.000 3.762 14.752 0.000 3.550
3 72 14.752 0.000 3.550 14.115 0.000 4.186 13.055 0.000 4.681
3 72 14.045 0.000 3.762 14.610 0.000 3.338 14.752 0.000 3.550
3 25 3.403 0.000 10.091 2.908 0.000 9.666 3.685 0.000 9.313
3 25 3.685 0.000 9.313 3.579 0.000 9.772 3.403 0.000 10.091
3 25 2.908 0.000 9.666 3.332 0.000 8.959 3.685 0.000 8.888
3 25 3.685 0.000 8.888 3.685 0.000 9.313 2.908 0.000 9.666
3 25 3.332 0.000 8.959 4.605 0.000 7.616 3.685 0.000 8.888
3 25 3.685 0.000 8.888 4.605 0.000 7.616 4.604 0.000 8.404
3 25 4.604 0.000 8.404 3.898 0.000 8.888 3.685 0.000 8.888
3 25 4.604 0.000 8.404 4.605 0.000 7.616 4.761 0.000 8.125
3 25 4.761 0.000 8.125 4.605 0.000 7.616 5.039 0.000 7.969
3 25 5.039 0.000 7.969 4.605 0.000 7.616 6.620 0.000 5.742
3 25 6.620 0.000 5.742 5.397 0.000 7.957 5.039 0.000 7.969
3 25 5.779 0.000 8.093 5.397 0.000 7.957 6.620 0.000 5.742
3 25 5.779 0.000 8.093 6.620 0.000 5.742 7.080 0.000 8.252
3 25 7.080 0.000 8.252 6.128 0.000 8.355 5.779 0.000 8.093
3 25 6.390 0.000 8.704 6.128 0.000 8.355 7.080 0.000 8.252
3 25 6.390 0.000 8.704 7.080 0.000 8.252 6.832 0.000 9.065
3 25 6.832 0.000 9.065 6.526 0.000 9.086 6.390 0.000 8.704
3 25 6.514 0.000 9.444 6.526 0.000 9.086 6.832 0.000 9.065
3 25 4.887 0.000 10.727 5.347 0.000 10.338 5.524 0.000 10.586
3 25 5.524 0.000 10.586 4.817 0.000 10.939 4.887 0.000 10.727
3 25 5.347 0.000 10.338 4.887 0.000 10.727 4.991 0.000 9.492
3 25 4.991 0.000 9.492 5.340 0.000 9.755 5.347 0.000 10.338
3 25 4.887 0.000 10.727 4.428 0.000 10.833 3.650 0.000 10.267
3 25 3.650 0.000 10.267 4.991 0.000 9.492 4.887 0.000 10.727
3 25 3.650 0.000 10.267 3.898 0.000 9.737 4.729 0.000 9.144
3 25 4.729 0.000 9.144 4.991 0.000 9.492 3.650 0.000 10.267
3 25 3.898 0.000 9.737 3.968 0.000 9.313 4.593 0.000 8.761
3 25 4.593 0.000 8.761 4.729 0.000 9.144 3.898 0.000 9.737
3 25 3.968 0.000 9.313 3.898 0.000 8.888 4.604 0.000 8.404
3 25 4.604 0.000 8.404 4.593 0.000 8.761 3.968 0.000 9.313
3 25 7.080 0.000 8.252 6.620 0.000 5.742 8.494 0.000 6.979
3 25 8.494 0.000 6.979 7.221 0.000 8.252 7.080 0.000 8.252
3 25 8.494 0.000 6.979 6.620 0.000 5.742 8.562 0.000 5.921
3 25 8.562 0.000 5.921 8.564 0.000 6.767 8.494 0.000 6.979
3 25 8.562 0.000 5.921 8.910 0.000 6.184 9.201 0.000 6.484
3 25 9.201 0.000 6.484 8.564 0.000 6.767 8.562 0.000 5.921
3 25 9.201 0.000 6.484 8.910 0.000 6.184 9.293 0.000 6.319
3 25 9.201 0.000 6.484 9.293 0.000 6.319 9.650 0.000 6.308
3 25 7.044 0.000 9.277 7.221 0.000 8.747 7.893 0.000 8.782
3 25 7.221 0.000 8.747 7.221 0.000 8.252 9.095 0.000 7.722
3 25 9.095 0.000 7.722 7.893 0.000 8.782 7.221 0.000 8.747
3 25 7.221 0.000 8.252 8.494 0.000 6.979 9.130 0.000 6.838
3 25 9.130 0.000 6.838 9.095 0.000 7.722 7.221 0.000 8.252
3 25 9.130 0.000 6.838 9.696 0.000 6.696 10.120 0.000 6.696
3 25 10.120 0.000 6.696 9.095 0.000 7.722 9.130 0.000 6.838
3 25 10.120 0.000 6.696 9.696 0.000 6.696 10.155 0.000 6.378
3 25 10.120 0.000 6.696 10.155 0.000 6.378 10.438 0.000 6.095
3 25 8.562 0.000 5.921 6.620 0.000 5.742 8.299 0.000 5.573
3 25 6.620 0.000 5.742 8.164 0.000 5.190 8.299 0.000 5.573
3 25 6.620 0.000 5.742 8.175 0.000 4.833 8.164 0.000 5.190
3 25 8.175 0.000 4.833 6.620 0.000 5.742 8.246 0.000 4.328
3 25 8.246 0.000 4.328 8.332 0.000 4.555 8.175 0.000 4.833
3 25 8.332 0.000 4.555 8.246 0.000 4.328 9.554 0.000 3.373
3 25 9.554 0.000 3.373 8.610 0.000 4.398 8.332 0.000 4.555
3 25 8.610 0.000 4.398 9.554 0.000 3.373 8.968 0.000 4.386
3 25 8.968 0.000 4.386 9.554 0.000 3.373 10.226 0.000 2.984
3 25 10.226 0.000 2.984 9.350 0.000 4.522 8.968 0.000 4.386
3 25 10.226 0.000 2.984 10.438 0.000 2.984 10.686 0.000 3.302
3 25 10.686 0.000 3.302 9.350 0.000 4.522 10.226 0.000 2.984
3 25 9.350 0.000 4.522 10.686 0.000 3.302 10.580 0.000 4.681
3 25 10.580 0.000 4.681 9.699 0.000 4.784 9.350 0.000 4.522
3 25 10.580 0.000 4.681 10.686 0.000 3.302 10.933 0.000 3.691
3 25 10.933 0.000 3.691 11.251 0.000 4.151 10.756 0.000 4.787
3 25 10.756 0.000 4.787 10.580 0.000 4.681 10.933 0.000 3.691
3 25 11.251 0.000 4.151 11.287 0.000 4.398 11.145 0.000 4.823
3 25 11.145 0.000 4.823 10.756 0.000 4.787 11.251 0.000 4.151
3 25 11.145 0.000 4.823 10.898 0.000 5.212 10.332 0.000 5.282
3 25 10.332 0.000 5.282 10.756 0.000 4.787 11.145 0.000 4.823
3 25 10.438 0.000 5.671 10.332 0.000 5.282 10.898 0.000 5.212
3 25 9.961 0.000 5.133 9.699 0.000 4.784 10.580 0.000 4.681
3 25 10.580 0.000 4.681 10.155 0.000 5.105 9.961 0.000 5.133
3 15 4.569 0.000 15.005 4.711 0.000 15.288 5.005 0.000 16.073
3 15 5.005 0.000 16.073 4.146 0.000 15.499 4.569 0.000 15.005
3 15 5.005 0.000 16.073 4.711 0.000 15.288 6.620 0.000 14.722
3 15 6.620 0.000 14.722 6.090 0.000 16.345 5.005 0.000 16.073
3 15 4.711 0.000 15.288 5.595 0.000 14.333 6.585 0.000 14.404
3 15 6.585 0.000 14.404 6.620 0.000 14.722 4.711 0.000 15.288
3 15 5.595 0.000 14.333 6.655 0.000 13.131 7.681 0.000 13.025
3 15 7.681 0.000 13.025 6.585 0.000 14.404 5.595 0.000 14.333
3 15 6.655 0.000 13.131 7.433 0.000 12.212 8.741 0.000 11.611
3 15 8.741 0.000 11.611 7.681 0.000 13.025 6.655 0.000 13.131
3 15 7.433 0.000 12.212 8.388 0.000 10.974 9.731 0.000 10.055
3 15 9.731 0.000 10.055 8.741 0.000 11.611 7.433 0.000 12.212
3 15 8.388 0.000 10.974 9.342 0.000 9.596 10.686 0.000 8.393
3 15 10.686 0.000 8.393 9.731 0.000 10.055 8.388 0.000 10.974
3 15 9.342 0.000 9.596 10.085 0.000 8.500 10.686 0.000 8.393
3 15 10.085 0.000 8.500 10.721 0.000 7.439 11.287 0.000 6.944
3 15 11.287 0.000 6.944 10.686 0.000 8.393 10.085 0.000 8.500
3 15 4.146 0.000 15.499 3.544 0.000 14.121 4.675 0.000 13.626
3 15 4.675 0.000 13.626 4.569 0.000 15.005 4.146 0.000 15.499
3 15 4.569 0.000 15.005 4.675 0.000 13.626 5.559 0.000 13.237
3 15 5.559 0.000 13.237 5.453 0.000 13.909 4.569 0.000 15.005
3 15 5.453 0.000 13.909 5.559 0.000 13.237 6.196 0.000 12.954
3 15 3.544 0.000 14.121 2.377 0.000 13.096 3.509 0.000 13.803
3 15 2.377 0.000 13.096 3.544 0.000 12.565 4.569 0.000 13.308
3 15 4.569 0.000 13.308 3.509 0.000 13.803 2.377 0.000 13.096
3 15 3.544 0.000 12.565 4.428 0.000 11.964 5.559 0.000 12.813
3 15 5.559 0.000 12.813 4.569 0.000 13.308 3.544 0.000 12.565
3 15 4.428 0.000 11.964 5.630 0.000 11.187 6.443 0.000 12.424
3 15 6.443 0.000 12.424 5.559 0.000 12.813 4.428 0.000 11.964
3 15 6.443 0.000 12.424 5.630 0.000 11.187 6.514 0.000 10.586
3 15 6.514 0.000 10.586 7.256 0.000 11.682 6.443 0.000 12.424
3 15 7.256 0.000 11.682 6.514 0.000 10.586 7.716 0.000 9.808
3 15 7.716 0.000 9.808 8.140 0.000 10.586 7.256 0.000 11.682
3 15 8.140 0.000 10.586 7.716 0.000 9.808 9.236 0.000 8.570
3 15 9.236 0.000 8.570 9.095 0.000 9.277 8.140 0.000 10.586
3 15 9.095 0.000 9.277 9.236 0.000 8.570 9.837 0.000 8.040
3 15 3.544 0.000 14.121 4.146 0.000 15.499 -2.218 0.000 9.135
3 15 -2.218 0.000 9.135 2.377 0.000 13.096 3.544 0.000 14.121
3 15 2.377 0.000 13.096 0.822 0.000 11.469 1.458 0.000 11.116
3 15 1.458 0.000 11.116 2.413 0.000 12.707 2.377 0.000 13.096
3 15 2.413 0.000 12.707 1.458 0.000 11.116 3.685 0.000 11.363
3 15 3.685 0.000 11.363 3.438 0.000 12.106 2.413 0.000 12.707
3 15 3.685 0.000 11.363 1.458 0.000 11.116 3.014 0.000 10.833
3 15 1.458 0.000 11.116 2.342 0.000 10.232 3.014 0.000 10.833
3 15 3.438 0.000 12.106 3.685 0.000 11.363 3.968 0.000 11.575
3 15 0.751 0.000 11.187 0.822 0.000 11.469 -2.218 0.000 9.135
3 15 -2.218 0.000 9.135 0.221 0.000 10.798 0.751 0.000 11.187
3 15 0.221 0.000 10.798 1.246 0.000 9.984 2.024 0.000 9.914
3 15 2.024 0.000 9.914 0.751 0.000 11.187 0.221 0.000 10.798
3 15 1.246 0.000 9.984 2.165 0.000 9.136 2.625 0.000 9.101
3 15 2.625 0.000 9.101 2.024 0.000 9.914 1.246 0.000 9.984
3 15 2.165 0.000 9.136 3.014 0.000 8.146 3.650 0.000 7.934
3 15 3.650 0.000 7.934 2.625 0.000 9.101 2.165 0.000 9.136
3 15 3.014 0.000 8.146 3.403 0.000 7.616 4.463 0.000 6.555
3 15 4.463 0.000 6.555 3.650 0.000 7.934 3.014 0.000 8.146
3 15 0.185 0.000 10.550 -0.451 0.000 10.197 0.786 0.000 8.747
3 15 0.786 0.000 8.747 1.104 0.000 9.702 0.185 0.000 10.550
3 15 1.104 0.000 9.702 0.786 0.000 8.747 2.271 0.000 6.909
3 15 2.271 0.000 6.909 2.130 0.000 8.606 1.104 0.000 9.702
3 15 2.130 0.000 8.606 2.271 0.000 6.909 3.297 0.000 7.015
3 15 3.297 0.000 7.015 2.943 0.000 7.510 2.130 0.000 8.606
3 15 3.297 0.000 7.015 2.271 0.000 6.909 2.872 0.000 6.378
3 15 0.221 0.000 10.798 -0.451 0.000 10.197 0.185 0.000 10.550
3 15 -1.512 0.000 8.570 -2.218 0.000 9.135 -2.862 0.000 8.205
3 15 -2.862 0.000 8.205 -1.547 0.000 8.252 -1.512 0.000 8.570
3 15 -2.862 0.000 8.205 -3.135 0.000 7.121 -3.004 0.000 6.037
3 15 -3.004 0.000 6.037 -1.547 0.000 8.252 -2.862 0.000 8.205
3 15 -1.547 0.000 8.252 -3.004 0.000 6.037 0.609 0.000 6.449
3 15 0.609 0.000 6.449 -0.699 0.000 7.616 -1.547 0.000 8.252
3 15 -3.004 0.000 6.037 -2.430 0.000 5.177 2.236 0.000 4.893
3 15 2.236 0.000 4.893 0.609 0.000 6.449 -3.004 0.000 6.037
3 15 -2.218 0.000 9.135 -1.512 0.000 8.570 0.574 0.000 8.464
3 15 0.574 0.000 8.464 -0.628 0.000 10.020 -2.218 0.000 9.135
3 15 -1.512 0.000 8.570 -0.557 0.000 7.899 0.574 0.000 8.464
3 15 -0.557 0.000 7.899 0.822 0.000 6.732 2.094 0.000 6.520
3 15 2.094 0.000 6.520 0.574 0.000 8.464 -0.557 0.000 7.899
3 15 -0.451 0.000 10.197 -2.218 0.000 9.135 -0.628 0.000 10.020
3 15 0.221 0.000 10.798 -2.218 0.000 9.135 -0.451 0.000 10.197
3 15 2.377 0.000 13.096 -2.218 0.000 9.135 0.822 0.000 11.469
3 15 6.090 0.000 16.345 6.620 0.000 14.722 8.103 0.000 15.711
3 15 8.103 0.000 15.711 7.174 0.000 16.214 6.090 0.000 16.345
3 15 6.620 0.000 14.722 7.681 0.000 13.591 9.518 0.000 14.296
3 15 9.518 0.000 14.296 8.103 0.000 15.711 6.620 0.000 14.722
3 15 9.518 0.000 14.296 7.681 0.000 13.591 8.777 0.000 12.141
3 15 8.777 0.000 12.141 9.943 0.000 10.409 12.666 0.000 8.252
3 15 12.666 0.000 8.252 9.518 0.000 14.296 8.777 0.000 12.141
3 15 9.518 0.000 14.296 12.666 0.000 8.252 12.842 0.000 8.358
3 15 9.518 0.000 14.296 12.842 0.000 8.358 14.962 0.000 8.852
3 15 12.842 0.000 8.358 13.373 0.000 7.121 15.952 0.000 7.862
3 15 15.952 0.000 7.862 14.962 0.000 8.852 12.842 0.000 8.358
3 15 15.952 0.000 7.862 13.373 0.000 7.121 13.797 0.000 5.848
3 15 13.797 0.000 5.848 16.456 0.000 6.932 15.952 0.000 7.862
3 15 16.456 0.000 6.932 13.797 0.000 5.848 16.314 0.000 4.764
3 15 16.314 0.000 4.764 16.587 0.000 5.848 16.456 0.000 6.932
3 15 13.797 0.000 5.848 14.080 0.000 4.575 16.314 0.000 4.764
3 15 14.080 0.000 4.575 14.115 0.000 4.186 14.752 0.000 3.550
3 15 14.752 0.000 3.550 16.314 0.000 4.764 14.080 0.000 4.575
3 15 9.943 0.000 10.409 11.004 0.000 8.782 12.666 0.000 8.252
3 15 11.004 0.000 8.782 11.746 0.000 7.474 13.125 0.000 6.732
3 15 13.125 0.000 6.732 12.666 0.000 8.252 11.004 0.000 8.782
3 15 11.746 0.000 7.474 12.489 0.000 6.095 12.878 0.000 5.494
3 15 12.878 0.000 5.494 13.125 0.000 6.732 11.746 0.000 7.474
3 15 13.125 0.000 6.732 12.878 0.000 5.494 13.514 0.000 4.787
3 15 13.514 0.000 4.787 13.443 0.000 5.494 13.125 0.000 6.732
3 15 10.650 0.000 6.661 11.287 0.000 5.813 11.499 0.000 6.095
3 15 11.287 0.000 5.813 11.923 0.000 4.823 13.055 0.000 4.681
3 15 13.055 0.000 4.681 11.499 0.000 6.095 11.287 0.000 5.813
3 15 11.923 0.000 4.823 12.347 0.000 4.045 14.045 0.000 3.762
3 15 14.045 0.000 3.762 13.055 0.000 4.681 11.923 0.000 4.823
3 15 12.347 0.000 4.045 12.913 0.000 3.126 14.610 0.000 3.338
3 15 14.610 0.000 3.338 14.045 0.000 3.762 12.347 0.000 4.045
3 15 14.610 0.000 3.338 12.913 0.000 3.126 13.408 0.000 2.136
3 15 16.314 0.000 4.764 14.752 0.000 3.550 14.610 0.000 3.338
3 15 14.610 0.000 3.338 15.740 0.000 3.905 16.314 0.000 4.764
3 15 15.740 0.000 3.905 14.610 0.000 3.338 13.408 0.000 2.136
3 15 3.650 0.000 7.934 4.463 0.000 6.555 6.337 0.000 4.681
3 15 6.337 0.000 4.681 5.842 0.000 5.813 3.650 0.000 7.934
3 15 5.842 0.000 5.813 6.337 0.000 4.681 8.423 0.000 2.666
3 15 8.423 0.000 2.666 7.468 0.000 4.398 5.842 0.000 5.813
3 15 7.468 0.000 4.398 8.423 0.000 2.666 9.059 0.000 2.525
3 15 9.059 0.000 2.525 8.847 0.000 3.373 7.468 0.000 4.398
3 15 8.847 0.000 3.373 9.059 0.000 2.525 9.873 0.000 2.348
3 15 9.873 0.000 2.348 9.837 0.000 2.737 8.847 0.000 3.373
3 15 9.837 0.000 2.737 9.873 0.000 2.348 10.368 0.000 2.418
3 15 11.959 0.000 3.939 11.746 0.000 3.302 12.701 0.000 2.843
3 15 11.746 0.000 3.302 11.358 0.000 2.560 13.125 0.000 2.065
3 15 13.125 0.000 2.065 12.701 0.000 2.843 11.746 0.000 3.302
3 15 11.358 0.000 2.560 10.969 0.000 2.030 11.075 0.000 1.428
3 15 11.075 0.000 1.428 13.125 0.000 2.065 11.358 0.000 2.560
3 15 11.075 0.000 1.428 11.322 0.000 0.898 11.640 0.000 0.509
3 15 11.640 0.000 0.509 13.125 0.000 2.065 11.075 0.000 1.428
3 15 13.408 0.000 2.136 13.125 0.000 2.065 11.640 0.000 0.509
3 15 13.408 0.000 2.136 11.640 0.000 0.509 11.534 0.000 0.332
3 15 11.534 0.000 0.332 15.740 0.000 3.905 13.408 0.000 2.136
3 15 15.740 0.000 3.905 11.534 0.000 0.332 9.376 0.000 -2.459
3 15 11.534 0.000 0.332 10.297 0.000 -0.622 9.376 0.000 -2.459
3 15 11.534 0.000 0.332 10.827 0.000 1.110 10.085 0.000 0.085
3 15 10.085 0.000 0.085 10.297 0.000 -0.622 11.534 0.000 0.332
3 15 10.085 0.000 0.085 10.827 0.000 1.110 10.368 0.000 1.641
3 15 10.368 0.000 1.641 9.696 0.000 0.898 10.085 0.000 0.085
3 15 9.731 0.000 1.641 9.696 0.000 0.898 10.368 0.000 1.641
3 15 9.165 0.000 1.711 9.696 0.000 0.898 9.731 0.000 1.641
3 15 4.675 0.000 4.080 5.736 0.000 2.525 5.630 0.000 3.338
3 15 5.630 0.000 3.338 5.736 0.000 2.525 6.797 0.000 0.969
3 15 6.797 0.000 0.969 6.585 0.000 2.878 5.630 0.000 3.338
3 15 6.585 0.000 2.878 6.797 0.000 0.969 8.211 0.000 1.959
3 15 8.211 0.000 1.959 7.504 0.000 2.383 6.585 0.000 2.878
3 15 8.211 0.000 1.959 6.797 0.000 0.969 7.610 0.000 -0.269
3 15 7.610 0.000 -0.269 8.989 0.000 1.181 8.211 0.000 1.959
3 15 8.989 0.000 1.181 7.610 0.000 -0.269 10.014 0.000 -0.622
3 15 10.014 0.000 -0.622 9.590 0.000 0.226 8.989 0.000 1.181
3 15 7.610 0.000 -0.269 8.246 0.000 -1.400 9.376 0.000 -2.459
3 15 9.376 0.000 -2.459 10.014 0.000 -0.622 7.610 0.000 -0.269
3 15 10.297 0.000 -0.622 10.014 0.000 -0.622 9.376 0.000 -2.459
3 15 8.246 0.000 -1.400 7.999 0.000 -1.506 8.446 0.000 -3.104
3 15 8.446 0.000 -3.104 9.376 0.000 -2.459 8.246 0.000 -1.400
3 15 8.446 0.000 -3.104 7.999 0.000 -1.506 6.278 0.000 -3.246
3 15 6.278 0.000 -3.246 7.362 0.000 -3.376 8.446 0.000 -3.104
3 15 6.278 0.000 -3.246 7.999 0.000 -1.506 7.362 0.000 -0.445
3 15 7.362 0.000 -0.445 5.419 0.000 -2.672 6.278 0.000 -3.246
3 15 7.362 0.000 -0.445 6.514 0.000 0.686 5.489 0.000 1.782
3 15 5.489 0.000 1.782 5.419 0.000 -2.672 7.362 0.000 -0.445
3 15 5.489 0.000 1.782 2.236 0.000 4.893 -2.430 0.000 5.177
3 15 -2.430 0.000 5.177 5.419 0.000 -2.672 5.489 0.000 1.782
3 15 0.822 0.000 6.732 2.448 0.000 5.247 3.261 0.000 5.070
3 15 3.261 0.000 5.070 2.094 0.000 6.520 0.822 0.000 6.732
3 15 2.448 0.000 5.247 4.534 0.000 3.161 3.261 0.000 5.070
3 0 -18.000 0.000 18.300 0.547 0.000 18.300 19.000 0.000 19.000
3 0 19.000 0.000 19.000 -19.000 0.000 19.000 -18.000 0.000 18.300
3 0 -19.000 0.000 19.000 -19.000 0.000 18.300 18.300 0.000 -19.000
3 0 18.300 0.000 -19.000 -18.000 0.000 18.300 -19.000 0.000 19.000
3 0 19.000 0.000 19.000 0.547 0.000 18.300 18.300 0.000 18.300
3 0 18.300 0.000 18.300 18.300 0.000 0.547 19.000 0.000 -19.000
3 0 19.000 0.000 -19.000 19.000 0.000 19.000 18.300 0.000 18.300
3 0 18.300 0.000 0.547 18.300 0.000 -18.000 19.000 0.000 -19.000
3 0 19.000 0.000 -19.000 18.300 0.000 -18.000 -18.000 0.000 18.300
3 0 -18.000 0.000 18.300 18.300 0.000 -19.000 19.000 0.000 -19.000
3 19 -3.273 0.000 8.375 -2.532 0.000 9.449 0.547 0.000 18.300
3 19 0.547 0.000 18.300 -18.000 0.000 18.300 -3.273 0.000 8.375
3 19 0.547 0.000 18.300 -2.532 0.000 9.449 3.832 0.000 15.813
3 19 0.547 0.000 18.300 3.832 0.000 15.813 4.835 0.000 16.484
3 19 0.547 0.000 18.300 4.835 0.000 16.484 6.090 0.000 16.790
3 19 11.888 0.000 17.091 8.418 0.000 16.025 9.620 0.000 14.823
3 19 11.888 0.000 17.091 7.344 0.000 16.625 8.418 0.000 16.025
3 19 7.344 0.000 16.625 11.888 0.000 17.091 0.547 0.000 18.300
3 19 0.547 0.000 18.300 6.090 0.000 16.790 7.344 0.000 16.625
3 19 18.300 0.000 18.300 0.547 0.000 18.300 11.888 0.000 17.091
3 19 18.300 0.000 18.300 11.888 0.000 17.091 17.757 0.000 11.222
3 19 17.757 0.000 11.222 15.489 0.000 8.954 16.267 0.000 8.176
3 19 17.757 0.000 11.222 16.267 0.000 8.176 16.867 0.000 7.102
3 19 16.867 0.000 7.102 17.031 0.000 5.848 18.300 0.000 0.547
3 19 18.300 0.000 0.547 17.757 0.000 11.222 16.867 0.000 7.102
3 19 18.300 0.000 18.300 17.757 0.000 11.222 18.300 0.000 0.547
3 19 17.031 0.000 5.848 16.725 0.000 4.594 18.300 0.000 0.547
3 19 16.725 0.000 4.594 16.055 0.000 3.590 18.300 0.000 0.547
3 19 16.055 0.000 3.590 9.691 0.000 -2.774 18.300 0.000 -18.000
3 19 18.300 0.000 -18.000 18.300 0.000 0.547 16.055 0.000 3.590
3 19 9.691 0.000 -2.774 8.617 0.000 -3.515 18.300 0.000 -18.000
3 19 8.617 0.000 -3.515 7.362 0.000 -3.821 18.300 0.000 -18.000
3 19 6.108 0.000 -3.657 18.300 0.000 -18.000 7.362 0.000 -3.821
3 19 5.105 0.000 -2.986 18.300 0.000 -18.000 6.108 0.000 -3.657
3 19 -18.000 0.000 18.300 -3.580 0.000 7.121 -3.273 0.000 8.375
3 19 -18.000 0.000 18.300 -3.415 0.000 5.866 -3.580 0.000 7.121
3 19 -18.000 0.000 18.300 -2.744 0.000 4.863 -3.415 0.000 5.866
3 19 -2.744 0.000 4.863 -18.000 0.000 18.300 18.300 0.000 -18.000
3 19 18.300 0.000 -18.000 5.105 0.000 -2.986 -2.744 0.000 4.863
1 16 0.0000 0.0000 0.0000 1.0000 0.0000 0.0000 0.0000 1.0000 0.0000 0.0000 0.0000 1.0000 s/3068bs01.dat
1 16 -13.5000 0.0000 1.0000 3.0000 0.0000 0.0000 0.0000 1.0000 0.0000 0.0000 0.0000 3.0000 4-4ndis.dat
1 16 -6.0000 0.0000 -6.0000 3.0000 0.0000 0.0000 0.0000 1.0000 0.0000 0.0000 0.0000 3.0000 4-4ndis.dat
1 16 1.0000 0.0000 -13.5000 3.0000 0.0000 0.0000 0.0000 1.0000 0.0000 0.0000 0.0000 3.0000 4-4ndis.dat
1 0 -13.5000 0.0000 1.0000 3.0000 0.0000 0.0000 0.0000 1.0000 0.0000 0.0000 0.0000 3.0000 4-4disc.dat
1 0 -6.0000 0.0000 -6.0000 3.0000 0.0000 0.0000 0.0000 1.0000 0.0000 0.0000 0.0000 3.0000 4-4disc.dat
1 0 1.0000 0.0000 -13.5000 3.0000 0.0000 0.0000 0.0000 1.0000 0.0000 0.0000 0.0000 3.0000 4-4disc.dat
