0 FILE 3070bpb104.dat
0 Tile 1 x 1 with Groove with Medium Azure Outline and Dark Purple Star Pattern 
0 Name:  3070bpb104.dat
0 Author:  
0 BFC CERTIFY CCW
3 16 -4.750 0.000 1.750 -1.500 0.000 2.250 0.000 0.000 5.000
3 16 0.000 0.000 5.000 1.500 0.000 2.250 4.750 0.000 1.750
3 16 4.750 0.000 1.750 2.500 0.000 -0.750 3.000 0.000 -4.000
3 16 3.000 0.000 -4.000 0.000 0.000 -2.500 -3.000 0.000 -4.000
3 16 -3.000 0.000 -4.000 -2.500 0.000 -0.750 -4.750 0.000 1.750
3 16 -6.750 0.000 5.750 -7.750 0.000 5.250 -4.750 0.000 1.750
3 16 -6.200 0.000 6.200 -6.750 0.000 5.750 -4.750 0.000 1.750
3 16 -6.200 0.000 6.200 -4.750 0.000 1.750 0.000 0.000 5.000
3 16 0.000 0.000 5.000 -5.750 0.000 6.750 -6.200 0.000 6.200
3 16 -5.750 0.000 6.750 0.000 0.000 5.000 -5.250 0.000 7.750
3 16 -5.250 0.000 7.750 0.000 0.000 5.000 5.250 0.000 7.750
3 16 5.250 0.000 7.750 0.000 0.000 5.000 5.750 0.000 6.750
3 16 5.750 0.000 6.750 0.000 0.000 5.000 4.750 0.000 1.750
3 16 4.750 0.000 1.750 6.200 0.000 6.200 5.750 0.000 6.750
3 16 6.200 0.000 6.200 4.750 0.000 1.750 6.750 0.000 5.750
3 16 6.750 0.000 5.750 4.750 0.000 1.750 7.750 0.000 5.250
3 16 7.750 0.000 5.250 4.750 0.000 1.750 7.750 0.000 -5.250
3 16 7.750 0.000 -5.250 4.750 0.000 1.750 3.000 0.000 -4.000
3 16 7.750 0.000 -5.250 3.000 0.000 -4.000 6.750 0.000 -5.750
3 16 6.750 0.000 -5.750 3.000 0.000 -4.000 6.200 0.000 -6.200
3 16 6.200 0.000 -6.200 3.000 0.000 -4.000 5.750 0.000 -6.750
3 16 5.250 0.000 -7.750 5.750 0.000 -6.750 3.000 0.000 -4.000
3 16 3.000 0.000 -4.000 -3.000 0.000 -4.000 -5.250 0.000 -7.750
3 16 -5.250 0.000 -7.750 5.250 0.000 -7.750 3.000 0.000 -4.000
3 16 -5.750 0.000 -6.750 -5.250 0.000 -7.750 -3.000 0.000 -4.000
3 16 -5.750 0.000 -6.750 -3.000 0.000 -4.000 -6.200 0.000 -6.200
3 16 -3.000 0.000 -4.000 -6.750 0.000 -5.750 -6.200 0.000 -6.200
3 16 -6.750 0.000 -5.750 -3.000 0.000 -4.000 -7.750 0.000 -5.250
3 16 -7.750 0.000 -5.250 -3.000 0.000 -4.000 -4.750 0.000 1.750
3 16 -7.750 0.000 -5.250 -4.750 0.000 1.750 -7.750 0.000 5.250
3 16 -10.000 0.000 10.000 -10.000 0.000 7.250 -8.750 0.000 7.250
3 16 -10.000 0.000 10.000 -8.750 0.000 7.250 -7.750 0.000 7.750
3 16 -10.000 0.000 10.000 -7.750 0.000 7.750 -7.250 0.000 8.750
3 16 -10.000 0.000 10.000 -7.250 0.000 8.750 -7.250 0.000 10.000
3 16 10.000 0.000 10.000 7.250 0.000 10.000 7.250 0.000 8.750
3 16 10.000 0.000 10.000 7.250 0.000 8.750 7.750 0.000 7.750
3 16 10.000 0.000 10.000 7.750 0.000 7.750 8.750 0.000 7.250
3 16 10.000 0.000 10.000 8.750 0.000 7.250 10.000 0.000 7.250
3 16 10.000 0.000 -10.000 10.000 0.000 -7.250 8.750 0.000 -7.250
3 16 10.000 0.000 -10.000 8.750 0.000 -7.250 7.750 0.000 -7.750
3 16 10.000 0.000 -10.000 7.750 0.000 -7.750 7.250 0.000 -8.750
3 16 10.000 0.000 -10.000 7.250 0.000 -8.750 7.250 0.000 -10.000
3 16 -10.000 0.000 -10.000 -7.250 0.000 -10.000 -7.250 0.000 -8.750
3 16 -10.000 0.000 -10.000 -7.250 0.000 -8.750 -7.750 0.000 -7.750
3 16 -10.000 0.000 -10.000 -7.750 0.000 -7.750 -8.750 0.000 -7.250
3 16 -10.000 0.000 -10.000 -8.750 0.000 -7.250 -10.000 0.000 -7.250
3 85 0.000 0.000 5.000 -1.500 0.000 2.250 1.500 0.000 2.250
3 85 1.500 0.000 2.250 -1.500 0.000 2.250 2.500 0.000 -0.750
3 85 2.500 0.000 -0.750 -1.500 0.000 2.250 -2.500 0.000 -0.750
3 85 2.500 0.000 -0.750 -2.500 0.000 -0.750 0.000 0.000 -2.500
3 85 2.500 0.000 -0.750 0.000 0.000 -2.500 3.000 0.000 -4.000
3 85 0.000 0.000 -2.500 -2.500 0.000 -0.750 -3.000 0.000 -4.000
3 85 -1.500 0.000 2.250 -4.750 0.000 1.750 -2.500 0.000 -0.750
3 85 4.750 0.000 1.750 1.500 0.000 2.250 2.500 0.000 -0.750
3 322 -10.000 0.000 3.750 -9.250 0.000 3.750 -10.000 0.000 7.250
3 322 -10.000 0.000 7.250 -9.250 0.000 3.750 -8.750 0.000 7.250
3 322 -8.750 0.000 7.250 -9.250 0.000 3.750 -7.750 0.000 5.250
3 322 -8.750 0.000 7.250 -7.750 0.000 5.250 -7.750 0.000 7.750
3 322 -7.750 0.000 7.750 -7.750 0.000 5.250 -6.750 0.000 5.750
3 322 -7.750 0.000 7.750 -6.750 0.000 5.750 -7.250 0.000 8.750
3 322 -7.250 0.000 8.750 -6.750 0.000 5.750 -6.200 0.000 6.200
3 322 -7.250 0.000 8.750 -6.200 0.000 6.200 -5.750 0.000 6.750
3 322 -7.250 0.000 8.750 -5.750 0.000 6.750 -5.250 0.000 7.750
3 322 -7.250 0.000 8.750 -5.250 0.000 7.750 -7.250 0.000 10.000
3 322 -5.250 0.000 7.750 5.250 0.000 7.750 7.250 0.000 10.000
3 322 7.250 0.000 10.000 -7.250 0.000 10.000 -5.250 0.000 7.750
3 322 7.250 0.000 8.750 7.250 0.000 10.000 5.250 0.000 7.750
3 322 7.250 0.000 8.750 5.250 0.000 7.750 5.750 0.000 6.750
3 322 7.250 0.000 8.750 5.750 0.000 6.750 6.200 0.000 6.200
3 322 7.250 0.000 8.750 6.200 0.000 6.200 6.750 0.000 5.750
3 322 7.250 0.000 8.750 6.750 0.000 5.750 7.750 0.000 7.750
3 322 7.750 0.000 7.750 6.750 0.000 5.750 7.750 0.000 5.250
3 322 7.750 0.000 7.750 7.750 0.000 5.250 8.750 0.000 7.250
3 322 8.750 0.000 7.250 7.750 0.000 5.250 9.250 0.000 3.750
3 322 8.750 0.000 7.250 9.250 0.000 3.750 10.000 0.000 7.250
3 322 10.000 0.000 7.250 9.250 0.000 3.750 10.000 0.000 3.750
3 322 9.250 0.000 3.750 7.750 0.000 5.250 9.250 0.000 3.000
3 322 9.250 0.000 3.000 7.750 0.000 5.250 9.250 0.000 2.250
3 322 9.250 0.000 2.250 7.750 0.000 5.250 9.250 0.000 0.750
3 322 9.250 0.000 2.250 9.250 0.000 0.750 10.000 0.000 2.250
3 322 10.000 0.000 2.250 9.250 0.000 0.750 10.000 0.000 0.750
3 322 9.250 0.000 0.750 7.750 0.000 5.250 9.250 0.000 0.000
3 322 9.250 0.000 0.000 7.750 0.000 5.250 7.750 0.000 -5.250
3 322 7.750 0.000 -5.250 9.250 0.000 -0.750 9.250 0.000 0.000
3 322 9.250 0.000 -0.750 7.750 0.000 -5.250 9.250 0.000 -2.250
3 322 9.250 0.000 -0.750 9.250 0.000 -2.250 10.000 0.000 -0.750
3 322 10.000 0.000 -0.750 9.250 0.000 -2.250 10.000 0.000 -2.250
3 322 9.250 0.000 -3.000 9.250 0.000 -2.250 7.750 0.000 -5.250
3 322 9.250 0.000 -3.000 7.750 0.000 -5.250 9.250 0.000 -3.750
3 322 9.250 0.000 -3.750 8.750 0.000 -7.250 10.000 0.000 -7.250
3 322 10.000 0.000 -7.250 10.000 0.000 -3.750 9.250 0.000 -3.750
3 322 9.250 0.000 -3.750 7.750 0.000 -5.250 8.750 0.000 -7.250
3 322 8.750 0.000 -7.250 7.750 0.000 -5.250 7.750 0.000 -7.750
3 322 7.750 0.000 -7.750 7.750 0.000 -5.250 6.750 0.000 -5.750
3 322 7.750 0.000 -7.750 6.750 0.000 -5.750 6.200 0.000 -6.200
3 322 7.750 0.000 -7.750 6.200 0.000 -6.200 5.750 0.000 -6.750
3 322 7.750 0.000 -7.750 5.750 0.000 -6.750 7.250 0.000 -8.750
3 322 7.250 0.000 -8.750 5.750 0.000 -6.750 5.250 0.000 -7.750
3 322 7.250 0.000 -8.750 5.250 0.000 -7.750 7.250 0.000 -10.000
3 322 5.250 0.000 -7.750 -5.250 0.000 -7.750 -7.250 0.000 -10.000
3 322 -7.250 0.000 -10.000 7.250 0.000 -10.000 5.250 0.000 -7.750
3 322 -7.250 0.000 -8.750 -7.250 0.000 -10.000 -5.250 0.000 -7.750
3 322 -7.250 0.000 -8.750 -5.250 0.000 -7.750 -5.750 0.000 -6.750
3 322 -7.250 0.000 -8.750 -5.750 0.000 -6.750 -7.750 0.000 -7.750
3 322 -7.750 0.000 -7.750 -5.750 0.000 -6.750 -6.200 0.000 -6.200
3 322 -7.750 0.000 -7.750 -6.200 0.000 -6.200 -6.750 0.000 -5.750
3 322 -7.750 0.000 -7.750 -6.750 0.000 -5.750 -7.750 0.000 -5.250
3 322 -7.750 0.000 -7.750 -7.750 0.000 -5.250 -8.750 0.000 -7.250
3 322 -8.750 0.000 -7.250 -7.750 0.000 -5.250 -9.250 0.000 -3.750
3 322 -10.000 0.000 -7.250 -8.750 0.000 -7.250 -9.250 0.000 -3.750
3 322 -9.250 0.000 -3.750 -10.000 0.000 -3.750 -10.000 0.000 -7.250
3 322 -9.250 0.000 -3.750 -7.750 0.000 -5.250 -9.250 0.000 -3.000
3 322 -9.250 0.000 -3.000 -7.750 0.000 -5.250 -9.250 0.000 -2.250
3 322 -9.250 0.000 -2.250 -7.750 0.000 -5.250 -9.250 0.000 -0.750
3 322 -9.250 0.000 -2.250 -9.250 0.000 -0.750 -10.000 0.000 -2.250
3 322 -10.000 0.000 -2.250 -9.250 0.000 -0.750 -10.000 0.000 -0.750
3 322 -9.250 0.000 -0.750 -7.750 0.000 -5.250 -7.750 0.000 5.250
3 322 -7.750 0.000 5.250 -9.250 0.000 0.000 -9.250 0.000 -0.750
3 322 -9.250 0.000 0.750 -9.250 0.000 0.000 -7.750 0.000 5.250
3 322 -9.250 0.000 0.750 -7.750 0.000 5.250 -9.250 0.000 2.250
3 322 -9.250 0.000 2.250 -7.750 0.000 5.250 -9.250 0.000 3.000
3 322 -9.250 0.000 3.000 -7.750 0.000 5.250 -9.250 0.000 3.750
3 322 -9.250 0.000 2.250 -10.000 0.000 2.250 -9.250 0.000 0.750
3 322 -9.250 0.000 0.750 -10.000 0.000 2.250 -10.000 0.000 0.750
1 16 0.0000 0.0000 0.0000 1.0000 0.0000 0.0000 0.0000 1.0000 0.0000 0.0000 0.0000 1.0000 s/3070bs01.dat
1 16 -10.0000 0.0000 3.0000 0.0000 0.0000 0.7500 0.0000 1.0000 0.0000 0.7500 0.0000 0.0000 2-4DISC.DAT
1 16 -10.0000 0.0000 0.0000 0.0000 0.0000 0.7500 0.0000 1.0000 0.0000 0.7500 0.0000 0.0000 2-4DISC.DAT
1 16 -10.0000 0.0000 -3.0000 0.0000 0.0000 0.7500 0.0000 1.0000 0.0000 0.7500 0.0000 0.0000 2-4DISC.DAT
1 322 -10.0000 0.0000 3.0000 0.0000 0.0000 0.7500 0.0000 1.0000 0.0000 0.7500 0.0000 0.0000 2-4ndis.dat
1 322 -10.0000 0.0000 0.0000 0.0000 0.0000 0.7500 0.0000 1.0000 0.0000 0.7500 0.0000 0.0000 2-4ndis.dat
1 322 -10.0000 0.0000 -3.0000 0.0000 0.0000 0.7500 0.0000 1.0000 0.0000 0.7500 0.0000 0.0000 2-4ndis.dat
1 16 10.0000 0.0000 3.0000 0.0000 0.0000 -0.7500 0.0000 1.0000 0.0000 0.7500 0.0000 0.0000 2-4DISC.DAT
1 16 10.0000 0.0000 0.0000 0.0000 0.0000 -0.7500 0.0000 1.0000 0.0000 0.7500 0.0000 0.0000 2-4DISC.DAT
1 16 10.0000 0.0000 -3.0000 0.0000 0.0000 -0.7500 0.0000 1.0000 0.0000 0.7500 0.0000 0.0000 2-4DISC.DAT
1 322 10.0000 0.0000 3.0000 0.0000 0.0000 -0.7500 0.0000 1.0000 0.0000 0.7500 0.0000 0.0000 2-4ndis.dat
1 322 10.0000 0.0000 0.0000 0.0000 0.0000 -0.7500 0.0000 1.0000 0.0000 0.7500 0.0000 0.0000 2-4ndis.dat
1 322 10.0000 0.0000 -3.0000 0.0000 0.0000 -0.7500 0.0000 1.0000 0.0000 0.7500 0.0000 0.0000 2-4ndis.dat
