0 FILE 3622pb071.dat
0 Brick 1 x 3 with Face White Eyes and Lightning Eyebrows Pattern (Ice King) 
0 Name:  3622pb071.dat
0 Author:  
0 BFC CERTIFY CCW
3 16 -18.000 4.100 -10.000 -18.000 1.100 -10.000 -30.000 0.000 -10.000
3 16 -30.000 0.000 -10.000 -22.900 2.900 -10.000 -18.000 4.100 -10.000
3 16 -22.900 2.900 -10.000 -30.000 0.000 -10.000 -30.000 24.000 -10.000
3 16 -30.000 24.000 -10.000 -21.700 4.600 -10.000 -22.900 2.900 -10.000
3 16 -21.700 4.600 -10.000 -30.000 24.000 -10.000 -19.700 6.400 -10.000
3 16 -19.700 6.400 -10.000 -30.000 24.000 -10.000 -17.400 8.200 -10.000
3 16 -15.700 19.200 -10.000 -30.000 24.000 -10.000 -15.500 20.100 -10.000
3 16 -15.500 20.100 -10.000 -30.000 24.000 -10.000 -14.968 20.981 -10.000
3 16 -14.968 20.981 -10.000 -30.000 24.000 -10.000 -14.133 21.583 -10.000
3 16 -14.133 21.583 -10.000 -30.000 24.000 -10.000 -13.137 21.853 -10.000
3 16 17.500 1.000 -10.000 17.300 3.700 -10.000 21.700 2.100 -10.000
3 16 7.600 16.800 -10.000 -5.600 18.300 -10.000 -6.300 19.300 -10.000
3 16 -6.300 19.300 -10.000 7.600 18.000 -10.000 7.600 16.800 -10.000
3 16 7.600 18.000 -10.000 -6.300 19.300 -10.000 -7.250 20.100 -10.000
3 16 -7.250 20.100 -10.000 7.973 19.207 -10.000 7.600 18.000 -10.000
3 16 7.973 19.207 -10.000 -7.250 20.100 -10.000 -8.600 21.000 -10.000
3 16 -8.600 21.000 -10.000 9.018 20.328 -10.000 7.973 19.207 -10.000
3 16 9.018 20.328 -10.000 -8.600 21.000 -10.000 -10.446 21.746 -10.000
3 16 -10.446 21.746 -10.000 10.500 21.000 -10.000 9.018 20.328 -10.000
3 16 10.500 21.000 -10.000 -10.446 21.746 -10.000 30.000 24.000 -10.000
3 16 30.000 24.000 -10.000 12.167 21.184 -10.000 10.500 21.000 -10.000
3 16 -8.700 9.900 -10.000 8.100 10.300 -10.000 10.200 7.500 -10.000
3 16 10.200 7.500 -10.000 -10.100 8.000 -10.000 -8.700 9.900 -10.000
3 16 -10.100 8.000 -10.000 10.200 7.500 -10.000 12.300 5.300 -10.000
3 16 12.300 5.300 -10.000 -12.400 5.600 -10.000 -10.100 8.000 -10.000
3 16 -12.400 5.600 -10.000 12.300 5.300 -10.000 14.900 3.000 -10.000
3 16 14.900 3.000 -10.000 -14.400 3.700 -10.000 -12.400 5.600 -10.000
3 16 -14.400 3.700 -10.000 14.900 3.000 -10.000 17.500 1.000 -10.000
3 16 17.500 1.000 -10.000 -16.400 2.000 -10.000 -14.400 3.700 -10.000
3 16 17.500 1.000 -10.000 -18.000 1.100 -10.000 -16.400 2.000 -10.000
3 16 -18.000 1.100 -10.000 17.500 1.000 -10.000 30.000 0.000 -10.000
3 16 30.000 0.000 -10.000 -30.000 0.000 -10.000 -18.000 1.100 -10.000
3 16 30.000 0.000 -10.000 17.500 1.000 -10.000 21.700 2.100 -10.000
3 16 30.000 0.000 -10.000 21.700 2.100 -10.000 20.900 3.900 -10.000
3 16 20.900 3.900 -10.000 19.500 5.500 -10.000 30.000 24.000 -10.000
3 16 30.000 24.000 -10.000 30.000 0.000 -10.000 20.900 3.900 -10.000
3 16 19.500 5.500 -10.000 17.700 7.100 -10.000 14.467 10.733 -10.000
3 16 14.467 10.733 -10.000 30.000 24.000 -10.000 19.500 5.500 -10.000
3 16 15.400 20.000 -10.000 14.800 20.700 -10.000 30.000 24.000 -10.000
3 16 14.800 20.700 -10.000 13.739 21.047 -10.000 30.000 24.000 -10.000
3 16 13.739 21.047 -10.000 12.167 21.184 -10.000 30.000 24.000 -10.000
3 16 -13.137 21.853 -10.000 -30.000 24.000 -10.000 30.000 24.000 -10.000
3 16 30.000 24.000 -10.000 -12.100 21.900 -10.000 -13.137 21.853 -10.000
3 16 -10.446 21.746 -10.000 -12.100 21.900 -10.000 30.000 24.000 -10.000
3 16 8.100 10.300 -10.000 8.333 10.733 -10.000 11.400 10.733 -10.000
3 16 11.400 10.733 -10.000 10.400 9.500 -10.000 8.100 10.300 -10.000
3 16 10.400 9.500 -10.000 11.400 10.733 -10.000 13.100 9.800 -10.000
3 16 13.100 9.800 -10.000 13.200 8.300 -10.000 10.400 9.500 -10.000
3 16 11.400 10.733 -10.000 14.467 10.733 -10.000 15.700 8.500 -10.000
3 16 15.700 8.500 -10.000 13.100 9.800 -10.000 11.400 10.733 -10.000
3 16 17.700 7.100 -10.000 15.700 8.500 -10.000 14.467 10.733 -10.000
3 16 7.600 16.800 -10.000 7.900 17.900 -10.000 8.347 18.643 -10.000
3 16 8.347 18.643 -10.000 8.333 16.867 -10.000 7.600 16.800 -10.000
3 16 8.333 16.867 -10.000 8.347 18.643 -10.000 9.505 19.614 -10.000
3 16 9.505 19.614 -10.000 11.400 16.867 -10.000 8.333 16.867 -10.000
3 16 9.505 19.614 -10.000 11.000 20.100 -10.000 12.396 20.292 -10.000
3 16 12.396 20.292 -10.000 11.400 16.867 -10.000 9.505 19.614 -10.000
3 16 11.400 16.867 -10.000 12.396 20.292 -10.000 13.800 20.258 -10.000
3 16 13.800 20.258 -10.000 14.467 16.867 -10.000 11.400 16.867 -10.000
3 16 14.467 16.867 -10.000 13.800 20.258 -10.000 15.400 20.000 -10.000
3 16 14.467 10.733 -10.000 14.467 13.800 -10.000 30.000 24.000 -10.000
3 16 14.467 13.800 -10.000 14.467 16.867 -10.000 15.400 20.000 -10.000
3 16 15.400 20.000 -10.000 30.000 24.000 -10.000 14.467 13.800 -10.000
3 16 -6.950 11.450 -10.000 -8.700 9.900 -10.000 -9.900 9.700 -10.000
3 16 -9.900 9.700 -10.000 -10.200 11.450 -10.000 -6.950 11.450 -10.000
3 16 -9.900 9.700 -10.000 -13.100 8.700 -10.000 -13.200 11.000 -10.000
3 16 -13.200 11.000 -10.000 -10.200 11.450 -10.000 -9.900 9.700 -10.000
3 16 -13.200 11.000 -10.000 -13.450 11.450 -10.000 -10.200 11.450 -10.000
3 16 -5.600 18.300 -10.000 -6.950 17.950 -10.000 -8.103 19.671 -10.000
3 16 -8.103 19.671 -10.000 -6.600 18.900 -10.000 -5.600 18.300 -10.000
3 16 -6.950 17.950 -10.000 -10.200 17.950 -10.000 -9.550 20.400 -10.000
3 16 -9.550 20.400 -10.000 -8.103 19.671 -10.000 -6.950 17.950 -10.000
3 16 -9.550 20.400 -10.000 -10.200 17.950 -10.000 -13.450 17.950 -10.000
3 16 -13.450 17.950 -10.000 -11.342 20.868 -10.000 -9.550 20.400 -10.000
3 16 -11.342 20.868 -10.000 -13.450 17.950 -10.000 -13.582 20.802 -10.000
3 16 -13.582 20.802 -10.000 -12.800 20.900 -10.000 -11.342 20.868 -10.000
3 16 -13.582 20.802 -10.000 -13.450 17.950 -10.000 -14.948 20.095 -10.000
3 16 -14.948 20.095 -10.000 -14.331 20.573 -10.000 -13.582 20.802 -10.000
3 16 -13.450 17.950 -10.000 -15.300 19.600 -10.000 -14.948 20.095 -10.000
3 16 -13.450 17.950 -10.000 -15.700 19.200 -10.000 -15.300 19.600 -10.000
3 16 -13.200 11.000 -10.000 -14.800 10.100 -10.000 -30.000 24.000 -10.000
3 16 -30.000 24.000 -10.000 -13.450 11.450 -10.000 -13.200 11.000 -10.000
3 16 -15.700 19.200 -10.000 -13.450 17.950 -10.000 -13.450 14.700 -10.000
3 16 -13.450 14.700 -10.000 -30.000 24.000 -10.000 -15.700 19.200 -10.000
3 16 -17.400 8.200 -10.000 -30.000 24.000 -10.000 -14.800 10.100 -10.000
3 16 -5.600 18.300 -10.000 7.600 16.800 -10.000 -6.950 14.700 -10.000
3 16 -6.950 14.700 -10.000 -6.950 17.950 -10.000 -5.600 18.300 -10.000
3 16 -6.950 14.700 -10.000 7.600 16.800 -10.000 8.333 16.867 -10.000
3 16 8.333 16.867 -10.000 8.333 13.800 -10.000 -6.950 14.700 -10.000
3 16 -6.950 14.700 -10.000 8.333 13.800 -10.000 8.333 10.733 -10.000
3 16 8.333 10.733 -10.000 -6.950 11.450 -10.000 -6.950 14.700 -10.000
3 16 -6.950 11.450 -10.000 8.333 10.733 -10.000 8.100 10.300 -10.000
3 16 8.100 10.300 -10.000 -8.700 9.900 -10.000 -6.950 11.450 -10.000
3 16 -13.450 11.450 -10.000 -30.000 24.000 -10.000 -13.450 14.700 -10.000
3 0 -15.700 19.200 -10.000 -15.500 20.100 -10.000 -14.948 20.095 -10.000
3 0 -14.948 20.095 -10.000 -15.300 19.600 -10.000 -15.700 19.200 -10.000
3 0 -15.500 20.100 -10.000 -14.968 20.981 -10.000 -14.331 20.573 -10.000
3 0 -14.331 20.573 -10.000 -14.948 20.095 -10.000 -15.500 20.100 -10.000
3 0 -14.968 20.981 -10.000 -14.133 21.583 -10.000 -13.582 20.802 -10.000
3 0 -13.582 20.802 -10.000 -14.331 20.573 -10.000 -14.968 20.981 -10.000
3 0 -14.133 21.583 -10.000 -13.137 21.853 -10.000 -12.800 20.900 -10.000
3 0 -12.800 20.900 -10.000 -13.582 20.802 -10.000 -14.133 21.583 -10.000
3 0 -13.137 21.853 -10.000 -12.100 21.900 -10.000 -11.342 20.868 -10.000
3 0 -11.342 20.868 -10.000 -12.800 20.900 -10.000 -13.137 21.853 -10.000
3 0 -12.100 21.900 -10.000 -10.446 21.746 -10.000 -9.550 20.400 -10.000
3 0 -9.550 20.400 -10.000 -11.342 20.868 -10.000 -12.100 21.900 -10.000
3 0 -10.446 21.746 -10.000 -8.600 21.000 -10.000 -8.103 19.671 -10.000
3 0 -8.103 19.671 -10.000 -9.550 20.400 -10.000 -10.446 21.746 -10.000
3 0 -8.600 21.000 -10.000 -7.250 20.100 -10.000 -6.600 18.900 -10.000
3 0 -6.600 18.900 -10.000 -8.103 19.671 -10.000 -8.600 21.000 -10.000
3 0 -7.250 20.100 -10.000 -6.300 19.300 -10.000 -5.600 18.300 -10.000
3 0 -5.600 18.300 -10.000 -6.600 18.900 -10.000 -7.250 20.100 -10.000
3 0 -15.600 8.700 -10.000 -17.700 7.100 -10.000 -19.700 6.400 -10.000
3 0 -19.700 6.400 -10.000 -17.400 8.200 -10.000 -15.600 8.700 -10.000
3 0 -17.700 7.100 -10.000 -19.500 5.600 -10.000 -21.700 4.600 -10.000
3 0 -21.700 4.600 -10.000 -19.700 6.400 -10.000 -17.700 7.100 -10.000
3 0 -19.500 5.600 -10.000 -21.300 4.000 -10.000 -22.900 2.900 -10.000
3 0 -22.900 2.900 -10.000 -21.700 4.600 -10.000 -19.500 5.600 -10.000
3 0 -22.900 2.900 -10.000 -21.300 4.000 -10.000 -17.400 4.900 -10.000
3 0 -17.400 4.900 -10.000 -18.000 4.100 -10.000 -22.900 2.900 -10.000
3 0 -17.400 4.900 -10.000 -17.300 2.300 -10.000 -18.000 1.100 -10.000
3 0 -18.000 1.100 -10.000 -18.000 4.100 -10.000 -17.400 4.900 -10.000
3 0 -18.000 1.100 -10.000 -17.300 2.300 -10.000 -15.600 3.700 -10.000
3 0 -15.600 3.700 -10.000 -16.400 2.000 -10.000 -18.000 1.100 -10.000
3 0 -16.400 2.000 -10.000 -15.600 3.700 -10.000 -13.600 5.500 -10.000
3 0 -13.600 5.500 -10.000 -14.400 3.700 -10.000 -16.400 2.000 -10.000
3 0 -14.400 3.700 -10.000 -13.600 5.500 -10.000 -11.800 7.200 -10.000
3 0 -11.800 7.200 -10.000 -12.400 5.600 -10.000 -14.400 3.700 -10.000
3 0 -12.400 5.600 -10.000 -11.800 7.200 -10.000 -10.300 8.900 -10.000
3 0 -10.300 8.900 -10.000 -10.100 8.000 -10.000 -12.400 5.600 -10.000
3 0 -10.100 8.000 -10.000 -10.300 8.900 -10.000 -9.900 9.700 -10.000
3 0 -9.900 9.700 -10.000 -8.700 9.900 -10.000 -10.100 8.000 -10.000
3 0 -9.900 9.700 -10.000 -10.300 8.900 -10.000 -13.700 7.900 -10.000
3 0 -13.700 7.900 -10.000 -13.100 8.700 -10.000 -9.900 9.700 -10.000
3 0 -13.700 7.900 -10.000 -13.900 9.700 -10.000 -13.200 11.000 -10.000
3 0 -13.200 11.000 -10.000 -13.100 8.700 -10.000 -13.700 7.900 -10.000
3 0 -13.200 11.000 -10.000 -13.900 9.700 -10.000 -15.600 8.700 -10.000
3 0 -15.600 8.700 -10.000 -14.800 10.100 -10.000 -13.200 11.000 -10.000
3 0 -17.400 8.200 -10.000 -14.800 10.100 -10.000 -15.600 8.700 -10.000
3 15 -21.300 4.000 -10.000 -19.500 5.600 -10.000 -17.700 7.100 -10.000
3 15 -17.700 7.100 -10.000 -17.400 4.900 -10.000 -21.300 4.000 -10.000
3 15 -13.900 9.700 -10.000 -13.700 7.900 -10.000 -15.500 6.300 -10.000
3 15 -15.500 6.300 -10.000 -15.600 8.700 -10.000 -13.900 9.700 -10.000
3 15 -10.300 8.900 -10.000 -11.800 7.200 -10.000 -13.600 5.500 -10.000
3 15 -13.600 5.500 -10.000 -13.700 7.900 -10.000 -10.300 8.900 -10.000
3 15 -17.300 2.300 -10.000 -17.400 4.900 -10.000 -15.500 6.300 -10.000
3 15 -15.500 6.300 -10.000 -15.600 3.700 -10.000 -17.300 2.300 -10.000
3 15 -15.600 3.700 -10.000 -15.500 6.300 -10.000 -13.700 7.900 -10.000
3 15 -13.700 7.900 -10.000 -13.600 5.500 -10.000 -15.600 3.700 -10.000
3 15 -15.600 8.700 -10.000 -15.500 6.300 -10.000 -17.400 4.900 -10.000
3 15 -17.400 4.900 -10.000 -17.700 7.100 -10.000 -15.600 8.700 -10.000
3 0 7.600 16.800 -10.000 7.600 18.000 -10.000 7.900 17.900 -10.000
3 0 7.900 17.900 -10.000 7.600 18.000 -10.000 7.973 19.207 -10.000
3 0 7.973 19.207 -10.000 8.347 18.643 -10.000 7.900 17.900 -10.000
3 0 8.347 18.643 -10.000 7.973 19.207 -10.000 9.018 20.328 -10.000
3 0 9.018 20.328 -10.000 9.505 19.614 -10.000 8.347 18.643 -10.000
3 0 9.505 19.614 -10.000 9.018 20.328 -10.000 10.500 21.000 -10.000
3 0 10.500 21.000 -10.000 11.000 20.100 -10.000 9.505 19.614 -10.000
3 0 11.000 20.100 -10.000 10.500 21.000 -10.000 12.167 21.184 -10.000
3 0 12.167 21.184 -10.000 12.396 20.292 -10.000 11.000 20.100 -10.000
3 0 12.396 20.292 -10.000 12.167 21.184 -10.000 13.739 21.047 -10.000
3 0 13.739 21.047 -10.000 13.800 20.258 -10.000 12.396 20.292 -10.000
3 0 13.739 21.047 -10.000 14.800 20.700 -10.000 15.400 20.000 -10.000
3 0 15.400 20.000 -10.000 13.800 20.258 -10.000 13.739 21.047 -10.000
3 0 10.200 8.700 -10.000 11.700 7.000 -10.000 12.300 5.300 -10.000
3 0 12.300 5.300 -10.000 10.200 7.500 -10.000 10.200 8.700 -10.000
3 0 11.700 7.000 -10.000 14.100 4.700 -10.000 14.900 3.000 -10.000
3 0 14.900 3.000 -10.000 12.300 5.300 -10.000 11.700 7.000 -10.000
3 0 14.100 4.700 -10.000 16.600 2.600 -10.000 17.500 1.000 -10.000
3 0 17.500 1.000 -10.000 14.900 3.000 -10.000 14.100 4.700 -10.000
3 0 17.500 1.000 -10.000 16.600 2.600 -10.000 16.500 4.900 -10.000
3 0 16.500 4.900 -10.000 17.300 3.700 -10.000 17.500 1.000 -10.000
3 0 16.500 4.900 -10.000 20.200 3.500 -10.000 21.700 2.100 -10.000
3 0 21.700 2.100 -10.000 17.300 3.700 -10.000 16.500 4.900 -10.000
3 0 21.700 2.100 -10.000 20.200 3.500 -10.000 19.500 5.500 -10.000
3 0 19.500 5.500 -10.000 20.900 3.900 -10.000 21.700 2.100 -10.000
3 0 20.200 3.500 -10.000 18.200 5.400 -10.000 17.700 7.100 -10.000
3 0 17.700 7.100 -10.000 19.500 5.500 -10.000 20.200 3.500 -10.000
3 0 18.200 5.400 -10.000 16.300 7.000 -10.000 15.700 8.500 -10.000
3 0 15.700 8.500 -10.000 17.700 7.100 -10.000 18.200 5.400 -10.000
3 0 16.300 7.000 -10.000 14.000 8.500 -10.000 13.100 9.800 -10.000
3 0 13.100 9.800 -10.000 15.700 8.500 -10.000 16.300 7.000 -10.000
3 0 13.100 9.800 -10.000 14.000 8.500 -10.000 13.900 7.200 -10.000
3 0 13.900 7.200 -10.000 13.200 8.300 -10.000 13.100 9.800 -10.000
3 0 13.900 7.200 -10.000 10.200 8.700 -10.000 10.400 9.500 -10.000
3 0 10.400 9.500 -10.000 13.200 8.300 -10.000 13.900 7.200 -10.000
3 0 10.200 8.700 -10.000 8.100 10.300 -10.000 10.400 9.500 -10.000
3 0 10.200 7.500 -10.000 8.100 10.300 -10.000 10.200 8.700 -10.000
3 15 10.200 8.700 -10.000 13.900 7.200 -10.000 14.100 4.700 -10.000
3 15 14.100 4.700 -10.000 11.700 7.000 -10.000 10.200 8.700 -10.000
3 15 13.900 7.200 -10.000 16.500 4.900 -10.000 16.600 2.600 -10.000
3 15 16.600 2.600 -10.000 14.100 4.700 -10.000 13.900 7.200 -10.000
3 15 14.000 8.500 -10.000 16.300 7.000 -10.000 16.500 4.900 -10.000
3 15 16.500 4.900 -10.000 13.900 7.200 -10.000 14.000 8.500 -10.000
3 15 16.300 7.000 -10.000 18.200 5.400 -10.000 20.200 3.500 -10.000
3 15 20.200 3.500 -10.000 16.500 4.900 -10.000 16.300 7.000 -10.000
1 16 0.0000 0.0000 0.0000 1.0000 0.0000 0.0000 0.0000 1.0000 0.0000 0.0000 0.0000 1.0000 s/3622s01.dat
1 15 -10.2000 14.7000 -10.0000 2.6000 0.0000 0.0000 0.0000 0.0000 -2.6000 0.0000 1.0000 0.0000 4-4disc.dat
1 0 -10.2000 14.7000 -10.0000 0.6500 0.0000 0.0000 0.0000 0.0000 -0.6500 0.0000 1.0000 0.0000 4-4ring4.dat
1 15 11.4000 13.8000 -10.0000 2.3000 0.0000 0.0000 0.0000 0.0000 -2.3000 0.0000 1.0000 0.0000 4-4disc.dat
1 0 11.4000 13.8000 -10.0000 0.7667 0.0000 0.0000 0.0000 0.0000 -0.7667 0.0000 1.0000 0.0000 4-4ring3.dat
1 16 -10.2000 14.7000 -10.0000 3.2500 0.0000 0.0000 0.0000 0.0000 -3.2500 0.0000 1.0000 0.0000 4-4ndis.dat
1 16 11.4000 13.8000 -10.0000 3.0667 0.0000 0.0000 0.0000 0.0000 -3.0667 0.0000 1.0000 0.0000 4-4ndis.dat
