0 ~Technic Bionicle Weapon Ice Blade Half Face Plane
0 Name: s\44032s01.dat
0 Author: Santeri Piippo [arezey]
0 !LDRAW_ORG Unofficial_Subpart
0 !LICENSE Redistributable under CCAL version 2.0 : see CAreadme.txt

0 BFC CERTIFY CCW

0 !HISTORY 2009-10-13 {LEGO Universe Team} Original part shape
0 !HISTORY 2009-11-12 [arezey] File preparation for LDraw Parts Tracker

3 16 9.25 0 -20 9.003 -2.125 -25.35 9.002 -2.125 -27.85
4 16 9.002 -2.125 -27.85 9.003 -2.125 -32.85 9.25 0 -40 9.25 0 -20
3 16 9.003 -2.125 -35.35 9.25 0 -40 9.003 -2.125 -32.85
4 16 4.001 -8.34 -31.56 4.001 -8.34 -29.14 0 -9 -29.33 0 -9 -31.37
4 16 7.21 -5.795 -32.09 7.21 -5.795 -28.61 4.001 -8.34 -29.14 4.001 -8.34 -31.56
4 16 9.003 -2.125 -32.85 9.002 -2.125 -27.85 7.21 -5.795 -28.61 7.21 -5.795 -32.09
3 16 4.625 -8.011 -20 0 -9 -23.87 4.011 -8.335 -24.06
3 16 7.201 -5.806 -24.59 8.011 -4.625 -20 4.011 -8.335 -24.06
3 16 8.011 -4.625 -20 4.625 -8.011 -20 4.011 -8.335 -24.06
3 16 9.25 0 -20 8.011 -4.625 -20 7.201 -5.806 -24.59
3 16 9.003 -2.125 -25.35 9.25 0 -20 7.201 -5.806 -24.59
3 16 0 -9 -20 0 -9 -23.87 4.625 -8.011 -20
3 16 7.228 -5.773 -36.11 4.625 -8.011 -40 8.011 -4.625 -40
3 16 4.625 -8.011 -40 4.013 -8.334 -36.64 0 -9 -40
3 16 0 -9 -36.83 0 -9 -40 4.013 -8.334 -36.64
3 16 4.013 -8.334 -36.64 4.625 -8.011 -40 7.228 -5.773 -36.11
3 16 9.25 0 -40 9.003 -2.125 -35.35 8.011 -4.625 -40
3 16 9.003 -2.125 -35.35 7.228 -5.773 -36.11 8.011 -4.625 -40
1 16 9.25 4.5 -30 0 -1 0 0 0 4.5 -10 0 0 rect3.dat
4 16 0 -6.25 -24.5 0 -6.25 -28.71 2.487 -5.734 -28.6 2.486 -5.734 -24.6
4 16 2.486 -5.734 -24.6 2.487 -5.734 -28.6 4.558 -4.277 -28.3 4.557 -4.277 -24.9
4 16 4.557 -4.277 -24.9 4.558 -4.277 -28.3 5.878 -2.125 -27.85 5.878 -2.125 -25.35
4 16 0 -6.25 -32 0 -6.25 -36.21 2.489 -5.733 -36.1 2.488 -5.733 -32.1
4 16 2.488 -5.733 -32.1 2.489 -5.733 -36.1 4.559 -4.276 -35.8 4.558 -4.276 -32.4
4 16 4.558 -4.276 -32.4 4.559 -4.276 -35.8 5.878 -2.125 -35.35 5.878 -2.125 -32.85
1 16 4.625 4.5 -20 0 0 -4.625 4.5 0 0 0 -1.003 0 rect1.dat
4 16 8.011 -4.625 -20 9.25 0 -20 0 0 -20 0 -4.625 -20
4 16 4.625 -8.011 -20 8.011 -4.625 -20 0 -4.625 -20 0 -8.011 -20
3 16 0 -9 -20 4.625 -8.011 -20 0 -8.011 -20
4 16 7.228 -5.773 -36.11 0 -5.773 -36.11 0 -8.334 -36.64 4.013 -8.334 -36.64
4 16 0 -2.125 -35.35 0 -5.773 -36.11 7.228 -5.773 -36.11 9 -2.125 -35.35
3 16 4.011 -8.335 -24.06 0 -9 -23.87 0 -8.335 -24.06
4 16 0 -5.806 -24.59 0 -2.125 -25.35 9 -2.125 -25.35 7.201 -5.806 -24.59
4 16 0 -5.806 -24.59 7.201 -5.806 -24.59 4.011 -8.335 -24.06 0 -8.335 -24.06
4 16 7.21 -5.795 -28.61 0 -5.795 -28.61 0 -8.34 -29.14 4.001 -8.34 -29.14
4 16 0 -5.795 -28.61 7.21 -5.795 -28.61 9 -2.125 -27.85 0 -2.125 -27.85
4 16 0 -5.795 -32.09 0 -2.125 -32.85 7.21 -5.795 -32.09 4.001 -8.34 -31.56
3 16 9 -2.125 -32.85 7.21 -5.795 -32.09 0 -2.125 -32.85
3 16 4.001 -8.34 -31.56 0 -9 -31.37 0 -5.795 -32.09
3 16 0 -8.34 -29.14 0 -9 -29.33 4.001 -8.34 -29.14
3 16 0 -8.334 -36.64 0 -9 -36.83 4.013 -8.334 -36.64
1 16 4.5 -2.125 -26.6 0 0 4.5 0 1 0 -1.25 0 0 rect3.dat
1 16 4.5 -2.125 -34.1 0 0 4.5 0 1 0 -1.25 0 0 rect3.dat
4 16 9.25 9 -40 0 9 -40 0 9 -20 9.25 9 -20
2 24 9.002 -2.125 -27.85 7.21 -5.795 -28.61
2 24 7.21 -5.795 -32.09 9.003 -2.125 -32.85
2 24 7.201 -5.806 -24.59 9.003 -2.125 -25.35
2 24 4.625 -8.011 -40 8.011 -4.625 -40
2 24 0 -9 -40 4.625 -8.011 -40
2 24 8.011 -4.625 -40 9.25 0 -40
2 24 9.003 -2.125 -35.35 7.228 -5.773 -36.11
2 24 0 -6.25 -28.71 2.487 -5.734 -28.6
2 24 2.486 -5.734 -24.6 0 -6.25 -24.5
2 24 2.487 -5.734 -28.6 4.558 -4.277 -28.3
2 24 4.557 -4.277 -24.9 2.486 -5.734 -24.6
2 24 4.558 -4.277 -28.3 5.878 -2.125 -27.85
2 24 5.878 -2.125 -27.85 5.878 -2.125 -25.35
2 24 5.878 -2.125 -25.35 4.557 -4.277 -24.9
2 24 0 -6.25 -36.21 2.489 -5.733 -36.1
2 24 2.488 -5.733 -32.1 0 -6.25 -32
2 24 2.489 -5.733 -36.1 4.559 -4.276 -35.8
2 24 4.558 -4.276 -32.4 2.488 -5.733 -32.1
2 24 4.559 -4.276 -35.8 5.878 -2.125 -35.35
2 24 5.878 -2.125 -35.35 5.878 -2.125 -32.85
2 24 5.878 -2.125 -32.85 4.558 -4.276 -32.4
2 24 7.228 -5.773 -36.11 9 -2.125 -35.35
2 24 9 -2.125 -25.35 7.201 -5.806 -24.59
2 24 7.21 -5.795 -28.61 9 -2.125 -27.85
2 24 9 -2.125 -32.85 7.21 -5.795 -32.09
2 24 4.001 -8.34 -29.14 0 -9 -29.33
2 24 0 -9 -31.37 4.001 -8.34 -31.56
2 24 7.21 -5.795 -28.61 4.001 -8.34 -29.14
2 24 4.001 -8.34 -31.56 7.21 -5.795 -32.09
2 24 0 -9 -23.87 4.011 -8.335 -24.06
2 24 4.011 -8.335 -24.06 7.201 -5.806 -24.59
2 24 8.011 -4.625 -20 4.625 -8.011 -20
2 24 9.25 0 -20 8.011 -4.625 -20
2 24 4.625 -8.011 -20 0 -9 -20
2 24 4.013 -8.334 -36.64 0 -9 -36.83
2 24 7.228 -5.773 -36.11 4.013 -8.334 -36.64
5 24 9.25 0 -20 9.003 -2.125 -25.35 9.002 -2.125 -27.85 7.201 -5.806 -24.59
5 24 9.002 -2.125 -27.85 9.003 -2.125 -32.85 9.25 0 -40 7.21 -5.795 -28.61
5 24 9.25 0 -40 9.25 0 -20 9.002 -2.125 -27.85 9.25 9 -40
5 24 9.003 -2.125 -35.35 9.25 0 -40 9.003 -2.125 -32.85 8.011 -4.625 -40
5 24 4.001 -8.34 -31.56 4.001 -8.34 -29.14 0 -9 -29.33 7.21 -5.795 -32.09
5 24 0 -9 -29.33 0 -9 -31.37 4.001 -8.34 -31.56 -4.001 -8.34 -31.56
5 24 7.21 -5.795 -32.09 7.21 -5.795 -28.61 4.001 -8.34 -29.14 9.003 -2.125 -32.85
5 24 4.625 -8.011 -20 0 -9 -23.87 4.011 -8.335 -24.06 0 -9 -20
5 24 4.011 -8.335 -24.06 4.625 -8.011 -20 0 -9 -23.87 8.011 -4.625 -20
5 24 7.201 -5.806 -24.59 8.011 -4.625 -20 4.011 -8.335 -24.06 9.25 0 -20
5 24 8.011 -4.625 -20 4.011 -8.335 -24.06 7.201 -5.806 -24.59 4.625 -8.011 -20
5 24 7.201 -5.806 -24.59 9.25 0 -20 8.011 -4.625 -20 9.003 -2.125 -25.35
5 24 0 -9 -20 0 -9 -23.87 4.625 -8.011 -20 -4.625 -8.011 -20
5 24 7.228 -5.773 -36.11 4.625 -8.011 -40 8.011 -4.625 -40 4.013 -8.334 -36.64
5 24 8.011 -4.625 -40 7.228 -5.773 -36.11 4.625 -8.011 -40 9.003 -2.125 -35.35
5 24 4.625 -8.011 -40 4.013 -8.334 -36.64 0 -9 -40 7.228 -5.773 -36.11
5 24 4.013 -8.334 -36.64 0 -9 -40 4.625 -8.011 -40 0 -9 -36.83
5 24 0 -9 -36.83 0 -9 -40 4.013 -8.334 -36.64 -4.013 -8.334 -36.64
5 24 9.003 -2.125 -35.35 8.011 -4.625 -40 9.25 0 -40 7.228 -5.773 -36.11
5 24 0 -6.25 -24.5 0 -6.25 -28.71 2.487 -5.734 -28.6 -2.487 -5.734 -28.6
5 24 2.487 -5.734 -28.6 2.486 -5.734 -24.6 0 -6.25 -24.5 4.558 -4.277 -28.3
5 24 4.558 -4.277 -28.3 4.557 -4.277 -24.9 2.486 -5.734 -24.6 5.878 -2.125 -27.85
5 24 0 -6.25 -32 0 -6.25 -36.21 2.489 -5.733 -36.1 -2.489 -5.733 -36.1
5 24 2.489 -5.733 -36.1 2.488 -5.733 -32.1 0 -6.25 -32 4.559 -4.276 -35.8
5 24 4.559 -4.276 -35.8 4.558 -4.276 -32.4 2.488 -5.733 -32.1 5.878 -2.125 -35.35
5 24 0 -8.334 -36.64 4.013 -8.334 -36.64 7.228 -5.773 -36.11 0 -9 -36.83
5 24 0 -8.335 -24.06 4.011 -8.335 -24.06 0 -9 -23.87 0 -5.806 -24.59
5 24 0 -8.34 -29.14 4.001 -8.34 -29.14 7.21 -5.795 -28.61 0 -9 -29.33
5 24 4.001 -8.34 -31.56 0 -5.795 -32.09 0 -2.125 -32.85 0 -9 -31.37
5 24 0 -9 -31.37 0 -5.795 -32.09 4.001 -8.34 -31.56 -4.001 -8.34 -31.56
0 //
3 16 2.25 25.13 7.339 2.25 26.25 20.75 2.25 24.57 6.701
3 16 2.25 -4.314 -186 2.25 -10 -180 2.25 -5.704 -185.8
3 16 2.25 -10 -180 2.25 -4.314 -186 2.25 5.726 -188.6
4 16 2.25 -4.314 -186 2.25 4.527 -190.8 2.25 7.242 -191.6 2.25 5.726 -188.6
4 16 2.25 8.371 -189.1 2.25 5.726 -188.6 2.25 7.242 -191.6 2.25 10.07 -191.3
4 16 2.25 10.87 -188.1 2.25 8.371 -189.1 2.25 10.07 -191.3 2.25 12.56 -190
3 16 2.25 12.38 -185.9 2.25 10.87 -188.1 2.25 12.75 -186.6
4 16 2.25 10.87 -188.1 2.25 12.56 -190 2.25 14.12 -188 2.25 12.75 -186.6
4 16 2.25 12.56 -190 2.25 16.31 -191 2.25 16 -188.5 2.25 14.12 -188
4 16 2.25 19.95 -189.6 2.25 17.87 -188 2.25 16 -188.5 2.25 16.31 -191
4 16 2.25 17.87 -188 2.25 19.95 -189.6 2.25 21.26 -188.1 2.25 19.25 -186.6
4 16 2.25 21.26 -188.1 2.25 22.24 -184.4 2.25 19.75 -184.8 2.25 19.25 -186.6
4 16 2.25 19.25 -182.9 2.25 19.75 -184.8 2.25 22.24 -184.4 2.25 21.81 -182.4
3 16 2.25 -6.931 -186.5 2.25 -5.704 -185.8 2.25 -10 -180
4 16 2.25 -7.35 -187.8 2.25 -6.931 -186.5 2.25 -10 -180 2.25 -10 -190
3 16 2.25 -6.917 -189.1 2.25 -7.35 -187.8 2.25 -10 -190
3 16 2.25 23.33 -14.35 2.25 20.75 -34.3 2.25 20.75 -67.7
4 16 2.25 23.33 -14.35 2.25 20.75 -67.7 2.25 20.75 -87.8 2.25 23.33 -175.8
3 16 2.25 20.75 -121.2 2.25 20.75 -141.3 2.25 23.33 -175.8
3 16 2.25 20.75 -121.2 2.25 23.33 -175.8 2.25 20.75 -87.8
3 16 2.25 19.75 -131.3 2.25 20.75 -141.3 2.25 20.75 -121.2
3 16 2.25 19.75 -77.25 2.25 20.75 -87.8 2.25 20.75 -67.7
4 16 2.25 20.75 -34.3 2.25 23.33 -14.35 2.25 19.75 -24.25 2.25 19.25 -26.12
3 16 2.25 19.25 -79.12 2.25 20.75 -87.8 2.25 19.75 -77.25
3 16 2.25 19.25 -22.38 2.25 19.75 -24.25 2.25 23.33 -14.35
4 16 2.25 19.25 -129.4 2.25 19.75 -131.3 2.25 20.75 -121.2 2.25 17.89 -123.9
3 16 2.25 20.75 -141.3 2.25 19.75 -131.3 2.25 19.25 -133.1
4 16 2.25 20.75 -141.3 2.25 19.25 -133.1 2.25 17.88 -134.5 2.25 16.05 -136.9
4 16 2.25 20.75 -87.8 2.25 19.25 -79.12 2.25 17.87 -80.5 2.25 15.73 -82.79
4 16 2.25 23.33 -14.35 2.25 20.75 -14.62 2.25 17.88 -21 2.25 19.25 -22.38
4 16 2.25 18.25 -2.45 2.25 20.75 -14.62 2.25 23.33 -14.35 2.25 21.14 -3.271
4 16 2.25 26.25 20.75 2.25 18.25 -2.45 2.25 21.14 -3.271 2.25 24.57 6.701
3 16 2.25 19.75 -77.25 2.25 20.75 -67.7 2.25 17.88 -70.56
3 16 2.25 20.75 -34.3 2.25 19.25 -26.12 2.25 16.8 -30.36
3 16 2.25 25.96 7.527 2.25 26.25 20.75 2.25 25.13 7.339
4 16 2.25 26.68 7.08 2.25 30 20.75 2.25 26.25 20.75 2.25 25.96 7.527
3 16 2.25 27 6.294 2.25 30 20.75 2.25 26.68 7.08
4 16 2.25 30 20.75 2.25 27 6.294 2.25 27 -201.6 2.25 30 -202.4
4 16 2.25 16.41 -219.3 2.25 30 -202.4 2.25 27 -201.6 2.25 16.19 -215.3
4 16 2.25 16.41 -219.3 2.25 16.19 -215.3 2.25 15.02 -215.3 2.25 14.91 -219.3
3 16 2.25 20.75 -174.7 2.25 23.33 -175.8 2.25 20.75 -141.3
4 16 2.25 14.91 -219.3 2.25 15.02 -215.3 2.25 -6.917 -189.1 2.25 -10 -190
3 16 2.25 16 -20.5 2.25 17.88 -21 2.25 20.75 -14.62
4 16 2.25 17.27 -178.2 2.25 20.34 -178.8 2.25 23.33 -175.8 2.25 20.75 -174.7
3 16 2.25 14.12 -21 2.25 16 -20.5 2.25 20.75 -14.62
4 16 2.25 17.27 -178.2 2.25 19.25 -182.9 2.25 21.81 -182.4 2.25 20.34 -178.8
2 24 2.25 24.57 6.701 2.25 25.13 7.339
2 24 2.25 -5.704 -185.8 2.25 -4.314 -186
2 24 2.25 5.726 -188.6 2.25 -10 -180
2 24 2.25 -4.314 -186 2.25 4.527 -190.8
2 24 2.25 4.527 -190.8 2.25 7.242 -191.6
2 24 2.25 8.371 -189.1 2.25 5.726 -188.6
2 24 2.25 7.242 -191.6 2.25 10.07 -191.3
2 24 2.25 10.87 -188.1 2.25 8.371 -189.1
2 24 2.25 10.07 -191.3 2.25 12.56 -190
2 24 2.25 12.38 -185.9 2.25 10.87 -188.1
2 24 2.25 12.75 -186.6 2.25 12.38 -185.9
2 24 2.25 14.12 -188 2.25 12.75 -186.6
2 24 2.25 12.56 -190 2.25 16.31 -191
2 24 2.25 16 -188.5 2.25 14.12 -188
2 24 2.25 17.87 -188 2.25 16 -188.5
2 24 2.25 16.31 -191 2.25 19.95 -189.6
2 24 2.25 19.95 -189.6 2.25 21.26 -188.1
2 24 2.25 19.25 -186.6 2.25 17.87 -188
2 24 2.25 21.26 -188.1 2.25 22.24 -184.4
2 24 2.25 19.75 -184.8 2.25 19.25 -186.6
2 24 2.25 19.25 -182.9 2.25 19.75 -184.8
2 24 2.25 22.24 -184.4 2.25 21.81 -182.4
2 24 2.25 -6.931 -186.5 2.25 -5.704 -185.8
2 24 2.25 -7.35 -187.8 2.25 -6.931 -186.5
2 24 2.25 -10 -180 2.25 -10 -190
2 24 2.25 -6.917 -189.1 2.25 -7.35 -187.8
2 24 2.25 20.75 -34.3 2.25 20.75 -67.7
2 24 2.25 23.33 -175.8 2.25 23.33 -14.35
2 24 2.25 20.75 -87.8 2.25 20.75 -121.2
2 24 2.25 19.75 -24.25 2.25 19.25 -26.12
2 24 2.25 19.75 -77.25 2.25 19.25 -79.12
2 24 2.25 19.25 -129.4 2.25 19.75 -131.3
2 24 2.25 20.75 -121.2 2.25 17.89 -123.9
2 24 2.25 17.89 -123.9 2.25 19.25 -129.4
2 24 2.25 19.75 -131.3 2.25 19.25 -133.1
2 24 2.25 19.25 -133.1 2.25 17.88 -134.5
2 24 2.25 17.88 -134.5 2.25 16.05 -136.9
2 24 2.25 16.05 -136.9 2.25 20.75 -141.3
2 24 2.25 19.25 -79.12 2.25 17.87 -80.5
2 24 2.25 17.87 -80.5 2.25 15.73 -82.79
2 24 2.25 15.73 -82.79 2.25 20.75 -87.8
2 24 2.25 18.25 -2.45 2.25 20.75 -14.62
2 24 2.25 23.33 -14.35 2.25 21.14 -3.271
2 24 2.25 26.25 20.75 2.25 18.25 -2.45
2 24 2.25 21.14 -3.271 2.25 24.57 6.701
2 24 2.25 20.75 -67.7 2.25 17.88 -70.56
2 24 2.25 17.88 -70.56 2.25 19.75 -77.25
2 24 2.25 19.25 -26.12 2.25 16.8 -30.36
2 24 2.25 16.8 -30.36 2.25 20.75 -34.3
2 24 2.25 25.13 7.339 2.25 25.96 7.527
2 24 2.25 30 20.75 2.25 26.25 20.75
2 24 2.25 25.96 7.527 2.25 26.68 7.08
2 24 2.25 26.68 7.08 2.25 27 6.294
2 24 2.25 27 6.294 2.25 27 -201.6
2 24 2.25 30 -202.4 2.25 30 20.75
2 24 2.25 16.41 -219.3 2.25 30 -202.4
2 24 2.25 27 -201.6 2.25 16.19 -215.3
2 24 2.25 16.19 -215.3 2.25 15.02 -215.3
2 24 2.25 14.91 -219.3 2.25 16.41 -219.3
2 24 2.25 20.75 -141.3 2.25 20.75 -174.7
2 24 2.25 15.02 -215.3 2.25 -6.917 -189.1
2 24 2.25 -10 -190 2.25 14.91 -219.3
2 24 2.25 20.34 -178.8 2.25 23.33 -175.8
2 24 2.25 20.75 -174.7 2.25 17.27 -178.2
2 24 2.25 14.12 -21 2.25 16 -20.5
2 24 2.25 20.75 -14.62 2.25 14.12 -21
2 24 2.25 17.27 -178.2 2.25 19.25 -182.9
2 24 2.25 21.81 -182.4 2.25 20.34 -178.8
0 //
4 16 1.736 25.13 7.339 1.736 24.57 6.701 1.736 27 6.294 1.736 26.68 7.08
3 16 1.736 26.68 7.08 1.736 25.96 7.527 1.736 25.13 7.339
3 16 1.736 20.34 -178.8 1.736 21.81 -182.4 1.736 23.33 -175.8
3 16 1.736 22.24 -184.4 1.736 21.26 -188.1 1.736 27 -201.6
4 16 1.736 23.33 -175.8 1.736 21.81 -182.4 1.736 22.24 -184.4 1.736 27 -201.6
3 16 1.736 19.95 -189.6 1.736 27 -201.6 1.736 21.26 -188.1
4 16 1.736 19.95 -189.6 1.736 16.31 -191 1.736 16.19 -215.3 1.736 27 -201.6
4 16 1.736 10.07 -191.3 1.736 16.19 -215.3 1.736 16.31 -191 1.736 12.56 -190
4 16 1.736 23.33 -14.35 1.736 27 6.294 1.736 24.57 6.701 1.736 21.14 -3.271
4 16 1.736 27 -201.6 1.736 27 6.294 1.736 23.33 -14.35 1.736 23.33 -175.8
4 16 1.736 -7.349 -187.8 1.736 -6.917 -189.1 1.736 -4.314 -186 1.736 -5.704 -185.8
3 16 1.736 -6.931 -186.5 1.736 -7.349 -187.8 1.736 -5.704 -185.8
4 16 1.736 4.527 -190.8 1.736 -4.314 -186 1.736 -6.917 -189.1 1.736 15.02 -215.3
3 16 1.736 15.02 -215.3 1.736 7.242 -191.6 1.736 4.527 -190.8
4 16 1.736 10.07 -191.3 1.736 7.242 -191.6 1.736 15.02 -215.3 1.736 16.19 -215.3
2 24 1.736 25.13 7.339 1.736 24.57 6.701
2 24 1.736 27 6.294 1.736 26.68 7.08
2 24 1.736 26.68 7.08 1.736 25.96 7.527
2 24 1.736 25.96 7.527 1.736 25.13 7.339
2 24 1.736 20.34 -178.8 1.736 21.81 -182.4
2 24 1.736 23.33 -175.8 1.736 20.34 -178.8
2 24 1.736 22.24 -184.4 1.736 21.26 -188.1
2 24 1.736 21.81 -182.4 1.736 22.24 -184.4
2 24 1.736 21.26 -188.1 1.736 19.95 -189.6
2 24 1.736 19.95 -189.6 1.736 16.31 -191
2 24 1.736 16.19 -215.3 1.736 27 -201.6
2 24 1.736 16.31 -191 1.736 12.56 -190
2 24 1.736 12.56 -190 1.736 10.07 -191.3
2 24 1.736 24.57 6.701 1.736 21.14 -3.271
2 24 1.736 21.14 -3.271 1.736 23.33 -14.35
2 24 1.736 27 -201.6 1.736 27 6.294
2 24 1.736 23.33 -14.35 1.736 23.33 -175.8
2 24 1.736 -7.349 -187.8 1.736 -6.917 -189.1
2 24 1.736 -4.314 -186 1.736 -5.704 -185.8
2 24 1.736 -6.931 -186.5 1.736 -7.349 -187.8
2 24 1.736 -5.704 -185.8 1.736 -6.931 -186.5
2 24 1.736 4.527 -190.8 1.736 -4.314 -186
2 24 1.736 -6.917 -189.1 1.736 15.02 -215.3
2 24 1.736 7.242 -191.6 1.736 4.527 -190.8
2 24 1.736 10.07 -191.3 1.736 7.242 -191.6
2 24 1.736 15.02 -215.3 1.736 16.19 -215.3
0 //
3 16 7.319 9 -89.25 5.708 17.88 -128 5.577 19.25 -129.4
3 16 7.157 8.01 -93.9 5.84 14.83 -124.7 5.708 17.88 -128
4 16 5.675 10.73 -130.6 5.832 12.62 -125.5 7.035 -0.17 -101.2 7.218 -3.444 -98.315
3 16 7.265 -4.448 -97.644 5.675 10.73 -130.6 7.218 -3.444 -98.315
4 16 5.84 14.83 -124.7 5.832 12.62 -125.5 5.711 14.13 -128 5.701 16 -127.5
3 16 5.832 12.62 -125.5 5.704 12.75 -129.4 5.711 14.13 -128
3 16 4.801 1.779 -157.5 4.924 2.497 -154 4.96 -0.002 -154.7
4 16 4.924 2.497 -154 4.801 1.779 -157.5 4.798 4.47 -156.3 4.954 4.327 -152.2
3 16 3.752 12.66 -178.9 3.752 12.75 -182.9 3.752 14.12 -181.5
3 16 3.752 12.75 -182.9 3.752 12.66 -178.9 4.801 1.779 -157.5
4 16 3.752 16 -181 3.751 14 -178.4 3.752 12.66 -178.9 3.752 14.12 -181.5
3 16 3.752 12.75 -182.9 5.052 -2.501 -154 3.752 12.25 -184.8
3 16 4.801 1.779 -157.5 5.052 -2.501 -154 3.752 12.75 -182.9
3 16 5.052 -2.501 -154 4.801 1.779 -157.5 4.96 -0.002 -154.7
3 16 3.752 12.75 -186.6 3.752 12.25 -184.8 5.052 -2.501 -154
3 16 5.137 -4.33 -152.2 3.752 12.75 -186.6 5.052 -2.501 -154
3 16 4.954 4.327 -152.2 4.798 4.47 -156.3 3.751 14 -178.4
3 16 4.954 4.327 -152.2 5 5.676 -150.5 5.042 4.996 -149.7
3 16 3.752 17.87 -181.5 5 5.676 -150.5 4.954 4.327 -152.2
3 16 5 5.676 -150.5 3.752 17.87 -181.5 3.752 19.25 -182.9
3 16 3.752 17.87 -181.5 3.751 14 -178.4 3.752 16 -181
3 16 3.751 14 -178.4 3.752 17.87 -181.5 4.954 4.327 -152.2
4 16 5.44 14.13 -134.5 5.512 12.75 -133.1 5.484 10.81 -135.5 5.399 12.38 -136.9
3 16 5.395 16 -135 5.44 14.13 -134.5 5.399 12.38 -136.9
4 16 5.675 10.73 -130.6 5.484 10.81 -135.5 5.512 12.75 -133.1 5.597 12.25 -131.3
4 16 5.329 4.016 -142.9 5.484 10.81 -135.5 5.675 10.73 -130.6 5.314 -0.002 -144.7
3 16 5.314 -0.002 -144.7 5.675 10.73 -130.6 5.344 -2.501 -145.4
3 16 5.329 4.016 -142.9 5.314 -0.002 -144.7 5.22 2.497 -145.4
4 16 5.329 4.016 -142.9 5.22 2.497 -145.4 5.131 4.327 -147.2 5.227 5.984 -144.5
3 16 5.042 4.996 -149.7 5.227 5.984 -144.5 5.131 4.327 -147.2
3 16 5.042 4.996 -149.7 5.399 12.38 -136.9 5.227 5.984 -144.5
4 16 5.399 12.38 -136.9 5.042 4.996 -149.7 5 5.676 -150.5 5.395 16 -135
3 16 5.395 16 -135 5 5.676 -150.5 5.391 17.88 -134.5
3 16 5.675 10.73 -130.6 5.704 12.75 -129.4 5.832 12.62 -125.5
3 16 5.704 12.75 -129.4 5.675 10.73 -130.6 5.597 12.25 -131.3
3 16 5.84 14.83 -124.7 5.701 16 -127.5 5.708 17.88 -128
3 16 7.265 -4.448 -97.644 7.348 -6.364 -96.364 5.675 10.73 -130.6
3 16 7.388 -6.89 -95.577 5.675 10.73 -130.6 7.348 -6.364 -96.364
3 16 7.29 9 -90 7.17 8.315 -93.444 5.708 17.88 -128
3 16 7.157 8.01 -93.9 5.708 17.88 -128 7.17 8.315 -93.444
3 16 5.708 17.88 -128 7.319 9 -89.25 7.29 9 -90
3 16 5.84 14.83 -124.7 7.157 8.01 -93.9 6.993 7.894 -98.29
3 16 7.096 6.364 -96.364 6.993 7.894 -98.29 7.157 8.01 -93.9
3 16 6.993 7.894 -98.29 7.096 6.364 -96.364 7.088 4.896 -97.345
3 16 7.158 8.011 -93.88 7.107 6.646 -95.942 7.157 8.01 -93.9
4 16 6.98 4.136 -100.5 6.993 7.894 -98.29 7.088 4.896 -97.345 7.079 3.444 -98.315
3 16 6.98 4.136 -100.5 7.079 3.444 -98.315 7.111 0.733 -98.854
4 16 7.035 -0.17 -101.2 6.98 4.136 -100.5 7.111 0.733 -98.854 7.122 0 -99
3 16 7.035 -0.17 -101.2 7.122 0 -99 7.218 -3.444 -98.315
2 24 7.348 -6.364 -96.364 7.265 -4.448 -97.644
2 24 7.348 -6.364 -96.364 7.388 -6.89 -95.577
2 24 7.319 9 -89.25 7.29 9 -90
2 24 7.17 8.315 -93.444 7.29 9 -90
2 24 7.157 8.015 -93.893 7.17 8.315 -93.444
2 24 7.157 8.014 -93.895 7.157 8.015 -93.893
2 24 7.157 8.01 -93.9 7.157 8.014 -93.895
2 24 7.096 6.364 -96.364 7.157 8.01 -93.9
2 24 7.088 4.896 -97.345 7.096 6.364 -96.364
2 24 7.079 3.444 -98.315 7.088 4.896 -97.345
2 24 7.085 2.903 -98.423 7.079 3.444 -98.315
2 24 7.111 0.733 -98.854 7.085 2.903 -98.423
2 24 7.122 0.052 -98.99 7.111 0.733 -98.854
2 24 7.122 0 -99 7.122 0.052 -98.99
2 24 7.217 -3.428 -98.318 7.122 0 -99
2 24 7.218 -3.444 -98.315 7.217 -3.428 -98.318
2 24 7.265 -4.448 -97.644 7.218 -3.444 -98.315
5 24 5.675 10.73 -130.6 7.217 -3.428 -98.318 7.035 -0.17 -101.2 7.218 -3.444 -98.315
5 24 4.954 4.327 -152.2 5 5.676 -150.5 5.042 4.996 -149.7 3.752 17.87 -181.5
5 24 5.399 12.38 -136.9 5.44 14.13 -134.5 5.484 10.81 -135.5 5.395 16 -135
5 24 7.157 8.01 -93.9 5.84 14.83 -124.7 7.157 8.014 -93.894 6.993 7.894 -98.29
0 //
4 16 1.5 4.136 -100.5 1.5 -0.17 -101.2 1.5 12.62 -125.5 1.5 14.83 -124.7
3 16 1.5 14.83 -124.7 1.5 7.894 -98.29 1.5 4.136 -100.5
4 16 1.5 4.47 -156.3 1.5 1.78 -157.5 1.5 12.66 -178.9 1.5 14 -178.4
4 16 1.5 4.016 -142.9 1.5 5.985 -144.5 1.5 12.38 -136.9 1.5 10.81 -135.5
2 24 1.5 4.136 -100.5 1.5 -0.17 -101.2
2 24 1.5 -0.17 -101.2 1.5 12.62 -125.5
2 24 1.5 12.62 -125.5 1.5 14.83 -124.7
2 24 1.5 14.83 -124.7 1.5 7.894 -98.29
2 24 1.5 7.894 -98.29 1.5 4.136 -100.5
2 24 1.5 4.47 -156.3 1.5 1.78 -157.5
2 24 1.5 1.78 -157.5 1.5 12.66 -178.9
2 24 1.5 12.66 -178.9 1.5 14 -178.4
2 24 1.5 14 -178.4 1.5 4.47 -156.3
2 24 1.5 4.016 -142.9 1.5 5.985 -144.5
2 24 1.5 5.985 -144.5 1.5 12.38 -136.9
2 24 1.5 12.38 -136.9 1.5 10.81 -135.5
2 24 1.5 10.81 -135.5 1.5 4.016 -142.9
2 24 5.84 14.83 -124.7 6.993 7.894 -98.29
2 24 7.035 -0.17 -101.2 5.832 12.62 -125.5
2 24 6.98 4.136 -100.5 7.035 -0.17 -101.2
2 24 6.993 7.894 -98.29 6.98 4.136 -100.5
2 24 5.484 10.81 -135.5 5.329 4.016 -142.9
2 24 3.751 14 -178.4 4.798 4.47 -156.3
2 24 4.798 4.47 -156.3 4.801 1.779 -157.5
2 24 4.801 1.779 -157.5 3.752 12.66 -178.9
2 24 5.832 12.62 -125.5 5.84 14.83 -124.7
2 24 5.227 5.984 -144.5 5.399 12.38 -136.9
2 24 5.329 4.016 -142.9 5.227 5.984 -144.5
2 24 3.752 12.66 -178.9 3.751 14 -178.4
2 24 5.399 12.38 -136.9 5.484 10.81 -135.5
0 //
3 16 4.625 14.12 -181.5 4.625 14.12 -188 4.625 16 -188.5
3 16 4.625 16 -181 4.625 17.87 -188 4.625 17.87 -181.5
4 16 4.625 12.75 -182.9 4.625 12.75 -186.6 4.625 14.12 -188 4.625 14.12 -181.5
1 16 4.625 15.998 -184.75 0 -1.0021 0 0.935 0 -0.94 0.25 0 3.5 rect2p.dat
4 16 4.625 19.25 -186.6 4.625 19.25 -182.9 4.625 17.87 -181.5 4.625 17.87 -188
3 16 4.625 19.75 -184.8 4.625 19.25 -182.9 4.625 19.25 -186.6
3 16 4.625 12.25 -184.8 4.625 12.75 -186.6 4.625 12.75 -182.9
4 16 6.5 -4.33 -147.2 6.5 -5 -149.7 6.5 -4.33 -152.2 6.5 -2.501 -145.4
4 16 6.5 -2.501 -145.4 6.5 -4.33 -152.2 6.5 -2.501 -154 6.5 -0.002 -144.7
1 16 6.5 -0.002 -149.7 0 -1.0414 0 1.2496 0 1.2496 -0.35 0 4.65 rect2p.dat
4 16 6.5 2.497 -154 6.5 4.327 -147.2 6.5 2.497 -145.4 6.5 -0.002 -154.7
4 16 6.5 2.497 -154 6.5 4.327 -152.2 6.5 4.996 -149.7 6.5 4.327 -147.2
4 16 6.5 -0.002 -154.7 6.5 -2.501 -154 5.052 -2.501 -154 4.96 -0.002 -154.7
4 16 4.96 -0.002 -154.7 4.924 2.497 -154 6.5 2.497 -154 6.5 -0.002 -154.7
4 16 4.924 2.497 -154 4.954 4.327 -152.2 6.5 4.327 -152.2 6.5 2.497 -154
4 16 6.5 4.996 -149.7 6.5 4.327 -152.2 4.954 4.327 -152.2 5.042 4.996 -149.7
4 16 6.5 4.327 -147.2 6.5 4.996 -149.7 5.042 4.996 -149.7 5.131 4.327 -147.2
4 16 6.5 2.497 -145.4 6.5 4.327 -147.2 5.131 4.327 -147.2 5.22 2.497 -145.4
4 16 6.5 -0.002 -144.7 6.5 2.497 -145.4 5.22 2.497 -145.4 5.314 -0.002 -144.7
4 16 5.314 -0.002 -144.7 5.344 -2.501 -145.4 6.5 -2.501 -145.4 6.5 -0.002 -144.7
4 16 5.137 -4.33 -152.2 5.052 -2.501 -154 6.5 -2.501 -154 6.5 -4.33 -152.2
3 16 6.875 12.75 -133.1 6.875 12.75 -129.4 6.875 12.25 -131.3
4 16 6.875 12.75 -129.4 6.875 12.75 -133.1 6.875 14.13 -134.5 6.875 14.13 -128
3 16 6.875 17.88 -128 6.875 16 -127.5 6.875 17.88 -134.5
3 16 6.875 14.13 -128 6.875 14.13 -134.5 6.875 16 -135
1 16 6.875 16.003 -131.25 0 -1.0068 0 0.94 0 -0.935 0.25 0 3.5 rect2p.dat
4 16 6.875 19.25 -133.1 6.875 19.25 -129.4 6.875 17.88 -128 6.875 17.88 -134.5
3 16 6.875 19.25 -129.4 6.875 19.25 -133.1 6.875 19.75 -131.3
4 16 4.875 12.25 -77.25 4.875 12.75 -79.12 4.875 14.12 -80.5 4.875 12.75 -75.37
4 16 4.875 12.75 -75.37 4.875 14.12 -80.5 4.875 16 -81 4.875 14.12 -74
1 16 4.875 15.998 -77.25 0 -1.0068 0 -0.94 0 0.935 -0.25 0 -3.5 rect2p.dat
4 16 4.875 19.25 -79.12 4.875 17.87 -74 4.875 16 -73.5 4.875 17.87 -80.5
4 16 4.875 19.25 -79.12 4.875 19.75 -77.25 4.875 19.25 -75.37 4.875 17.87 -74
4 16 4.875 12.25 -24.25 4.875 12.75 -26.12 4.875 14.12 -27.5 4.875 12.75 -22.38
4 16 4.875 12.75 -22.38 4.875 14.12 -27.5 4.875 16 -28 4.875 14.12 -21
1 16 4.875 16 -24.25 0 -1.0071 0 -0.94 0 0.94 -0.25 0 -3.5 rect2p.dat
4 16 4.875 19.25 -26.12 4.875 17.88 -21 4.875 16 -20.5 4.875 17.88 -27.5
4 16 4.875 19.25 -26.12 4.875 19.75 -24.25 4.875 19.25 -22.38 4.875 17.88 -21
4 16 5.597 12.25 -131.3 5.512 12.75 -133.1 6.875 12.75 -133.1 6.875 12.25 -131.3
4 16 5.44 14.13 -134.5 5.395 16 -135 6.875 16 -135 6.875 14.13 -134.5
4 16 5.512 12.75 -133.1 5.44 14.13 -134.5 6.875 14.13 -134.5 6.875 12.75 -133.1
1 16 6.134 16.94 -134.75 -0.74 0 0 0 -0.257 0.94 0 1 0.25 rect1.dat
1 16 6.29 16.94 -127.75 0 0 -0.587 0.94 -0.2935 0 -0.25 -1.1036 0 rect2p.dat
4 16 5.577 19.25 -129.4 5.708 17.88 -128 6.875 17.88 -128 6.875 19.25 -129.4
1 16 6.29 15.065 -127.75 -0.587 0 0 0 0.2583 -0.935 0 -1 -0.25 rect1.dat
1 16 6.291 13.44 -128.7 -0.0035 0 0.582 -0.69 0.7122 0 -0.7 -1 0 rect2p.dat
4 16 5.704 12.75 -129.4 5.597 12.25 -131.3 6.875 12.25 -131.3 6.875 12.75 -129.4
3 16 4.875 16 -20.5 3.625 14.12 -21 4.875 14.12 -21
1 16 4.25 18.565 -26.81 0 0 -0.625 -0.685 -0.7097 0 -0.69 1 0 rect2p.dat
1 16 4.25 12.5 -23.315 0 0 0.625 -0.25 0.9661 0 -0.935 -0.9999 0 rect2p.dat
1 16 4.25 13.435 -21.69 0 0 0.625 -0.685 0.7097 0 -0.69 -1 0 rect2p.dat
1 16 4.25 12.5 -25.185 0 0 0.625 0.25 0.9661 0 -0.935 0.9999 0 rect2p.dat
1 16 4.25 15.06 -27.75 0 0 0.625 0.94 0.257 0 -0.25 1 0 rect2p.dat
1 16 4.25 13.435 -26.81 0 0 0.625 0.685 0.7097 0 -0.69 1 0 rect2p.dat
1 16 4.25 16.94 -27.75 -0.625 0 0 0 -0.257 0.94 0 1 0.25 rect1.dat
1 16 4.25 12.5 -78.185 0 0 0.625 0.25 0.9661 0 -0.935 0.9999 0 rect2p.dat
1 16 4.25 15.06 -80.75 0 0 0.625 0.94 0.257 0 -0.25 1 0 rect2p.dat
1 16 4.25 13.435 -79.81 0 0 0.625 0.685 0.7097 0 -0.69 1 0 rect2p.dat
1 16 4.25 16.935 -80.75 -0.625 0 0 0 -0.2583 0.935 0 1 0.25 rect1.dat
1 16 4.25 16.935 -73.75 0 0 0.625 -0.935 -0.3125 0 0.25 -1.1687 0 rect2p.dat
1 16 4.25 18.56 -74.685 0 0 0.625 -0.69 -1.7125 0 0.685 -1.725 0 rect2p.dat
1 16 4.25 15.06 -73.75 -0.625 0 0 0 0.257 -0.94 0 -1 -0.25 rect1.dat
1 16 4.25 12.5 -76.31 0 0 0.625 -0.25 0.9664 0 -0.94 -0.9999 0 rect2p.dat
1 16 4.25 13.435 -74.685 0 0 0.625 -0.685 0.7071 0 -0.685 -1 0 rect2p.dat
3 16 3.625 19.25 -26.12 4.875 19.75 -24.25 4.875 19.25 -26.12
4 16 4.875 19.75 -24.25 3.625 19.25 -26.12 2.25 19.25 -26.12 2.25 19.75 -24.25
4 16 4.875 16 -20.5 2.25 16 -20.5 2.25 14.12 -21 3.625 14.12 -21
1 16 3.562 16.94 -20.75 0 0 1.3125 -0.94 -1.3125 0 0.25 -4.935 0 rect2p.dat
1 16 3.562 18.565 -21.69 0 0 1.3125 -0.685 -1.2075 0 0.69 -1.1987 0 rect2p.dat
1 16 3.562 19.5 -23.315 0 0 1.3125 -0.25 -4.9088 0 0.935 -1.3125 0 rect2p.dat
3 16 6.875 19.25 -133.1 5.515 19.75 -131.3 6.875 19.75 -131.3
3 16 5.391 17.88 -134.5 6.875 19.25 -133.1 6.875 17.88 -134.5
4 16 5.515 19.75 -131.3 5.577 19.25 -129.4 6.875 19.25 -129.4 6.875 19.75 -131.3
2 24 5.052 -2.501 -154 4.96 -0.002 -154.7
2 24 4.96 -0.002 -154.7 4.924 2.497 -154
2 24 4.924 2.497 -154 4.954 4.327 -152.2
2 24 4.954 4.327 -152.2 5.042 4.996 -149.7
2 24 5.042 4.996 -149.7 5.131 4.327 -147.2
2 24 5.131 4.327 -147.2 5.22 2.497 -145.4
2 24 5.22 2.497 -145.4 5.314 -0.002 -144.7
2 24 5.314 -0.002 -144.7 5.344 -2.501 -145.4
2 24 5.137 -4.33 -152.2 5.052 -2.501 -154
2 24 6.5 -4.33 -147.2 6.5 -5 -149.7
2 24 6.5 -5 -149.7 6.5 -4.33 -152.2
2 24 6.5 -2.501 -145.4 6.5 -4.33 -147.2
2 24 6.5 -4.33 -152.2 6.5 -2.501 -154
2 24 6.5 -0.002 -144.7 6.5 -2.501 -145.4
2 24 6.5 4.327 -147.2 6.5 2.497 -145.4
2 24 6.5 -0.002 -154.7 6.5 2.497 -154
2 24 6.5 2.497 -154 6.5 4.327 -152.2
2 24 6.5 4.327 -152.2 6.5 4.996 -149.7
2 24 6.5 4.996 -149.7 6.5 4.327 -147.2
5 24 6.5 -2.501 -154 5.052 -2.501 -154 6.5 -0.002 -154.7 5.137 -4.33 -152.2
5 24 4.96 -0.002 -154.7 6.5 -0.002 -154.7 6.5 -2.501 -154 4.924 2.497 -154
5 24 4.924 2.497 -154 6.5 2.497 -154 4.96 -0.002 -154.7 4.954 4.327 -152.2
5 24 4.954 4.327 -152.2 6.5 4.327 -152.2 4.924 2.497 -154 6.5 4.996 -149.7
5 24 5.042 4.996 -149.7 6.5 4.996 -149.7 6.5 4.327 -152.2 6.5 4.327 -147.2
5 24 5.131 4.327 -147.2 6.5 4.327 -147.2 6.5 4.996 -149.7 6.5 2.497 -145.4
5 24 5.22 2.497 -145.4 6.5 2.497 -145.4 6.5 4.327 -147.2 6.5 -0.002 -144.7
5 24 5.314 -0.002 -144.7 6.5 -0.002 -144.7 6.5 2.497 -145.4 5.344 -2.501 -145.4
5 24 5.344 -2.501 -145.4 6.5 -2.501 -145.4 5.314 -0.002 -144.7 6.5 -4.33 -147.2
5 24 6.5 -4.33 -152.2 5.137 -4.33 -152.2 5.052 -2.501 -154 6.5 -5 -149.7
0 //
4 16 3.625 9 -43 3.625 9 -89.25 3.625 12.25 -77.25 3.625 12.75 -75.37
3 16 3.625 12.25 -77.25 3.625 9 -89.25 3.625 12.75 -79.12
3 16 3.625 9 -43 3.625 12.75 -75.37 3.625 14.12 -74
3 16 3.625 9 -43 3.625 14.12 -74 3.625 16 -73.5
3 16 3.625 12.75 -79.12 3.625 9 -89.25 3.625 14.12 -80.5
3 16 3.625 9 -43 3.625 16 -73.5 3.625 17.87 -74
3 16 3.625 14.12 -80.5 3.625 9 -89.25 3.625 16 -81
3 16 3.625 9 -43 3.625 17.87 -74 3.625 19.25 -75.37
3 16 3.625 16 -81 3.625 9 -89.25 3.625 17.87 -80.5
4 16 3.625 12.75 -26.12 3.625 9 -24.91 3.625 9 -43 3.625 14.12 -27.5
3 16 3.625 12.25 -24.25 3.625 9 -24.91 3.625 12.75 -26.12
3 16 3.625 16 -28 3.625 14.12 -27.5 3.625 9 -43
3 16 3.625 17.88 -27.5 3.625 16 -28 3.625 9 -43
3 16 3.625 12.75 -22.38 3.625 9 -24.91 3.625 12.25 -24.25
3 16 3.625 14.12 -21 3.625 9 -24.91 3.625 12.75 -22.38
3 16 3.625 19.25 -26.12 3.625 17.88 -27.5 3.625 9 -43
2 24 3.625 9 -43 3.625 9 -89.25
2 24 3.625 9 -24.91 3.625 9 -43
0 //
2 24 7.319 9 -89.25 5.577 19.25 -129.4
2 24 5.391 17.88 -134.5 5 5.676 -150.5
2 24 5 5.676 -150.5 3.752 19.25 -182.9
2 24 4.625 14.12 -188 4.625 12.75 -186.6
2 24 4.625 19.25 -182.9 4.625 19.75 -184.8
2 24 4.625 16 -188.5 4.625 14.12 -188
2 24 4.625 19.25 -186.6 4.625 17.87 -188
2 24 3.752 17.87 -181.5 3.752 16 -181
2 24 4.625 16 -181 4.625 17.87 -181.5
2 24 4.625 17.87 -181.5 4.625 19.25 -182.9
2 24 3.752 19.25 -182.9 3.752 17.87 -181.5
2 24 3.752 12.75 -182.9 3.752 12.25 -184.8
2 24 4.625 12.25 -184.8 4.625 12.75 -182.9
2 24 3.752 14.12 -181.5 3.752 12.75 -182.9
2 24 4.625 12.75 -182.9 4.625 14.12 -181.5
2 24 3.752 16 -181 3.752 14.12 -181.5
2 24 4.625 12.75 -186.6 4.625 12.25 -184.8
2 24 3.752 12.25 -184.8 3.752 12.75 -186.6
2 24 4.625 19.75 -184.8 4.625 19.25 -186.6
2 24 6.875 12.75 -129.4 6.875 12.25 -131.3
2 24 6.875 12.25 -131.3 6.875 12.75 -133.1
2 24 6.875 12.75 -133.1 6.875 14.13 -134.5
2 24 6.875 14.13 -134.5 6.875 16 -135
2 24 6.875 19.25 -129.4 6.875 17.88 -128
2 24 6.875 17.88 -134.5 6.875 19.25 -133.1
2 24 6.875 19.25 -133.1 6.875 19.75 -131.3
2 24 6.875 19.75 -131.3 6.875 19.25 -129.4
2 24 5.597 12.25 -131.3 5.512 12.75 -133.1
2 24 5.512 12.75 -133.1 5.44 14.13 -134.5
2 24 5.704 12.75 -129.4 5.597 12.25 -131.3
2 24 5.44 14.13 -134.5 5.395 16 -135
2 24 5.577 19.25 -129.4 5.708 17.88 -128
5 24 4.625 12.75 -186.6 3.752 12.75 -186.6 -4.625 14.12 -188 4.625 12.25 -184.8
5 24 -4.625 14.12 -188 4.625 14.12 -188 4.625 12.75 -186.6 -4.625 16 -188.5
5 24 3.752 19.25 -182.9 4.625 19.25 -182.9 4.625 19.75 -184.8 4.625 17.87 -181.5
5 24 3.752 16 -181 4.625 16 -181 3.752 17.87 -181.5 3.752 14.12 -181.5
5 24 4.625 17.87 -181.5 3.752 17.87 -181.5 3.752 16 -181 4.625 19.25 -182.9
5 24 3.752 12.25 -184.8 4.625 12.25 -184.8 3.752 12.75 -182.9 4.625 12.75 -186.6
5 24 4.625 12.75 -182.9 3.752 12.75 -182.9 3.752 12.25 -184.8 3.752 14.12 -181.5
5 24 4.625 14.12 -181.5 3.752 14.12 -181.5 3.752 12.75 -182.9 3.752 16 -181
5 24 6.875 17.88 -134.5 5.391 17.88 -134.5 6.875 19.25 -133.1 5.395 16 -135
5 24 5.577 19.25 -129.4 6.875 19.25 -129.4 5.515 19.75 -131.3 5.708 17.88 -128
5 24 5.512 12.75 -133.1 6.875 12.75 -133.1 5.597 12.25 -131.3 5.44 14.13 -134.5
5 24 6.875 12.25 -131.3 5.597 12.25 -131.3 5.512 12.75 -133.1 5.704 12.75 -129.4
5 24 6.875 14.13 -134.5 5.44 14.13 -134.5 5.395 16 -135 5.512 12.75 -133.1
5 24 6.875 17.88 -128 5.708 17.88 -128 6.875 16 -127.5 5.577 19.25 -129.4
5 24 5.711 14.13 -128 6.875 14.13 -128 6.875 16 -127.5 5.704 12.75 -129.4
5 24 5.704 12.75 -129.4 6.875 12.75 -129.4 5.711 14.13 -128 5.597 12.25 -131.3
5 24 5.515 19.75 -131.3 6.875 19.75 -131.3 6.875 19.25 -133.1 5.577 19.25 -129.4
5 24 5.395 16 -135 6.875 16 -135 5.44 14.13 -134.5 5.391 17.88 -134.5
5 24 5.701 16 -127.5 6.875 16 -127.5 6.875 17.88 -128 6.875 14.13 -128
2 24 3.625 9 -24.91 3.625 14.12 -21
2 24 3.625 9 -43 3.625 19.25 -75.37
2 24 3.625 17.87 -80.5 3.625 9 -89.25
2 24 3.625 19.25 -26.12 3.625 9 -43
2 24 4.875 19.75 -24.25 4.875 19.25 -26.12
2 24 4.875 17.87 -80.5 4.875 19.25 -79.12
2 24 4.875 19.25 -79.12 4.875 19.75 -77.25
2 24 4.875 19.75 -77.25 4.875 19.25 -75.37
5 24 4.875 19.25 -26.12 3.625 19.25 -26.12 4.875 19.75 -24.25 4.875 17.88 -27.5
5 24 3.625 19.25 -26.12 2.25 19.25 -26.12 4.875 19.75 -24.25 2.25 16.8 -30.36
5 24 2.25 19.75 -24.25 4.875 19.75 -24.25 3.625 19.25 -26.12 2.25 19.25 -22.38
5 24 3.625 14.12 -21 4.875 14.12 -21 4.875 16 -20.5 3.625 12.75 -22.38
5 24 4.875 16 -20.5 2.25 16 -20.5 2.25 14.12 -21 2.25 17.88 -21
5 24 2.25 14.12 -21 3.625 14.12 -21 4.875 16 -20.5 -3.625 9 -24.91
5 24 3.625 17.87 -80.5 2.25 17.87 -80.5 2.25 19.25 -79.12 2.25 15.73 -82.79
5 24 2.25 19.25 -79.12 4.875 19.25 -79.12 4.875 17.87 -80.5 2.25 19.75 -77.25
5 24 4.875 17.87 -80.5 3.625 17.87 -80.5 2.25 19.25 -79.12 4.875 16 -81
5 24 4.875 19.75 -77.25 2.25 19.75 -77.25 3.625 19.25 -75.37 4.875 19.25 -79.12
5 24 2.25 19.75 -77.25 3.625 19.25 -75.37 4.875 19.75 -77.25 2.25 17.88 -70.56
5 24 3.625 19.25 -75.37 4.875 19.25 -75.37 4.875 19.75 -77.25 3.625 17.87 -74
5 24 2.25 17.88 -70.56 3.625 19.25 -75.37 2.25 19.75 -77.25 3.625 9 -43
5 24 2.25 17.88 -70.56 3.625 9 -43 3.625 19.25 -75.37 -3.625 9 -43
5 24 2.25 15.73 -82.79 3.625 9 -89.25 -3.625 9 -89.25 3.625 17.87 -80.5
5 24 3.625 17.87 -80.5 2.25 15.73 -82.79 2.25 17.87 -80.5 3.625 9 -89.25
5 24 2.25 16.8 -30.36 3.625 9 -43 -3.625 9 -43 3.625 19.25 -26.12
5 24 4.875 17.88 -27.5 3.625 17.88 -27.5 4.875 19.25 -26.12 3.625 16 -28
5 24 4.875 17.88 -21 2.25 17.88 -21 2.25 16 -20.5 2.25 19.25 -22.38
5 24 4.875 19.25 -22.38 2.25 19.25 -22.38 2.25 17.88 -21 2.25 19.75 -24.25
5 24 3.625 12.25 -24.25 4.875 12.25 -24.25 3.625 12.75 -22.38 3.625 12.75 -26.12
5 24 4.875 12.75 -22.38 3.625 12.75 -22.38 3.625 12.25 -24.25 3.625 14.12 -21
5 24 3.625 12.75 -26.12 4.875 12.75 -26.12 3.625 12.25 -24.25 3.625 14.12 -27.5
5 24 3.625 16 -28 4.875 16 -28 3.625 14.12 -27.5 3.625 17.88 -27.5
5 24 4.875 14.12 -27.5 3.625 14.12 -27.5 3.625 16 -28 3.625 12.75 -26.12
5 24 4.875 12.25 -77.25 3.625 12.25 -77.25 3.625 12.75 -79.12 4.875 12.75 -75.37
5 24 3.625 12.75 -79.12 4.875 12.75 -79.12 4.875 12.25 -77.25 3.625 14.12 -80.5
5 24 4.875 14.12 -80.5 3.625 14.12 -80.5 3.625 16 -81 4.875 12.75 -79.12
5 24 3.625 16 -81 4.875 16 -81 4.875 14.12 -80.5 3.625 17.87 -80.5
5 24 4.875 17.87 -74 3.625 17.87 -74 3.625 16 -73.5 4.875 19.25 -75.37
5 24 3.625 16 -73.5 4.875 16 -73.5 4.875 17.87 -74 3.625 14.12 -74
5 24 3.625 14.12 -74 4.875 14.12 -74 4.875 16 -73.5 3.625 12.75 -75.37
5 24 4.875 12.75 -75.37 3.625 12.75 -75.37 3.625 12.25 -77.25 4.875 14.12 -74
5 24 3.625 19.25 -26.12 2.25 16.8 -30.36 2.25 19.25 -26.12 3.625 9 -43
0 //
1 16 5.875 16 -184.8 0 -1.25 0 2.5 0 0 0 0 2.5 4-4cylc.dat
1 16 7.75 0 -149.75 0 -1.25 0 3.75 0 0 0 0 3.75 4-4cylc.dat
1 16 8.125 16 -131.3 0 -1.25 0 2.5 0 0 0 0 2.5 4-4cylc.dat
1 16 6.125 16 -77.25 0 -1.25 0 2.5 0 0 0 0 2.5 4-4cylc.dat
1 16 6.125 16 -24.25 0 -1.25 0 2.5 0 0 0 0 2.5 4-4cylc.dat
0 //
