0 LADY WIG (Needs Work)
0 Name: 59362.dat
0 Author: <AuthorRealName> [<AuthorLDrawName>]
0 !LDRAW_ORG Unofficial_Part
0 !LICENSE Redistributable under CCAL version 2.0 : see CAreadme.txt

0 BFC CERTIFY CCW

0 !HISTORY 2013-08-14 {LEGO Digital Designer} Original part shape
0 !HISTORY 2013-08-14 [<AuthorLDrawName>] File preparation for LDraw Parts Tracker

0 // Needs Work: Clean necessary

0 // Outside
3 16 -0.536 -6.587 -11.086 -0.681 -0.79 -16.136 0.642 -6.684 -11.503 
3 16 -0.681 -0.79 -16.136 0.462 -0.858 -16.464 0.642 -6.684 -11.503 
3 16 0.642 -6.684 -11.503 0.47 -8.6 -8.475 -0.536 -6.587 -11.086 
3 16 -0.536 -6.587 -11.086 0.47 -8.6 -8.475 -0.557 -8.416 -8.113 
3 16 -1.596 5.178 -18.132 -0.389 5.044 -18.646 -0.681 -0.79 -16.136 
3 16 -0.389 5.044 -18.646 0.462 -0.858 -16.464 -0.681 -0.79 -16.136 
3 16 -0.372 -9.574 -4.305 -1.697 -9.269 -3.874 0.47 -8.6 -8.475 
3 16 -0.557 -8.416 -8.113 0.47 -8.6 -8.475 -1.697 -9.269 -3.874 
3 16 -0.557 -8.416 -8.113 -1.697 -9.269 -3.874 -1.647 -7.671 -7.804 
3 16 -1.697 -9.269 -3.874 -2.729 -8.109 -3.916 -1.647 -7.671 -7.804 
3 16 -0.681 -0.79 -16.136 -1.404 -0.455 -15.509 -1.596 5.178 -18.132 
3 16 -1.596 5.178 -18.132 -1.404 -0.455 -15.509 -2.857 5.368 -17.348 
3 16 -1.404 -0.455 -15.509 -2.05 -0.261 -15.061 -2.857 5.368 -17.348 
3 16 -2.857 5.368 -17.348 -2.05 -0.261 -15.061 -3.793 5.661 -16.229 
3 16 -1.647 -7.671 -7.804 -1.307 -6.036 -10.779 -0.557 -8.416 -8.113 
3 16 -0.536 -6.587 -11.086 -0.557 -8.416 -8.113 -1.307 -6.036 -10.779 
3 16 -0.536 -6.587 -11.086 -1.307 -6.036 -10.779 -0.681 -0.79 -16.136 
3 16 -1.404 -0.455 -15.509 -0.681 -0.79 -16.136 -1.307 -6.036 -10.779 
3 16 -2.377 -6.29 -10.763 -2.05 -0.261 -15.061 -1.307 -6.036 -10.779 
3 16 -2.05 -0.261 -15.061 -1.404 -0.455 -15.509 -1.307 -6.036 -10.779 
3 16 -3.399 -5.576 -10.642 -4.413 -4.568 -10.373 -3.242 0.273 -14.251 
3 16 -3.242 0.273 -14.251 -5.054 4.157 -15.279 -3.793 5.661 -16.229 
3 16 -3.793 5.661 -16.229 -5.054 4.157 -15.279 -5.47 6.307 -15.555 
3 16 1.463 5.138 -18.25 2.624 5.452 -17.35 2.296 -0.628 -15.895 
3 16 2.296 -0.628 -15.895 2.624 5.452 -17.35 3.321 -0.186 -15.07 
3 16 2.538 -6.466 -11.294 2.296 -0.628 -15.895 3.42 -6.037 -10.996 
3 16 2.296 -0.628 -15.895 3.321 -0.186 -15.07 3.42 -6.037 -10.996 
3 16 2.538 -6.466 -11.294 3.42 -6.037 -10.996 2.685 -8.262 -8.17 
3 16 1.521 -9.627 -4.205 2.685 -8.262 -8.17 4.448 -9.074 -4.139 
3 16 -1.307 -6.036 -10.779 -1.647 -7.671 -7.804 -2.377 -6.29 -10.763 
3 16 -1.647 -7.671 -7.804 -2.976 -7.653 -7.801 -2.377 -6.29 -10.763 
3 16 -5.825 -6.123 -6.506 -4.413 -4.568 -10.373 -4.164 -7.03 -7.795 
3 16 -3.399 -5.576 -10.642 -4.164 -7.03 -7.795 -4.413 -4.568 -10.373 
3 16 -1.647 -7.671 -7.804 -2.729 -8.109 -3.916 -2.976 -7.653 -7.801 
3 16 -4.434 -7.948 -3.916 -2.976 -7.653 -7.801 -2.729 -8.109 -3.916 
3 16 -5.825 -6.123 -6.506 -4.164 -7.03 -7.795 -5.196 -7.441 -4.361 
3 16 -2.857 5.368 -17.348 -3.054 8.833 -17.584 -1.596 5.178 -18.132 
3 16 -1.596 5.178 -18.132 -3.054 8.833 -17.584 -1.842 8.206 -18.343 
3 16 -1.842 8.206 -18.343 -0.502 7.671 -19.063 -1.596 5.178 -18.132 
3 16 -0.502 7.671 -19.063 -0.389 5.044 -18.646 -1.596 5.178 -18.132 
3 16 -4.547 9.992 -16.324 -3.054 8.833 -17.584 -3.793 5.661 -16.229 
3 16 -3.054 8.833 -17.584 -2.857 5.368 -17.348 -3.793 5.661 -16.229 
3 16 -4.547 9.992 -16.324 -3.793 5.661 -16.229 -5.42 10.2 -15.422 
3 16 -3.793 5.661 -16.229 -5.47 6.307 -15.555 -5.42 10.2 -15.422 
3 16 -7.264 -5.942 -7.035 -7.619 -6.057 -4.871 -10.748 -4.664 -7.998 
3 16 -10.748 -4.664 -7.998 -7.619 -6.057 -4.871 -10.286 -4.436 -5.431 
3 16 -7.264 -5.942 -7.035 -10.748 -4.664 -7.998 -5.834 -4.393 -10.435 
3 16 -10.748 -4.664 -7.998 -9.474 -3.484 -10.626 -5.834 -4.393 -10.435 
3 16 -6.834 -0.848 -12.625 -9.474 -3.484 -10.626 -8.139 -0.549 -11.862 
3 16 -4.413 -4.568 -10.373 -5.825 -6.123 -6.506 -5.834 -4.393 -10.435 
3 16 -7.264 -5.942 -7.035 -5.834 -4.393 -10.435 -5.825 -6.123 -6.506 
3 16 -3.242 0.273 -14.251 -4.413 -4.568 -10.373 -4.782 -1.147 -12.913 
3 16 -5.834 -4.393 -10.435 -4.782 -1.147 -12.913 -4.413 -4.568 -10.373 
3 16 -3.242 0.273 -14.251 -4.782 -1.147 -12.913 -5.16 2.101 -14.609 
3 16 -6.834 -0.848 -12.625 -8.139 -0.549 -11.862 -6.563 2.163 -13.666 
3 16 -6.563 2.163 -13.666 -8.139 -0.549 -11.862 -7.219 2.225 -12.248 
3 16 -5.054 4.157 -15.279 -3.242 0.273 -14.251 -5.16 2.101 -14.609 
3 16 -6.87 4.317 -11.847 -6.639 4.258 -13.969 -7.219 2.225 -12.248 
3 16 -6.639 4.258 -13.969 -6.563 2.163 -13.666 -7.219 2.225 -12.248 
3 16 -6.706 6.867 -14.6 -6.491 7.287 -12.581 -7.485 10.435 -14.28 
3 16 -7.485 10.435 -14.28 -6.491 7.287 -12.581 -7.326 10.467 -12.215 
3 16 -6.945 10.525 -10.86 -7.326 10.467 -12.215 -6.128 7.274 -11.391 
3 16 -7.326 10.467 -12.215 -6.491 7.287 -12.581 -6.128 7.274 -11.391 
3 16 -5.716 12.754 -15.568 -4.547 9.992 -16.324 -6.514 12.82 -14.807 
3 16 -4.547 9.992 -16.324 -5.42 10.2 -15.422 -6.514 12.82 -14.807 
3 16 1.277 7.421 -18.869 2.903 7.683 -18.063 1.463 5.138 -18.25 
3 16 2.624 5.452 -17.35 1.463 5.138 -18.25 2.903 7.683 -18.063 
3 16 -4.547 9.992 -16.324 -5.716 12.754 -15.568 -4.568 11.46 -17.242 
3 16 -4.568 11.46 -17.242 -5.716 12.754 -15.568 -4.865 12.826 -16.925 
3 16 -2.804 10.663 -18.24 -3.054 8.833 -17.584 -4.568 11.46 -17.242 
3 16 -3.054 8.833 -17.584 -4.547 9.992 -16.324 -4.568 11.46 -17.242 
3 16 -3.054 8.833 -17.584 -2.804 10.663 -18.24 -1.842 8.206 -18.343 
3 16 -1.842 8.206 -18.343 -2.804 10.663 -18.24 -1.653 10.13 -18.778 
3 16 -1.842 8.206 -18.343 -1.653 10.13 -18.778 -0.502 7.671 -19.063 
3 16 -0.502 7.671 -19.063 -1.653 10.13 -18.778 0.436 8.321 -19.176 
3 16 0.294 9.649 -19.282 0.436 8.321 -19.176 -1.653 10.13 -18.778 
3 16 -7.326 10.467 -12.215 -7.5 12.913 -11.981 -7.485 10.435 -14.28 
3 16 -7.602 12.895 -13.903 -7.485 10.435 -14.28 -7.5 12.913 -11.981 
3 16 -7.5 12.913 -11.981 -7.326 10.467 -12.215 -7.239 12.853 -10.72 
3 16 -7.326 10.467 -12.215 -6.945 10.525 -10.86 -7.239 12.853 -10.72 
3 16 -2.828 12.414 -17.248 -2.804 10.663 -18.24 -4.865 12.826 -16.925 
3 16 -2.804 10.663 -18.24 -4.568 11.46 -17.242 -4.865 12.826 -16.925 
3 16 -5.554 15.221 -14.765 -4.526 15.218 -16.007 -5.716 12.754 -15.568 
3 16 -4.865 12.826 -16.925 -5.716 12.754 -15.568 -4.526 15.218 -16.007 
3 16 -2.828 12.414 -17.248 -4.865 12.826 -16.925 -2.641 14.9 -16.351 
3 16 -4.865 12.826 -16.925 -4.526 15.218 -16.007 -2.641 14.9 -16.351 
3 16 -1.437 12.046 -17.712 -1.653 10.13 -18.778 -2.828 12.414 -17.248 
3 16 -1.653 10.13 -18.778 -2.804 10.663 -18.24 -2.828 12.414 -17.248 
3 16 -1.437 12.046 -17.712 -2.828 12.414 -17.248 -1.221 14.709 -16.729 
3 16 -2.828 12.414 -17.248 -2.641 14.9 -16.351 -1.221 14.709 -16.729 
3 16 -5.938 15.047 -13.388 -5.554 15.221 -14.765 -6.514 12.82 -14.807 
3 16 -5.716 12.754 -15.568 -6.514 12.82 -14.807 -5.554 15.221 -14.765 
3 16 -7.5 12.913 -11.981 -6.692 14.801 -11.968 -7.602 12.895 -13.903 
3 16 -6.307 14.917 -12.843 -7.602 12.895 -13.903 -6.692 14.801 -11.968 
3 16 -7.239 12.853 -10.72 -6.471 14.998 -11.147 -7.5 12.913 -11.981 
3 16 -6.692 14.801 -11.968 -7.5 12.913 -11.981 -6.471 14.998 -11.147 
3 16 -1.221 14.709 -16.729 1.275 14.086 -17.127 -1.437 12.046 -17.712 
3 16 -1.437 12.046 -17.712 1.275 14.086 -17.127 0.677 11.559 -18.362 
3 16 0.677 11.559 -18.362 0.294 9.649 -19.282 -1.437 12.046 -17.712 
3 16 0.294 9.649 -19.282 -1.653 10.13 -18.778 -1.437 12.046 -17.712 
3 16 7.145 0.166 -14.085 6.979 5.239 -15.954 9.753 0.517 -13.988 
3 16 9.753 0.517 -13.988 6.979 5.239 -15.954 10.119 5.026 -15.447 
3 16 9.753 0.517 -13.988 8.067 -5.543 -10.908 7.145 0.166 -14.085 
3 16 7.145 0.166 -14.085 8.067 -5.543 -10.908 6.351 -5.79 -10.508 
3 16 6.562 -7.645 -7.538 6.351 -5.79 -10.508 8.067 -5.543 -10.908 
3 16 10.119 5.026 -15.447 6.979 5.239 -15.954 9.409 7.271 -15.701 
3 16 0.677 11.559 -18.362 3.471 11.135 -18.258 0.294 9.649 -19.282 
3 16 3.179 9.587 -18.25 0.294 9.649 -19.282 3.471 11.135 -18.258 
3 16 4.795 13.03 -17.16 3.471 11.135 -18.258 1.275 14.086 -17.127 
3 16 3.471 11.135 -18.258 0.677 11.559 -18.362 1.275 14.086 -17.127 
3 16 9.409 7.271 -15.701 3.179 9.587 -18.25 7.546 9.068 -16.546 
3 16 3.179 9.587 -18.25 3.471 11.135 -18.258 7.546 9.068 -16.546 
3 16 7.546 9.068 -16.546 3.471 11.135 -18.258 6.294 11.841 -16.947 
3 16 3.471 11.135 -18.258 4.795 13.03 -17.16 6.294 11.841 -16.947 
3 16 2.903 7.683 -18.063 3.179 9.587 -18.25 9.409 7.271 -15.701 
3 16 8.192 14.173 -15.231 6.294 11.841 -16.947 7.169 14.797 -15.959 
3 16 6.294 11.841 -16.947 4.795 13.03 -17.16 7.169 14.797 -15.959 
3 16 1.275 14.086 -17.127 1.971 16.177 -17.189 4.795 13.03 -17.16 
3 16 4.795 13.03 -17.16 1.971 16.177 -17.189 4.432 15.595 -15.983 
3 16 4.795 13.03 -17.16 4.432 15.595 -15.983 7.169 14.797 -15.959 
3 16 7.169 14.797 -15.959 4.432 15.595 -15.983 5.579 16.158 -15.517 
3 16 1.971 16.177 -17.189 1.275 14.086 -17.127 -0.697 16.941 -17.228 
3 16 1.275 14.086 -17.127 -1.221 14.709 -16.729 -0.697 16.941 -17.228 
3 16 7.169 14.797 -15.959 9.324 16.49 -14.52 8.192 14.173 -15.231 
3 16 10.266 15.604 -13.914 8.192 14.173 -15.231 9.324 16.49 -14.52 
3 16 9.056 10.529 -15.836 9.721 13.045 -14.796 10.665 9.967 -15.36 
3 16 9.721 13.045 -14.796 10.664 11.966 -14.673 10.665 9.967 -15.36 
3 16 11.224 14.393 -13.59 12.063 12.378 -13.565 9.721 13.045 -14.796 
3 16 10.664 11.966 -14.673 9.721 13.045 -14.796 12.063 12.378 -13.565 
3 16 11.203 7.873 -15.276 7.546 9.068 -16.546 10.665 9.967 -15.36 
3 16 7.546 9.068 -16.546 9.056 10.529 -15.836 10.665 9.967 -15.36 
3 16 9.409 7.271 -15.701 7.546 9.068 -16.546 11.203 7.873 -15.276 
3 16 7.169 14.797 -15.959 5.579 16.158 -15.517 9.324 16.49 -14.52 
3 16 5.579 16.158 -15.517 6.722 17.452 -14.649 9.324 16.49 -14.52 
3 16 -1.835 17.437 -16.431 -0.697 16.941 -17.228 -2.641 14.9 -16.351 
3 16 -0.697 16.941 -17.228 -1.221 14.709 -16.729 -2.641 14.9 -16.351 
3 16 -2.641 14.9 -16.351 -4.526 15.218 -16.007 -1.835 17.437 -16.431 
3 16 -1.835 17.437 -16.431 -4.526 15.218 -16.007 -2.98 17.412 -15.317 
3 16 5.579 16.158 -15.517 4.432 15.595 -15.983 2.931 17.976 -15.435 
3 16 4.432 15.595 -15.983 1.971 16.177 -17.189 2.931 17.976 -15.435 
3 16 5.579 16.158 -15.517 2.931 17.976 -15.435 6.722 17.452 -14.649 
3 16 6.722 17.452 -14.649 2.931 17.976 -15.435 3.203 18.545 -14.573 
3 16 1.971 16.177 -17.189 -0.697 16.941 -17.228 2.931 17.976 -15.435 
3 16 2.931 17.976 -15.435 -0.697 16.941 -17.228 0.51 18.695 -15.709 
3 16 -3.835 17.114 -13.661 -2.98 17.412 -15.317 -5.554 15.221 -14.765 
3 16 -2.98 17.412 -15.317 -4.526 15.218 -16.007 -5.554 15.221 -14.765 
3 16 -3.835 17.114 -13.661 -6.692 14.801 -11.968 -3.795 16.973 -12.305 
3 16 -6.692 14.801 -11.968 -6.471 14.998 -11.147 -3.795 16.973 -12.305 
3 16 -3.835 17.114 -13.661 -5.554 15.221 -14.765 -5.938 15.047 -13.388 
3 16 -6.692 14.801 -11.968 -3.835 17.114 -13.661 -6.307 14.917 -12.843 
3 16 -3.835 17.114 -13.661 -5.938 15.047 -13.388 -6.307 14.917 -12.843 
3 16 -0.697 16.941 -17.228 -1.835 17.437 -16.431 0.51 18.695 -15.709 
3 16 0.51 18.695 -15.709 -1.835 17.437 -16.431 -0.445 18.812 -15.46 
3 16 -0.808 19.03 -14.69 -0.445 18.812 -15.46 -2.98 17.412 -15.317 
3 16 -0.445 18.812 -15.46 -1.835 17.437 -16.431 -2.98 17.412 -15.317 
3 16 -0.808 19.03 -14.69 0.666 19.081 -14.784 -0.445 18.812 -15.46 
3 16 0.51 18.695 -15.709 -0.445 18.812 -15.46 0.666 19.081 -14.784 
3 16 0.666 19.081 -14.784 3.203 18.545 -14.573 0.51 18.695 -15.709 
3 16 2.931 17.976 -15.435 0.51 18.695 -15.709 3.203 18.545 -14.573 
3 16 -0.721 18.916 -12.915 -0.808 19.03 -14.69 -3.835 17.114 -13.661 
3 16 -0.808 19.03 -14.69 -2.98 17.412 -15.317 -3.835 17.114 -13.661 
3 16 0.666 19.081 -14.784 -0.808 19.03 -14.69 0.368 19.196 -12.934 
3 16 -0.808 19.03 -14.69 -0.721 18.916 -12.915 0.368 19.196 -12.934 
3 16 3.203 18.545 -14.573 0.666 19.081 -14.784 3.024 19.082 -12.552 
3 16 0.666 19.081 -14.784 0.368 19.196 -12.934 3.024 19.082 -12.552 
3 16 3.024 19.082 -12.552 7.119 18.283 -13.038 3.203 18.545 -14.573 
3 16 6.722 17.452 -14.649 3.203 18.545 -14.573 7.119 18.283 -13.038 
3 16 7.119 18.283 -13.038 3.024 19.082 -12.552 5.061 19.242 -11.901 
3 16 7.02 19.638 -10.873 7.119 18.283 -13.038 5.061 19.242 -11.901 
3 16 9.324 16.49 -14.52 6.722 17.452 -14.649 10.152 17.931 -12.513 
3 16 6.722 17.452 -14.649 7.119 18.283 -13.038 10.152 17.931 -12.513 
3 16 10.152 17.931 -12.513 7.119 18.283 -13.038 9.531 19.687 -9.27 
3 16 7.119 18.283 -13.038 7.02 19.638 -10.873 9.531 19.687 -9.27 
3 16 10.152 17.931 -12.513 11.786 16.657 -11.679 9.324 16.49 -14.52 
3 16 11.786 16.657 -11.679 10.266 15.604 -13.914 9.324 16.49 -14.52 
3 16 9.531 19.687 -9.27 11.921 18.797 -10.754 10.152 17.931 -12.513 
3 16 11.874 18.088 -11.304 10.152 17.931 -12.513 11.921 18.797 -10.754 
3 16 11.435 19.51 -7.827 13.14 18.671 -10.015 9.531 19.687 -9.27 
3 16 11.921 18.797 -10.754 9.531 19.687 -9.27 13.14 18.671 -10.015 
3 16 13.174 17.483 -10.791 11.874 18.088 -11.304 13.14 18.671 -10.015 
3 16 11.874 18.088 -11.304 11.921 18.797 -10.754 13.14 18.671 -10.015 
3 16 12.765 15.525 -11.608 13.838 13.655 -12.253 11.224 14.393 -13.59 
3 16 12.063 12.378 -13.565 11.224 14.393 -13.59 13.838 13.655 -12.253 
3 16 13.838 13.655 -12.253 12.765 15.525 -11.608 15.113 12.307 -11.172 
3 16 15.113 12.307 -11.172 12.765 15.525 -11.608 14.941 14.089 -10.358 
3 16 12.765 15.525 -11.608 12.834 16.431 -11.283 14.941 14.089 -10.358 
3 16 12.834 16.431 -11.283 14.391 15.89 -9.841 14.941 14.089 -10.358 
3 16 14.941 14.089 -10.358 14.391 15.89 -9.841 15.505 14.86 -9.193 
3 16 14.055 18.206 -8.888 14.271 16.978 -9.87 13.14 18.671 -10.015 
3 16 14.271 16.978 -9.87 13.174 17.483 -10.791 13.14 18.671 -10.015 
3 16 14.271 16.978 -9.87 14.055 18.206 -8.888 15.028 16.833 -8.597 
3 16 14.055 18.206 -8.888 14.761 17.538 -7.981 15.028 16.833 -8.597 
3 16 16.813 16.361 -6.659 14.391 15.89 -9.841 15.028 16.833 -8.597 
3 16 14.391 15.89 -9.841 14.271 16.978 -9.87 15.028 16.833 -8.597 
3 16 14.391 15.89 -9.841 16.813 16.361 -6.659 15.505 14.86 -9.193 
3 16 16.813 16.361 -6.659 17.697 15.266 -6.676 15.505 14.86 -9.193 
3 16 13.087 7.593 -13.962 11.203 7.873 -15.276 11.943 10.104 -13.281 
3 16 11.203 7.873 -15.276 10.665 9.967 -15.36 11.943 10.104 -13.281 
3 16 9.409 7.271 -15.701 11.203 7.873 -15.276 13.087 7.593 -13.962 
3 16 9.409 7.271 -15.701 13.087 7.593 -13.962 12.923 6.481 -13.138 
3 16 13.838 13.655 -12.253 14.065 12.213 -12.193 12.063 12.378 -13.565 
3 16 14.065 12.213 -12.193 13.838 13.655 -12.253 15.113 12.307 -11.172 
3 16 15.691 9.199 -11.597 15.113 12.307 -11.172 16.592 9.583 -10.695 
3 16 11.435 19.51 -7.827 13.896 18.896 -5.821 13.14 18.671 -10.015 
3 16 13.14 18.671 -10.015 13.896 18.896 -5.821 14.055 18.206 -8.888 
3 16 14.055 18.206 -8.888 13.896 18.896 -5.821 14.761 17.538 -7.981 
3 16 14.761 17.538 -7.981 13.896 18.896 -5.821 16.076 17.28 -5.964 
3 16 15.028 16.833 -8.597 14.761 17.538 -7.981 16.813 16.361 -6.659 
3 16 16.813 16.361 -6.659 14.761 17.538 -7.981 16.076 17.28 -5.964 
3 16 14.233 10.42 -11.727 14.824 7.871 -13.012 11.943 10.104 -13.281 
3 16 13.087 7.593 -13.962 11.943 10.104 -13.281 14.824 7.871 -13.012 
3 16 13.896 18.896 -5.821 11.435 19.51 -7.827 13.65 19.248 -4.43 
3 16 14.746 6.726 -11.855 12.923 6.481 -13.138 14.824 7.871 -13.012 
3 16 13.087 7.593 -13.962 14.824 7.871 -13.012 12.923 6.481 -13.138 
3 16 14.233 10.42 -11.727 15.691 9.199 -11.597 14.824 7.871 -13.012 
3 16 10.119 5.026 -15.447 12.834 4.874 -12.829 9.753 0.517 -13.988 
3 16 9.753 0.517 -13.988 12.834 4.874 -12.829 11.949 0.645 -12.15 
3 16 9.409 7.271 -15.701 12.923 6.481 -13.138 10.119 5.026 -15.447 
3 16 12.834 4.874 -12.829 10.119 5.026 -15.447 12.923 6.481 -13.138 
3 16 -10.748 -4.664 -7.998 -10.286 -4.436 -5.431 -11.929 -1.529 -7.991 
3 16 -10.286 -4.436 -5.431 -11.341 -1.886 -5.616 -11.929 -1.529 -7.991 
3 16 4.448 -9.074 -4.139 2.685 -8.262 -8.17 6.562 -7.645 -7.538 
3 16 -9.474 -3.484 -10.626 -10.748 -4.664 -7.998 -11.179 -0.891 -10.206 
3 16 -10.748 -4.664 -7.998 -11.929 -1.529 -7.991 -11.179 -0.891 -10.206 
3 16 -8.139 -0.549 -11.862 -9.474 -3.484 -10.626 -11.179 -0.891 -10.206 
3 16 -10.395 1.764 -10.287 -7.219 2.225 -12.248 -11.179 -0.891 -10.206 
3 16 -7.219 2.225 -12.248 -8.139 -0.549 -11.862 -11.179 -0.891 -10.206 
3 16 -7.219 2.225 -12.248 -10.395 1.764 -10.287 -6.87 4.317 -11.847 
3 16 -6.87 4.317 -11.847 -10.395 1.764 -10.287 -9.461 2.996 -9.85 
3 16 -6.87 4.317 -11.847 -9.461 2.996 -9.85 -6.659 4.892 -11.071 
3 16 -6.659 4.892 -11.071 -9.461 2.996 -9.85 -8.902 3.705 -9.337 
3 16 -11.03 1.125 -7.521 -10.395 1.764 -10.287 -11.929 -1.529 -7.991 
3 16 -10.395 1.764 -10.287 -11.179 -0.891 -10.206 -11.929 -1.529 -7.991 
3 16 -10.395 1.764 -10.287 -11.03 1.125 -7.521 -9.461 2.996 -9.85 
3 16 -9.461 2.996 -9.85 -11.03 1.125 -7.521 -8.902 3.705 -9.337 
3 16 -8.902 3.705 -9.337 -11.03 1.125 -7.521 -10.051 2.144 -7.159 
3 16 -11.03 1.125 -7.521 -11.929 -1.529 -7.991 -10.812 0.375 -5.376 
3 16 -11.929 -1.529 -7.991 -11.341 -1.886 -5.616 -10.812 0.375 -5.376 
3 16 -11.03 1.125 -7.521 -10.812 0.375 -5.376 -10.051 2.144 -7.159 
3 16 -10.051 2.144 -7.159 -10.812 0.375 -5.376 -10.429 1.327 -5.219 
3 16 14.824 7.871 -13.012 15.691 9.199 -11.597 14.746 6.726 -11.855 
3 16 14.746 6.726 -11.855 15.691 9.199 -11.597 15.934 7.134 -10.861 
3 16 15.934 7.134 -10.861 15.691 9.199 -11.597 17.072 7.547 -9.665 
3 16 15.691 9.199 -11.597 16.592 9.583 -10.695 17.072 7.547 -9.665 
3 16 12.834 4.874 -12.829 14.214 5.077 -11.211 11.949 0.645 -12.15 
3 16 12.79 0.809 -10.732 11.949 0.645 -12.15 14.214 5.077 -11.211 
3 16 14.746 6.726 -11.855 14.214 5.077 -11.211 12.923 6.481 -13.138 
3 16 14.214 5.077 -11.211 12.834 4.874 -12.829 12.923 6.481 -13.138 
3 16 16.085 5.338 -9.422 14.525 0.728 -9.596 15.255 5.061 -10.464 
3 16 13.929 0.691 -10.368 15.255 5.061 -10.464 14.525 0.728 -9.596 
3 16 15.255 5.061 -10.464 13.929 0.691 -10.368 14.214 5.077 -11.211 
3 16 13.929 0.691 -10.368 12.79 0.809 -10.732 14.214 5.077 -11.211 
3 16 15.934 7.134 -10.861 15.255 5.061 -10.464 14.746 6.726 -11.855 
3 16 15.255 5.061 -10.464 14.214 5.077 -11.211 14.746 6.726 -11.855 
3 16 17.072 7.547 -9.665 16.085 5.338 -9.422 15.934 7.134 -10.861 
3 16 16.085 5.338 -9.422 15.255 5.061 -10.464 15.934 7.134 -10.861 
3 16 16.085 5.338 -9.422 17.072 7.547 -9.665 16.779 5.315 -8.628 
3 16 17.072 7.547 -9.665 19.28 7.584 -6.064 16.779 5.315 -8.628 
3 16 16.779 5.315 -8.628 19.28 7.584 -6.064 17.401 5.171 -7.775 
3 16 17.401 5.171 -7.775 19.28 7.584 -6.064 17.809 4.963 -6.432 
3 16 17.809 4.963 -6.432 15.995 0.249 -6.661 17.401 5.171 -7.775 
3 16 17.401 5.171 -7.775 15.995 0.249 -6.661 15.602 0.559 -7.927 
3 16 17.401 5.171 -7.775 15.602 0.559 -7.927 16.779 5.315 -8.628 
3 16 15.602 0.559 -7.927 15.079 0.742 -8.713 16.779 5.315 -8.628 
3 16 16.779 5.315 -8.628 15.079 0.742 -8.713 16.085 5.338 -9.422 
3 16 15.079 0.742 -8.713 14.525 0.728 -9.596 16.085 5.338 -9.422 
3 16 17.072 7.547 -9.665 16.592 9.583 -10.695 17.954 8.864 -9.142 
3 16 16.592 9.583 -10.695 17.46 10.115 -9.963 17.954 8.864 -9.142 
3 16 15.113 12.307 -11.172 16.843 12.142 -10 16.592 9.583 -10.695 
3 16 17.46 10.115 -9.963 16.592 9.583 -10.695 16.843 12.142 -10 
3 16 17.072 7.547 -9.665 17.954 8.864 -9.142 19.28 7.584 -6.064 
3 16 17.954 8.864 -9.142 19.323 9.02 -6.633 19.28 7.584 -6.064 
3 16 15.113 12.307 -11.172 14.941 14.089 -10.358 16.843 12.142 -10 
3 16 16.843 12.142 -10 14.941 14.089 -10.358 16.093 13.281 -9.467 
3 16 14.941 14.089 -10.358 15.505 14.86 -9.193 16.093 13.281 -9.467 
3 16 16.093 13.281 -9.467 15.505 14.86 -9.193 16.616 13.664 -8.733 
3 16 15.505 14.86 -9.193 17.697 15.266 -6.676 16.616 13.664 -8.733 
3 16 16.616 13.664 -8.733 17.697 15.266 -6.676 18.409 13.94 -6.651 
3 16 17.074 12.135 -8.757 18.611 12.264 -6.134 17.483 10.429 -8.755 
3 16 17.483 10.429 -8.755 18.611 12.264 -6.134 18.811 11.01 -6.065 
3 16 17.46 10.115 -9.963 16.843 12.142 -10 17.483 10.429 -8.755 
3 16 16.843 12.142 -10 17.074 12.135 -8.757 17.483 10.429 -8.755 
3 16 17.954 8.864 -9.142 17.46 10.115 -9.963 17.483 10.429 -8.755 
3 16 17.074 12.135 -8.757 16.843 12.142 -10 16.616 13.664 -8.733 
3 16 16.843 12.142 -10 16.093 13.281 -9.467 16.616 13.664 -8.733 
3 16 18.611 12.264 -6.134 17.074 12.135 -8.757 18.409 13.94 -6.651 
3 16 17.074 12.135 -8.757 16.616 13.664 -8.733 18.409 13.94 -6.651 
3 16 17.483 10.429 -8.755 19.197 10.014 -6.286 17.954 8.864 -9.142 
3 16 19.323 9.02 -6.633 17.954 8.864 -9.142 19.197 10.014 -6.286 
3 16 18.811 11.01 -6.065 19.197 10.014 -6.286 17.483 10.429 -8.755 
3 16 16.076 17.28 -5.964 18.789 15.173 -4.781 16.813 16.361 -6.659 
3 16 17.697 15.266 -6.676 16.813 16.361 -6.659 18.789 15.173 -4.781 
3 16 18.409 13.94 -6.651 17.697 15.266 -6.676 19.589 13.827 -4.386 
3 16 17.697 15.266 -6.676 18.789 15.173 -4.781 19.589 13.827 -4.386 
3 16 13.896 18.896 -5.821 14.874 18.81 -3.584 16.076 17.28 -5.964 
3 16 16.076 17.28 -5.964 14.874 18.81 -3.584 16.81 16.74 -3.696 
3 16 13.896 18.896 -5.821 13.65 19.248 -4.43 14.874 18.81 -3.584 
3 16 14.874 18.81 -3.584 13.65 19.248 -4.43 13.897 19.1 -2.286 
3 16 16.076 17.28 -5.964 16.81 16.74 -3.696 18.789 15.173 -4.781 
3 16 18.789 15.173 -4.781 16.81 16.74 -3.696 18.324 14.907 -3.561 
3 16 18.611 12.264 -6.134 18.409 13.94 -6.651 20.21 12.346 -3.943 
3 16 18.409 13.94 -6.651 19.589 13.827 -4.386 20.21 12.346 -3.943 
3 16 19.589 13.827 -4.386 18.789 15.173 -4.781 19.436 13.646 -3.308 
3 16 18.789 15.173 -4.781 18.324 14.907 -3.561 19.436 13.646 -3.308 
3 16 14.525 0.728 -9.596 11.874 -5.248 -7.678 13.929 0.691 -10.368 
3 16 13.929 0.691 -10.368 11.874 -5.248 -7.678 11.243 -5.152 -8.557 
3 16 11.949 0.645 -12.15 9.485 -5.309 -9.634 9.753 0.517 -13.988 
3 16 9.753 0.517 -13.988 9.485 -5.309 -9.634 8.067 -5.543 -10.908 
3 16 9.485 -5.309 -9.634 11.949 0.645 -12.15 10.392 -5.047 -8.89 
3 16 11.949 0.645 -12.15 12.79 0.809 -10.732 10.392 -5.047 -8.89 
3 16 13.929 0.691 -10.368 11.243 -5.152 -8.557 12.79 0.809 -10.732 
3 16 10.392 -5.047 -8.89 12.79 0.809 -10.732 11.243 -5.152 -8.557 
3 16 12.371 -6.011 -6.005 11.874 -5.248 -7.678 15.079 0.742 -8.713 
3 16 14.525 0.728 -9.596 15.079 0.742 -8.713 11.874 -5.248 -7.678 
3 16 19.28 7.584 -6.064 19.242 6.242 -3.156 17.809 4.963 -6.432 
3 16 17.595 4.466 -4.445 17.809 4.963 -6.432 19.242 6.242 -3.156 
3 16 17.809 4.963 -6.432 17.595 4.466 -4.445 15.995 0.249 -6.661 
3 16 15.995 0.249 -6.661 17.595 4.466 -4.445 16.257 0.15 -5.234 
3 16 19.575 3.774 -2.178 17.595 4.466 -4.445 19.462 5.38 -1.057 
3 16 17.595 4.466 -4.445 19.242 6.242 -3.156 19.462 5.38 -1.057 
3 16 19.242 6.242 -3.156 19.28 7.584 -6.064 20.163 7.76 -3.613 
3 16 19.28 7.584 -6.064 19.323 9.02 -6.633 20.651 9.511 -4.148 
3 16 19.323 9.02 -6.633 19.197 10.014 -6.286 20.651 9.511 -4.148 
3 16 20.858 10.754 -3.784 20.651 9.511 -4.148 18.811 11.01 -6.065 
3 16 20.651 9.511 -4.148 19.197 10.014 -6.286 18.811 11.01 -6.065 
3 16 20.858 10.754 -3.784 18.811 11.01 -6.065 20.21 12.346 -3.943 
3 16 18.611 12.264 -6.134 20.21 12.346 -3.943 18.811 11.01 -6.065 
3 16 10.098 -7.012 -6.367 9.504 -6.592 -7.268 11.243 -5.152 -8.557 
3 16 10.392 -5.047 -8.89 11.243 -5.152 -8.557 9.504 -6.592 -7.268 
3 16 11.243 -5.152 -8.557 11.874 -5.248 -7.678 10.098 -7.012 -6.367 
3 16 10.098 -7.012 -6.367 11.874 -5.248 -7.678 10.931 -6.982 -5.818 
3 16 10.931 -6.982 -5.818 11.874 -5.248 -7.678 12.371 -6.011 -6.005 
3 16 6.562 -7.645 -7.538 8.067 -5.543 -10.908 8.395 -7.185 -7.306 
3 16 8.067 -5.543 -10.908 9.485 -5.309 -9.634 8.395 -7.185 -7.306 
3 16 8.395 -7.185 -7.306 9.485 -5.309 -9.634 9.504 -6.592 -7.268 
3 16 9.485 -5.309 -9.634 10.392 -5.047 -8.89 9.504 -6.592 -7.268 
3 16 9.504 -6.592 -7.268 10.098 -7.012 -6.367 8.395 -7.185 -7.306 
3 16 10.098 -7.012 -6.367 8.28 -8.238 -4.519 8.395 -7.185 -7.306 
3 16 9.267 -8.159 -3.336 8.28 -8.238 -4.519 10.931 -6.982 -5.818 
3 16 8.28 -8.238 -4.519 10.098 -7.012 -6.367 10.931 -6.982 -5.818 
3 16 4.448 -9.074 -4.139 6.562 -7.645 -7.538 8.28 -8.238 -4.519 
3 16 6.562 -7.645 -7.538 8.395 -7.185 -7.306 8.28 -8.238 -4.519 
3 16 -7.507 -6.433 -4.023 -7.619 -6.057 -4.871 -5.825 -6.123 -6.506 
3 16 -7.619 -6.057 -4.871 -7.264 -5.942 -7.035 -5.825 -6.123 -6.506 
3 16 -7.507 -6.433 -4.023 -5.825 -6.123 -6.506 -5.196 -7.441 -4.361 
3 16 9.267 -8.159 -3.336 10.931 -6.982 -5.818 11.584 -7.168 -3.209 
3 16 10.931 -6.982 -5.818 12.371 -6.011 -6.005 11.584 -7.168 -3.209 
3 16 12.371 -6.011 -6.005 15.079 0.742 -8.713 13.474 -5.537 -5.512 
3 16 15.079 0.742 -8.713 15.602 0.559 -7.927 13.474 -5.537 -5.512 
3 16 13.474 -5.537 -5.512 15.602 0.559 -7.927 14.897 -4.632 -4.721 
3 16 15.602 0.559 -7.927 15.995 0.249 -6.661 14.897 -4.632 -4.721 
3 16 15.995 0.249 -6.661 16.257 0.15 -5.234 14.897 -4.632 -4.721 
3 16 14.897 -4.632 -4.721 16.257 0.15 -5.234 18.313 -0.806 -3.702 
3 16 19.575 3.774 -2.178 18.313 -0.806 -3.702 17.595 4.466 -4.445 
3 16 18.313 -0.806 -3.702 16.257 0.15 -5.234 17.595 4.466 -4.445 
3 16 14.216 -5.615 -2.771 14.897 -4.632 -4.721 18.132 -1.107 -1.869 
3 16 14.897 -4.632 -4.721 18.313 -0.806 -3.702 18.132 -1.107 -1.869 
3 16 18.313 -0.806 -3.702 19.575 3.774 -2.178 18.132 -1.107 -1.869 
3 16 18.132 -1.107 -1.869 19.575 3.774 -2.178 19.49 3.114 -0.459 
3 16 19.575 3.774 -2.178 19.462 5.38 -1.057 19.49 3.114 -0.459 
3 16 19.49 3.114 -0.459 19.462 5.38 -1.057 19.209 4.719 0.573 
3 16 20.651 9.511 -4.148 20.896 8.736 -2.766 19.28 7.584 -6.064 
3 16 20.163 7.76 -3.613 19.28 7.584 -6.064 20.896 8.736 -2.766 
3 16 20.957 7.653 -1.125 19.242 6.242 -3.156 20.896 8.736 -2.766 
3 16 19.242 6.242 -3.156 20.163 7.76 -3.613 20.896 8.736 -2.766 
3 16 20.849 9.843 -2.115 20.896 8.736 -2.766 20.858 10.754 -3.784 
3 16 20.896 8.736 -2.766 20.651 9.511 -4.148 20.858 10.754 -3.784 
3 16 19.436 13.646 -3.308 20.183 12.098 -2.676 19.589 13.827 -4.386 
3 16 19.589 13.827 -4.386 20.183 12.098 -2.676 20.21 12.346 -3.943 
3 16 20.21 12.346 -3.943 20.183 12.098 -2.676 20.858 10.754 -3.784 
3 16 20.183 12.098 -2.676 20.57 11.19 -2.468 20.858 10.754 -3.784 
3 16 20.858 10.754 -3.784 20.57 11.19 -2.468 20.849 9.843 -2.115 
3 16 20.57 11.19 -2.468 20.404 10.782 -1.539 20.849 9.843 -2.115 
3 16 20.828 8.717 -0.334 20.957 7.653 -1.125 20.849 9.843 -2.115 
3 16 20.957 7.653 -1.125 20.896 8.736 -2.766 20.849 9.843 -2.115 
3 16 20.404 10.782 -1.539 20.57 11.19 -2.468 19.876 12.012 -1.737 
3 16 20.57 11.19 -2.468 20.183 12.098 -2.676 19.876 12.012 -1.737 
3 16 20.828 8.717 -0.334 20.849 9.843 -2.115 20.293 10.044 0.008 
3 16 20.849 9.843 -2.115 20.404 10.782 -1.539 20.293 10.044 0.008 
3 16 14.874 18.81 -3.584 13.897 19.1 -2.286 16.224 17.645 -2.027 
3 16 19.079 13.725 -2.422 19.436 13.646 -3.308 18.324 14.907 -3.561 
3 16 18.324 14.907 -3.561 18.363 15.07 -1.529 19.079 13.725 -2.422 
3 16 19.079 13.725 -2.422 18.363 15.07 -1.529 18.991 13.828 -1.055 
3 16 18.324 14.907 -3.561 17.581 16.32 -1.24 18.363 15.07 -1.529 
3 16 18.324 14.907 -3.561 16.81 16.74 -3.696 17.581 16.32 -1.24 
3 16 17.581 16.32 -1.24 16.81 16.74 -3.696 16.224 17.645 -2.027 
3 16 14.874 18.81 -3.584 15.972 17.935 -3.277 16.81 16.74 -3.696 
3 16 16.81 16.74 -3.696 15.972 17.935 -3.277 16.224 17.645 -2.027 
3 16 15.972 17.935 -3.277 14.874 18.81 -3.584 16.224 17.645 -2.027 
3 16 13.865 18.904 -0.087 16.224 17.645 -2.027 13.897 19.1 -2.286 
3 16 13.865 18.904 -0.087 16.969 17.277 0.366 16.224 17.645 -2.027 
3 16 17.581 16.32 -1.24 16.224 17.645 -2.027 16.969 17.277 0.366 
3 16 19.876 12.012 -1.737 20.183 12.098 -2.676 19.079 13.725 -2.422 
3 16 20.183 12.098 -2.676 19.436 13.646 -3.308 19.079 13.725 -2.422 
3 16 19.079 13.725 -2.422 18.991 13.828 -1.055 19.876 12.012 -1.737 
3 16 19.876 12.012 -1.737 18.991 13.828 -1.055 19.683 12.411 -0.536 
3 16 19.876 12.012 -1.737 19.683 12.411 -0.536 19.902 11.232 -0.222 
3 16 19.876 12.012 -1.737 19.902 11.232 -0.222 20.404 10.782 -1.539 
3 16 20.404 10.782 -1.539 19.902 11.232 -0.222 20.293 10.044 0.008 
3 16 19.242 6.242 -3.156 20.957 7.653 -1.125 19.462 5.38 -1.057 
3 16 19.462 5.38 -1.057 20.957 7.653 -1.125 20.713 7.048 0.649 
3 16 20.713 7.048 0.649 20.957 7.653 -1.125 20.624 8.313 1.152 
3 16 20.957 7.653 -1.125 20.828 8.717 -0.334 20.624 8.313 1.152 
3 16 16.969 17.277 0.366 13.865 18.904 -0.087 16.481 17.621 1.818 
3 16 13.865 18.904 -0.087 13.827 18.872 1.323 16.481 17.621 1.818 
3 16 17.581 16.32 -1.24 18.074 14.33 0.249 18.363 15.07 -1.529 
3 16 18.991 13.828 -1.055 18.363 15.07 -1.529 18.074 14.33 0.249 
3 16 16.969 17.277 0.366 17.459 15.216 1.324 17.581 16.32 -1.24 
3 16 18.074 14.33 0.249 17.581 16.32 -1.24 17.459 15.216 1.324 
3 16 16.969 17.277 0.366 16.481 17.621 1.818 17.459 15.216 1.324 
3 16 17.459 15.216 1.324 16.481 17.621 1.818 17.24 15.745 2.58 
3 16 18.074 14.33 0.249 19.27 12.778 1.449 18.991 13.828 -1.055 
3 16 19.683 12.411 -0.536 18.991 13.828 -1.055 19.27 12.778 1.449 
3 16 19.683 12.411 -0.536 19.27 12.778 1.449 19.902 11.232 -0.222 
3 16 19.902 11.232 -0.222 19.27 12.778 1.449 19.87 11.453 1.626 
3 16 19.87 11.453 1.626 20.247 9.807 1.297 19.902 11.232 -0.222 
3 16 20.293 10.044 0.008 19.902 11.232 -0.222 20.247 9.807 1.297 
3 16 20.624 8.313 1.152 20.828 8.717 -0.334 20.247 9.807 1.297 
3 16 20.828 8.717 -0.334 20.293 10.044 0.008 20.247 9.807 1.297 
3 16 19.27 12.778 1.449 18.074 14.33 0.249 17.459 15.216 1.324 
3 16 19.27 12.778 1.449 17.459 15.216 1.324 18.969 13.657 2.638 
3 16 17.459 15.216 1.324 17.24 15.745 2.58 18.969 13.657 2.638 
3 16 20.498 7.076 1.933 19.209 4.719 0.573 20.713 7.048 0.649 
3 16 19.209 4.719 0.573 19.462 5.38 -1.057 20.713 7.048 0.649 
3 16 20.498 7.076 1.933 20.713 7.048 0.649 20.573 8.424 2.126 
3 16 20.713 7.048 0.649 20.624 8.313 1.152 20.573 8.424 2.126 
3 16 19.95 7.143 3.404 20.498 7.076 1.933 20.444 8.739 2.892 
3 16 20.498 7.076 1.933 20.573 8.424 2.126 20.444 8.739 2.892 
3 16 20.223 10.642 2.473 20.573 8.424 2.126 20.247 9.807 1.297 
3 16 20.573 8.424 2.126 20.624 8.313 1.152 20.247 9.807 1.297 
3 16 20.223 10.642 2.473 20.247 9.807 1.297 19.87 11.453 1.626 
3 16 20.444 8.739 2.892 20.573 8.424 2.126 20.223 10.642 2.473 
3 16 20.223 10.642 2.473 19.87 11.453 1.626 18.969 13.657 2.638 
3 16 19.87 11.453 1.626 19.27 12.778 1.449 18.969 13.657 2.638 
3 16 19.95 7.143 3.404 19.724 6.145 2.73 20.498 7.076 1.933 
3 16 19.209 4.719 0.573 20.498 7.076 1.933 19.724 6.145 2.73 
3 16 14.216 -5.615 -2.771 11.584 -7.168 -3.209 13.474 -5.537 -5.512 
3 16 11.584 -7.168 -3.209 12.371 -6.011 -6.005 13.474 -5.537 -5.512 
3 16 14.216 -5.615 -2.771 13.474 -5.537 -5.512 14.897 -4.632 -4.721 
3 16 15.08 -4.934 -1.373 14.216 -5.615 -2.771 18.132 -1.107 -1.869 
3 16 15.08 -4.934 -1.373 18.132 -1.107 -1.869 16.136 -3.606 0.158 
3 16 18.132 -1.107 -1.869 17.533 -0.823 -0.567 16.136 -3.606 0.158 
3 16 18.132 -1.107 -1.869 19.49 3.114 -0.459 17.533 -0.823 -0.567 
3 16 17.533 -0.823 -0.567 19.49 3.114 -0.459 18.478 2.863 0.55 
3 16 19.49 3.114 -0.459 19.209 4.719 0.573 18.478 2.863 0.55 
3 16 19.209 4.719 0.573 18.756 4.294 1.74 18.478 2.863 0.55 
3 16 19.209 4.719 0.573 19.724 6.145 2.73 18.756 4.294 1.74 
3 16 17.629 -0.945 2.27 16.136 -3.606 0.158 17.223 -0.945 0.602 
3 16 16.136 -3.606 0.158 17.533 -0.823 -0.567 17.223 -0.945 0.602 
3 16 18.478 2.863 0.55 18.044 2.616 1.703 17.533 -0.823 -0.567 
3 16 17.223 -0.945 0.602 17.533 -0.823 -0.567 18.044 2.616 1.703 
3 16 18.044 2.616 1.703 18.464 2.242 3.569 17.223 -0.945 0.602 
3 16 17.629 -0.945 2.27 17.223 -0.945 0.602 18.464 2.242 3.569 
3 16 18.044 2.616 1.703 18.478 2.863 0.55 18.756 4.294 1.74 
3 16 18.464 2.242 3.569 18.044 2.616 1.703 18.792 4.374 3.823 
3 16 18.044 2.616 1.703 18.756 4.294 1.74 18.792 4.374 3.823 
3 16 18.792 4.374 3.823 18.756 4.294 1.74 19.724 6.145 2.73 
3 16 19.913 10.225 4.378 19.707 7.925 4.747 20.444 8.739 2.892 
3 16 19.95 7.143 3.404 20.444 8.739 2.892 19.707 7.925 4.747 
3 16 19.95 7.143 3.404 19.707 7.925 4.747 19.132 6.844 4.985 
3 16 19.132 6.844 4.985 18.792 4.374 3.823 19.95 7.143 3.404 
3 16 18.792 4.374 3.823 19.724 6.145 2.73 19.95 7.143 3.404 
3 16 19.913 10.225 4.378 20.223 10.642 2.473 18.887 13.621 4.108 
3 16 20.223 10.642 2.473 18.969 13.657 2.638 18.887 13.621 4.108 
3 16 17.016 15.663 4.517 18.887 13.621 4.108 17.24 15.745 2.58 
3 16 18.969 13.657 2.638 17.24 15.745 2.58 18.887 13.621 4.108 
3 16 4.605 -9.442 -1.253 4.448 -9.074 -4.139 9.267 -8.159 -3.336 
3 16 4.448 -9.074 -4.139 8.28 -8.238 -4.519 9.267 -8.159 -3.336 
3 16 9.267 -8.159 -3.336 11.584 -7.168 -3.209 9.588 -8.593 0.354 
3 16 9.588 -8.593 0.354 11.584 -7.168 -3.209 11.755 -7.572 0.43 
3 16 15.08 -4.934 -1.373 11.755 -7.572 0.43 14.216 -5.615 -2.771 
3 16 11.755 -7.572 0.43 11.584 -7.168 -3.209 14.216 -5.615 -2.771 
3 16 16.853 2.201 6.042 18.464 2.242 3.569 17.67 4.773 6.15 
3 16 18.464 2.242 3.569 18.792 4.374 3.823 17.67 4.773 6.15 
3 16 15.692 -1.149 5.338 17.629 -0.945 2.27 16.853 2.201 6.042 
3 16 17.629 -0.945 2.27 18.464 2.242 3.569 16.853 2.201 6.042 
3 16 16.853 2.201 6.042 17.67 4.773 6.15 16.267 2.149 6.934 
3 16 17.67 4.773 6.15 17.325 4.713 6.986 16.267 2.149 6.934 
3 16 17.325 4.713 6.986 16.704 4.329 8.117 16.267 2.149 6.934 
3 16 16.267 2.149 6.934 16.704 4.329 8.117 16.202 1.755 8.101 
3 16 15.692 -1.149 5.338 16.853 2.201 6.042 14.808 -1.002 6.348 
3 16 16.853 2.201 6.042 16.267 2.149 6.934 14.808 -1.002 6.348 
3 16 16.267 2.149 6.934 16.202 1.755 8.101 14.808 -1.002 6.348 
3 16 14.808 -1.002 6.348 16.202 1.755 8.101 14.954 -1.326 7.327 
3 16 15.909 4.299 9.577 15.563 1.633 9.23 16.704 4.329 8.117 
3 16 16.202 1.755 8.101 16.704 4.329 8.117 15.563 1.633 9.23 
3 16 14.954 -1.326 7.327 12.652 -4.678 5.218 14.808 -1.002 6.348 
3 16 14.808 -1.002 6.348 12.652 -4.678 5.218 13.555 -3.738 4.955 
3 16 14.274 -4.041 3.675 15.692 -1.149 5.338 13.555 -3.738 4.955 
3 16 15.692 -1.149 5.338 14.808 -1.002 6.348 13.555 -3.738 4.955 
3 16 14.274 -4.041 3.675 16.136 -3.606 0.158 15.692 -1.149 5.338 
3 16 16.136 -3.606 0.158 17.629 -0.945 2.27 15.692 -1.149 5.338 
3 16 12.652 -4.678 5.218 14.954 -1.326 7.327 14.562 -1.355 8.041 
3 16 15.563 1.633 9.23 14.562 -1.355 8.041 16.202 1.755 8.101 
3 16 14.562 -1.355 8.041 14.954 -1.326 7.327 16.202 1.755 8.101 
3 16 16.704 4.329 8.117 17.335 6.019 8.378 15.909 4.299 9.577 
3 16 15.909 4.299 9.577 17.335 6.019 8.378 16.43 6.005 9.813 
3 16 16.704 4.329 8.117 17.325 4.713 6.986 17.335 6.019 8.378 
3 16 17.335 6.019 8.378 17.325 4.713 6.986 17.8 6.209 7.306 
3 16 17.67 4.773 6.15 18.28 6.579 6.408 17.325 4.713 6.986 
3 16 17.8 6.209 7.306 17.325 4.713 6.986 18.28 6.579 6.408 
3 16 18.792 4.374 3.823 19.132 6.844 4.985 17.67 4.773 6.15 
3 16 18.28 6.579 6.408 17.67 4.773 6.15 19.132 6.844 4.985 
3 16 19.707 7.925 4.747 18.751 7.553 6.55 19.132 6.844 4.985 
3 16 19.132 6.844 4.985 18.751 7.553 6.55 18.28 6.579 6.408 
3 16 18.751 7.553 6.55 18.373 7.057 7.615 18.28 6.579 6.408 
3 16 17.8 6.209 7.306 18.28 6.579 6.408 18.373 7.057 7.615 
3 16 18.373 7.057 7.615 17.82 6.666 8.916 17.8 6.209 7.306 
3 16 17.335 6.019 8.378 17.8 6.209 7.306 17.82 6.666 8.916 
3 16 16.492 7.478 11.127 16.43 6.005 9.813 17.82 6.666 8.916 
3 16 16.43 6.005 9.813 17.335 6.019 8.378 17.82 6.666 8.916 
3 16 18.916 10.08 6.33 17.65 9.652 7.899 18.751 7.553 6.55 
3 16 18.373 7.057 7.615 18.751 7.553 6.55 17.65 9.652 7.899 
3 16 17.82 6.666 8.916 18.373 7.057 7.615 17.163 9.375 9.007 
3 16 18.373 7.057 7.615 17.65 9.652 7.899 17.163 9.375 9.007 
3 16 16.492 7.478 11.127 17.82 6.666 8.916 16.607 9.75 10.511 
3 16 17.82 6.666 8.916 17.163 9.375 9.007 16.607 9.75 10.511 
3 16 18.916 10.08 6.33 18.751 7.553 6.55 19.913 10.225 4.378 
3 16 18.751 7.553 6.55 19.707 7.925 4.747 19.913 10.225 4.378 
3 16 19.913 10.225 4.378 20.444 8.739 2.892 20.223 10.642 2.473 
3 16 15.622 17.972 4.367 17.016 15.663 4.517 16.481 17.621 1.818 
3 16 17.24 15.745 2.58 16.481 17.621 1.818 17.016 15.663 4.517 
3 16 13.827 18.872 1.323 13.698 19.094 3.689 16.481 17.621 1.818 
3 16 15.622 17.972 4.367 16.481 17.621 1.818 13.698 19.094 3.689 
3 16 18.887 13.621 4.108 17.997 13.043 5.932 19.913 10.225 4.378 
3 16 18.916 10.08 6.33 19.913 10.225 4.378 17.997 13.043 5.932 
3 16 17.997 13.043 5.932 18.887 13.621 4.108 16.47 15.167 6.227 
3 16 18.887 13.621 4.108 17.016 15.663 4.517 16.47 15.167 6.227 
3 16 14.63 17.973 6.339 16.47 15.167 6.227 15.622 17.972 4.367 
3 16 16.47 15.167 6.227 17.016 15.663 4.517 15.622 17.972 4.367 
3 16 15.08 -4.934 -1.373 16.136 -3.606 0.158 13.337 -5.676 2.366 
3 16 16.136 -3.606 0.158 14.274 -4.041 3.675 13.337 -5.676 2.366 
3 16 13.337 -5.676 2.366 14.274 -4.041 3.675 12.87 -5.47 3.692 
3 16 14.274 -4.041 3.675 13.555 -3.738 4.955 12.87 -5.47 3.692 
3 16 13.555 -3.738 4.955 12.652 -4.678 5.218 12.87 -5.47 3.692 
3 16 11.755 -7.572 0.43 15.08 -4.934 -1.373 13.337 -5.676 2.366 
3 16 9.588 -8.593 0.354 11.755 -7.572 0.43 9.957 -7.822 3.583 
3 16 11.755 -7.572 0.43 11.61 -6.901 3.174 9.957 -7.822 3.583 
3 16 11.755 -7.572 0.43 13.337 -5.676 2.366 11.61 -6.901 3.174 
3 16 11.61 -6.901 3.174 13.337 -5.676 2.366 12.87 -5.47 3.692 
3 16 11.61 -6.901 3.174 12.87 -5.47 3.692 12.652 -4.678 5.218 
3 16 11.363 -5.269 6.254 9.957 -7.822 3.583 12.652 -4.678 5.218 
3 16 9.957 -7.822 3.583 11.61 -6.901 3.174 12.652 -4.678 5.218 
3 16 13.326 -1.499 9.308 11.363 -5.269 6.254 14.562 -1.355 8.041 
3 16 11.363 -5.269 6.254 12.652 -4.678 5.218 14.562 -1.355 8.041 
3 16 9.267 -8.159 -3.336 9.588 -8.593 0.354 4.605 -9.442 -1.253 
3 16 4.605 -9.442 -1.253 9.588 -8.593 0.354 5.406 -9.247 2.275 
3 16 5.406 -9.247 2.275 9.588 -8.593 0.354 6.484 -7.886 5.91 
3 16 9.588 -8.593 0.354 9.957 -7.822 3.583 6.484 -7.886 5.91 
3 16 6.484 -7.886 5.91 9.957 -7.822 3.583 9.439 -5.432 6.915 
3 16 9.957 -7.822 3.583 11.363 -5.269 6.254 9.439 -5.432 6.915 
3 16 13.326 -1.499 9.308 10.96 -1.604 9.84 11.363 -5.269 6.254 
3 16 9.439 -5.432 6.915 11.363 -5.269 6.254 10.96 -1.604 9.84 
3 16 9.439 -5.432 6.915 9.19 -5.544 8.059 6.484 -7.886 5.91 
3 16 13.326 -1.499 9.308 14.562 -1.355 8.041 14.186 1.623 10.71 
3 16 14.562 -1.355 8.041 15.563 1.633 9.23 14.186 1.623 10.71 
3 16 14.186 1.623 10.71 15.563 1.633 9.23 14.472 4.45 11.138 
3 16 15.563 1.633 9.23 15.909 4.299 9.577 14.472 4.45 11.138 
3 16 16.313 12.707 8.514 15.914 12.744 10.046 17.163 9.375 9.007 
3 16 15.914 12.744 10.046 16.607 9.75 10.511 17.163 9.375 9.007 
3 16 17.65 9.652 7.899 18.916 10.08 6.33 16.983 12.768 7.407 
3 16 18.916 10.08 6.33 17.997 13.043 5.932 16.983 12.768 7.407 
3 16 17.163 9.375 9.007 17.65 9.652 7.899 16.313 12.707 8.514 
3 16 16.313 12.707 8.514 17.65 9.652 7.899 16.983 12.768 7.407 
3 16 12.431 17.221 10.535 14.962 14.487 10.008 12.943 17.339 8.711 
3 16 14.962 14.487 10.008 15.279 14.645 8.276 12.943 17.339 8.711 
3 16 17.997 13.043 5.932 16.47 15.167 6.227 16.983 12.768 7.407 
3 16 16.47 15.167 6.227 15.766 14.861 7.281 16.983 12.768 7.407 
3 16 16.983 12.768 7.407 15.766 14.861 7.281 16.313 12.707 8.514 
3 16 15.279 14.645 8.276 16.313 12.707 8.514 15.766 14.861 7.281 
3 16 16.313 12.707 8.514 15.279 14.645 8.276 15.914 12.744 10.046 
3 16 14.962 14.487 10.008 15.914 12.744 10.046 15.279 14.645 8.276 
3 16 13.694 17.696 7.648 15.766 14.861 7.281 14.63 17.973 6.339 
3 16 15.766 14.861 7.281 16.47 15.167 6.227 14.63 17.973 6.339 
3 16 15.766 14.861 7.281 13.694 17.696 7.648 15.279 14.645 8.276 
3 16 13.694 17.696 7.648 12.943 17.339 8.711 15.279 14.645 8.276 
3 16 14.74 6.384 11.338 14.472 4.45 11.138 16.43 6.005 9.813 
3 16 14.472 4.45 11.138 15.909 4.299 9.577 16.43 6.005 9.813 
3 16 16.43 6.005 9.813 16.492 7.478 11.127 14.74 6.384 11.338 
3 16 16.492 7.478 11.127 15.445 7.351 11.678 14.74 6.384 11.338 
3 16 16.492 7.478 11.127 16.607 9.75 10.511 15.715 10.751 11.951 
3 16 15.445 7.351 11.678 16.492 7.478 11.127 14.931 10.621 12.441 
3 16 16.492 7.478 11.127 15.715 10.751 11.951 14.931 10.621 12.441 
3 16 12.73 6.535 13.002 14.74 6.384 11.338 13.429 7.942 13.27 
3 16 14.74 6.384 11.338 15.445 7.351 11.678 13.429 7.942 13.27 
3 16 14.931 10.621 12.441 13.683 9.751 13.26 15.445 7.351 11.678 
3 16 13.429 7.942 13.27 15.445 7.351 11.678 13.683 9.751 13.26 
3 16 13.683 9.751 13.26 14.931 10.621 12.441 13.356 11.321 13.012 
3 16 15.914 12.744 10.046 15.148 12.597 11.646 16.607 9.75 10.511 
3 16 15.715 10.751 11.951 16.607 9.75 10.511 15.148 12.597 11.646 
3 16 12.276 4.537 13.087 11.906 1.651 11.425 14.472 4.45 11.138 
3 16 14.472 4.45 11.138 11.906 1.651 11.425 14.186 1.623 10.71 
3 16 11.906 1.651 11.425 10.96 -1.604 9.84 14.186 1.623 10.71 
3 16 10.96 -1.604 9.84 13.326 -1.499 9.308 14.186 1.623 10.71 
3 16 12.276 4.537 13.087 14.472 4.45 11.138 12.73 6.535 13.002 
3 16 14.472 4.45 11.138 14.74 6.384 11.338 12.73 6.535 13.002 
3 16 11.716 1.607 13.082 11.906 1.651 11.425 12.276 4.537 13.087 
3 16 14.018 14.16 11.627 15.148 12.597 11.646 14.962 14.487 10.008 
3 16 15.914 12.744 10.046 14.962 14.487 10.008 15.148 12.597 11.646 
3 16 11.269 16.656 12.295 14.018 14.16 11.627 12.431 17.221 10.535 
3 16 14.018 14.16 11.627 14.962 14.487 10.008 12.431 17.221 10.535 
3 16 10.829 -1.699 11.532 11.716 1.607 13.082 8.323 -1.856 13.766 
3 16 8.323 -1.856 13.766 11.716 1.607 13.082 9.531 1.894 14.874 
3 16 11.716 1.607 13.082 12.276 4.537 13.087 9.531 1.894 14.874 
3 16 9.531 1.894 14.874 12.276 4.537 13.087 10.191 4.912 14.72 
3 16 10.191 4.912 14.72 12.276 4.537 13.087 10.661 6.601 14.825 
3 16 12.276 4.537 13.087 12.73 6.535 13.002 10.661 6.601 14.825 
3 16 8.323 -1.856 13.766 6.18 -5.825 10.049 10.829 -1.699 11.532 
3 16 9.19 -5.544 8.059 10.829 -1.699 11.532 6.18 -5.825 10.049 
3 16 10.81 7.774 15.232 10.661 6.601 14.825 13.429 7.942 13.27 
3 16 12.73 6.535 13.002 13.429 7.942 13.27 10.661 6.601 14.825 
3 16 13.429 7.942 13.27 13.683 9.751 13.26 10.81 7.774 15.232 
3 16 10.81 7.774 15.232 13.683 9.751 13.26 11.37 9.288 14.633 
3 16 14.32 12.491 12.138 14.931 10.621 12.441 15.148 12.597 11.646 
3 16 15.715 10.751 11.951 15.148 12.597 11.646 14.931 10.621 12.441 
3 16 14.931 10.621 12.441 14.32 12.491 12.138 13.356 11.321 13.012 
3 16 14.32 12.491 12.138 12.922 12.352 12.835 13.356 11.321 13.012 
3 16 12.587 13.783 12.493 14.32 12.491 12.138 14.018 14.16 11.627 
3 16 15.148 12.597 11.646 14.018 14.16 11.627 14.32 12.491 12.138 
3 16 14.32 12.491 12.138 12.587 13.783 12.493 12.922 12.352 12.835 
3 16 14.018 14.16 11.627 11.269 16.656 12.295 12.587 13.783 12.493 
3 16 12.587 13.783 12.493 11.269 16.656 12.295 9.867 16.007 13.216 
3 16 12.922 12.352 12.835 12.587 13.783 12.493 10.499 12.036 13.598 
3 16 10.766 10.685 14.126 13.356 11.321 13.012 10.499 12.036 13.598 
3 16 12.922 12.352 12.835 10.499 12.036 13.598 13.356 11.321 13.012 
3 16 10.766 10.685 14.126 11.37 9.288 14.633 13.356 11.321 13.012 
3 16 13.356 11.321 13.012 11.37 9.288 14.633 13.683 9.751 13.26 
3 16 9.183 12.856 13.799 10.499 12.036 13.598 12.587 13.783 12.493 
3 16 12.587 13.783 12.493 9.867 16.007 13.216 9.183 12.856 13.799 
3 16 9.183 12.856 13.799 9.867 16.007 13.216 7.782 14.684 14.189 
3 16 9.183 12.856 13.799 9.154 11.329 14.299 10.499 12.036 13.598 
3 16 9.337 10.187 14.872 10.766 10.685 14.126 9.154 11.329 14.299 
3 16 10.766 10.685 14.126 10.499 12.036 13.598 9.154 11.329 14.299 
3 16 9.943 8.886 15.214 10.81 7.774 15.232 11.37 9.288 14.633 
3 16 10.766 10.685 14.126 9.337 10.187 14.872 11.37 9.288 14.633 
3 16 9.943 8.886 15.214 11.37 9.288 14.633 9.337 10.187 14.872 
3 16 11.072 18.993 7.903 12.943 17.339 8.711 11.964 19.037 7.008 
3 16 12.943 17.339 8.711 13.694 17.696 7.648 11.964 19.037 7.008 
3 16 10.314 18.535 10.286 12.431 17.221 10.535 11.072 18.993 7.903 
3 16 12.431 17.221 10.535 12.943 17.339 8.711 11.072 18.993 7.903 
3 16 11.269 16.656 12.295 12.431 17.221 10.535 8.877 18.275 11.813 
3 16 12.431 17.221 10.535 10.314 18.535 10.286 8.877 18.275 11.813 
3 16 9.867 16.007 13.216 11.269 16.656 12.295 7.572 17.848 12.634 
3 16 11.269 16.656 12.295 8.877 18.275 11.813 7.572 17.848 12.634 
3 16 7.782 14.684 14.189 9.867 16.007 13.216 5.839 17.234 13.483 
3 16 9.867 16.007 13.216 7.572 17.848 12.634 5.839 17.234 13.483 
3 16 7.736 12.368 14.786 9.154 11.329 14.299 7.782 14.684 14.189 
3 16 9.154 11.329 14.299 9.183 12.856 13.799 7.782 14.684 14.189 
3 16 7.736 12.368 14.786 8.343 10.103 15.654 9.154 11.329 14.299 
3 16 9.337 10.187 14.872 9.154 11.329 14.299 8.343 10.103 15.654 
3 16 6.56 14.481 14.503 7.782 14.684 14.189 4.973 17.013 13.821 
3 16 7.782 14.684 14.189 5.839 17.234 13.483 4.973 17.013 13.821 
3 16 6.484 -7.886 5.91 9.19 -5.544 8.059 6.18 -5.825 10.049 
3 16 2.571 -7.923 7.796 6.484 -7.886 5.91 3.858 -5.935 10.625 
3 16 6.484 -7.886 5.91 6.18 -5.825 10.049 3.858 -5.935 10.625 
3 16 8.323 -1.856 13.766 5.665 -1.565 14.128 6.18 -5.825 10.049 
3 16 3.858 -5.935 10.625 6.18 -5.825 10.049 5.665 -1.565 14.128 
3 16 8.323 -1.856 13.766 7.039 -0.089 14.722 5.665 -1.565 14.128 
3 16 8.323 -1.856 13.766 9.531 1.894 14.874 7.039 -0.089 14.722 
3 16 7.039 -0.089 14.722 9.531 1.894 14.874 8.295 2.382 14.998 
3 16 8.295 2.382 14.998 7.271 2.672 15.165 7.039 -0.089 14.722 
3 16 5.665 -1.565 14.128 7.039 -0.089 14.722 5.802 1.771 15.964 
3 16 7.039 -0.089 14.722 7.271 2.672 15.165 5.802 1.771 15.964 
3 16 8.295 2.382 14.998 9.531 1.894 14.874 10.191 4.912 14.72 
3 16 10.191 4.912 14.72 8.728 5.369 15.038 8.295 2.382 14.998 
3 16 8.295 2.382 14.998 8.728 5.369 15.038 7.271 2.672 15.165 
3 16 5.41 3.656 16.402 5.802 1.771 15.964 6.686 3.923 15.397 
3 16 5.802 1.771 15.964 7.271 2.672 15.165 6.686 3.923 15.397 
3 16 8.728 5.369 15.038 7.786 5.78 15.294 7.271 2.672 15.165 
3 16 6.686 3.923 15.397 7.271 2.672 15.165 7.786 5.78 15.294 
3 16 4.595 6.054 16.348 4.517 5.039 16.654 6.686 3.923 15.397 
3 16 5.41 3.656 16.402 6.686 3.923 15.397 4.517 5.039 16.654 
3 16 6.686 3.923 15.397 7.786 5.78 15.294 4.595 6.054 16.348 
3 16 4.595 6.054 16.348 7.786 5.78 15.294 6.367 6.577 15.904 
3 16 2.571 -7.923 7.796 1.638 -9.331 3.641 6.484 -7.886 5.91 
3 16 6.484 -7.886 5.91 1.638 -9.331 3.641 5.406 -9.247 2.275 
3 16 1.228 -9.771 -0.628 1.638 -9.331 3.641 -0.543 -9.851 -0.387 
3 16 -0.543 -9.851 -0.387 1.638 -9.331 3.641 -1.187 -10.003 1.025 
3 16 -1.187 -10.003 1.025 1.638 -9.331 3.641 -0.726 -10.067 2.595 
3 16 4.138 -1.82 16.036 2.568 -6.332 12.456 5.665 -1.565 14.128 
3 16 3.858 -5.935 10.625 5.665 -1.565 14.128 2.568 -6.332 12.456 
3 16 -1.697 -9.269 -3.874 -0.372 -9.574 -4.305 -0.543 -9.851 -0.387 
3 16 4.138 -1.82 16.036 5.665 -1.565 14.128 4.522 1.363 17.393 
3 16 5.665 -1.565 14.128 5.802 1.771 15.964 4.522 1.363 17.393 
3 16 1.638 -9.331 3.641 0.263 -9.606 6.212 -0.726 -10.067 2.595 
3 16 1.638 -9.331 3.641 2.571 -7.923 7.796 0.263 -9.606 6.212 
3 16 0.263 -9.606 6.212 2.571 -7.923 7.796 1.513 -8.463 9.363 
3 16 2.568 -6.332 12.456 1.513 -8.463 9.363 3.858 -5.935 10.625 
3 16 1.513 -8.463 9.363 2.571 -7.923 7.796 3.858 -5.935 10.625 
3 16 5.802 1.771 15.964 5.41 3.656 16.402 4.522 1.363 17.393 
3 16 4.522 1.363 17.393 5.41 3.656 16.402 4.011 3.241 17.318 
3 16 5.41 3.656 16.402 4.517 5.039 16.654 4.011 3.241 17.318 
3 16 4.011 3.241 17.318 4.517 5.039 16.654 3.094 4.738 17.057 
3 16 2.796 6.1 17.111 3.094 4.738 17.057 4.595 6.054 16.348 
3 16 4.517 5.039 16.654 4.595 6.054 16.348 3.094 4.738 17.057 
3 16 -0.543 -9.851 -0.387 -3.325 -8.822 -0.847 -1.697 -9.269 -3.874 
3 16 -2.729 -8.109 -3.916 -1.697 -9.269 -3.874 -3.325 -8.822 -0.847 
3 16 -5.609 -8.605 -0.915 -8.191 -7.471 -1.459 -4.434 -7.948 -3.916 
3 16 -4.434 -7.948 -3.916 -8.191 -7.471 -1.459 -5.196 -7.441 -4.361 
3 16 -7.507 -6.433 -4.023 -5.196 -7.441 -4.361 -8.191 -7.471 -1.459 
3 16 -8.191 -7.471 -1.459 -5.609 -8.605 -0.915 -8.65 -7.771 0.873 
3 16 -5.609 -8.605 -0.915 -6.009 -8.838 1.154 -8.65 -7.771 0.873 
3 16 -3.591 -9.114 1.541 -6.009 -8.838 1.154 -3.325 -8.822 -0.847 
3 16 -6.009 -8.838 1.154 -5.609 -8.605 -0.915 -3.325 -8.822 -0.847 
3 16 -0.726 -10.067 2.595 -3.535 -8.996 2.89 -1.187 -10.003 1.025 
3 16 -3.591 -9.114 1.541 -1.187 -10.003 1.025 -3.535 -8.996 2.89 
3 16 -4.878 -9.064 2.722 -3.535 -8.996 2.89 -5.269 -8.447 5.594 
3 16 -3.535 -8.996 2.89 -3.839 -8.418 5.738 -5.269 -8.447 5.594 
3 16 -10.286 -4.698 -4.642 -7.507 -6.433 -4.023 -12.559 -6.385 -1.247 
3 16 -7.507 -6.433 -4.023 -8.191 -7.471 -1.459 -12.559 -6.385 -1.247 
3 16 -6.009 -8.838 1.154 -6.221 -8.827 2.554 -8.65 -7.771 0.873 
3 16 -8.65 -7.771 0.873 -6.221 -8.827 2.554 -8.592 -7.76 2.319 
3 16 -6.221 -8.827 2.554 -6.7 -8.171 5.45 -8.592 -7.76 2.319 
3 16 -9.066 -7.198 4.351 -8.592 -7.76 2.319 -6.7 -8.171 5.45 
3 16 -12.559 -6.385 -1.247 -14.169 -4.08 -2.032 -10.286 -4.698 -4.642 
3 16 -11.484 -2.216 -4.744 -10.286 -4.698 -4.642 -14.169 -4.08 -2.032 
3 16 -14.169 -4.08 -2.032 -13.712 -1.851 -1.81 -11.484 -2.216 -4.744 
3 16 -11.099 0.12 -4.372 -11.484 -2.216 -4.744 -13.712 -1.851 -1.81 
3 16 -12.794 -0.059 -1.026 -11.099 0.12 -4.372 -13.712 -1.851 -1.81 
3 16 -10.872 1.107 -4.026 -11.099 0.12 -4.372 -11.403 1.143 -2.084 
3 16 -12.559 -6.385 -1.247 -8.191 -7.471 -1.459 -8.65 -7.771 0.873 
3 16 -13.712 -1.851 -1.81 -14.662 -1.812 0.596 -12.794 -0.059 -1.026 
3 16 -13.714 -0.281 0.399 -12.794 -0.059 -1.026 -14.662 -1.812 0.596 
3 16 -12.794 -0.059 -1.026 -14.102 0.996 0.776 -11.877 1.464 -0.923 
3 16 -11.877 1.464 -0.923 -14.102 0.996 0.776 -12.301 1.989 -0.567 
3 16 -14.102 0.996 0.776 -12.794 -0.059 -1.026 -13.714 -0.281 0.399 
3 16 -15.608 -4.122 1.102 -14.662 -1.812 0.596 -14.169 -4.08 -2.032 
3 16 -13.712 -1.851 -1.81 -14.169 -4.08 -2.032 -14.662 -1.812 0.596 
3 16 -12.559 -6.385 -1.247 -14.181 -6.66 2.036 -14.169 -4.08 -2.032 
3 16 -15.608 -4.122 1.102 -14.169 -4.08 -2.032 -14.181 -6.66 2.036 
3 16 -12.559 -6.385 -1.247 -8.65 -7.771 0.873 -14.181 -6.66 2.036 
3 16 -14.181 -6.66 2.036 -8.65 -7.771 0.873 -11.792 -7.598 3.95 
3 16 -8.65 -7.771 0.873 -8.592 -7.76 2.319 -11.792 -7.598 3.95 
3 16 -8.592 -7.76 2.319 -9.066 -7.198 4.351 -11.792 -7.598 3.95 
3 16 -14.662 -1.812 0.596 -15.517 0.193 2.147 -13.714 -0.281 0.399 
3 16 -14.102 0.996 0.776 -13.714 -0.281 0.399 -15.517 0.193 2.147 
3 16 -14.662 -1.812 0.596 -15.608 -4.122 1.102 -15.517 0.193 2.147 
3 16 -15.517 0.193 2.147 -15.608 -4.122 1.102 -16.039 -2.876 2.664 
3 16 -16.039 -2.876 2.664 -15.608 -4.122 1.102 -15.133 -5.785 3.948 
3 16 -15.608 -4.122 1.102 -14.181 -6.66 2.036 -15.133 -5.785 3.948 
3 16 -9.477 -6.36 6.403 -12.918 -6.79 5.826 -9.066 -7.198 4.351 
3 16 -11.792 -7.598 3.95 -9.066 -7.198 4.351 -12.918 -6.79 5.826 
3 16 -11.792 -7.598 3.95 -12.918 -6.79 5.826 -14.181 -6.66 2.036 
3 16 -12.918 -6.79 5.826 -15.133 -5.785 3.948 -14.181 -6.66 2.036 
3 16 -12.301 1.989 -0.567 -14.102 0.996 0.776 -14.181 3.661 0.663 
3 16 -12.301 1.989 -0.567 -14.181 3.661 0.663 -12.893 3.651 0.037 
3 16 -15.517 0.193 2.147 -15.765 3.268 1.771 -14.102 0.996 0.776 
3 16 -14.181 3.661 0.663 -14.102 0.996 0.776 -15.765 3.268 1.771 
3 16 -14.434 4.641 1.598 -14.181 3.661 0.663 -15.765 3.268 1.771 
3 16 -15.809 2.137 5.06 -15.636 4.983 4.367 -15.517 0.193 2.147 
3 16 -15.636 4.983 4.367 -15.765 3.268 1.771 -15.517 0.193 2.147 
3 16 -15.133 -5.785 3.948 -15.286 -3.483 6.698 -16.039 -2.876 2.664 
3 16 -16.039 -2.876 2.664 -15.286 -3.483 6.698 -15.827 -1.199 5.77 
3 16 -10.364 -3.402 9.726 -13.75 -4.042 8.996 -9.477 -6.36 6.403 
3 16 -12.918 -6.79 5.826 -9.477 -6.36 6.403 -13.75 -4.042 8.996 
3 16 -12.918 -6.79 5.826 -13.75 -4.042 8.996 -15.133 -5.785 3.948 
3 16 -15.133 -5.785 3.948 -13.75 -4.042 8.996 -15.286 -3.483 6.698 
3 16 -15.827 -1.199 5.77 -15.809 2.137 5.06 -16.039 -2.876 2.664 
3 16 -16.039 -2.876 2.664 -15.809 2.137 5.06 -15.517 0.193 2.147 
3 16 -15.765 3.268 1.771 -15.636 4.983 4.367 -14.434 4.641 1.598 
3 16 -14.434 4.641 1.598 -15.636 4.983 4.367 -14.048 6.121 3.662 
3 16 -7.212 -6.97 7.959 -9.477 -6.36 6.403 -6.7 -8.171 5.45 
3 16 -9.477 -6.36 6.403 -9.066 -7.198 4.351 -6.7 -8.171 5.45 
3 16 -9.477 -6.36 6.403 -7.212 -6.97 7.959 -10.364 -3.402 9.726 
3 16 -10.364 -3.402 9.726 -7.212 -6.97 7.959 -8.371 -3.811 11.056 
3 16 -3.839 -8.418 5.738 -3.936 -7.419 8.653 -5.605 -7.255 8.415 
3 16 -6.895 -4.09 11.88 -5.605 -7.255 8.415 -3.54 -4.86 12.425 
3 16 -5.605 -7.255 8.415 -3.936 -7.419 8.653 -3.54 -4.86 12.425 
3 16 -4.878 -9.064 2.722 -3.591 -9.114 1.541 -3.535 -8.996 2.89 
3 16 -3.591 -9.114 1.541 -3.325 -8.822 -0.847 -1.187 -10.003 1.025 
3 16 -3.325 -8.822 -0.847 -0.543 -9.851 -0.387 -1.187 -10.003 1.025 
3 16 0.263 -9.606 6.212 -2.086 -9.354 6.119 -0.726 -10.067 2.595 
3 16 -2.086 -9.354 6.119 -2.269 -9.711 3.691 -0.726 -10.067 2.595 
3 16 1.513 -8.463 9.363 -1.161 -8.247 9.345 0.263 -9.606 6.212 
3 16 -1.161 -8.247 9.345 -2.086 -9.354 6.119 0.263 -9.606 6.212 
3 16 -0.382 -5.966 12.425 -1.161 -8.247 9.345 2.568 -6.332 12.456 
3 16 -1.161 -8.247 9.345 1.513 -8.463 9.363 2.568 -6.332 12.456 
3 16 4.522 1.363 17.393 1.322 1.327 17.316 4.138 -1.82 16.036 
3 16 1.147 -1.617 15.973 4.138 -1.82 16.036 1.322 1.327 17.316 
3 16 -8.371 -3.811 11.056 -9.06 0.601 11.936 -10.364 -3.402 9.726 
3 16 -10.364 -3.402 9.726 -9.06 0.601 11.936 -11.388 0.608 10.713 
3 16 -3.54 -4.86 12.425 -3.936 -7.419 8.653 -1.496 -5.742 12.659 
3 16 -3.936 -7.419 8.653 -2.067 -8.126 9.443 -1.496 -5.742 12.659 
3 16 -2.067 -8.126 9.443 -3.936 -7.419 8.653 -2.086 -9.354 6.119 
3 16 -3.936 -7.419 8.653 -3.839 -8.418 5.738 -2.086 -9.354 6.119 
3 16 -6.895 -4.09 11.88 -3.54 -4.86 12.425 -5.941 -3.039 12.413 
3 16 -0.071 -1.526 16.216 1.147 -1.617 15.973 0 1.495 17.547 
3 16 1.147 -1.617 15.973 1.322 1.327 17.316 0 1.495 17.547 
3 16 2.568 -6.332 12.456 4.138 -1.82 16.036 -0.382 -5.966 12.425 
3 16 4.138 -1.82 16.036 1.147 -1.617 15.973 -0.382 -5.966 12.425 
3 16 1.147 -1.617 15.973 -0.071 -1.526 16.216 -0.382 -5.966 12.425 
3 16 -0.382 -5.966 12.425 -0.071 -1.526 16.216 -1.496 -5.742 12.659 
3 16 -5.941 -3.039 12.413 -3.54 -4.86 12.425 -4.709 -2.61 12.917 
3 16 -2.067 -8.126 9.443 -1.161 -8.247 9.345 -1.496 -5.742 12.659 
3 16 -1.496 -5.742 12.659 -1.161 -8.247 9.345 -0.382 -5.966 12.425 
3 16 -2.067 -8.126 9.443 -2.086 -9.354 6.119 -1.161 -8.247 9.345 
3 16 -0.726 -10.067 2.595 -2.269 -9.711 3.691 -3.535 -8.996 2.89 
3 16 -3.839 -8.418 5.738 -3.535 -8.996 2.89 -2.086 -9.354 6.119 
3 16 -3.535 -8.996 2.89 -2.269 -9.711 3.691 -2.086 -9.354 6.119 
3 16 -1.496 -5.742 12.659 -0.071 -1.526 16.216 -3.54 -4.86 12.425 
3 16 -3.54 -4.86 12.425 -0.071 -1.526 16.216 -2.206 -1.108 16.088 
3 16 -3.54 -4.86 12.425 -2.206 -1.108 16.088 -4.709 -2.61 12.917 
3 16 -4.709 -2.61 12.917 -2.206 -1.108 16.088 -4.308 -0.416 14.021 
3 16 -5.941 -3.039 12.413 -4.709 -2.61 12.917 -5.72 0.021 13.522 
3 16 -4.709 -2.61 12.917 -4.308 -0.416 14.021 -5.72 0.021 13.522 
3 16 -6.895 -4.09 11.88 -5.941 -3.039 12.413 -7.324 0.251 13.452 
3 16 -5.941 -3.039 12.413 -5.72 0.021 13.522 -7.324 0.251 13.452 
3 16 0 1.495 17.547 -2.146 1.863 17.234 -0.071 -1.526 16.216 
3 16 -2.206 -1.108 16.088 -0.071 -1.526 16.216 -2.146 1.863 17.234 
3 16 1.322 1.327 17.316 4.522 1.363 17.393 1.229 3.046 17.394 
3 16 4.522 1.363 17.393 4.011 3.241 17.318 1.229 3.046 17.394 
3 16 1.229 3.046 17.394 -0.182 3.098 17.705 1.322 1.327 17.316 
3 16 1.322 1.327 17.316 -0.182 3.098 17.705 0 1.495 17.547 
3 16 -0.182 3.098 17.705 -2.321 3.263 17.65 0 1.495 17.547 
3 16 -2.146 1.863 17.234 0 1.495 17.547 -2.321 3.263 17.65 
3 16 -0.182 3.098 17.705 -0.453 5.336 17.373 -2.321 3.263 17.65 
3 16 -2.321 3.263 17.65 -0.453 5.336 17.373 -2.663 4.744 17.595 
3 16 4.011 3.241 17.318 3.094 4.738 17.057 1.229 3.046 17.394 
3 16 1.229 3.046 17.394 3.094 4.738 17.057 0.94 4.763 17.164 
3 16 -0.453 5.336 17.373 -0.182 3.098 17.705 0.94 4.763 17.164 
3 16 1.229 3.046 17.394 0.94 4.763 17.164 -0.182 3.098 17.705 
3 16 10.191 4.912 14.72 10.661 6.601 14.825 8.728 5.369 15.038 
3 16 8.728 5.369 15.038 10.661 6.601 14.825 9.166 6.492 15.284 
3 16 10.81 7.774 15.232 8.37 7.754 15.779 10.661 6.601 14.825 
3 16 9.166 6.492 15.284 10.661 6.601 14.825 8.37 7.754 15.779 
3 16 8.37 7.754 15.779 10.81 7.774 15.232 8.309 9.001 15.833 
3 16 10.81 7.774 15.232 9.943 8.886 15.214 8.309 9.001 15.833 
3 16 8.309 9.001 15.833 9.943 8.886 15.214 8.343 10.103 15.654 
3 16 9.943 8.886 15.214 9.337 10.187 14.872 8.343 10.103 15.654 
3 16 8.37 7.754 15.779 7.786 5.78 15.294 9.166 6.492 15.284 
3 16 7.786 5.78 15.294 8.728 5.369 15.038 9.166 6.492 15.284 
3 16 4.595 6.054 16.348 6.367 6.577 15.904 3.131 7.764 17.167 
3 16 7.786 5.78 15.294 8.37 7.754 15.779 6.367 6.577 15.904 
3 16 6.367 6.577 15.904 8.37 7.754 15.779 6.741 8.046 16.553 
3 16 6.741 8.046 16.553 8.37 7.754 15.779 6.875 9.34 16.854 
3 16 8.37 7.754 15.779 8.309 9.001 15.833 6.875 9.34 16.854 
3 16 8.343 10.103 15.654 6.8 10.48 16.77 8.309 9.001 15.833 
3 16 8.309 9.001 15.833 6.8 10.48 16.77 6.875 9.34 16.854 
3 16 7.736 12.368 14.786 6.356 12.453 16.225 8.343 10.103 15.654 
3 16 6.8 10.48 16.77 8.343 10.103 15.654 6.356 12.453 16.225 
3 16 3.942 16.86 14.556 5.6 14.297 15.827 4.973 17.013 13.821 
3 16 5.6 14.297 15.827 6.56 14.481 14.503 4.973 17.013 13.821 
3 16 -10.364 -3.402 9.726 -11.388 0.608 10.713 -13.75 -4.042 8.996 
3 16 -13.75 -4.042 8.996 -11.388 0.608 10.713 -14.343 -0.519 9.516 
3 16 -15.827 -1.199 5.77 -15.286 -3.483 6.698 -14.343 -0.519 9.516 
3 16 -15.286 -3.483 6.698 -13.75 -4.042 8.996 -14.343 -0.519 9.516 
3 16 -0.453 5.336 17.373 -2.406 7.846 16.524 -2.663 4.744 17.595 
3 16 -4.011 6.587 16.598 -2.663 4.744 17.595 -2.406 7.846 16.524 
3 16 3.094 4.738 17.057 2.796 6.1 17.111 0.94 4.763 17.164 
3 16 0.94 4.763 17.164 2.796 6.1 17.111 0.965 6.324 17.399 
3 16 0.94 4.763 17.164 0.965 6.324 17.399 -0.453 5.336 17.373 
3 16 -0.453 5.336 17.373 0.965 6.324 17.399 -0.136 7.304 17.774 
3 16 1.158 8.421 17.967 -0.136 7.304 17.774 0.965 6.324 17.399 
3 16 -0.453 5.336 17.373 -0.136 7.304 17.774 -2.406 7.846 16.524 
3 16 -0.136 7.304 17.774 -1.349 9.091 17.391 -2.406 7.846 16.524 
3 16 0.965 6.324 17.399 2.796 6.1 17.111 1.158 8.421 17.967 
3 16 1.158 8.421 17.967 2.796 6.1 17.111 3.131 7.764 17.167 
3 16 -2.206 -1.108 16.088 -2.146 1.863 17.234 -4.308 -0.416 14.021 
3 16 -4.308 -0.416 14.021 -2.146 1.863 17.234 -3.947 2.398 14.904 
3 16 -3.947 2.398 14.904 -5.228 2.702 13.722 -4.308 -0.416 14.021 
3 16 -5.72 0.021 13.522 -4.308 -0.416 14.021 -5.228 2.702 13.722 
3 16 -2.146 1.863 17.234 -2.321 3.263 17.65 -3.947 2.398 14.904 
3 16 -3.947 2.398 14.904 -2.321 3.263 17.65 -3.88 3.722 15.144 
3 16 -2.321 3.263 17.65 -2.663 4.744 17.595 -3.88 3.722 15.144 
3 16 -2.663 4.744 17.595 -4.159 4.941 15.367 -3.88 3.722 15.144 
3 16 -3.88 3.722 15.144 -4.924 4.015 13.555 -3.947 2.398 14.904 
3 16 -5.228 2.702 13.722 -3.947 2.398 14.904 -4.924 4.015 13.555 
3 16 -2.663 4.744 17.595 -4.011 6.587 16.598 -4.159 4.941 15.367 
3 16 -4.159 4.941 15.367 -4.011 6.587 16.598 -5.165 6.125 15.027 
3 16 -4.159 4.941 15.367 -5.206 5.112 13.403 -3.88 3.722 15.144 
3 16 -4.924 4.015 13.555 -3.88 3.722 15.144 -5.206 5.112 13.403 
3 16 -5.165 6.125 15.027 -5.678 6.117 13.085 -4.159 4.941 15.367 
3 16 -5.206 5.112 13.403 -4.159 4.941 15.367 -5.678 6.117 13.085 
3 16 -6.998 2.897 13.713 -7.324 0.251 13.452 -5.228 2.702 13.722 
3 16 -7.324 0.251 13.452 -5.72 0.021 13.522 -5.228 2.702 13.722 
3 16 -6.179 4.425 13.005 -6.998 2.897 13.713 -4.924 4.015 13.555 
3 16 -6.998 2.897 13.713 -5.228 2.702 13.722 -4.924 4.015 13.555 
3 16 -6.179 4.425 13.005 -4.924 4.015 13.555 -5.206 5.112 13.403 
3 16 1.158 8.421 17.967 0.019 10.397 17.658 -0.136 7.304 17.774 
3 16 -1.349 9.091 17.391 -0.136 7.304 17.774 0.019 10.397 17.658 
3 16 6.367 6.577 15.904 6.741 8.046 16.553 3.131 7.764 17.167 
3 16 3.131 7.764 17.167 6.741 8.046 16.553 3.289 9.458 17.078 
3 16 6.741 8.046 16.553 6.875 9.34 16.854 3.289 9.458 17.078 
3 16 3.289 9.458 17.078 6.875 9.34 16.854 3.288 10.527 16.907 
3 16 6.875 9.34 16.854 6.8 10.48 16.77 3.288 10.527 16.907 
3 16 3.288 10.527 16.907 6.8 10.48 16.77 3.212 11.361 16.728 
3 16 -4.615 9.878 14.528 -3.839 9.275 15.498 -3.65 11.423 14.923 
3 16 -3.839 9.275 15.498 -2.605 10.755 16.255 -3.65 11.423 14.923 
3 16 -3.65 11.423 14.923 -4.31 11.694 13.325 -4.615 9.878 14.528 
3 16 -4.615 9.878 14.528 -4.31 11.694 13.325 -5.163 10.244 13.02 
3 16 -2.605 10.755 16.255 -3.077 13.003 15.237 -3.65 11.423 14.923 
3 16 0.019 10.397 17.658 1.158 8.421 17.967 3.289 9.458 17.078 
3 16 3.131 7.764 17.167 3.289 9.458 17.078 1.158 8.421 17.967 
3 16 6.356 12.453 16.225 2.849 12.918 16.339 6.8 10.48 16.77 
3 16 6.8 10.48 16.77 2.849 12.918 16.339 3.212 11.361 16.728 
3 16 -2.605 10.755 16.255 -1.349 9.091 17.391 -0.764 12.527 16.754 
3 16 -1.349 9.091 17.391 0.019 10.397 17.658 -0.764 12.527 16.754 
3 16 -2.605 10.755 16.255 -3.839 9.275 15.498 -1.349 9.091 17.391 
3 16 -2.406 7.846 16.524 -1.349 9.091 17.391 -3.839 9.275 15.498 
3 16 -5.588 7.774 15.56 -4.011 6.587 16.598 -3.839 9.275 15.498 
3 16 -4.011 6.587 16.598 -2.406 7.846 16.524 -3.839 9.275 15.498 
3 16 -4.011 6.587 16.598 -5.588 7.774 15.56 -5.165 6.125 15.027 
3 16 -5.165 6.125 15.027 -5.588 7.774 15.56 -6.681 7.393 13.982 
3 16 -5.165 6.125 15.027 -6.681 7.393 13.982 -5.678 6.117 13.085 
3 16 -5.678 6.117 13.085 -6.681 7.393 13.982 -6.901 7.327 12.42 
3 16 3.289 9.458 17.078 3.288 10.527 16.907 0.019 10.397 17.658 
3 16 3.288 10.527 16.907 0.744 11.63 17.077 0.019 10.397 17.658 
3 16 -0.764 12.527 16.754 0.744 11.63 17.077 3.212 11.361 16.728 
3 16 3.288 10.527 16.907 3.212 11.361 16.728 0.744 11.63 17.077 
3 16 0.744 11.63 17.077 -0.764 12.527 16.754 0.019 10.397 17.658 
3 16 14.63 17.973 6.339 15.622 17.972 4.367 13.016 19.125 5.651 
3 16 13.016 19.125 5.651 15.622 17.972 4.367 13.698 19.094 3.689 
3 16 7.736 12.368 14.786 6.56 14.481 14.503 6.356 12.453 16.225 
3 16 6.356 12.453 16.225 6.56 14.481 14.503 5.6 14.297 15.827 
3 16 7.736 12.368 14.786 7.782 14.684 14.189 6.56 14.481 14.503 
3 16 13.694 17.696 7.648 14.63 17.973 6.339 11.964 19.037 7.008 
3 16 14.63 17.973 6.339 13.016 19.125 5.651 11.964 19.037 7.008 
3 16 2.849 12.918 16.339 6.356 12.453 16.225 2.555 14.331 16 
3 16 6.356 12.453 16.225 5.6 14.297 15.827 2.555 14.331 16 
3 16 2.555 14.331 16 5.6 14.297 15.827 1.876 16.917 15.127 
3 16 5.6 14.297 15.827 3.942 16.86 14.556 1.876 16.917 15.127 
3 16 3.212 11.361 16.728 2.849 12.918 16.339 -0.764 12.527 16.754 
3 16 -0.764 12.527 16.754 2.849 12.918 16.339 -0.962 13.46 16.507 
3 16 -0.962 13.46 16.507 2.849 12.918 16.339 -1.031 14.739 16.676 
3 16 2.849 12.918 16.339 2.555 14.331 16 -1.031 14.739 16.676 
3 16 -1.031 14.739 16.676 2.555 14.331 16 -0.628 16.95 16.031 
3 16 2.555 14.331 16 1.876 16.917 15.127 -0.628 16.95 16.031 
3 16 -3.077 13.003 15.237 -4.193 13.181 13.448 -3.65 11.423 14.923 
3 16 -4.31 11.694 13.325 -3.65 11.423 14.923 -4.193 13.181 13.448 
3 16 -2.605 10.755 16.255 -0.764 12.527 16.754 -3.077 13.003 15.237 
3 16 -0.764 12.527 16.754 -0.962 13.46 16.507 -3.077 13.003 15.237 
3 16 -6.52 8.446 14.152 -5.588 7.774 15.56 -4.615 9.878 14.528 
3 16 -5.588 7.774 15.56 -3.839 9.275 15.498 -4.615 9.878 14.528 
3 16 -6.681 7.393 13.982 -5.588 7.774 15.56 -6.52 8.446 14.152 
3 16 -4.615 9.878 14.528 -5.163 10.244 13.02 -6.52 8.446 14.152 
3 16 -6.52 8.446 14.152 -5.163 10.244 13.02 -6.732 8.71 12.478 
3 16 -6.901 7.327 12.42 -6.681 7.393 13.982 -6.732 8.71 12.478 
3 16 -6.681 7.393 13.982 -6.52 8.446 14.152 -6.732 8.71 12.478 
3 16 -3.351 14.559 15.109 -3.077 13.003 15.237 -1.031 14.739 16.676 
3 16 -3.077 13.003 15.237 -0.962 13.46 16.507 -1.031 14.739 16.676 
3 16 -1.031 14.739 16.676 -0.628 16.95 16.031 -3.351 14.559 15.109 
3 16 -3.351 14.559 15.109 -0.628 16.95 16.031 -2.197 17.059 14.06 
3 16 -3.077 13.003 15.237 -3.351 14.559 15.109 -4.193 13.181 13.448 
3 16 -4.193 13.181 13.448 -3.351 14.559 15.109 -3.913 14.843 13.209 
3 16 -3.351 14.559 15.109 -2.197 17.059 14.06 -3.913 14.843 13.209 
3 16 -7.144 5.561 10.748 -6.179 4.425 13.005 -5.742 5.317 11.59 
3 16 -6.179 4.425 13.005 -5.206 5.112 13.403 -5.742 5.317 11.59 
3 16 -8.843 3.399 11.675 -6.179 4.425 13.005 -7.99 4.917 11.092 
3 16 -6.179 4.425 13.005 -7.144 5.561 10.748 -7.99 4.917 11.092 
3 16 -8.843 3.399 11.675 -12.143 3.812 10.221 -9.06 0.601 11.936 
3 16 -11.388 0.608 10.713 -9.06 0.601 11.936 -12.143 3.812 10.221 
3 16 -4.193 13.181 13.448 -3.913 14.843 13.209 -4.345 13.473 12.19 
3 16 -8.843 3.399 11.675 -7.99 4.917 11.092 -12.143 3.812 10.221 
3 16 -12.143 3.812 10.221 -7.99 4.917 11.092 -10.394 5.81 9.69 
3 16 -9.159 6.659 9.13 -10.394 5.81 9.69 -7.144 5.561 10.748 
3 16 -10.394 5.81 9.69 -7.99 4.917 11.092 -7.144 5.561 10.748 
3 16 -11.388 0.608 10.713 -12.143 3.812 10.221 -14.343 -0.519 9.516 
3 16 -14.343 -0.519 9.516 -12.143 3.812 10.221 -14.379 3.211 9.148 
3 16 -15.809 2.137 5.06 -15.827 -1.199 5.77 -14.379 3.211 9.148 
3 16 -15.827 -1.199 5.77 -14.343 -0.519 9.516 -14.379 3.211 9.148 
3 16 -14.465 5.959 7.344 -14.379 3.211 9.148 -13.256 5.887 8.548 
3 16 -12.143 3.812 10.221 -13.256 5.887 8.548 -14.379 3.211 9.148 
3 16 -14.379 3.211 9.148 -14.465 5.959 7.344 -15.809 2.137 5.06 
3 16 -15.809 2.137 5.06 -14.465 5.959 7.344 -15.636 4.983 4.367 
3 16 -12.143 3.812 10.221 -10.394 5.81 9.69 -13.256 5.887 8.548 
3 16 -13.256 5.887 8.548 -10.394 5.81 9.69 -12.04 6.767 7.911 
3 16 -13.164 6.916 6.122 -14.465 5.959 7.344 -12.04 6.767 7.911 
3 16 -14.465 5.959 7.344 -13.256 5.887 8.548 -12.04 6.767 7.911 
3 16 -14.465 5.959 7.344 -13.164 6.916 6.122 -15.636 4.983 4.367 
3 16 -15.636 4.983 4.367 -13.164 6.916 6.122 -14.048 6.121 3.662 
3 16 -12.852 5.184 1.447 -12.893 3.651 0.037 -14.434 4.641 1.598 
3 16 -14.181 3.661 0.663 -14.434 4.641 1.598 -12.893 3.651 0.037 
3 16 -10.394 5.81 9.69 -9.159 6.659 9.13 -12.04 6.767 7.911 
3 16 -12.04 6.767 7.911 -9.159 6.659 9.13 -10.729 7.268 7.184 
3 16 -12.04 6.767 7.911 -10.729 7.268 7.184 -13.164 6.916 6.122 
3 16 -13.164 6.916 6.122 -10.729 7.268 7.184 -11.695 7.302 5.523 
3 16 -13.164 6.916 6.122 -11.695 7.302 5.523 -14.048 6.121 3.662 
3 16 -14.048 6.121 3.662 -11.695 7.302 5.523 -12.505 6.419 3.176 
3 16 -14.434 4.641 1.598 -14.048 6.121 3.662 -12.852 5.184 1.447 
3 16 -14.048 6.121 3.662 -12.505 6.419 3.176 -12.852 5.184 1.447 
3 16 10.314 18.535 10.286 11.072 18.993 7.903 8.427 19.079 9.891 
3 16 8.877 18.275 11.813 10.314 18.535 10.286 8.427 19.079 9.891 
3 16 8.427 19.079 9.891 6.2 18.776 11.341 8.877 18.275 11.813 
3 16 7.572 17.848 12.634 8.877 18.275 11.813 6.2 18.776 11.341 
3 16 5.839 17.234 13.483 7.572 17.848 12.634 3.639 18.617 12.367 
3 16 7.572 17.848 12.634 6.2 18.776 11.341 3.639 18.617 12.367 
3 16 4.973 17.013 13.821 5.839 17.234 13.483 3.639 18.617 12.367 
3 16 3.942 16.86 14.556 4.973 17.013 13.821 3.639 18.617 12.367 
3 16 1.218 18.717 12.877 1.876 16.917 15.127 3.639 18.617 12.367 
3 16 1.876 16.917 15.127 3.942 16.86 14.556 3.639 18.617 12.367 
3 16 -4.495 -0.168 10.851 -8.305 -0.168 8.305 -7.144 5.561 10.748 
3 16 -0.27 18.744 12.934 -2.243 17.295 12.705 -2.197 17.059 14.06 
3 16 -0.27 18.744 12.934 1.876 16.917 15.127 1.218 18.717 12.877 
3 16 -0.27 18.744 12.934 -2.197 17.059 14.06 -0.628 16.95 16.031 
3 16 -2.243 17.295 12.705 -4.054 14.975 12.283 -2.197 17.059 14.06 
3 16 -3.913 14.843 13.209 -2.197 17.059 14.06 -4.054 14.975 12.283 
3 16 -4.345 13.473 12.19 -3.913 14.843 13.209 -4.054 14.975 12.283 
3 16 -4.286 11.749 12.207 -4.31 11.694 13.325 -4.345 13.473 12.19 
3 16 -4.31 11.694 13.325 -4.193 13.181 13.448 -4.345 13.473 12.19 
3 16 -4.31 11.694 13.325 -4.286 11.749 12.207 -5.163 10.244 13.02 
3 16 -5.163 10.244 13.02 -4.286 11.749 12.207 -4.979 10.214 11.929 
3 16 -5.163 10.244 13.02 -4.979 10.214 11.929 -6.732 8.71 12.478 
3 16 -6.732 8.71 12.478 -4.979 10.214 11.929 -6.412 8.751 11.232 
3 16 -6.598 7.324 11.125 -6.901 7.327 12.42 -6.412 8.751 11.232 
3 16 -6.901 7.327 12.42 -6.732 8.71 12.478 -6.412 8.751 11.232 
3 16 -5.678 6.117 13.085 -6.901 7.327 12.42 -5.528 6.104 11.701 
3 16 -5.528 6.104 11.701 -6.901 7.327 12.42 -6.598 7.324 11.125 
3 16 -5.742 5.317 11.59 -5.206 5.112 13.403 -5.528 6.104 11.701 
3 16 -5.528 6.104 11.701 -5.206 5.112 13.403 -5.678 6.117 13.085 
3 16 -0.721 18.916 -12.915 -3.835 17.114 -13.661 -3.795 16.973 -12.305 
3 16 -7.507 -6.433 -4.023 -10.286 -4.698 -4.642 -7.619 -6.057 -4.871 
3 16 -10.286 -4.436 -5.431 -7.619 -6.057 -4.871 -10.286 -4.698 -4.642 
3 16 -11.341 -1.886 -5.616 -10.286 -4.436 -5.431 -11.484 -2.216 -4.744 
3 16 -10.286 -4.436 -5.431 -10.286 -4.698 -4.642 -11.484 -2.216 -4.744 
3 16 -11.484 -2.216 -4.744 -11.099 0.12 -4.372 -11.341 -1.886 -5.616 
3 16 -10.812 0.375 -5.376 -11.341 -1.886 -5.616 -11.099 0.12 -4.372 
3 16 -10.872 1.107 -4.026 -10.429 1.327 -5.219 -11.099 0.12 -4.372 
3 16 -10.429 1.327 -5.219 -10.812 0.375 -5.376 -11.099 0.12 -4.372 
3 16 -6.491 7.287 -12.581 -6.87 4.317 -11.847 -6.128 7.274 -11.391 
3 16 -6.128 7.274 -11.391 -6.87 4.317 -11.847 -6.659 4.892 -11.071 
3 16 -6.491 7.287 -12.581 -6.706 6.867 -14.6 -6.87 4.317 -11.847 
3 16 -6.706 6.867 -14.6 -6.639 4.258 -13.969 -6.87 4.317 -11.847 
3 16 -11.099 0.12 -4.372 -12.794 -0.059 -1.026 -11.403 1.143 -2.084 
3 16 -12.794 -0.059 -1.026 -11.877 1.464 -0.923 -11.403 1.143 -2.084 
3 16 -8.305 -0.168 8.305 -10.729 7.268 7.184 -9.159 6.659 9.13 
3 16 -11.877 1.464 -0.923 -12.301 1.989 -0.567 -11.745 -0.168 0 
3 16 13.865 18.904 -0.087 11.745 -0.168 0 13.827 18.872 1.323 
3 16 11.745 -0.168 0 10.851 -0.168 4.495 13.827 18.872 1.323 
3 16 13.827 18.872 1.323 10.851 -0.168 4.495 13.698 19.094 3.689 
3 16 -3.795 16.973 -12.305 -6.471 14.998 -11.147 -6.128 7.274 -11.391 
3 16 -8.305 -0.168 -8.305 -10.051 2.144 -7.159 -10.429 1.327 -5.219 
3 16 -10.851 -0.168 -4.495 -10.429 1.327 -5.219 -10.872 1.107 -4.026 
3 16 -10.851 -0.168 -4.495 -10.872 1.107 -4.026 -11.403 1.143 -2.084 
3 16 -11.745 -0.168 0 -11.403 1.143 -2.084 -11.877 1.464 -0.923 
3 16 -11.745 -0.168 0 -10.851 -0.168 4.495 -0.036 -0.168 -0.388 
3 16 -10.851 -0.168 4.495 -8.305 -0.168 8.305 -0.036 -0.168 -0.388 
3 16 -8.305 -0.168 8.305 -4.495 -0.168 10.851 -0.036 -0.168 -0.388 
3 16 -4.495 -0.168 10.851 0 -0.168 11.745 -0.036 -0.168 -0.388 
3 16 0 -0.168 11.745 4.495 -0.168 10.851 -0.036 -0.168 -0.388 
3 16 4.495 -0.168 10.851 8.305 -0.168 8.305 -0.036 -0.168 -0.388 
3 16 8.305 -0.168 8.305 10.851 -0.168 4.495 -0.036 -0.168 -0.388 
3 16 10.851 -0.168 4.495 11.745 -0.168 0 -0.036 -0.168 -0.388 
3 16 11.745 -0.168 0 10.851 -0.168 -4.495 -0.036 -0.168 -0.388 
3 16 10.851 -0.168 -4.495 8.305 -0.168 -8.305 -0.036 -0.168 -0.388 
3 16 8.305 -0.168 -8.305 4.495 -0.168 -10.851 -0.036 -0.168 -0.388 
3 16 4.495 -0.168 -10.851 0 -0.168 -11.745 -0.036 -0.168 -0.388 
3 16 0 -0.168 -11.745 -4.495 -0.168 -10.851 -0.036 -0.168 -0.388 
3 16 -4.495 -0.168 -10.851 -8.305 -0.168 -8.305 -0.036 -0.168 -0.388 
3 16 -8.305 -0.168 -8.305 -10.851 -0.168 -4.495 -0.036 -0.168 -0.388 
3 16 -10.851 -0.168 -4.495 -11.745 -0.168 0 -0.036 -0.168 -0.388 
3 16 -8.843 3.399 11.675 -6.998 2.897 13.713 -6.179 4.425 13.005 
3 16 -8.843 3.399 11.675 -9.06 0.601 11.936 -6.998 2.897 13.713 
3 16 -9.06 0.601 11.936 -7.324 0.251 13.452 -6.998 2.897 13.713 
3 16 -9.06 0.601 11.936 -8.371 -3.811 11.056 -7.324 0.251 13.452 
3 16 -8.371 -3.811 11.056 -6.895 -4.09 11.88 -7.324 0.251 13.452 
3 16 -5.605 -7.255 8.415 -6.895 -4.09 11.88 -7.212 -6.97 7.959 
3 16 -8.371 -3.811 11.056 -7.212 -6.97 7.959 -6.895 -4.09 11.88 
3 16 -3.839 -8.418 5.738 -5.605 -7.255 8.415 -5.269 -8.447 5.594 
3 16 -0.27 18.744 12.934 -0.628 16.95 16.031 1.876 16.917 15.127 
3 16 4.595 6.054 16.348 3.131 7.764 17.167 2.796 6.1 17.111 
3 16 -12.505 6.419 3.176 -11.695 7.302 5.523 -10.851 -0.168 4.495 
3 16 -10.851 -0.168 4.495 -11.695 7.302 5.523 -8.305 -0.168 8.305 
3 16 -11.695 7.302 5.523 -10.729 7.268 7.184 -8.305 -0.168 8.305 
3 16 -10.851 -0.168 4.495 -11.745 -0.168 0 -12.893 3.651 0.037 
3 16 -5.609 -8.605 -0.915 -4.434 -7.948 -3.916 -3.325 -8.822 -0.847 
3 16 -4.434 -7.948 -3.916 -2.729 -8.109 -3.916 -3.325 -8.822 -0.847 
3 16 -2.377 -6.29 -10.763 -3.399 -5.576 -10.642 -2.05 -0.261 -15.061 
3 16 -3.242 0.273 -14.251 -2.05 -0.261 -15.061 -3.399 -5.576 -10.642 
3 16 -2.05 -0.261 -15.061 -3.242 0.273 -14.251 -3.793 5.661 -16.229 
3 16 -2.976 -7.653 -7.801 -4.164 -7.03 -7.795 -2.377 -6.29 -10.763 
3 16 -3.399 -5.576 -10.642 -2.377 -6.29 -10.763 -4.164 -7.03 -7.795 
3 16 -4.434 -7.948 -3.916 -5.196 -7.441 -4.361 -2.976 -7.653 -7.801 
3 16 -4.164 -7.03 -7.795 -2.976 -7.653 -7.801 -5.196 -7.441 -4.361 
3 16 2.903 7.683 -18.063 1.277 7.421 -18.869 3.179 9.587 -18.25 
3 16 0.294 9.649 -19.282 3.179 9.587 -18.25 0.436 8.321 -19.176 
3 16 1.277 7.421 -18.869 0.436 8.321 -19.176 3.179 9.587 -18.25 
3 16 2.538 -6.466 -11.294 2.685 -8.262 -8.17 0.642 -6.684 -11.503 
3 16 0.642 -6.684 -11.503 2.685 -8.262 -8.17 0.47 -8.6 -8.475 
3 16 0.642 -6.684 -11.503 0.462 -0.858 -16.464 2.538 -6.466 -11.294 
3 16 2.538 -6.466 -11.294 0.462 -0.858 -16.464 2.296 -0.628 -15.895 
3 16 -0.372 -9.574 -4.305 0.47 -8.6 -8.475 1.521 -9.627 -4.205 
3 16 0.47 -8.6 -8.475 2.685 -8.262 -8.17 1.521 -9.627 -4.205 
3 16 2.296 -0.628 -15.895 0.462 -0.858 -16.464 1.463 5.138 -18.25 
3 16 0.462 -0.858 -16.464 -0.389 5.044 -18.646 1.463 5.138 -18.25 
3 16 -0.502 7.671 -19.063 1.277 7.421 -18.869 -0.389 5.044 -18.646 
3 16 1.463 5.138 -18.25 -0.389 5.044 -18.646 1.277 7.421 -18.869 
3 16 1.228 -9.771 -0.628 -0.372 -9.574 -4.305 1.521 -9.627 -4.205 
3 16 1.277 7.421 -18.869 -0.502 7.671 -19.063 0.436 8.321 -19.176 
3 16 13.698 19.094 3.689 10.851 -0.168 4.495 13.016 19.125 5.651 
3 16 13.016 19.125 5.651 10.851 -0.168 4.495 11.964 19.037 7.008 
3 16 11.072 18.993 7.903 11.964 19.037 7.008 8.305 -0.168 8.305 
3 16 10.851 -0.168 4.495 8.305 -0.168 8.305 11.964 19.037 7.008 
3 16 13.865 18.904 -0.087 13.897 19.1 -2.286 11.745 -0.168 0 
3 16 11.745 -0.168 0 13.897 19.1 -2.286 10.851 -0.168 -4.495 
3 16 13.65 19.248 -4.43 10.851 -0.168 -4.495 13.897 19.1 -2.286 
3 16 10.829 -1.699 11.532 9.19 -5.544 8.059 10.96 -1.604 9.84 
3 16 9.439 -5.432 6.915 10.96 -1.604 9.84 9.19 -5.544 8.059 
3 16 10.96 -1.604 9.84 11.906 1.651 11.425 10.829 -1.699 11.532 
3 16 11.906 1.651 11.425 11.716 1.607 13.082 10.829 -1.699 11.532 
3 16 12.834 16.431 -11.283 13.174 17.483 -10.791 14.391 15.89 -9.841 
3 16 13.174 17.483 -10.791 14.271 16.978 -9.87 14.391 15.89 -9.841 
3 16 12.834 16.431 -11.283 11.786 16.657 -11.679 13.174 17.483 -10.791 
3 16 10.152 17.931 -12.513 11.874 18.088 -11.304 11.786 16.657 -11.679 
3 16 11.786 16.657 -11.679 11.874 18.088 -11.304 13.174 17.483 -10.791 
3 16 6.294 11.841 -16.947 9.056 10.529 -15.836 7.546 9.068 -16.546 
3 16 6.294 11.841 -16.947 8.192 14.173 -15.231 9.056 10.529 -15.836 
3 16 9.056 10.529 -15.836 8.192 14.173 -15.231 9.721 13.045 -14.796 
3 16 8.192 14.173 -15.231 10.266 15.604 -13.914 9.721 13.045 -14.796 
3 16 9.721 13.045 -14.796 10.266 15.604 -13.914 11.224 14.393 -13.59 
3 16 10.266 15.604 -13.914 11.786 16.657 -11.679 11.224 14.393 -13.59 
3 16 11.224 14.393 -13.59 11.786 16.657 -11.679 12.765 15.525 -11.608 
3 16 12.834 16.431 -11.283 12.765 15.525 -11.608 11.786 16.657 -11.679 
3 16 15.691 9.199 -11.597 14.233 10.42 -11.727 15.113 12.307 -11.172 
3 16 14.233 10.42 -11.727 14.065 12.213 -12.193 15.113 12.307 -11.172 
3 16 14.233 10.42 -11.727 11.943 10.104 -13.281 14.065 12.213 -12.193 
3 16 11.943 10.104 -13.281 12.063 12.378 -13.565 14.065 12.213 -12.193 
3 16 10.665 9.967 -15.36 10.664 11.966 -14.673 11.943 10.104 -13.281 
3 16 10.664 11.966 -14.673 12.063 12.378 -13.565 11.943 10.104 -13.281 
3 16 8.305 -0.168 -8.305 10.851 -0.168 -4.495 11.435 19.51 -7.827 
3 16 11.435 19.51 -7.827 10.851 -0.168 -4.495 13.65 19.248 -4.43 
3 16 7.02 19.638 -10.873 4.495 -0.168 -10.851 9.531 19.687 -9.27 
3 16 4.495 -0.168 -10.851 8.305 -0.168 -8.305 9.531 19.687 -9.27 
3 16 8.305 -0.168 -8.305 11.435 19.51 -7.827 9.531 19.687 -9.27 
3 16 5.061 19.242 -11.901 4.495 -0.168 -10.851 7.02 19.638 -10.873 
3 16 0.368 19.196 -12.934 -0.721 18.916 -12.915 0 -0.168 -11.745 
3 16 0 -0.168 -11.745 -0.721 18.916 -12.915 -4.495 -0.168 -10.851 
3 16 -3.795 16.973 -12.305 -4.495 -0.168 -10.851 -0.721 18.916 -12.915 
3 16 0 -0.168 11.745 -5.742 5.317 11.59 -5.528 6.104 11.701 
3 16 6.2 18.776 11.341 4.495 -0.168 10.851 3.639 18.617 12.367 
3 16 4.495 -0.168 10.851 0 -0.168 11.745 3.639 18.617 12.367 
3 16 0 -0.168 11.745 1.218 18.717 12.877 3.639 18.617 12.367 
3 16 6.2 18.776 11.341 8.427 19.079 9.891 4.495 -0.168 10.851 
3 16 4.495 -0.168 10.851 8.427 19.079 9.891 8.305 -0.168 8.305 
3 16 11.072 18.993 7.903 8.305 -0.168 8.305 8.427 19.079 9.891 
3 16 -4.495 -0.168 10.851 -5.742 5.317 11.59 0 -0.168 11.745 
3 16 -6.598 7.324 11.125 -6.412 8.751 11.232 -5.528 6.104 11.701 
3 16 5.061 19.242 -11.901 3.024 19.082 -12.552 4.495 -0.168 -10.851 
3 16 4.495 -0.168 -10.851 3.024 19.082 -12.552 0 -0.168 -11.745 
3 16 0.368 19.196 -12.934 0 -0.168 -11.745 3.024 19.082 -12.552 
3 16 -5.269 -8.447 5.594 -5.605 -7.255 8.415 -6.7 -8.171 5.45 
3 16 -5.605 -7.255 8.415 -7.212 -6.97 7.959 -6.7 -8.171 5.45 
3 16 -6.7 -8.171 5.45 -6.221 -8.827 2.554 -5.269 -8.447 5.594 
3 16 -6.221 -8.827 2.554 -4.878 -9.064 2.722 -5.269 -8.447 5.594 
3 16 -6.009 -8.838 1.154 -3.591 -9.114 1.541 -6.221 -8.827 2.554 
3 16 -6.221 -8.827 2.554 -3.591 -9.114 1.541 -4.878 -9.064 2.722 
3 16 -4.286 11.749 12.207 1.218 18.717 12.877 0 -0.168 11.745 
3 16 -4.286 11.749 12.207 -4.345 13.473 12.19 1.218 18.717 12.877 
3 16 -4.345 13.473 12.19 -4.054 14.975 12.283 1.218 18.717 12.877 
3 16 -4.054 14.975 12.283 -2.243 17.295 12.705 1.218 18.717 12.877 
3 16 -0.27 18.744 12.934 1.218 18.717 12.877 -2.243 17.295 12.705 
3 16 -4.979 10.214 11.929 0 -0.168 11.745 -5.528 6.104 11.701 
3 16 0 -0.168 11.745 -4.979 10.214 11.929 -4.286 11.749 12.207 
3 16 -5.528 6.104 11.701 -6.412 8.751 11.232 -4.979 10.214 11.929 
3 16 -5.42 10.2 -15.422 -5.47 6.307 -15.555 -6.791 10.407 -15.247 
3 16 -6.514 12.82 -14.807 -5.42 10.2 -15.422 -6.791 10.407 -15.247 
3 16 -6.514 12.82 -14.807 -7.602 12.895 -13.903 -5.938 15.047 -13.388 
3 16 -5.938 15.047 -13.388 -7.602 12.895 -13.903 -6.307 14.917 -12.843 
3 16 -7.602 12.895 -13.903 -6.514 12.82 -14.807 -7.485 10.435 -14.28 
3 16 -6.514 12.82 -14.807 -6.791 10.407 -15.247 -7.485 10.435 -14.28 
3 16 -6.791 10.407 -15.247 -5.47 6.307 -15.555 -7.485 10.435 -14.28 
3 16 -5.47 6.307 -15.555 -6.706 6.867 -14.6 -7.485 10.435 -14.28 
3 16 -6.706 6.867 -14.6 -5.47 6.307 -15.555 -6.639 4.258 -13.969 
3 16 -5.47 6.307 -15.555 -5.054 4.157 -15.279 -6.639 4.258 -13.969 
3 16 -5.16 2.101 -14.609 -6.563 2.163 -13.666 -5.054 4.157 -15.279 
3 16 -5.054 4.157 -15.279 -6.563 2.163 -13.666 -6.639 4.258 -13.969 
3 16 -4.782 -1.147 -12.913 -6.834 -0.848 -12.625 -5.16 2.101 -14.609 
3 16 -5.16 2.101 -14.609 -6.834 -0.848 -12.625 -6.563 2.163 -13.666 
3 16 -5.834 -4.393 -10.435 -9.474 -3.484 -10.626 -4.782 -1.147 -12.913 
3 16 -9.474 -3.484 -10.626 -6.834 -0.848 -12.625 -4.782 -1.147 -12.913 
3 16 2.685 -8.262 -8.17 3.42 -6.037 -10.996 6.562 -7.645 -7.538 
3 16 3.42 -6.037 -10.996 6.351 -5.79 -10.508 6.562 -7.645 -7.538 
3 16 3.321 -0.186 -15.07 7.145 0.166 -14.085 3.42 -6.037 -10.996 
3 16 7.145 0.166 -14.085 6.351 -5.79 -10.508 3.42 -6.037 -10.996 
3 16 2.624 5.452 -17.35 6.979 5.239 -15.954 3.321 -0.186 -15.07 
3 16 6.979 5.239 -15.954 7.145 0.166 -14.085 3.321 -0.186 -15.07 
3 16 1.228 -9.771 -0.628 4.605 -9.442 -1.253 1.638 -9.331 3.641 
3 16 4.605 -9.442 -1.253 5.406 -9.247 2.275 1.638 -9.331 3.641 
3 16 1.228 -9.771 -0.628 1.521 -9.627 -4.205 4.605 -9.442 -1.253 
3 16 4.448 -9.074 -4.139 4.605 -9.442 -1.253 1.521 -9.627 -4.205 
3 16 -0.543 -9.851 -0.387 -0.372 -9.574 -4.305 1.228 -9.771 -0.628 
3 16 2.903 7.683 -18.063 9.409 7.271 -15.701 2.624 5.452 -17.35 
3 16 9.409 7.271 -15.701 6.979 5.239 -15.954 2.624 5.452 -17.35 
3 16 -8.305 -0.168 -8.305 -8.902 3.705 -9.337 -10.051 2.144 -7.159 
3 16 -8.902 3.705 -9.337 -4.495 -0.168 -10.851 -6.659 4.892 -11.071 
3 16 -8.305 -0.168 -8.305 -4.495 -0.168 -10.851 -8.902 3.705 -9.337 
3 16 -7.239 12.853 -10.72 -6.945 10.525 -10.86 -6.471 14.998 -11.147 
3 16 -6.659 4.892 -11.071 -4.495 -0.168 -10.851 -6.128 7.274 -11.391 
3 16 -6.128 7.274 -11.391 -4.495 -0.168 -10.851 -3.795 16.973 -12.305 
3 16 -6.945 10.525 -10.86 -6.128 7.274 -11.391 -6.471 14.998 -11.147 
3 16 -5.742 5.317 11.59 -4.495 -0.168 10.851 -7.144 5.561 10.748 
3 16 -8.305 -0.168 8.305 -9.159 6.659 9.13 -7.144 5.561 10.748 
3 16 -12.893 3.651 0.037 -11.745 -0.168 0 -12.301 1.989 -0.567 
3 16 -10.851 -0.168 4.495 -12.893 3.651 0.037 -12.852 5.184 1.447 
3 16 -10.851 -0.168 4.495 -12.852 5.184 1.447 -12.505 6.419 3.176 
3 16 -10.851 -0.168 -4.495 -11.403 1.143 -2.084 -11.745 -0.168 0 
3 16 -8.305 -0.168 -8.305 -10.429 1.327 -5.219 -10.851 -0.168 -4.495 
2 24 -6.128 7.274 -11.391 -6.945 10.525 -10.86 
2 24 -6.945 10.525 -10.86 -7.239 12.853 -10.72 
2 24 -7.239 12.853 -10.72 -6.471 14.998 -11.147 
2 24 -6.471 14.998 -11.147 -3.795 16.973 -12.305 
2 24 -0.721 18.916 -12.915 0.368 19.196 -12.934 
2 24 0.368 19.196 -12.934 3.024 19.082 -12.552 
2 24 3.024 19.082 -12.552 5.061 19.242 -11.901 
2 24 5.061 19.242 -11.901 7.02 19.638 -10.873 
2 24 7.02 19.638 -10.873 9.531 19.687 -9.27 
2 24 9.531 19.687 -9.27 11.435 19.51 -7.827 
2 24 11.435 19.51 -7.827 13.65 19.248 -4.43 
2 24 -8.902 3.705 -9.337 -6.659 4.892 -11.071 
2 24 -10.051 2.144 -7.159 -8.902 3.705 -9.337 
2 24 -10.429 1.327 -5.219 -10.051 2.144 -7.159 
2 24 13.65 19.248 -4.43 13.897 19.1 -2.286 
2 24 13.897 19.1 -2.286 13.865 18.904 -0.087 
2 24 13.865 18.904 -0.087 13.827 18.872 1.323 
2 24 13.827 18.872 1.323 13.698 19.094 3.689 
2 24 11.964 19.037 7.008 11.072 18.993 7.903 
2 24 -11.403 1.143 -2.084 -10.872 1.107 -4.026 
2 24 -12.301 1.989 -0.567 -11.877 1.464 -0.923 
2 24 -12.893 3.651 0.037 -12.301 1.989 -0.567 
2 24 13.698 19.094 3.689 13.016 19.125 5.651 
2 24 13.016 19.125 5.651 11.964 19.037 7.008 
2 24 -5.742 5.317 11.59 -7.144 5.561 10.748 
2 24 -7.144 5.561 10.748 -9.159 6.659 9.13 
2 24 -12.852 5.184 1.447 -12.893 3.651 0.037 
2 24 -9.159 6.659 9.13 -10.729 7.268 7.184 
2 24 -10.729 7.268 7.184 -11.695 7.302 5.523 
2 24 -11.695 7.302 5.523 -12.505 6.419 3.176 
2 24 -12.505 6.419 3.176 -12.852 5.184 1.447 
2 24 11.072 18.993 7.903 8.427 19.079 9.891 
2 24 8.427 19.079 9.891 6.2 18.776 11.341 
2 24 6.2 18.776 11.341 3.639 18.617 12.367 
2 24 3.639 18.617 12.367 1.218 18.717 12.877 
2 24 -4.495 -0.168 10.851 -8.305 -0.168 8.305 
2 24 -0.27 18.744 12.934 -2.243 17.295 12.705 
2 24 1.218 18.717 12.877 -0.27 18.744 12.934 
2 24 -2.243 17.295 12.705 -4.054 14.975 12.283 
2 24 -4.054 14.975 12.283 -4.345 13.473 12.19 
2 24 -4.345 13.473 12.19 -4.286 11.749 12.207 
2 24 -4.286 11.749 12.207 -4.979 10.214 11.929 
2 24 -4.979 10.214 11.929 -6.412 8.751 11.232 
2 24 -6.412 8.751 11.232 -6.598 7.324 11.125 
2 24 -6.598 7.324 11.125 -5.528 6.104 11.701 
2 24 -5.528 6.104 11.701 -5.742 5.317 11.59 
2 24 -3.795 16.973 -12.305 -0.721 18.916 -12.915 
2 24 -10.872 1.107 -4.026 -10.429 1.327 -5.219 
2 24 -6.659 4.892 -11.071 -6.128 7.274 -11.391 
2 24 -11.877 1.464 -0.923 -11.403 1.143 -2.084 
2 24 11.745 -0.168 0 10.851 -0.168 4.495 
2 24 -11.745 -0.168 0 -10.851 -0.168 4.495 
2 24 -10.851 -0.168 4.495 -8.305 -0.168 8.305 
2 24 -4.495 -0.168 10.851 0 -0.168 11.745 
2 24 0 -0.168 11.745 4.495 -0.168 10.851 
2 24 4.495 -0.168 10.851 8.305 -0.168 8.305 
2 24 8.305 -0.168 8.305 10.851 -0.168 4.495 
2 24 11.745 -0.168 0 10.851 -0.168 -4.495 
2 24 10.851 -0.168 -4.495 8.305 -0.168 -8.305 
2 24 8.305 -0.168 -8.305 4.495 -0.168 -10.851 
2 24 4.495 -0.168 -10.851 0 -0.168 -11.745 
2 24 0 -0.168 -11.745 -4.495 -0.168 -10.851 
2 24 -4.495 -0.168 -10.851 -8.305 -0.168 -8.305 
2 24 -8.305 -0.168 -8.305 -10.851 -0.168 -4.495 
2 24 -10.851 -0.168 -4.495 -11.745 -0.168 0 

