0 FILE 60601pb011.dat
0 Glass for Window 1 x 2 x 2 with Black and White St. John Ambulance Logo Pattern
0 Name:  60601pb011.dat
0 Author:
0 BL_Item_No 60601pb011
0 BFC CERTIFY CCW
3 16 -16.500 39.000 -7.000 -2.000 39.000 -7.000 0.000 30.300 -7.000
3 16 0.000 30.300 -7.000 -2.985 29.706 -7.000 -16.500 39.000 -7.000
3 16 -2.000 39.000 -7.000 2.000 39.000 -7.000 2.985 29.706 -7.000
3 16 2.985 29.706 -7.000 0.000 30.300 -7.000 -2.000 39.000 -7.000
3 16 2.000 39.000 -7.000 16.500 39.000 -7.000 5.515 28.015 -7.000
3 16 5.515 28.015 -7.000 2.985 29.706 -7.000 2.000 39.000 -7.000
3 16 7.206 25.485 -7.000 5.515 28.015 -7.000 16.500 39.000 -7.000
3 16 7.206 25.485 -7.000 16.500 39.000 -7.000 16.500 4.000 -7.000
3 16 16.500 4.000 -7.000 7.800 22.500 -7.000 7.206 25.485 -7.000
3 16 16.500 4.000 -7.000 7.206 19.515 -7.000 7.800 22.500 -7.000
3 16 16.500 4.000 -7.000 5.515 16.985 -7.000 7.206 19.515 -7.000
3 16 5.515 16.985 -7.000 16.500 4.000 -7.000 2.000 4.000 -7.000
3 16 2.000 4.000 -7.000 2.985 15.294 -7.000 5.515 16.985 -7.000
3 16 2.985 15.294 -7.000 2.000 4.000 -7.000 -2.000 4.000 -7.000
3 16 -2.000 4.000 -7.000 0.000 14.700 -7.000 2.985 15.294 -7.000
3 16 0.000 14.700 -7.000 -2.000 4.000 -7.000 -16.500 4.000 -7.000
3 16 -16.500 4.000 -7.000 -2.985 15.294 -7.000 0.000 14.700 -7.000
3 16 -16.500 4.000 -7.000 -5.515 16.985 -7.000 -2.985 15.294 -7.000
3 16 -16.500 4.000 -7.000 -7.206 19.515 -7.000 -5.515 16.985 -7.000
3 16 -7.206 19.515 -7.000 -16.500 4.000 -7.000 -16.500 39.000 -7.000
3 16 -16.500 39.000 -7.000 -7.800 22.500 -7.000 -7.206 19.515 -7.000
3 16 -7.800 22.500 -7.000 -16.500 39.000 -7.000 -7.206 25.485 -7.000
3 16 -7.206 25.485 -7.000 -16.500 39.000 -7.000 -5.515 28.015 -7.000
3 16 -5.515 28.015 -7.000 -16.500 39.000 -7.000 -2.985 29.706 -7.000
3 0 -5.543 20.204 -7.000 -5.913 20.051 -7.000 -6.400 22.500 -7.000
3 0 -6.400 22.500 -7.000 -6.000 22.500 -7.000 -5.543 20.204 -7.000
3 0 -6.000 22.500 -7.000 -6.400 22.500 -7.000 -5.913 24.949 -7.000
3 0 -5.913 24.949 -7.000 -5.543 24.796 -7.000 -6.000 22.500 -7.000
3 0 -5.543 24.796 -7.000 -5.913 24.949 -7.000 -4.525 27.025 -7.000
3 0 -4.525 27.025 -7.000 -4.243 26.743 -7.000 -5.543 24.796 -7.000
3 15 -4.243 26.743 -7.000 -4.525 27.025 -7.000 -2.717 29.060 -7.000
3 15 -2.717 29.060 -7.000 -2.028 27.397 -7.000 -4.243 26.743 -7.000
3 15 -2.717 29.060 -7.000 0.000 29.600 -7.000 0.000 27.800 -7.000
3 15 0.000 27.800 -7.000 -2.028 27.397 -7.000 -2.717 29.060 -7.000
3 15 4.243 26.743 -7.000 2.717 29.060 -7.000 4.525 27.025 -7.000
3 0 4.243 26.743 -7.000 4.525 27.025 -7.000 5.913 24.949 -7.000
3 0 5.913 24.949 -7.000 5.543 24.796 -7.000 4.243 26.743 -7.000
3 0 5.543 24.796 -7.000 5.913 24.949 -7.000 6.400 22.500 -7.000
3 0 6.400 22.500 -7.000 6.000 22.500 -7.000 5.543 24.796 -7.000
3 0 6.000 22.500 -7.000 6.400 22.500 -7.000 5.913 20.051 -7.000
3 0 5.913 20.051 -7.000 5.543 20.204 -7.000 6.000 22.500 -7.000
3 0 5.543 20.204 -7.000 5.913 20.051 -7.000 4.525 17.975 -7.000
3 0 4.525 17.975 -7.000 4.243 18.257 -7.000 5.543 20.204 -7.000
3 0 4.243 18.257 -7.000 4.525 17.975 -7.000 2.449 16.587 -7.000
3 0 2.449 16.587 -7.000 2.296 16.957 -7.000 4.243 18.257 -7.000
3 0 2.296 16.957 -7.000 2.449 16.587 -7.000 0.000 16.100 -7.000
3 0 0.000 16.100 -7.000 0.000 16.500 -7.000 2.296 16.957 -7.000
3 0 0.000 16.500 -7.000 0.000 16.100 -7.000 -2.449 16.587 -7.000
3 0 -2.449 16.587 -7.000 -2.296 16.957 -7.000 0.000 16.500 -7.000
3 0 -2.296 16.957 -7.000 -2.449 16.587 -7.000 -4.525 17.975 -7.000
3 0 -4.525 17.975 -7.000 -4.243 18.257 -7.000 -2.296 16.957 -7.000
3 0 -4.243 18.257 -7.000 -4.525 17.975 -7.000 -5.913 20.051 -7.000
3 0 -5.913 20.051 -7.000 -5.543 20.204 -7.000 -4.243 18.257 -7.000
3 15 -5.913 20.051 -7.000 -6.560 19.783 -7.000 -7.100 22.500 -7.000
3 15 -7.100 22.500 -7.000 -6.400 22.500 -7.000 -5.913 20.051 -7.000
3 15 -6.400 22.500 -7.000 -7.100 22.500 -7.000 -6.560 25.217 -7.000
3 15 -6.560 25.217 -7.000 -5.913 24.949 -7.000 -6.400 22.500 -7.000
3 15 -5.913 24.949 -7.000 -6.560 25.217 -7.000 -5.020 27.520 -7.000
3 15 -5.020 27.520 -7.000 -4.525 27.025 -7.000 -5.913 24.949 -7.000
3 15 -4.525 27.025 -7.000 -5.020 27.520 -7.000 -2.717 29.060 -7.000
3 15 4.525 27.025 -7.000 2.717 29.060 -7.000 5.020 27.520 -7.000
3 15 4.525 27.025 -7.000 5.020 27.520 -7.000 6.560 25.217 -7.000
3 15 6.560 25.217 -7.000 5.913 24.949 -7.000 4.525 27.025 -7.000
3 15 5.913 24.949 -7.000 6.560 25.217 -7.000 7.100 22.500 -7.000
3 15 7.100 22.500 -7.000 6.400 22.500 -7.000 5.913 24.949 -7.000
3 15 6.400 22.500 -7.000 7.100 22.500 -7.000 6.560 19.783 -7.000
3 15 6.560 19.783 -7.000 5.913 20.051 -7.000 6.400 22.500 -7.000
3 15 5.913 20.051 -7.000 6.560 19.783 -7.000 5.020 17.480 -7.000
3 15 5.020 17.480 -7.000 4.525 17.975 -7.000 5.913 20.051 -7.000
3 15 4.525 17.975 -7.000 5.020 17.480 -7.000 2.717 15.940 -7.000
3 15 2.717 15.940 -7.000 2.449 16.587 -7.000 4.525 17.975 -7.000
3 15 2.449 16.587 -7.000 2.717 15.940 -7.000 0.000 15.400 -7.000
3 15 0.000 15.400 -7.000 0.000 16.100 -7.000 2.449 16.587 -7.000
3 15 0.000 16.100 -7.000 0.000 15.400 -7.000 -2.717 15.940 -7.000
3 15 -2.717 15.940 -7.000 -2.449 16.587 -7.000 0.000 16.100 -7.000
3 15 -2.449 16.587 -7.000 -2.717 15.940 -7.000 -5.020 17.480 -7.000
3 15 -5.020 17.480 -7.000 -4.525 17.975 -7.000 -2.449 16.587 -7.000
3 15 -4.525 17.975 -7.000 -5.020 17.480 -7.000 -6.560 19.783 -7.000
3 15 -6.560 19.783 -7.000 -5.913 20.051 -7.000 -4.525 17.975 -7.000
3 0 -6.560 19.783 -7.000 -7.206 19.515 -7.000 -7.800 22.500 -7.000
3 0 -7.800 22.500 -7.000 -7.100 22.500 -7.000 -6.560 19.783 -7.000
3 0 -7.100 22.500 -7.000 -7.800 22.500 -7.000 -7.206 25.485 -7.000
3 0 -7.206 25.485 -7.000 -6.560 25.217 -7.000 -7.100 22.500 -7.000
3 0 -6.560 25.217 -7.000 -7.206 25.485 -7.000 -5.515 28.015 -7.000
3 0 -5.515 28.015 -7.000 -5.020 27.520 -7.000 -6.560 25.217 -7.000
3 0 -5.020 27.520 -7.000 -5.515 28.015 -7.000 -2.985 29.706 -7.000
3 0 -2.985 29.706 -7.000 -2.717 29.060 -7.000 -5.020 27.520 -7.000
3 0 -2.717 29.060 -7.000 -2.985 29.706 -7.000 0.000 30.300 -7.000
3 0 0.000 30.300 -7.000 0.000 29.600 -7.000 -2.717 29.060 -7.000
3 0 0.000 29.600 -7.000 0.000 30.300 -7.000 2.985 29.706 -7.000
3 0 2.985 29.706 -7.000 2.717 29.060 -7.000 0.000 29.600 -7.000
3 0 2.717 29.060 -7.000 2.985 29.706 -7.000 5.515 28.015 -7.000
3 0 5.515 28.015 -7.000 5.020 27.520 -7.000 2.717 29.060 -7.000
3 0 5.020 27.520 -7.000 5.515 28.015 -7.000 7.206 25.485 -7.000
3 0 7.206 25.485 -7.000 6.560 25.217 -7.000 5.020 27.520 -7.000
3 0 6.560 25.217 -7.000 7.206 25.485 -7.000 7.800 22.500 -7.000
3 0 7.800 22.500 -7.000 7.100 22.500 -7.000 6.560 25.217 -7.000
3 0 7.100 22.500 -7.000 7.800 22.500 -7.000 7.206 19.515 -7.000
3 0 7.206 19.515 -7.000 6.560 19.783 -7.000 7.100 22.500 -7.000
3 0 6.560 19.783 -7.000 7.206 19.515 -7.000 5.515 16.985 -7.000
3 0 5.515 16.985 -7.000 5.020 17.480 -7.000 6.560 19.783 -7.000
3 0 5.020 17.480 -7.000 5.515 16.985 -7.000 2.985 15.294 -7.000
3 0 2.985 15.294 -7.000 2.717 15.940 -7.000 5.020 17.480 -7.000
3 0 2.717 15.940 -7.000 2.985 15.294 -7.000 0.000 14.700 -7.000
3 0 0.000 14.700 -7.000 0.000 15.400 -7.000 2.717 15.940 -7.000
3 0 0.000 15.400 -7.000 0.000 14.700 -7.000 -2.985 15.294 -7.000
3 0 -2.985 15.294 -7.000 -2.717 15.940 -7.000 0.000 15.400 -7.000
3 0 -2.717 15.940 -7.000 -2.985 15.294 -7.000 -5.515 16.985 -7.000
3 0 -5.515 16.985 -7.000 -5.020 17.480 -7.000 -2.717 15.940 -7.000
3 0 -5.020 17.480 -7.000 -5.515 16.985 -7.000 -7.206 19.515 -7.000
3 0 -7.206 19.515 -7.000 -6.560 19.783 -7.000 -5.020 17.480 -7.000
3 15 -4.897 20.472 -7.000 -5.543 20.204 -7.000 -6.000 22.500 -7.000
3 15 -6.000 22.500 -7.000 -5.300 22.500 -7.000 -4.897 20.472 -7.000
3 15 -5.300 22.500 -7.000 -6.000 22.500 -7.000 -5.543 24.796 -7.000
3 15 -5.543 24.796 -7.000 -4.897 24.528 -7.000 -5.300 22.500 -7.000
3 15 -4.897 24.528 -7.000 -5.543 24.796 -7.000 -4.243 26.743 -7.000
3 15 -4.243 26.743 -7.000 -3.748 26.248 -7.000 -4.897 24.528 -7.000
3 15 -3.748 26.248 -7.000 -4.243 26.743 -7.000 -2.028 27.397 -7.000
3 15 0.000 27.800 -7.000 0.000 29.600 -7.000 2.717 29.060 -7.000
3 15 2.717 29.060 -7.000 2.028 27.397 -7.000 0.000 27.800 -7.000
3 15 2.028 27.397 -7.000 2.717 29.060 -7.000 4.243 26.743 -7.000
3 15 4.243 26.743 -7.000 3.748 26.248 -7.000 2.028 27.397 -7.000
3 15 3.748 26.248 -7.000 4.243 26.743 -7.000 5.543 24.796 -7.000
3 15 5.543 24.796 -7.000 4.897 24.528 -7.000 3.748 26.248 -7.000
3 15 4.897 24.528 -7.000 5.543 24.796 -7.000 6.000 22.500 -7.000
3 15 6.000 22.500 -7.000 5.300 22.500 -7.000 4.897 24.528 -7.000
3 15 5.300 22.500 -7.000 6.000 22.500 -7.000 5.543 20.204 -7.000
3 15 5.543 20.204 -7.000 4.897 20.472 -7.000 5.300 22.500 -7.000
3 15 4.897 20.472 -7.000 5.543 20.204 -7.000 4.243 18.257 -7.000
3 15 4.243 18.257 -7.000 3.748 18.752 -7.000 4.897 20.472 -7.000
3 15 3.748 18.752 -7.000 4.243 18.257 -7.000 2.296 16.957 -7.000
3 15 2.296 16.957 -7.000 2.028 17.603 -7.000 3.748 18.752 -7.000
3 15 2.028 17.603 -7.000 2.296 16.957 -7.000 0.000 16.500 -7.000
3 15 0.000 16.500 -7.000 0.000 17.200 -7.000 2.028 17.603 -7.000
3 15 0.000 17.200 -7.000 0.000 16.500 -7.000 -2.296 16.957 -7.000
3 15 -2.296 16.957 -7.000 -2.028 17.603 -7.000 0.000 17.200 -7.000
3 15 -2.028 17.603 -7.000 -2.296 16.957 -7.000 -4.243 18.257 -7.000
3 15 -4.243 18.257 -7.000 -3.748 18.752 -7.000 -2.028 17.603 -7.000
3 15 -3.748 18.752 -7.000 -4.243 18.257 -7.000 -5.543 20.204 -7.000
3 15 -5.543 20.204 -7.000 -4.897 20.472 -7.000 -3.748 18.752 -7.000
3 15 -1.300 18.100 -7.000 0.000 22.100 -7.000 0.000 18.900 -7.000
3 0 0.000 18.900 -7.000 0.000 17.200 -7.000 -2.028 17.603 -7.000
3 0 -2.028 17.603 -7.000 -1.300 18.100 -7.000 0.000 18.900 -7.000
3 0 -2.028 17.603 -7.000 -3.748 18.752 -7.000 0.000 22.100 -7.000
3 0 0.000 22.100 -7.000 -1.300 18.100 -7.000 -2.028 17.603 -7.000
3 0 -3.748 18.752 -7.000 -0.400 22.500 -7.000 0.400 22.500 -7.000
3 0 0.400 22.500 -7.000 0.000 22.100 -7.000 -3.748 18.752 -7.000
3 15 -4.200 21.300 -7.000 -3.600 22.500 -7.000 -0.400 22.500 -7.000
3 0 -4.200 21.300 -7.000 -0.400 22.500 -7.000 -3.748 18.752 -7.000
3 0 -3.748 18.752 -7.000 -4.897 20.472 -7.000 -4.200 21.300 -7.000
3 0 -4.897 20.472 -7.000 -5.300 22.500 -7.000 -3.600 22.500 -7.000
3 0 -3.600 22.500 -7.000 -4.200 21.300 -7.000 -4.897 20.472 -7.000
3 15 4.200 21.300 -7.000 0.400 22.500 -7.000 3.600 22.500 -7.000
3 0 3.600 22.500 -7.000 5.300 22.500 -7.000 4.897 20.472 -7.000
3 0 4.897 20.472 -7.000 4.200 21.300 -7.000 3.600 22.500 -7.000
3 0 4.200 21.300 -7.000 4.897 20.472 -7.000 3.748 18.752 -7.000
3 0 3.748 18.752 -7.000 0.400 22.500 -7.000 4.200 21.300 -7.000
3 0 0.400 22.500 -7.000 3.748 18.752 -7.000 1.300 18.100 -7.000
3 0 1.300 18.100 -7.000 0.000 22.100 -7.000 0.400 22.500 -7.000
3 15 1.300 18.100 -7.000 0.000 18.900 -7.000 0.000 22.100 -7.000
3 0 0.000 18.900 -7.000 1.300 18.100 -7.000 2.028 17.603 -7.000
3 0 2.028 17.603 -7.000 0.000 17.200 -7.000 0.000 18.900 -7.000
3 0 2.028 17.603 -7.000 1.300 18.100 -7.000 3.748 18.752 -7.000
3 15 0.000 22.900 -7.000 -1.300 26.900 -7.000 0.000 26.100 -7.000
3 0 0.000 26.100 -7.000 -1.300 26.900 -7.000 -2.028 27.397 -7.000
3 0 -2.028 27.397 -7.000 0.000 27.800 -7.000 0.000 26.100 -7.000
3 0 -2.028 27.397 -7.000 -1.300 26.900 -7.000 0.000 22.900 -7.000
3 0 0.000 22.900 -7.000 -3.748 26.248 -7.000 -2.028 27.397 -7.000
3 0 -3.748 26.248 -7.000 0.000 22.900 -7.000 0.400 22.500 -7.000
3 0 0.400 22.500 -7.000 -0.400 22.500 -7.000 -3.748 26.248 -7.000
3 15 -0.400 22.500 -7.000 -3.600 22.500 -7.000 -4.200 23.700 -7.000
3 0 -4.200 23.700 -7.000 -4.897 24.528 -7.000 -3.748 26.248 -7.000
3 0 -3.748 26.248 -7.000 -0.400 22.500 -7.000 -4.200 23.700 -7.000
3 0 -4.897 24.528 -7.000 -4.200 23.700 -7.000 -3.600 22.500 -7.000
3 0 -3.600 22.500 -7.000 -5.300 22.500 -7.000 -4.897 24.528 -7.000
3 15 3.600 22.500 -7.000 0.400 22.500 -7.000 4.200 23.700 -7.000
3 0 3.600 22.500 -7.000 4.200 23.700 -7.000 4.897 24.528 -7.000
3 0 4.897 24.528 -7.000 5.300 22.500 -7.000 3.600 22.500 -7.000
3 0 4.200 23.700 -7.000 0.400 22.500 -7.000 3.748 26.248 -7.000
3 0 3.748 26.248 -7.000 4.897 24.528 -7.000 4.200 23.700 -7.000
3 0 0.400 22.500 -7.000 0.000 22.900 -7.000 1.300 26.900 -7.000
3 0 1.300 26.900 -7.000 3.748 26.248 -7.000 0.400 22.500 -7.000
3 15 0.000 22.900 -7.000 0.000 26.100 -7.000 1.300 26.900 -7.000
3 0 0.000 26.100 -7.000 0.000 27.800 -7.000 2.028 27.397 -7.000
3 0 2.028 27.397 -7.000 1.300 26.900 -7.000 0.000 26.100 -7.000
3 0 3.748 26.248 -7.000 1.300 26.900 -7.000 2.028 27.397 -7.000
1 16 0.0000 0.0000 0.0000 1.0000 0.0000 0.0000 0.0000 1.0000 0.0000 0.0000 0.0000 1.0000 s/60601s01.dat
