0 Figure Troll Arm Bracelet Left (Needs Work)
0 Name: 61531.dat
0 Author: Andy Westrate [westrate]
0 !LDRAW_ORG Unofficial_Part
0 !LICENSE Redistributable under CCAL version 2.0 : see CAreadme.txt

0 !HISTORY 2009-10-13 {LEGO Universe Team} Original part shape
0 !HISTORY 2009-11-10 [westrate] File preparation for LDraw Parts Tracker

0 !HELP To get the complete left arm, use the following lines:
0 !HELP 1 16 40 0 0 1 0 0 0 1 0 0 0 1 60642.dat
0 !HELP 1 16 40 0 0 1 0 0 0 1 0 0 0 1 61531.dat
0 !HELP 1 16 53.75 45.02 -46 1 0 0 0 1 0 0 0 1 60641.dat

0 // Piece is part of an assembly; only visible surfaces 
0 // have been rendered.

0 BFC CERTIFY CCW

4 16 11.99 32.96 2.5 11.99 31.95 2.5 15.51 31.95 2.5 15.51 32.96 2.5
4 16 15.51 31.95 -3.5 15.51 29.45 -3.5 11.99 29.45 -3.5 11.99 31.95 -3.5
4 16 15.51 29.45 -3.5 15.51 31.95 2.5 11.99 31.95 2.5 11.99 29.45 -3.5
4 16 11.99 31.95 -3.5 11.99 31.95 -3.91 15.51 31.95 -3.91 15.51 31.95 -3.5
4 16 15.51 29.45 -3.5 15.51 31.95 -3.5 15.51 32.96 2.5 15.51 31.95 2.5
4 16 15.51 32.96 2.5 15.51 31.95 -3.5 15.51 31.95 -3.91 15.51 32.96 -3.91
4 16 11.99 32.96 2.5 11.99 31.95 -3.5 11.99 29.45 -3.5 11.99 31.95 2.5
4 16 11.99 32.96 2.5 11.99 32.96 -3.91 11.99 31.95 -3.91 11.99 31.95 -3.5
4 16 3.35 40.72 -46 2.78 40.48 -46 1.87 45.02 -46 2.5 45.02 -46
4 16 2.78 49.57 -46 3.35 49.33 -46 2.5 45.02 -46 1.87 45.02 -46
4 16 5.79 37.07 -46 5.35 36.63 -46 2.78 40.48 -46 3.35 40.72 -46
4 16 9.44 34.63 -46 9.2 34.05 -46 5.35 36.63 -46 5.79 37.07 -46
4 16 13.75 33.77 -46 13.75 33.15 -46 9.2 34.05 -46 9.44 34.63 -46
4 16 13.75 33.15 -46 13.75 33.77 -46 18.05 34.63 -46 18.29 34.05 -46
4 16 18.29 34.05 -46 18.05 34.63 -46 21.7 37.07 -46 22.15 36.63 -46
4 16 22.15 36.63 -46 21.7 37.07 -46 24.14 40.72 -46 24.72 40.48 -46
4 16 24.72 40.48 -46 24.14 40.72 -46 25 45.02 -46 25.62 45.02 -46
4 16 24.14 49.33 -46 24.72 49.57 -46 25.62 45.02 -46 25 45.02 -46
4 16 21.7 52.98 -46 22.15 53.42 -46 24.72 49.57 -46 24.14 49.33 -46
4 16 18.05 55.42 -46 18.29 55.99 -46 22.15 53.42 -46 21.7 52.98 -46
4 16 13.75 56.27 -46 13.75 56.9 -46 18.29 55.99 -46 18.05 55.42 -46
4 16 13.75 56.9 -46 13.75 56.27 -46 9.44 55.42 -46 9.2 55.99 -46
4 16 9.2 55.99 -46 9.44 55.42 -46 5.79 52.98 -46 5.35 53.42 -46
4 16 5.35 53.42 -46 5.79 52.98 -46 3.35 49.33 -46 2.78 49.57 -46
4 16 0 40.47 -50 2.78 40.48 -50 5.35 36.63 -50 3.57 34.78 -50
3 16 2.78 40.48 -50 0 40.47 -50 1.87 45.02 -50
4 16 8.27 31.64 -50 3.57 34.78 -50 5.35 36.63 -50 9.2 34.05 -50
4 16 13.75 33.15 -50 18.29 34.05 -50 19.36 31.64 -50 13.82 30.54 -50
4 16 24.06 34.78 -50 19.36 31.64 -50 18.29 34.05 -50 22.15 36.63 -50
4 16 13.82 30.54 -50 8.27 31.64 -50 9.2 34.05 -50 13.75 33.15 -50
4 16 24.72 40.48 -50 27.53 40.55 -50 24.06 34.78 -50 22.15 36.63 -50
4 16 27.53 40.55 -50 24.72 40.48 -50 25.62 45.02 -50 28.23 45.02 -50
4 16 28.23 45.02 -50 25.62 45.02 -50 24.72 49.57 -50 27.53 49.49 -50
4 16 22.15 53.42 -50 24.06 55.27 -50 27.53 49.49 -50 24.72 49.57 -50
4 16 19.36 58.41 -50 24.06 55.27 -50 22.15 53.42 -50 18.29 55.99 -50
4 16 3.57 55.27 -50 8.27 58.41 -50 9.2 55.99 -50 5.35 53.42 -50
4 16 19.36 58.41 -50 18.29 55.99 -50 13.75 56.9 -50 13.82 59.51 -50
4 16 13.82 59.51 -50 13.75 56.9 -50 9.2 55.99 -50 8.27 58.41 -50
4 16 2.78 49.57 -50 0 50.4 -50 3.57 55.27 -50 5.35 53.42 -50
3 16 28.75 49.02 -40 28.75 53.05 -30 28.75 45.02 -40
4 16 28.75 41.02 -40.01 28.75 45.02 -40 28.75 53.05 -30 28.75 37 -30
3 16 6.67 42.54 2.5 7.25 41.27 2.5 6.67 42.54 -15
3 16 7.25 41.27 2.5 7.25 41.27 -30 6.67 42.54 -15
3 16 6.68 47.54 -30 7.25 48.77 -30 6.68 47.54 -15
3 16 6.68 47.54 2.5 6.68 47.54 -15 7.25 48.77 2.5
3 16 7.25 48.77 -30 7.25 48.77 2.5 6.68 47.54 -15
3 16 20.82 42.54 2.5 20.82 42.54 -15 20.25 41.27 2.5
3 16 20.25 41.27 2.5 20.82 42.54 -15 20.25 41.27 -30
3 16 20.25 48.77 2.5 20.25 48.77 -30 20.82 47.54 -15
3 16 20.82 47.54 2.5 20.25 48.77 2.5 20.82 47.54 -15
3 16 20.82 47.54 -15 20.25 48.77 -30 20.82 47.54 -30
4 16 13.75 52.52 2.5 13.75 52.52 -30 17.51 51.52 -30 17.51 51.52 2.5
4 16 17.51 51.52 2.5 17.51 51.52 -30 20.25 48.77 -30 20.25 48.77 2.5
3 16 20.82 47.54 -15 20.82 47.54 -30 20.92 47.21 -16.24
3 16 21.14 46.28 -17.17 20.92 47.21 -16.24 20.82 47.54 -30
3 16 20.82 42.54 -30 21.15 43.79 -17.17 21.25 45.02 -30
3 16 21.15 43.79 -17.17 21.25 45.02 -17.5 21.25 45.02 -30
3 16 21.14 46.28 -17.17 21.25 45.02 -30 21.25 45.02 -17.5
3 16 21.25 45.02 -30 21.14 46.28 -17.17 20.82 47.54 -30
3 16 20.93 42.87 -16.25 21.15 43.79 -17.17 20.82 42.54 -30
3 16 20.82 42.54 -15 20.93 42.87 -16.25 20.25 41.27 -30
3 16 20.93 42.87 -16.25 20.82 42.54 -30 20.25 41.27 -30
4 16 20.25 41.27 2.5 20.25 41.27 -30 17.51 38.53 -30 17.51 38.53 2.5
4 16 21.25 45.02 -17.5 21.15 43.79 -17.17 23.4 43.79 -17.17 23.73 45.02 -17.5
4 16 21.14 46.28 -17.17 21.25 45.02 -17.5 23.73 45.02 -17.5 23.4 46.28 -17.17
4 16 21.15 43.79 -17.17 20.93 42.87 -16.25 23.16 42.87 -16.25 23.4 43.79 -17.17
4 16 20.93 42.87 -16.25 20.82 42.54 -15 23.08 42.54 -15 23.16 42.87 -16.25
4 16 23.08 42.54 -15 20.82 42.54 -15 20.82 42.54 2.5 23.08 42.54 2.5
4 16 23.07 47.54 2.5 20.82 47.54 2.5 20.82 47.54 -15 23.07 47.54 -15
4 16 20.82 47.54 -15 20.92 47.21 -16.24 23.15 47.21 -16.24 23.07 47.54 -15
4 16 20.92 47.21 -16.24 21.14 46.28 -17.17 23.4 46.28 -17.17 23.15 47.21 -16.24
4 16 17.51 38.53 2.5 17.51 38.53 -30 13.75 37.52 -30 13.75 37.52 2.5
4 16 13.75 52.52 -30 13.75 52.52 2.5 9.99 51.52 2.5 9.99 51.52 -30
4 16 7.25 48.77 2.5 7.25 48.77 -30 9.99 51.52 -30 9.99 51.52 2.5
3 16 6.68 47.54 -15 6.57 47.21 -16.24 6.68 47.54 -30
3 16 6.68 47.54 -30 6.35 46.28 -17.17 6.25 45.02 -30
3 16 6.25 45.02 -17.5 6.35 43.79 -17.17 6.25 45.02 -30
3 16 6.25 45.02 -30 6.35 43.79 -17.17 6.67 42.54 -30
3 16 6.35 46.28 -17.17 6.25 45.02 -17.5 6.25 45.02 -30
3 16 6.57 47.21 -16.24 6.35 46.28 -17.17 6.68 47.54 -30
3 16 6.57 42.87 -16.25 6.67 42.54 -30 6.35 43.79 -17.17
3 16 6.67 42.54 -15 7.25 41.27 -30 6.57 42.87 -16.25
3 16 6.57 42.87 -16.25 7.25 41.27 -30 6.67 42.54 -30
4 16 7.25 41.27 -30 7.25 41.27 2.5 9.99 38.53 2.5 9.99 38.53 -30
4 16 6.35 43.79 -17.17 6.25 45.02 -17.5 3.75 45.02 -17.5 4.04 43.79 -17.17
4 16 6.25 45.02 -17.5 6.35 46.28 -17.17 4.07 46.28 -17.17 3.75 45.02 -17.5
4 16 6.57 42.87 -16.25 6.35 43.79 -17.17 4.04 43.79 -17.17 4.3 42.87 -16.25
4 16 6.67 42.54 -15 6.57 42.87 -16.25 4.3 42.87 -16.25 4.38 42.54 -15
4 16 4.38 42.54 -15 4.38 42.54 2.5 6.67 42.54 2.5 6.67 42.54 -15
4 16 4.41 47.54 2.5 4.41 47.54 -15 6.68 47.54 -15 6.68 47.54 2.5
4 16 4.41 47.54 -15 4.33 47.21 -16.24 6.57 47.21 -16.24 6.68 47.54 -15
4 16 6.35 46.28 -17.17 6.57 47.21 -16.24 4.33 47.21 -16.24 4.07 46.28 -17.17
4 16 9.99 38.53 -30 9.99 38.53 2.5 13.75 37.52 2.5 13.75 37.52 -30
3 16 27.53 49.49 -50 24.06 55.27 -50 28.75 53.05 -30
3 16 24.06 55.27 -50 25.74 57.02 -30 28.75 53.05 -30
3 16 28.75 45.02 -40 27.53 49.49 -50 28.75 49.02 -40
3 16 28.75 53.05 -30 28.75 49.02 -40 27.53 49.49 -50
4 16 20.24 60.7 -30 25.74 57.02 -30 24.06 55.27 -50 19.36 58.41 -50
4 16 13.75 61.99 -30 20.24 60.7 -30 19.36 58.41 -50 13.82 59.51 -50
4 16 7.26 60.7 -30 13.75 61.99 -30 13.82 59.51 -50 8.27 58.41 -50
4 16 1.75 57.02 -30 7.26 60.7 -30 8.27 58.41 -50 3.57 55.27 -50
3 16 0 55.04 -30 1.75 57.02 -30 0 50.4 -50
4 16 0 35.01 -30 0 55.04 -30 0 50.4 -50 0 40.47 -50
3 16 1.75 57.02 -30 3.57 55.27 -50 0 50.4 -50
3 16 3.57 34.78 -50 1.75 33.03 -30 0 35.01 -30
3 16 0 35.01 -30 0 40.47 -50 3.57 34.78 -50
4 16 7.26 29.35 -30 1.75 33.03 -30 3.57 34.78 -50 8.27 31.64 -50
4 16 13.75 28.06 -30 7.26 29.35 -30 8.27 31.64 -50 13.82 30.54 -50
4 16 13.82 30.54 -50 19.36 31.64 -50 20.24 29.35 -30 13.75 28.06 -30
4 16 24.06 34.78 -50 25.74 33.03 -30 20.24 29.35 -30 19.36 31.64 -50
3 16 25.74 33.03 -30 24.06 34.78 -50 28.75 37 -30
3 16 28.75 37 -30 24.06 34.78 -50 28.75 41.02 -40.01
3 16 27.53 40.55 -50 28.23 45.02 -50 28.75 41.02 -40.01
3 16 28.75 45.02 -40 28.75 41.02 -40.01 28.23 45.02 -50
3 16 27.53 49.49 -50 28.75 45.02 -40 28.23 45.02 -50
3 16 27.53 40.55 -50 28.75 41.02 -40.01 24.06 34.78 -50
3 16 1.87 45.02 -50 0 40.47 -50 0 50.4 -50
3 16 1.87 45.02 -50 0 50.4 -50 2.78 49.57 -50
4 16 21.75 45.02 -36 24.95 45.02 -36 24.1 40.73 -36 21.14 41.96 -36
4 16 21.14 41.96 -36 24.1 40.73 -36 21.67 37.1 -36 19.41 39.36 -36
4 16 19.41 39.36 -36 21.67 37.1 -36 18.04 34.67 -36 16.81 37.63 -36
4 16 16.81 37.63 -36 18.04 34.67 -36 13.75 33.82 -36 13.75 37.02 -36
4 16 13.75 37.02 -36 13.75 33.82 -36 9.46 34.67 -36 10.69 37.63 -36
4 16 10.69 37.63 -36 9.46 34.67 -36 5.83 37.1 -36 8.09 39.36 -36
4 16 8.09 39.36 -36 5.83 37.1 -36 3.4 40.73 -36 6.36 41.96 -36
4 16 6.36 41.96 -36 3.4 40.73 -36 2.55 45.02 -36 5.75 45.02 -36
4 16 5.75 45.02 -36 2.55 45.02 -36 3.4 49.31 -36 6.36 48.08 -36
4 16 6.36 48.08 -36 3.4 49.31 -36 5.83 52.94 -36 8.09 50.68 -36
4 16 8.09 50.68 -36 5.83 52.94 -36 9.46 55.37 -36 10.69 52.41 -36
4 16 10.69 52.41 -36 9.46 55.37 -36 13.75 56.22 -36 13.75 53.02 -36
4 16 13.75 53.02 -36 13.75 56.22 -36 18.04 55.37 -36 16.81 52.41 -36
4 16 16.81 52.41 -36 18.04 55.37 -36 21.67 52.94 -36 19.41 50.68 -36
4 16 19.41 50.68 -36 21.67 52.94 -36 24.1 49.31 -36 21.14 48.08 -36
4 16 21.14 48.08 -36 24.1 49.31 -36 24.95 45.02 -36 21.75 45.02 -36
4 16 13.75 28.06 -30 13.75 33.02 -30 9.16 33.93 -30 7.26 29.35 -30
4 16 13.75 28.06 -30 20.24 29.35 -30 18.34 33.93 -30 13.75 33.02 -30
4 16 20.24 29.35 -30 25.74 33.03 -30 22.24 36.53 -30 18.34 33.93 -30
4 16 28.75 37 -30 24.84 40.43 -30 22.24 36.53 -30 25.74 33.03 -30
3 16 28.75 37 -30 25.75 45.02 -30 24.84 40.43 -30
3 16 28.75 53.05 -30 25.75 45.02 -30 28.75 37 -30
3 16 28.75 53.05 -30 24.84 49.61 -30 25.75 45.02 -30
4 16 28.75 53.05 -30 25.74 57.02 -30 22.24 53.51 -30 24.84 49.61 -30
4 16 25.74 57.02 -30 20.24 60.7 -30 18.34 56.11 -30 22.24 53.51 -30
4 16 20.24 60.7 -30 13.75 61.99 -30 13.75 57.02 -30 18.34 56.11 -30
4 16 7.26 60.7 -30 9.16 56.11 -30 13.75 57.02 -30 13.75 61.99 -30
4 16 1.75 57.02 -30 5.26 53.51 -30 9.16 56.11 -30 7.26 60.7 -30
4 16 1.75 57.02 -30 0 55.04 -30 2.66 49.61 -30 5.26 53.51 -30
3 16 0 55.04 -30 1.75 45.02 -30 2.66 49.61 -30
3 16 0 55.04 -30 0 35.01 -30 1.75 45.02 -30
3 16 0 35.01 -30 2.66 40.43 -30 1.75 45.02 -30
4 16 0 35.01 -30 1.75 33.03 -30 5.26 36.53 -30 2.66 40.43 -30
4 16 1.75 33.03 -30 7.26 29.35 -30 9.16 33.93 -30 5.26 36.53 -30
2 24 15.51 29.45 -3.5 15.51 31.95 2.5
2 24 15.51 29.45 -3.5 15.51 31.95 -3.5
2 24 15.51 31.95 -3.91 15.51 31.95 -3.5
2 24 15.51 31.95 2.5 15.51 32.96 2.5
2 24 15.51 31.95 2.5 11.99 31.95 2.5
2 24 15.51 29.45 -3.5 11.99 29.45 -3.5
2 24 11.99 31.95 2.5 11.99 29.45 -3.5
2 24 15.51 31.95 -3.5 11.99 31.95 -3.5
2 24 11.99 29.45 -3.5 11.99 31.95 -3.5
2 24 15.51 31.95 -3.91 11.99 31.95 -3.91
2 24 11.99 31.95 -3.5 11.99 31.95 -3.91
2 24 15.51 32.96 2.5 11.99 32.96 2.5
2 24 11.99 31.95 2.5 11.99 32.96 2.5
2 24 0 40.47 -50 3.57 34.78 -50
2 24 0 40.47 -50 0 50.4 -50
2 24 0 40.47 -50 0 35.01 -30
2 24 3.57 34.78 -50 8.27 31.64 -50
5 24 3.57 34.78 -50 0 35.01 -30 1.75 33.03 -30 0 40.47 -50
5 24 3.57 34.78 -50 1.75 33.03 -30 0 35.01 -30 7.26 29.35 -30
2 24 0 50.4 -50 3.57 55.27 -50
5 24 0 50.4 -50 1.75 57.02 -30 0 55.04 -30 3.57 55.27 -50
2 24 0 50.4 -50 0 55.04 -30
2 24 8.27 31.64 -50 13.82 30.54 -50
5 24 8.27 31.64 -50 7.26 29.35 -30 1.75 33.03 -30 13.75 28.06 -30
2 24 19.36 31.64 -50 13.82 30.54 -50
2 24 19.36 31.64 -50 24.06 34.78 -50
5 24 19.36 31.64 -50 20.24 29.35 -30 13.82 30.54 -50 24.06 34.78 -50
5 24 13.82 30.54 -50 13.75 28.06 -30 7.26 29.35 -30 19.36 31.64 -50
2 24 24.06 34.78 -50 27.53 40.55 -50
5 24 24.06 34.78 -50 28.75 41.02 -40.01 28.75 37 -30 27.53 40.55 -50
5 24 24.06 34.78 -50 28.75 37 -30 25.74 33.03 -30 28.75 41.02 -40.01
5 24 24.06 34.78 -50 25.74 33.03 -30 20.24 29.35 -30 28.75 37 -30
2 24 27.53 40.55 -50 28.23 45.02 -50
5 24 27.53 40.55 -50 28.75 41.02 -40.01 28.23 45.02 -50 24.06 34.78 -50
2 24 28.23 45.02 -50 27.53 49.49 -50
5 24 28.23 45.02 -50 28.75 45.02 -40 28.75 41.02 -40.01 27.53 49.49 -50
5 24 28.23 45.02 -50 28.75 41.02 -40.01 27.53 40.55 -50 28.75 45.02 -40
2 24 27.53 49.49 -50 24.06 55.27 -50
5 24 27.53 49.49 -50 28.75 49.02 -40 28.75 45.02 -40 28.75 53.05 -30
5 24 27.53 49.49 -50 28.75 53.05 -30 24.06 55.27 -50 28.75 49.02 -40
5 24 27.53 49.49 -50 28.75 45.02 -40 28.75 49.02 -40 28.23 45.02 -50
2 24 24.06 55.27 -50 19.36 58.41 -50
5 24 24.06 55.27 -50 28.75 53.05 -30 27.53 49.49 -50 25.74 57.02 -30
5 24 24.06 55.27 -50 25.74 57.02 -30 28.75 53.05 -30 20.24 60.7 -30
2 24 19.36 58.41 -50 13.82 59.51 -50
5 24 19.36 58.41 -50 20.24 60.7 -30 25.74 57.02 -30 13.75 61.99 -30
2 24 3.57 55.27 -50 8.27 58.41 -50
5 24 3.57 55.27 -50 1.75 57.02 -30 7.26 60.7 -30 0 50.4 -50
2 24 8.27 58.41 -50 13.82 59.51 -50
5 24 8.27 58.41 -50 7.26 60.7 -30 13.75 61.99 -30 1.75 57.02 -30
5 24 13.82 59.51 -50 13.75 61.99 -30 20.24 60.7 -30 7.26 60.7 -30
2 24 28.75 49.02 -40 28.75 53.05 -30
2 24 28.75 53.05 -30 28.75 37 -30
2 24 28.75 53.05 -30 25.74 57.02 -30
2 24 28.75 41.02 -40.01 28.75 37 -30
2 24 28.75 37 -30 25.74 33.03 -30
2 24 25.74 57.02 -30 20.24 60.7 -30
2 24 1.75 57.02 -30 0 55.04 -30
2 24 1.75 57.02 -30 7.26 60.7 -30
2 24 20.24 60.7 -30 13.75 61.99 -30
2 24 0 55.04 -30 0 35.01 -30
2 24 7.26 60.7 -30 13.75 61.99 -30
2 24 0 35.01 -30 1.75 33.03 -30
2 24 1.75 33.03 -30 7.26 29.35 -30
2 24 13.75 28.06 -30 20.24 29.35 -30
2 24 13.75 28.06 -30 7.26 29.35 -30
2 24 20.24 29.35 -30 25.74 33.03 -30
2 24 6.67 42.54 2.5 7.25 41.27 2.5
2 24 6.67 42.54 2.5 6.67 42.54 -15
2 24 6.67 42.54 2.5 4.38 42.54 2.5
5 24 7.25 41.27 2.5 7.25 41.27 -30 6.67 42.54 -15 9.99 38.53 2.5
2 24 7.25 41.27 2.5 9.99 38.53 2.5
5 24 6.67 42.54 -15 7.25 41.27 -30 7.25 41.27 2.5 6.57 42.87 -16.25
2 24 6.67 42.54 -15 6.57 42.87 -16.25
5 24 6.67 42.54 -15 4.38 42.54 -15 6.57 42.87 -16.25 4.38 42.54 2.5
5 24 7.25 41.27 -30 6.57 42.87 -16.25 6.67 42.54 -15 6.67 42.54 -30
5 24 6.68 47.54 -30 6.68 47.54 -15 7.25 48.77 -30 6.57 47.21 -16.24
5 24 6.68 47.54 -30 6.57 47.21 -16.24 6.68 47.54 -15 6.35 46.28 -17.17
5 24 6.68 47.54 -30 6.35 46.28 -17.17 6.25 45.02 -30 6.57 47.21 -16.24
5 24 7.25 48.77 -30 7.25 48.77 2.5 6.68 47.54 -15 9.99 51.52 -30
2 24 6.68 47.54 -15 6.68 47.54 2.5
2 24 6.68 47.54 -15 6.57 47.21 -16.24
5 24 6.68 47.54 -15 4.41 47.54 -15 4.41 47.54 2.5 4.33 47.21 -16.24
2 24 6.68 47.54 2.5 7.25 48.77 2.5
2 24 6.68 47.54 2.5 4.41 47.54 2.5
2 24 7.25 48.77 2.5 9.99 51.52 2.5
2 24 20.82 42.54 2.5 20.82 42.54 -15
2 24 20.82 42.54 2.5 20.25 41.27 2.5
2 24 20.82 42.54 2.5 23.08 42.54 2.5
5 24 20.82 42.54 -15 20.25 41.27 -30 20.25 41.27 2.5 20.93 42.87 -16.25
2 24 20.82 42.54 -15 20.93 42.87 -16.25
5 24 20.82 42.54 -15 23.08 42.54 -15 20.93 42.87 -16.25 20.82 42.54 2.5
5 24 20.25 41.27 2.5 20.25 41.27 -30 20.82 42.54 -15 17.51 38.53 -30
2 24 20.25 41.27 2.5 17.51 38.53 2.5
5 24 20.25 41.27 -30 20.93 42.87 -16.25 20.82 42.54 -15 20.82 42.54 -30
5 24 20.25 48.77 2.5 20.25 48.77 -30 20.82 47.54 -15 17.51 51.52 2.5
2 24 20.25 48.77 2.5 20.82 47.54 2.5
2 24 20.25 48.77 2.5 17.51 51.52 2.5
2 24 20.82 47.54 -15 20.82 47.54 2.5
5 24 20.82 47.54 -15 20.82 47.54 -30 20.25 48.77 -30 20.92 47.21 -16.24
2 24 20.82 47.54 -15 20.92 47.21 -16.24
5 24 20.82 47.54 -15 23.07 47.54 -15 23.07 47.54 2.5 20.92 47.21 -16.24
2 24 20.82 47.54 2.5 23.07 47.54 2.5
5 24 20.82 47.54 -30 20.92 47.21 -16.24 20.82 47.54 -15 21.14 46.28 -17.17
5 24 20.82 47.54 -30 21.14 46.28 -17.17 20.92 47.21 -16.24 21.25 45.02 -30
5 24 13.75 52.52 2.5 13.75 52.52 -30 17.51 51.52 -30 9.99 51.52 2.5
2 24 13.75 52.52 2.5 17.51 51.52 2.5
2 24 13.75 52.52 2.5 9.99 51.52 2.5
5 24 17.51 51.52 -30 17.51 51.52 2.5 13.75 52.52 2.5 20.25 48.77 -30
2 24 20.92 47.21 -16.24 21.14 46.28 -17.17
5 24 20.92 47.21 -16.24 23.15 47.21 -16.24 20.82 47.54 -15 21.14 46.28 -17.17
5 24 21.14 46.28 -17.17 21.25 45.02 -30 21.25 45.02 -17.5 20.82 47.54 -30
2 24 21.14 46.28 -17.17 21.25 45.02 -17.5
5 24 21.14 46.28 -17.17 23.4 46.28 -17.17 21.25 45.02 -17.5 20.92 47.21 -16.24
5 24 20.82 42.54 -30 21.15 43.79 -17.17 21.25 45.02 -30 20.93 42.87 -16.25
5 24 20.82 42.54 -30 20.93 42.87 -16.25 21.15 43.79 -17.17 20.25 41.27 -30
5 24 21.15 43.79 -17.17 21.25 45.02 -30 20.82 42.54 -30 21.25 45.02 -17.5
2 24 21.15 43.79 -17.17 21.25 45.02 -17.5
2 24 21.15 43.79 -17.17 20.93 42.87 -16.25
5 24 21.15 43.79 -17.17 23.4 43.79 -17.17 21.25 45.02 -17.5 20.93 42.87 -16.25
5 24 21.25 45.02 -30 21.25 45.02 -17.5 21.15 43.79 -17.17 21.14 46.28 -17.17
5 24 21.25 45.02 -17.5 23.73 45.02 -17.5 21.15 43.79 -17.17 21.14 46.28 -17.17
5 24 20.93 42.87 -16.25 23.16 42.87 -16.25 21.15 43.79 -17.17 20.82 42.54 -15
5 24 17.51 38.53 -30 17.51 38.53 2.5 20.25 41.27 2.5 13.75 37.52 -30
2 24 17.51 38.53 2.5 13.75 37.52 2.5
2 24 23.4 43.79 -17.17 23.73 45.02 -17.5
2 24 23.4 43.79 -17.17 23.16 42.87 -16.25
2 24 23.73 45.02 -17.5 23.4 46.28 -17.17
2 24 23.4 46.28 -17.17 23.15 47.21 -16.24
2 24 23.16 42.87 -16.25 23.08 42.54 -15
2 24 23.08 42.54 -15 23.08 42.54 2.5
2 24 23.07 47.54 2.5 23.07 47.54 -15
2 24 23.07 47.54 -15 23.15 47.21 -16.24
5 24 13.75 37.52 -30 13.75 37.52 2.5 17.51 38.53 2.5 9.99 38.53 -30
2 24 13.75 37.52 2.5 9.99 38.53 2.5
5 24 9.99 51.52 2.5 9.99 51.52 -30 13.75 52.52 -30 7.25 48.77 2.5
2 24 6.57 47.21 -16.24 6.35 46.28 -17.17
5 24 6.57 47.21 -16.24 4.33 47.21 -16.24 4.41 47.54 -15 6.35 46.28 -17.17
5 24 6.35 46.28 -17.17 6.25 45.02 -30 6.68 47.54 -30 6.25 45.02 -17.5
2 24 6.35 46.28 -17.17 6.25 45.02 -17.5
5 24 6.35 46.28 -17.17 4.07 46.28 -17.17 6.25 45.02 -17.5 6.57 47.21 -16.24
5 24 6.25 45.02 -30 6.25 45.02 -17.5 6.35 43.79 -17.17 6.35 46.28 -17.17
5 24 6.25 45.02 -30 6.35 43.79 -17.17 6.25 45.02 -17.5 6.67 42.54 -30
2 24 6.25 45.02 -17.5 6.35 43.79 -17.17
5 24 6.25 45.02 -17.5 3.75 45.02 -17.5 6.35 43.79 -17.17 6.35 46.28 -17.17
5 24 6.35 43.79 -17.17 6.67 42.54 -30 6.25 45.02 -30 6.57 42.87 -16.25
2 24 6.35 43.79 -17.17 6.57 42.87 -16.25
5 24 6.35 43.79 -17.17 4.04 43.79 -17.17 6.25 45.02 -17.5 6.57 42.87 -16.25
5 24 6.67 42.54 -30 6.57 42.87 -16.25 6.35 43.79 -17.17 7.25 41.27 -30
5 24 6.57 42.87 -16.25 4.3 42.87 -16.25 6.35 43.79 -17.17 6.67 42.54 -15
5 24 9.99 38.53 2.5 9.99 38.53 -30 7.25 41.27 -30 13.75 37.52 2.5
2 24 3.75 45.02 -17.5 4.04 43.79 -17.17
2 24 3.75 45.02 -17.5 4.07 46.28 -17.17
2 24 4.04 43.79 -17.17 4.3 42.87 -16.25
2 24 4.07 46.28 -17.17 4.33 47.21 -16.24
2 24 4.3 42.87 -16.25 4.38 42.54 -15
2 24 4.38 42.54 -15 4.38 42.54 2.5
2 24 4.41 47.54 2.5 4.41 47.54 -15
2 24 4.41 47.54 -15 4.33 47.21 -16.24

0 BFC INVERTNEXT
1 16 13.75 45.02 -50 -11.9 0 0 0 0 11.9 0 4 0 4-4cyli.dat
1 16 13.75 45.02 -50 -11.9 0 0 0 0 11.9 0 1 0 4-4edge.dat
1 16 13.75 45.02 -46 -11.9 0 0 0 0 11.9 0 1 0 4-4edge.dat
0 BFC INVERTNEXT
1 16 13.75 45.02 -46 -11.2 0 0 0 0 11.2 0 10 0 4-4cyli.dat
1 16 13.75 45.02 -46 -11.2 0 0 0 0 11.2 0 1 0 4-4edge.dat
1 16 13.75 45.02 -36 -11.2 0 0 0 0 11.2 0 1 0 4-4edge.dat
1 16 13.75 45.02 -44 -8 0 0 0 0 8 0 8 0 4-4cyli.dat
1 16 13.75 45.02 -36 -8 0 0 0 0 8 0 1 0 4-4edge.dat
1 16 13.75 45.02 -44 -8 0 0 0 0 8 0 1 0 4-4edge.dat
1 16 13.75 45.02 -44 -2 0 0 0 0 2 0 1 0 4-4ring3.dat
0 BFC INVERTNEXT
1 16 13.75 45.02 -44 -6 0 0 0 0 6 0 14 0 4-4cyli.dat
1 16 13.75 45.02 -30 -6 0 0 0 0 6 0 1 0 4-4edge.dat
1 16 13.75 45.02 -44 -6 0 0 0 0 6 0 1 0 4-4edge.dat
1 16 13.75 45.02 -30 -1 0 0 0 0 1 0 -1 0 4-4ring6.dat
1 16 13.75 45.02 -30 -0.5 0 0 0 0 0.5 0 -1 0 4-4rin14.dat
1 16 13.75 45.02 -30 -7.5 0 0 0 0 7.5 0 1 0 4-4edge.dat

4 16 33.2 44.98 -46.12 33.2 44.98 -44 33.2 42.98 -43.46 33.2 41.92 -45.3
4 16 33.2 41.92 -45.3 33.2 42.98 -43.46 33.2 41.52 -42 33.2 39.68 -43.06
4 16 33.2 39.68 -43.06 33.2 41.52 -42 33.2 40.98 -40 33.2 38.86 -40
4 16 33.2 38.86 -40 33.2 40.98 -40 33.2 41.52 -38 33.2 39.68 -36.94
4 16 33.2 39.68 -36.94 33.2 41.52 -38 33.2 42.98 -36.54 33.2 41.92 -34.69
4 16 33.2 41.92 -34.69 33.2 42.98 -36.54 33.2 44.98 -36 33.2 44.98 -33.87
4 16 33.2 44.98 -33.87 33.2 44.98 -36 33.2 46.98 -36.54 33.2 48.05 -34.69
4 16 33.2 48.05 -34.69 33.2 46.98 -36.54 33.2 48.45 -38 33.2 50.29 -36.94
4 16 33.2 50.29 -36.94 33.2 48.45 -38 33.2 48.98 -40 33.2 51.11 -40
4 16 33.2 51.11 -40 33.2 48.98 -40 33.2 48.45 -42 33.2 50.29 -43.06
4 16 33.2 46.98 -43.46 33.2 48.05 -45.3 33.2 50.29 -43.06 33.2 48.45 -42
4 16 33.2 44.98 -44 33.2 44.98 -46.12 33.2 48.05 -45.3 33.2 46.98 -43.46
4 16 28.51 48.45 -42 28.33 46.98 -43.46 33.2 46.98 -43.46 33.2 48.45 -42
4 16 28.54 44.98 -44 28.57 42.98 -43.46 33.2 42.98 -43.46 33.2 44.98 -44
4 16 33.2 48.05 -45.3 33.2 44.98 -46.12 28.43 44.98 -46.12 28.43 45.02 -46.11
4 16 28.08 47.46 -45.46 28.1 48.05 -45.3 33.2 48.05 -45.3 28.43 45.02 -46.11
4 16 33.2 50.29 -43.06 33.2 48.05 -45.3 28.1 48.05 -45.3 28.25 49.21 -44.14
3 16 28.25 49.21 -44.14 28.07 50.29 -43.06 33.2 50.29 -43.06
4 16 28.7 39.68 -36.94 33.2 39.68 -36.94 33.2 41.92 -34.69 28.75 39.76 -36.86
3 16 33.2 41.92 -34.69 28.75 41.92 -34.69 28.75 39.76 -36.86
4 16 33.2 44.98 -46.12 33.2 41.92 -45.3 28.28 41.92 -45.3 28.46 43.28 -45.67
3 16 28.43 44.98 -46.12 33.2 44.98 -46.12 28.46 43.28 -45.67
4 16 27.62 39.51 -42.43 27.66 39.68 -43.06 33.2 39.68 -43.06 33.2 38.86 -40
3 16 33.2 38.86 -40 27.76 38.86 -40 27.62 39.51 -42.43
4 16 33.2 38.86 -40 33.2 39.68 -36.94 28.7 39.68 -36.94 27.76 38.86 -40
4 16 33.2 41.92 -34.69 33.2 44.98 -33.87 28.75 44.98 -33.87 28.75 41.92 -34.69
4 16 28.75 48.05 -34.69 28.75 44.98 -33.87 33.2 44.98 -33.87 33.2 48.05 -34.69
4 16 33.2 48.05 -34.69 33.2 50.29 -36.94 28.74 50.29 -36.94 28.75 50.26 -36.91
3 16 28.75 50.26 -36.91 28.75 48.05 -34.69 33.2 48.05 -34.69
4 16 28.18 51.11 -40 28.74 50.29 -36.94 33.2 50.29 -36.94 33.2 51.11 -40
4 16 28.6 41.52 -42 33.2 41.52 -42 33.2 42.98 -43.46 28.62 42.01 -42.49
3 16 33.2 42.98 -43.46 28.57 42.98 -43.46 28.62 42.01 -42.49
3 16 28.73 40.98 -40 33.2 40.98 -40 33.2 41.52 -42
3 16 33.2 41.52 -42 28.6 41.52 -42 28.73 40.98 -40
3 16 33.2 41.52 -38 33.2 40.98 -40 28.73 40.98 -40
3 16 28.73 40.98 -40 28.75 41.52 -38 33.2 41.52 -38
4 16 33.2 42.98 -36.54 33.2 41.52 -38 28.75 41.52 -38 28.75 42.98 -36.54
4 16 33.2 44.98 -36 33.2 42.98 -36.54 28.75 42.98 -36.54 28.75 44.98 -36
4 16 28.75 44.98 -36 28.75 46.98 -36.54 33.2 46.98 -36.54 33.2 44.98 -36
4 16 28.75 46.98 -36.54 28.75 48.45 -38 33.2 48.45 -38 33.2 46.98 -36.54
4 16 33.2 48.98 -40 33.2 48.45 -38 28.75 48.45 -38 28.75 48.98 -40
4 16 33.2 44.98 -44 33.2 46.98 -43.46 28.33 46.98 -43.46 28.32 46.61 -43.56
3 16 33.2 44.98 -44 28.32 46.61 -43.56 28.54 45.02 -43.99
3 16 28.54 45.02 -43.99 28.54 44.98 -44 33.2 44.98 -44
4 16 33.2 51.11 -40 33.2 50.29 -43.06 28.07 50.29 -43.06 28.18 51.11 -40
4 16 28.28 41.92 -45.3 33.2 41.92 -45.3 33.2 39.68 -43.06 28.24 40.82 -44.2
3 16 33.2 39.68 -43.06 27.66 39.68 -43.06 28.24 40.82 -44.2
4 16 33.2 48.45 -42 33.2 48.98 -40 28.75 48.98 -40 28.51 48.45 -42
2 24 33.2 44.98 -46.12 33.2 41.92 -45.3
2 24 33.2 44.98 -46.12 33.2 48.05 -45.3
5 24 33.2 44.98 -46.12 28.43 44.98 -46.12 33.2 48.05 -45.3 28.46 43.28 -45.67
2 24 33.2 44.98 -44 33.2 42.98 -43.46
2 24 33.2 44.98 -44 33.2 46.98 -43.46
5 24 33.2 44.98 -44 28.54 44.98 -44 28.57 42.98 -43.46 28.54 45.02 -43.99
2 24 33.2 42.98 -43.46 33.2 41.52 -42
5 24 33.2 42.98 -43.46 28.57 42.98 -43.46 28.54 44.98 -44 28.62 42.01 -42.49
2 24 33.2 41.92 -45.3 33.2 39.68 -43.06
5 24 33.2 41.92 -45.3 28.28 41.92 -45.3 33.2 44.98 -46.12 33.2 39.68 -43.06
2 24 33.2 41.52 -42 33.2 40.98 -40
5 24 33.2 41.52 -42 28.6 41.52 -42 33.2 42.98 -43.46 28.73 40.98 -40
2 24 33.2 39.68 -43.06 33.2 38.86 -40
5 24 33.2 39.68 -43.06 27.66 39.68 -43.06 27.62 39.51 -42.43 28.24 40.82 -44.2
2 24 33.2 40.98 -40 33.2 41.52 -38
2 24 33.2 38.86 -40 33.2 39.68 -36.94
5 24 33.2 38.86 -40 27.76 38.86 -40 27.62 39.51 -42.43 33.2 39.68 -36.94
2 24 33.2 41.52 -38 33.2 42.98 -36.54
5 24 33.2 41.52 -38 28.75 41.52 -38 28.73 40.98 -40 33.2 42.98 -36.54
2 24 33.2 39.68 -36.94 33.2 41.92 -34.69
5 24 33.2 39.68 -36.94 28.7 39.68 -36.94 33.2 41.92 -34.69 33.2 38.86 -40
2 24 33.2 42.98 -36.54 33.2 44.98 -36
5 24 33.2 42.98 -36.54 28.75 42.98 -36.54 33.2 41.52 -38 33.2 44.98 -36
2 24 33.2 41.92 -34.69 33.2 44.98 -33.87
5 24 33.2 41.92 -34.69 28.75 41.92 -34.69 28.75 39.76 -36.86 33.2 44.98 -33.87
2 24 33.2 44.98 -36 33.2 46.98 -36.54
5 24 33.2 44.98 -36 28.75 44.98 -36 33.2 42.98 -36.54 28.75 46.98 -36.54
2 24 33.2 44.98 -33.87 33.2 48.05 -34.69
5 24 33.2 44.98 -33.87 28.75 44.98 -33.87 33.2 41.92 -34.69 28.75 48.05 -34.69
2 24 33.2 46.98 -36.54 33.2 48.45 -38
5 24 33.2 46.98 -36.54 28.75 46.98 -36.54 28.75 44.98 -36 28.75 48.45 -38
2 24 33.2 48.05 -34.69 33.2 50.29 -36.94
5 24 33.2 48.05 -34.69 28.75 48.05 -34.69 28.75 44.98 -33.87 28.75 50.26 -36.91
2 24 33.2 48.45 -38 33.2 48.98 -40
5 24 33.2 48.45 -38 28.75 48.45 -38 28.75 46.98 -36.54 33.2 48.98 -40
2 24 33.2 50.29 -36.94 33.2 51.11 -40
5 24 33.2 50.29 -36.94 28.74 50.29 -36.94 33.2 48.05 -34.69 28.18 51.11 -40
2 24 33.2 48.98 -40 33.2 48.45 -42
5 24 33.2 48.98 -40 28.75 48.98 -40 33.2 48.45 -38 33.2 48.45 -42
2 24 33.2 51.11 -40 33.2 50.29 -43.06
5 24 33.2 51.11 -40 28.18 51.11 -40 28.74 50.29 -36.94 33.2 50.29 -43.06
2 24 33.2 48.45 -42 33.2 46.98 -43.46
5 24 33.2 48.45 -42 28.51 48.45 -42 28.33 46.98 -43.46 33.2 48.98 -40
2 24 33.2 50.29 -43.06 33.2 48.05 -45.3
5 24 33.2 50.29 -43.06 28.07 50.29 -43.06 28.25 49.21 -44.14 33.2 51.11 -40
5 24 33.2 46.98 -43.46 28.33 46.98 -43.46 28.51 48.45 -42 33.2 44.98 -44
5 24 33.2 48.05 -45.3 28.1 48.05 -45.3 28.08 47.46 -45.46 33.2 50.29 -43.06
2 24 28.33 46.98 -43.46 28.51 48.45 -42
2 24 28.33 46.98 -43.46 28.32 46.61 -43.56
2 24 28.51 48.45 -42 28.75 48.98 -40
2 24 28.57 42.98 -43.46 28.54 44.98 -44
2 24 28.57 42.98 -43.46 28.62 42.01 -42.49
2 24 28.54 44.98 -44 28.54 45.02 -43.99
2 24 28.43 44.98 -46.12 28.43 45.02 -46.11
2 24 28.43 44.98 -46.12 28.46 43.28 -45.67
2 24 28.43 45.02 -46.11 28.08 47.46 -45.46
2 24 28.08 47.46 -45.46 28.1 48.05 -45.3
2 24 28.1 48.05 -45.3 28.25 49.21 -44.14
2 24 28.25 49.21 -44.14 28.07 50.29 -43.06
2 24 28.07 50.29 -43.06 28.18 51.11 -40
2 24 28.7 39.68 -36.94 28.75 39.76 -36.86
2 24 28.7 39.68 -36.94 27.76 38.86 -40
2 24 28.75 39.76 -36.86 28.75 41.92 -34.69
2 24 28.75 41.92 -34.69 28.75 44.98 -33.87
2 24 28.46 43.28 -45.67 28.28 41.92 -45.3
2 24 28.28 41.92 -45.3 28.24 40.82 -44.2
2 24 27.66 39.68 -43.06 27.62 39.51 -42.43
2 24 27.66 39.68 -43.06 28.24 40.82 -44.2
2 24 27.62 39.51 -42.43 27.76 38.86 -40
2 24 28.75 44.98 -33.87 28.75 48.05 -34.69
2 24 28.75 48.05 -34.69 28.75 50.26 -36.91
2 24 28.74 50.29 -36.94 28.75 50.26 -36.91
2 24 28.74 50.29 -36.94 28.18 51.11 -40
2 24 28.6 41.52 -42 28.62 42.01 -42.49
2 24 28.75 41.52 -38 28.75 42.98 -36.54
2 24 28.75 42.98 -36.54 28.75 44.98 -36
2 24 28.75 44.98 -36 28.75 46.98 -36.54
2 24 28.75 46.98 -36.54 28.75 48.45 -38
2 24 28.75 48.45 -38 28.75 48.98 -40
2 24 28.32 46.61 -43.56 28.54 45.02 -43.99
2 24 28.73 40.98 -40 28.75 41.52 -38
2 24 28.6 41.52 -42 28.73 40.98 -40
5 24 33.2 40.98 -40 28.73 40.98 -40 33.2 41.52 -42 33.2 41.52 -38
0
