0 STRING W. KNOBS 40 M (Needs Work)
0 Name: 63140.dat
0 Author: <AuthorRealName> [<AuthorLDrawName>]
0 !LDRAW_ORG Unofficial_Part
0 !LICENSE Redistributable under CCAL version 2.0 : see CAreadme.txt

0 BFC CERTIFY CCW

0 !HISTORY 2013-08-14 {LEGO Digital Designer} Original part shape
0 !HISTORY 2013-08-14 [<AuthorLDrawName>] File preparation for LDraw Parts Tracker

0 // Needs Work: Clean necessary

0 // Outside
3 16 792.223 -6.75 -1.299 792.076 -7.299 -0.75 7.777 -6.75 -1.299 
3 16 792.076 -7.299 -0.75 7.924 -7.299 -0.75 7.777 -6.75 -1.299 
3 16 792.277 -6 -1.5 792.223 -6.75 -1.299 7.723 -6 -1.5 
3 16 792.223 -6.75 -1.299 7.777 -6.75 -1.299 7.723 -6 -1.5 
3 16 792.223 -5.25 -1.299 792.277 -6 -1.5 7.777 -5.25 -1.299 
3 16 7.777 -5.25 -1.299 792.277 -6 -1.5 7.723 -6 -1.5 
3 16 792.076 -4.701 -0.75 792.223 -5.25 -1.299 7.924 -4.701 -0.75 
3 16 7.924 -4.701 -0.75 792.223 -5.25 -1.299 7.777 -5.25 -1.299 
3 16 791.875 -4.5 0 792.076 -4.701 -0.75 8.125 -4.5 0 
3 16 8.125 -4.5 0 792.076 -4.701 -0.75 7.924 -4.701 -0.75 
3 16 792.076 -7.299 0.75 792.223 -6.75 1.299 7.924 -7.299 0.75 
3 16 7.924 -7.299 0.75 792.223 -6.75 1.299 7.777 -6.75 1.299 
3 16 791.875 -7.5 0 792.076 -7.299 0.75 8.125 -7.5 0 
3 16 8.125 -7.5 0 792.076 -7.299 0.75 7.924 -7.299 0.75 
3 16 792.076 -7.299 -0.75 791.875 -7.5 0 7.924 -7.299 -0.75 
3 16 791.875 -7.5 0 8.125 -7.5 0 7.924 -7.299 -0.75 
3 16 792.223 -6.75 1.299 792.277 -6 1.5 7.777 -6.75 1.299 
3 16 7.777 -6.75 1.299 792.277 -6 1.5 7.723 -6 1.5 
3 16 792.277 -6 1.5 792.223 -5.25 1.299 7.723 -6 1.5 
3 16 792.223 -5.25 1.299 7.777 -5.25 1.299 7.723 -6 1.5 
3 16 792.223 -5.25 1.299 792.076 -4.701 0.75 7.777 -5.25 1.299 
3 16 792.076 -4.701 0.75 7.924 -4.701 0.75 7.777 -5.25 1.299 
3 16 792.076 -4.701 0.75 791.875 -4.5 0 7.924 -4.701 0.75 
3 16 791.875 -4.5 0 8.125 -4.5 0 7.924 -4.701 0.75 
3 16 -8.125 -8 0 -7.036 -8 -4.062 -7.036 -8 4.062 
3 16 -4.062 -8 7.036 -7.036 -8 4.062 -7.036 -8 -4.062 
3 16 0 -8 8.125 -4.062 -8 7.036 -4.062 -8 -7.036 
3 16 4.063 -8 7.036 0 -8 8.125 0 -8 -8.125 
3 16 7.037 -8 4.062 4.063 -8 7.036 4.063 -8 -7.036 
3 16 7.037 -8 4.062 7.037 -8 -4.062 8.125 -8 0 
3 16 7.037 -8 4.062 4.063 -8 -7.036 7.037 -8 -4.062 
3 16 4.063 -8 7.036 0 -8 -8.125 4.063 -8 -7.036 
3 16 0 -8 8.125 -4.062 -8 -7.036 0 -8 -8.125 
3 16 -4.062 -8 7.036 -7.036 -8 -4.062 -4.062 -8 -7.036 
3 16 -8.125 0 0 -8.125 -8 0 -7.036 0 4.062 
3 16 -7.036 0 4.062 -8.125 -8 0 -7.036 -8 4.062 
3 16 -7.036 0 -4.062 -7.036 -8 -4.062 -8.125 0 0 
3 16 -8.125 0 0 -7.036 -8 -4.062 -8.125 -8 0 
3 16 -4.062 0 -7.036 -4.062 -8 -7.036 -7.036 0 -4.062 
3 16 -7.036 0 -4.062 -4.062 -8 -7.036 -7.036 -8 -4.062 
3 16 0 0 -8.125 0 -8 -8.125 -4.062 0 -7.036 
3 16 -4.062 0 -7.036 0 -8 -8.125 -4.062 -8 -7.036 
3 16 4.063 0 -7.036 4.063 -8 -7.036 0 0 -8.125 
3 16 0 0 -8.125 4.063 -8 -7.036 0 -8 -8.125 
3 16 7.037 0 -4.062 7.037 -8 -4.062 4.063 0 -7.036 
3 16 4.063 0 -7.036 7.037 -8 -4.062 4.063 -8 -7.036 
3 16 8.125 0 0 8.125 -8 0 7.037 0 -4.062 
3 16 7.037 0 -4.062 8.125 -8 0 7.037 -8 -4.062 
3 16 7.037 0 4.062 7.037 -8 4.062 8.125 0 0 
3 16 8.125 0 0 7.037 -8 4.062 8.125 -8 0 
3 16 4.063 0 7.036 4.063 -8 7.036 7.037 0 4.062 
3 16 7.037 0 4.062 4.063 -8 7.036 7.037 -8 4.062 
3 16 0 0 8.125 0 -8 8.125 4.063 0 7.036 
3 16 4.063 0 7.036 0 -8 8.125 4.063 -8 7.036 
3 16 -4.062 0 7.036 -4.062 -8 7.036 0 0 8.125 
3 16 0 0 8.125 -4.062 -8 7.036 0 -8 8.125 
3 16 -7.036 0 4.062 -7.036 -8 4.062 -4.062 0 7.036 
3 16 -4.062 0 7.036 -7.036 -8 4.062 -4.062 -8 7.036 
3 16 791.875 -8 0 792.964 -8 -4.062 792.964 -8 4.062 
3 16 795.938 -8 7.036 792.964 -8 4.062 792.964 -8 -4.062 
3 16 800 -8 8.125 795.938 -8 7.036 795.938 -8 -7.036 
3 16 804.063 -8 7.036 800 -8 8.125 800 -8 -8.125 
3 16 807.037 -8 4.062 804.063 -8 7.036 804.063 -8 -7.036 
3 16 807.037 -8 4.062 807.037 -8 -4.062 808.125 -8 0 
3 16 807.037 -8 4.062 804.063 -8 -7.036 807.037 -8 -4.062 
3 16 804.063 -8 7.036 800 -8 -8.125 804.063 -8 -7.036 
3 16 800 -8 8.125 795.938 -8 -7.036 800 -8 -8.125 
3 16 795.938 -8 7.036 792.964 -8 -4.062 795.938 -8 -7.036 
3 16 791.875 0 0 791.875 -8 0 792.964 0 4.062 
3 16 792.964 0 4.062 791.875 -8 0 792.964 -8 4.062 
3 16 792.964 0 -4.062 792.964 -8 -4.062 791.875 0 0 
3 16 791.875 0 0 792.964 -8 -4.062 791.875 -8 0 
3 16 795.938 0 -7.036 795.938 -8 -7.036 792.964 0 -4.062 
3 16 792.964 0 -4.062 795.938 -8 -7.036 792.964 -8 -4.062 
3 16 800 0 -8.125 800 -8 -8.125 795.938 0 -7.036 
3 16 795.938 0 -7.036 800 -8 -8.125 795.938 -8 -7.036 
3 16 804.063 0 -7.036 804.063 -8 -7.036 800 0 -8.125 
3 16 800 0 -8.125 804.063 -8 -7.036 800 -8 -8.125 
3 16 807.037 0 -4.062 807.037 -8 -4.062 804.063 0 -7.036 
3 16 804.063 0 -7.036 807.037 -8 -4.062 804.063 -8 -7.036 
3 16 808.125 0 0 808.125 -8 0 807.037 0 -4.062 
3 16 807.037 0 -4.062 808.125 -8 0 807.037 -8 -4.062 
3 16 807.037 0 4.062 807.037 -8 4.062 808.125 0 0 
3 16 808.125 0 0 807.037 -8 4.062 808.125 -8 0 
3 16 804.063 0 7.036 804.063 -8 7.036 807.037 0 4.062 
3 16 807.037 0 4.062 804.063 -8 7.036 807.037 -8 4.062 
3 16 800 0 8.125 800 -8 8.125 804.063 0 7.036 
3 16 804.063 0 7.036 800 -8 8.125 804.063 -8 7.036 
3 16 795.938 0 7.036 795.938 -8 7.036 800 0 8.125 
3 16 800 0 8.125 795.938 -8 7.036 800 -8 8.125 
3 16 792.964 0 4.062 792.964 -8 4.062 795.938 0 7.036 
3 16 795.938 0 7.036 792.964 -8 4.062 795.938 -8 7.036 
2 24 792.223 -6.75 -1.299 792.076 -7.299 -0.75 
2 24 7.924 -7.299 -0.75 7.777 -6.75 -1.299 
2 24 792.277 -6 -1.5 792.223 -6.75 -1.299 
2 24 7.777 -6.75 -1.299 7.723 -6 -1.5 
2 24 792.223 -5.25 -1.299 792.277 -6 -1.5 
2 24 7.723 -6 -1.5 7.777 -5.25 -1.299 
2 24 792.076 -4.701 -0.75 792.223 -5.25 -1.299 
2 24 7.777 -5.25 -1.299 7.924 -4.701 -0.75 
2 24 791.875 -4.5 0 792.076 -4.701 -0.75 
2 24 7.924 -4.701 -0.75 8.125 -4.5 0 
2 24 792.076 -7.299 0.75 792.223 -6.75 1.299 
2 24 7.777 -6.75 1.299 7.924 -7.299 0.75 
2 24 791.875 -7.5 0 792.076 -7.299 0.75 
2 24 7.924 -7.299 0.75 8.125 -7.5 0 
2 24 792.076 -7.299 -0.75 791.875 -7.5 0 
2 24 8.125 -7.5 0 7.924 -7.299 -0.75 
2 24 792.223 -6.75 1.299 792.277 -6 1.5 
2 24 7.723 -6 1.5 7.777 -6.75 1.299 
2 24 792.277 -6 1.5 792.223 -5.25 1.299 
2 24 7.777 -5.25 1.299 7.723 -6 1.5 
2 24 792.223 -5.25 1.299 792.076 -4.701 0.75 
2 24 7.924 -4.701 0.75 7.777 -5.25 1.299 
2 24 792.076 -4.701 0.75 791.875 -4.5 0 
2 24 8.125 -4.5 0 7.924 -4.701 0.75 
2 24 -8.125 -8 0 -7.036 -8 -4.062 
2 24 -7.036 -8 4.062 -8.125 -8 0 
2 24 -4.062 -8 7.036 -7.036 -8 4.062 
2 24 0 -8 8.125 -4.062 -8 7.036 
2 24 4.063 -8 7.036 0 -8 8.125 
2 24 7.037 -8 4.062 4.063 -8 7.036 
2 24 7.037 -8 -4.062 8.125 -8 0 
2 24 8.125 -8 0 7.037 -8 4.062 
2 24 4.063 -8 -7.036 7.037 -8 -4.062 
2 24 0 -8 -8.125 4.063 -8 -7.036 
2 24 -4.062 -8 -7.036 0 -8 -8.125 
2 24 -7.036 -8 -4.062 -4.062 -8 -7.036 
2 24 -7.036 0 4.062 -8.125 0 0 
2 24 -8.125 0 0 -7.036 0 -4.062 
2 24 -7.036 0 -4.062 -4.062 0 -7.036 
2 24 -4.062 0 -7.036 0 0 -8.125 
2 24 0 0 -8.125 4.063 0 -7.036 
2 24 4.063 0 -7.036 7.037 0 -4.062 
2 24 7.037 0 -4.062 8.125 0 0 
2 24 8.125 0 0 7.037 0 4.062 
2 24 7.037 0 4.062 4.063 0 7.036 
2 24 4.063 0 7.036 0 0 8.125 
2 24 0 0 8.125 -4.062 0 7.036 
2 24 -4.062 0 7.036 -7.036 0 4.062 
2 24 791.875 -8 0 792.964 -8 -4.062 
2 24 792.964 -8 4.062 791.875 -8 0 
2 24 795.938 -8 7.036 792.964 -8 4.062 
2 24 800 -8 8.125 795.938 -8 7.036 
2 24 804.063 -8 7.036 800 -8 8.125 
2 24 807.037 -8 4.062 804.063 -8 7.036 
2 24 807.037 -8 -4.062 808.125 -8 0 
2 24 808.125 -8 0 807.037 -8 4.062 
2 24 804.063 -8 -7.036 807.037 -8 -4.062 
2 24 800 -8 -8.125 804.063 -8 -7.036 
2 24 795.938 -8 -7.036 800 -8 -8.125 
2 24 792.964 -8 -4.062 795.938 -8 -7.036 
2 24 792.964 0 4.062 791.875 0 0 
2 24 791.875 0 0 792.964 0 -4.062 
2 24 792.964 0 -4.062 795.938 0 -7.036 
2 24 795.938 0 -7.036 800 0 -8.125 
2 24 800 0 -8.125 804.063 0 -7.036 
2 24 804.063 0 -7.036 807.037 0 -4.062 
2 24 807.037 0 -4.062 808.125 0 0 
2 24 808.125 0 0 807.037 0 4.062 
2 24 807.037 0 4.062 804.063 0 7.036 
2 24 804.063 0 7.036 800 0 8.125 
2 24 800 0 8.125 795.938 0 7.036 
2 24 795.938 0 7.036 792.964 0 4.062 

0 // Inside
3 16 800 -5.25 -6.25 796.875 -5.25 5.413 800 -5.25 6.25 
3 16 794.587 -5.25 3.125 796.875 -5.25 5.413 796.875 -5.25 -5.413 
3 16 794.587 -5.25 3.125 794.587 -5.25 -3.125 793.75 -5.25 0 
3 16 794.587 -5.25 3.125 796.875 -5.25 -5.413 794.587 -5.25 -3.125 
3 16 796.875 -5.25 5.413 800 -5.25 -6.25 796.875 -5.25 -5.413 
3 16 800 -5.25 -6.25 800 -5.25 6.25 803.125 -5.25 -5.413 
3 16 800 -5.25 6.25 803.125 -5.25 5.413 803.125 -5.25 -5.413 
3 16 803.125 -5.25 5.413 805.413 -5.25 -3.125 803.125 -5.25 -5.413 
3 16 805.413 -5.25 3.125 805.413 -5.25 -3.125 803.125 -5.25 5.413 
3 16 805.413 -5.25 -3.125 805.413 -5.25 3.125 806.25 -5.25 0 
3 16 805.413 0 -3.125 805.413 -5.25 -3.125 806.25 0 0 
3 16 806.25 0 0 805.413 -5.25 -3.125 806.25 -5.25 0 
3 16 803.125 0 -5.413 803.125 -5.25 -5.413 805.413 0 -3.125 
3 16 805.413 0 -3.125 803.125 -5.25 -5.413 805.413 -5.25 -3.125 
3 16 800 0 -6.25 800 -5.25 -6.25 803.125 0 -5.413 
3 16 803.125 0 -5.413 800 -5.25 -6.25 803.125 -5.25 -5.413 
3 16 796.875 0 -5.413 796.875 -5.25 -5.413 800 0 -6.25 
3 16 800 0 -6.25 796.875 -5.25 -5.413 800 -5.25 -6.25 
3 16 794.587 0 -3.125 794.587 -5.25 -3.125 796.875 0 -5.413 
3 16 796.875 0 -5.413 794.587 -5.25 -3.125 796.875 -5.25 -5.413 
3 16 793.75 0 0 793.75 -5.25 0 794.587 0 -3.125 
3 16 794.587 0 -3.125 793.75 -5.25 0 794.587 -5.25 -3.125 
3 16 794.587 0 3.125 794.587 -5.25 3.125 793.75 0 0 
3 16 793.75 0 0 794.587 -5.25 3.125 793.75 -5.25 0 
3 16 796.875 0 5.413 796.875 -5.25 5.413 794.587 0 3.125 
3 16 794.587 0 3.125 796.875 -5.25 5.413 794.587 -5.25 3.125 
3 16 800 0 6.25 800 -5.25 6.25 796.875 0 5.413 
3 16 796.875 0 5.413 800 -5.25 6.25 796.875 -5.25 5.413 
3 16 803.125 0 5.413 803.125 -5.25 5.413 800 0 6.25 
3 16 800 0 6.25 803.125 -5.25 5.413 800 -5.25 6.25 
3 16 805.413 0 3.125 805.413 -5.25 3.125 803.125 0 5.413 
3 16 803.125 0 5.413 805.413 -5.25 3.125 803.125 -5.25 5.413 
3 16 806.25 0 0 806.25 -5.25 0 805.413 0 3.125 
3 16 805.413 0 3.125 806.25 -5.25 0 805.413 -5.25 3.125 
3 16 796.875 0 5.413 792.964 0 4.062 795.938 0 7.036 
3 16 791.875 0 0 793.75 0 0 792.964 0 -4.062 
3 16 793.75 0 0 794.587 0 -3.125 792.964 0 -4.062 
3 16 792.964 0 -4.062 794.587 0 -3.125 795.938 0 -7.036 
3 16 794.587 0 -3.125 796.875 0 -5.413 795.938 0 -7.036 
3 16 795.938 0 -7.036 796.875 0 -5.413 800 0 -8.125 
3 16 796.875 0 -5.413 800 0 -6.25 800 0 -8.125 
3 16 800 0 -8.125 800 0 -6.25 804.063 0 -7.036 
3 16 800 0 -6.25 803.125 0 -5.413 804.063 0 -7.036 
3 16 804.063 0 -7.036 803.125 0 -5.413 807.037 0 -4.062 
3 16 803.125 0 -5.413 805.413 0 -3.125 807.037 0 -4.062 
3 16 807.037 0 -4.062 805.413 0 -3.125 808.125 0 0 
3 16 805.413 0 -3.125 806.25 0 0 808.125 0 0 
3 16 808.125 0 0 806.25 0 0 807.037 0 4.062 
3 16 806.25 0 0 805.413 0 3.125 807.037 0 4.062 
3 16 807.037 0 4.062 805.413 0 3.125 804.063 0 7.036 
3 16 805.413 0 3.125 803.125 0 5.413 804.063 0 7.036 
3 16 804.063 0 7.036 803.125 0 5.413 800 0 8.125 
3 16 803.125 0 5.413 800 0 6.25 800 0 8.125 
3 16 800 0 8.125 800 0 6.25 795.938 0 7.036 
3 16 800 0 6.25 796.875 0 5.413 795.938 0 7.036 
3 16 793.75 0 0 791.875 0 0 794.587 0 3.125 
3 16 792.964 0 4.062 794.587 0 3.125 791.875 0 0 
3 16 792.964 0 4.062 796.875 0 5.413 794.587 0 3.125 
2 24 796.875 -5.25 5.413 800 -5.25 6.25 
2 24 794.587 -5.25 3.125 796.875 -5.25 5.413 
2 24 794.587 -5.25 -3.125 793.75 -5.25 0 
2 24 793.75 -5.25 0 794.587 -5.25 3.125 
2 24 796.875 -5.25 -5.413 794.587 -5.25 -3.125 
2 24 800 -5.25 -6.25 796.875 -5.25 -5.413 
2 24 803.125 -5.25 -5.413 800 -5.25 -6.25 
2 24 800 -5.25 6.25 803.125 -5.25 5.413 
2 24 805.413 -5.25 -3.125 803.125 -5.25 -5.413 
2 24 803.125 -5.25 5.413 805.413 -5.25 3.125 
2 24 805.413 -5.25 3.125 806.25 -5.25 0 
2 24 806.25 -5.25 0 805.413 -5.25 -3.125 
2 24 806.25 0 0 805.413 0 -3.125 
2 24 805.413 0 -3.125 803.125 0 -5.413 
2 24 803.125 0 -5.413 800 0 -6.25 
2 24 800 0 -6.25 796.875 0 -5.413 
2 24 796.875 0 -5.413 794.587 0 -3.125 
2 24 794.587 0 -3.125 793.75 0 0 
2 24 793.75 0 0 794.587 0 3.125 
2 24 794.587 0 3.125 796.875 0 5.413 
2 24 796.875 0 5.413 800 0 6.25 
2 24 800 0 6.25 803.125 0 5.413 
2 24 803.125 0 5.413 805.413 0 3.125 
2 24 805.413 0 3.125 806.25 0 0 
2 24 792.964 0 4.062 795.938 0 7.036 
2 24 792.964 0 -4.062 791.875 0 0 
2 24 795.938 0 -7.036 792.964 0 -4.062 
2 24 800 0 -8.125 795.938 0 -7.036 
2 24 804.063 0 -7.036 800 0 -8.125 
2 24 807.037 0 -4.062 804.063 0 -7.036 
2 24 808.125 0 0 807.037 0 -4.062 
2 24 807.037 0 4.062 808.125 0 0 
2 24 804.063 0 7.036 807.037 0 4.062 
2 24 800 0 8.125 804.063 0 7.036 
2 24 795.938 0 7.036 800 0 8.125 
2 24 791.875 0 0 792.964 0 4.062 

0 // Inside
3 16 0 -5.25 -6.25 -3.125 -5.25 5.413 0 -5.25 6.25 
3 16 -5.413 -5.25 3.125 -3.125 -5.25 5.413 -3.125 -5.25 -5.413 
3 16 -5.413 -5.25 3.125 -5.413 -5.25 -3.125 -6.25 -5.25 0 
3 16 -5.413 -5.25 3.125 -3.125 -5.25 -5.413 -5.413 -5.25 -3.125 
3 16 -3.125 -5.25 5.413 0 -5.25 -6.25 -3.125 -5.25 -5.413 
3 16 0 -5.25 -6.25 0 -5.25 6.25 3.125 -5.25 -5.413 
3 16 0 -5.25 6.25 3.125 -5.25 5.413 3.125 -5.25 -5.413 
3 16 3.125 -5.25 5.413 5.413 -5.25 -3.125 3.125 -5.25 -5.413 
3 16 5.413 -5.25 3.125 5.413 -5.25 -3.125 3.125 -5.25 5.413 
3 16 5.413 -5.25 -3.125 5.413 -5.25 3.125 6.25 -5.25 0 
3 16 5.413 0 -3.125 5.413 -5.25 -3.125 6.25 0 0 
3 16 6.25 0 0 5.413 -5.25 -3.125 6.25 -5.25 0 
3 16 3.125 0 -5.413 3.125 -5.25 -5.413 5.413 0 -3.125 
3 16 5.413 0 -3.125 3.125 -5.25 -5.413 5.413 -5.25 -3.125 
3 16 0 0 -6.25 0 -5.25 -6.25 3.125 0 -5.413 
3 16 3.125 0 -5.413 0 -5.25 -6.25 3.125 -5.25 -5.413 
3 16 -3.125 0 -5.413 -3.125 -5.25 -5.413 0 0 -6.25 
3 16 0 0 -6.25 -3.125 -5.25 -5.413 0 -5.25 -6.25 
3 16 -5.413 0 -3.125 -5.413 -5.25 -3.125 -3.125 0 -5.413 
3 16 -3.125 0 -5.413 -5.413 -5.25 -3.125 -3.125 -5.25 -5.413 
3 16 -6.25 0 0 -6.25 -5.25 0 -5.413 0 -3.125 
3 16 -5.413 0 -3.125 -6.25 -5.25 0 -5.413 -5.25 -3.125 
3 16 -5.413 0 3.125 -5.413 -5.25 3.125 -6.25 0 0 
3 16 -6.25 0 0 -5.413 -5.25 3.125 -6.25 -5.25 0 
3 16 -3.125 0 5.413 -3.125 -5.25 5.413 -5.413 0 3.125 
3 16 -5.413 0 3.125 -3.125 -5.25 5.413 -5.413 -5.25 3.125 
3 16 0 0 6.25 0 -5.25 6.25 -3.125 0 5.413 
3 16 -3.125 0 5.413 0 -5.25 6.25 -3.125 -5.25 5.413 
3 16 3.125 0 5.413 3.125 -5.25 5.413 0 0 6.25 
3 16 0 0 6.25 3.125 -5.25 5.413 0 -5.25 6.25 
3 16 5.413 0 3.125 5.413 -5.25 3.125 3.125 0 5.413 
3 16 3.125 0 5.413 5.413 -5.25 3.125 3.125 -5.25 5.413 
3 16 6.25 0 0 6.25 -5.25 0 5.413 0 3.125 
3 16 5.413 0 3.125 6.25 -5.25 0 5.413 -5.25 3.125 
3 16 -3.125 0 5.413 -7.036 0 4.062 -4.062 0 7.036 
3 16 -8.125 0 0 -6.25 0 0 -7.036 0 -4.062 
3 16 -6.25 0 0 -5.413 0 -3.125 -7.036 0 -4.062 
3 16 -7.036 0 -4.062 -5.413 0 -3.125 -4.062 0 -7.036 
3 16 -5.413 0 -3.125 -3.125 0 -5.413 -4.062 0 -7.036 
3 16 -4.062 0 -7.036 -3.125 0 -5.413 0 0 -8.125 
3 16 -3.125 0 -5.413 0 0 -6.25 0 0 -8.125 
3 16 0 0 -8.125 0 0 -6.25 4.062 0 -7.036 
3 16 0 0 -6.25 3.125 0 -5.413 4.062 0 -7.036 
3 16 4.062 0 -7.036 3.125 0 -5.413 7.036 0 -4.062 
3 16 3.125 0 -5.413 5.413 0 -3.125 7.036 0 -4.062 
3 16 7.036 0 -4.062 5.413 0 -3.125 8.125 0 0 
3 16 5.413 0 -3.125 6.25 0 0 8.125 0 0 
3 16 8.125 0 0 6.25 0 0 7.036 0 4.062 
3 16 6.25 0 0 5.413 0 3.125 7.036 0 4.062 
3 16 7.036 0 4.062 5.413 0 3.125 4.062 0 7.036 
3 16 5.413 0 3.125 3.125 0 5.413 4.062 0 7.036 
3 16 4.062 0 7.036 3.125 0 5.413 0 0 8.125 
3 16 3.125 0 5.413 0 0 6.25 0 0 8.125 
3 16 0 0 8.125 0 0 6.25 -4.062 0 7.036 
3 16 0 0 6.25 -3.125 0 5.413 -4.062 0 7.036 
3 16 -6.25 0 0 -8.125 0 0 -5.413 0 3.125 
3 16 -7.036 0 4.062 -5.413 0 3.125 -8.125 0 0 
3 16 -7.036 0 4.062 -3.125 0 5.413 -5.413 0 3.125 
2 24 -3.125 -5.25 5.413 0 -5.25 6.25 
2 24 -5.413 -5.25 3.125 -3.125 -5.25 5.413 
2 24 -5.413 -5.25 -3.125 -6.25 -5.25 0 
2 24 -6.25 -5.25 0 -5.413 -5.25 3.125 
2 24 -3.125 -5.25 -5.413 -5.413 -5.25 -3.125 
2 24 0 -5.25 -6.25 -3.125 -5.25 -5.413 
2 24 3.125 -5.25 -5.413 0 -5.25 -6.25 
2 24 0 -5.25 6.25 3.125 -5.25 5.413 
2 24 5.413 -5.25 -3.125 3.125 -5.25 -5.413 
2 24 3.125 -5.25 5.413 5.413 -5.25 3.125 
2 24 5.413 -5.25 3.125 6.25 -5.25 0 
2 24 6.25 -5.25 0 5.413 -5.25 -3.125 
2 24 6.25 0 0 5.413 0 -3.125 
2 24 5.413 0 -3.125 3.125 0 -5.413 
2 24 3.125 0 -5.413 0 0 -6.25 
2 24 0 0 -6.25 -3.125 0 -5.413 
2 24 -3.125 0 -5.413 -5.413 0 -3.125 
2 24 -5.413 0 -3.125 -6.25 0 0 
2 24 -6.25 0 0 -5.413 0 3.125 
2 24 -5.413 0 3.125 -3.125 0 5.413 
2 24 -3.125 0 5.413 0 0 6.25 
2 24 0 0 6.25 3.125 0 5.413 
2 24 3.125 0 5.413 5.413 0 3.125 
2 24 5.413 0 3.125 6.25 0 0 
2 24 -7.036 0 4.062 -4.062 0 7.036 
2 24 -7.036 0 -4.062 -8.125 0 0 
2 24 -4.062 0 -7.036 -7.036 0 -4.062 
2 24 0 0 -8.125 -4.062 0 -7.036 
2 24 4.062 0 -7.036 0 0 -8.125 
2 24 7.036 0 -4.062 4.062 0 -7.036 
2 24 8.125 0 0 7.036 0 -4.062 
2 24 7.036 0 4.062 8.125 0 0 
2 24 4.062 0 7.036 7.036 0 4.062 
2 24 0 0 8.125 4.062 0 7.036 
2 24 -4.062 0 7.036 0 0 8.125 
2 24 -8.125 0 0 -7.036 0 4.062 

0 // Stud
3 16 5.304 -12.45 3.062 5.304 -8 3.062 3.062 -12.45 5.304 
3 16 5.304 -8 3.062 3.062 -8 5.304 3.062 -12.45 5.304 
3 16 3.062 -12.45 5.304 3.062 -8 5.304 0 -12.45 6.125 
3 16 3.062 -8 5.304 0 -8 6.125 0 -12.45 6.125 
3 16 0 -12.45 6.125 0 -8 6.125 -3.062 -12.45 5.304 
3 16 0 -8 6.125 -3.062 -8 5.304 -3.062 -12.45 5.304 
3 16 -3.062 -12.45 5.304 -3.062 -8 5.304 -5.304 -12.45 3.062 
3 16 -3.062 -8 5.304 -5.304 -8 3.062 -5.304 -12.45 3.062 
3 16 -5.304 -12.45 3.062 -5.304 -8 3.062 -6.125 -12.45 0 
3 16 -5.304 -8 3.062 -6.125 -8 0 -6.125 -12.45 0 
3 16 -6.125 -12.45 0 -6.125 -8 0 -5.304 -12.45 -3.062 
3 16 -6.125 -8 0 -5.304 -8 -3.062 -5.304 -12.45 -3.062 
3 16 -5.304 -12.45 -3.062 -5.304 -8 -3.062 -3.062 -12.45 -5.304 
3 16 -5.304 -8 -3.062 -3.062 -8 -5.304 -3.062 -12.45 -5.304 
3 16 -3.062 -12.45 -5.304 -3.062 -8 -5.304 0 -12.45 -6.125 
3 16 -3.062 -8 -5.304 0 -8 -6.125 0 -12.45 -6.125 
3 16 0 -12.45 -6.125 0 -8 -6.125 3.062 -12.45 -5.304 
3 16 0 -8 -6.125 3.062 -8 -5.304 3.062 -12.45 -5.304 
3 16 3.062 -12.45 -5.304 3.062 -8 -5.304 5.304 -12.45 -3.062 
3 16 3.062 -8 -5.304 5.304 -8 -3.062 5.304 -12.45 -3.062 
3 16 5.304 -12.45 -3.062 5.304 -8 -3.062 6.125 -12.45 0 
3 16 5.304 -8 -3.062 6.125 -8 0 6.125 -12.45 0 
3 16 6.125 -12.45 0 6.125 -8 0 5.304 -12.45 3.062 
3 16 6.125 -8 0 5.304 -8 3.062 5.304 -12.45 3.062 
3 16 5.304 -12.45 3.062 3.062 -12.45 5.304 0 -12.45 0 
3 16 3.062 -12.45 5.304 0 -12.45 6.125 0 -12.45 0 
3 16 0 -12.45 6.125 -3.062 -12.45 5.304 0 -12.45 0 
3 16 -3.062 -12.45 5.304 -5.304 -12.45 3.062 0 -12.45 0 
3 16 -5.304 -12.45 3.062 -6.125 -12.45 0 0 -12.45 0 
3 16 -6.125 -12.45 0 -5.304 -12.45 -3.062 0 -12.45 0 
3 16 -5.304 -12.45 -3.062 -3.062 -12.45 -5.304 0 -12.45 0 
3 16 -3.062 -12.45 -5.304 0 -12.45 -6.125 0 -12.45 0 
3 16 0 -12.45 -6.125 3.062 -12.45 -5.304 0 -12.45 0 
3 16 3.062 -12.45 -5.304 5.304 -12.45 -3.062 0 -12.45 0 
3 16 5.304 -12.45 -3.062 6.125 -12.45 0 0 -12.45 0 
3 16 6.125 -12.45 0 5.304 -12.45 3.062 0 -12.45 0 
2 24 3.062 -12.45 5.304 5.304 -12.45 3.062 
2 24 5.304 -8 3.062 3.062 -8 5.304 
2 24 0 -12.45 6.125 3.062 -12.45 5.304 
2 24 3.062 -8 5.304 0 -8 6.125 
2 24 -3.062 -12.45 5.304 0 -12.45 6.125 
2 24 0 -8 6.125 -3.062 -8 5.304 
2 24 -5.304 -12.45 3.062 -3.062 -12.45 5.304 
2 24 -3.062 -8 5.304 -5.304 -8 3.062 
2 24 -6.125 -12.45 0 -5.304 -12.45 3.062 
2 24 -5.304 -8 3.062 -6.125 -8 0 
2 24 -5.304 -12.45 -3.062 -6.125 -12.45 0 
2 24 -6.125 -8 0 -5.304 -8 -3.062 
2 24 -3.062 -12.45 -5.304 -5.304 -12.45 -3.062 
2 24 -5.304 -8 -3.062 -3.062 -8 -5.304 
2 24 0 -12.45 -6.125 -3.062 -12.45 -5.304 
2 24 -3.062 -8 -5.304 0 -8 -6.125 
2 24 3.062 -12.45 -5.304 0 -12.45 -6.125 
2 24 0 -8 -6.125 3.062 -8 -5.304 
2 24 5.304 -12.45 -3.062 3.062 -12.45 -5.304 
2 24 3.062 -8 -5.304 5.304 -8 -3.062 
2 24 6.125 -12.45 0 5.304 -12.45 -3.062 
2 24 5.304 -8 -3.062 6.125 -8 0 
2 24 5.304 -12.45 3.062 6.125 -12.45 0 
2 24 6.125 -8 0 5.304 -8 3.062 

0 // Stud
3 16 805.305 -12.45 3.062 805.305 -8 3.062 803.063 -12.45 5.304 
3 16 805.305 -8 3.062 803.063 -8 5.304 803.063 -12.45 5.304 
3 16 803.063 -12.45 5.304 803.063 -8 5.304 800 -12.45 6.125 
3 16 803.063 -8 5.304 800 -8 6.125 800 -12.45 6.125 
3 16 800 -12.45 6.125 800 -8 6.125 796.938 -12.45 5.304 
3 16 800 -8 6.125 796.938 -8 5.304 796.938 -12.45 5.304 
3 16 796.938 -12.45 5.304 796.938 -8 5.304 794.696 -12.45 3.062 
3 16 796.938 -8 5.304 794.696 -8 3.062 794.696 -12.45 3.062 
3 16 794.696 -12.45 3.062 794.696 -8 3.062 793.875 -12.45 0 
3 16 794.696 -8 3.062 793.875 -8 0 793.875 -12.45 0 
3 16 793.875 -12.45 0 793.875 -8 0 794.696 -12.45 -3.062 
3 16 793.875 -8 0 794.696 -8 -3.062 794.696 -12.45 -3.062 
3 16 794.696 -12.45 -3.062 794.696 -8 -3.062 796.938 -12.45 -5.304 
3 16 794.696 -8 -3.062 796.938 -8 -5.304 796.938 -12.45 -5.304 
3 16 796.938 -12.45 -5.304 796.938 -8 -5.304 800 -12.45 -6.125 
3 16 796.938 -8 -5.304 800 -8 -6.125 800 -12.45 -6.125 
3 16 800 -12.45 -6.125 800 -8 -6.125 803.063 -12.45 -5.304 
3 16 800 -8 -6.125 803.063 -8 -5.304 803.063 -12.45 -5.304 
3 16 803.063 -12.45 -5.304 803.063 -8 -5.304 805.305 -12.45 -3.062 
3 16 803.063 -8 -5.304 805.305 -8 -3.062 805.305 -12.45 -3.062 
3 16 805.305 -12.45 -3.062 805.305 -8 -3.062 806.125 -12.45 0 
3 16 805.305 -8 -3.062 806.125 -8 0 806.125 -12.45 0 
3 16 806.125 -12.45 0 806.125 -8 0 805.305 -12.45 3.062 
3 16 806.125 -8 0 805.305 -8 3.062 805.305 -12.45 3.062 
3 16 805.305 -12.45 3.062 803.063 -12.45 5.304 800 -12.45 0 
3 16 803.063 -12.45 5.304 800 -12.45 6.125 800 -12.45 0 
3 16 800 -12.45 6.125 796.938 -12.45 5.304 800 -12.45 0 
3 16 796.938 -12.45 5.304 794.696 -12.45 3.062 800 -12.45 0 
3 16 794.696 -12.45 3.062 793.875 -12.45 0 800 -12.45 0 
3 16 793.875 -12.45 0 794.696 -12.45 -3.062 800 -12.45 0 
3 16 794.696 -12.45 -3.062 796.938 -12.45 -5.304 800 -12.45 0 
3 16 796.938 -12.45 -5.304 800 -12.45 -6.125 800 -12.45 0 
3 16 800 -12.45 -6.125 803.063 -12.45 -5.304 800 -12.45 0 
3 16 803.063 -12.45 -5.304 805.305 -12.45 -3.062 800 -12.45 0 
3 16 805.305 -12.45 -3.062 806.125 -12.45 0 800 -12.45 0 
3 16 806.125 -12.45 0 805.305 -12.45 3.062 800 -12.45 0 
2 24 803.063 -12.45 5.304 805.305 -12.45 3.062 
2 24 805.305 -8 3.062 803.063 -8 5.304 
2 24 800 -12.45 6.125 803.063 -12.45 5.304 
2 24 803.063 -8 5.304 800 -8 6.125 
2 24 796.938 -12.45 5.304 800 -12.45 6.125 
2 24 800 -8 6.125 796.938 -8 5.304 
2 24 794.696 -12.45 3.062 796.938 -12.45 5.304 
2 24 796.938 -8 5.304 794.696 -8 3.062 
2 24 793.875 -12.45 0 794.696 -12.45 3.062 
2 24 794.696 -8 3.062 793.875 -8 0 
2 24 794.696 -12.45 -3.062 793.875 -12.45 0 
2 24 793.875 -8 0 794.696 -8 -3.062 
2 24 796.938 -12.45 -5.304 794.696 -12.45 -3.062 
2 24 794.696 -8 -3.062 796.938 -8 -5.304 
2 24 800 -12.45 -6.125 796.938 -12.45 -5.304 
2 24 796.938 -8 -5.304 800 -8 -6.125 
2 24 803.063 -12.45 -5.304 800 -12.45 -6.125 
2 24 800 -8 -6.125 803.063 -8 -5.304 
2 24 805.305 -12.45 -3.062 803.063 -12.45 -5.304 
2 24 803.063 -8 -5.304 805.305 -8 -3.062 
2 24 806.125 -12.45 0 805.305 -12.45 -3.062 
2 24 805.305 -8 -3.062 806.125 -8 0 
2 24 805.305 -12.45 3.062 806.125 -12.45 0 
2 24 806.125 -8 0 805.305 -8 3.062 

