0 MICROPHONE W/ Ø3.2 SHAFT (Needs Work)
0 Name: 90393.dat
0 Author: <AuthorRealName> [<AuthorLDrawName>]
0 !LDRAW_ORG Unofficial_Part
0 !LICENSE Redistributable under CCAL version 2.0 : see CAreadme.txt

0 BFC CERTIFY CCW

0 !HISTORY 2013-08-14 {LEGO Digital Designer} Original part shape
0 !HISTORY 2013-08-14 [<AuthorLDrawName>] File preparation for LDraw Parts Tracker

0 // Needs Work: Clean necessary

0 // Outside
3 16 2.423 -2.763 1.399 3.464 -4 2 2.798 -2.763 0 
3 16 3.464 -4 2 4 -4 0 2.798 -2.763 0 
3 16 3.464 -4 2 3.464 -18.929 2 4 -4 0 
3 16 3.464 -18.929 2 4 -18.929 0 4 -4 0 
3 16 3.464 -18.929 2 3.464 -4 2 2 -18.929 3.464 
3 16 3.464 -4 2 2 -4 3.464 2 -18.929 3.464 
3 16 0 -4 4 0 -18.929 4 2 -4 3.464 
3 16 0 -18.929 4 2 -18.929 3.464 2 -4 3.464 
3 16 0 -2.763 2.798 0 -4 4 1.399 -2.763 2.423 
3 16 1.399 -2.763 2.423 0 -4 4 2 -4 3.464 
3 16 1.399 -2.763 2.423 2 -4 3.464 2.423 -2.763 1.399 
3 16 2.423 -2.763 1.399 2 -4 3.464 3.464 -4 2 
3 16 0 -2.763 0 0 -2.763 2.798 1.399 -2.763 2.423 
3 16 0 -2.763 0 1.399 -2.763 2.423 2.423 -2.763 1.399 
3 16 2.798 -2.763 0 0 -2.763 0 2.423 -2.763 1.399 
3 16 1.611 0 0.93 1.928 -2.763 1.113 1.86 0 0 
3 16 1.86 0 0 1.928 -2.763 1.113 2.227 -2.763 0 
3 16 0.93 0 1.611 1.113 -2.763 1.928 1.611 0 0.93 
3 16 1.611 0 0.93 1.113 -2.763 1.928 1.928 -2.763 1.113 
3 16 0 0 1.86 0 -2.763 2.227 0.93 0 1.611 
3 16 0.93 0 1.611 0 -2.763 2.227 1.113 -2.763 1.928 
3 16 0 0 1.86 0.93 0 1.611 0 0 0 
3 16 1.86 0 0 0 0 0 1.611 0 0.93 
3 16 0 0 0 0.93 0 1.611 1.611 0 0.93 
3 16 -1.399 -2.763 2.423 -2 -4 3.464 0 -2.763 2.798 
3 16 -2 -4 3.464 0 -4 4 0 -2.763 2.798 
3 16 -2 -4 3.464 -2 -18.929 3.464 0 -4 4 
3 16 -2 -18.929 3.464 0 -18.929 4 0 -4 4 
3 16 -2 -18.929 3.464 -2 -4 3.464 -3.464 -18.929 2 
3 16 -2 -4 3.464 -3.464 -4 2 -3.464 -18.929 2 
3 16 -4 -4 0 -4 -18.929 0 -3.464 -4 2 
3 16 -4 -18.929 0 -3.464 -18.929 2 -3.464 -4 2 
3 16 -2.798 -2.763 0 -4 -4 0 -2.423 -2.763 1.399 
3 16 -2.423 -2.763 1.399 -4 -4 0 -3.464 -4 2 
3 16 -2.423 -2.763 1.399 -3.464 -4 2 -1.399 -2.763 2.423 
3 16 -1.399 -2.763 2.423 -3.464 -4 2 -2 -4 3.464 
3 16 0 -2.763 0 -2.798 -2.763 0 -2.423 -2.763 1.399 
3 16 0 -2.763 0 -2.423 -2.763 1.399 -1.399 -2.763 2.423 
3 16 0 -2.763 2.798 0 -2.763 0 -1.399 -2.763 2.423 
3 16 -0.93 0 1.611 -1.113 -2.763 1.928 0 0 1.86 
3 16 0 0 1.86 -1.113 -2.763 1.928 0 -2.763 2.227 
3 16 -1.611 0 0.93 -1.928 -2.763 1.113 -0.93 0 1.611 
3 16 -0.93 0 1.611 -1.928 -2.763 1.113 -1.113 -2.763 1.928 
3 16 -1.86 0 0 -2.227 -2.763 0 -1.611 0 0.93 
3 16 -1.611 0 0.93 -2.227 -2.763 0 -1.928 -2.763 1.113 
3 16 -1.86 0 0 -1.611 0 0.93 0 0 0 
3 16 0 0 1.86 0 0 0 -0.93 0 1.611 
3 16 0 0 0 -1.611 0 0.93 -0.93 0 1.611 
3 16 -2.423 -2.763 -1.399 -3.464 -4 -2 -2.798 -2.763 0 
3 16 -3.464 -4 -2 -4 -4 0 -2.798 -2.763 0 
3 16 -3.464 -4 -2 -3.464 -18.929 -2 -4 -4 0 
3 16 -3.464 -18.929 -2 -4 -18.929 0 -4 -4 0 
3 16 -3.464 -18.929 -2 -3.464 -4 -2 -2 -18.929 -3.464 
3 16 -3.464 -4 -2 -2 -4 -3.464 -2 -18.929 -3.464 
3 16 0 -4 -4 0 -18.929 -4 -2 -4 -3.464 
3 16 0 -18.929 -4 -2 -18.929 -3.464 -2 -4 -3.464 
3 16 0 -2.763 -2.798 0 -4 -4 -1.399 -2.763 -2.423 
3 16 -1.399 -2.763 -2.423 0 -4 -4 -2 -4 -3.464 
3 16 -1.399 -2.763 -2.423 -2 -4 -3.464 -2.423 -2.763 -1.399 
3 16 -2.423 -2.763 -1.399 -2 -4 -3.464 -3.464 -4 -2 
3 16 0 -2.763 0 0 -2.763 -2.798 -1.399 -2.763 -2.423 
3 16 0 -2.763 0 -1.399 -2.763 -2.423 -2.423 -2.763 -1.399 
3 16 -2.798 -2.763 0 0 -2.763 0 -2.423 -2.763 -1.399 
3 16 -1.611 0 -0.93 -1.928 -2.763 -1.113 -1.86 0 0 
3 16 -1.86 0 0 -1.928 -2.763 -1.113 -2.227 -2.763 0 
3 16 -0.93 0 -1.611 -1.113 -2.763 -1.928 -1.611 0 -0.93 
3 16 -1.611 0 -0.93 -1.113 -2.763 -1.928 -1.928 -2.763 -1.113 
3 16 0 0 -1.86 0 -2.763 -2.227 -0.93 0 -1.611 
3 16 -0.93 0 -1.611 0 -2.763 -2.227 -1.113 -2.763 -1.928 
3 16 0 0 -1.86 -0.93 0 -1.611 0 0 0 
3 16 -1.86 0 0 0 0 0 -1.611 0 -0.93 
3 16 0 0 0 -0.93 0 -1.611 -1.611 0 -0.93 
3 16 1.399 -2.763 -2.423 2 -4 -3.464 0 -2.763 -2.798 
3 16 2 -4 -3.464 0 -4 -4 0 -2.763 -2.798 
3 16 2 -4 -3.464 2 -18.929 -3.464 0 -4 -4 
3 16 2 -18.929 -3.464 0 -18.929 -4 0 -4 -4 
3 16 2 -18.929 -3.464 2 -4 -3.464 3.464 -18.929 -2 
3 16 2 -4 -3.464 3.464 -4 -2 3.464 -18.929 -2 
3 16 4 -4 0 4 -18.929 0 3.464 -4 -2 
3 16 4 -18.929 0 3.464 -18.929 -2 3.464 -4 -2 
3 16 2.798 -2.763 0 4 -4 0 2.423 -2.763 -1.399 
3 16 2.423 -2.763 -1.399 4 -4 0 3.464 -4 -2 
3 16 2.423 -2.763 -1.399 3.464 -4 -2 1.399 -2.763 -2.423 
3 16 1.399 -2.763 -2.423 3.464 -4 -2 2 -4 -3.464 
3 16 0 -2.763 0 2.798 -2.763 0 2.423 -2.763 -1.399 
3 16 0 -2.763 0 2.423 -2.763 -1.399 1.399 -2.763 -2.423 
3 16 0 -2.763 -2.798 0 -2.763 0 1.399 -2.763 -2.423 
3 16 0.93 0 -1.611 1.113 -2.763 -1.928 0 0 -1.86 
3 16 0 0 -1.86 1.113 -2.763 -1.928 0 -2.763 -2.227 
3 16 1.611 0 -0.93 1.928 -2.763 -1.113 0.93 0 -1.611 
3 16 0.93 0 -1.611 1.928 -2.763 -1.113 1.113 -2.763 -1.928 
3 16 1.86 0 0 2.227 -2.763 0 1.611 0 -0.93 
3 16 1.611 0 -0.93 2.227 -2.763 0 1.928 -2.763 -1.113 
3 16 1.86 0 0 1.611 0 -0.93 0 0 0 
3 16 0 0 -1.86 0 0 0 0.93 0 -1.611 
3 16 0 0 0 1.611 0 -0.93 0.93 0 -1.611 
2 24 2.798 -2.763 0 2.423 -2.763 1.399 
2 24 3.464 -4 2 4 -4 0 
2 24 3.464 -18.929 2 4 -18.929 0 
2 24 2 -18.929 3.464 3.464 -18.929 2 
2 24 3.464 -4 2 2 -4 3.464 
2 24 2 -4 3.464 0 -4 4 
2 24 0 -18.929 4 2 -18.929 3.464 
2 24 1.399 -2.763 2.423 0 -2.763 2.798 
2 24 2.423 -2.763 1.399 1.399 -2.763 2.423 
2 24 1.86 0 0 1.611 0 0.93 
2 24 1.928 -2.763 1.113 2.227 -2.763 0 
2 24 1.611 0 0.93 0.93 0 1.611 
2 24 1.113 -2.763 1.928 1.928 -2.763 1.113 
2 24 0.93 0 1.611 0 0 1.86 
2 24 0 -2.763 2.227 1.113 -2.763 1.928 
2 24 0 -2.763 2.798 -1.399 -2.763 2.423 
2 24 -2 -4 3.464 0 -4 4 
2 24 -2 -18.929 3.464 0 -18.929 4 
2 24 -3.464 -18.929 2 -2 -18.929 3.464 
2 24 -2 -4 3.464 -3.464 -4 2 
2 24 -3.464 -4 2 -4 -4 0 
2 24 -4 -18.929 0 -3.464 -18.929 2 
2 24 -2.423 -2.763 1.399 -2.798 -2.763 0 
2 24 -1.399 -2.763 2.423 -2.423 -2.763 1.399 
2 24 0 0 1.86 -0.93 0 1.611 
2 24 -1.113 -2.763 1.928 0 -2.763 2.227 
2 24 -0.93 0 1.611 -1.611 0 0.93 
2 24 -1.928 -2.763 1.113 -1.113 -2.763 1.928 
2 24 -1.611 0 0.93 -1.86 0 0 
2 24 -2.227 -2.763 0 -1.928 -2.763 1.113 
2 24 -2.798 -2.763 0 -2.423 -2.763 -1.399 
2 24 -3.464 -4 -2 -4 -4 0 
2 24 -3.464 -18.929 -2 -4 -18.929 0 
2 24 -2 -18.929 -3.464 -3.464 -18.929 -2 
2 24 -3.464 -4 -2 -2 -4 -3.464 
2 24 -2 -4 -3.464 0 -4 -4 
2 24 0 -18.929 -4 -2 -18.929 -3.464 
2 24 -1.399 -2.763 -2.423 0 -2.763 -2.798 
2 24 -2.423 -2.763 -1.399 -1.399 -2.763 -2.423 
2 24 -1.86 0 0 -1.611 0 -0.93 
2 24 -1.928 -2.763 -1.113 -2.227 -2.763 0 
2 24 -1.611 0 -0.93 -0.93 0 -1.611 
2 24 -1.113 -2.763 -1.928 -1.928 -2.763 -1.113 
2 24 -0.93 0 -1.611 0 0 -1.86 
2 24 0 -2.763 -2.227 -1.113 -2.763 -1.928 
2 24 0 -2.763 -2.798 1.399 -2.763 -2.423 
2 24 2 -4 -3.464 0 -4 -4 
2 24 2 -18.929 -3.464 0 -18.929 -4 
2 24 3.464 -18.929 -2 2 -18.929 -3.464 
2 24 2 -4 -3.464 3.464 -4 -2 
2 24 3.464 -4 -2 4 -4 0 
2 24 4 -18.929 0 3.464 -18.929 -2 
2 24 2.423 -2.763 -1.399 2.798 -2.763 0 
2 24 1.399 -2.763 -2.423 2.423 -2.763 -1.399 
2 24 0 0 -1.86 0.93 0 -1.611 
2 24 1.113 -2.763 -1.928 0 -2.763 -2.227 
2 24 0.93 0 -1.611 1.611 0 -0.93 
2 24 1.928 -2.763 -1.113 1.113 -2.763 -1.928 
2 24 1.611 0 -0.93 1.86 0 0 
2 24 2.227 -2.763 0 1.928 -2.763 -1.113 

0 // Outside
3 16 3.597 -24.743 6.229 3.409 -24.456 5.905 0 -24.743 7.193 
3 16 3.409 -24.456 5.905 0 -24.456 6.818 0 -24.743 7.193 
3 16 0 -22.233 6.135 0 -24.456 6.818 3.068 -22.233 5.313 
3 16 3.068 -22.233 5.313 0 -24.456 6.818 3.409 -24.456 5.905 
3 16 3.597 -25.927 6.229 3.597 -24.743 6.229 0 -25.927 7.193 
3 16 3.597 -24.743 6.229 0 -24.743 7.193 0 -25.927 7.193 
3 16 4.114 -18.929 2.375 4.75 -18.929 0 0 -18.929 0 
3 16 4.75 -20.365 0 4.75 -18.929 0 4.114 -20.365 2.375 
3 16 4.75 -18.929 0 4.114 -18.929 2.375 4.114 -20.365 2.375 
3 16 5.905 -24.456 3.409 6.229 -24.743 3.597 6.818 -24.456 0 
3 16 6.818 -24.456 0 6.229 -24.743 3.597 7.193 -24.743 0 
3 16 7.193 -25.927 0 7.193 -24.743 0 6.229 -25.927 3.597 
3 16 7.193 -24.743 0 6.229 -24.743 3.597 6.229 -25.927 3.597 
3 16 3.409 -24.456 5.905 3.597 -24.743 6.229 5.905 -24.456 3.409 
3 16 5.905 -24.456 3.409 3.597 -24.743 6.229 6.229 -24.743 3.597 
3 16 6.229 -25.927 3.597 6.229 -24.743 3.597 3.597 -25.927 6.229 
3 16 6.229 -24.743 3.597 3.597 -24.743 6.229 3.597 -25.927 6.229 
3 16 3.068 -22.233 5.313 3.409 -24.456 5.905 5.313 -22.233 3.068 
3 16 3.409 -24.456 5.905 5.905 -24.456 3.409 5.313 -22.233 3.068 
3 16 5.313 -22.233 3.068 5.905 -24.456 3.409 6.135 -22.233 0 
3 16 5.905 -24.456 3.409 6.818 -24.456 0 6.135 -22.233 0 
3 16 6.818 -26.216 0 7.193 -25.927 0 5.905 -26.216 3.409 
3 16 7.193 -25.927 0 6.229 -25.927 3.597 5.905 -26.216 3.409 
3 16 5.905 -26.216 3.409 6.229 -25.927 3.597 3.409 -26.216 5.905 
3 16 6.229 -25.927 3.597 3.597 -25.927 6.229 3.409 -26.216 5.905 
3 16 3.409 -26.216 5.905 3.597 -25.927 6.229 0 -26.216 6.818 
3 16 0 -26.216 6.818 3.597 -25.927 6.229 0 -25.927 7.193 
3 16 6.069 -28.565 0 6.818 -26.216 0 5.256 -28.565 3.035 
3 16 6.818 -26.216 0 5.905 -26.216 3.409 5.256 -28.565 3.035 
3 16 5.256 -28.565 3.035 5.905 -26.216 3.409 3.035 -28.565 5.256 
3 16 5.905 -26.216 3.409 3.409 -26.216 5.905 3.035 -28.565 5.256 
3 16 0 -26.216 6.818 0 -28.565 6.069 3.409 -26.216 5.905 
3 16 3.035 -28.565 5.256 3.409 -26.216 5.905 0 -28.565 6.069 
3 16 4.538 -30.5 0 6.069 -28.565 0 3.93 -30.5 2.269 
3 16 6.069 -28.565 0 5.256 -28.565 3.035 3.93 -30.5 2.269 
3 16 3.93 -30.5 2.269 5.256 -28.565 3.035 2.269 -30.5 3.93 
3 16 5.256 -28.565 3.035 3.035 -28.565 5.256 2.269 -30.5 3.93 
3 16 2.269 -30.5 3.93 3.035 -28.565 5.256 0 -30.5 4.538 
3 16 0 -30.5 4.538 3.035 -28.565 5.256 0 -28.565 6.069 
3 16 2.421 -31.77 0 4.538 -30.5 0 2.097 -31.77 1.211 
3 16 4.538 -30.5 0 3.93 -30.5 2.269 2.097 -31.77 1.211 
3 16 2.097 -31.77 1.211 3.93 -30.5 2.269 1.211 -31.77 2.097 
3 16 3.93 -30.5 2.269 2.269 -30.5 3.93 1.211 -31.77 2.097 
3 16 0 -30.5 4.538 0 -31.77 2.421 2.269 -30.5 3.93 
3 16 1.211 -31.77 2.097 2.269 -30.5 3.93 0 -31.77 2.421 
3 16 0 -32.21 0 2.421 -31.77 0 2.097 -31.77 1.211 
3 16 0 -32.21 0 2.097 -31.77 1.211 1.211 -31.77 2.097 
3 16 0 -32.21 0 1.211 -31.77 2.097 0 -31.77 2.421 
3 16 0 -20.365 4.75 0 -22.233 6.135 2.375 -20.365 4.114 
3 16 2.375 -20.365 4.114 0 -22.233 6.135 3.068 -22.233 5.313 
3 16 2.375 -20.365 4.114 3.068 -22.233 5.313 4.114 -20.365 2.375 
3 16 3.068 -22.233 5.313 5.313 -22.233 3.068 4.114 -20.365 2.375 
3 16 4.114 -20.365 2.375 5.313 -22.233 3.068 4.75 -20.365 0 
3 16 5.313 -22.233 3.068 6.135 -22.233 0 4.75 -20.365 0 
3 16 0 -18.929 4.75 0 -20.365 4.75 2.375 -18.929 4.114 
3 16 0 -20.365 4.75 2.375 -20.365 4.114 2.375 -18.929 4.114 
3 16 2.375 -18.929 4.114 2.375 -20.365 4.114 4.114 -18.929 2.375 
3 16 2.375 -20.365 4.114 4.114 -20.365 2.375 4.114 -18.929 2.375 
3 16 0 -18.929 0 0 -18.929 4.75 2.375 -18.929 4.114 
3 16 2.375 -18.929 4.114 4.114 -18.929 2.375 0 -18.929 0 
3 16 -6.229 -24.743 3.597 -5.905 -24.456 3.409 -7.193 -24.743 0 
3 16 -5.905 -24.456 3.409 -6.818 -24.456 0 -7.193 -24.743 0 
3 16 -6.135 -22.233 0 -6.818 -24.456 0 -5.313 -22.233 3.068 
3 16 -5.313 -22.233 3.068 -6.818 -24.456 0 -5.905 -24.456 3.409 
3 16 -6.229 -25.927 3.597 -6.229 -24.743 3.597 -7.193 -25.927 0 
3 16 -6.229 -24.743 3.597 -7.193 -24.743 0 -7.193 -25.927 0 
3 16 -2.375 -18.929 4.114 0 -18.929 4.75 0 -18.929 0 
3 16 0 -20.365 4.75 0 -18.929 4.75 -2.375 -20.365 4.114 
3 16 0 -18.929 4.75 -2.375 -18.929 4.114 -2.375 -20.365 4.114 
3 16 -3.409 -24.456 5.905 -3.597 -24.743 6.229 0 -24.456 6.818 
3 16 0 -24.456 6.818 -3.597 -24.743 6.229 0 -24.743 7.193 
3 16 0 -25.927 7.193 0 -24.743 7.193 -3.597 -25.927 6.229 
3 16 0 -24.743 7.193 -3.597 -24.743 6.229 -3.597 -25.927 6.229 
3 16 -5.905 -24.456 3.409 -6.229 -24.743 3.597 -3.409 -24.456 5.905 
3 16 -3.409 -24.456 5.905 -6.229 -24.743 3.597 -3.597 -24.743 6.229 
3 16 -3.597 -25.927 6.229 -3.597 -24.743 6.229 -6.229 -25.927 3.597 
3 16 -3.597 -24.743 6.229 -6.229 -24.743 3.597 -6.229 -25.927 3.597 
3 16 -5.313 -22.233 3.068 -5.905 -24.456 3.409 -3.068 -22.233 5.313 
3 16 -5.905 -24.456 3.409 -3.409 -24.456 5.905 -3.068 -22.233 5.313 
3 16 -3.068 -22.233 5.313 -3.409 -24.456 5.905 0 -22.233 6.135 
3 16 -3.409 -24.456 5.905 0 -24.456 6.818 0 -22.233 6.135 
3 16 0 -26.216 6.818 0 -25.927 7.193 -3.409 -26.216 5.905 
3 16 0 -25.927 7.193 -3.597 -25.927 6.229 -3.409 -26.216 5.905 
3 16 -3.409 -26.216 5.905 -3.597 -25.927 6.229 -5.905 -26.216 3.409 
3 16 -3.597 -25.927 6.229 -6.229 -25.927 3.597 -5.905 -26.216 3.409 
3 16 -5.905 -26.216 3.409 -6.229 -25.927 3.597 -6.818 -26.216 0 
3 16 -6.818 -26.216 0 -6.229 -25.927 3.597 -7.193 -25.927 0 
3 16 0 -28.565 6.069 0 -26.216 6.818 -3.035 -28.565 5.256 
3 16 0 -26.216 6.818 -3.409 -26.216 5.905 -3.035 -28.565 5.256 
3 16 -3.035 -28.565 5.256 -3.409 -26.216 5.905 -5.256 -28.565 3.035 
3 16 -3.409 -26.216 5.905 -5.905 -26.216 3.409 -5.256 -28.565 3.035 
3 16 -6.818 -26.216 0 -6.069 -28.565 0 -5.905 -26.216 3.409 
3 16 -5.256 -28.565 3.035 -5.905 -26.216 3.409 -6.069 -28.565 0 
3 16 0 -30.5 4.538 0 -28.565 6.069 -2.269 -30.5 3.93 
3 16 0 -28.565 6.069 -3.035 -28.565 5.256 -2.269 -30.5 3.93 
3 16 -2.269 -30.5 3.93 -3.035 -28.565 5.256 -3.93 -30.5 2.269 
3 16 -3.035 -28.565 5.256 -5.256 -28.565 3.035 -3.93 -30.5 2.269 
3 16 -3.93 -30.5 2.269 -5.256 -28.565 3.035 -4.538 -30.5 0 
3 16 -4.538 -30.5 0 -5.256 -28.565 3.035 -6.069 -28.565 0 
3 16 0 -31.77 2.421 0 -30.5 4.538 -1.211 -31.77 2.097 
3 16 0 -30.5 4.538 -2.269 -30.5 3.93 -1.211 -31.77 2.097 
3 16 -1.211 -31.77 2.097 -2.269 -30.5 3.93 -2.097 -31.77 1.211 
3 16 -2.269 -30.5 3.93 -3.93 -30.5 2.269 -2.097 -31.77 1.211 
3 16 -4.538 -30.5 0 -2.421 -31.77 0 -3.93 -30.5 2.269 
3 16 -2.097 -31.77 1.211 -3.93 -30.5 2.269 -2.421 -31.77 0 
3 16 0 -32.21 0 0 -31.77 2.421 -1.211 -31.77 2.097 
3 16 0 -32.21 0 -1.211 -31.77 2.097 -2.097 -31.77 1.211 
3 16 0 -32.21 0 -2.097 -31.77 1.211 -2.421 -31.77 0 
3 16 -4.75 -20.365 0 -6.135 -22.233 0 -4.114 -20.365 2.375 
3 16 -4.114 -20.365 2.375 -6.135 -22.233 0 -5.313 -22.233 3.068 
3 16 -4.114 -20.365 2.375 -5.313 -22.233 3.068 -2.375 -20.365 4.114 
3 16 -5.313 -22.233 3.068 -3.068 -22.233 5.313 -2.375 -20.365 4.114 
3 16 -2.375 -20.365 4.114 -3.068 -22.233 5.313 0 -20.365 4.75 
3 16 -3.068 -22.233 5.313 0 -22.233 6.135 0 -20.365 4.75 
3 16 -4.75 -18.929 0 -4.75 -20.365 0 -4.114 -18.929 2.375 
3 16 -4.75 -20.365 0 -4.114 -20.365 2.375 -4.114 -18.929 2.375 
3 16 -4.114 -18.929 2.375 -4.114 -20.365 2.375 -2.375 -18.929 4.114 
3 16 -4.114 -20.365 2.375 -2.375 -20.365 4.114 -2.375 -18.929 4.114 
3 16 0 -18.929 0 -4.75 -18.929 0 -4.114 -18.929 2.375 
3 16 -4.114 -18.929 2.375 -2.375 -18.929 4.114 0 -18.929 0 
3 16 -3.597 -24.743 -6.229 -3.409 -24.456 -5.905 0 -24.743 -7.193 
3 16 -3.409 -24.456 -5.905 0 -24.456 -6.818 0 -24.743 -7.193 
3 16 0 -22.233 -6.135 0 -24.456 -6.818 -3.068 -22.233 -5.313 
3 16 -3.068 -22.233 -5.313 0 -24.456 -6.818 -3.409 -24.456 -5.905 
3 16 -3.597 -25.927 -6.229 -3.597 -24.743 -6.229 0 -25.927 -7.193 
3 16 -3.597 -24.743 -6.229 0 -24.743 -7.193 0 -25.927 -7.193 
3 16 -4.114 -18.929 -2.375 -4.75 -18.929 0 0 -18.929 0 
3 16 -4.75 -20.365 0 -4.75 -18.929 0 -4.114 -20.365 -2.375 
3 16 -4.75 -18.929 0 -4.114 -18.929 -2.375 -4.114 -20.365 -2.375 
3 16 -5.905 -24.456 -3.409 -6.229 -24.743 -3.597 -6.818 -24.456 0 
3 16 -6.818 -24.456 0 -6.229 -24.743 -3.597 -7.193 -24.743 0 
3 16 -7.193 -25.927 0 -7.193 -24.743 0 -6.229 -25.927 -3.597 
3 16 -7.193 -24.743 0 -6.229 -24.743 -3.597 -6.229 -25.927 -3.597 
3 16 -3.409 -24.456 -5.905 -3.597 -24.743 -6.229 -5.905 -24.456 -3.409 
3 16 -5.905 -24.456 -3.409 -3.597 -24.743 -6.229 -6.229 -24.743 -3.597 
3 16 -6.229 -25.927 -3.597 -6.229 -24.743 -3.597 -3.597 -25.927 -6.229 
3 16 -6.229 -24.743 -3.597 -3.597 -24.743 -6.229 -3.597 -25.927 -6.229 
3 16 -3.068 -22.233 -5.313 -3.409 -24.456 -5.905 -5.313 -22.233 -3.068 
3 16 -3.409 -24.456 -5.905 -5.905 -24.456 -3.409 -5.313 -22.233 -3.068 
3 16 -5.313 -22.233 -3.068 -5.905 -24.456 -3.409 -6.135 -22.233 0 
3 16 -5.905 -24.456 -3.409 -6.818 -24.456 0 -6.135 -22.233 0 
3 16 -6.818 -26.216 0 -7.193 -25.927 0 -5.905 -26.216 -3.409 
3 16 -7.193 -25.927 0 -6.229 -25.927 -3.597 -5.905 -26.216 -3.409 
3 16 -5.905 -26.216 -3.409 -6.229 -25.927 -3.597 -3.409 -26.216 -5.905 
3 16 -6.229 -25.927 -3.597 -3.597 -25.927 -6.229 -3.409 -26.216 -5.905 
3 16 -3.409 -26.216 -5.905 -3.597 -25.927 -6.229 0 -26.216 -6.818 
3 16 0 -26.216 -6.818 -3.597 -25.927 -6.229 0 -25.927 -7.193 
3 16 -6.069 -28.565 0 -6.818 -26.216 0 -5.256 -28.565 -3.035 
3 16 -6.818 -26.216 0 -5.905 -26.216 -3.409 -5.256 -28.565 -3.035 
3 16 -5.256 -28.565 -3.035 -5.905 -26.216 -3.409 -3.035 -28.565 -5.256 
3 16 -5.905 -26.216 -3.409 -3.409 -26.216 -5.905 -3.035 -28.565 -5.256 
3 16 0 -26.216 -6.818 0 -28.565 -6.069 -3.409 -26.216 -5.905 
3 16 -3.035 -28.565 -5.256 -3.409 -26.216 -5.905 0 -28.565 -6.069 
3 16 -4.538 -30.5 0 -6.069 -28.565 0 -3.93 -30.5 -2.269 
3 16 -6.069 -28.565 0 -5.256 -28.565 -3.035 -3.93 -30.5 -2.269 
3 16 -3.93 -30.5 -2.269 -5.256 -28.565 -3.035 -2.269 -30.5 -3.93 
3 16 -5.256 -28.565 -3.035 -3.035 -28.565 -5.256 -2.269 -30.5 -3.93 
3 16 -2.269 -30.5 -3.93 -3.035 -28.565 -5.256 0 -30.5 -4.538 
3 16 0 -30.5 -4.538 -3.035 -28.565 -5.256 0 -28.565 -6.069 
3 16 -2.421 -31.77 0 -4.538 -30.5 0 -2.097 -31.77 -1.211 
3 16 -4.538 -30.5 0 -3.93 -30.5 -2.269 -2.097 -31.77 -1.211 
3 16 -2.097 -31.77 -1.211 -3.93 -30.5 -2.269 -1.211 -31.77 -2.097 
3 16 -3.93 -30.5 -2.269 -2.269 -30.5 -3.93 -1.211 -31.77 -2.097 
3 16 0 -30.5 -4.538 0 -31.77 -2.421 -2.269 -30.5 -3.93 
3 16 -1.211 -31.77 -2.097 -2.269 -30.5 -3.93 0 -31.77 -2.421 
3 16 0 -32.21 0 -2.421 -31.77 0 -2.097 -31.77 -1.211 
3 16 0 -32.21 0 -2.097 -31.77 -1.211 -1.211 -31.77 -2.097 
3 16 0 -32.21 0 -1.211 -31.77 -2.097 0 -31.77 -2.421 
3 16 0 -20.365 -4.75 0 -22.233 -6.135 -2.375 -20.365 -4.114 
3 16 -2.375 -20.365 -4.114 0 -22.233 -6.135 -3.068 -22.233 -5.313 
3 16 -2.375 -20.365 -4.114 -3.068 -22.233 -5.313 -4.114 -20.365 -2.375 
3 16 -3.068 -22.233 -5.313 -5.313 -22.233 -3.068 -4.114 -20.365 -2.375 
3 16 -4.114 -20.365 -2.375 -5.313 -22.233 -3.068 -4.75 -20.365 0 
3 16 -5.313 -22.233 -3.068 -6.135 -22.233 0 -4.75 -20.365 0 
3 16 0 -18.929 -4.75 0 -20.365 -4.75 -2.375 -18.929 -4.114 
3 16 0 -20.365 -4.75 -2.375 -20.365 -4.114 -2.375 -18.929 -4.114 
3 16 -2.375 -18.929 -4.114 -2.375 -20.365 -4.114 -4.114 -18.929 -2.375 
3 16 -2.375 -20.365 -4.114 -4.114 -20.365 -2.375 -4.114 -18.929 -2.375 
3 16 0 -18.929 0 0 -18.929 -4.75 -2.375 -18.929 -4.114 
3 16 -2.375 -18.929 -4.114 -4.114 -18.929 -2.375 0 -18.929 0 
3 16 6.229 -24.743 -3.597 5.905 -24.456 -3.409 7.193 -24.743 0 
3 16 5.905 -24.456 -3.409 6.818 -24.456 0 7.193 -24.743 0 
3 16 6.135 -22.233 0 6.818 -24.456 0 5.313 -22.233 -3.068 
3 16 5.313 -22.233 -3.068 6.818 -24.456 0 5.905 -24.456 -3.409 
3 16 6.229 -25.927 -3.597 6.229 -24.743 -3.597 7.193 -25.927 0 
3 16 6.229 -24.743 -3.597 7.193 -24.743 0 7.193 -25.927 0 
3 16 2.375 -18.929 -4.114 0 -18.929 -4.75 0 -18.929 0 
3 16 0 -20.365 -4.75 0 -18.929 -4.75 2.375 -20.365 -4.114 
3 16 0 -18.929 -4.75 2.375 -18.929 -4.114 2.375 -20.365 -4.114 
3 16 3.409 -24.456 -5.905 3.597 -24.743 -6.229 0 -24.456 -6.818 
3 16 0 -24.456 -6.818 3.597 -24.743 -6.229 0 -24.743 -7.193 
3 16 0 -25.927 -7.193 0 -24.743 -7.193 3.597 -25.927 -6.229 
3 16 0 -24.743 -7.193 3.597 -24.743 -6.229 3.597 -25.927 -6.229 
3 16 5.905 -24.456 -3.409 6.229 -24.743 -3.597 3.409 -24.456 -5.905 
3 16 3.409 -24.456 -5.905 6.229 -24.743 -3.597 3.597 -24.743 -6.229 
3 16 3.597 -25.927 -6.229 3.597 -24.743 -6.229 6.229 -25.927 -3.597 
3 16 3.597 -24.743 -6.229 6.229 -24.743 -3.597 6.229 -25.927 -3.597 
3 16 5.313 -22.233 -3.068 5.905 -24.456 -3.409 3.068 -22.233 -5.313 
3 16 5.905 -24.456 -3.409 3.409 -24.456 -5.905 3.068 -22.233 -5.313 
3 16 3.068 -22.233 -5.313 3.409 -24.456 -5.905 0 -22.233 -6.135 
3 16 3.409 -24.456 -5.905 0 -24.456 -6.818 0 -22.233 -6.135 
3 16 0 -26.216 -6.818 0 -25.927 -7.193 3.409 -26.216 -5.905 
3 16 0 -25.927 -7.193 3.597 -25.927 -6.229 3.409 -26.216 -5.905 
3 16 3.409 -26.216 -5.905 3.597 -25.927 -6.229 5.905 -26.216 -3.409 
3 16 3.597 -25.927 -6.229 6.229 -25.927 -3.597 5.905 -26.216 -3.409 
3 16 5.905 -26.216 -3.409 6.229 -25.927 -3.597 6.818 -26.216 0 
3 16 6.818 -26.216 0 6.229 -25.927 -3.597 7.193 -25.927 0 
3 16 0 -28.565 -6.069 0 -26.216 -6.818 3.035 -28.565 -5.256 
3 16 0 -26.216 -6.818 3.409 -26.216 -5.905 3.035 -28.565 -5.256 
3 16 3.035 -28.565 -5.256 3.409 -26.216 -5.905 5.256 -28.565 -3.035 
3 16 3.409 -26.216 -5.905 5.905 -26.216 -3.409 5.256 -28.565 -3.035 
3 16 6.818 -26.216 0 6.069 -28.565 0 5.905 -26.216 -3.409 
3 16 5.256 -28.565 -3.035 5.905 -26.216 -3.409 6.069 -28.565 0 
3 16 0 -30.5 -4.538 0 -28.565 -6.069 2.269 -30.5 -3.93 
3 16 0 -28.565 -6.069 3.035 -28.565 -5.256 2.269 -30.5 -3.93 
3 16 2.269 -30.5 -3.93 3.035 -28.565 -5.256 3.93 -30.5 -2.269 
3 16 3.035 -28.565 -5.256 5.256 -28.565 -3.035 3.93 -30.5 -2.269 
3 16 3.93 -30.5 -2.269 5.256 -28.565 -3.035 4.538 -30.5 0 
3 16 4.538 -30.5 0 5.256 -28.565 -3.035 6.069 -28.565 0 
3 16 0 -31.77 -2.421 0 -30.5 -4.538 1.211 -31.77 -2.097 
3 16 0 -30.5 -4.538 2.269 -30.5 -3.93 1.211 -31.77 -2.097 
3 16 1.211 -31.77 -2.097 2.269 -30.5 -3.93 2.097 -31.77 -1.211 
3 16 2.269 -30.5 -3.93 3.93 -30.5 -2.269 2.097 -31.77 -1.211 
3 16 4.538 -30.5 0 2.421 -31.77 0 3.93 -30.5 -2.269 
3 16 2.097 -31.77 -1.211 3.93 -30.5 -2.269 2.421 -31.77 0 
3 16 0 -32.21 0 0 -31.77 -2.421 1.211 -31.77 -2.097 
3 16 0 -32.21 0 1.211 -31.77 -2.097 2.097 -31.77 -1.211 
3 16 0 -32.21 0 2.097 -31.77 -1.211 2.421 -31.77 0 
3 16 4.75 -20.365 0 6.135 -22.233 0 4.114 -20.365 -2.375 
3 16 4.114 -20.365 -2.375 6.135 -22.233 0 5.313 -22.233 -3.068 
3 16 4.114 -20.365 -2.375 5.313 -22.233 -3.068 2.375 -20.365 -4.114 
3 16 5.313 -22.233 -3.068 3.068 -22.233 -5.313 2.375 -20.365 -4.114 
3 16 2.375 -20.365 -4.114 3.068 -22.233 -5.313 0 -20.365 -4.75 
3 16 3.068 -22.233 -5.313 0 -22.233 -6.135 0 -20.365 -4.75 
3 16 4.75 -18.929 0 4.75 -20.365 0 4.114 -18.929 -2.375 
3 16 4.75 -20.365 0 4.114 -20.365 -2.375 4.114 -18.929 -2.375 
3 16 4.114 -18.929 -2.375 4.114 -20.365 -2.375 2.375 -18.929 -4.114 
3 16 4.114 -20.365 -2.375 2.375 -20.365 -4.114 2.375 -18.929 -4.114 
3 16 0 -18.929 0 4.75 -18.929 0 4.114 -18.929 -2.375 
3 16 4.114 -18.929 -2.375 2.375 -18.929 -4.114 0 -18.929 0 
2 24 0 -24.743 7.193 3.597 -24.743 6.229 
2 24 3.409 -24.456 5.905 0 -24.456 6.818 
2 24 0 -25.927 7.193 3.597 -25.927 6.229 
2 24 4.114 -18.929 2.375 4.75 -18.929 0 
2 24 4.114 -20.365 2.375 4.75 -20.365 0 
2 24 6.818 -24.456 0 5.905 -24.456 3.409 
2 24 6.229 -24.743 3.597 7.193 -24.743 0 
2 24 6.229 -25.927 3.597 7.193 -25.927 0 
2 24 5.905 -24.456 3.409 3.409 -24.456 5.905 
2 24 3.597 -24.743 6.229 6.229 -24.743 3.597 
2 24 3.597 -25.927 6.229 6.229 -25.927 3.597 
2 24 5.905 -26.216 3.409 6.818 -26.216 0 
2 24 3.409 -26.216 5.905 5.905 -26.216 3.409 
2 24 0 -26.216 6.818 3.409 -26.216 5.905 
2 24 2.375 -20.365 4.114 0 -20.365 4.75 
2 24 4.114 -20.365 2.375 2.375 -20.365 4.114 
2 24 2.375 -18.929 4.114 0 -18.929 4.75 
2 24 4.114 -18.929 2.375 2.375 -18.929 4.114 
2 24 -7.193 -24.743 0 -6.229 -24.743 3.597 
2 24 -5.905 -24.456 3.409 -6.818 -24.456 0 
2 24 -7.193 -25.927 0 -6.229 -25.927 3.597 
2 24 -2.375 -18.929 4.114 0 -18.929 4.75 
2 24 -2.375 -20.365 4.114 0 -20.365 4.75 
2 24 0 -24.456 6.818 -3.409 -24.456 5.905 
2 24 -3.597 -24.743 6.229 0 -24.743 7.193 
2 24 -3.597 -25.927 6.229 0 -25.927 7.193 
2 24 -3.409 -24.456 5.905 -5.905 -24.456 3.409 
2 24 -6.229 -24.743 3.597 -3.597 -24.743 6.229 
2 24 -6.229 -25.927 3.597 -3.597 -25.927 6.229 
2 24 -3.409 -26.216 5.905 0 -26.216 6.818 
2 24 -5.905 -26.216 3.409 -3.409 -26.216 5.905 
2 24 -6.818 -26.216 0 -5.905 -26.216 3.409 
2 24 -4.114 -20.365 2.375 -4.75 -20.365 0 
2 24 -2.375 -20.365 4.114 -4.114 -20.365 2.375 
2 24 -4.114 -18.929 2.375 -4.75 -18.929 0 
2 24 -2.375 -18.929 4.114 -4.114 -18.929 2.375 
2 24 0 -24.743 -7.193 -3.597 -24.743 -6.229 
2 24 -3.409 -24.456 -5.905 0 -24.456 -6.818 
2 24 0 -25.927 -7.193 -3.597 -25.927 -6.229 
2 24 -4.114 -18.929 -2.375 -4.75 -18.929 0 
2 24 -4.114 -20.365 -2.375 -4.75 -20.365 0 
2 24 -6.818 -24.456 0 -5.905 -24.456 -3.409 
2 24 -6.229 -24.743 -3.597 -7.193 -24.743 0 
2 24 -6.229 -25.927 -3.597 -7.193 -25.927 0 
2 24 -5.905 -24.456 -3.409 -3.409 -24.456 -5.905 
2 24 -3.597 -24.743 -6.229 -6.229 -24.743 -3.597 
2 24 -3.597 -25.927 -6.229 -6.229 -25.927 -3.597 
2 24 -5.905 -26.216 -3.409 -6.818 -26.216 0 
2 24 -3.409 -26.216 -5.905 -5.905 -26.216 -3.409 
2 24 0 -26.216 -6.818 -3.409 -26.216 -5.905 
2 24 -2.375 -20.365 -4.114 0 -20.365 -4.75 
2 24 -4.114 -20.365 -2.375 -2.375 -20.365 -4.114 
2 24 -2.375 -18.929 -4.114 0 -18.929 -4.75 
2 24 -4.114 -18.929 -2.375 -2.375 -18.929 -4.114 
2 24 7.193 -24.743 0 6.229 -24.743 -3.597 
2 24 5.905 -24.456 -3.409 6.818 -24.456 0 
2 24 7.193 -25.927 0 6.229 -25.927 -3.597 
2 24 2.375 -18.929 -4.114 0 -18.929 -4.75 
2 24 2.375 -20.365 -4.114 0 -20.365 -4.75 
2 24 0 -24.456 -6.818 3.409 -24.456 -5.905 
2 24 3.597 -24.743 -6.229 0 -24.743 -7.193 
2 24 3.597 -25.927 -6.229 0 -25.927 -7.193 
2 24 3.409 -24.456 -5.905 5.905 -24.456 -3.409 
2 24 6.229 -24.743 -3.597 3.597 -24.743 -6.229 
2 24 6.229 -25.927 -3.597 3.597 -25.927 -6.229 
2 24 3.409 -26.216 -5.905 0 -26.216 -6.818 
2 24 5.905 -26.216 -3.409 3.409 -26.216 -5.905 
2 24 6.818 -26.216 0 5.905 -26.216 -3.409 
2 24 4.114 -20.365 -2.375 4.75 -20.365 0 
2 24 2.375 -20.365 -4.114 4.114 -20.365 -2.375 
2 24 4.114 -18.929 -2.375 4.75 -18.929 0 
2 24 2.375 -18.929 -4.114 4.114 -18.929 -2.375 

