0 BAG, SPORT (Needs Work)
0 Name: 93091.dat
0 Author: <AuthorRealName> [<AuthorLDrawName>]
0 !LDRAW_ORG Unofficial_Part
0 !LICENSE Redistributable under CCAL version 2.0 : see CAreadme.txt

0 BFC CERTIFY CCW

0 !HISTORY 2013-08-14 {LEGO Digital Designer} Original part shape
0 !HISTORY 2013-08-14 [<AuthorLDrawName>] File preparation for LDraw Parts Tracker

0 // Needs Work: Clean necessary

0 // Outside
3 16 -3.151 -3.163 -9.166 23.151 -3.163 -9.166 -0.822 -16.983 -8.115 
3 16 23.151 -3.163 -9.166 20.822 -16.983 -8.115 -0.822 -16.983 -8.115 
3 16 -8.241 -1.135 -8.627 28.194 -1.135 -8.627 -3.829 -18.905 -5.931 
3 16 23.867 -18.905 -5.931 -3.829 -18.905 -5.931 28.194 -1.135 -8.627 
3 16 -3.151 -3.163 9.166 -0.822 -16.983 8.115 23.151 -3.163 9.166 
3 16 23.151 -3.163 9.166 -0.822 -16.983 8.115 20.822 -16.983 8.115 
3 16 -8.241 -1.135 8.627 -3.829 -18.905 5.931 28.194 -1.135 8.627 
3 16 23.867 -18.905 5.931 28.194 -1.135 8.627 -3.829 -18.905 5.931 
3 16 25.62 -16.826 -1.325 25.81 -16.072 -1.325 26.169 -16.917 -1.325 
3 16 25.81 -16.072 -1.325 26.34 -16.16 -1.325 26.169 -16.917 -1.325 
3 16 26.169 -16.917 -1.325 26.169 -16.917 1.325 25.62 -16.826 -1.325 
3 16 26.169 -16.917 1.325 25.62 -16.826 1.325 25.62 -16.826 -1.325 
3 16 25.62 -16.826 1.325 26.169 -16.917 1.325 25.81 -16.072 1.325 
3 16 26.169 -16.917 1.325 26.34 -16.16 1.325 25.81 -16.072 1.325 
3 16 26.34 -16.16 -1.325 26.34 -16.16 1.325 26.169 -16.917 -1.325 
3 16 26.34 -16.16 1.325 26.169 -16.917 1.325 26.169 -16.917 -1.325 
3 16 25.81 -16.072 -1.325 25.81 -16.072 1.325 26.34 -16.16 -1.325 
3 16 25.81 -16.072 1.325 26.34 -16.16 1.325 26.34 -16.16 -1.325 
3 16 25.038 -18.594 -1.325 25.364 -17.836 -1.325 25.712 -18.701 -1.325 
3 16 25.712 -18.701 -1.325 25.364 -17.836 -1.325 25.926 -17.925 -1.325 
3 16 25.038 -18.594 1.325 25.038 -18.594 -1.325 25.712 -18.701 1.325 
3 16 25.038 -18.594 -1.325 25.712 -18.701 -1.325 25.712 -18.701 1.325 
3 16 25.926 -17.925 -1.325 25.926 -17.925 1.325 25.712 -18.701 -1.325 
3 16 25.926 -17.925 1.325 25.712 -18.701 1.325 25.712 -18.701 -1.325 
3 16 25.038 -18.594 1.325 25.712 -18.701 1.325 25.364 -17.836 1.325 
3 16 25.712 -18.701 1.325 25.926 -17.925 1.325 25.364 -17.836 1.325 
3 16 25.364 -17.836 -1.325 25.364 -17.836 1.325 25.926 -17.925 -1.325 
3 16 25.364 -17.836 1.325 25.926 -17.925 1.325 25.926 -17.925 -1.325 
3 16 24.23 -20.278 -1.325 24.446 -19.28 -1.325 24.906 -19.841 -1.325 
3 16 23.761 -19.707 1.325 23.761 -19.707 -1.325 24.23 -20.278 1.325 
3 16 23.761 -19.707 -1.325 24.23 -20.278 -1.325 24.23 -20.278 1.325 
3 16 24.446 -19.28 -1.325 24.23 -20.278 -1.325 23.761 -19.707 -1.325 
3 16 24.23 -20.278 -1.325 24.906 -19.841 -1.325 24.23 -20.278 1.325 
3 16 24.906 -19.841 -1.325 24.906 -19.841 1.325 24.23 -20.278 1.325 
3 16 24.446 -19.28 -1.325 24.446 -19.28 1.325 24.906 -19.841 -1.325 
3 16 24.446 -19.28 1.325 24.906 -19.841 1.325 24.906 -19.841 -1.325 
3 16 24.23 -20.278 1.325 24.906 -19.841 1.325 24.446 -19.28 1.325 
3 16 24.446 -19.28 1.325 23.761 -19.707 1.325 24.23 -20.278 1.325 
3 16 22.042 -19.95 1.325 22.042 -19.95 -1.325 22.112 -20.725 1.325 
3 16 22.042 -19.95 -1.325 22.112 -20.725 -1.325 22.112 -20.725 1.325 
3 16 22.912 -20.725 -1.325 22.112 -20.725 -1.325 22.841 -19.941 -1.325 
3 16 22.841 -19.941 -1.325 22.112 -20.725 -1.325 22.042 -19.95 -1.325 
3 16 22.112 -20.725 -1.325 22.912 -20.725 -1.325 22.112 -20.725 1.325 
3 16 22.912 -20.725 -1.325 22.912 -20.725 1.325 22.112 -20.725 1.325 
3 16 22.841 -19.941 -1.325 22.841 -19.941 1.325 22.912 -20.725 -1.325 
3 16 22.841 -19.941 1.325 22.912 -20.725 1.325 22.912 -20.725 -1.325 
3 16 22.042 -19.95 1.325 22.112 -20.725 1.325 22.841 -19.941 1.325 
3 16 22.841 -19.941 1.325 22.112 -20.725 1.325 22.912 -20.725 1.325 
3 16 -7.7 -12.581 -2.125 -6.737 -12.338 -2.125 -6.472 -15.662 -1.575 
3 16 -5.942 -15.528 -1.575 -6.472 -15.662 -1.575 -6.737 -12.338 -2.125 
3 16 -7.7 -12.581 -2.125 -7.7 -12.581 2.125 -6.737 -12.338 -2.125 
3 16 -7.7 -12.581 2.125 -6.737 -12.338 2.125 -6.737 -12.338 -2.125 
3 16 -6.472 -15.662 -1.575 -5.942 -15.528 -1.575 -6.472 -15.662 1.575 
3 16 -5.942 -15.528 -1.575 -5.942 -15.528 1.575 -6.472 -15.662 1.575 
3 16 -7.7 -12.581 2.125 -6.472 -15.662 1.575 -6.737 -12.338 2.125 
3 16 -5.942 -15.528 1.575 -6.737 -12.338 2.125 -6.472 -15.662 1.575 
3 16 -7.7 -12.581 -2.125 -6.472 -15.662 -1.575 -7.7 -12.581 2.125 
3 16 -6.472 -15.662 -1.575 -6.472 -15.662 1.575 -7.7 -12.581 2.125 
3 16 -5.62 -16.826 -1.325 -6.169 -16.917 -1.325 -5.81 -16.072 -1.325 
3 16 -6.169 -16.917 -1.325 -6.34 -16.16 -1.325 -5.81 -16.072 -1.325 
3 16 -6.169 -16.917 -1.325 -5.62 -16.826 -1.325 -6.169 -16.917 1.325 
3 16 -5.62 -16.826 -1.325 -5.62 -16.826 1.325 -6.169 -16.917 1.325 
3 16 -5.62 -16.826 1.325 -5.81 -16.072 1.325 -6.169 -16.917 1.325 
3 16 -5.81 -16.072 1.325 -6.34 -16.16 1.325 -6.169 -16.917 1.325 
3 16 -6.34 -16.16 -1.325 -6.169 -16.917 -1.325 -6.34 -16.16 1.325 
3 16 -6.169 -16.917 -1.325 -6.169 -16.917 1.325 -6.34 -16.16 1.325 
3 16 -5.81 -16.072 -1.325 -6.34 -16.16 -1.325 -5.81 -16.072 1.325 
3 16 -6.34 -16.16 -1.325 -6.34 -16.16 1.325 -5.81 -16.072 1.325 
3 16 -5.038 -18.594 -1.325 -5.713 -18.701 -1.325 -5.364 -17.836 -1.325 
3 16 -5.713 -18.701 -1.325 -5.926 -17.925 -1.325 -5.364 -17.836 -1.325 
3 16 -5.038 -18.594 1.325 -5.713 -18.701 1.325 -5.038 -18.594 -1.325 
3 16 -5.713 -18.701 1.325 -5.713 -18.701 -1.325 -5.038 -18.594 -1.325 
3 16 -5.926 -17.925 -1.325 -5.713 -18.701 -1.325 -5.926 -17.925 1.325 
3 16 -5.713 -18.701 -1.325 -5.713 -18.701 1.325 -5.926 -17.925 1.325 
3 16 -5.038 -18.594 1.325 -5.364 -17.836 1.325 -5.713 -18.701 1.325 
3 16 -5.713 -18.701 1.325 -5.364 -17.836 1.325 -5.926 -17.925 1.325 
3 16 -5.364 -17.836 -1.325 -5.926 -17.925 -1.325 -5.364 -17.836 1.325 
3 16 -5.926 -17.925 -1.325 -5.926 -17.925 1.325 -5.364 -17.836 1.325 
3 16 -4.23 -20.278 -1.325 -4.906 -19.841 -1.325 -4.446 -19.28 -1.325 
3 16 -3.761 -19.707 1.325 -4.23 -20.278 1.325 -3.761 -19.707 -1.325 
3 16 -4.23 -20.278 1.325 -4.23 -20.278 -1.325 -3.761 -19.707 -1.325 
3 16 -4.446 -19.28 -1.325 -3.761 -19.707 -1.325 -4.23 -20.278 -1.325 
3 16 -4.23 -20.278 -1.325 -4.23 -20.278 1.325 -4.906 -19.841 -1.325 
3 16 -4.23 -20.278 1.325 -4.906 -19.841 1.325 -4.906 -19.841 -1.325 
3 16 -4.446 -19.28 -1.325 -4.906 -19.841 -1.325 -4.446 -19.28 1.325 
3 16 -4.906 -19.841 -1.325 -4.906 -19.841 1.325 -4.446 -19.28 1.325 
3 16 -4.23 -20.278 1.325 -4.446 -19.28 1.325 -4.906 -19.841 1.325 
3 16 -4.446 -19.28 1.325 -4.23 -20.278 1.325 -3.761 -19.707 1.325 
3 16 -2.042 -19.95 1.325 -2.112 -20.725 1.325 -2.042 -19.95 -1.325 
3 16 -2.112 -20.725 1.325 -2.112 -20.725 -1.325 -2.042 -19.95 -1.325 
3 16 -2.042 -19.95 -1.325 -2.112 -20.725 -1.325 -2.841 -19.941 -1.325 
3 16 -2.841 -19.941 -1.325 -2.112 -20.725 -1.325 -2.913 -20.725 -1.325 
3 16 -2.112 -20.725 -1.325 -2.112 -20.725 1.325 -2.913 -20.725 -1.325 
3 16 -2.112 -20.725 1.325 -2.913 -20.725 1.325 -2.913 -20.725 -1.325 
3 16 -2.841 -19.941 -1.325 -2.913 -20.725 -1.325 -2.841 -19.941 1.325 
3 16 -2.913 -20.725 -1.325 -2.913 -20.725 1.325 -2.841 -19.941 1.325 
3 16 -2.913 -20.725 1.325 -2.112 -20.725 1.325 -2.841 -19.941 1.325 
3 16 -2.841 -19.941 1.325 -2.112 -20.725 1.325 -2.042 -19.95 1.325 
3 16 -6.25 0 0 -6.441 0 -8.472 -8.102 -0.445 0 
3 16 -6.441 0 -8.472 -7.959 -0.451 -8.409 -8.102 -0.445 0 
3 16 -6.441 0 -8.472 -6.464 -0.181 -8.937 -7.959 -0.451 -8.409 
3 16 -7.959 -0.451 -8.409 -6.464 -0.181 -8.937 -7.886 -0.624 -8.876 
3 16 -6.464 -0.181 -8.937 -6.441 0 -8.472 26.464 -0.181 -8.937 
3 16 -6.441 0 -8.472 26.441 0 -8.472 26.464 -0.181 -8.937 
3 16 -5.412 0 -3.125 -3.125 0 -5.413 -6.441 0 -8.472 
3 16 -6.25 0 0 -5.412 0 -3.125 -6.441 0 -8.472 
3 16 -3.125 0 -5.413 0 0 -6.25 -6.441 0 -8.472 
3 16 26.441 0 -8.472 -6.441 0 -8.472 20 0 -6.25 
3 16 -6.441 0 -8.472 0 0 -6.25 20 0 -6.25 
3 16 20 0 -6.25 0 0 -6.25 16.875 0 -5.413 
3 16 0 0 -6.25 3.125 0 -5.413 16.875 0 -5.413 
3 16 16.875 0 -5.413 3.125 0 -5.413 14.587 0 -3.125 
3 16 3.125 0 -5.413 5.413 0 -3.125 14.587 0 -3.125 
3 16 5.413 0 -3.125 5.728 0 -2.5 14.587 0 -3.125 
3 16 5.728 0 -2.5 14.272 0 -2.5 14.587 0 -3.125 
3 16 23.125 0 -5.413 26.441 0 -8.472 20 0 -6.25 
3 16 5.728 -5.25 -2.5 5.728 0 -2.5 5.413 -5.25 -3.125 
3 16 5.728 0 -2.5 5.413 0 -3.125 5.413 -5.25 -3.125 
3 16 5.413 -5.25 -3.125 5.413 0 -3.125 3.125 -5.25 -5.413 
3 16 5.413 0 -3.125 3.125 0 -5.413 3.125 -5.25 -5.413 
3 16 3.125 -5.25 -5.413 3.125 0 -5.413 0 -5.25 -6.25 
3 16 3.125 0 -5.413 0 0 -6.25 0 -5.25 -6.25 
3 16 0 -5.25 -6.25 0 0 -6.25 -3.125 -5.25 -5.413 
3 16 0 0 -6.25 -3.125 0 -5.413 -3.125 -5.25 -5.413 
3 16 -3.125 -5.25 -5.413 -3.125 0 -5.413 -5.412 -5.25 -3.125 
3 16 -3.125 0 -5.413 -5.412 0 -3.125 -5.412 -5.25 -3.125 
3 16 -5.412 -5.25 -3.125 -5.412 0 -3.125 -6.25 -5.25 0 
3 16 -5.412 0 -3.125 -6.25 0 0 -6.25 -5.25 0 
3 16 3.168 -26.5 -3.464 3.104 -28.5 -4 3.132 -26.356 -5.967 
3 16 3.132 -26.356 -5.967 3.104 -28.5 -4 3.115 -29.464 -3.742 
3 16 -0.251 -26.452 -5.906 3.132 -26.356 -5.967 0.396 -29.462 -3.742 
3 16 3.115 -29.464 -3.742 0.396 -29.462 -3.742 3.132 -26.356 -5.967 
3 16 -0.251 -26.452 -5.906 0.396 -29.462 -3.742 0.155 -28.5 -4 
3 16 -0.251 -26.452 -5.906 0.155 -28.5 -4 -0.298 -26.5 -3.464 
3 16 3.395 -24.5 0 3.306 -25.036 -2 3.549 -21.427 -8.442 
3 16 3.306 -25.036 -2 3.168 -26.5 -3.464 3.549 -21.427 -8.442 
3 16 3.132 -26.356 -5.967 3.549 -21.427 -8.442 3.168 -26.5 -3.464 
3 16 -0.708 -24.5 0 -0.912 -21.945 -8.304 -0.586 -25.036 -2 
3 16 -0.586 -25.036 -2 -0.912 -21.945 -8.304 -0.298 -26.5 -3.464 
3 16 -0.251 -26.452 -5.906 -0.298 -26.5 -3.464 -0.912 -21.945 -8.304 
3 16 -2.044 -19.973 0 -2.042 -19.95 -1.325 -1.252 -19.973 0 
3 16 -1.252 -19.973 0 -2.042 -19.95 -1.325 -1.16 -19.873 -5.72 
3 16 -2.61 -19.873 -5.72 -1.16 -19.873 -5.72 -2.841 -19.941 -1.325 
3 16 -1.16 -19.873 -5.72 -2.042 -19.95 -1.325 -2.841 -19.941 -1.325 
3 16 -2.843 -19.964 0 -3.776 -19.726 0 -2.841 -19.941 -1.325 
3 16 -3.776 -19.726 0 -3.761 -19.707 -1.325 -2.841 -19.941 -1.325 
3 16 -3.798 -19.605 -5.751 -2.61 -19.873 -5.72 -3.761 -19.707 -1.325 
3 16 -2.61 -19.873 -5.72 -2.841 -19.941 -1.325 -3.761 -19.707 -1.325 
3 16 -4.46 -19.298 0 -4.755 -18.855 -5.84 -4.446 -19.28 -1.325 
3 16 -3.798 -19.605 -5.751 -4.446 -19.28 -1.325 -4.755 -18.855 -5.84 
3 16 -4.446 -19.28 -1.325 -3.798 -19.605 -5.751 -3.761 -19.707 -1.325 
3 16 -5.062 -18.598 0 -5.038 -18.594 -1.325 -4.755 -18.855 -5.84 
3 16 -4.755 -18.855 -5.84 -5.038 -18.594 -1.325 -5.364 -17.836 -1.325 
3 16 -5.062 -18.598 0 -4.755 -18.855 -5.84 -4.46 -19.298 0 
3 16 -5.364 -17.836 -1.325 -8.955 -3.111 -8.204 -5.296 -17.776 -5.967 
3 16 -5.296 -17.776 -5.967 -4.755 -18.855 -5.84 -5.364 -17.836 -1.325 
3 16 -0.912 -21.945 -8.304 -0.708 -24.5 0 -1.252 -19.973 0 
3 16 3.784 -19.973 0 3.395 -24.5 0 3.549 -21.427 -8.442 
3 16 -9.039 -3.111 0 -8.955 -3.111 -8.204 -5.372 -17.801 0 
3 16 -5.364 -17.836 -1.325 -5.372 -17.801 0 -8.955 -3.111 -8.204 
3 16 -8.876 -1.638 -8.31 -8.955 -3.111 -8.204 -9.019 -1.622 0 
3 16 -8.955 -3.111 -8.204 -9.039 -3.111 0 -9.019 -1.622 0 
3 16 3.689 -18.045 -7.985 3.722 -18.305 -6.022 3.719 -18.654 -5.969 
3 16 3.549 -21.427 -8.442 3.132 -26.356 -5.967 -0.912 -21.945 -8.304 
3 16 -0.912 -21.945 -8.304 3.132 -26.356 -5.967 -0.251 -26.452 -5.906 
3 16 -1.202 -18.331 -8.965 3.549 -21.427 -8.442 -0.912 -21.945 -8.304 
3 16 3.689 -19.873 -5.72 3.549 -21.427 -8.442 3.697 -19.363 -6.333 
3 16 3.784 -19.973 0 3.549 -21.427 -8.442 3.689 -19.873 -5.72 
3 16 -1.202 -18.331 -8.965 3.663 -17.151 -9.095 3.549 -21.427 -8.442 
3 16 3.663 -17.151 -9.095 3.674 -17.395 -8.621 3.549 -21.427 -8.442 
3 16 3.674 -17.395 -8.621 3.689 -18.045 -7.985 3.549 -21.427 -8.442 
3 16 3.719 -18.654 -5.969 3.697 -19.363 -6.333 3.689 -18.045 -7.985 
3 16 3.549 -21.427 -8.442 3.689 -18.045 -7.985 3.697 -19.363 -6.333 
3 16 -1.202 -18.331 -8.965 3.456 -11.418 -9.482 3.663 -17.151 -9.095 
3 16 -1.202 -18.331 -8.965 -1.45 -11.791 -9.475 3.456 -11.418 -9.482 
3 16 3.456 -11.418 -9.482 3.472 -11.4 -8.539 3.663 -17.151 -9.095 
3 16 3.674 -17.395 -8.621 3.663 -17.151 -9.095 3.669 -16.622 -8.142 
3 16 3.663 -17.151 -9.095 3.472 -11.4 -8.539 3.669 -16.622 -8.142 
3 16 3.472 -11.4 -8.539 3.456 -11.418 -9.482 -0.883 -11.731 -8.514 
3 16 -1.45 -11.791 -9.475 -1.458 -11.784 -9.039 3.456 -11.418 -9.482 
3 16 3.456 -11.418 -9.482 -1.458 -11.784 -9.039 -0.883 -11.731 -8.514 
3 16 -1.45 -11.791 -9.475 -1.347 -14.308 -8.75 -1.458 -11.784 -9.039 
3 16 -1.45 -11.791 -9.475 -1.202 -18.331 -8.965 -1.347 -14.308 -8.75 
3 16 -1.347 -14.308 -8.75 -1.202 -18.331 -8.965 -1.33 -14.825 -8.631 
3 16 -1.33 -14.825 -8.631 -1.202 -18.331 -8.965 -1.309 -15.855 -8.061 
3 16 -1.214 -18.945 -6.276 -1.202 -18.331 -8.965 -1.186 -19.363 -6.333 
3 16 -1.202 -18.331 -8.965 -0.912 -21.945 -8.304 -1.186 -19.363 -6.333 
3 16 -1.237 -18.654 -5.969 -1.202 -18.331 -8.965 -1.214 -18.945 -6.276 
3 16 -1.237 -18.654 -5.969 -1.338 -15.86 -6.393 -1.202 -18.331 -8.965 
3 16 -1.202 -18.331 -8.965 -1.338 -15.86 -6.393 -1.309 -15.855 -8.061 
3 16 -1.16 -19.873 -5.72 -0.912 -21.945 -8.304 -1.252 -19.973 0 
3 16 -1.164 -19.726 -6.116 -0.912 -21.945 -8.304 -1.16 -19.873 -5.72 
3 16 -1.164 -19.726 -6.116 -1.186 -19.363 -6.333 -0.912 -21.945 -8.304 
3 16 3.669 -16.622 -8.142 16.331 -16.622 -8.142 3.674 -17.395 -8.621 
3 16 3.674 -17.395 -8.621 16.331 -16.622 -8.142 16.326 -17.395 -8.621 
3 16 3.697 -19.363 -6.333 3.719 -18.654 -5.969 16.303 -19.363 -6.333 
3 16 3.719 -18.654 -5.969 16.281 -18.654 -5.969 16.303 -19.363 -6.333 
3 16 3.689 -19.873 -5.72 3.697 -19.363 -6.333 16.311 -19.873 -5.72 
3 16 3.697 -19.363 -6.333 16.303 -19.363 -6.333 16.311 -19.873 -5.72 
3 16 3.689 -19.873 -5.72 16.311 -19.873 -5.72 3.784 -19.973 0 
3 16 3.784 -19.973 0 16.311 -19.873 -5.72 16.216 -19.973 0 
3 16 -2.878 -3.054 -9.706 -2.24 -2.811 -9.725 -2.371 -3.659 -9.128 
3 16 -2.08 -3.524 -9.138 -2.371 -3.659 -9.128 -2.24 -2.811 -9.725 
3 16 -2.878 -3.054 -9.706 -2.371 -3.659 -9.128 -3.302 -3.581 -9.666 
3 16 -2.371 -3.659 -9.128 -2.576 -3.909 -9.109 -3.302 -3.581 -9.666 
3 16 -3.398 -4.258 -9.616 -3.302 -3.581 -9.666 -2.653 -4.223 -9.085 
3 16 -2.576 -3.909 -9.109 -2.653 -4.223 -9.085 -3.302 -3.581 -9.666 
3 16 -3.398 -4.258 -9.616 -2.653 -4.223 -9.085 -1.458 -11.784 -9.039 
3 16 -0.883 -11.731 -8.514 -1.458 -11.784 -9.039 -2.653 -4.223 -9.085 
3 16 -1.16 -19.873 -5.72 -2.61 -19.873 -5.72 -1.164 -19.726 -6.116 
3 16 -2.61 -19.873 -5.72 -2.61 -19.726 -6.116 -1.164 -19.726 -6.116 
3 16 -3.798 -19.605 -5.751 -3.711 -19.482 -6.15 -2.61 -19.873 -5.72 
3 16 -2.61 -19.873 -5.72 -3.711 -19.482 -6.15 -2.61 -19.726 -6.116 
3 16 -5.296 -17.776 -5.967 -5.128 -17.796 -6.372 -4.755 -18.855 -5.84 
3 16 -4.755 -18.855 -5.84 -5.128 -17.796 -6.372 -4.606 -18.795 -6.24 
3 16 -5.128 -17.796 -6.372 -5.296 -17.776 -5.967 -8.792 -3.116 -8.605 
3 16 -8.792 -3.116 -8.605 -5.296 -17.776 -5.967 -8.955 -3.111 -8.204 
3 16 -8.876 -1.638 -8.31 -8.73 -1.746 -8.751 -8.955 -3.111 -8.204 
3 16 -8.955 -3.111 -8.204 -8.73 -1.746 -8.751 -8.792 -3.116 -8.605 
3 16 -4.755 -18.855 -5.84 -4.606 -18.795 -6.24 -3.798 -19.605 -5.751 
3 16 -3.711 -19.482 -6.15 -3.798 -19.605 -5.751 -4.606 -18.795 -6.24 
3 16 -7.361 -1.397 -8.974 -6.45 -1.107 -9.019 -7.174 -1.605 -8.556 
3 16 -6.45 -1.107 -9.019 -6.425 -1.366 -8.592 -7.174 -1.605 -8.556 
3 16 -7.361 -1.397 -8.974 -7.174 -1.605 -8.556 -7.914 -2.096 -8.858 
3 16 -7.174 -1.605 -8.556 -7.644 -2.167 -8.471 -7.914 -2.096 -8.858 
3 16 -7.914 -2.096 -8.858 -7.644 -2.167 -8.471 -7.997 -2.979 -8.707 
3 16 -7.644 -2.167 -8.471 -7.751 -2.903 -8.359 -7.997 -2.979 -8.707 
3 16 -7.997 -2.979 -8.707 -7.751 -2.903 -8.359 -4.333 -17.614 -6.488 
3 16 -7.751 -2.903 -8.359 -4.086 -17.499 -6.144 -4.333 -17.614 -6.488 
3 16 -4.333 -17.614 -6.488 -4.086 -17.499 -6.144 -3.977 -18.302 -6.377 
3 16 -4.086 -17.499 -6.144 -3.786 -18.095 -6.054 -3.977 -18.302 -6.377 
3 16 -3.977 -18.302 -6.377 -3.786 -18.095 -6.054 -3.364 -18.774 -6.301 
3 16 -3.786 -18.095 -6.054 -3.26 -18.507 -5.991 -3.364 -18.774 -6.301 
3 16 -2.61 -18.945 -6.276 -3.364 -18.774 -6.301 -2.609 -18.654 -5.969 
3 16 -3.364 -18.774 -6.301 -3.26 -18.507 -5.991 -2.609 -18.654 -5.969 
3 16 -1.214 -18.945 -6.276 -2.61 -18.945 -6.276 -1.237 -18.654 -5.969 
3 16 -2.609 -18.654 -5.969 -1.237 -18.654 -5.969 -2.61 -18.945 -6.276 
3 16 -1.338 -15.86 -6.393 -4.041 -4.271 -8.151 -1.309 -15.855 -8.061 
3 16 -1.309 -15.855 -8.061 -4.041 -4.271 -8.151 -4.006 -4.359 -8.939 
3 16 -4.041 -4.271 -8.151 -3.96 -3.204 -8.313 -4.006 -4.359 -8.939 
3 16 -4.006 -4.359 -8.939 -3.96 -3.204 -8.313 -3.937 -3.291 -8.968 
3 16 -3.96 -3.204 -8.313 -3.292 -2.374 -8.439 -3.937 -3.291 -8.968 
3 16 -3.937 -3.291 -8.968 -3.292 -2.374 -8.439 -3.26 -2.435 -9.026 
3 16 -2.257 -2.057 -8.487 -2.231 -2.124 -9.088 -3.292 -2.374 -8.439 
3 16 -3.26 -2.435 -9.026 -3.292 -2.374 -8.439 -2.231 -2.124 -9.088 
3 16 -2.257 -2.057 -8.487 22.257 -2.057 -8.487 -2.231 -2.124 -9.088 
3 16 -2.231 -2.124 -9.088 22.257 -2.057 -8.487 22.231 -2.124 -9.088 
3 16 -2.24 -2.811 -9.725 -2.231 -2.124 -9.088 22.24 -2.811 -9.725 
3 16 -2.231 -2.124 -9.088 22.231 -2.124 -9.088 22.24 -2.811 -9.725 
3 16 -1.458 -11.784 -9.039 -1.347 -14.308 -8.75 -3.398 -4.258 -9.616 
3 16 -3.398 -4.258 -9.616 -1.347 -14.308 -8.75 -1.33 -14.825 -8.631 
3 16 -1.309 -15.855 -8.061 -4.006 -4.359 -8.939 -1.33 -14.825 -8.631 
3 16 -3.398 -4.258 -9.616 -1.33 -14.825 -8.631 -4.006 -4.359 -8.939 
3 16 -1.186 -19.363 -6.333 -2.61 -19.363 -6.333 -1.214 -18.945 -6.276 
3 16 -1.214 -18.945 -6.276 -2.61 -19.363 -6.333 -2.61 -18.945 -6.276 
3 16 -1.164 -19.726 -6.116 -2.61 -19.726 -6.116 -1.186 -19.363 -6.333 
3 16 -2.61 -19.363 -6.333 -1.186 -19.363 -6.333 -2.61 -19.726 -6.116 
3 16 -4.006 -4.359 -8.939 -3.937 -3.291 -8.968 -3.398 -4.258 -9.616 
3 16 -3.398 -4.258 -9.616 -3.937 -3.291 -8.968 -3.302 -3.581 -9.666 
3 16 -3.26 -2.435 -9.026 -2.231 -2.124 -9.088 -2.878 -3.054 -9.706 
3 16 -2.231 -2.124 -9.088 -2.24 -2.811 -9.725 -2.878 -3.054 -9.706 
3 16 -3.937 -3.291 -8.968 -3.26 -2.435 -9.026 -3.302 -3.581 -9.666 
3 16 -3.26 -2.435 -9.026 -2.878 -3.054 -9.706 -3.302 -3.581 -9.666 
3 16 -6.464 -0.181 -8.937 26.464 -0.181 -8.937 -6.461 -0.628 -9.158 
3 16 -6.461 -0.628 -9.158 26.464 -0.181 -8.937 26.461 -0.628 -9.158 
3 16 -6.461 -0.628 -9.158 26.461 -0.628 -9.158 -6.45 -1.107 -9.019 
3 16 -6.45 -1.107 -9.019 26.461 -0.628 -9.158 26.45 -1.107 -9.019 
3 16 -7.959 -0.451 -8.409 -7.886 -0.624 -8.876 -8.876 -1.638 -8.31 
3 16 -8.876 -1.638 -8.31 -7.886 -0.624 -8.876 -8.73 -1.746 -8.751 
3 16 -6.464 -0.181 -8.937 -6.461 -0.628 -9.158 -7.886 -0.624 -8.876 
3 16 -6.461 -0.628 -9.158 -7.646 -1.003 -9.102 -7.886 -0.624 -8.876 
3 16 -6.461 -0.628 -9.158 -6.45 -1.107 -9.019 -7.646 -1.003 -9.102 
3 16 -6.45 -1.107 -9.019 -7.361 -1.397 -8.974 -7.646 -1.003 -9.102 
3 16 -8.347 -1.929 -8.969 -7.914 -2.096 -8.858 -8.411 -3.063 -8.805 
3 16 -7.914 -2.096 -8.858 -7.997 -2.979 -8.707 -8.411 -3.063 -8.805 
3 16 -7.646 -1.003 -9.102 -7.361 -1.397 -8.974 -8.347 -1.929 -8.969 
3 16 -7.914 -2.096 -8.858 -8.347 -1.929 -8.969 -7.361 -1.397 -8.974 
3 16 -8.73 -1.746 -8.751 -8.347 -1.929 -8.969 -8.792 -3.116 -8.605 
3 16 -8.347 -1.929 -8.969 -8.411 -3.063 -8.805 -8.792 -3.116 -8.605 
3 16 -7.886 -0.624 -8.876 -7.646 -1.003 -9.102 -8.73 -1.746 -8.751 
3 16 -8.347 -1.929 -8.969 -8.73 -1.746 -8.751 -7.646 -1.003 -9.102 
3 16 -8.792 -3.116 -8.605 -8.411 -3.063 -8.805 -5.128 -17.796 -6.372 
3 16 -5.128 -17.796 -6.372 -8.411 -3.063 -8.805 -4.746 -17.731 -6.578 
3 16 -8.411 -3.063 -8.805 -7.997 -2.979 -8.707 -4.746 -17.731 -6.578 
3 16 -7.997 -2.979 -8.707 -4.333 -17.614 -6.488 -4.746 -17.731 -6.578 
3 16 -5.128 -17.796 -6.372 -4.746 -17.731 -6.578 -4.606 -18.795 -6.24 
3 16 -4.746 -17.731 -6.578 -4.3 -18.577 -6.452 -4.606 -18.795 -6.24 
3 16 -4.746 -17.731 -6.578 -4.333 -17.614 -6.488 -4.3 -18.577 -6.452 
3 16 -4.333 -17.614 -6.488 -3.977 -18.302 -6.377 -4.3 -18.577 -6.452 
3 16 -3.54 -19.156 -6.365 -3.364 -18.774 -6.301 -2.61 -19.363 -6.333 
3 16 -3.364 -18.774 -6.301 -2.61 -18.945 -6.276 -2.61 -19.363 -6.333 
3 16 -4.3 -18.577 -6.452 -3.977 -18.302 -6.377 -3.54 -19.156 -6.365 
3 16 -3.364 -18.774 -6.301 -3.54 -19.156 -6.365 -3.977 -18.302 -6.377 
3 16 -3.711 -19.482 -6.15 -3.54 -19.156 -6.365 -2.61 -19.726 -6.116 
3 16 -3.54 -19.156 -6.365 -2.61 -19.363 -6.333 -2.61 -19.726 -6.116 
3 16 -4.606 -18.795 -6.24 -4.3 -18.577 -6.452 -3.711 -19.482 -6.15 
3 16 -3.54 -19.156 -6.365 -3.711 -19.482 -6.15 -4.3 -18.577 -6.452 
3 16 -8.102 -0.445 0 -7.959 -0.451 -8.409 -9.019 -1.622 0 
3 16 -9.019 -1.622 0 -7.959 -0.451 -8.409 -8.876 -1.638 -8.31 
3 16 2.29 -12.5 -2.5 2.29 -12.5 2.5 17.71 -12.5 -2.5 
3 16 2.29 -12.5 2.5 17.71 -12.5 2.5 17.71 -12.5 -2.5 
3 16 -6.25 0 0 -8.102 -0.445 0 -6.441 0 8.472 
3 16 -8.102 -0.445 0 -7.959 -0.451 8.409 -6.441 0 8.472 
3 16 -6.441 0 8.472 -7.959 -0.451 8.409 -6.464 -0.181 8.937 
3 16 -7.959 -0.451 8.409 -7.886 -0.624 8.876 -6.464 -0.181 8.937 
3 16 -5.412 0 3.125 -6.441 0 8.472 -3.125 0 5.413 
3 16 -6.25 0 0 -6.441 0 8.472 -5.412 0 3.125 
3 16 5.728 -5.25 2.5 5.413 -5.25 3.125 5.728 0 2.5 
3 16 5.413 -5.25 3.125 5.413 0 3.125 5.728 0 2.5 
3 16 5.413 -5.25 3.125 3.125 -5.25 5.413 5.413 0 3.125 
3 16 3.125 -5.25 5.413 3.125 0 5.413 5.413 0 3.125 
3 16 3.125 -5.25 5.413 0 -5.25 6.25 3.125 0 5.413 
3 16 0 -5.25 6.25 0 0 6.25 3.125 0 5.413 
3 16 0 -5.25 6.25 -3.125 -5.25 5.413 0 0 6.25 
3 16 -3.125 -5.25 5.413 -3.125 0 5.413 0 0 6.25 
3 16 -3.125 -5.25 5.413 -5.412 -5.25 3.125 -3.125 0 5.413 
3 16 -5.412 -5.25 3.125 -5.412 0 3.125 -3.125 0 5.413 
3 16 -5.412 -5.25 3.125 -6.25 -5.25 0 -5.412 0 3.125 
3 16 -6.25 -5.25 0 -6.25 0 0 -5.412 0 3.125 
3 16 3.168 -26.5 3.464 3.132 -26.356 5.967 3.104 -28.5 4 
3 16 3.132 -26.356 5.967 3.115 -29.464 3.742 3.104 -28.5 4 
3 16 -0.251 -26.452 5.906 0.396 -29.462 3.742 3.132 -26.356 5.967 
3 16 3.115 -29.464 3.742 3.132 -26.356 5.967 0.396 -29.462 3.742 
3 16 -0.251 -26.452 5.906 0.155 -28.5 4 0.396 -29.462 3.742 
3 16 -0.251 -26.452 5.906 -0.298 -26.5 3.464 0.155 -28.5 4 
3 16 3.395 -24.5 0 3.549 -21.427 8.442 3.306 -25.036 2 
3 16 3.306 -25.036 2 3.549 -21.427 8.442 3.168 -26.5 3.464 
3 16 3.132 -26.356 5.967 3.168 -26.5 3.464 3.549 -21.427 8.442 
3 16 -0.708 -24.5 0 -0.586 -25.036 2 -0.912 -21.945 8.304 
3 16 -0.586 -25.036 2 -0.298 -26.5 3.464 -0.912 -21.945 8.304 
3 16 -0.251 -26.452 5.906 -0.912 -21.945 8.304 -0.298 -26.5 3.464 
3 16 -2.044 -19.973 0 -1.252 -19.973 0 -2.042 -19.95 1.325 
3 16 -1.252 -19.973 0 -1.16 -19.873 5.72 -2.042 -19.95 1.325 
3 16 -2.61 -19.873 5.72 -2.841 -19.941 1.325 -1.16 -19.873 5.72 
3 16 -1.16 -19.873 5.72 -2.841 -19.941 1.325 -2.042 -19.95 1.325 
3 16 -3.776 -19.726 0 -2.843 -19.964 0 -3.761 -19.707 1.325 
3 16 -2.843 -19.964 0 -2.841 -19.941 1.325 -3.761 -19.707 1.325 
3 16 -3.798 -19.605 5.751 -3.761 -19.707 1.325 -2.61 -19.873 5.72 
3 16 -2.61 -19.873 5.72 -3.761 -19.707 1.325 -2.841 -19.941 1.325 
3 16 -4.46 -19.298 0 -4.446 -19.28 1.325 -4.755 -18.855 5.84 
3 16 -3.798 -19.605 5.751 -4.755 -18.855 5.84 -4.446 -19.28 1.325 
3 16 -4.446 -19.28 1.325 -3.761 -19.707 1.325 -3.798 -19.605 5.751 
3 16 -5.062 -18.598 0 -4.755 -18.855 5.84 -5.038 -18.594 1.325 
3 16 -4.755 -18.855 5.84 -5.364 -17.836 1.325 -5.038 -18.594 1.325 
3 16 -5.062 -18.598 0 -4.46 -19.298 0 -4.755 -18.855 5.84 
3 16 -5.364 -17.836 -1.325 -5.364 -17.836 1.325 -5.372 -17.801 0 
3 16 -8.955 -3.111 8.204 -5.372 -17.801 0 -5.364 -17.836 1.325 
3 16 -5.364 -17.836 1.325 -4.755 -18.855 5.84 -5.296 -17.776 5.967 
3 16 -0.912 -21.945 8.304 -1.252 -19.973 0 -0.708 -24.5 0 
3 16 3.784 -19.973 0 3.549 -21.427 8.442 3.395 -24.5 0 
3 16 -9.039 -3.111 0 -5.372 -17.801 0 -8.955 -3.111 8.204 
3 16 -8.955 -3.111 8.204 -5.364 -17.836 1.325 -5.296 -17.776 5.967 
3 16 -8.876 -1.638 8.31 -9.019 -1.622 0 -8.955 -3.111 8.204 
3 16 -8.955 -3.111 8.204 -9.019 -1.622 0 -9.039 -3.111 0 
3 16 3.689 -18.045 7.985 3.719 -18.654 5.969 3.722 -18.305 6.022 
3 16 3.549 -21.427 8.442 -0.912 -21.945 8.304 3.132 -26.356 5.967 
3 16 -0.912 -21.945 8.304 -0.251 -26.452 5.906 3.132 -26.356 5.967 
3 16 -1.202 -18.331 8.965 -0.912 -21.945 8.304 3.549 -21.427 8.442 
3 16 3.689 -19.873 5.72 3.697 -19.363 6.333 3.549 -21.427 8.442 
3 16 3.784 -19.973 0 3.689 -19.873 5.72 3.549 -21.427 8.442 
3 16 -1.202 -18.331 8.965 3.549 -21.427 8.442 3.663 -17.151 9.095 
3 16 3.663 -17.151 9.095 3.549 -21.427 8.442 3.674 -17.395 8.621 
3 16 3.674 -17.395 8.621 3.549 -21.427 8.442 3.689 -18.045 7.985 
3 16 3.719 -18.654 5.969 3.689 -18.045 7.985 3.697 -19.363 6.333 
3 16 3.549 -21.427 8.442 3.697 -19.363 6.333 3.689 -18.045 7.985 
3 16 -1.202 -18.331 8.965 3.663 -17.151 9.095 3.456 -11.418 9.482 
3 16 -1.202 -18.331 8.965 3.456 -11.418 9.482 -1.45 -11.791 9.475 
3 16 3.456 -11.418 9.482 3.663 -17.151 9.095 3.472 -11.4 8.539 
3 16 3.674 -17.395 8.621 3.669 -16.622 8.142 3.663 -17.151 9.095 
3 16 3.663 -17.151 9.095 3.669 -16.622 8.142 3.472 -11.4 8.539 
3 16 3.472 -11.4 8.539 -0.883 -11.731 8.514 3.456 -11.418 9.482 
3 16 -1.45 -11.791 9.475 3.456 -11.418 9.482 -1.458 -11.784 9.039 
3 16 3.456 -11.418 9.482 -0.883 -11.731 8.514 -1.458 -11.784 9.039 
3 16 -1.45 -11.791 9.475 -1.458 -11.784 9.039 -1.347 -14.308 8.75 
3 16 -1.202 -18.331 8.965 -1.45 -11.791 9.475 -1.33 -14.825 8.631 
3 16 -1.347 -14.308 8.75 -1.33 -14.825 8.631 -1.45 -11.791 9.475 
3 16 -1.33 -14.825 8.631 -1.309 -15.855 8.061 -1.202 -18.331 8.965 
3 16 -1.214 -18.945 6.276 -1.186 -19.363 6.333 -1.202 -18.331 8.965 
3 16 -1.186 -19.363 6.333 -0.912 -21.945 8.304 -1.202 -18.331 8.965 
3 16 -1.237 -18.654 5.969 -1.214 -18.945 6.276 -1.202 -18.331 8.965 
3 16 -1.237 -18.654 5.969 -1.202 -18.331 8.965 -1.338 -15.86 6.393 
3 16 -1.202 -18.331 8.965 -1.309 -15.855 8.061 -1.338 -15.86 6.393 
3 16 -1.16 -19.873 5.72 -1.252 -19.973 0 -0.912 -21.945 8.304 
3 16 -1.164 -19.726 6.116 -1.16 -19.873 5.72 -0.912 -21.945 8.304 
3 16 -1.164 -19.726 6.116 -0.912 -21.945 8.304 -1.186 -19.363 6.333 
3 16 -2.878 -3.054 9.706 -2.371 -3.659 9.128 -2.24 -2.811 9.725 
3 16 -2.08 -3.524 9.138 -2.24 -2.811 9.725 -2.371 -3.659 9.128 
3 16 -2.878 -3.054 9.706 -3.302 -3.581 9.666 -2.371 -3.659 9.128 
3 16 -2.371 -3.659 9.128 -3.302 -3.581 9.666 -2.576 -3.909 9.109 
3 16 -3.398 -4.258 9.616 -2.653 -4.223 9.085 -3.302 -3.581 9.666 
3 16 -2.576 -3.909 9.109 -3.302 -3.581 9.666 -2.653 -4.223 9.085 
3 16 -3.398 -4.258 9.616 -1.458 -11.784 9.039 -2.653 -4.223 9.085 
3 16 -0.883 -11.731 8.514 -2.653 -4.223 9.085 -1.458 -11.784 9.039 
3 16 -1.16 -19.873 5.72 -1.164 -19.726 6.116 -2.61 -19.873 5.72 
3 16 -1.164 -19.726 6.116 -2.61 -19.726 6.116 -2.61 -19.873 5.72 
3 16 -3.798 -19.605 5.751 -2.61 -19.873 5.72 -3.711 -19.482 6.15 
3 16 -2.61 -19.873 5.72 -2.61 -19.726 6.116 -3.711 -19.482 6.15 
3 16 -5.296 -17.776 5.967 -4.755 -18.855 5.84 -5.128 -17.796 6.372 
3 16 -4.755 -18.855 5.84 -4.606 -18.795 6.24 -5.128 -17.796 6.372 
3 16 -5.128 -17.796 6.372 -8.792 -3.116 8.605 -5.296 -17.776 5.967 
3 16 -8.792 -3.116 8.605 -8.955 -3.111 8.204 -5.296 -17.776 5.967 
3 16 -8.876 -1.638 8.31 -8.955 -3.111 8.204 -8.73 -1.746 8.751 
3 16 -8.955 -3.111 8.204 -8.792 -3.116 8.605 -8.73 -1.746 8.751 
3 16 -4.755 -18.855 5.84 -3.798 -19.605 5.751 -4.606 -18.795 6.24 
3 16 -3.711 -19.482 6.15 -4.606 -18.795 6.24 -3.798 -19.605 5.751 
3 16 -7.361 -1.397 8.974 -7.174 -1.605 8.556 -6.45 -1.107 9.019 
3 16 -6.45 -1.107 9.019 -7.174 -1.605 8.556 -6.425 -1.366 8.592 
3 16 -7.361 -1.397 8.974 -7.914 -2.096 8.858 -7.174 -1.605 8.556 
3 16 -7.914 -2.096 8.858 -7.644 -2.167 8.471 -7.174 -1.605 8.556 
3 16 -7.914 -2.096 8.858 -7.997 -2.979 8.707 -7.644 -2.167 8.471 
3 16 -7.997 -2.979 8.707 -7.751 -2.903 8.359 -7.644 -2.167 8.471 
3 16 -7.997 -2.979 8.707 -4.333 -17.614 6.488 -7.751 -2.903 8.359 
3 16 -4.333 -17.614 6.488 -4.086 -17.499 6.144 -7.751 -2.903 8.359 
3 16 -4.333 -17.614 6.488 -3.977 -18.302 6.377 -4.086 -17.499 6.144 
3 16 -3.977 -18.302 6.377 -3.786 -18.095 6.054 -4.086 -17.499 6.144 
3 16 -3.977 -18.302 6.377 -3.364 -18.774 6.301 -3.786 -18.095 6.054 
3 16 -3.364 -18.774 6.301 -3.26 -18.507 5.991 -3.786 -18.095 6.054 
3 16 -2.61 -18.945 6.276 -2.609 -18.654 5.969 -3.364 -18.774 6.301 
3 16 -3.364 -18.774 6.301 -2.609 -18.654 5.969 -3.26 -18.507 5.991 
3 16 -1.214 -18.945 6.276 -1.237 -18.654 5.969 -2.61 -18.945 6.276 
3 16 -2.609 -18.654 5.969 -2.61 -18.945 6.276 -1.237 -18.654 5.969 
3 16 -1.338 -15.86 6.393 -1.309 -15.855 8.061 -4.041 -4.271 8.151 
3 16 -1.309 -15.855 8.061 -4.006 -4.359 8.939 -4.041 -4.271 8.151 
3 16 -4.041 -4.271 8.151 -4.006 -4.359 8.939 -3.96 -3.204 8.313 
3 16 -4.006 -4.359 8.939 -3.937 -3.291 8.968 -3.96 -3.204 8.313 
3 16 -3.96 -3.204 8.313 -3.937 -3.291 8.968 -3.292 -2.374 8.439 
3 16 -3.937 -3.291 8.968 -3.26 -2.435 9.026 -3.292 -2.374 8.439 
3 16 -2.257 -2.057 8.487 -3.292 -2.374 8.439 -2.231 -2.124 9.088 
3 16 -3.26 -2.435 9.026 -2.231 -2.124 9.088 -3.292 -2.374 8.439 
3 16 -1.458 -11.784 9.039 -3.398 -4.258 9.616 -1.347 -14.308 8.75 
3 16 -3.398 -4.258 9.616 -1.33 -14.825 8.631 -1.347 -14.308 8.75 
3 16 -1.309 -15.855 8.061 -1.33 -14.825 8.631 -4.006 -4.359 8.939 
3 16 -3.398 -4.258 9.616 -4.006 -4.359 8.939 -1.33 -14.825 8.631 
3 16 -1.186 -19.363 6.333 -1.214 -18.945 6.276 -2.61 -19.363 6.333 
3 16 -1.214 -18.945 6.276 -2.61 -18.945 6.276 -2.61 -19.363 6.333 
3 16 -1.164 -19.726 6.116 -1.186 -19.363 6.333 -2.61 -19.726 6.116 
3 16 -2.61 -19.363 6.333 -2.61 -19.726 6.116 -1.186 -19.363 6.333 
3 16 -4.006 -4.359 8.939 -3.398 -4.258 9.616 -3.937 -3.291 8.968 
3 16 -3.398 -4.258 9.616 -3.302 -3.581 9.666 -3.937 -3.291 8.968 
3 16 -3.26 -2.435 9.026 -2.878 -3.054 9.706 -2.231 -2.124 9.088 
3 16 -2.878 -3.054 9.706 -2.24 -2.811 9.725 -2.231 -2.124 9.088 
3 16 -3.937 -3.291 8.968 -3.302 -3.581 9.666 -3.26 -2.435 9.026 
3 16 -3.302 -3.581 9.666 -2.878 -3.054 9.706 -3.26 -2.435 9.026 
3 16 -7.959 -0.451 8.409 -8.876 -1.638 8.31 -7.886 -0.624 8.876 
3 16 -8.876 -1.638 8.31 -8.73 -1.746 8.751 -7.886 -0.624 8.876 
3 16 -6.464 -0.181 8.937 -7.886 -0.624 8.876 -6.461 -0.628 9.158 
3 16 -7.886 -0.624 8.876 -7.646 -1.003 9.102 -6.461 -0.628 9.158 
3 16 -6.461 -0.628 9.158 -7.646 -1.003 9.102 -6.45 -1.107 9.019 
3 16 -7.646 -1.003 9.102 -7.361 -1.397 8.974 -6.45 -1.107 9.019 
3 16 -8.347 -1.929 8.969 -8.411 -3.063 8.805 -7.914 -2.096 8.858 
3 16 -8.411 -3.063 8.805 -7.997 -2.979 8.707 -7.914 -2.096 8.858 
3 16 -7.646 -1.003 9.102 -8.347 -1.929 8.969 -7.361 -1.397 8.974 
3 16 -7.914 -2.096 8.858 -7.361 -1.397 8.974 -8.347 -1.929 8.969 
3 16 -8.73 -1.746 8.751 -8.792 -3.116 8.605 -8.347 -1.929 8.969 
3 16 -8.792 -3.116 8.605 -8.411 -3.063 8.805 -8.347 -1.929 8.969 
3 16 -7.886 -0.624 8.876 -8.73 -1.746 8.751 -7.646 -1.003 9.102 
3 16 -8.347 -1.929 8.969 -7.646 -1.003 9.102 -8.73 -1.746 8.751 
3 16 -8.792 -3.116 8.605 -5.128 -17.796 6.372 -8.411 -3.063 8.805 
3 16 -5.128 -17.796 6.372 -4.746 -17.731 6.578 -8.411 -3.063 8.805 
3 16 -8.411 -3.063 8.805 -4.746 -17.731 6.578 -7.997 -2.979 8.707 
3 16 -4.746 -17.731 6.578 -4.333 -17.614 6.488 -7.997 -2.979 8.707 
3 16 -5.128 -17.796 6.372 -4.606 -18.795 6.24 -4.746 -17.731 6.578 
3 16 -4.606 -18.795 6.24 -4.3 -18.577 6.452 -4.746 -17.731 6.578 
3 16 -4.746 -17.731 6.578 -4.3 -18.577 6.452 -4.333 -17.614 6.488 
3 16 -4.3 -18.577 6.452 -3.977 -18.302 6.377 -4.333 -17.614 6.488 
3 16 -3.54 -19.156 6.365 -2.61 -19.363 6.333 -3.364 -18.774 6.301 
3 16 -2.61 -19.363 6.333 -2.61 -18.945 6.276 -3.364 -18.774 6.301 
3 16 -4.3 -18.577 6.452 -3.54 -19.156 6.365 -3.977 -18.302 6.377 
3 16 -3.364 -18.774 6.301 -3.977 -18.302 6.377 -3.54 -19.156 6.365 
3 16 -3.711 -19.482 6.15 -2.61 -19.726 6.116 -3.54 -19.156 6.365 
3 16 -2.61 -19.726 6.116 -2.61 -19.363 6.333 -3.54 -19.156 6.365 
3 16 -4.606 -18.795 6.24 -3.711 -19.482 6.15 -4.3 -18.577 6.452 
3 16 -3.54 -19.156 6.365 -4.3 -18.577 6.452 -3.711 -19.482 6.15 
3 16 5.728 -5.25 -2.5 5.413 -5.25 -3.125 0.461 -5.25 -2.5 
3 16 5.413 -5.25 -3.125 3.125 -5.25 -5.413 0.461 -5.25 -2.5 
3 16 3.125 -5.25 -5.413 0 -5.25 -6.25 0.461 -5.25 -2.5 
3 16 5.728 -5.25 2.5 0.461 -5.25 2.5 5.413 -5.25 3.125 
3 16 5.413 -5.25 3.125 0.461 -5.25 2.5 3.125 -5.25 5.413 
3 16 3.125 -5.25 5.413 0.461 -5.25 2.5 0 -5.25 6.25 
3 16 0 -5.25 -6.25 -3.125 -5.25 -5.413 0.461 -5.25 -2.5 
3 16 0 -5.25 6.25 0.461 -5.25 2.5 -3.125 -5.25 5.413 
3 16 -3.125 -5.25 -5.413 -5.412 -5.25 -3.125 0.461 -5.25 -2.5 
3 16 0.461 -5.25 -2.5 -5.412 -5.25 -3.125 0.461 -5.25 2.5 
3 16 -5.412 -5.25 -3.125 -6.25 -5.25 0 0.461 -5.25 2.5 
3 16 -6.25 -5.25 0 -5.412 -5.25 3.125 0.461 -5.25 2.5 
3 16 -5.412 -5.25 3.125 -3.125 -5.25 5.413 0.461 -5.25 2.5 
3 16 2.29 -12.5 -2.5 0.461 -5.25 -2.5 2.29 -12.5 2.5 
3 16 0.461 -5.25 -2.5 0.461 -5.25 2.5 2.29 -12.5 2.5 
3 16 0.461 -5.25 2.5 5.728 -5.25 2.5 2.29 -12.5 2.5 
3 16 2.29 -12.5 2.5 5.728 -5.25 2.5 17.71 -12.5 2.5 
3 16 19.539 -5.25 2.5 17.71 -12.5 2.5 14.272 -5.25 2.5 
3 16 17.71 -12.5 2.5 5.728 -5.25 2.5 14.272 -5.25 2.5 
3 16 5.728 -5.25 2.5 5.728 0 2.5 14.272 -5.25 2.5 
3 16 5.728 0 2.5 14.272 0 2.5 14.272 -5.25 2.5 
3 16 3.689 -18.045 7.985 3.722 -18.305 6.022 16.311 -18.045 7.985 
3 16 3.722 -18.305 6.022 16.278 -18.305 6.022 16.311 -18.045 7.985 
3 16 3.674 -17.395 8.621 3.689 -18.045 7.985 16.326 -17.395 8.621 
3 16 3.689 -18.045 7.985 16.311 -18.045 7.985 16.326 -17.395 8.621 
3 16 -2.24 -2.811 9.725 -2.08 -3.524 9.138 22.24 -2.811 9.725 
3 16 -2.08 -3.524 9.138 22.08 -3.524 9.138 22.24 -2.811 9.725 
3 16 -6.45 -1.107 9.019 -6.425 -1.366 8.592 26.45 -1.107 9.019 
3 16 -6.425 -1.366 8.592 26.425 -1.366 8.592 26.45 -1.107 9.019 
3 16 -8.102 -0.445 0 -9.019 -1.622 0 -7.959 -0.451 8.409 
3 16 -9.019 -1.622 0 -8.876 -1.638 8.31 -7.959 -0.451 8.409 
3 16 26.25 0 0 28.102 -0.445 0 26.441 0 -8.472 
3 16 28.102 -0.445 0 27.959 -0.451 -8.409 26.441 0 -8.472 
3 16 26.441 0 -8.472 27.959 -0.451 -8.409 26.464 -0.181 -8.937 
3 16 27.959 -0.451 -8.409 27.886 -0.624 -8.876 26.464 -0.181 -8.937 
3 16 25.412 0 -3.125 26.441 0 -8.472 23.125 0 -5.413 
3 16 26.25 0 0 26.441 0 -8.472 25.412 0 -3.125 
3 16 14.272 -5.25 -2.5 14.587 -5.25 -3.125 14.272 0 -2.5 
3 16 14.587 -5.25 -3.125 14.587 0 -3.125 14.272 0 -2.5 
3 16 14.587 -5.25 -3.125 16.875 -5.25 -5.413 14.587 0 -3.125 
3 16 16.875 -5.25 -5.413 16.875 0 -5.413 14.587 0 -3.125 
3 16 16.875 -5.25 -5.413 20 -5.25 -6.25 16.875 0 -5.413 
3 16 20 -5.25 -6.25 20 0 -6.25 16.875 0 -5.413 
3 16 20 -5.25 -6.25 23.125 -5.25 -5.413 20 0 -6.25 
3 16 23.125 -5.25 -5.413 23.125 0 -5.413 20 0 -6.25 
3 16 23.125 -5.25 -5.413 25.412 -5.25 -3.125 23.125 0 -5.413 
3 16 25.412 -5.25 -3.125 25.412 0 -3.125 23.125 0 -5.413 
3 16 25.412 -5.25 -3.125 26.25 -5.25 0 25.412 0 -3.125 
3 16 26.25 -5.25 0 26.25 0 0 25.412 0 -3.125 
3 16 16.832 -26.5 -3.464 16.868 -26.356 -5.967 16.896 -28.5 -4 
3 16 16.868 -26.356 -5.967 16.885 -29.464 -3.742 16.896 -28.5 -4 
3 16 20.251 -26.452 -5.906 19.604 -29.462 -3.742 16.868 -26.356 -5.967 
3 16 16.885 -29.464 -3.742 16.868 -26.356 -5.967 19.604 -29.462 -3.742 
3 16 20.251 -26.452 -5.906 19.845 -28.5 -4 19.604 -29.462 -3.742 
3 16 20.251 -26.452 -5.906 20.298 -26.5 -3.464 19.845 -28.5 -4 
3 16 16.605 -24.5 0 16.451 -21.427 -8.442 16.694 -25.036 -2 
3 16 16.694 -25.036 -2 16.451 -21.427 -8.442 16.832 -26.5 -3.464 
3 16 16.868 -26.356 -5.967 16.832 -26.5 -3.464 16.451 -21.427 -8.442 
3 16 20.708 -24.5 0 20.586 -25.036 -2 20.912 -21.945 -8.304 
3 16 20.586 -25.036 -2 20.298 -26.5 -3.464 20.912 -21.945 -8.304 
3 16 20.251 -26.452 -5.906 20.912 -21.945 -8.304 20.298 -26.5 -3.464 
3 16 22.044 -19.973 0 21.252 -19.973 0 22.042 -19.95 -1.325 
3 16 21.252 -19.973 0 21.16 -19.873 -5.72 22.042 -19.95 -1.325 
3 16 22.61 -19.873 -5.72 22.841 -19.941 -1.325 21.16 -19.873 -5.72 
3 16 21.16 -19.873 -5.72 22.841 -19.941 -1.325 22.042 -19.95 -1.325 
3 16 23.776 -19.726 0 22.843 -19.964 0 23.761 -19.707 -1.325 
3 16 22.843 -19.964 0 22.841 -19.941 -1.325 23.761 -19.707 -1.325 
3 16 23.798 -19.605 -5.751 23.761 -19.707 -1.325 22.61 -19.873 -5.72 
3 16 22.61 -19.873 -5.72 23.761 -19.707 -1.325 22.841 -19.941 -1.325 
3 16 24.46 -19.298 0 24.446 -19.28 -1.325 24.755 -18.855 -5.84 
3 16 23.798 -19.605 -5.751 24.755 -18.855 -5.84 24.446 -19.28 -1.325 
3 16 24.446 -19.28 -1.325 23.761 -19.707 -1.325 23.798 -19.605 -5.751 
3 16 25.062 -18.598 0 24.755 -18.855 -5.84 25.038 -18.594 -1.325 
3 16 24.755 -18.855 -5.84 25.364 -17.836 -1.325 25.038 -18.594 -1.325 
3 16 25.062 -18.598 0 24.46 -19.298 0 24.755 -18.855 -5.84 
3 16 25.364 -17.836 1.325 25.364 -17.836 -1.325 25.372 -17.801 0 
3 16 28.955 -3.111 -8.204 25.372 -17.801 0 25.364 -17.836 -1.325 
3 16 25.364 -17.836 -1.325 24.755 -18.855 -5.84 25.296 -17.776 -5.967 
3 16 20.912 -21.945 -8.304 21.252 -19.973 0 20.708 -24.5 0 
3 16 16.216 -19.973 0 16.451 -21.427 -8.442 16.605 -24.5 0 
3 16 29.039 -3.111 0 25.372 -17.801 0 28.955 -3.111 -8.204 
3 16 28.955 -3.111 -8.204 25.364 -17.836 -1.325 25.296 -17.776 -5.967 
3 16 28.876 -1.638 -8.31 29.019 -1.622 0 28.955 -3.111 -8.204 
3 16 28.955 -3.111 -8.204 29.019 -1.622 0 29.039 -3.111 0 
3 16 16.311 -18.045 -7.985 16.281 -18.654 -5.969 16.278 -18.305 -6.022 
3 16 16.451 -21.427 -8.442 20.912 -21.945 -8.304 16.868 -26.356 -5.967 
3 16 20.912 -21.945 -8.304 20.251 -26.452 -5.906 16.868 -26.356 -5.967 
3 16 21.202 -18.331 -8.965 20.912 -21.945 -8.304 16.451 -21.427 -8.442 
3 16 16.311 -19.873 -5.72 16.303 -19.363 -6.333 16.451 -21.427 -8.442 
3 16 16.216 -19.973 0 16.311 -19.873 -5.72 16.451 -21.427 -8.442 
3 16 21.202 -18.331 -8.965 16.451 -21.427 -8.442 16.337 -17.151 -9.095 
3 16 16.337 -17.151 -9.095 16.451 -21.427 -8.442 16.326 -17.395 -8.621 
3 16 16.326 -17.395 -8.621 16.451 -21.427 -8.442 16.311 -18.045 -7.985 
3 16 16.281 -18.654 -5.969 16.311 -18.045 -7.985 16.303 -19.363 -6.333 
3 16 16.451 -21.427 -8.442 16.303 -19.363 -6.333 16.311 -18.045 -7.985 
3 16 21.202 -18.331 -8.965 16.337 -17.151 -9.095 16.544 -11.418 -9.482 
3 16 21.202 -18.331 -8.965 16.544 -11.418 -9.482 21.45 -11.791 -9.475 
3 16 16.544 -11.418 -9.482 16.337 -17.151 -9.095 16.528 -11.4 -8.539 
3 16 16.326 -17.395 -8.621 16.331 -16.622 -8.142 16.337 -17.151 -9.095 
3 16 16.337 -17.151 -9.095 16.331 -16.622 -8.142 16.528 -11.4 -8.539 
3 16 16.528 -11.4 -8.539 20.883 -11.731 -8.514 16.544 -11.418 -9.482 
3 16 21.45 -11.791 -9.475 16.544 -11.418 -9.482 21.458 -11.784 -9.039 
3 16 16.544 -11.418 -9.482 20.883 -11.731 -8.514 21.458 -11.784 -9.039 
3 16 21.45 -11.791 -9.475 21.458 -11.784 -9.039 21.347 -14.308 -8.75 
3 16 21.202 -18.331 -8.965 21.45 -11.791 -9.475 21.33 -14.825 -8.631 
3 16 21.347 -14.308 -8.75 21.33 -14.825 -8.631 21.45 -11.791 -9.475 
3 16 21.33 -14.825 -8.631 21.309 -15.855 -8.061 21.202 -18.331 -8.965 
3 16 21.214 -18.945 -6.276 21.186 -19.363 -6.333 21.202 -18.331 -8.965 
3 16 21.186 -19.363 -6.333 20.912 -21.945 -8.304 21.202 -18.331 -8.965 
3 16 21.237 -18.654 -5.969 21.214 -18.945 -6.276 21.202 -18.331 -8.965 
3 16 21.237 -18.654 -5.969 21.202 -18.331 -8.965 21.338 -15.86 -6.393 
3 16 21.202 -18.331 -8.965 21.309 -15.855 -8.061 21.338 -15.86 -6.393 
3 16 21.16 -19.873 -5.72 21.252 -19.973 0 20.912 -21.945 -8.304 
3 16 21.164 -19.726 -6.116 21.16 -19.873 -5.72 20.912 -21.945 -8.304 
3 16 21.164 -19.726 -6.116 20.912 -21.945 -8.304 21.186 -19.363 -6.333 
3 16 22.878 -3.054 -9.706 22.371 -3.659 -9.128 22.24 -2.811 -9.725 
3 16 22.08 -3.524 -9.138 22.24 -2.811 -9.725 22.371 -3.659 -9.128 
3 16 22.878 -3.054 -9.706 23.302 -3.581 -9.666 22.371 -3.659 -9.128 
3 16 22.371 -3.659 -9.128 23.302 -3.581 -9.666 22.576 -3.909 -9.109 
3 16 23.398 -4.258 -9.616 22.653 -4.223 -9.085 23.302 -3.581 -9.666 
3 16 22.576 -3.909 -9.109 23.302 -3.581 -9.666 22.653 -4.223 -9.085 
3 16 23.398 -4.258 -9.616 21.458 -11.784 -9.039 22.653 -4.223 -9.085 
3 16 20.883 -11.731 -8.514 22.653 -4.223 -9.085 21.458 -11.784 -9.039 
3 16 21.16 -19.873 -5.72 21.164 -19.726 -6.116 22.61 -19.873 -5.72 
3 16 21.164 -19.726 -6.116 22.61 -19.726 -6.116 22.61 -19.873 -5.72 
3 16 23.798 -19.605 -5.751 22.61 -19.873 -5.72 23.711 -19.482 -6.15 
3 16 22.61 -19.873 -5.72 22.61 -19.726 -6.116 23.711 -19.482 -6.15 
3 16 25.296 -17.776 -5.967 24.755 -18.855 -5.84 25.128 -17.796 -6.372 
3 16 24.755 -18.855 -5.84 24.606 -18.795 -6.24 25.128 -17.796 -6.372 
3 16 25.128 -17.796 -6.372 28.792 -3.116 -8.605 25.296 -17.776 -5.967 
3 16 28.792 -3.116 -8.605 28.955 -3.111 -8.204 25.296 -17.776 -5.967 
3 16 28.876 -1.638 -8.31 28.955 -3.111 -8.204 28.73 -1.746 -8.751 
3 16 28.955 -3.111 -8.204 28.792 -3.116 -8.605 28.73 -1.746 -8.751 
3 16 24.755 -18.855 -5.84 23.798 -19.605 -5.751 24.606 -18.795 -6.24 
3 16 23.711 -19.482 -6.15 24.606 -18.795 -6.24 23.798 -19.605 -5.751 
3 16 27.361 -1.397 -8.974 27.174 -1.605 -8.556 26.45 -1.107 -9.019 
3 16 26.45 -1.107 -9.019 27.174 -1.605 -8.556 26.425 -1.366 -8.592 
3 16 27.361 -1.397 -8.974 27.914 -2.096 -8.858 27.174 -1.605 -8.556 
3 16 27.914 -2.096 -8.858 27.644 -2.167 -8.471 27.174 -1.605 -8.556 
3 16 27.914 -2.096 -8.858 27.997 -2.979 -8.707 27.644 -2.167 -8.471 
3 16 27.997 -2.979 -8.707 27.751 -2.903 -8.359 27.644 -2.167 -8.471 
3 16 27.997 -2.979 -8.707 24.333 -17.614 -6.488 27.751 -2.903 -8.359 
3 16 24.333 -17.614 -6.488 24.086 -17.499 -6.144 27.751 -2.903 -8.359 
3 16 24.333 -17.614 -6.488 23.977 -18.302 -6.377 24.086 -17.499 -6.144 
3 16 23.977 -18.302 -6.377 23.786 -18.095 -6.054 24.086 -17.499 -6.144 
3 16 23.977 -18.302 -6.377 23.364 -18.774 -6.301 23.786 -18.095 -6.054 
3 16 23.364 -18.774 -6.301 23.26 -18.507 -5.991 23.786 -18.095 -6.054 
3 16 22.61 -18.945 -6.276 22.609 -18.654 -5.969 23.364 -18.774 -6.301 
3 16 23.364 -18.774 -6.301 22.609 -18.654 -5.969 23.26 -18.507 -5.991 
3 16 21.214 -18.945 -6.276 21.237 -18.654 -5.969 22.61 -18.945 -6.276 
3 16 22.609 -18.654 -5.969 22.61 -18.945 -6.276 21.237 -18.654 -5.969 
3 16 21.338 -15.86 -6.393 21.309 -15.855 -8.061 24.041 -4.271 -8.151 
3 16 21.309 -15.855 -8.061 24.006 -4.359 -8.939 24.041 -4.271 -8.151 
3 16 24.041 -4.271 -8.151 24.006 -4.359 -8.939 23.96 -3.204 -8.313 
3 16 24.006 -4.359 -8.939 23.937 -3.291 -8.968 23.96 -3.204 -8.313 
3 16 23.96 -3.204 -8.313 23.937 -3.291 -8.968 23.292 -2.374 -8.439 
3 16 23.937 -3.291 -8.968 23.26 -2.435 -9.026 23.292 -2.374 -8.439 
3 16 22.257 -2.057 -8.487 23.292 -2.374 -8.439 22.231 -2.124 -9.088 
3 16 23.26 -2.435 -9.026 22.231 -2.124 -9.088 23.292 -2.374 -8.439 
3 16 21.458 -11.784 -9.039 23.398 -4.258 -9.616 21.347 -14.308 -8.75 
3 16 23.398 -4.258 -9.616 21.33 -14.825 -8.631 21.347 -14.308 -8.75 
3 16 21.309 -15.855 -8.061 21.33 -14.825 -8.631 24.006 -4.359 -8.939 
3 16 23.398 -4.258 -9.616 24.006 -4.359 -8.939 21.33 -14.825 -8.631 
3 16 21.186 -19.363 -6.333 21.214 -18.945 -6.276 22.61 -19.363 -6.333 
3 16 21.214 -18.945 -6.276 22.61 -18.945 -6.276 22.61 -19.363 -6.333 
3 16 21.164 -19.726 -6.116 21.186 -19.363 -6.333 22.61 -19.726 -6.116 
3 16 22.61 -19.363 -6.333 22.61 -19.726 -6.116 21.186 -19.363 -6.333 
3 16 24.006 -4.359 -8.939 23.398 -4.258 -9.616 23.937 -3.291 -8.968 
3 16 23.398 -4.258 -9.616 23.302 -3.581 -9.666 23.937 -3.291 -8.968 
3 16 23.26 -2.435 -9.026 22.878 -3.054 -9.706 22.231 -2.124 -9.088 
3 16 22.878 -3.054 -9.706 22.24 -2.811 -9.725 22.231 -2.124 -9.088 
3 16 23.937 -3.291 -8.968 23.302 -3.581 -9.666 23.26 -2.435 -9.026 
3 16 23.302 -3.581 -9.666 22.878 -3.054 -9.706 23.26 -2.435 -9.026 
3 16 27.959 -0.451 -8.409 28.876 -1.638 -8.31 27.886 -0.624 -8.876 
3 16 28.876 -1.638 -8.31 28.73 -1.746 -8.751 27.886 -0.624 -8.876 
3 16 26.464 -0.181 -8.937 27.886 -0.624 -8.876 26.461 -0.628 -9.158 
3 16 27.886 -0.624 -8.876 27.646 -1.003 -9.102 26.461 -0.628 -9.158 
3 16 26.461 -0.628 -9.158 27.646 -1.003 -9.102 26.45 -1.107 -9.019 
3 16 27.646 -1.003 -9.102 27.361 -1.397 -8.974 26.45 -1.107 -9.019 
3 16 28.347 -1.929 -8.969 28.411 -3.063 -8.805 27.914 -2.096 -8.858 
3 16 28.411 -3.063 -8.805 27.997 -2.979 -8.707 27.914 -2.096 -8.858 
3 16 27.646 -1.003 -9.102 28.347 -1.929 -8.969 27.361 -1.397 -8.974 
3 16 27.914 -2.096 -8.858 27.361 -1.397 -8.974 28.347 -1.929 -8.969 
3 16 28.73 -1.746 -8.751 28.792 -3.116 -8.605 28.347 -1.929 -8.969 
3 16 28.792 -3.116 -8.605 28.411 -3.063 -8.805 28.347 -1.929 -8.969 
3 16 27.886 -0.624 -8.876 28.73 -1.746 -8.751 27.646 -1.003 -9.102 
3 16 28.347 -1.929 -8.969 27.646 -1.003 -9.102 28.73 -1.746 -8.751 
3 16 28.792 -3.116 -8.605 25.128 -17.796 -6.372 28.411 -3.063 -8.805 
3 16 25.128 -17.796 -6.372 24.746 -17.731 -6.578 28.411 -3.063 -8.805 
3 16 28.411 -3.063 -8.805 24.746 -17.731 -6.578 27.997 -2.979 -8.707 
3 16 24.746 -17.731 -6.578 24.333 -17.614 -6.488 27.997 -2.979 -8.707 
3 16 25.128 -17.796 -6.372 24.606 -18.795 -6.24 24.746 -17.731 -6.578 
3 16 24.606 -18.795 -6.24 24.3 -18.577 -6.452 24.746 -17.731 -6.578 
3 16 24.746 -17.731 -6.578 24.3 -18.577 -6.452 24.333 -17.614 -6.488 
3 16 24.3 -18.577 -6.452 23.977 -18.302 -6.377 24.333 -17.614 -6.488 
3 16 23.54 -19.156 -6.365 22.61 -19.363 -6.333 23.364 -18.774 -6.301 
3 16 22.61 -19.363 -6.333 22.61 -18.945 -6.276 23.364 -18.774 -6.301 
3 16 24.3 -18.577 -6.452 23.54 -19.156 -6.365 23.977 -18.302 -6.377 
3 16 23.364 -18.774 -6.301 23.977 -18.302 -6.377 23.54 -19.156 -6.365 
3 16 23.711 -19.482 -6.15 22.61 -19.726 -6.116 23.54 -19.156 -6.365 
3 16 22.61 -19.726 -6.116 22.61 -19.363 -6.333 23.54 -19.156 -6.365 
3 16 24.606 -18.795 -6.24 23.711 -19.482 -6.15 24.3 -18.577 -6.452 
3 16 23.54 -19.156 -6.365 24.3 -18.577 -6.452 23.711 -19.482 -6.15 
3 16 19.539 -5.25 -2.5 14.272 -5.25 -2.5 17.71 -12.5 -2.5 
3 16 17.71 -12.5 -2.5 14.272 -5.25 -2.5 2.29 -12.5 -2.5 
3 16 0.461 -5.25 -2.5 2.29 -12.5 -2.5 5.728 -5.25 -2.5 
3 16 2.29 -12.5 -2.5 14.272 -5.25 -2.5 5.728 -5.25 -2.5 
3 16 14.272 -5.25 -2.5 14.272 0 -2.5 5.728 -5.25 -2.5 
3 16 14.272 0 -2.5 5.728 0 -2.5 5.728 -5.25 -2.5 
3 16 3.689 -18.045 -7.985 16.311 -18.045 -7.985 3.722 -18.305 -6.022 
3 16 16.311 -18.045 -7.985 16.278 -18.305 -6.022 3.722 -18.305 -6.022 
3 16 3.674 -17.395 -8.621 16.326 -17.395 -8.621 3.689 -18.045 -7.985 
3 16 16.326 -17.395 -8.621 16.311 -18.045 -7.985 3.689 -18.045 -7.985 
3 16 -2.24 -2.811 -9.725 22.24 -2.811 -9.725 -2.08 -3.524 -9.138 
3 16 22.24 -2.811 -9.725 22.08 -3.524 -9.138 -2.08 -3.524 -9.138 
3 16 -6.45 -1.107 -9.019 26.45 -1.107 -9.019 -6.425 -1.366 -8.592 
3 16 26.45 -1.107 -9.019 26.425 -1.366 -8.592 -6.425 -1.366 -8.592 
3 16 28.102 -0.445 0 29.019 -1.622 0 27.959 -0.451 -8.409 
3 16 29.019 -1.622 0 28.876 -1.638 -8.31 27.959 -0.451 -8.409 
3 16 26.25 0 0 26.441 0 8.472 28.102 -0.445 0 
3 16 26.441 0 8.472 27.959 -0.451 8.409 28.102 -0.445 0 
3 16 26.441 0 8.472 26.464 -0.181 8.937 27.959 -0.451 8.409 
3 16 27.959 -0.451 8.409 26.464 -0.181 8.937 27.886 -0.624 8.876 
3 16 -6.464 -0.181 8.937 26.464 -0.181 8.937 -6.441 0 8.472 
3 16 26.464 -0.181 8.937 26.441 0 8.472 -6.441 0 8.472 
3 16 25.412 0 3.125 23.125 0 5.413 26.441 0 8.472 
3 16 26.25 0 0 25.412 0 3.125 26.441 0 8.472 
3 16 23.125 0 5.413 20 0 6.25 26.441 0 8.472 
3 16 -6.441 0 8.472 26.441 0 8.472 0 0 6.25 
3 16 26.441 0 8.472 20 0 6.25 0 0 6.25 
3 16 20 0 6.25 16.875 0 5.413 0 0 6.25 
3 16 0 0 6.25 16.875 0 5.413 3.125 0 5.413 
3 16 16.875 0 5.413 14.587 0 3.125 3.125 0 5.413 
3 16 3.125 0 5.413 14.587 0 3.125 5.413 0 3.125 
3 16 14.587 0 3.125 14.272 0 2.5 5.413 0 3.125 
3 16 14.272 0 2.5 5.728 0 2.5 5.413 0 3.125 
3 16 -3.125 0 5.413 -6.441 0 8.472 0 0 6.25 
3 16 14.272 -5.25 2.5 14.272 0 2.5 14.587 -5.25 3.125 
3 16 14.272 0 2.5 14.587 0 3.125 14.587 -5.25 3.125 
3 16 14.587 -5.25 3.125 14.587 0 3.125 16.875 -5.25 5.413 
3 16 14.587 0 3.125 16.875 0 5.413 16.875 -5.25 5.413 
3 16 16.875 -5.25 5.413 16.875 0 5.413 20 -5.25 6.25 
3 16 16.875 0 5.413 20 0 6.25 20 -5.25 6.25 
3 16 20 -5.25 6.25 20 0 6.25 23.125 -5.25 5.413 
3 16 20 0 6.25 23.125 0 5.413 23.125 -5.25 5.413 
3 16 23.125 -5.25 5.413 23.125 0 5.413 25.412 -5.25 3.125 
3 16 23.125 0 5.413 25.412 0 3.125 25.412 -5.25 3.125 
3 16 25.412 -5.25 3.125 25.412 0 3.125 26.25 -5.25 0 
3 16 25.412 0 3.125 26.25 0 0 26.25 -5.25 0 
3 16 16.832 -26.5 3.464 16.896 -28.5 4 16.868 -26.356 5.967 
3 16 16.868 -26.356 5.967 16.896 -28.5 4 16.885 -29.464 3.742 
3 16 20.251 -26.452 5.906 16.868 -26.356 5.967 19.604 -29.462 3.742 
3 16 16.885 -29.464 3.742 19.604 -29.462 3.742 16.868 -26.356 5.967 
3 16 20.251 -26.452 5.906 19.604 -29.462 3.742 19.845 -28.5 4 
3 16 20.251 -26.452 5.906 19.845 -28.5 4 20.298 -26.5 3.464 
3 16 16.605 -24.5 0 16.694 -25.036 2 16.451 -21.427 8.442 
3 16 16.694 -25.036 2 16.832 -26.5 3.464 16.451 -21.427 8.442 
3 16 16.868 -26.356 5.967 16.451 -21.427 8.442 16.832 -26.5 3.464 
3 16 20.708 -24.5 0 20.912 -21.945 8.304 20.586 -25.036 2 
3 16 20.586 -25.036 2 20.912 -21.945 8.304 20.298 -26.5 3.464 
3 16 20.251 -26.452 5.906 20.298 -26.5 3.464 20.912 -21.945 8.304 
3 16 22.044 -19.973 0 22.042 -19.95 1.325 21.252 -19.973 0 
3 16 21.252 -19.973 0 22.042 -19.95 1.325 21.16 -19.873 5.72 
3 16 22.61 -19.873 5.72 21.16 -19.873 5.72 22.841 -19.941 1.325 
3 16 21.16 -19.873 5.72 22.042 -19.95 1.325 22.841 -19.941 1.325 
3 16 22.843 -19.964 0 23.776 -19.726 0 22.841 -19.941 1.325 
3 16 23.776 -19.726 0 23.761 -19.707 1.325 22.841 -19.941 1.325 
3 16 23.798 -19.605 5.751 22.61 -19.873 5.72 23.761 -19.707 1.325 
3 16 22.61 -19.873 5.72 22.841 -19.941 1.325 23.761 -19.707 1.325 
3 16 24.46 -19.298 0 24.755 -18.855 5.84 24.446 -19.28 1.325 
3 16 23.798 -19.605 5.751 24.446 -19.28 1.325 24.755 -18.855 5.84 
3 16 24.446 -19.28 1.325 23.798 -19.605 5.751 23.761 -19.707 1.325 
3 16 25.062 -18.598 0 25.038 -18.594 1.325 24.755 -18.855 5.84 
3 16 24.755 -18.855 5.84 25.038 -18.594 1.325 25.364 -17.836 1.325 
3 16 25.062 -18.598 0 24.755 -18.855 5.84 24.46 -19.298 0 
3 16 25.364 -17.836 1.325 28.955 -3.111 8.204 25.296 -17.776 5.967 
3 16 25.296 -17.776 5.967 24.755 -18.855 5.84 25.364 -17.836 1.325 
3 16 20.912 -21.945 8.304 20.708 -24.5 0 21.252 -19.973 0 
3 16 16.216 -19.973 0 16.605 -24.5 0 16.451 -21.427 8.442 
3 16 29.039 -3.111 0 28.955 -3.111 8.204 25.372 -17.801 0 
3 16 25.364 -17.836 1.325 25.372 -17.801 0 28.955 -3.111 8.204 
3 16 28.876 -1.638 8.31 28.955 -3.111 8.204 29.019 -1.622 0 
3 16 28.955 -3.111 8.204 29.039 -3.111 0 29.019 -1.622 0 
3 16 16.311 -18.045 7.985 16.278 -18.305 6.022 16.281 -18.654 5.969 
3 16 16.451 -21.427 8.442 16.868 -26.356 5.967 20.912 -21.945 8.304 
3 16 20.912 -21.945 8.304 16.868 -26.356 5.967 20.251 -26.452 5.906 
3 16 21.202 -18.331 8.965 16.451 -21.427 8.442 20.912 -21.945 8.304 
3 16 16.311 -19.873 5.72 16.451 -21.427 8.442 16.303 -19.363 6.333 
3 16 16.216 -19.973 0 16.451 -21.427 8.442 16.311 -19.873 5.72 
3 16 21.202 -18.331 8.965 16.337 -17.151 9.095 16.451 -21.427 8.442 
3 16 16.337 -17.151 9.095 16.326 -17.395 8.621 16.451 -21.427 8.442 
3 16 16.326 -17.395 8.621 16.311 -18.045 7.985 16.451 -21.427 8.442 
3 16 16.281 -18.654 5.969 16.303 -19.363 6.333 16.311 -18.045 7.985 
3 16 16.451 -21.427 8.442 16.311 -18.045 7.985 16.303 -19.363 6.333 
3 16 21.202 -18.331 8.965 16.544 -11.418 9.482 16.337 -17.151 9.095 
3 16 21.202 -18.331 8.965 21.45 -11.791 9.475 16.544 -11.418 9.482 
3 16 16.544 -11.418 9.482 16.528 -11.4 8.539 16.337 -17.151 9.095 
3 16 16.326 -17.395 8.621 16.337 -17.151 9.095 16.331 -16.622 8.142 
3 16 16.337 -17.151 9.095 16.528 -11.4 8.539 16.331 -16.622 8.142 
3 16 16.528 -11.4 8.539 16.544 -11.418 9.482 20.883 -11.731 8.514 
3 16 21.45 -11.791 9.475 21.458 -11.784 9.039 16.544 -11.418 9.482 
3 16 16.544 -11.418 9.482 21.458 -11.784 9.039 20.883 -11.731 8.514 
3 16 21.45 -11.791 9.475 21.347 -14.308 8.75 21.458 -11.784 9.039 
3 16 21.45 -11.791 9.475 21.202 -18.331 8.965 21.347 -14.308 8.75 
3 16 21.347 -14.308 8.75 21.202 -18.331 8.965 21.33 -14.825 8.631 
3 16 21.33 -14.825 8.631 21.202 -18.331 8.965 21.309 -15.855 8.061 
3 16 21.214 -18.945 6.276 21.202 -18.331 8.965 21.186 -19.363 6.333 
3 16 21.202 -18.331 8.965 20.912 -21.945 8.304 21.186 -19.363 6.333 
3 16 21.237 -18.654 5.969 21.202 -18.331 8.965 21.214 -18.945 6.276 
3 16 21.237 -18.654 5.969 21.338 -15.86 6.393 21.202 -18.331 8.965 
3 16 21.202 -18.331 8.965 21.338 -15.86 6.393 21.309 -15.855 8.061 
3 16 21.16 -19.873 5.72 20.912 -21.945 8.304 21.252 -19.973 0 
3 16 21.164 -19.726 6.116 20.912 -21.945 8.304 21.16 -19.873 5.72 
3 16 21.164 -19.726 6.116 21.186 -19.363 6.333 20.912 -21.945 8.304 
3 16 16.331 -16.622 8.142 3.669 -16.622 8.142 16.326 -17.395 8.621 
3 16 3.674 -17.395 8.621 16.326 -17.395 8.621 3.669 -16.622 8.142 
3 16 3.697 -19.363 6.333 16.303 -19.363 6.333 3.719 -18.654 5.969 
3 16 16.303 -19.363 6.333 16.281 -18.654 5.969 3.719 -18.654 5.969 
3 16 3.689 -19.873 5.72 16.311 -19.873 5.72 3.697 -19.363 6.333 
3 16 16.311 -19.873 5.72 16.303 -19.363 6.333 3.697 -19.363 6.333 
3 16 16.311 -19.873 5.72 3.689 -19.873 5.72 16.216 -19.973 0 
3 16 3.784 -19.973 0 16.216 -19.973 0 3.689 -19.873 5.72 
3 16 22.878 -3.054 9.706 22.24 -2.811 9.725 22.371 -3.659 9.128 
3 16 22.08 -3.524 9.138 22.371 -3.659 9.128 22.24 -2.811 9.725 
3 16 22.878 -3.054 9.706 22.371 -3.659 9.128 23.302 -3.581 9.666 
3 16 22.371 -3.659 9.128 22.576 -3.909 9.109 23.302 -3.581 9.666 
3 16 23.398 -4.258 9.616 23.302 -3.581 9.666 22.653 -4.223 9.085 
3 16 22.576 -3.909 9.109 22.653 -4.223 9.085 23.302 -3.581 9.666 
3 16 23.398 -4.258 9.616 22.653 -4.223 9.085 21.458 -11.784 9.039 
3 16 20.883 -11.731 8.514 21.458 -11.784 9.039 22.653 -4.223 9.085 
3 16 21.16 -19.873 5.72 22.61 -19.873 5.72 21.164 -19.726 6.116 
3 16 22.61 -19.873 5.72 22.61 -19.726 6.116 21.164 -19.726 6.116 
3 16 23.798 -19.605 5.751 23.711 -19.482 6.15 22.61 -19.873 5.72 
3 16 22.61 -19.873 5.72 23.711 -19.482 6.15 22.61 -19.726 6.116 
3 16 25.296 -17.776 5.967 25.128 -17.796 6.372 24.755 -18.855 5.84 
3 16 24.755 -18.855 5.84 25.128 -17.796 6.372 24.606 -18.795 6.24 
3 16 25.128 -17.796 6.372 25.296 -17.776 5.967 28.792 -3.116 8.605 
3 16 28.792 -3.116 8.605 25.296 -17.776 5.967 28.955 -3.111 8.204 
3 16 28.876 -1.638 8.31 28.73 -1.746 8.751 28.955 -3.111 8.204 
3 16 28.955 -3.111 8.204 28.73 -1.746 8.751 28.792 -3.116 8.605 
3 16 24.755 -18.855 5.84 24.606 -18.795 6.24 23.798 -19.605 5.751 
3 16 23.711 -19.482 6.15 23.798 -19.605 5.751 24.606 -18.795 6.24 
3 16 27.361 -1.397 8.974 26.45 -1.107 9.019 27.174 -1.605 8.556 
3 16 26.45 -1.107 9.019 26.425 -1.366 8.592 27.174 -1.605 8.556 
3 16 27.361 -1.397 8.974 27.174 -1.605 8.556 27.914 -2.096 8.858 
3 16 27.174 -1.605 8.556 27.644 -2.167 8.471 27.914 -2.096 8.858 
3 16 27.914 -2.096 8.858 27.644 -2.167 8.471 27.997 -2.979 8.707 
3 16 27.644 -2.167 8.471 27.751 -2.903 8.359 27.997 -2.979 8.707 
3 16 27.997 -2.979 8.707 27.751 -2.903 8.359 24.333 -17.614 6.488 
3 16 27.751 -2.903 8.359 24.086 -17.499 6.144 24.333 -17.614 6.488 
3 16 24.333 -17.614 6.488 24.086 -17.499 6.144 23.977 -18.302 6.377 
3 16 24.086 -17.499 6.144 23.786 -18.095 6.054 23.977 -18.302 6.377 
3 16 23.977 -18.302 6.377 23.786 -18.095 6.054 23.364 -18.774 6.301 
3 16 23.786 -18.095 6.054 23.26 -18.507 5.991 23.364 -18.774 6.301 
3 16 22.61 -18.945 6.276 23.364 -18.774 6.301 22.609 -18.654 5.969 
3 16 23.364 -18.774 6.301 23.26 -18.507 5.991 22.609 -18.654 5.969 
3 16 21.214 -18.945 6.276 22.61 -18.945 6.276 21.237 -18.654 5.969 
3 16 22.609 -18.654 5.969 21.237 -18.654 5.969 22.61 -18.945 6.276 
3 16 21.338 -15.86 6.393 24.041 -4.271 8.151 21.309 -15.855 8.061 
3 16 21.309 -15.855 8.061 24.041 -4.271 8.151 24.006 -4.359 8.939 
3 16 24.041 -4.271 8.151 23.96 -3.204 8.313 24.006 -4.359 8.939 
3 16 24.006 -4.359 8.939 23.96 -3.204 8.313 23.937 -3.291 8.968 
3 16 23.96 -3.204 8.313 23.292 -2.374 8.439 23.937 -3.291 8.968 
3 16 23.937 -3.291 8.968 23.292 -2.374 8.439 23.26 -2.435 9.026 
3 16 22.257 -2.057 8.487 22.231 -2.124 9.088 23.292 -2.374 8.439 
3 16 23.26 -2.435 9.026 23.292 -2.374 8.439 22.231 -2.124 9.088 
3 16 22.257 -2.057 8.487 -2.257 -2.057 8.487 22.231 -2.124 9.088 
3 16 -2.231 -2.124 9.088 22.231 -2.124 9.088 -2.257 -2.057 8.487 
3 16 -2.24 -2.811 9.725 22.24 -2.811 9.725 -2.231 -2.124 9.088 
3 16 22.24 -2.811 9.725 22.231 -2.124 9.088 -2.231 -2.124 9.088 
3 16 21.458 -11.784 9.039 21.347 -14.308 8.75 23.398 -4.258 9.616 
3 16 23.398 -4.258 9.616 21.347 -14.308 8.75 21.33 -14.825 8.631 
3 16 21.309 -15.855 8.061 24.006 -4.359 8.939 21.33 -14.825 8.631 
3 16 23.398 -4.258 9.616 21.33 -14.825 8.631 24.006 -4.359 8.939 
3 16 21.186 -19.363 6.333 22.61 -19.363 6.333 21.214 -18.945 6.276 
3 16 21.214 -18.945 6.276 22.61 -19.363 6.333 22.61 -18.945 6.276 
3 16 21.164 -19.726 6.116 22.61 -19.726 6.116 21.186 -19.363 6.333 
3 16 22.61 -19.363 6.333 21.186 -19.363 6.333 22.61 -19.726 6.116 
3 16 24.006 -4.359 8.939 23.937 -3.291 8.968 23.398 -4.258 9.616 
3 16 23.398 -4.258 9.616 23.937 -3.291 8.968 23.302 -3.581 9.666 
3 16 23.26 -2.435 9.026 22.231 -2.124 9.088 22.878 -3.054 9.706 
3 16 22.231 -2.124 9.088 22.24 -2.811 9.725 22.878 -3.054 9.706 
3 16 23.937 -3.291 8.968 23.26 -2.435 9.026 23.302 -3.581 9.666 
3 16 23.26 -2.435 9.026 22.878 -3.054 9.706 23.302 -3.581 9.666 
3 16 26.464 -0.181 8.937 -6.464 -0.181 8.937 26.461 -0.628 9.158 
3 16 -6.461 -0.628 9.158 26.461 -0.628 9.158 -6.464 -0.181 8.937 
3 16 26.461 -0.628 9.158 -6.461 -0.628 9.158 26.45 -1.107 9.019 
3 16 -6.45 -1.107 9.019 26.45 -1.107 9.019 -6.461 -0.628 9.158 
3 16 27.959 -0.451 8.409 27.886 -0.624 8.876 28.876 -1.638 8.31 
3 16 28.876 -1.638 8.31 27.886 -0.624 8.876 28.73 -1.746 8.751 
3 16 26.464 -0.181 8.937 26.461 -0.628 9.158 27.886 -0.624 8.876 
3 16 26.461 -0.628 9.158 27.646 -1.003 9.102 27.886 -0.624 8.876 
3 16 26.461 -0.628 9.158 26.45 -1.107 9.019 27.646 -1.003 9.102 
3 16 26.45 -1.107 9.019 27.361 -1.397 8.974 27.646 -1.003 9.102 
3 16 28.347 -1.929 8.969 27.914 -2.096 8.858 28.411 -3.063 8.805 
3 16 27.914 -2.096 8.858 27.997 -2.979 8.707 28.411 -3.063 8.805 
3 16 27.646 -1.003 9.102 27.361 -1.397 8.974 28.347 -1.929 8.969 
3 16 27.914 -2.096 8.858 28.347 -1.929 8.969 27.361 -1.397 8.974 
3 16 28.73 -1.746 8.751 28.347 -1.929 8.969 28.792 -3.116 8.605 
3 16 28.347 -1.929 8.969 28.411 -3.063 8.805 28.792 -3.116 8.605 
3 16 27.886 -0.624 8.876 27.646 -1.003 9.102 28.73 -1.746 8.751 
3 16 28.347 -1.929 8.969 28.73 -1.746 8.751 27.646 -1.003 9.102 
3 16 28.792 -3.116 8.605 28.411 -3.063 8.805 25.128 -17.796 6.372 
3 16 25.128 -17.796 6.372 28.411 -3.063 8.805 24.746 -17.731 6.578 
3 16 28.411 -3.063 8.805 27.997 -2.979 8.707 24.746 -17.731 6.578 
3 16 27.997 -2.979 8.707 24.333 -17.614 6.488 24.746 -17.731 6.578 
3 16 25.128 -17.796 6.372 24.746 -17.731 6.578 24.606 -18.795 6.24 
3 16 24.746 -17.731 6.578 24.3 -18.577 6.452 24.606 -18.795 6.24 
3 16 24.746 -17.731 6.578 24.333 -17.614 6.488 24.3 -18.577 6.452 
3 16 24.333 -17.614 6.488 23.977 -18.302 6.377 24.3 -18.577 6.452 
3 16 23.54 -19.156 6.365 23.364 -18.774 6.301 22.61 -19.363 6.333 
3 16 23.364 -18.774 6.301 22.61 -18.945 6.276 22.61 -19.363 6.333 
3 16 24.3 -18.577 6.452 23.977 -18.302 6.377 23.54 -19.156 6.365 
3 16 23.364 -18.774 6.301 23.54 -19.156 6.365 23.977 -18.302 6.377 
3 16 23.711 -19.482 6.15 23.54 -19.156 6.365 22.61 -19.726 6.116 
3 16 23.54 -19.156 6.365 22.61 -19.363 6.333 22.61 -19.726 6.116 
3 16 24.606 -18.795 6.24 24.3 -18.577 6.452 23.711 -19.482 6.15 
3 16 23.54 -19.156 6.365 23.711 -19.482 6.15 24.3 -18.577 6.452 
3 16 14.272 -5.25 2.5 14.587 -5.25 3.125 19.539 -5.25 2.5 
3 16 14.587 -5.25 3.125 16.875 -5.25 5.413 19.539 -5.25 2.5 
3 16 16.875 -5.25 5.413 20 -5.25 6.25 19.539 -5.25 2.5 
3 16 14.272 -5.25 -2.5 19.539 -5.25 -2.5 14.587 -5.25 -3.125 
3 16 14.587 -5.25 -3.125 19.539 -5.25 -2.5 16.875 -5.25 -5.413 
3 16 16.875 -5.25 -5.413 19.539 -5.25 -2.5 20 -5.25 -6.25 
3 16 20 -5.25 6.25 23.125 -5.25 5.413 19.539 -5.25 2.5 
3 16 20 -5.25 -6.25 19.539 -5.25 -2.5 23.125 -5.25 -5.413 
3 16 23.125 -5.25 5.413 25.412 -5.25 3.125 19.539 -5.25 2.5 
3 16 19.539 -5.25 2.5 25.412 -5.25 3.125 19.539 -5.25 -2.5 
3 16 19.539 -5.25 -2.5 25.412 -5.25 3.125 25.412 -5.25 -3.125 
3 16 25.412 -5.25 3.125 26.25 -5.25 0 25.412 -5.25 -3.125 
3 16 19.539 -5.25 -2.5 25.412 -5.25 -3.125 23.125 -5.25 -5.413 
3 16 17.71 -12.5 -2.5 17.71 -12.5 2.5 19.539 -5.25 -2.5 
3 16 17.71 -12.5 2.5 19.539 -5.25 2.5 19.539 -5.25 -2.5 
3 16 28.102 -0.445 0 27.959 -0.451 8.409 29.019 -1.622 0 
3 16 29.019 -1.622 0 27.959 -0.451 8.409 28.876 -1.638 8.31 
3 16 21.75 -31.964 2 21.75 -30.5 3.464 -1.75 -31.964 2 
3 16 21.75 -30.5 3.464 -1.75 -30.5 3.464 -1.75 -31.964 2 
3 16 21.75 -30.5 3.464 21.75 -28.5 4 -1.75 -30.5 3.464 
3 16 21.75 -28.5 4 -1.75 -28.5 4 -1.75 -30.5 3.464 
3 16 21.75 -28.5 4 21.75 -26.5 3.464 -1.75 -28.5 4 
3 16 21.75 -26.5 3.464 -1.75 -26.5 3.464 -1.75 -28.5 4 
3 16 21.75 -26.5 3.464 21.75 -25.036 2 -1.75 -26.5 3.464 
3 16 21.75 -25.036 2 -1.75 -25.036 2 -1.75 -26.5 3.464 
3 16 21.75 -25.036 2 21.75 -24.5 0 -1.75 -25.036 2 
3 16 21.75 -24.5 0 -1.75 -24.5 0 -1.75 -25.036 2 
3 16 21.75 -24.5 0 21.75 -25.036 -2 -1.75 -24.5 0 
3 16 21.75 -25.036 -2 -1.75 -25.036 -2 -1.75 -24.5 0 
3 16 21.75 -25.036 -2 21.75 -26.5 -3.464 -1.75 -25.036 -2 
3 16 21.75 -26.5 -3.464 -1.75 -26.5 -3.464 -1.75 -25.036 -2 
3 16 21.75 -26.5 -3.464 21.75 -28.5 -4 -1.75 -26.5 -3.464 
3 16 21.75 -28.5 -4 -1.75 -28.5 -4 -1.75 -26.5 -3.464 
3 16 21.75 -28.5 -4 21.75 -30.5 -3.464 -1.75 -28.5 -4 
3 16 21.75 -30.5 -3.464 -1.75 -30.5 -3.464 -1.75 -28.5 -4 
3 16 21.75 -30.5 -3.464 21.75 -31.964 -2 -1.75 -30.5 -3.464 
3 16 21.75 -31.964 -2 -1.75 -31.964 -2 -1.75 -30.5 -3.464 
3 16 21.75 -31.964 -2 21.75 -32.5 0 -1.75 -31.964 -2 
3 16 21.75 -32.5 0 -1.75 -32.5 0 -1.75 -31.964 -2 
3 16 21.75 -32.5 0 21.75 -31.964 2 -1.75 -32.5 0 
3 16 21.75 -31.964 2 -1.75 -31.964 2 -1.75 -32.5 0 
3 16 21.75 -30.5 -3.464 21.75 -30.5 3.464 21.75 -31.964 2 
3 16 21.75 -31.964 2 21.75 -32.5 0 21.75 -31.964 -2 
3 16 21.75 -31.964 2 21.75 -31.964 -2 21.75 -30.5 -3.464 
3 16 21.75 -30.5 -3.464 21.75 -28.5 -4 21.75 -30.5 3.464 
3 16 21.75 -30.5 3.464 21.75 -28.5 -4 21.75 -28.5 4 
3 16 21.75 -28.5 -4 21.75 -26.5 -3.464 21.75 -28.5 4 
3 16 21.75 -25.036 -2 21.75 -26.5 3.464 21.75 -26.5 -3.464 
3 16 21.75 -25.036 -2 21.75 -24.5 0 21.75 -25.036 2 
3 16 21.75 -26.5 3.464 21.75 -25.036 -2 21.75 -25.036 2 
3 16 21.75 -26.5 -3.464 21.75 -26.5 3.464 21.75 -28.5 4 
3 16 -1.75 -31.964 -2 -1.75 -32.5 0 -1.75 -31.964 2 
3 16 -1.75 -30.5 3.464 -1.75 -30.5 -3.464 -1.75 -31.964 2 
3 16 -1.75 -30.5 -3.464 -1.75 -30.5 3.464 -1.75 -28.5 -4 
3 16 -1.75 -26.5 -3.464 -1.75 -28.5 4 -1.75 -26.5 3.464 
3 16 -1.75 -26.5 3.464 -1.75 -25.036 -2 -1.75 -26.5 -3.464 
3 16 -1.75 -25.036 2 -1.75 -24.5 0 -1.75 -25.036 -2 
3 16 -1.75 -26.5 3.464 -1.75 -25.036 2 -1.75 -25.036 -2 
3 16 -1.75 -28.5 4 -1.75 -26.5 -3.464 -1.75 -28.5 -4 
3 16 -1.75 -28.5 -4 -1.75 -30.5 3.464 -1.75 -28.5 4 
3 16 -1.75 -31.964 2 -1.75 -30.5 -3.464 -1.75 -31.964 -2 
3 16 28.646 -9.88 0 28.46 -10.474 -2.141 27.425 -9.572 0 
3 16 27.262 -10.152 -2.121 27.425 -9.572 0 28.46 -10.474 -2.141 
3 16 28.46 -10.474 2.049 28.646 -9.88 0 27.262 -10.152 2.029 
3 16 27.425 -9.572 0 27.262 -10.152 2.029 28.646 -9.88 0 
3 16 27.262 -10.152 2.029 26.938 -11.508 2.618 28.46 -10.474 2.049 
3 16 26.938 -11.508 2.618 28.028 -11.855 2.616 28.46 -10.474 2.049 
3 16 26.938 -11.508 2.618 26.592 -12.909 2.189 28.028 -11.855 2.616 
3 16 26.592 -12.909 2.189 27.608 -13.2 2.176 28.028 -11.855 2.616 
3 16 26.592 -12.909 2.189 26.265 -14.227 1.87 27.608 -13.2 2.176 
3 16 27.608 -13.2 2.176 26.265 -14.227 1.87 27.222 -14.433 1.878 
3 16 27.222 -14.433 1.878 26.265 -14.227 1.87 27.004 -15.131 1.613 
3 16 26.265 -14.227 1.87 26.096 -14.918 1.603 27.004 -15.131 1.613 
3 16 26.096 -14.918 1.603 25.977 -15.354 1 27.004 -15.131 1.613 
3 16 27.004 -15.131 1.613 25.977 -15.354 1 26.864 -15.578 1 
3 16 26.864 -15.578 1 25.977 -15.354 1 25.944 -15.516 0 
3 16 26.864 -15.578 1 25.944 -15.516 0 26.809 -15.734 0 
3 16 26.864 -15.578 -1 26.809 -15.734 0 25.977 -15.354 -1 
3 16 25.977 -15.354 -1 26.809 -15.734 0 25.944 -15.516 0 
3 16 27.004 -15.131 -1.613 26.864 -15.578 -1 26.096 -14.918 -1.603 
3 16 26.864 -15.578 -1 25.977 -15.354 -1 26.096 -14.918 -1.603 
3 16 26.809 -15.734 0 26.864 -15.578 -1 26.864 -15.578 1 
3 16 27.004 -15.131 1.613 26.864 -15.578 1 27.004 -15.131 -1.613 
3 16 26.864 -15.578 1 26.864 -15.578 -1 27.004 -15.131 -1.613 
3 16 28.646 -9.88 0 28.46 -10.474 2.049 28.46 -10.474 -2.141 
3 16 28.028 -11.855 2.616 28.028 -11.855 -2.616 28.46 -10.474 2.049 
3 16 28.46 -10.474 2.049 28.028 -11.855 -2.616 28.46 -10.474 -2.141 
3 16 28.028 -11.855 2.616 27.608 -13.2 2.176 28.028 -11.855 -2.616 
3 16 27.608 -13.2 2.176 27.608 -13.2 -2.176 28.028 -11.855 -2.616 
3 16 27.608 -13.2 2.176 27.222 -14.433 1.878 27.608 -13.2 -2.176 
3 16 27.222 -14.433 1.878 27.222 -14.433 -1.878 27.608 -13.2 -2.176 
3 16 27.222 -14.433 1.878 27.004 -15.131 1.613 27.222 -14.433 -1.878 
3 16 27.004 -15.131 1.613 27.004 -15.131 -1.613 27.222 -14.433 -1.878 
3 16 28.46 -10.474 -2.141 28.028 -11.855 -2.616 27.262 -10.152 -2.121 
3 16 26.938 -11.508 -2.618 27.262 -10.152 -2.121 28.028 -11.855 -2.616 
3 16 26.938 -11.508 -2.618 28.028 -11.855 -2.616 26.592 -12.909 -2.189 
3 16 26.592 -12.909 -2.189 28.028 -11.855 -2.616 27.608 -13.2 -2.176 
3 16 26.592 -12.909 -2.189 27.608 -13.2 -2.176 26.265 -14.227 -1.87 
3 16 27.608 -13.2 -2.176 27.222 -14.433 -1.878 26.265 -14.227 -1.87 
3 16 27.222 -14.433 -1.878 27.004 -15.131 -1.613 26.265 -14.227 -1.87 
3 16 27.004 -15.131 -1.613 26.096 -14.918 -1.603 26.265 -14.227 -1.87 
2 24 -3.151 -3.163 -9.166 23.151 -3.163 -9.166 
2 24 -0.822 -16.983 -8.115 -3.151 -3.163 -9.166 
2 24 23.151 -3.163 -9.166 20.822 -16.983 -8.115 
2 24 20.822 -16.983 -8.115 -0.822 -16.983 -8.115 
2 24 -8.241 -1.135 -8.627 28.194 -1.135 -8.627 
2 24 -3.829 -18.905 -5.931 -8.241 -1.135 -8.627 
2 24 23.867 -18.905 -5.931 -3.829 -18.905 -5.931 
2 24 28.194 -1.135 -8.627 23.867 -18.905 -5.931 
2 24 -3.151 -3.163 9.166 -0.822 -16.983 8.115 
2 24 23.151 -3.163 9.166 -3.151 -3.163 9.166 
2 24 -0.822 -16.983 8.115 20.822 -16.983 8.115 
2 24 20.822 -16.983 8.115 23.151 -3.163 9.166 
2 24 -8.241 -1.135 8.627 -3.829 -18.905 5.931 
2 24 28.194 -1.135 8.627 -8.241 -1.135 8.627 
2 24 23.867 -18.905 5.931 28.194 -1.135 8.627 
2 24 -3.829 -18.905 5.931 23.867 -18.905 5.931 
2 24 25.62 -16.826 -1.325 25.81 -16.072 -1.325 
2 24 26.169 -16.917 -1.325 25.62 -16.826 -1.325 
2 24 25.81 -16.072 -1.325 26.34 -16.16 -1.325 
2 24 26.34 -16.16 -1.325 26.169 -16.917 -1.325 
2 24 26.169 -16.917 -1.325 26.169 -16.917 1.325 
2 24 26.169 -16.917 1.325 25.62 -16.826 1.325 
2 24 25.62 -16.826 1.325 25.62 -16.826 -1.325 
2 24 25.81 -16.072 1.325 25.62 -16.826 1.325 
2 24 26.169 -16.917 1.325 26.34 -16.16 1.325 
2 24 26.34 -16.16 1.325 25.81 -16.072 1.325 
2 24 26.34 -16.16 -1.325 26.34 -16.16 1.325 
2 24 25.81 -16.072 -1.325 25.81 -16.072 1.325 
2 24 25.038 -18.594 -1.325 25.364 -17.836 -1.325 
2 24 25.712 -18.701 -1.325 25.038 -18.594 -1.325 
2 24 25.364 -17.836 -1.325 25.926 -17.925 -1.325 
2 24 25.926 -17.925 -1.325 25.712 -18.701 -1.325 
2 24 25.038 -18.594 1.325 25.038 -18.594 -1.325 
2 24 25.712 -18.701 1.325 25.038 -18.594 1.325 
2 24 25.712 -18.701 -1.325 25.712 -18.701 1.325 
2 24 25.926 -17.925 -1.325 25.926 -17.925 1.325 
2 24 25.926 -17.925 1.325 25.712 -18.701 1.325 
2 24 25.364 -17.836 1.325 25.038 -18.594 1.325 
2 24 25.926 -17.925 1.325 25.364 -17.836 1.325 
2 24 25.364 -17.836 -1.325 25.364 -17.836 1.325 
2 24 24.446 -19.28 -1.325 24.906 -19.841 -1.325 
2 24 24.906 -19.841 -1.325 24.23 -20.278 -1.325 
2 24 23.761 -19.707 1.325 23.761 -19.707 -1.325 
2 24 24.23 -20.278 1.325 23.761 -19.707 1.325 
2 24 23.761 -19.707 -1.325 24.23 -20.278 -1.325 
2 24 24.23 -20.278 -1.325 24.23 -20.278 1.325 
2 24 23.761 -19.707 -1.325 24.446 -19.28 -1.325 
2 24 24.906 -19.841 -1.325 24.906 -19.841 1.325 
2 24 24.906 -19.841 1.325 24.23 -20.278 1.325 
2 24 24.446 -19.28 -1.325 24.446 -19.28 1.325 
2 24 24.446 -19.28 1.325 24.906 -19.841 1.325 
2 24 24.446 -19.28 1.325 23.761 -19.707 1.325 
2 24 22.042 -19.95 1.325 22.042 -19.95 -1.325 
2 24 22.112 -20.725 1.325 22.042 -19.95 1.325 
2 24 22.042 -19.95 -1.325 22.112 -20.725 -1.325 
2 24 22.112 -20.725 -1.325 22.112 -20.725 1.325 
2 24 22.912 -20.725 -1.325 22.112 -20.725 -1.325 
2 24 22.841 -19.941 -1.325 22.912 -20.725 -1.325 
2 24 22.042 -19.95 -1.325 22.841 -19.941 -1.325 
2 24 22.912 -20.725 -1.325 22.912 -20.725 1.325 
2 24 22.912 -20.725 1.325 22.112 -20.725 1.325 
2 24 22.841 -19.941 -1.325 22.841 -19.941 1.325 
2 24 22.841 -19.941 1.325 22.912 -20.725 1.325 
2 24 22.841 -19.941 1.325 22.042 -19.95 1.325 
2 24 -7.7 -12.581 -2.125 -6.737 -12.338 -2.125 
2 24 -6.472 -15.662 -1.575 -7.7 -12.581 -2.125 
2 24 -5.942 -15.528 -1.575 -6.472 -15.662 -1.575 
2 24 -6.737 -12.338 -2.125 -5.942 -15.528 -1.575 
2 24 -7.7 -12.581 -2.125 -7.7 -12.581 2.125 
2 24 -7.7 -12.581 2.125 -6.737 -12.338 2.125 
2 24 -6.737 -12.338 2.125 -6.737 -12.338 -2.125 
2 24 -6.472 -15.662 1.575 -6.472 -15.662 -1.575 
2 24 -5.942 -15.528 -1.575 -5.942 -15.528 1.575 
2 24 -5.942 -15.528 1.575 -6.472 -15.662 1.575 
2 24 -7.7 -12.581 2.125 -6.472 -15.662 1.575 
2 24 -5.942 -15.528 1.575 -6.737 -12.338 2.125 
2 24 -5.62 -16.826 -1.325 -6.169 -16.917 -1.325 
2 24 -5.81 -16.072 -1.325 -5.62 -16.826 -1.325 
2 24 -6.169 -16.917 -1.325 -6.34 -16.16 -1.325 
2 24 -6.34 -16.16 -1.325 -5.81 -16.072 -1.325 
2 24 -6.169 -16.917 1.325 -6.169 -16.917 -1.325 
2 24 -5.62 -16.826 -1.325 -5.62 -16.826 1.325 
2 24 -5.62 -16.826 1.325 -6.169 -16.917 1.325 
2 24 -5.62 -16.826 1.325 -5.81 -16.072 1.325 
2 24 -5.81 -16.072 1.325 -6.34 -16.16 1.325 
2 24 -6.34 -16.16 1.325 -6.169 -16.917 1.325 
2 24 -6.34 -16.16 1.325 -6.34 -16.16 -1.325 
2 24 -5.81 -16.072 1.325 -5.81 -16.072 -1.325 
2 24 -5.038 -18.594 -1.325 -5.713 -18.701 -1.325 
2 24 -5.364 -17.836 -1.325 -5.038 -18.594 -1.325 
2 24 -5.713 -18.701 -1.325 -5.926 -17.925 -1.325 
2 24 -5.926 -17.925 -1.325 -5.364 -17.836 -1.325 
2 24 -5.038 -18.594 1.325 -5.713 -18.701 1.325 
2 24 -5.038 -18.594 -1.325 -5.038 -18.594 1.325 
2 24 -5.713 -18.701 1.325 -5.713 -18.701 -1.325 
2 24 -5.926 -17.925 1.325 -5.926 -17.925 -1.325 
2 24 -5.713 -18.701 1.325 -5.926 -17.925 1.325 
2 24 -5.038 -18.594 1.325 -5.364 -17.836 1.325 
2 24 -5.364 -17.836 1.325 -5.926 -17.925 1.325 
2 24 -5.364 -17.836 1.325 -5.364 -17.836 -1.325 
2 24 -4.23 -20.278 -1.325 -4.906 -19.841 -1.325 
2 24 -4.906 -19.841 -1.325 -4.446 -19.28 -1.325 
2 24 -3.761 -19.707 1.325 -4.23 -20.278 1.325 
2 24 -3.761 -19.707 -1.325 -3.761 -19.707 1.325 
2 24 -4.23 -20.278 1.325 -4.23 -20.278 -1.325 
2 24 -4.23 -20.278 -1.325 -3.761 -19.707 -1.325 
2 24 -4.446 -19.28 -1.325 -3.761 -19.707 -1.325 
2 24 -4.23 -20.278 1.325 -4.906 -19.841 1.325 
2 24 -4.906 -19.841 1.325 -4.906 -19.841 -1.325 
2 24 -4.446 -19.28 1.325 -4.446 -19.28 -1.325 
2 24 -4.906 -19.841 1.325 -4.446 -19.28 1.325 
2 24 -3.761 -19.707 1.325 -4.446 -19.28 1.325 
2 24 -2.042 -19.95 1.325 -2.112 -20.725 1.325 
2 24 -2.042 -19.95 -1.325 -2.042 -19.95 1.325 
2 24 -2.112 -20.725 1.325 -2.112 -20.725 -1.325 
2 24 -2.112 -20.725 -1.325 -2.042 -19.95 -1.325 
2 24 -2.841 -19.941 -1.325 -2.042 -19.95 -1.325 
2 24 -2.112 -20.725 -1.325 -2.913 -20.725 -1.325 
2 24 -2.913 -20.725 -1.325 -2.841 -19.941 -1.325 
2 24 -2.112 -20.725 1.325 -2.913 -20.725 1.325 
2 24 -2.913 -20.725 1.325 -2.913 -20.725 -1.325 
2 24 -2.841 -19.941 1.325 -2.841 -19.941 -1.325 
2 24 -2.913 -20.725 1.325 -2.841 -19.941 1.325 
2 24 -2.042 -19.95 1.325 -2.841 -19.941 1.325 
2 24 -5.412 0 -3.125 -3.125 0 -5.413 
2 24 -6.25 0 0 -5.412 0 -3.125 
2 24 -3.125 0 -5.413 0 0 -6.25 
2 24 16.875 0 -5.413 20 0 -6.25 
2 24 0 0 -6.25 3.125 0 -5.413 
2 24 14.587 0 -3.125 16.875 0 -5.413 
2 24 3.125 0 -5.413 5.413 0 -3.125 
2 24 5.413 0 -3.125 5.728 0 -2.5 
2 24 5.728 0 -2.5 14.272 0 -2.5 
2 24 14.272 0 -2.5 14.587 0 -3.125 
2 24 20 0 -6.25 23.125 0 -5.413 
2 24 5.728 -5.25 -2.5 5.728 0 -2.5 
2 24 5.413 -5.25 -3.125 5.728 -5.25 -2.5 
2 24 3.125 -5.25 -5.413 5.413 -5.25 -3.125 
2 24 0 -5.25 -6.25 3.125 -5.25 -5.413 
2 24 -3.125 -5.25 -5.413 0 -5.25 -6.25 
2 24 -5.412 -5.25 -3.125 -3.125 -5.25 -5.413 
2 24 -6.25 -5.25 0 -5.412 -5.25 -3.125 
2 24 3.168 -26.5 -3.464 3.104 -28.5 -4 
2 24 3.104 -28.5 -4 3.115 -29.464 -3.742 
2 24 3.115 -29.464 -3.742 3.132 -26.356 -5.967 
2 24 0.396 -29.462 -3.742 -0.251 -26.452 -5.906 
2 24 3.115 -29.464 -3.742 0.396 -29.462 -3.742 
2 24 0.396 -29.462 -3.742 0.155 -28.5 -4 
2 24 0.155 -28.5 -4 -0.298 -26.5 -3.464 
2 24 3.395 -24.5 0 3.306 -25.036 -2 
2 24 3.306 -25.036 -2 3.168 -26.5 -3.464 
2 24 3.132 -26.356 -5.967 3.549 -21.427 -8.442 
2 24 -0.586 -25.036 -2 -0.708 -24.5 0 
2 24 -0.298 -26.5 -3.464 -0.586 -25.036 -2 
2 24 -0.912 -21.945 -8.304 -0.251 -26.452 -5.906 
2 24 -2.044 -19.973 0 -2.042 -19.95 -1.325 
2 24 -1.16 -19.873 -5.72 -1.252 -19.973 0 
2 24 -2.841 -19.941 -1.325 -2.843 -19.964 0 
2 24 -3.776 -19.726 0 -3.761 -19.707 -1.325 
2 24 -4.446 -19.28 -1.325 -4.46 -19.298 0 
2 24 -5.062 -18.598 0 -5.038 -18.594 -1.325 
2 24 3.689 -18.045 -7.985 3.722 -18.305 -6.022 
2 24 3.722 -18.305 -6.022 3.719 -18.654 -5.969 
2 24 -0.912 -21.945 -8.304 -1.202 -18.331 -8.965 
2 24 3.697 -19.363 -6.333 3.689 -19.873 -5.72 
2 24 3.689 -19.873 -5.72 3.784 -19.973 0 
2 24 3.663 -17.151 -9.095 3.549 -21.427 -8.442 
2 24 3.674 -17.395 -8.621 3.689 -18.045 -7.985 
2 24 3.719 -18.654 -5.969 3.697 -19.363 -6.333 
2 24 3.456 -11.418 -9.482 3.663 -17.151 -9.095 
2 24 -1.202 -18.331 -8.965 -1.45 -11.791 -9.475 
2 24 -1.45 -11.791 -9.475 3.456 -11.418 -9.482 
2 24 3.456 -11.418 -9.482 3.472 -11.4 -8.539 
2 24 3.669 -16.622 -8.142 3.674 -17.395 -8.621 
2 24 3.472 -11.4 -8.539 3.669 -16.622 -8.142 
2 24 -0.883 -11.731 -8.514 3.472 -11.4 -8.539 
2 24 -1.45 -11.791 -9.475 -1.458 -11.784 -9.039 
2 24 -1.458 -11.784 -9.039 -0.883 -11.731 -8.514 
2 24 -1.347 -14.308 -8.75 -1.458 -11.784 -9.039 
2 24 -1.33 -14.825 -8.631 -1.347 -14.308 -8.75 
2 24 -1.309 -15.855 -8.061 -1.33 -14.825 -8.631 
2 24 -1.186 -19.363 -6.333 -1.214 -18.945 -6.276 
2 24 -1.214 -18.945 -6.276 -1.237 -18.654 -5.969 
2 24 -1.237 -18.654 -5.969 -1.338 -15.86 -6.393 
2 24 -1.338 -15.86 -6.393 -1.309 -15.855 -8.061 
2 24 -1.16 -19.873 -5.72 -1.164 -19.726 -6.116 
2 24 -1.164 -19.726 -6.116 -1.186 -19.363 -6.333 
2 24 3.669 -16.622 -8.142 16.331 -16.622 -8.142 
2 24 16.331 -16.622 -8.142 16.326 -17.395 -8.621 
2 24 3.719 -18.654 -5.969 16.281 -18.654 -5.969 
2 24 16.281 -18.654 -5.969 16.303 -19.363 -6.333 
2 24 16.303 -19.363 -6.333 16.311 -19.873 -5.72 
2 24 16.311 -19.873 -5.72 16.216 -19.973 0 
2 24 -2.08 -3.524 -9.138 -2.371 -3.659 -9.128 
2 24 -2.371 -3.659 -9.128 -2.576 -3.909 -9.109 
2 24 -2.576 -3.909 -9.109 -2.653 -4.223 -9.085 
2 24 -2.653 -4.223 -9.085 -0.883 -11.731 -8.514 
2 24 -6.425 -1.366 -8.592 -7.174 -1.605 -8.556 
2 24 -7.174 -1.605 -8.556 -7.644 -2.167 -8.471 
2 24 -7.644 -2.167 -8.471 -7.751 -2.903 -8.359 
2 24 -7.751 -2.903 -8.359 -4.086 -17.499 -6.144 
2 24 -4.086 -17.499 -6.144 -3.786 -18.095 -6.054 
2 24 -3.786 -18.095 -6.054 -3.26 -18.507 -5.991 
2 24 -3.26 -18.507 -5.991 -2.609 -18.654 -5.969 
2 24 -2.609 -18.654 -5.969 -1.237 -18.654 -5.969 
2 24 -1.338 -15.86 -6.393 -4.041 -4.271 -8.151 
2 24 -4.041 -4.271 -8.151 -3.96 -3.204 -8.313 
2 24 -3.96 -3.204 -8.313 -3.292 -2.374 -8.439 
2 24 -3.292 -2.374 -8.439 -2.257 -2.057 -8.487 
2 24 -2.257 -2.057 -8.487 22.257 -2.057 -8.487 
2 24 2.29 -12.5 -2.5 2.29 -12.5 2.5 
2 24 17.71 -12.5 -2.5 2.29 -12.5 -2.5 
2 24 2.29 -12.5 2.5 17.71 -12.5 2.5 
2 24 17.71 -12.5 2.5 17.71 -12.5 -2.5 
2 24 -3.125 0 5.413 -5.412 0 3.125 
2 24 -5.412 0 3.125 -6.25 0 0 
2 24 5.728 -5.25 2.5 5.413 -5.25 3.125 
2 24 5.728 0 2.5 5.728 -5.25 2.5 
2 24 5.413 0 3.125 5.728 0 2.5 
2 24 5.413 -5.25 3.125 3.125 -5.25 5.413 
2 24 3.125 0 5.413 5.413 0 3.125 
2 24 3.125 -5.25 5.413 0 -5.25 6.25 
2 24 0 0 6.25 3.125 0 5.413 
2 24 0 -5.25 6.25 -3.125 -5.25 5.413 
2 24 -3.125 0 5.413 0 0 6.25 
2 24 -3.125 -5.25 5.413 -5.412 -5.25 3.125 
2 24 -5.412 -5.25 3.125 -6.25 -5.25 0 
2 24 3.104 -28.5 4 3.168 -26.5 3.464 
2 24 3.132 -26.356 5.967 3.115 -29.464 3.742 
2 24 3.115 -29.464 3.742 3.104 -28.5 4 
2 24 -0.251 -26.452 5.906 0.396 -29.462 3.742 
2 24 0.396 -29.462 3.742 3.115 -29.464 3.742 
2 24 0.155 -28.5 4 0.396 -29.462 3.742 
2 24 -0.298 -26.5 3.464 0.155 -28.5 4 
2 24 3.306 -25.036 2 3.395 -24.5 0 
2 24 3.168 -26.5 3.464 3.306 -25.036 2 
2 24 3.549 -21.427 8.442 3.132 -26.356 5.967 
2 24 -0.708 -24.5 0 -0.586 -25.036 2 
2 24 -0.586 -25.036 2 -0.298 -26.5 3.464 
2 24 -0.251 -26.452 5.906 -0.912 -21.945 8.304 
2 24 -2.042 -19.95 1.325 -2.044 -19.973 0 
2 24 -1.252 -19.973 0 -1.16 -19.873 5.72 
2 24 -3.761 -19.707 1.325 -3.776 -19.726 0 
2 24 -2.843 -19.964 0 -2.841 -19.941 1.325 
2 24 -4.46 -19.298 0 -4.446 -19.28 1.325 
2 24 -5.038 -18.594 1.325 -5.062 -18.598 0 
2 24 3.719 -18.654 5.969 3.722 -18.305 6.022 
2 24 3.722 -18.305 6.022 3.689 -18.045 7.985 
2 24 -1.202 -18.331 8.965 -0.912 -21.945 8.304 
2 24 3.689 -19.873 5.72 3.697 -19.363 6.333 
2 24 3.784 -19.973 0 3.689 -19.873 5.72 
2 24 3.549 -21.427 8.442 3.663 -17.151 9.095 
2 24 3.689 -18.045 7.985 3.674 -17.395 8.621 
2 24 3.697 -19.363 6.333 3.719 -18.654 5.969 
2 24 3.663 -17.151 9.095 3.456 -11.418 9.482 
2 24 3.456 -11.418 9.482 -1.45 -11.791 9.475 
2 24 -1.45 -11.791 9.475 -1.202 -18.331 8.965 
2 24 3.472 -11.4 8.539 3.456 -11.418 9.482 
2 24 3.674 -17.395 8.621 3.669 -16.622 8.142 
2 24 3.669 -16.622 8.142 3.472 -11.4 8.539 
2 24 3.472 -11.4 8.539 -0.883 -11.731 8.514 
2 24 -1.458 -11.784 9.039 -1.45 -11.791 9.475 
2 24 -0.883 -11.731 8.514 -1.458 -11.784 9.039 
2 24 -1.458 -11.784 9.039 -1.347 -14.308 8.75 
2 24 -1.347 -14.308 8.75 -1.33 -14.825 8.631 
2 24 -1.33 -14.825 8.631 -1.309 -15.855 8.061 
2 24 -1.214 -18.945 6.276 -1.186 -19.363 6.333 
2 24 -1.237 -18.654 5.969 -1.214 -18.945 6.276 
2 24 -1.338 -15.86 6.393 -1.237 -18.654 5.969 
2 24 -1.309 -15.855 8.061 -1.338 -15.86 6.393 
2 24 -1.164 -19.726 6.116 -1.16 -19.873 5.72 
2 24 -1.186 -19.363 6.333 -1.164 -19.726 6.116 
2 24 -2.371 -3.659 9.128 -2.08 -3.524 9.138 
2 24 -2.576 -3.909 9.109 -2.371 -3.659 9.128 
2 24 -2.653 -4.223 9.085 -2.576 -3.909 9.109 
2 24 -0.883 -11.731 8.514 -2.653 -4.223 9.085 
2 24 -7.174 -1.605 8.556 -6.425 -1.366 8.592 
2 24 -7.644 -2.167 8.471 -7.174 -1.605 8.556 
2 24 -7.751 -2.903 8.359 -7.644 -2.167 8.471 
2 24 -4.086 -17.499 6.144 -7.751 -2.903 8.359 
2 24 -3.786 -18.095 6.054 -4.086 -17.499 6.144 
2 24 -3.26 -18.507 5.991 -3.786 -18.095 6.054 
2 24 -2.609 -18.654 5.969 -3.26 -18.507 5.991 
2 24 -1.237 -18.654 5.969 -2.609 -18.654 5.969 
2 24 -4.041 -4.271 8.151 -1.338 -15.86 6.393 
2 24 -3.96 -3.204 8.313 -4.041 -4.271 8.151 
2 24 -3.292 -2.374 8.439 -3.96 -3.204 8.313 
2 24 -2.257 -2.057 8.487 -3.292 -2.374 8.439 
2 24 0.461 -5.25 -2.5 5.728 -5.25 -2.5 
2 24 5.728 -5.25 2.5 0.461 -5.25 2.5 
2 24 0.461 -5.25 2.5 0.461 -5.25 -2.5 
2 24 2.29 -12.5 -2.5 0.461 -5.25 -2.5 
2 24 0.461 -5.25 2.5 2.29 -12.5 2.5 
2 24 19.539 -5.25 2.5 17.71 -12.5 2.5 
2 24 14.272 -5.25 2.5 19.539 -5.25 2.5 
2 24 5.728 0 2.5 14.272 0 2.5 
2 24 14.272 0 2.5 14.272 -5.25 2.5 
2 24 3.722 -18.305 6.022 16.278 -18.305 6.022 
2 24 16.278 -18.305 6.022 16.311 -18.045 7.985 
2 24 16.311 -18.045 7.985 16.326 -17.395 8.621 
2 24 -2.08 -3.524 9.138 22.08 -3.524 9.138 
2 24 -6.425 -1.366 8.592 26.425 -1.366 8.592 
2 24 23.125 0 -5.413 25.412 0 -3.125 
2 24 25.412 0 -3.125 26.25 0 0 
2 24 14.272 -5.25 -2.5 14.587 -5.25 -3.125 
2 24 14.272 0 -2.5 14.272 -5.25 -2.5 
2 24 14.587 -5.25 -3.125 16.875 -5.25 -5.413 
2 24 16.875 -5.25 -5.413 20 -5.25 -6.25 
2 24 20 -5.25 -6.25 23.125 -5.25 -5.413 
2 24 23.125 -5.25 -5.413 25.412 -5.25 -3.125 
2 24 25.412 -5.25 -3.125 26.25 -5.25 0 
2 24 16.896 -28.5 -4 16.832 -26.5 -3.464 
2 24 16.868 -26.356 -5.967 16.885 -29.464 -3.742 
2 24 16.885 -29.464 -3.742 16.896 -28.5 -4 
2 24 20.251 -26.452 -5.906 19.604 -29.462 -3.742 
2 24 19.604 -29.462 -3.742 16.885 -29.464 -3.742 
2 24 19.845 -28.5 -4 19.604 -29.462 -3.742 
2 24 20.298 -26.5 -3.464 19.845 -28.5 -4 
2 24 16.694 -25.036 -2 16.605 -24.5 0 
2 24 16.832 -26.5 -3.464 16.694 -25.036 -2 
2 24 16.451 -21.427 -8.442 16.868 -26.356 -5.967 
2 24 20.708 -24.5 0 20.586 -25.036 -2 
2 24 20.586 -25.036 -2 20.298 -26.5 -3.464 
2 24 20.251 -26.452 -5.906 20.912 -21.945 -8.304 
2 24 22.042 -19.95 -1.325 22.044 -19.973 0 
2 24 21.252 -19.973 0 21.16 -19.873 -5.72 
2 24 23.761 -19.707 -1.325 23.776 -19.726 0 
2 24 22.843 -19.964 0 22.841 -19.941 -1.325 
2 24 24.46 -19.298 0 24.446 -19.28 -1.325 
2 24 25.038 -18.594 -1.325 25.062 -18.598 0 
2 24 16.281 -18.654 -5.969 16.278 -18.305 -6.022 
2 24 16.278 -18.305 -6.022 16.311 -18.045 -7.985 
2 24 21.202 -18.331 -8.965 20.912 -21.945 -8.304 
2 24 16.451 -21.427 -8.442 16.337 -17.151 -9.095 
2 24 16.311 -18.045 -7.985 16.326 -17.395 -8.621 
2 24 16.337 -17.151 -9.095 16.544 -11.418 -9.482 
2 24 16.544 -11.418 -9.482 21.45 -11.791 -9.475 
2 24 21.45 -11.791 -9.475 21.202 -18.331 -8.965 
2 24 16.528 -11.4 -8.539 16.544 -11.418 -9.482 
2 24 16.331 -16.622 -8.142 16.528 -11.4 -8.539 
2 24 16.528 -11.4 -8.539 20.883 -11.731 -8.514 
2 24 21.458 -11.784 -9.039 21.45 -11.791 -9.475 
2 24 20.883 -11.731 -8.514 21.458 -11.784 -9.039 
2 24 21.458 -11.784 -9.039 21.347 -14.308 -8.75 
2 24 21.347 -14.308 -8.75 21.33 -14.825 -8.631 
2 24 21.33 -14.825 -8.631 21.309 -15.855 -8.061 
2 24 21.214 -18.945 -6.276 21.186 -19.363 -6.333 
2 24 21.237 -18.654 -5.969 21.214 -18.945 -6.276 
2 24 21.338 -15.86 -6.393 21.237 -18.654 -5.969 
2 24 21.309 -15.855 -8.061 21.338 -15.86 -6.393 
2 24 21.164 -19.726 -6.116 21.16 -19.873 -5.72 
2 24 21.186 -19.363 -6.333 21.164 -19.726 -6.116 
2 24 22.371 -3.659 -9.128 22.08 -3.524 -9.138 
2 24 22.576 -3.909 -9.109 22.371 -3.659 -9.128 
2 24 22.653 -4.223 -9.085 22.576 -3.909 -9.109 
2 24 20.883 -11.731 -8.514 22.653 -4.223 -9.085 
2 24 27.174 -1.605 -8.556 26.425 -1.366 -8.592 
2 24 27.644 -2.167 -8.471 27.174 -1.605 -8.556 
2 24 27.751 -2.903 -8.359 27.644 -2.167 -8.471 
2 24 24.086 -17.499 -6.144 27.751 -2.903 -8.359 
2 24 23.786 -18.095 -6.054 24.086 -17.499 -6.144 
2 24 23.26 -18.507 -5.991 23.786 -18.095 -6.054 
2 24 22.609 -18.654 -5.969 23.26 -18.507 -5.991 
2 24 21.237 -18.654 -5.969 22.609 -18.654 -5.969 
2 24 24.041 -4.271 -8.151 21.338 -15.86 -6.393 
2 24 23.96 -3.204 -8.313 24.041 -4.271 -8.151 
2 24 23.292 -2.374 -8.439 23.96 -3.204 -8.313 
2 24 22.257 -2.057 -8.487 23.292 -2.374 -8.439 
2 24 19.539 -5.25 -2.5 14.272 -5.25 -2.5 
2 24 17.71 -12.5 -2.5 19.539 -5.25 -2.5 
2 24 16.278 -18.305 -6.022 3.722 -18.305 -6.022 
2 24 22.08 -3.524 -9.138 -2.08 -3.524 -9.138 
2 24 26.425 -1.366 -8.592 -6.425 -1.366 -8.592 
2 24 25.412 0 3.125 23.125 0 5.413 
2 24 26.25 0 0 25.412 0 3.125 
2 24 23.125 0 5.413 20 0 6.25 
2 24 20 0 6.25 16.875 0 5.413 
2 24 16.875 0 5.413 14.587 0 3.125 
2 24 14.587 0 3.125 14.272 0 2.5 
2 24 14.587 -5.25 3.125 14.272 -5.25 2.5 
2 24 16.875 -5.25 5.413 14.587 -5.25 3.125 
2 24 20 -5.25 6.25 16.875 -5.25 5.413 
2 24 23.125 -5.25 5.413 20 -5.25 6.25 
2 24 25.412 -5.25 3.125 23.125 -5.25 5.413 
2 24 26.25 -5.25 0 25.412 -5.25 3.125 
2 24 16.832 -26.5 3.464 16.896 -28.5 4 
2 24 16.896 -28.5 4 16.885 -29.464 3.742 
2 24 16.885 -29.464 3.742 16.868 -26.356 5.967 
2 24 19.604 -29.462 3.742 20.251 -26.452 5.906 
2 24 16.885 -29.464 3.742 19.604 -29.462 3.742 
2 24 19.604 -29.462 3.742 19.845 -28.5 4 
2 24 19.845 -28.5 4 20.298 -26.5 3.464 
2 24 16.605 -24.5 0 16.694 -25.036 2 
2 24 16.694 -25.036 2 16.832 -26.5 3.464 
2 24 16.868 -26.356 5.967 16.451 -21.427 8.442 
2 24 20.586 -25.036 2 20.708 -24.5 0 
2 24 20.298 -26.5 3.464 20.586 -25.036 2 
2 24 20.912 -21.945 8.304 20.251 -26.452 5.906 
2 24 22.044 -19.973 0 22.042 -19.95 1.325 
2 24 21.16 -19.873 5.72 21.252 -19.973 0 
2 24 22.841 -19.941 1.325 22.843 -19.964 0 
2 24 23.776 -19.726 0 23.761 -19.707 1.325 
2 24 24.446 -19.28 1.325 24.46 -19.298 0 
2 24 25.062 -18.598 0 25.038 -18.594 1.325 
2 24 16.278 -18.305 6.022 16.281 -18.654 5.969 
2 24 20.912 -21.945 8.304 21.202 -18.331 8.965 
2 24 16.303 -19.363 6.333 16.311 -19.873 5.72 
2 24 16.311 -19.873 5.72 16.216 -19.973 0 
2 24 16.337 -17.151 9.095 16.451 -21.427 8.442 
2 24 16.281 -18.654 5.969 16.303 -19.363 6.333 
2 24 16.544 -11.418 9.482 16.337 -17.151 9.095 
2 24 21.202 -18.331 8.965 21.45 -11.791 9.475 
2 24 21.45 -11.791 9.475 16.544 -11.418 9.482 
2 24 16.544 -11.418 9.482 16.528 -11.4 8.539 
2 24 16.331 -16.622 8.142 16.326 -17.395 8.621 
2 24 16.528 -11.4 8.539 16.331 -16.622 8.142 
2 24 20.883 -11.731 8.514 16.528 -11.4 8.539 
2 24 21.45 -11.791 9.475 21.458 -11.784 9.039 
2 24 21.458 -11.784 9.039 20.883 -11.731 8.514 
2 24 21.347 -14.308 8.75 21.458 -11.784 9.039 
2 24 21.33 -14.825 8.631 21.347 -14.308 8.75 
2 24 21.309 -15.855 8.061 21.33 -14.825 8.631 
2 24 21.186 -19.363 6.333 21.214 -18.945 6.276 
2 24 21.214 -18.945 6.276 21.237 -18.654 5.969 
2 24 21.237 -18.654 5.969 21.338 -15.86 6.393 
2 24 21.338 -15.86 6.393 21.309 -15.855 8.061 
2 24 21.16 -19.873 5.72 21.164 -19.726 6.116 
2 24 21.164 -19.726 6.116 21.186 -19.363 6.333 
2 24 16.331 -16.622 8.142 3.669 -16.622 8.142 
2 24 16.281 -18.654 5.969 3.719 -18.654 5.969 
2 24 22.08 -3.524 9.138 22.371 -3.659 9.128 
2 24 22.371 -3.659 9.128 22.576 -3.909 9.109 
2 24 22.576 -3.909 9.109 22.653 -4.223 9.085 
2 24 22.653 -4.223 9.085 20.883 -11.731 8.514 
2 24 26.425 -1.366 8.592 27.174 -1.605 8.556 
2 24 27.174 -1.605 8.556 27.644 -2.167 8.471 
2 24 27.644 -2.167 8.471 27.751 -2.903 8.359 
2 24 27.751 -2.903 8.359 24.086 -17.499 6.144 
2 24 24.086 -17.499 6.144 23.786 -18.095 6.054 
2 24 23.786 -18.095 6.054 23.26 -18.507 5.991 
2 24 23.26 -18.507 5.991 22.609 -18.654 5.969 
2 24 22.609 -18.654 5.969 21.237 -18.654 5.969 
2 24 21.338 -15.86 6.393 24.041 -4.271 8.151 
2 24 24.041 -4.271 8.151 23.96 -3.204 8.313 
2 24 23.96 -3.204 8.313 23.292 -2.374 8.439 
2 24 23.292 -2.374 8.439 22.257 -2.057 8.487 
2 24 22.257 -2.057 8.487 -2.257 -2.057 8.487 
2 24 19.539 -5.25 -2.5 19.539 -5.25 2.5 
2 24 21.75 -31.964 2 21.75 -30.5 3.464 
2 24 -1.75 -30.5 3.464 -1.75 -31.964 2 
2 24 21.75 -30.5 3.464 21.75 -28.5 4 
2 24 -1.75 -28.5 4 -1.75 -30.5 3.464 
2 24 21.75 -28.5 4 21.75 -26.5 3.464 
2 24 -1.75 -26.5 3.464 -1.75 -28.5 4 
2 24 21.75 -26.5 3.464 21.75 -25.036 2 
2 24 -1.75 -25.036 2 -1.75 -26.5 3.464 
2 24 21.75 -25.036 2 21.75 -24.5 0 
2 24 -1.75 -24.5 0 -1.75 -25.036 2 
2 24 21.75 -24.5 0 21.75 -25.036 -2 
2 24 -1.75 -25.036 -2 -1.75 -24.5 0 
2 24 21.75 -25.036 -2 21.75 -26.5 -3.464 
2 24 -1.75 -26.5 -3.464 -1.75 -25.036 -2 
2 24 21.75 -26.5 -3.464 21.75 -28.5 -4 
2 24 -1.75 -28.5 -4 -1.75 -26.5 -3.464 
2 24 21.75 -28.5 -4 21.75 -30.5 -3.464 
2 24 -1.75 -30.5 -3.464 -1.75 -28.5 -4 
2 24 21.75 -30.5 -3.464 21.75 -31.964 -2 
2 24 -1.75 -31.964 -2 -1.75 -30.5 -3.464 
2 24 21.75 -31.964 -2 21.75 -32.5 0 
2 24 -1.75 -32.5 0 -1.75 -31.964 -2 
2 24 21.75 -32.5 0 21.75 -31.964 2 
2 24 -1.75 -31.964 2 -1.75 -32.5 0 
2 24 28.646 -9.88 0 28.46 -10.474 -2.141 
2 24 27.262 -10.152 -2.121 27.425 -9.572 0 
2 24 28.46 -10.474 2.049 28.646 -9.88 0 
2 24 27.425 -9.572 0 27.262 -10.152 2.029 
2 24 27.262 -10.152 2.029 26.938 -11.508 2.618 
2 24 28.028 -11.855 2.616 28.46 -10.474 2.049 
2 24 26.938 -11.508 2.618 26.592 -12.909 2.189 
2 24 27.608 -13.2 2.176 28.028 -11.855 2.616 
2 24 26.592 -12.909 2.189 26.265 -14.227 1.87 
2 24 27.222 -14.433 1.878 27.608 -13.2 2.176 
2 24 27.004 -15.131 1.613 27.222 -14.433 1.878 
2 24 26.265 -14.227 1.87 26.096 -14.918 1.603 
2 24 26.096 -14.918 1.603 25.977 -15.354 1 
2 24 26.864 -15.578 1 27.004 -15.131 1.613 
2 24 25.977 -15.354 1 25.944 -15.516 0 
2 24 26.809 -15.734 0 26.864 -15.578 1 
2 24 26.864 -15.578 -1 26.809 -15.734 0 
2 24 25.944 -15.516 0 25.977 -15.354 -1 
2 24 27.004 -15.131 -1.613 26.864 -15.578 -1 
2 24 25.977 -15.354 -1 26.096 -14.918 -1.603 
2 24 28.028 -11.855 -2.616 28.46 -10.474 -2.141 
2 24 27.608 -13.2 -2.176 28.028 -11.855 -2.616 
2 24 27.222 -14.433 -1.878 27.608 -13.2 -2.176 
2 24 27.004 -15.131 -1.613 27.222 -14.433 -1.878 
2 24 26.938 -11.508 -2.618 27.262 -10.152 -2.121 
2 24 26.592 -12.909 -2.189 26.938 -11.508 -2.618 
2 24 26.265 -14.227 -1.87 26.592 -12.909 -2.189 
2 24 26.096 -14.918 -1.603 26.265 -14.227 -1.87 

