0 ANIMAL NO 5, FORE LEG RIGHT (Needs Work)
0 Name: 98059.dat
0 Author: <AuthorRealName> [<AuthorLDrawName>]
0 !LDRAW_ORG Unofficial_Part
0 !LICENSE Redistributable under CCAL version 2.0 : see CAreadme.txt

0 BFC CERTIFY CCW

0 !HISTORY 2013-08-14 {LEGO Digital Designer} Original part shape
0 !HISTORY 2013-08-14 [<AuthorLDrawName>] File preparation for LDraw Parts Tracker

0 // Needs Work: Clean necessary

0 // Outside
3 16 -43.795 20.849 13.771 -52.296 25.004 13.837 -42.489 23.138 13.717 
3 16 -43.118 25.047 13.702 -42.489 23.138 13.717 -52.296 25.004 13.837 
3 16 -43.118 25.047 13.702 -52.296 25.004 13.837 -48.989 30.983 13.859 
3 16 -43.118 25.047 13.702 -48.989 30.983 13.859 -41.893 26.261 13.539 
3 16 -48.989 30.983 13.859 -41.603 28.743 13.78 -41.893 26.261 13.539 
3 16 -42.026 22.18 23.176 -42.694 20.102 22.642 -36.922 19.614 22.439 
3 16 -46.839 30.745 21.933 -47.06 35.937 22.783 -45.628 30.507 27.403 
3 16 -45.898 36.284 22.742 -46.167 35.994 27.311 -47.06 35.937 22.783 
3 16 -46.167 35.994 27.311 -45.628 30.507 27.403 -47.06 35.937 22.783 
3 16 -44.11 34.868 27.125 -44.071 35.051 22.529 -40.188 33.447 26.795 
3 16 -40.167 33.688 22.428 -40.188 33.447 26.795 -44.071 35.051 22.529 
3 16 -33.227 29.91 21.651 -33.788 29.86 25.531 -36.517 34.547 22.508 
3 16 -33.788 29.86 25.531 -36.624 33.808 26.661 -36.517 34.547 22.508 
3 16 2.061 34.442 29.267 -5.687 33.854 29.862 0.436 31.101 32.39 
3 16 0.436 31.101 32.39 -5.687 33.854 29.862 -5.804 31.449 32.775 
3 16 3.103 25.85 20.158 9.21 17.332 20.255 -5.113 19.443 19.571 
3 16 -4.852 34.669 19.104 -5.349 30.701 18.882 -11.627 33.903 17.975 
3 16 -11.456 30.295 17.768 -11.627 33.903 17.975 -5.349 30.701 18.882 
3 16 -5.113 19.443 19.571 -9.429 18.018 19.519 -11.653 23.05 18.212 
3 16 -11.825 18.748 19.024 -11.653 23.05 18.212 -9.429 18.018 19.519 
3 16 6.885 -10.818 19.978 0.149 -13.386 19.971 -6.704 -11.29 20.008 
3 16 6.885 -10.818 19.978 -6.704 -11.29 20.008 -11.8 -5.199 20.044 
3 16 -9.429 18.018 19.519 -5.113 19.443 19.571 -10.306 11.554 20.065 
3 16 9.21 17.332 20.255 -10.306 11.554 20.065 -5.113 19.443 19.571 
3 16 -11.8 -5.199 20.044 11.379 -4.941 19.989 6.885 -10.818 19.978 
3 16 11.379 -4.941 19.989 -12.181 3.949 19.991 11.757 4.544 19.984 
3 16 -40.167 33.688 22.428 -44.071 35.051 22.529 -40 36 22.63 
3 16 -40 36 22.63 -44.071 35.051 22.529 -42.828 37.172 22.637 
3 16 -36.517 34.547 22.508 -40.167 33.688 22.428 -37.931 36.68 22.52 
3 16 -37.931 36.68 22.52 -40.167 33.688 22.428 -40 36 22.63 
3 16 -34.35 36.45 22.525 -36.517 34.547 22.508 -37.931 36.68 22.52 
3 16 -26.036 31.601 21.458 -33.227 29.91 21.651 -34.35 36.45 22.525 
3 16 -33.227 29.91 21.651 -36.517 34.547 22.508 -34.35 36.45 22.525 
3 16 -46.167 35.994 27.311 -45.898 36.284 22.742 -44.11 34.868 27.125 
3 16 -44.11 34.868 27.125 -45.898 36.284 22.742 -44.071 35.051 22.529 
3 16 -43.696 38.469 22.637 -42.828 37.172 22.637 -45.898 36.284 22.742 
3 16 -42.828 37.172 22.637 -44.071 35.051 22.529 -45.898 36.284 22.742 
3 16 -51.638 32.499 21.418 -51.687 32.399 23.242 -49.713 33.82 22.8 
3 16 -49.713 33.82 22.8 -51.687 32.399 23.242 -49.771 33.436 23.679 
3 16 -49.771 33.436 23.679 -51.687 32.399 23.242 -48.091 29.755 23.839 
3 16 -48.091 29.755 23.839 -51.687 32.399 23.242 -52.154 24.535 22.374 
3 16 -56.472 27.308 22.306 -52.154 24.535 22.374 -52.603 32.875 23.174 
3 16 -52.154 24.535 22.374 -51.687 32.399 23.242 -52.603 32.875 23.174 
3 16 -48.091 29.755 23.839 -52.154 24.535 22.374 -42.026 22.18 23.176 
3 16 -42.694 20.102 22.642 -42.026 22.18 23.176 -52.154 24.535 22.374 
3 16 -51.638 32.499 21.418 -49.713 33.82 22.8 -46.839 30.745 21.933 
3 16 -46.839 30.745 21.933 -49.713 33.82 22.8 -47.06 35.937 22.783 
3 16 -49.713 33.82 22.8 -50.059 35.197 22.967 -47.06 35.937 22.783 
3 16 -50.059 35.197 22.967 -49.531 35.836 22.972 -47.06 35.937 22.783 
3 16 -12.181 3.949 19.991 11.379 -4.941 19.989 -11.8 -5.199 20.044 
3 16 -10.306 11.554 20.065 11.757 4.544 19.984 -12.181 3.949 19.991 
3 16 9.21 17.332 20.255 10.137 12.978 20.072 -10.306 11.554 20.065 
3 16 11.757 4.544 19.984 -10.306 11.554 20.065 10.137 12.978 20.072 
3 16 2.367 34.808 20.264 1.464 30.524 19.961 -4.852 34.669 19.104 
3 16 -5.349 30.701 18.882 -4.852 34.669 19.104 1.464 30.524 19.961 
3 16 9.21 17.332 20.255 3.103 25.85 20.158 8.298 21.809 20.393 
3 16 -42.457 24.924 22.019 -41.769 23.532 21.141 -43.118 25.047 13.702 
3 16 -43.118 25.047 13.702 -41.769 23.532 21.141 -42.489 23.138 13.717 
3 16 -41.331 25.753 26.274 -42.457 24.924 22.019 -41.893 26.261 13.539 
3 16 -41.893 26.261 13.539 -42.457 24.924 22.019 -43.118 25.047 13.702 
3 16 -33.729 23.061 13.877 -34.031 23.36 24.384 -25.31 24.257 15.064 
3 16 -25.31 24.257 15.064 -34.031 23.36 24.384 -25.665 24.537 24.223 
3 16 -5.349 30.701 18.882 1.464 30.524 19.961 -4.643 29.994 28.86 
3 16 -4.643 29.994 28.86 1.464 30.524 19.961 0.897 29.978 27.981 
3 16 -5.113 19.443 19.571 -4.757 20.322 25.681 3.103 25.85 20.158 
3 16 -4.757 20.322 25.681 2.556 25.53 25.958 3.103 25.85 20.158 
3 16 -4.643 29.994 28.86 0.897 29.978 27.981 -4.757 20.322 25.681 
3 16 0.897 29.978 27.981 2.556 25.53 25.958 -4.757 20.322 25.681 
3 16 -17.813 32.906 16.777 -17.97 29.688 16.501 -25.353 31.556 15.213 
3 16 -17.97 29.688 16.501 -25.182 28.357 14.812 -25.353 31.556 15.213 
3 16 -18.079 28.846 25.223 -25.47 28.036 23.282 -17.97 29.688 16.501 
3 16 -25.182 28.357 14.812 -17.97 29.688 16.501 -25.47 28.036 23.282 
3 16 -18.079 28.846 25.223 -18.37 23.892 26.101 -25.47 28.036 23.282 
3 16 -25.47 28.036 23.282 -18.37 23.892 26.101 -25.665 24.537 24.223 
3 16 -18.37 23.892 26.101 -18.232 23.874 16.692 -25.665 24.537 24.223 
3 16 -25.665 24.537 24.223 -18.232 23.874 16.692 -25.31 24.257 15.064 
3 16 -18.386 20.458 17.48 -25.832 21.357 15.284 -18.232 23.874 16.692 
3 16 -25.31 24.257 15.064 -18.232 23.874 16.692 -25.832 21.357 15.284 
3 16 -17.97 29.688 16.501 -17.813 32.906 16.777 -11.456 30.295 17.768 
3 16 -17.813 32.906 16.777 -11.627 33.903 17.975 -11.456 30.295 17.768 
3 16 -11.686 29.49 27.104 -18.079 28.846 25.223 -11.456 30.295 17.768 
3 16 -18.079 28.846 25.223 -17.97 29.688 16.501 -11.456 30.295 17.768 
3 16 -11.825 18.748 19.024 -18.386 20.458 17.48 -11.653 23.05 18.212 
3 16 -18.386 20.458 17.48 -18.232 23.874 16.692 -11.653 23.05 18.212 
3 16 -11.686 29.49 27.104 -12.034 23.298 26.945 -18.079 28.846 25.223 
3 16 -18.079 28.846 25.223 -12.034 23.298 26.945 -18.37 23.892 26.101 
3 16 -18.232 23.874 16.692 -18.37 23.892 26.101 -11.653 23.05 18.212 
3 16 -18.37 23.892 26.101 -12.034 23.298 26.945 -11.653 23.05 18.212 
3 16 -4.643 29.994 28.86 -11.686 29.49 27.104 -5.349 30.701 18.882 
3 16 -11.686 29.49 27.104 -11.456 30.295 17.768 -5.349 30.701 18.882 
3 16 -4.757 20.322 25.681 -12.034 23.298 26.945 -4.643 29.994 28.86 
3 16 -12.034 23.298 26.945 -11.686 29.49 27.104 -4.643 29.994 28.86 
3 16 -12.034 23.298 26.945 -4.757 20.322 25.681 -11.653 23.05 18.212 
3 16 -5.113 19.443 19.571 -11.653 23.05 18.212 -4.757 20.322 25.681 
3 16 -33.706 26.153 13.661 -33.61 29.222 13.709 -25.182 28.357 14.812 
3 16 -25.182 28.357 14.812 -33.61 29.222 13.709 -25.353 31.556 15.213 
3 16 -34.036 26.245 25.093 -33.706 26.153 13.661 -25.47 28.036 23.282 
3 16 -25.47 28.036 23.282 -33.706 26.153 13.661 -25.182 28.357 14.812 
3 16 -25.47 28.036 23.282 -25.665 24.537 24.223 -34.036 26.245 25.093 
3 16 -25.665 24.537 24.223 -34.031 23.36 24.384 -34.036 26.245 25.093 
3 16 -25.31 24.257 15.064 -25.832 21.357 15.284 -33.729 23.061 13.877 
3 16 -34.089 20.121 13.797 -33.729 23.061 13.877 -25.832 21.357 15.284 
3 16 -41.331 25.753 26.274 -41.893 26.261 13.539 -34.036 26.245 25.093 
3 16 -34.036 26.245 25.093 -41.893 26.261 13.539 -33.706 26.153 13.661 
3 16 -42.457 24.924 22.019 -41.331 25.753 26.274 -41.769 23.532 21.141 
3 16 -41.331 25.753 26.274 -34.031 23.36 24.384 -41.769 23.532 21.141 
3 16 -34.031 23.36 24.384 -33.729 23.061 13.877 -41.769 23.532 21.141 
3 16 -33.729 23.061 13.877 -42.489 23.138 13.717 -41.769 23.532 21.141 
3 16 -43.795 20.849 13.771 -42.489 23.138 13.717 -34.089 20.121 13.797 
3 16 -42.489 23.138 13.717 -33.729 23.061 13.877 -34.089 20.121 13.797 
3 16 -56.783 28.382 14.242 -60.419 33.365 14.438 -53.057 33.111 14.207 
3 16 -60.419 33.365 14.438 -55.43 36.075 14.311 -53.057 33.111 14.207 
3 16 -60.419 33.365 14.438 -61.697 38.393 14.478 -55.43 36.075 14.311 
3 16 -55.43 36.075 14.311 -61.697 38.393 14.478 -57.364 40.245 14.441 
3 16 -61.697 38.393 14.478 -61.768 42.854 14.75 -57.364 40.245 14.441 
3 16 -57.364 40.245 14.441 -61.768 42.854 14.75 -58.133 43.336 14.807 
3 16 -61.768 42.854 14.75 -60.816 45.226 15.124 -58.133 43.336 14.807 
3 16 -58.818 45.269 15.174 -58.133 43.336 14.807 -60.816 45.226 15.124 
3 16 -61.848 42.977 22.152 -57.891 43.386 22.145 -60.739 45.33 22.076 
3 16 -57.891 43.386 22.145 -58.555 45.204 21.983 -60.739 45.33 22.076 
3 16 -61.842 37.94 22.082 -56.962 40.199 22.238 -61.848 42.977 22.152 
3 16 -56.962 40.199 22.238 -57.891 43.386 22.145 -61.848 42.977 22.152 
3 16 -60.517 32.678 22.205 -55.223 36.191 22.299 -61.842 37.94 22.082 
3 16 -55.223 36.191 22.299 -56.962 40.199 22.238 -61.842 37.94 22.082 
3 16 -56.927 28.081 22.213 -53.076 33.254 22.519 -60.517 32.678 22.205 
3 16 -55.223 36.191 22.299 -60.517 32.678 22.205 -53.076 33.254 22.519 
3 16 -56.472 27.308 22.306 -52.603 32.875 23.174 -56.927 28.081 22.213 
3 16 -52.603 32.875 23.174 -53.076 33.254 22.519 -56.927 28.081 22.213 
3 16 -56.445 27.564 13.978 -56.783 28.382 14.242 -52.64 32.777 13.942 
3 16 -56.783 28.382 14.242 -53.057 33.111 14.207 -52.64 32.777 13.942 
3 16 -49.28 34.597 31.778 -49.039 35.381 31.573 -50.059 35.197 22.967 
3 16 -49.039 35.381 31.573 -49.531 35.836 22.972 -50.059 35.197 22.967 
3 16 -49.039 35.381 31.573 -49.675 40.561 31.559 -49.531 35.836 22.972 
3 16 -49.811 40.699 22.932 -49.531 35.836 22.972 -49.675 40.561 31.559 
3 16 -49.675 40.561 31.559 -46.607 46.992 31.047 -49.811 40.699 22.932 
3 16 -49.811 40.699 22.932 -46.607 46.992 31.047 -46.636 47.143 22.742 
3 16 -46.607 46.992 31.047 -41.033 48.866 30.398 -46.636 47.143 22.742 
3 16 -46.636 47.143 22.742 -41.033 48.866 30.398 -41.014 48.932 22.634 
3 16 -41.033 48.866 30.398 -35.384 46.447 29.514 -41.014 48.932 22.634 
3 16 -41.014 48.932 22.634 -35.384 46.447 29.514 -35.049 46.606 23.11 
3 16 -38.929 43.787 30.285 -38.929 43.787 22.985 -35.089 45.189 29.455 
3 16 -38.929 43.787 22.985 -35.041 45.169 23.022 -35.089 45.189 29.455 
3 16 -40 44 22.627 -38.929 43.787 22.985 -40 44 30.509 
3 16 -40 44 30.509 -38.929 43.787 22.985 -38.929 43.787 30.285 
3 16 -42.828 42.828 30.895 -42.828 42.828 22.637 -40 44 30.509 
3 16 -40 44 22.627 -40 44 30.509 -42.828 42.828 22.637 
3 16 -44 40 31.293 -44 40 22.637 -42.828 42.828 30.895 
3 16 -42.828 42.828 22.637 -42.828 42.828 30.895 -44 40 22.637 
3 16 -42.828 37.172 31.536 -42.828 37.172 22.637 -43.074 37.977 31.403 
3 16 -42.828 37.172 22.637 -43.696 38.469 22.637 -43.074 37.977 31.403 
3 16 -43.074 37.977 31.403 -43.696 38.469 22.637 -44 40 31.293 
3 16 -43.696 38.469 22.637 -44 40 22.637 -44 40 31.293 
3 16 -18.26 32.165 27.209 -17.813 32.906 16.777 -26.036 31.601 21.458 
3 16 -17.813 32.906 16.777 -25.353 31.556 15.213 -26.036 31.601 21.458 
3 16 -18.26 32.165 27.209 -26.036 31.601 21.458 -26.11 31.386 26.103 
3 16 -11.942 33.195 28.662 -11.627 33.903 17.975 -18.26 32.165 27.209 
3 16 -11.627 33.903 17.975 -17.813 32.906 16.777 -18.26 32.165 27.209 
3 16 -11.627 33.903 17.975 -11.942 33.195 28.662 -4.852 34.669 19.104 
3 16 -4.852 34.669 19.104 -11.942 33.195 28.662 -5.687 33.854 29.862 
3 16 -5.687 33.854 29.862 2.061 34.442 29.267 -4.852 34.669 19.104 
3 16 2.367 34.808 20.264 -4.852 34.669 19.104 2.061 34.442 29.267 
3 16 6.029 30.301 28.4 7.481 22.207 27.422 6.549 30.238 20.567 
3 16 8.298 21.809 20.393 6.549 30.238 20.567 7.481 22.207 27.422 
3 16 10.137 12.978 20.072 9.21 17.332 20.255 9.255 13.206 27.089 
3 16 9.255 13.206 27.089 9.21 17.332 20.255 7.481 22.207 27.422 
3 16 9.21 17.332 20.255 8.298 21.809 20.393 7.481 22.207 27.422 
3 16 11.757 4.544 19.984 10.137 12.978 20.072 10.961 4.997 26.62 
3 16 10.137 12.978 20.072 9.255 13.206 27.089 10.961 4.997 26.62 
3 16 11.379 -4.941 19.989 11.757 4.544 19.984 10.79 -3.88 26.525 
3 16 11.757 4.544 19.984 10.961 4.997 26.62 10.79 -3.88 26.525 
3 16 10.79 -3.88 26.525 6.515 -10.151 25.917 11.379 -4.941 19.989 
3 16 6.515 -10.151 25.917 6.885 -10.818 19.978 11.379 -4.941 19.989 
3 16 0.149 -13.386 19.971 6.885 -10.818 19.978 0.301 -12.456 25.797 
3 16 0.301 -12.456 25.797 6.885 -10.818 19.978 6.515 -10.151 25.917 
3 16 -6.628 -10.571 25.901 -6.704 -11.29 20.008 0.301 -12.456 25.797 
3 16 -6.704 -11.29 20.008 0.149 -13.386 19.971 0.301 -12.456 25.797 
3 16 -6.704 -11.29 20.008 -6.628 -10.571 25.901 -11.8 -5.199 20.044 
3 16 -11.534 -5.09 25.947 -11.8 -5.199 20.044 -6.628 -10.571 25.901 
3 16 -12.181 3.949 19.991 -11.8 -5.199 20.044 -11.945 2.876 26.329 
3 16 -11.945 2.876 26.329 -11.8 -5.199 20.044 -11.534 -5.09 25.947 
3 16 -11.945 2.876 26.329 -10.278 10.864 26.812 -12.181 3.949 19.991 
3 16 -10.278 10.864 26.812 -10.306 11.554 20.065 -12.181 3.949 19.991 
3 16 -10.278 10.864 26.812 -9.282 18.523 26.754 -10.306 11.554 20.065 
3 16 -9.429 18.018 19.519 -10.306 11.554 20.065 -9.282 18.523 26.754 
3 16 -9.282 18.523 26.754 -12.806 19.3 25.919 -9.429 18.018 19.519 
3 16 -12.806 19.3 25.919 -11.825 18.748 19.024 -9.429 18.018 19.519 
3 16 -18.386 20.458 17.48 -11.825 18.748 19.024 -19.029 20.521 24.838 
3 16 -19.029 20.521 24.838 -11.825 18.748 19.024 -12.806 19.3 25.919 
3 16 -25.832 21.357 15.284 -18.386 20.458 17.48 -25.126 21.068 22.507 
3 16 -18.386 20.458 17.48 -19.029 20.521 24.838 -25.126 21.068 22.507 
3 16 -34.089 20.121 13.797 -25.832 21.357 15.284 -33.933 19.862 22.324 
3 16 -33.933 19.862 22.324 -25.832 21.357 15.284 -25.126 21.068 22.507 
3 16 -33.933 19.862 22.324 -36.922 19.614 22.439 -34.089 20.121 13.797 
3 16 -34.089 20.121 13.797 -36.922 19.614 22.439 -43.795 20.849 13.771 
3 16 -36.922 19.614 22.439 -42.694 20.102 22.642 -43.795 20.849 13.771 
3 16 -42.694 20.102 22.642 -52.154 24.535 22.374 -43.795 20.849 13.771 
3 16 -52.296 25.004 13.837 -43.795 20.849 13.771 -52.154 24.535 22.374 
3 16 -56.445 27.564 13.978 -56.472 27.308 22.306 -56.783 28.382 14.242 
3 16 -56.927 28.081 22.213 -56.783 28.382 14.242 -56.472 27.308 22.306 
3 16 -60.419 33.365 14.438 -56.783 28.382 14.242 -60.517 32.678 22.205 
3 16 -56.927 28.081 22.213 -60.517 32.678 22.205 -56.783 28.382 14.242 
3 16 -60.517 32.678 22.205 -61.842 37.94 22.082 -60.419 33.365 14.438 
3 16 -61.697 38.393 14.478 -60.419 33.365 14.438 -61.842 37.94 22.082 
3 16 -61.842 37.94 22.082 -61.848 42.977 22.152 -61.697 38.393 14.478 
3 16 -61.848 42.977 22.152 -61.768 42.854 14.75 -61.697 38.393 14.478 
3 16 -61.768 42.854 14.75 -61.848 42.977 22.152 -60.816 45.226 15.124 
3 16 -60.739 45.33 22.076 -60.816 45.226 15.124 -61.848 42.977 22.152 
3 16 -60.739 45.33 22.076 -58.555 45.204 21.983 -60.816 45.226 15.124 
3 16 -58.555 45.204 21.983 -58.818 45.269 15.174 -60.816 45.226 15.124 
3 16 -58.133 43.336 14.807 -58.818 45.269 15.174 -57.891 43.386 22.145 
3 16 -57.891 43.386 22.145 -58.818 45.269 15.174 -58.555 45.204 21.983 
3 16 -57.364 40.245 14.441 -58.133 43.336 14.807 -56.962 40.199 22.238 
3 16 -57.891 43.386 22.145 -56.962 40.199 22.238 -58.133 43.336 14.807 
3 16 -55.223 36.191 22.299 -55.43 36.075 14.311 -56.962 40.199 22.238 
3 16 -56.962 40.199 22.238 -55.43 36.075 14.311 -57.364 40.245 14.441 
3 16 -53.057 33.111 14.207 -55.43 36.075 14.311 -53.076 33.254 22.519 
3 16 -55.43 36.075 14.311 -55.223 36.191 22.299 -53.076 33.254 22.519 
3 16 -3.174 19.249 32.428 -9.282 18.523 26.754 -5.211 11.825 31.7 
3 16 -9.282 18.523 26.754 -10.278 10.864 26.812 -5.211 11.825 31.7 
3 16 -5.211 11.825 31.7 -10.278 10.864 26.812 -6.716 3.588 31.476 
3 16 -10.278 10.864 26.812 -11.945 2.876 26.329 -6.716 3.588 31.476 
3 16 -11.534 -5.09 25.947 -5.957 -1.835 31.27 -11.945 2.876 26.329 
3 16 -6.716 3.588 31.476 -11.945 2.876 26.329 -5.957 -1.835 31.27 
3 16 -6.628 -10.571 25.901 -3.719 -4.945 31.336 -11.534 -5.09 25.947 
3 16 -3.719 -4.945 31.336 -5.957 -1.835 31.27 -11.534 -5.09 25.947 
3 16 0.301 -12.456 25.797 0.108 -5.791 31.604 -6.628 -10.571 25.901 
3 16 0.108 -5.791 31.604 -3.719 -4.945 31.336 -6.628 -10.571 25.901 
3 16 0.301 -12.456 25.797 6.515 -10.151 25.917 0.108 -5.791 31.604 
3 16 6.515 -10.151 25.917 3.047 -4.626 31.665 0.108 -5.791 31.604 
3 16 6.515 -10.151 25.917 10.79 -3.88 26.525 3.047 -4.626 31.665 
3 16 10.79 -3.88 26.525 5.119 -1.843 31.92 3.047 -4.626 31.665 
3 16 10.79 -3.88 26.525 10.961 4.997 26.62 5.119 -1.843 31.92 
3 16 10.961 4.997 26.62 5.211 5.219 32.098 5.119 -1.843 31.92 
3 16 10.961 4.997 26.62 9.255 13.206 27.089 5.211 5.219 32.098 
3 16 5.211 5.219 32.098 9.255 13.206 27.089 4.266 12.802 32.019 
3 16 9.255 13.206 27.089 7.481 22.207 27.422 4.266 12.802 32.019 
3 16 4.266 12.802 32.019 7.481 22.207 27.422 3.48 21.24 32.181 
3 16 -12.806 19.3 25.919 -9.282 18.523 26.754 -12.761 21.02 31.075 
3 16 -12.761 21.02 31.075 -9.282 18.523 26.754 -1.356 25.432 33.057 
3 16 -12.761 21.02 31.075 -19.091 22.64 29.634 -12.806 19.3 25.919 
3 16 -19.029 20.521 24.838 -12.806 19.3 25.919 -19.091 22.64 29.634 
3 16 -25.126 21.068 22.507 -19.029 20.521 24.838 -24.862 22.398 27.936 
3 16 -19.029 20.521 24.838 -19.091 22.64 29.634 -24.862 22.398 27.936 
3 16 -33.933 19.862 22.324 -25.126 21.068 22.507 -32.179 20.931 28.58 
3 16 -32.179 20.931 28.58 -25.126 21.068 22.507 -24.862 22.398 27.936 
3 16 -33.933 19.862 22.324 -32.179 20.931 28.58 -36.922 19.614 22.439 
3 16 -32.179 20.931 28.58 -40.15 22.737 30.862 -36.922 19.614 22.439 
3 16 -40.15 22.737 30.862 -42.026 22.18 23.176 -36.922 19.614 22.439 
3 16 -48.091 29.755 23.839 -42.026 22.18 23.176 -46.319 29.224 31.806 
3 16 -42.026 22.18 23.176 -40.15 22.737 30.862 -46.319 29.224 31.806 
3 16 5.119 -1.843 31.92 -5.957 -1.835 31.27 3.047 -4.626 31.665 
3 16 -5.957 -1.835 31.27 -3.719 -4.945 31.336 3.047 -4.626 31.665 
3 16 5.211 5.219 32.098 -6.716 3.588 31.476 5.119 -1.843 31.92 
3 16 -6.716 3.588 31.476 -5.957 -1.835 31.27 5.119 -1.843 31.92 
3 16 -6.716 3.588 31.476 5.211 5.219 32.098 -5.211 11.825 31.7 
3 16 -5.211 11.825 31.7 5.211 5.219 32.098 4.266 12.802 32.019 
3 16 -5.211 11.825 31.7 4.266 12.802 32.019 -3.174 19.249 32.428 
3 16 -3.174 19.249 32.428 4.266 12.802 32.019 3.48 21.24 32.181 
3 16 4.678 32.72 28.838 2.061 34.442 29.267 1.676 30.139 32.334 
3 16 2.061 34.442 29.267 0.436 31.101 32.39 1.676 30.139 32.334 
3 16 2.061 34.442 29.267 4.678 32.72 28.838 2.367 34.808 20.264 
3 16 5.268 33.316 20.291 2.367 34.808 20.264 4.678 32.72 28.838 
3 16 2.367 34.808 20.264 5.268 33.316 20.291 1.464 30.524 19.961 
3 16 5.268 33.316 20.291 6.549 30.238 20.567 1.464 30.524 19.961 
3 16 8.298 21.809 20.393 3.103 25.85 20.158 6.549 30.238 20.567 
3 16 1.464 30.524 19.961 6.549 30.238 20.567 3.103 25.85 20.158 
3 16 1.464 30.524 19.961 3.103 25.85 20.158 0.897 29.978 27.981 
3 16 0.897 29.978 27.981 3.103 25.85 20.158 2.556 25.53 25.958 
3 16 -18.615 29.375 30.173 -25.777 28.661 28.16 -19.091 22.64 29.634 
3 16 -24.862 22.398 27.936 -19.091 22.64 29.634 -25.777 28.661 28.16 
3 16 -12.761 21.02 31.075 -12.396 30.34 31.744 -19.091 22.64 29.634 
3 16 -19.091 22.64 29.634 -12.396 30.34 31.744 -18.615 29.375 30.173 
3 16 -49.28 34.597 31.778 -42.828 37.172 31.536 -49.039 35.381 31.573 
3 16 -43.074 37.977 31.403 -49.039 35.381 31.573 -42.828 37.172 31.536 
3 16 -49.039 35.381 31.573 -43.074 37.977 31.403 -49.675 40.561 31.559 
3 16 -49.675 40.561 31.559 -43.074 37.977 31.403 -44 40 31.293 
3 16 -46.607 46.992 31.047 -49.675 40.561 31.559 -42.828 42.828 30.895 
3 16 -49.675 40.561 31.559 -44 40 31.293 -42.828 42.828 30.895 
3 16 -46.607 46.992 31.047 -42.828 42.828 30.895 -41.033 48.866 30.398 
3 16 -42.828 42.828 30.895 -40 44 30.509 -41.033 48.866 30.398 
3 16 -40 36 31.357 -46.319 29.224 31.806 -40.15 22.737 30.862 
3 16 -40.15 22.737 30.862 -31.316 31.741 28.962 -34.762 36.626 29.833 
3 16 -32.179 20.931 28.58 -31.316 31.741 28.962 -40.15 22.737 30.862 
3 16 -31.316 31.741 28.962 -32.179 20.931 28.58 -25.777 28.661 28.16 
3 16 -32.179 20.931 28.58 -24.862 22.398 27.936 -25.777 28.661 28.16 
3 16 -46.319 29.224 31.806 -49.28 34.597 31.778 -48.091 29.755 23.839 
3 16 -48.091 29.755 23.839 -49.28 34.597 31.778 -49.771 33.436 23.679 
3 16 -50.059 35.197 22.967 -49.713 33.82 22.8 -49.28 34.597 31.778 
3 16 -49.771 33.436 23.679 -49.28 34.597 31.778 -49.713 33.82 22.8 
3 16 -34.762 36.626 29.833 -31.316 31.741 28.962 -34.35 36.45 22.525 
3 16 -26.036 31.601 21.458 -34.35 36.45 22.525 -26.11 31.386 26.103 
3 16 -31.316 31.741 28.962 -26.11 31.386 26.103 -34.35 36.45 22.525 
3 16 -37.931 36.68 30.842 -34.762 36.626 29.833 -37.931 36.68 22.52 
3 16 -37.931 36.68 22.52 -34.762 36.626 29.833 -34.35 36.45 22.525 
3 16 -40 36 31.357 -37.931 36.68 30.842 -40 36 22.63 
3 16 -40 36 22.63 -37.931 36.68 30.842 -37.931 36.68 22.52 
3 16 -42.828 37.172 31.536 -40 36 31.357 -42.828 37.172 22.637 
3 16 -40 36 22.63 -42.828 37.172 22.637 -40 36 31.357 
3 16 -40.666 29.433 26.883 -33.788 29.86 25.531 -33.227 29.91 21.651 
3 16 -33.61 29.222 13.709 -33.227 29.91 21.651 -25.353 31.556 15.213 
3 16 -33.227 29.91 21.651 -26.036 31.601 21.458 -25.353 31.556 15.213 
3 16 -51.687 32.399 23.242 -51.638 32.499 21.418 -52.603 32.875 23.174 
3 16 -52.64 32.777 13.942 -53.057 33.111 14.207 -51.638 32.499 21.418 
3 16 -52.603 32.875 23.174 -51.638 32.499 21.418 -53.076 33.254 22.519 
3 16 -53.057 33.111 14.207 -53.076 33.254 22.519 -51.638 32.499 21.418 
3 16 0.108 -5.791 31.604 3.047 -4.626 31.665 -3.719 -4.945 31.336 
3 16 -12.396 30.34 31.744 -5.804 31.449 32.775 -11.942 33.195 28.662 
3 16 -5.687 33.854 29.862 -11.942 33.195 28.662 -5.804 31.449 32.775 
3 16 -11.942 33.195 28.662 -18.26 32.165 27.209 -12.396 30.34 31.744 
3 16 -18.615 29.375 30.173 -12.396 30.34 31.744 -18.26 32.165 27.209 
3 16 -26.11 31.386 26.103 -25.777 28.661 28.16 -18.26 32.165 27.209 
3 16 -25.777 28.661 28.16 -18.615 29.375 30.173 -18.26 32.165 27.209 
3 16 -9.282 18.523 26.754 -3.174 19.249 32.428 -1.356 25.432 33.057 
3 16 -41.893 26.261 13.539 -41.603 28.743 13.78 -33.706 26.153 13.661 
3 16 -33.706 26.153 13.661 -41.603 28.743 13.78 -33.61 29.222 13.709 
3 16 -45.628 30.507 27.403 -40.666 29.433 26.883 -46.839 30.745 21.933 
3 16 -46.839 30.745 21.933 -40.666 29.433 26.883 -41.603 28.743 13.78 
3 16 -41.603 28.743 13.78 -48.989 30.983 13.859 -46.839 30.745 21.933 
3 16 -46.167 35.994 27.311 -44.11 34.868 27.125 -45.628 30.507 27.403 
3 16 -45.628 30.507 27.403 -44.11 34.868 27.125 -40.666 29.433 26.883 
3 16 -44.11 34.868 27.125 -40.188 33.447 26.795 -40.666 29.433 26.883 
3 16 -40.188 33.447 26.795 -40.167 33.688 22.428 -36.624 33.808 26.661 
3 16 -36.624 33.808 26.661 -40.167 33.688 22.428 -36.517 34.547 22.508 
3 16 -33.788 29.86 25.531 -40.666 29.433 26.883 -36.624 33.808 26.661 
3 16 -40.666 29.433 26.883 -40.188 33.447 26.795 -36.624 33.808 26.661 
3 16 -41.603 28.743 13.78 -40.666 29.433 26.883 -33.61 29.222 13.709 
3 16 -33.61 29.222 13.709 -40.666 29.433 26.883 -33.227 29.91 21.651 
3 16 -46.839 30.745 21.933 -48.989 30.983 13.859 -51.638 32.499 21.418 
3 16 -48.989 30.983 13.859 -52.64 32.777 13.942 -51.638 32.499 21.418 
3 16 -56.445 27.564 13.978 -52.64 32.777 13.942 -52.296 25.004 13.837 
3 16 -52.64 32.777 13.942 -48.989 30.983 13.859 -52.296 25.004 13.837 
3 16 -52.154 24.535 22.374 -56.472 27.308 22.306 -52.296 25.004 13.837 
3 16 -56.472 27.308 22.306 -56.445 27.564 13.978 -52.296 25.004 13.837 
3 16 4.678 32.72 28.838 6.029 30.301 28.4 5.268 33.316 20.291 
3 16 6.029 30.301 28.4 6.549 30.238 20.567 5.268 33.316 20.291 
3 16 -1.356 25.432 33.057 2.622 27.703 32.473 1.676 30.139 32.334 
3 16 6.029 30.301 28.4 2.622 27.703 32.473 7.481 22.207 27.422 
3 16 2.622 27.703 32.473 3.48 21.24 32.181 7.481 22.207 27.422 
3 16 2.622 27.703 32.473 6.029 30.301 28.4 1.676 30.139 32.334 
3 16 4.678 32.72 28.838 1.676 30.139 32.334 6.029 30.301 28.4 
3 16 0.436 31.101 32.39 -1.356 25.432 33.057 1.676 30.139 32.334 
3 16 -3.174 19.249 32.428 3.48 21.24 32.181 -1.356 25.432 33.057 
3 16 3.48 21.24 32.181 2.622 27.703 32.473 -1.356 25.432 33.057 
3 16 -40 36 31.357 -40.15 22.737 30.862 -34.762 36.626 29.833 
3 16 -34.762 36.626 29.833 -37.931 36.68 30.842 -40 36 31.357 
3 16 -46.319 29.224 31.806 -40 36 31.357 -49.28 34.597 31.778 
3 16 -42.828 37.172 31.536 -49.28 34.597 31.778 -40 36 31.357 
3 16 -26.11 31.386 26.103 -31.316 31.741 28.962 -25.777 28.661 28.16 
3 16 -41.033 48.866 30.398 -40 44 30.509 -35.384 46.447 29.514 
3 16 -40 44 30.509 -38.929 43.787 30.285 -35.384 46.447 29.514 
3 16 -38.929 43.787 30.285 -35.089 45.189 29.455 -35.384 46.447 29.514 
3 16 -35.041 45.169 23.022 -35.049 46.606 23.11 -35.089 45.189 29.455 
3 16 -35.049 46.606 23.11 -35.384 46.447 29.514 -35.089 45.189 29.455 
3 16 -49.811 40.699 22.932 -44 40 22.637 -49.531 35.836 22.972 
3 16 -49.531 35.836 22.972 -44 40 22.637 -47.06 35.937 22.783 
3 16 -47.06 35.937 22.783 -44 40 22.637 -45.898 36.284 22.742 
3 16 -44 40 22.637 -43.696 38.469 22.637 -45.898 36.284 22.742 
3 16 -46.636 47.143 22.742 -42.828 42.828 22.637 -49.811 40.699 22.932 
3 16 -42.828 42.828 22.637 -44 40 22.637 -49.811 40.699 22.932 
3 16 -46.636 47.143 22.742 -41.014 48.932 22.634 -42.828 42.828 22.637 
3 16 -40 44 22.627 -42.828 42.828 22.637 -41.014 48.932 22.634 
3 16 -41.014 48.932 22.634 -35.049 46.606 23.11 -40 44 22.627 
3 16 -40 44 22.627 -35.049 46.606 23.11 -38.929 43.787 22.985 
3 16 -35.049 46.606 23.11 -35.041 45.169 23.022 -38.929 43.787 22.985 
3 16 0.436 31.101 32.39 -5.804 31.449 32.775 -1.356 25.432 33.057 
3 16 -1.356 25.432 33.057 -5.804 31.449 32.775 -12.761 21.02 31.075 
3 16 -12.761 21.02 31.075 -5.804 31.449 32.775 -12.396 30.34 31.744 
3 16 -34.031 23.36 24.384 -41.331 25.753 26.274 -34.036 26.245 25.093 
3 16 3.273 6.714 18.027 -0.428 6.11 17.973 -0.523 7.451 18.027 
3 16 7.451 0.523 18.027 5.077 3.426 17.973 6.192 4.178 18.027 
3 16 6.192 4.178 18.027 2.684 5.506 17.973 3.273 6.714 18.027 
3 16 2.684 5.506 17.973 6.192 4.178 18.027 5.077 3.426 17.973 
3 16 3.273 6.714 18.027 2.684 5.506 17.973 -0.428 6.11 17.973 
3 16 5.077 3.426 17.973 7.451 0.523 18.027 6.11 0.428 17.973 
3 16 7.451 0.523 18.027 6.714 -3.273 18.027 6.11 0.428 17.973 
3 16 6.11 0.428 17.973 6.714 -3.273 18.027 5.506 -2.684 17.973 
3 16 6.714 -3.273 18.027 4.178 -6.192 18.027 5.506 -2.684 17.973 
3 16 5.506 -2.684 17.973 4.178 -6.192 18.027 3.426 -5.077 17.973 
3 16 4.178 -6.192 18.027 0.523 -7.451 18.027 3.426 -5.077 17.973 
3 16 3.426 -5.077 17.973 0.523 -7.451 18.027 0.428 -6.11 17.973 
3 16 0.523 -7.451 18.027 -3.273 -6.714 18.027 0.428 -6.11 17.973 
3 16 0.428 -6.11 17.973 -3.273 -6.714 18.027 -2.684 -5.506 17.973 
3 16 -3.273 -6.714 18.027 -6.192 -4.178 18.027 -2.684 -5.506 17.973 
3 16 -2.684 -5.506 17.973 -6.192 -4.178 18.027 -5.077 -3.426 17.973 
3 16 -6.192 -4.178 18.027 -7.451 -0.523 18.027 -5.077 -3.426 17.973 
3 16 -5.077 -3.426 17.973 -7.451 -0.523 18.027 -6.11 -0.428 17.973 
3 16 -7.451 -0.523 18.027 -6.714 3.273 18.027 -6.11 -0.428 17.973 
3 16 -6.11 -0.428 17.973 -6.714 3.273 18.027 -5.506 2.684 17.973 
3 16 -6.714 3.273 18.027 -4.178 6.192 18.027 -5.506 2.684 17.973 
3 16 -5.506 2.684 17.973 -4.178 6.192 18.027 -3.426 5.077 17.973 
3 16 -4.178 6.192 18.027 -0.523 7.451 18.027 -3.426 5.077 17.973 
3 16 -0.428 6.11 17.973 -3.426 5.077 17.973 -0.523 7.451 18.027 
3 16 6.192 4.178 18.027 3.273 6.714 18.027 6.295 4.248 19.897 
3 16 3.327 6.826 19.897 6.295 4.248 19.897 3.273 6.714 18.027 
3 16 7.451 0.523 18.027 6.192 4.178 18.027 7.575 0.531 19.897 
3 16 6.295 4.248 19.897 7.575 0.531 19.897 6.192 4.178 18.027 
3 16 6.714 -3.273 18.027 7.451 0.523 18.027 6.826 -3.327 19.897 
3 16 7.575 0.531 19.897 6.826 -3.327 19.897 7.451 0.523 18.027 
3 16 4.178 -6.192 18.027 6.714 -3.273 18.027 4.248 -6.295 19.897 
3 16 6.826 -3.327 19.897 4.248 -6.295 19.897 6.714 -3.273 18.027 
3 16 0.523 -7.451 18.027 4.178 -6.192 18.027 0.531 -7.575 19.897 
3 16 4.248 -6.295 19.897 0.531 -7.575 19.897 4.178 -6.192 18.027 
3 16 -3.273 -6.714 18.027 0.523 -7.451 18.027 -3.327 -6.826 19.897 
3 16 0.531 -7.575 19.897 -3.327 -6.826 19.897 0.523 -7.451 18.027 
3 16 -6.192 -4.178 18.027 -3.273 -6.714 18.027 -6.295 -4.248 19.897 
3 16 -3.327 -6.826 19.897 -6.295 -4.248 19.897 -3.273 -6.714 18.027 
3 16 -7.451 -0.523 18.027 -6.192 -4.178 18.027 -7.575 -0.531 19.897 
3 16 -6.295 -4.248 19.897 -7.575 -0.531 19.897 -6.192 -4.178 18.027 
3 16 -6.714 3.273 18.027 -7.451 -0.523 18.027 -6.826 3.327 19.897 
3 16 -7.575 -0.531 19.897 -6.826 3.327 19.897 -7.451 -0.523 18.027 
3 16 -4.178 6.192 18.027 -6.714 3.273 18.027 -4.248 6.295 19.897 
3 16 -6.826 3.327 19.897 -4.248 6.295 19.897 -6.714 3.273 18.027 
3 16 -0.523 7.451 18.027 -4.178 6.192 18.027 -0.531 7.575 19.897 
3 16 -4.248 6.295 19.897 -0.531 7.575 19.897 -4.178 6.192 18.027 
3 16 3.273 6.714 18.027 -0.523 7.451 18.027 3.327 6.826 19.897 
3 16 -0.531 7.575 19.897 3.327 6.826 19.897 -0.523 7.451 18.027 
3 16 -2.482 5.913 2 -2.482 5.913 0 -2.203 5.499 2 
3 16 -2.203 5.499 2 -2.482 5.913 0 -1.085 3.843 0 
3 16 -1.085 3.843 0 -1.085 3.843 6.25 -2.203 5.499 2 
3 16 -1.085 3.843 6.25 -2.203 5.499 6.25 -2.203 5.499 2 
3 16 -2.203 5.499 6.25 -1.085 3.843 6.25 -2.366 5.442 6.875 
3 16 -2.366 5.442 6.875 -1.085 3.843 6.25 -1.249 3.786 6.875 
3 16 -2.366 5.442 6.875 -1.249 3.786 6.875 -2.814 5.288 7.333 
3 16 -2.814 5.288 7.333 -1.249 3.786 6.875 -1.697 3.632 7.333 
3 16 -2.814 5.288 7.333 -1.697 3.632 7.333 -3.426 5.077 7.5 
3 16 -3.426 5.077 7.5 -1.697 3.632 7.333 -2.309 3.421 7.5 
3 16 -3.157 2.444 6.25 -3.157 2.444 0 -4.275 4.1 2 
3 16 -4.555 4.515 2 -4.275 4.1 2 -4.555 4.515 0 
3 16 -3.157 2.444 0 -4.555 4.515 0 -4.275 4.1 2 
3 16 -4.275 4.1 2 -4.275 4.1 6.25 -3.157 2.444 6.25 
3 16 -3.157 2.444 6.25 -4.275 4.1 6.25 -3.044 2.575 6.875 
3 16 -4.275 4.1 6.25 -4.161 4.231 6.875 -3.044 2.575 6.875 
3 16 -3.044 2.575 6.875 -4.161 4.231 6.875 -2.733 2.933 7.333 
3 16 -4.161 4.231 6.875 -3.85 4.589 7.333 -2.733 2.933 7.333 
3 16 -2.733 2.933 7.333 -3.85 4.589 7.333 -2.309 3.421 7.5 
3 16 -3.85 4.589 7.333 -3.426 5.077 7.5 -2.309 3.421 7.5 
3 16 2.482 -5.913 2 2.482 -5.913 0 2.203 -5.499 2 
3 16 2.203 -5.499 2 2.482 -5.913 0 1.085 -3.843 0 
3 16 1.085 -3.843 0 1.085 -3.843 6.25 2.203 -5.499 2 
3 16 1.085 -3.843 6.25 2.203 -5.499 6.25 2.203 -5.499 2 
3 16 2.203 -5.499 6.25 1.085 -3.843 6.25 2.366 -5.442 6.875 
3 16 2.366 -5.442 6.875 1.085 -3.843 6.25 1.249 -3.786 6.875 
3 16 2.366 -5.442 6.875 1.249 -3.786 6.875 2.814 -5.288 7.333 
3 16 2.814 -5.288 7.333 1.249 -3.786 6.875 1.697 -3.632 7.333 
3 16 2.814 -5.288 7.333 1.697 -3.632 7.333 3.426 -5.077 7.5 
3 16 3.426 -5.077 7.5 1.697 -3.632 7.333 2.309 -3.421 7.5 
3 16 3.426 -5.077 7.5 2.309 -3.421 7.5 3.85 -4.589 7.333 
3 16 2.309 -3.421 7.5 2.733 -2.933 7.333 3.85 -4.589 7.333 
3 16 3.85 -4.589 7.333 2.733 -2.933 7.333 4.161 -4.231 6.875 
3 16 2.733 -2.933 7.333 3.044 -2.575 6.875 4.161 -4.231 6.875 
3 16 4.161 -4.231 6.875 3.044 -2.575 6.875 4.275 -4.1 6.25 
3 16 3.044 -2.575 6.875 3.157 -2.444 6.25 4.275 -4.1 6.25 
3 16 4.555 -4.515 2 4.275 -4.1 2 4.555 -4.515 0 
3 16 4.555 -4.515 0 4.275 -4.1 2 3.157 -2.444 0 
3 16 3.157 -2.444 0 4.275 -4.1 2 3.157 -2.444 6.25 
3 16 4.275 -4.1 2 4.275 -4.1 6.25 3.157 -2.444 6.25 
3 16 -4.555 4.515 2 -5.955 2.903 2 -4.275 4.1 2 
3 16 -4.275 4.1 2 -5.955 2.903 2 -5.506 2.684 2 
3 16 -5.955 2.903 2 -6.609 -0.463 2 -5.506 2.684 2 
3 16 -5.506 2.684 2 -6.609 -0.463 2 -6.11 -0.428 2 
3 16 -6.609 -0.463 2 -5.492 -3.706 2 -6.11 -0.428 2 
3 16 -6.11 -0.428 2 -5.492 -3.706 2 -5.077 -3.426 2 
3 16 -5.492 -3.706 2 -2.903 -5.955 2 -5.077 -3.426 2 
3 16 -5.077 -3.426 2 -2.903 -5.955 2 -2.684 -5.506 2 
3 16 -2.903 -5.955 2 0.463 -6.609 2 -2.684 -5.506 2 
3 16 -2.684 -5.506 2 0.463 -6.609 2 0.428 -6.11 2 
3 16 0.463 -6.609 2 2.482 -5.913 2 0.428 -6.11 2 
3 16 2.482 -5.913 2 2.203 -5.499 2 0.428 -6.11 2 
3 16 2.482 -5.913 0 0.463 -6.609 0 1.085 -3.843 0 
3 16 1.085 -3.843 0 0.463 -6.609 0 0.289 -4.117 0 
3 16 0.463 -6.609 0 -2.903 -5.955 0 0.289 -4.117 0 
3 16 0.289 -4.117 0 -2.903 -5.955 0 -1.809 -3.71 0 
3 16 -2.903 -5.955 0 -5.492 -3.706 0 -1.809 -3.71 0 
3 16 -1.809 -3.71 0 -5.492 -3.706 0 -3.421 -2.309 0 
3 16 -5.492 -3.706 0 -6.609 -0.463 0 -3.421 -2.309 0 
3 16 -3.421 -2.309 0 -6.609 -0.463 0 -4.117 -0.289 0 
3 16 -6.609 -0.463 0 -5.955 2.903 0 -4.117 -0.289 0 
3 16 -4.117 -0.289 0 -5.955 2.903 0 -3.71 1.809 0 
3 16 -5.955 2.903 0 -4.555 4.515 0 -3.71 1.809 0 
3 16 -4.555 4.515 0 -3.157 2.444 0 -3.71 1.809 0 
3 16 2.684 5.506 2 -0.428 6.11 2 2.684 5.506 17.973 
3 16 -0.428 6.11 2 -0.428 6.11 17.973 2.684 5.506 17.973 
3 16 -6.11 -0.428 2 -5.077 -3.426 2 -6.11 -0.428 17.973 
3 16 -5.077 -3.426 2 -5.077 -3.426 17.973 -6.11 -0.428 17.973 
3 16 5.077 3.426 2 2.684 5.506 2 5.077 3.426 17.973 
3 16 2.684 5.506 2 2.684 5.506 17.973 5.077 3.426 17.973 
3 16 6.11 0.428 2 5.077 3.426 2 6.11 0.428 17.973 
3 16 5.077 3.426 2 5.077 3.426 17.973 6.11 0.428 17.973 
3 16 5.506 -2.684 2 6.11 0.428 2 5.506 -2.684 17.973 
3 16 6.11 0.428 2 6.11 0.428 17.973 5.506 -2.684 17.973 
3 16 4.275 -4.1 2 5.506 -2.684 2 4.275 -4.1 6.25 
3 16 5.506 -2.684 2 5.506 -2.684 17.973 4.275 -4.1 6.25 
3 16 4.275 -4.1 6.25 5.506 -2.684 17.973 4.161 -4.231 6.875 
3 16 4.161 -4.231 6.875 5.506 -2.684 17.973 3.85 -4.589 7.333 
3 16 3.426 -5.077 7.5 3.85 -4.589 7.333 3.426 -5.077 17.973 
3 16 3.85 -4.589 7.333 5.506 -2.684 17.973 3.426 -5.077 17.973 
3 16 0.428 -6.11 17.973 0.428 -6.11 2 2.203 -5.499 6.25 
3 16 0.428 -6.11 2 2.203 -5.499 2 2.203 -5.499 6.25 
3 16 2.203 -5.499 6.25 2.366 -5.442 6.875 0.428 -6.11 17.973 
3 16 2.366 -5.442 6.875 2.814 -5.288 7.333 0.428 -6.11 17.973 
3 16 3.426 -5.077 7.5 3.426 -5.077 17.973 2.814 -5.288 7.333 
3 16 2.814 -5.288 7.333 3.426 -5.077 17.973 0.428 -6.11 17.973 
3 16 -2.684 -5.506 2 0.428 -6.11 2 -2.684 -5.506 17.973 
3 16 0.428 -6.11 2 0.428 -6.11 17.973 -2.684 -5.506 17.973 
3 16 -5.077 -3.426 2 -2.684 -5.506 2 -5.077 -3.426 17.973 
3 16 -2.684 -5.506 2 -2.684 -5.506 17.973 -5.077 -3.426 17.973 
3 16 -5.506 2.684 2 -6.11 -0.428 2 -5.506 2.684 17.973 
3 16 -6.11 -0.428 2 -6.11 -0.428 17.973 -5.506 2.684 17.973 
3 16 -4.275 4.1 2 -5.506 2.684 2 -4.275 4.1 6.25 
3 16 -5.506 2.684 2 -5.506 2.684 17.973 -4.275 4.1 6.25 
3 16 -4.275 4.1 6.25 -5.506 2.684 17.973 -4.161 4.231 6.875 
3 16 -4.161 4.231 6.875 -5.506 2.684 17.973 -3.85 4.589 7.333 
3 16 -3.426 5.077 7.5 -3.85 4.589 7.333 -3.426 5.077 17.973 
3 16 -5.506 2.684 17.973 -3.426 5.077 17.973 -3.85 4.589 7.333 
3 16 -0.428 6.11 17.973 -0.428 6.11 2 -2.203 5.499 6.25 
3 16 -0.428 6.11 2 -2.203 5.499 2 -2.203 5.499 6.25 
3 16 -2.203 5.499 6.25 -2.366 5.442 6.875 -0.428 6.11 17.973 
3 16 -2.366 5.442 6.875 -2.814 5.288 7.333 -0.428 6.11 17.973 
3 16 -3.426 5.077 7.5 -3.426 5.077 17.973 -2.814 5.288 7.333 
3 16 -2.814 5.288 7.333 -3.426 5.077 17.973 -0.428 6.11 17.973 
3 16 4.555 -4.515 2 5.955 -2.903 2 4.275 -4.1 2 
3 16 4.275 -4.1 2 5.955 -2.903 2 5.506 -2.684 2 
3 16 5.955 -2.903 2 6.609 0.463 2 5.506 -2.684 2 
3 16 5.506 -2.684 2 6.609 0.463 2 6.11 0.428 2 
3 16 6.609 0.463 2 5.492 3.706 2 6.11 0.428 2 
3 16 6.11 0.428 2 5.492 3.706 2 5.077 3.426 2 
3 16 5.492 3.706 2 2.903 5.955 2 5.077 3.426 2 
3 16 5.077 3.426 2 2.903 5.955 2 2.684 5.506 2 
3 16 2.903 5.955 2 -0.463 6.609 2 2.684 5.506 2 
3 16 2.684 5.506 2 -0.463 6.609 2 -0.428 6.11 2 
3 16 -0.463 6.609 2 -2.482 5.913 2 -0.428 6.11 2 
3 16 -2.482 5.913 2 -2.203 5.499 2 -0.428 6.11 2 
3 16 -2.482 5.913 0 -0.463 6.609 0 -1.085 3.843 0 
3 16 -1.085 3.843 0 -0.463 6.609 0 -0.289 4.117 0 
3 16 -0.463 6.609 0 2.903 5.955 0 -0.289 4.117 0 
3 16 -0.289 4.117 0 2.903 5.955 0 1.809 3.71 0 
3 16 2.903 5.955 0 5.492 3.706 0 1.809 3.71 0 
3 16 1.809 3.71 0 5.492 3.706 0 3.421 2.309 0 
3 16 5.492 3.706 0 6.609 0.463 0 3.421 2.309 0 
3 16 3.421 2.309 0 6.609 0.463 0 4.117 0.289 0 
3 16 6.609 0.463 0 5.955 -2.903 0 4.117 0.289 0 
3 16 4.117 0.289 0 5.955 -2.903 0 3.71 -1.809 0 
3 16 5.955 -2.903 0 4.555 -4.515 0 3.71 -1.809 0 
3 16 4.555 -4.515 0 3.157 -2.444 0 3.71 -1.809 0 
3 16 5.492 3.706 0 2.903 5.955 0 5.492 3.706 2 
3 16 2.903 5.955 0 2.903 5.955 2 5.492 3.706 2 
3 16 6.609 0.463 0 5.492 3.706 0 6.609 0.463 2 
3 16 5.492 3.706 0 5.492 3.706 2 6.609 0.463 2 
3 16 5.955 -2.903 0 6.609 0.463 0 5.955 -2.903 2 
3 16 6.609 0.463 0 6.609 0.463 2 5.955 -2.903 2 
3 16 5.955 -2.903 2 4.555 -4.515 2 5.955 -2.903 0 
3 16 4.555 -4.515 2 4.555 -4.515 0 5.955 -2.903 0 
3 16 0.463 -6.609 0 2.482 -5.913 0 0.463 -6.609 2 
3 16 2.482 -5.913 0 2.482 -5.913 2 0.463 -6.609 2 
3 16 -2.903 -5.955 0 0.463 -6.609 0 -2.903 -5.955 2 
3 16 0.463 -6.609 0 0.463 -6.609 2 -2.903 -5.955 2 
3 16 -5.492 -3.706 0 -2.903 -5.955 0 -5.492 -3.706 2 
3 16 -2.903 -5.955 0 -2.903 -5.955 2 -5.492 -3.706 2 
3 16 -6.609 -0.463 0 -5.492 -3.706 0 -6.609 -0.463 2 
3 16 -5.492 -3.706 0 -5.492 -3.706 2 -6.609 -0.463 2 
3 16 -5.955 2.903 0 -6.609 -0.463 0 -5.955 2.903 2 
3 16 -6.609 -0.463 0 -6.609 -0.463 2 -5.955 2.903 2 
3 16 -4.555 4.515 2 -4.555 4.515 0 -5.955 2.903 2 
3 16 -4.555 4.515 0 -5.955 2.903 0 -5.955 2.903 2 
3 16 -0.463 6.609 0 -2.482 5.913 0 -0.463 6.609 2 
3 16 -2.482 5.913 0 -2.482 5.913 2 -0.463 6.609 2 
3 16 2.903 5.955 0 -0.463 6.609 0 2.903 5.955 2 
3 16 -0.463 6.609 0 -0.463 6.609 2 2.903 5.955 2 
3 16 3.421 2.309 20 1.809 3.71 20 3.421 2.309 0 
3 16 1.809 3.71 20 1.809 3.71 0 3.421 2.309 0 
3 16 1.809 3.71 20 -0.289 4.117 20 1.809 3.71 0 
3 16 -0.289 4.117 20 -0.289 4.117 0 1.809 3.71 0 
3 16 -1.085 3.843 0 -0.289 4.117 0 -1.085 3.843 6.25 
3 16 -0.289 4.117 0 -0.289 4.117 20 -1.085 3.843 6.25 
3 16 -1.085 3.843 6.25 -0.289 4.117 20 -1.249 3.786 6.875 
3 16 -1.249 3.786 6.875 -0.289 4.117 20 -1.697 3.632 7.333 
3 16 -2.309 3.421 7.5 -1.697 3.632 7.333 -2.309 3.421 20 
3 16 -1.697 3.632 7.333 -0.289 4.117 20 -2.309 3.421 20 
3 16 -3.71 1.809 20 -3.71 1.809 0 -3.157 2.444 6.25 
3 16 -3.71 1.809 0 -3.157 2.444 0 -3.157 2.444 6.25 
3 16 -3.157 2.444 6.25 -3.044 2.575 6.875 -3.71 1.809 20 
3 16 -3.044 2.575 6.875 -2.733 2.933 7.333 -3.71 1.809 20 
3 16 -2.309 3.421 7.5 -2.309 3.421 20 -2.733 2.933 7.333 
3 16 -2.733 2.933 7.333 -2.309 3.421 20 -3.71 1.809 20 
3 16 -3.71 1.809 20 -4.117 -0.289 20 -3.71 1.809 0 
3 16 -4.117 -0.289 20 -4.117 -0.289 0 -3.71 1.809 0 
3 16 -4.117 -0.289 20 -3.421 -2.309 20 -4.117 -0.289 0 
3 16 -3.421 -2.309 20 -3.421 -2.309 0 -4.117 -0.289 0 
3 16 -3.421 -2.309 20 -1.809 -3.71 20 -3.421 -2.309 0 
3 16 -1.809 -3.71 20 -1.809 -3.71 0 -3.421 -2.309 0 
3 16 -1.809 -3.71 20 0.289 -4.117 20 -1.809 -3.71 0 
3 16 0.289 -4.117 20 0.289 -4.117 0 -1.809 -3.71 0 
3 16 1.085 -3.843 0 0.289 -4.117 0 1.085 -3.843 6.25 
3 16 0.289 -4.117 0 0.289 -4.117 20 1.085 -3.843 6.25 
3 16 1.085 -3.843 6.25 0.289 -4.117 20 1.249 -3.786 6.875 
3 16 1.249 -3.786 6.875 0.289 -4.117 20 1.697 -3.632 7.333 
3 16 2.309 -3.421 7.5 1.697 -3.632 7.333 2.309 -3.421 20 
3 16 1.697 -3.632 7.333 0.289 -4.117 20 2.309 -3.421 20 
3 16 3.71 -1.809 20 3.71 -1.809 0 3.157 -2.444 6.25 
3 16 3.71 -1.809 0 3.157 -2.444 0 3.157 -2.444 6.25 
3 16 3.157 -2.444 6.25 3.044 -2.575 6.875 3.71 -1.809 20 
3 16 3.044 -2.575 6.875 2.733 -2.933 7.333 3.71 -1.809 20 
3 16 2.309 -3.421 7.5 2.309 -3.421 20 2.733 -2.933 7.333 
3 16 2.733 -2.933 7.333 2.309 -3.421 20 3.71 -1.809 20 
3 16 3.71 -1.809 20 4.117 0.289 20 3.71 -1.809 0 
3 16 4.117 0.289 20 4.117 0.289 0 3.71 -1.809 0 
3 16 4.117 0.289 20 3.421 2.309 20 4.117 0.289 0 
3 16 3.421 2.309 20 3.421 2.309 0 4.117 0.289 0 
2 24 -43.795 20.849 13.771 -52.296 25.004 13.837 
2 24 -43.118 25.047 13.702 -42.489 23.138 13.717 
2 24 -41.893 26.261 13.539 -43.118 25.047 13.702 
2 24 -48.989 30.983 13.859 -41.603 28.743 13.78 
2 24 -42.694 20.102 22.642 -36.922 19.614 22.439 
2 24 -36.922 19.614 22.439 -42.026 22.18 23.176 
2 24 -46.839 30.745 21.933 -47.06 35.937 22.783 
2 24 -45.628 30.507 27.403 -46.839 30.745 21.933 
2 24 -45.898 36.284 22.742 -46.167 35.994 27.311 
2 24 -47.06 35.937 22.783 -45.898 36.284 22.742 
2 24 -46.167 35.994 27.311 -45.628 30.507 27.403 
2 24 -40.188 33.447 26.795 -44.11 34.868 27.125 
2 24 -44.071 35.051 22.529 -40.167 33.688 22.428 
2 24 -33.227 29.91 21.651 -33.788 29.86 25.531 
2 24 -36.517 34.547 22.508 -33.227 29.91 21.651 
2 24 -33.788 29.86 25.531 -36.624 33.808 26.661 
2 24 -36.624 33.808 26.661 -36.517 34.547 22.508 
2 24 2.061 34.442 29.267 -5.687 33.854 29.862 
2 24 -5.804 31.449 32.775 0.436 31.101 32.39 
2 24 -5.113 19.443 19.571 3.103 25.85 20.158 
2 24 -11.627 33.903 17.975 -4.852 34.669 19.104 
2 24 -5.349 30.701 18.882 -11.456 30.295 17.768 
2 24 -11.653 23.05 18.212 -5.113 19.443 19.571 
2 24 -9.429 18.018 19.519 -11.825 18.748 19.024 
2 24 6.885 -10.818 19.978 0.149 -13.386 19.971 
2 24 0.149 -13.386 19.971 -6.704 -11.29 20.008 
2 24 -6.704 -11.29 20.008 -11.8 -5.199 20.044 
2 24 -10.306 11.554 20.065 -9.429 18.018 19.519 
2 24 11.379 -4.941 19.989 6.885 -10.818 19.978 
2 24 11.757 4.544 19.984 11.379 -4.941 19.989 
2 24 -42.828 37.172 22.637 -40 36 22.63 
2 24 -36.517 34.547 22.508 -40.167 33.688 22.428 
2 24 -40 36 22.63 -37.931 36.68 22.52 
2 24 -37.931 36.68 22.52 -34.35 36.45 22.525 
2 24 -26.036 31.601 21.458 -33.227 29.91 21.651 
2 24 -34.35 36.45 22.525 -26.036 31.601 21.458 
2 24 -44.11 34.868 27.125 -46.167 35.994 27.311 
2 24 -45.898 36.284 22.742 -44.071 35.051 22.529 
2 24 -43.696 38.469 22.637 -42.828 37.172 22.637 
2 24 -51.638 32.499 21.418 -51.687 32.399 23.242 
2 24 -49.713 33.82 22.8 -51.638 32.499 21.418 
2 24 -51.687 32.399 23.242 -49.771 33.436 23.679 
2 24 -49.771 33.436 23.679 -49.713 33.82 22.8 
2 24 -48.091 29.755 23.839 -49.771 33.436 23.679 
2 24 -56.472 27.308 22.306 -52.154 24.535 22.374 
2 24 -52.603 32.875 23.174 -56.472 27.308 22.306 
2 24 -51.687 32.399 23.242 -52.603 32.875 23.174 
2 24 -42.026 22.18 23.176 -48.091 29.755 23.839 
2 24 -52.154 24.535 22.374 -42.694 20.102 22.642 
2 24 -46.839 30.745 21.933 -51.638 32.499 21.418 
2 24 -49.713 33.82 22.8 -50.059 35.197 22.967 
2 24 -50.059 35.197 22.967 -49.531 35.836 22.972 
2 24 -11.8 -5.199 20.044 -12.181 3.949 19.991 
2 24 -12.181 3.949 19.991 -10.306 11.554 20.065 
2 24 9.21 17.332 20.255 10.137 12.978 20.072 
2 24 10.137 12.978 20.072 11.757 4.544 19.984 
2 24 -4.852 34.669 19.104 2.367 34.808 20.264 
2 24 1.464 30.524 19.961 -5.349 30.701 18.882 
2 24 8.298 21.809 20.393 9.21 17.332 20.255 
2 24 -42.457 24.924 22.019 -41.769 23.532 21.141 
2 24 -41.331 25.753 26.274 -42.457 24.924 22.019 
2 24 -25.31 24.257 15.064 -33.729 23.061 13.877 
2 24 -34.031 23.36 24.384 -25.665 24.537 24.223 
2 24 0.897 29.978 27.981 -4.643 29.994 28.86 
2 24 -5.113 19.443 19.571 -4.757 20.322 25.681 
2 24 -4.757 20.322 25.681 2.556 25.53 25.958 
2 24 2.556 25.53 25.958 3.103 25.85 20.158 
2 24 0.897 29.978 27.981 2.556 25.53 25.958 
2 24 -25.353 31.556 15.213 -17.813 32.906 16.777 
2 24 -17.97 29.688 16.501 -25.182 28.357 14.812 
2 24 -18.079 28.846 25.223 -25.47 28.036 23.282 
2 24 -18.37 23.892 26.101 -25.665 24.537 24.223 
2 24 -18.232 23.874 16.692 -25.31 24.257 15.064 
2 24 -18.386 20.458 17.48 -25.832 21.357 15.284 
2 24 -11.456 30.295 17.768 -17.97 29.688 16.501 
2 24 -17.813 32.906 16.777 -11.627 33.903 17.975 
2 24 -11.686 29.49 27.104 -18.079 28.846 25.223 
2 24 -11.825 18.748 19.024 -18.386 20.458 17.48 
2 24 -18.232 23.874 16.692 -11.653 23.05 18.212 
2 24 -12.034 23.298 26.945 -18.37 23.892 26.101 
2 24 -4.643 29.994 28.86 -11.686 29.49 27.104 
2 24 -4.757 20.322 25.681 -12.034 23.298 26.945 
2 24 -25.182 28.357 14.812 -33.706 26.153 13.661 
2 24 -33.61 29.222 13.709 -25.353 31.556 15.213 
2 24 -25.47 28.036 23.282 -34.036 26.245 25.093 
2 24 -25.832 21.357 15.284 -34.089 20.121 13.797 
2 24 -34.036 26.245 25.093 -41.331 25.753 26.274 
2 24 -41.893 26.261 13.539 -33.706 26.153 13.661 
2 24 -34.031 23.36 24.384 -41.769 23.532 21.141 
2 24 -33.729 23.061 13.877 -42.489 23.138 13.717 
2 24 -34.089 20.121 13.797 -43.795 20.849 13.771 
2 24 -56.783 28.382 14.242 -60.419 33.365 14.438 
2 24 -55.43 36.075 14.311 -53.057 33.111 14.207 
2 24 -60.419 33.365 14.438 -61.697 38.393 14.478 
2 24 -57.364 40.245 14.441 -55.43 36.075 14.311 
2 24 -61.697 38.393 14.478 -61.768 42.854 14.75 
2 24 -58.133 43.336 14.807 -57.364 40.245 14.441 
2 24 -61.768 42.854 14.75 -60.816 45.226 15.124 
2 24 -58.818 45.269 15.174 -58.133 43.336 14.807 
2 24 -60.816 45.226 15.124 -58.818 45.269 15.174 
2 24 -60.739 45.33 22.076 -61.848 42.977 22.152 
2 24 -57.891 43.386 22.145 -58.555 45.204 21.983 
2 24 -58.555 45.204 21.983 -60.739 45.33 22.076 
2 24 -61.848 42.977 22.152 -61.842 37.94 22.082 
2 24 -56.962 40.199 22.238 -57.891 43.386 22.145 
2 24 -61.842 37.94 22.082 -60.517 32.678 22.205 
2 24 -55.223 36.191 22.299 -56.962 40.199 22.238 
2 24 -56.927 28.081 22.213 -53.076 33.254 22.519 
2 24 -60.517 32.678 22.205 -56.927 28.081 22.213 
2 24 -53.076 33.254 22.519 -55.223 36.191 22.299 
2 24 -56.927 28.081 22.213 -56.472 27.308 22.306 
2 24 -52.603 32.875 23.174 -53.076 33.254 22.519 
2 24 -56.445 27.564 13.978 -56.783 28.382 14.242 
2 24 -53.057 33.111 14.207 -52.64 32.777 13.942 
2 24 -49.28 34.597 31.778 -49.039 35.381 31.573 
2 24 -50.059 35.197 22.967 -49.28 34.597 31.778 
2 24 -49.039 35.381 31.573 -49.531 35.836 22.972 
2 24 -49.039 35.381 31.573 -49.675 40.561 31.559 
2 24 -49.811 40.699 22.932 -49.531 35.836 22.972 
2 24 -49.675 40.561 31.559 -46.607 46.992 31.047 
2 24 -46.636 47.143 22.742 -49.811 40.699 22.932 
2 24 -46.607 46.992 31.047 -41.033 48.866 30.398 
2 24 -41.014 48.932 22.634 -46.636 47.143 22.742 
2 24 -41.033 48.866 30.398 -35.384 46.447 29.514 
2 24 -35.384 46.447 29.514 -35.049 46.606 23.11 
2 24 -35.049 46.606 23.11 -41.014 48.932 22.634 
2 24 -38.929 43.787 30.285 -38.929 43.787 22.985 
2 24 -35.089 45.189 29.455 -38.929 43.787 30.285 
2 24 -38.929 43.787 22.985 -35.041 45.169 23.022 
2 24 -35.041 45.169 23.022 -35.089 45.189 29.455 
2 24 -40 44 22.627 -38.929 43.787 22.985 
2 24 -38.929 43.787 30.285 -40 44 30.509 
2 24 -40 44 30.509 -42.828 42.828 30.895 
2 24 -42.828 42.828 22.637 -40 44 22.627 
2 24 -42.828 42.828 30.895 -44 40 31.293 
2 24 -44 40 22.637 -42.828 42.828 22.637 
2 24 -43.074 37.977 31.403 -42.828 37.172 31.536 
2 24 -44 40 31.293 -43.074 37.977 31.403 
2 24 -43.696 38.469 22.637 -44 40 22.637 
2 24 -26.11 31.386 26.103 -18.26 32.165 27.209 
2 24 -18.26 32.165 27.209 -11.942 33.195 28.662 
2 24 -11.942 33.195 28.662 -5.687 33.854 29.862 
2 24 6.029 30.301 28.4 7.481 22.207 27.422 
2 24 8.298 21.809 20.393 6.549 30.238 20.567 
2 24 7.481 22.207 27.422 9.255 13.206 27.089 
2 24 9.255 13.206 27.089 10.961 4.997 26.62 
2 24 10.961 4.997 26.62 10.79 -3.88 26.525 
2 24 10.79 -3.88 26.525 6.515 -10.151 25.917 
2 24 6.515 -10.151 25.917 0.301 -12.456 25.797 
2 24 0.301 -12.456 25.797 -6.628 -10.571 25.901 
2 24 -6.628 -10.571 25.901 -11.534 -5.09 25.947 
2 24 -11.534 -5.09 25.947 -11.945 2.876 26.329 
2 24 -11.945 2.876 26.329 -10.278 10.864 26.812 
2 24 -10.278 10.864 26.812 -9.282 18.523 26.754 
2 24 -9.282 18.523 26.754 -9.429 18.018 19.519 
2 24 -56.445 27.564 13.978 -56.472 27.308 22.306 
2 24 -56.927 28.081 22.213 -56.783 28.382 14.242 
2 24 -5.211 11.825 31.7 -3.174 19.249 32.428 
2 24 -6.716 3.588 31.476 -5.211 11.825 31.7 
2 24 -5.957 -1.835 31.27 -6.716 3.588 31.476 
2 24 -3.719 -4.945 31.336 -5.957 -1.835 31.27 
2 24 0.108 -5.791 31.604 -3.719 -4.945 31.336 
2 24 3.047 -4.626 31.665 0.108 -5.791 31.604 
2 24 5.119 -1.843 31.92 3.047 -4.626 31.665 
2 24 5.211 5.219 32.098 5.119 -1.843 31.92 
2 24 4.266 12.802 32.019 5.211 5.219 32.098 
2 24 3.48 21.24 32.181 4.266 12.802 32.019 
2 24 -9.282 18.523 26.754 -1.356 25.432 33.057 
2 24 -1.356 25.432 33.057 -12.761 21.02 31.075 
2 24 -12.761 21.02 31.075 -19.091 22.64 29.634 
2 24 -19.091 22.64 29.634 -24.862 22.398 27.936 
2 24 -24.862 22.398 27.936 -32.179 20.931 28.58 
2 24 -32.179 20.931 28.58 -40.15 22.737 30.862 
2 24 -40.15 22.737 30.862 -46.319 29.224 31.806 
2 24 4.678 32.72 28.838 2.061 34.442 29.267 
2 24 0.436 31.101 32.39 1.676 30.139 32.334 
2 24 5.268 33.316 20.291 2.367 34.808 20.264 
2 24 5.268 33.316 20.291 6.549 30.238 20.567 
2 24 3.103 25.85 20.158 1.464 30.524 19.961 
2 24 -18.615 29.375 30.173 -25.777 28.661 28.16 
2 24 -12.396 30.34 31.744 -18.615 29.375 30.173 
2 24 -49.28 34.597 31.778 -42.828 37.172 31.536 
2 24 -43.074 37.977 31.403 -49.039 35.381 31.573 
2 24 -31.316 31.741 28.962 -34.762 36.626 29.833 
2 24 -25.777 28.661 28.16 -31.316 31.741 28.962 
2 24 -46.319 29.224 31.806 -49.28 34.597 31.778 
2 24 -34.35 36.45 22.525 -34.762 36.626 29.833 
2 24 -31.316 31.741 28.962 -26.11 31.386 26.103 
2 24 -37.931 36.68 30.842 -34.762 36.626 29.833 
2 24 -37.931 36.68 22.52 -37.931 36.68 30.842 
2 24 -40 36 31.357 -37.931 36.68 30.842 
2 24 -42.828 37.172 31.536 -40 36 31.357 
2 24 -40.666 29.433 26.883 -33.788 29.86 25.531 
2 24 -12.396 30.34 31.744 -5.804 31.449 32.775 
2 24 -3.174 19.249 32.428 -1.356 25.432 33.057 
2 24 -41.603 28.743 13.78 -33.61 29.222 13.709 
2 24 -45.628 30.507 27.403 -40.666 29.433 26.883 
2 24 -36.624 33.808 26.661 -40.188 33.447 26.795 
2 24 -48.989 30.983 13.859 -52.64 32.777 13.942 
2 24 -52.296 25.004 13.837 -56.445 27.564 13.978 
2 24 4.678 32.72 28.838 6.029 30.301 28.4 
2 24 2.622 27.703 32.473 1.676 30.139 32.334 
2 24 2.622 27.703 32.473 3.48 21.24 32.181 
2 24 -35.089 45.189 29.455 -35.384 46.447 29.514 
2 24 -35.041 45.169 23.022 -35.049 46.606 23.11 
2 24 -0.523 7.451 18.027 3.273 6.714 18.027 
2 24 6.192 4.178 18.027 7.451 0.523 18.027 
2 24 3.273 6.714 18.027 6.192 4.178 18.027 
2 24 5.077 3.426 17.973 2.684 5.506 17.973 
2 24 2.684 5.506 17.973 -0.428 6.11 17.973 
2 24 6.11 0.428 17.973 5.077 3.426 17.973 
2 24 7.451 0.523 18.027 6.714 -3.273 18.027 
2 24 5.506 -2.684 17.973 6.11 0.428 17.973 
2 24 6.714 -3.273 18.027 4.178 -6.192 18.027 
2 24 3.426 -5.077 17.973 5.506 -2.684 17.973 
2 24 4.178 -6.192 18.027 0.523 -7.451 18.027 
2 24 0.428 -6.11 17.973 3.426 -5.077 17.973 
2 24 0.523 -7.451 18.027 -3.273 -6.714 18.027 
2 24 -2.684 -5.506 17.973 0.428 -6.11 17.973 
2 24 -3.273 -6.714 18.027 -6.192 -4.178 18.027 
2 24 -5.077 -3.426 17.973 -2.684 -5.506 17.973 
2 24 -6.192 -4.178 18.027 -7.451 -0.523 18.027 
2 24 -6.11 -0.428 17.973 -5.077 -3.426 17.973 
2 24 -7.451 -0.523 18.027 -6.714 3.273 18.027 
2 24 -5.506 2.684 17.973 -6.11 -0.428 17.973 
2 24 -6.714 3.273 18.027 -4.178 6.192 18.027 
2 24 -3.426 5.077 17.973 -5.506 2.684 17.973 
2 24 -4.178 6.192 18.027 -0.523 7.451 18.027 
2 24 -0.428 6.11 17.973 -3.426 5.077 17.973 
2 24 3.327 6.826 19.897 6.295 4.248 19.897 
2 24 6.295 4.248 19.897 7.575 0.531 19.897 
2 24 7.575 0.531 19.897 6.826 -3.327 19.897 
2 24 6.826 -3.327 19.897 4.248 -6.295 19.897 
2 24 4.248 -6.295 19.897 0.531 -7.575 19.897 
2 24 0.531 -7.575 19.897 -3.327 -6.826 19.897 
2 24 -3.327 -6.826 19.897 -6.295 -4.248 19.897 
2 24 -6.295 -4.248 19.897 -7.575 -0.531 19.897 
2 24 -7.575 -0.531 19.897 -6.826 3.327 19.897 
2 24 -6.826 3.327 19.897 -4.248 6.295 19.897 
2 24 -4.248 6.295 19.897 -0.531 7.575 19.897 
2 24 -0.531 7.575 19.897 3.327 6.826 19.897 
2 24 -2.482 5.913 2 -2.482 5.913 0 
2 24 -2.203 5.499 2 -2.482 5.913 2 
2 24 -2.482 5.913 0 -1.085 3.843 0 
2 24 -1.085 3.843 0 -1.085 3.843 6.25 
2 24 -2.203 5.499 6.25 -2.203 5.499 2 
2 24 -2.366 5.442 6.875 -2.203 5.499 6.25 
2 24 -1.085 3.843 6.25 -1.249 3.786 6.875 
2 24 -2.814 5.288 7.333 -2.366 5.442 6.875 
2 24 -1.249 3.786 6.875 -1.697 3.632 7.333 
2 24 -3.426 5.077 7.5 -2.814 5.288 7.333 
2 24 -1.697 3.632 7.333 -2.309 3.421 7.5 
2 24 -3.157 2.444 6.25 -3.157 2.444 0 
2 24 -4.555 4.515 2 -4.275 4.1 2 
2 24 -4.555 4.515 0 -4.555 4.515 2 
2 24 -3.157 2.444 0 -4.555 4.515 0 
2 24 -4.275 4.1 2 -4.275 4.1 6.25 
2 24 -3.044 2.575 6.875 -3.157 2.444 6.25 
2 24 -4.275 4.1 6.25 -4.161 4.231 6.875 
2 24 -2.733 2.933 7.333 -3.044 2.575 6.875 
2 24 -4.161 4.231 6.875 -3.85 4.589 7.333 
2 24 -2.309 3.421 7.5 -2.733 2.933 7.333 
2 24 -3.85 4.589 7.333 -3.426 5.077 7.5 
2 24 2.482 -5.913 2 2.482 -5.913 0 
2 24 2.203 -5.499 2 2.482 -5.913 2 
2 24 2.482 -5.913 0 1.085 -3.843 0 
2 24 1.085 -3.843 0 1.085 -3.843 6.25 
2 24 2.203 -5.499 6.25 2.203 -5.499 2 
2 24 2.366 -5.442 6.875 2.203 -5.499 6.25 
2 24 1.085 -3.843 6.25 1.249 -3.786 6.875 
2 24 2.814 -5.288 7.333 2.366 -5.442 6.875 
2 24 1.249 -3.786 6.875 1.697 -3.632 7.333 
2 24 3.426 -5.077 7.5 2.814 -5.288 7.333 
2 24 1.697 -3.632 7.333 2.309 -3.421 7.5 
2 24 3.85 -4.589 7.333 3.426 -5.077 7.5 
2 24 2.309 -3.421 7.5 2.733 -2.933 7.333 
2 24 4.161 -4.231 6.875 3.85 -4.589 7.333 
2 24 2.733 -2.933 7.333 3.044 -2.575 6.875 
2 24 4.275 -4.1 6.25 4.161 -4.231 6.875 
2 24 3.044 -2.575 6.875 3.157 -2.444 6.25 
2 24 4.555 -4.515 2 4.275 -4.1 2 
2 24 4.555 -4.515 0 4.555 -4.515 2 
2 24 3.157 -2.444 0 4.555 -4.515 0 
2 24 3.157 -2.444 6.25 3.157 -2.444 0 
2 24 4.275 -4.1 2 4.275 -4.1 6.25 
2 24 -4.555 4.515 2 -5.955 2.903 2 
2 24 -5.506 2.684 2 -4.275 4.1 2 
2 24 -5.955 2.903 2 -6.609 -0.463 2 
2 24 -6.11 -0.428 2 -5.506 2.684 2 
2 24 -6.609 -0.463 2 -5.492 -3.706 2 
2 24 -5.077 -3.426 2 -6.11 -0.428 2 
2 24 -5.492 -3.706 2 -2.903 -5.955 2 
2 24 -2.684 -5.506 2 -5.077 -3.426 2 
2 24 -2.903 -5.955 2 0.463 -6.609 2 
2 24 0.428 -6.11 2 -2.684 -5.506 2 
2 24 0.463 -6.609 2 2.482 -5.913 2 
2 24 2.203 -5.499 2 0.428 -6.11 2 
2 24 2.482 -5.913 0 0.463 -6.609 0 
2 24 0.289 -4.117 0 1.085 -3.843 0 
2 24 0.463 -6.609 0 -2.903 -5.955 0 
2 24 -1.809 -3.71 0 0.289 -4.117 0 
2 24 -2.903 -5.955 0 -5.492 -3.706 0 
2 24 -3.421 -2.309 0 -1.809 -3.71 0 
2 24 -5.492 -3.706 0 -6.609 -0.463 0 
2 24 -4.117 -0.289 0 -3.421 -2.309 0 
2 24 -6.609 -0.463 0 -5.955 2.903 0 
2 24 -3.71 1.809 0 -4.117 -0.289 0 
2 24 -5.955 2.903 0 -4.555 4.515 0 
2 24 -3.157 2.444 0 -3.71 1.809 0 
2 24 2.684 5.506 2 -0.428 6.11 2 
2 24 5.077 3.426 2 2.684 5.506 2 
2 24 6.11 0.428 2 5.077 3.426 2 
2 24 5.506 -2.684 2 6.11 0.428 2 
2 24 4.275 -4.1 2 5.506 -2.684 2 
2 24 -0.428 6.11 2 -2.203 5.499 2 
2 24 4.555 -4.515 2 5.955 -2.903 2 
2 24 5.955 -2.903 2 6.609 0.463 2 
2 24 6.609 0.463 2 5.492 3.706 2 
2 24 5.492 3.706 2 2.903 5.955 2 
2 24 2.903 5.955 2 -0.463 6.609 2 
2 24 -0.463 6.609 2 -2.482 5.913 2 
2 24 -2.482 5.913 0 -0.463 6.609 0 
2 24 -0.289 4.117 0 -1.085 3.843 0 
2 24 -0.463 6.609 0 2.903 5.955 0 
2 24 1.809 3.71 0 -0.289 4.117 0 
2 24 2.903 5.955 0 5.492 3.706 0 
2 24 3.421 2.309 0 1.809 3.71 0 
2 24 5.492 3.706 0 6.609 0.463 0 
2 24 4.117 0.289 0 3.421 2.309 0 
2 24 6.609 0.463 0 5.955 -2.903 0 
2 24 3.71 -1.809 0 4.117 0.289 0 
2 24 5.955 -2.903 0 4.555 -4.515 0 
2 24 3.157 -2.444 0 3.71 -1.809 0 
2 24 3.421 2.309 20 1.809 3.71 20 
2 24 1.809 3.71 20 -0.289 4.117 20 
2 24 -0.289 4.117 20 -2.309 3.421 20 
2 24 -2.309 3.421 20 -3.71 1.809 20 
2 24 -3.71 1.809 20 -4.117 -0.289 20 
2 24 -4.117 -0.289 20 -3.421 -2.309 20 
2 24 -3.421 -2.309 20 -1.809 -3.71 20 
2 24 -1.809 -3.71 20 0.289 -4.117 20 
2 24 0.289 -4.117 20 2.309 -3.421 20 
2 24 2.309 -3.421 20 3.71 -1.809 20 
2 24 3.71 -1.809 20 4.117 0.289 20 
2 24 4.117 0.289 20 3.421 2.309 20 

