0 FIGURE HEAD CLOTHING NO. 2 (Needs Work)
0 Name: 98279.dat
0 Author: <AuthorRealName> [<AuthorLDrawName>]
0 !LDRAW_ORG Unofficial_Part
0 !LICENSE Redistributable under CCAL version 2.0 : see CAreadme.txt

0 BFC CERTIFY CCW

0 !HISTORY 2013-08-14 {LEGO Digital Designer} Original part shape
0 !HISTORY 2013-08-14 [<AuthorLDrawName>] File preparation for LDraw Parts Tracker

0 // Needs Work: Clean necessary

0 // Outside
3 16 4.109 -5.752 12.646 4.21 -2 12.958 0 -5.752 13.297 
3 16 0 -2 13.625 0 -5.752 13.297 4.21 -2 12.958 
3 16 0 -12.038 4.275 1.379 -11.576 5.849 0 -9.579 10.406 
3 16 1.379 -11.576 5.849 1.596 -9.537 10.354 0 -9.579 10.406 
3 16 0 -12.475 0 2.641 -12.14 2.641 0 -12.038 4.275 
3 16 2.641 -12.14 2.641 1.379 -11.576 5.849 0 -12.038 4.275 
3 16 2.641 -12.14 2.641 4.76 -8.977 4.76 1.379 -11.576 5.849 
3 16 4.76 -8.977 4.76 4.264 -7.319 9.715 1.379 -11.576 5.849 
3 16 1.379 -11.576 5.849 4.264 -7.319 9.715 1.596 -9.537 10.354 
3 16 2.668 -8.007 12.115 0 -8.012 12.401 1.596 -9.537 10.354 
3 16 1.596 -9.537 10.354 0 -8.012 12.401 0 -9.579 10.406 
3 16 1.596 -9.537 10.354 4.264 -7.319 9.715 2.668 -8.007 12.115 
3 16 4.264 -7.319 9.715 4.908 -6.586 12.187 2.668 -8.007 12.115 
3 16 0 -8.012 12.401 2.668 -8.007 12.115 0 -5.752 13.297 
3 16 2.668 -8.007 12.115 4.908 -6.586 12.187 0 -5.752 13.297 
3 16 4.908 -6.586 12.187 4.109 -5.752 12.646 0 -5.752 13.297 
3 16 4.109 -5.752 12.646 4.908 -6.586 12.187 7.816 -5.752 10.757 
3 16 4.908 -6.586 12.187 7.389 -6.409 10.922 7.816 -5.752 10.757 
3 16 7.389 -6.409 10.922 7.53 -6.873 7.53 10.922 -6.409 7.389 
3 16 4.908 -6.586 12.187 4.264 -7.319 9.715 7.389 -6.409 10.922 
3 16 7.816 -5.752 10.757 8.009 -2 11.023 4.109 -5.752 12.646 
3 16 4.109 -5.752 12.646 8.009 -2 11.023 4.21 -2 12.958 
3 16 4.76 -8.977 4.76 7.53 -6.873 7.53 4.264 -7.319 9.715 
3 16 7.389 -6.409 10.922 4.264 -7.319 9.715 7.53 -6.873 7.53 
3 16 10.757 -5.752 7.816 11.023 -2 8.009 7.816 -5.752 10.757 
3 16 11.023 -2 8.009 8.009 -2 11.023 7.816 -5.752 10.757 
3 16 12.115 -8.007 2.668 10.354 -9.537 1.596 12.401 -8.012 0 
3 16 10.354 -9.537 1.596 10.406 -9.579 0 12.401 -8.012 0 
3 16 12.401 -8.012 0 13.297 -5.752 0 12.115 -8.007 2.668 
3 16 12.115 -8.007 2.668 13.297 -5.752 0 12.187 -6.586 4.908 
3 16 13.297 -5.752 0 12.646 -5.752 4.109 12.187 -6.586 4.908 
3 16 12.958 -2 4.21 12.646 -5.752 4.109 13.625 -2 0 
3 16 13.297 -5.752 0 13.625 -2 0 12.646 -5.752 4.109 
3 16 0 -12.475 0 4.275 -12.038 0 2.641 -12.14 2.641 
3 16 2.641 -12.14 2.641 4.275 -12.038 0 5.849 -11.576 1.379 
3 16 4.275 -12.038 0 10.406 -9.579 0 5.849 -11.576 1.379 
3 16 10.406 -9.579 0 10.354 -9.537 1.596 5.849 -11.576 1.379 
3 16 2.641 -12.14 2.641 5.849 -11.576 1.379 4.76 -8.977 4.76 
3 16 4.76 -8.977 4.76 5.849 -11.576 1.379 9.715 -7.319 4.264 
3 16 5.849 -11.576 1.379 10.354 -9.537 1.596 9.715 -7.319 4.264 
3 16 10.354 -9.537 1.596 12.115 -8.007 2.668 9.715 -7.319 4.264 
3 16 12.115 -8.007 2.668 12.187 -6.586 4.908 9.715 -7.319 4.264 
3 16 12.187 -6.586 4.908 12.646 -5.752 4.109 10.922 -6.409 7.389 
3 16 10.922 -6.409 7.389 12.646 -5.752 4.109 10.757 -5.752 7.816 
3 16 12.187 -6.586 4.908 10.922 -6.409 7.389 9.715 -7.319 4.264 
3 16 12.646 -5.752 4.109 12.958 -2 4.21 10.757 -5.752 7.816 
3 16 11.023 -2 8.009 10.757 -5.752 7.816 12.958 -2 4.21 
3 16 4.76 -8.977 4.76 9.715 -7.319 4.264 7.53 -6.873 7.53 
3 16 10.922 -6.409 7.389 7.53 -6.873 7.53 9.715 -7.319 4.264 
3 16 7.816 -5.752 10.757 7.389 -6.409 10.922 10.757 -5.752 7.816 
3 16 7.389 -6.409 10.922 10.922 -6.409 7.389 10.757 -5.752 7.816 
3 16 14.503 -2 0 14.875 2.25 0 13.793 -2 4.482 
3 16 13.793 -2 4.482 14.875 2.25 0 14.147 2.25 4.597 
3 16 0 -2 14.503 0 -2 0 4.482 -2 13.793 
3 16 4.482 -2 13.793 0 -2 0 8.525 -2 11.733 
3 16 8.525 -2 11.733 0 -2 0 11.733 -2 8.525 
3 16 11.733 -2 8.525 0 -2 0 13.793 -2 4.482 
3 16 4.482 -2 13.793 4.597 2.25 14.147 0 -2 14.503 
3 16 4.597 2.25 14.147 0 2.25 14.875 0 -2 14.503 
3 16 4.597 2.25 14.147 4.482 -2 13.793 8.743 2.25 12.034 
3 16 4.482 -2 13.793 8.525 -2 11.733 8.743 2.25 12.034 
3 16 8.743 2.25 12.034 8.525 -2 11.733 12.034 2.25 8.743 
3 16 8.525 -2 11.733 11.733 -2 8.525 12.034 2.25 8.743 
3 16 12.034 2.25 8.743 11.733 -2 8.525 14.147 2.25 4.597 
3 16 11.733 -2 8.525 13.793 -2 4.482 14.147 2.25 4.597 
3 16 13.793 -2 4.482 0 -2 0 14.503 -2 0 
3 16 26.906 2.25 0 26.906 5.25 0 25.589 2.25 8.314 
3 16 26.906 5.25 0 25.589 5.25 8.314 25.589 2.25 8.314 
3 16 25.589 5.25 8.314 26.906 5.25 0 12.75 5.25 0 
3 16 12.75 5.25 0 12.505 3.455 0 12.126 5.25 3.94 
3 16 12.505 3.455 0 11.893 3.455 3.864 12.126 5.25 3.94 
3 16 10.163 0.953 3.302 11.893 3.455 3.864 10.686 0.953 0 
3 16 11.893 3.455 3.864 12.505 3.455 0 10.686 0.953 0 
3 16 7.371 0 2.395 10.163 0.953 3.302 7.75 0 0 
3 16 10.163 0.953 3.302 10.686 0.953 0 7.75 0 0 
3 16 0 2.25 26.906 0 2.25 14.875 8.314 2.25 25.589 
3 16 0 2.25 14.875 10.129 2.25 10.129 8.314 2.25 25.589 
3 16 8.314 2.25 25.589 10.129 2.25 10.129 15.815 2.25 21.767 
3 16 15.815 2.25 21.767 10.129 2.25 10.129 21.767 2.25 15.815 
3 16 26.906 2.25 0 25.589 2.25 8.314 14.875 2.25 0 
3 16 14.875 2.25 0 25.589 2.25 8.314 10.129 2.25 10.129 
3 16 10.129 2.25 10.129 25.589 2.25 8.314 21.767 2.25 15.815 
3 16 0 5.25 26.906 0 2.25 26.906 8.314 5.25 25.589 
3 16 0 2.25 26.906 8.314 2.25 25.589 8.314 5.25 25.589 
3 16 8.314 5.25 25.589 8.314 2.25 25.589 15.815 5.25 21.767 
3 16 8.314 2.25 25.589 15.815 2.25 21.767 15.815 5.25 21.767 
3 16 15.815 5.25 21.767 15.815 2.25 21.767 21.767 5.25 15.815 
3 16 15.815 2.25 21.767 21.767 2.25 15.815 21.767 5.25 15.815 
3 16 21.767 5.25 15.815 21.767 2.25 15.815 25.589 5.25 8.314 
3 16 21.767 2.25 15.815 25.589 2.25 8.314 25.589 5.25 8.314 
3 16 0 5.25 12.75 0 5.25 26.906 3.94 5.25 12.126 
3 16 3.94 5.25 12.126 0 5.25 26.906 8.314 5.25 25.589 
3 16 8.314 5.25 25.589 15.815 5.25 21.767 7.494 5.25 10.315 
3 16 15.815 5.25 21.767 10.315 5.25 7.494 7.494 5.25 10.315 
3 16 3.94 5.25 12.126 8.314 5.25 25.589 7.494 5.25 10.315 
3 16 12.75 5.25 0 12.126 5.25 3.94 25.589 5.25 8.314 
3 16 15.815 5.25 21.767 21.767 5.25 15.815 10.315 5.25 7.494 
3 16 10.315 5.25 7.494 21.767 5.25 15.815 12.126 5.25 3.94 
3 16 25.589 5.25 8.314 12.126 5.25 3.94 21.767 5.25 15.815 
3 16 3.864 3.455 11.893 3.94 5.25 12.126 7.35 3.455 10.117 
3 16 3.94 5.25 12.126 7.494 5.25 10.315 7.35 3.455 10.117 
3 16 7.35 3.455 10.117 7.494 5.25 10.315 10.117 3.455 7.35 
3 16 7.494 5.25 10.315 10.315 5.25 7.494 10.117 3.455 7.35 
3 16 10.117 3.455 7.35 10.315 5.25 7.494 11.893 3.455 3.864 
3 16 10.315 5.25 7.494 12.126 5.25 3.94 11.893 3.455 3.864 
3 16 3.302 0.953 10.163 3.864 3.455 11.893 6.281 0.953 8.645 
3 16 3.864 3.455 11.893 7.35 3.455 10.117 6.281 0.953 8.645 
3 16 6.281 0.953 8.645 7.35 3.455 10.117 8.645 0.953 6.281 
3 16 7.35 3.455 10.117 10.117 3.455 7.35 8.645 0.953 6.281 
3 16 8.645 0.953 6.281 10.117 3.455 7.35 10.163 0.953 3.302 
3 16 10.117 3.455 7.35 11.893 3.455 3.864 10.163 0.953 3.302 
3 16 2.395 0 7.371 3.302 0.953 10.163 4.555 0 6.27 
3 16 3.302 0.953 10.163 6.281 0.953 8.645 4.555 0 6.27 
3 16 4.555 0 6.27 6.281 0.953 8.645 6.27 0 4.555 
3 16 6.281 0.953 8.645 8.645 0.953 6.281 6.27 0 4.555 
3 16 6.27 0 4.555 8.645 0.953 6.281 7.371 0 2.395 
3 16 8.645 0.953 6.281 10.163 0.953 3.302 7.371 0 2.395 
3 16 0 0 7.75 2.395 0 7.371 0 0 0 
3 16 2.395 0 7.371 4.555 0 6.27 0 0 0 
3 16 4.555 0 6.27 6.27 0 4.555 0 0 0 
3 16 6.27 0 4.555 7.371 0 2.395 0 0 0 
3 16 0 0 0 7.371 0 2.395 7.75 0 0 
3 16 0 3.455 12.505 0 5.25 12.75 3.864 3.455 11.893 
3 16 3.864 3.455 11.893 0 5.25 12.75 3.94 5.25 12.126 
3 16 0 0.953 10.686 0 3.455 12.505 3.302 0.953 10.163 
3 16 3.302 0.953 10.163 0 3.455 12.505 3.864 3.455 11.893 
3 16 3.302 0.953 10.163 2.395 0 7.371 0 0.953 10.686 
3 16 0 0 7.75 0 0.953 10.686 2.395 0 7.371 
3 16 -12.646 -5.752 4.109 -12.958 -2 4.21 -13.297 -5.752 0 
3 16 -13.625 -2 0 -13.297 -5.752 0 -12.958 -2 4.21 
3 16 -4.275 -12.038 0 -5.849 -11.576 1.379 -10.406 -9.579 0 
3 16 -5.849 -11.576 1.379 -10.354 -9.537 1.596 -10.406 -9.579 0 
3 16 0 -12.475 0 -2.641 -12.14 2.641 -4.275 -12.038 0 
3 16 -2.641 -12.14 2.641 -5.849 -11.576 1.379 -4.275 -12.038 0 
3 16 -2.641 -12.14 2.641 -4.76 -8.977 4.76 -5.849 -11.576 1.379 
3 16 -4.76 -8.977 4.76 -9.715 -7.319 4.264 -5.849 -11.576 1.379 
3 16 -5.849 -11.576 1.379 -9.715 -7.319 4.264 -10.354 -9.537 1.596 
3 16 -12.115 -8.007 2.668 -12.401 -8.012 0 -10.354 -9.537 1.596 
3 16 -10.354 -9.537 1.596 -12.401 -8.012 0 -10.406 -9.579 0 
3 16 -10.354 -9.537 1.596 -9.715 -7.319 4.264 -12.115 -8.007 2.668 
3 16 -9.715 -7.319 4.264 -12.187 -6.586 4.908 -12.115 -8.007 2.668 
3 16 -12.401 -8.012 0 -12.115 -8.007 2.668 -13.297 -5.752 0 
3 16 -12.115 -8.007 2.668 -12.187 -6.586 4.908 -13.297 -5.752 0 
3 16 -12.187 -6.586 4.908 -12.646 -5.752 4.109 -13.297 -5.752 0 
3 16 -12.646 -5.752 4.109 -12.187 -6.586 4.908 -10.757 -5.752 7.816 
3 16 -12.187 -6.586 4.908 -10.922 -6.409 7.389 -10.757 -5.752 7.816 
3 16 -10.922 -6.409 7.389 -7.53 -6.873 7.53 -7.389 -6.409 10.922 
3 16 -12.187 -6.586 4.908 -9.715 -7.319 4.264 -10.922 -6.409 7.389 
3 16 -10.757 -5.752 7.816 -11.023 -2 8.009 -12.646 -5.752 4.109 
3 16 -12.646 -5.752 4.109 -11.023 -2 8.009 -12.958 -2 4.21 
3 16 -4.76 -8.977 4.76 -7.53 -6.873 7.53 -9.715 -7.319 4.264 
3 16 -10.922 -6.409 7.389 -9.715 -7.319 4.264 -7.53 -6.873 7.53 
3 16 -7.816 -5.752 10.757 -8.009 -2 11.023 -10.757 -5.752 7.816 
3 16 -8.009 -2 11.023 -11.023 -2 8.009 -10.757 -5.752 7.816 
3 16 -2.668 -8.007 12.115 -1.596 -9.537 10.354 0 -8.012 12.401 
3 16 -1.596 -9.537 10.354 0 -9.579 10.406 0 -8.012 12.401 
3 16 0 -8.012 12.401 0 -5.752 13.297 -2.668 -8.007 12.115 
3 16 -2.668 -8.007 12.115 0 -5.752 13.297 -4.908 -6.586 12.187 
3 16 0 -5.752 13.297 -4.109 -5.752 12.646 -4.908 -6.586 12.187 
3 16 -4.21 -2 12.958 -4.109 -5.752 12.646 0 -2 13.625 
3 16 0 -5.752 13.297 0 -2 13.625 -4.109 -5.752 12.646 
3 16 0 -12.475 0 0 -12.038 4.275 -2.641 -12.14 2.641 
3 16 -2.641 -12.14 2.641 0 -12.038 4.275 -1.379 -11.576 5.849 
3 16 0 -12.038 4.275 0 -9.579 10.406 -1.379 -11.576 5.849 
3 16 0 -9.579 10.406 -1.596 -9.537 10.354 -1.379 -11.576 5.849 
3 16 -2.641 -12.14 2.641 -1.379 -11.576 5.849 -4.76 -8.977 4.76 
3 16 -4.76 -8.977 4.76 -1.379 -11.576 5.849 -4.264 -7.319 9.715 
3 16 -1.379 -11.576 5.849 -1.596 -9.537 10.354 -4.264 -7.319 9.715 
3 16 -1.596 -9.537 10.354 -2.668 -8.007 12.115 -4.264 -7.319 9.715 
3 16 -2.668 -8.007 12.115 -4.908 -6.586 12.187 -4.264 -7.319 9.715 
3 16 -4.908 -6.586 12.187 -4.109 -5.752 12.646 -7.389 -6.409 10.922 
3 16 -7.389 -6.409 10.922 -4.109 -5.752 12.646 -7.816 -5.752 10.757 
3 16 -4.908 -6.586 12.187 -7.389 -6.409 10.922 -4.264 -7.319 9.715 
3 16 -4.109 -5.752 12.646 -4.21 -2 12.958 -7.816 -5.752 10.757 
3 16 -8.009 -2 11.023 -7.816 -5.752 10.757 -4.21 -2 12.958 
3 16 -4.76 -8.977 4.76 -4.264 -7.319 9.715 -7.53 -6.873 7.53 
3 16 -7.389 -6.409 10.922 -7.53 -6.873 7.53 -4.264 -7.319 9.715 
3 16 -10.757 -5.752 7.816 -10.922 -6.409 7.389 -7.816 -5.752 10.757 
3 16 -10.922 -6.409 7.389 -7.389 -6.409 10.922 -7.816 -5.752 10.757 
3 16 0 -2 14.503 0 2.25 14.875 -4.482 -2 13.793 
3 16 -4.482 -2 13.793 0 2.25 14.875 -4.597 2.25 14.147 
3 16 -14.503 -2 0 0 -2 0 -13.793 -2 4.482 
3 16 -13.793 -2 4.482 0 -2 0 -11.733 -2 8.525 
3 16 -11.733 -2 8.525 0 -2 0 -8.525 -2 11.733 
3 16 -8.525 -2 11.733 0 -2 0 -4.482 -2 13.793 
3 16 -13.793 -2 4.482 -14.147 2.25 4.597 -14.503 -2 0 
3 16 -14.147 2.25 4.597 -14.875 2.25 0 -14.503 -2 0 
3 16 -14.147 2.25 4.597 -13.793 -2 4.482 -12.034 2.25 8.743 
3 16 -13.793 -2 4.482 -11.733 -2 8.525 -12.034 2.25 8.743 
3 16 -12.034 2.25 8.743 -11.733 -2 8.525 -8.743 2.25 12.034 
3 16 -11.733 -2 8.525 -8.525 -2 11.733 -8.743 2.25 12.034 
3 16 -8.743 2.25 12.034 -8.525 -2 11.733 -4.597 2.25 14.147 
3 16 -8.525 -2 11.733 -4.482 -2 13.793 -4.597 2.25 14.147 
3 16 -4.482 -2 13.793 0 -2 0 0 -2 14.503 
3 16 0 2.25 26.906 0 5.25 26.906 -8.314 2.25 25.589 
3 16 0 5.25 26.906 -8.314 5.25 25.589 -8.314 2.25 25.589 
3 16 -8.314 5.25 25.589 0 5.25 26.906 0 5.25 12.75 
3 16 0 5.25 12.75 0 3.455 12.505 -3.94 5.25 12.126 
3 16 0 3.455 12.505 -3.864 3.455 11.893 -3.94 5.25 12.126 
3 16 -3.302 0.953 10.163 -3.864 3.455 11.893 0 0.953 10.686 
3 16 -3.864 3.455 11.893 0 3.455 12.505 0 0.953 10.686 
3 16 -2.395 0 7.371 -3.302 0.953 10.163 0 0 7.75 
3 16 -3.302 0.953 10.163 0 0.953 10.686 0 0 7.75 
3 16 -26.906 2.25 0 -14.875 2.25 0 -25.589 2.25 8.314 
3 16 -14.875 2.25 0 -10.129 2.25 10.129 -25.589 2.25 8.314 
3 16 -25.589 2.25 8.314 -10.129 2.25 10.129 -21.767 2.25 15.815 
3 16 -21.767 2.25 15.815 -10.129 2.25 10.129 -15.815 2.25 21.767 
3 16 0 2.25 26.906 -8.314 2.25 25.589 0 2.25 14.875 
3 16 0 2.25 14.875 -8.314 2.25 25.589 -10.129 2.25 10.129 
3 16 -10.129 2.25 10.129 -8.314 2.25 25.589 -15.815 2.25 21.767 
3 16 -26.906 5.25 0 -26.906 2.25 0 -25.589 5.25 8.314 
3 16 -26.906 2.25 0 -25.589 2.25 8.314 -25.589 5.25 8.314 
3 16 -25.589 5.25 8.314 -25.589 2.25 8.314 -21.767 5.25 15.815 
3 16 -25.589 2.25 8.314 -21.767 2.25 15.815 -21.767 5.25 15.815 
3 16 -21.767 5.25 15.815 -21.767 2.25 15.815 -15.815 5.25 21.767 
3 16 -21.767 2.25 15.815 -15.815 2.25 21.767 -15.815 5.25 21.767 
3 16 -15.815 5.25 21.767 -15.815 2.25 21.767 -8.314 5.25 25.589 
3 16 -15.815 2.25 21.767 -8.314 2.25 25.589 -8.314 5.25 25.589 
3 16 -12.75 5.25 0 -26.906 5.25 0 -12.126 5.25 3.94 
3 16 -12.126 5.25 3.94 -26.906 5.25 0 -25.589 5.25 8.314 
3 16 -25.589 5.25 8.314 -21.767 5.25 15.815 -10.315 5.25 7.494 
3 16 -21.767 5.25 15.815 -7.494 5.25 10.315 -10.315 5.25 7.494 
3 16 -12.126 5.25 3.94 -25.589 5.25 8.314 -10.315 5.25 7.494 
3 16 0 5.25 12.75 -3.94 5.25 12.126 -8.314 5.25 25.589 
3 16 -21.767 5.25 15.815 -15.815 5.25 21.767 -7.494 5.25 10.315 
3 16 -7.494 5.25 10.315 -15.815 5.25 21.767 -3.94 5.25 12.126 
3 16 -8.314 5.25 25.589 -3.94 5.25 12.126 -15.815 5.25 21.767 
3 16 -11.893 3.455 3.864 -12.126 5.25 3.94 -10.117 3.455 7.35 
3 16 -12.126 5.25 3.94 -10.315 5.25 7.494 -10.117 3.455 7.35 
3 16 -10.117 3.455 7.35 -10.315 5.25 7.494 -7.35 3.455 10.117 
3 16 -10.315 5.25 7.494 -7.494 5.25 10.315 -7.35 3.455 10.117 
3 16 -7.35 3.455 10.117 -7.494 5.25 10.315 -3.864 3.455 11.893 
3 16 -7.494 5.25 10.315 -3.94 5.25 12.126 -3.864 3.455 11.893 
3 16 -10.163 0.953 3.302 -11.893 3.455 3.864 -8.645 0.953 6.281 
3 16 -11.893 3.455 3.864 -10.117 3.455 7.35 -8.645 0.953 6.281 
3 16 -8.645 0.953 6.281 -10.117 3.455 7.35 -6.281 0.953 8.645 
3 16 -10.117 3.455 7.35 -7.35 3.455 10.117 -6.281 0.953 8.645 
3 16 -6.281 0.953 8.645 -7.35 3.455 10.117 -3.302 0.953 10.163 
3 16 -7.35 3.455 10.117 -3.864 3.455 11.893 -3.302 0.953 10.163 
3 16 -7.371 0 2.395 -10.163 0.953 3.302 -6.27 0 4.555 
3 16 -10.163 0.953 3.302 -8.645 0.953 6.281 -6.27 0 4.555 
3 16 -6.27 0 4.555 -8.645 0.953 6.281 -4.555 0 6.27 
3 16 -8.645 0.953 6.281 -6.281 0.953 8.645 -4.555 0 6.27 
3 16 -4.555 0 6.27 -6.281 0.953 8.645 -2.395 0 7.371 
3 16 -6.281 0.953 8.645 -3.302 0.953 10.163 -2.395 0 7.371 
3 16 -7.75 0 0 -7.371 0 2.395 0 0 0 
3 16 -7.371 0 2.395 -6.27 0 4.555 0 0 0 
3 16 -6.27 0 4.555 -4.555 0 6.27 0 0 0 
3 16 -4.555 0 6.27 -2.395 0 7.371 0 0 0 
3 16 0 0 0 -2.395 0 7.371 0 0 7.75 
3 16 -12.505 3.455 0 -12.75 5.25 0 -11.893 3.455 3.864 
3 16 -11.893 3.455 3.864 -12.75 5.25 0 -12.126 5.25 3.94 
3 16 -10.686 0.953 0 -12.505 3.455 0 -10.163 0.953 3.302 
3 16 -10.163 0.953 3.302 -12.505 3.455 0 -11.893 3.455 3.864 
3 16 -10.163 0.953 3.302 -7.371 0 2.395 -10.686 0.953 0 
3 16 -7.75 0 0 -10.686 0.953 0 -7.371 0 2.395 
3 16 -4.109 -5.752 -12.646 -4.21 -2 -12.958 0 -5.752 -13.297 
3 16 0 -2 -13.625 0 -5.752 -13.297 -4.21 -2 -12.958 
3 16 0 -12.038 -4.275 -1.379 -11.576 -5.849 0 -9.579 -10.406 
3 16 -1.379 -11.576 -5.849 -1.596 -9.537 -10.354 0 -9.579 -10.406 
3 16 0 -12.475 0 -2.641 -12.14 -2.641 0 -12.038 -4.275 
3 16 -2.641 -12.14 -2.641 -1.379 -11.576 -5.849 0 -12.038 -4.275 
3 16 -2.641 -12.14 -2.641 -4.76 -8.977 -4.76 -1.379 -11.576 -5.849 
3 16 -4.76 -8.977 -4.76 -4.264 -7.319 -9.715 -1.379 -11.576 -5.849 
3 16 -1.379 -11.576 -5.849 -4.264 -7.319 -9.715 -1.596 -9.537 -10.354 
3 16 -2.668 -8.007 -12.115 0 -8.012 -12.401 -1.596 -9.537 -10.354 
3 16 -1.596 -9.537 -10.354 0 -8.012 -12.401 0 -9.579 -10.406 
3 16 -1.596 -9.537 -10.354 -4.264 -7.319 -9.715 -2.668 -8.007 -12.115 
3 16 -4.264 -7.319 -9.715 -4.908 -6.586 -12.187 -2.668 -8.007 -12.115 
3 16 0 -8.012 -12.401 -2.668 -8.007 -12.115 0 -5.752 -13.297 
3 16 -2.668 -8.007 -12.115 -4.908 -6.586 -12.187 0 -5.752 -13.297 
3 16 -4.908 -6.586 -12.187 -4.109 -5.752 -12.646 0 -5.752 -13.297 
3 16 -4.109 -5.752 -12.646 -4.908 -6.586 -12.187 -7.816 -5.752 -10.757 
3 16 -4.908 -6.586 -12.187 -7.389 -6.409 -10.922 -7.816 -5.752 -10.757 
3 16 -7.389 -6.409 -10.922 -7.53 -6.873 -7.53 -10.922 -6.409 -7.389 
3 16 -4.908 -6.586 -12.187 -4.264 -7.319 -9.715 -7.389 -6.409 -10.922 
3 16 -7.816 -5.752 -10.757 -8.009 -2 -11.023 -4.109 -5.752 -12.646 
3 16 -4.109 -5.752 -12.646 -8.009 -2 -11.023 -4.21 -2 -12.958 
3 16 -4.76 -8.977 -4.76 -7.53 -6.873 -7.53 -4.264 -7.319 -9.715 
3 16 -7.389 -6.409 -10.922 -4.264 -7.319 -9.715 -7.53 -6.873 -7.53 
3 16 -10.757 -5.752 -7.816 -11.023 -2 -8.009 -7.816 -5.752 -10.757 
3 16 -11.023 -2 -8.009 -8.009 -2 -11.023 -7.816 -5.752 -10.757 
3 16 -12.115 -8.007 -2.668 -10.354 -9.537 -1.596 -12.401 -8.012 0 
3 16 -10.354 -9.537 -1.596 -10.406 -9.579 0 -12.401 -8.012 0 
3 16 -12.401 -8.012 0 -13.297 -5.752 0 -12.115 -8.007 -2.668 
3 16 -12.115 -8.007 -2.668 -13.297 -5.752 0 -12.187 -6.586 -4.908 
3 16 -13.297 -5.752 0 -12.646 -5.752 -4.109 -12.187 -6.586 -4.908 
3 16 -12.958 -2 -4.21 -12.646 -5.752 -4.109 -13.625 -2 0 
3 16 -13.297 -5.752 0 -13.625 -2 0 -12.646 -5.752 -4.109 
3 16 0 -12.475 0 -4.275 -12.038 0 -2.641 -12.14 -2.641 
3 16 -2.641 -12.14 -2.641 -4.275 -12.038 0 -5.849 -11.576 -1.379 
3 16 -4.275 -12.038 0 -10.406 -9.579 0 -5.849 -11.576 -1.379 
3 16 -10.406 -9.579 0 -10.354 -9.537 -1.596 -5.849 -11.576 -1.379 
3 16 -2.641 -12.14 -2.641 -5.849 -11.576 -1.379 -4.76 -8.977 -4.76 
3 16 -4.76 -8.977 -4.76 -5.849 -11.576 -1.379 -9.715 -7.319 -4.264 
3 16 -5.849 -11.576 -1.379 -10.354 -9.537 -1.596 -9.715 -7.319 -4.264 
3 16 -10.354 -9.537 -1.596 -12.115 -8.007 -2.668 -9.715 -7.319 -4.264 
3 16 -12.115 -8.007 -2.668 -12.187 -6.586 -4.908 -9.715 -7.319 -4.264 
3 16 -12.187 -6.586 -4.908 -12.646 -5.752 -4.109 -10.922 -6.409 -7.389 
3 16 -10.922 -6.409 -7.389 -12.646 -5.752 -4.109 -10.757 -5.752 -7.816 
3 16 -12.187 -6.586 -4.908 -10.922 -6.409 -7.389 -9.715 -7.319 -4.264 
3 16 -12.646 -5.752 -4.109 -12.958 -2 -4.21 -10.757 -5.752 -7.816 
3 16 -11.023 -2 -8.009 -10.757 -5.752 -7.816 -12.958 -2 -4.21 
3 16 -4.76 -8.977 -4.76 -9.715 -7.319 -4.264 -7.53 -6.873 -7.53 
3 16 -10.922 -6.409 -7.389 -7.53 -6.873 -7.53 -9.715 -7.319 -4.264 
3 16 -7.816 -5.752 -10.757 -7.389 -6.409 -10.922 -10.757 -5.752 -7.816 
3 16 -7.389 -6.409 -10.922 -10.922 -6.409 -7.389 -10.757 -5.752 -7.816 
3 16 -14.503 -2 0 -14.875 2.25 0 -13.793 -2 -4.482 
3 16 -13.793 -2 -4.482 -14.875 2.25 0 -14.147 2.25 -4.597 
3 16 0 -2 -14.503 0 -2 0 -4.482 -2 -13.793 
3 16 -4.482 -2 -13.793 0 -2 0 -8.525 -2 -11.733 
3 16 -8.525 -2 -11.733 0 -2 0 -11.733 -2 -8.525 
3 16 -11.733 -2 -8.525 0 -2 0 -13.793 -2 -4.482 
3 16 -4.482 -2 -13.793 -4.597 2.25 -14.147 0 -2 -14.503 
3 16 -4.597 2.25 -14.147 0 2.25 -14.875 0 -2 -14.503 
3 16 -4.597 2.25 -14.147 -4.482 -2 -13.793 -8.743 2.25 -12.034 
3 16 -4.482 -2 -13.793 -8.525 -2 -11.733 -8.743 2.25 -12.034 
3 16 -8.743 2.25 -12.034 -8.525 -2 -11.733 -12.034 2.25 -8.743 
3 16 -8.525 -2 -11.733 -11.733 -2 -8.525 -12.034 2.25 -8.743 
3 16 -12.034 2.25 -8.743 -11.733 -2 -8.525 -14.147 2.25 -4.597 
3 16 -11.733 -2 -8.525 -13.793 -2 -4.482 -14.147 2.25 -4.597 
3 16 -13.793 -2 -4.482 0 -2 0 -14.503 -2 0 
3 16 -26.906 2.25 0 -26.906 5.25 0 -25.589 2.25 -8.314 
3 16 -26.906 5.25 0 -25.589 5.25 -8.314 -25.589 2.25 -8.314 
3 16 -25.589 5.25 -8.314 -26.906 5.25 0 -12.75 5.25 0 
3 16 -12.75 5.25 0 -12.505 3.455 0 -12.126 5.25 -3.94 
3 16 -12.505 3.455 0 -11.893 3.455 -3.864 -12.126 5.25 -3.94 
3 16 -10.163 0.953 -3.302 -11.893 3.455 -3.864 -10.686 0.953 0 
3 16 -11.893 3.455 -3.864 -12.505 3.455 0 -10.686 0.953 0 
3 16 -7.371 0 -2.395 -10.163 0.953 -3.302 -7.75 0 0 
3 16 -10.163 0.953 -3.302 -10.686 0.953 0 -7.75 0 0 
3 16 0 2.25 -26.906 0 2.25 -14.875 -8.314 2.25 -25.589 
3 16 0 2.25 -14.875 -10.129 2.25 -10.129 -8.314 2.25 -25.589 
3 16 -8.314 2.25 -25.589 -10.129 2.25 -10.129 -15.815 2.25 -21.767 
3 16 -15.815 2.25 -21.767 -10.129 2.25 -10.129 -21.767 2.25 -15.815 
3 16 -26.906 2.25 0 -25.589 2.25 -8.314 -14.875 2.25 0 
3 16 -14.875 2.25 0 -25.589 2.25 -8.314 -10.129 2.25 -10.129 
3 16 -10.129 2.25 -10.129 -25.589 2.25 -8.314 -21.767 2.25 -15.815 
3 16 0 5.25 -26.906 0 2.25 -26.906 -8.314 5.25 -25.589 
3 16 0 2.25 -26.906 -8.314 2.25 -25.589 -8.314 5.25 -25.589 
3 16 -8.314 5.25 -25.589 -8.314 2.25 -25.589 -15.815 5.25 -21.767 
3 16 -8.314 2.25 -25.589 -15.815 2.25 -21.767 -15.815 5.25 -21.767 
3 16 -15.815 5.25 -21.767 -15.815 2.25 -21.767 -21.767 5.25 -15.815 
3 16 -15.815 2.25 -21.767 -21.767 2.25 -15.815 -21.767 5.25 -15.815 
3 16 -21.767 5.25 -15.815 -21.767 2.25 -15.815 -25.589 5.25 -8.314 
3 16 -21.767 2.25 -15.815 -25.589 2.25 -8.314 -25.589 5.25 -8.314 
3 16 0 5.25 -12.75 0 5.25 -26.906 -3.94 5.25 -12.126 
3 16 -3.94 5.25 -12.126 0 5.25 -26.906 -8.314 5.25 -25.589 
3 16 -8.314 5.25 -25.589 -15.815 5.25 -21.767 -7.494 5.25 -10.315 
3 16 -15.815 5.25 -21.767 -10.315 5.25 -7.494 -7.494 5.25 -10.315 
3 16 -3.94 5.25 -12.126 -8.314 5.25 -25.589 -7.494 5.25 -10.315 
3 16 -12.75 5.25 0 -12.126 5.25 -3.94 -25.589 5.25 -8.314 
3 16 -15.815 5.25 -21.767 -21.767 5.25 -15.815 -10.315 5.25 -7.494 
3 16 -10.315 5.25 -7.494 -21.767 5.25 -15.815 -12.126 5.25 -3.94 
3 16 -25.589 5.25 -8.314 -12.126 5.25 -3.94 -21.767 5.25 -15.815 
3 16 -3.864 3.455 -11.893 -3.94 5.25 -12.126 -7.35 3.455 -10.117 
3 16 -3.94 5.25 -12.126 -7.494 5.25 -10.315 -7.35 3.455 -10.117 
3 16 -7.35 3.455 -10.117 -7.494 5.25 -10.315 -10.117 3.455 -7.35 
3 16 -7.494 5.25 -10.315 -10.315 5.25 -7.494 -10.117 3.455 -7.35 
3 16 -10.117 3.455 -7.35 -10.315 5.25 -7.494 -11.893 3.455 -3.864 
3 16 -10.315 5.25 -7.494 -12.126 5.25 -3.94 -11.893 3.455 -3.864 
3 16 -3.302 0.953 -10.163 -3.864 3.455 -11.893 -6.281 0.953 -8.645 
3 16 -3.864 3.455 -11.893 -7.35 3.455 -10.117 -6.281 0.953 -8.645 
3 16 -6.281 0.953 -8.645 -7.35 3.455 -10.117 -8.645 0.953 -6.281 
3 16 -7.35 3.455 -10.117 -10.117 3.455 -7.35 -8.645 0.953 -6.281 
3 16 -8.645 0.953 -6.281 -10.117 3.455 -7.35 -10.163 0.953 -3.302 
3 16 -10.117 3.455 -7.35 -11.893 3.455 -3.864 -10.163 0.953 -3.302 
3 16 -2.395 0 -7.371 -3.302 0.953 -10.163 -4.555 0 -6.27 
3 16 -3.302 0.953 -10.163 -6.281 0.953 -8.645 -4.555 0 -6.27 
3 16 -4.555 0 -6.27 -6.281 0.953 -8.645 -6.27 0 -4.555 
3 16 -6.281 0.953 -8.645 -8.645 0.953 -6.281 -6.27 0 -4.555 
3 16 -6.27 0 -4.555 -8.645 0.953 -6.281 -7.371 0 -2.395 
3 16 -8.645 0.953 -6.281 -10.163 0.953 -3.302 -7.371 0 -2.395 
3 16 0 0 -7.75 -2.395 0 -7.371 0 0 0 
3 16 -2.395 0 -7.371 -4.555 0 -6.27 0 0 0 
3 16 -4.555 0 -6.27 -6.27 0 -4.555 0 0 0 
3 16 -6.27 0 -4.555 -7.371 0 -2.395 0 0 0 
3 16 0 0 0 -7.371 0 -2.395 -7.75 0 0 
3 16 0 3.455 -12.505 0 5.25 -12.75 -3.864 3.455 -11.893 
3 16 -3.864 3.455 -11.893 0 5.25 -12.75 -3.94 5.25 -12.126 
3 16 0 0.953 -10.686 0 3.455 -12.505 -3.302 0.953 -10.163 
3 16 -3.302 0.953 -10.163 0 3.455 -12.505 -3.864 3.455 -11.893 
3 16 -3.302 0.953 -10.163 -2.395 0 -7.371 0 0.953 -10.686 
3 16 0 0 -7.75 0 0.953 -10.686 -2.395 0 -7.371 
3 16 12.646 -5.752 -4.109 12.958 -2 -4.21 13.297 -5.752 0 
3 16 13.625 -2 0 13.297 -5.752 0 12.958 -2 -4.21 
3 16 4.275 -12.038 0 5.849 -11.576 -1.379 10.406 -9.579 0 
3 16 5.849 -11.576 -1.379 10.354 -9.537 -1.596 10.406 -9.579 0 
3 16 0 -12.475 0 2.641 -12.14 -2.641 4.275 -12.038 0 
3 16 2.641 -12.14 -2.641 5.849 -11.576 -1.379 4.275 -12.038 0 
3 16 2.641 -12.14 -2.641 4.76 -8.977 -4.76 5.849 -11.576 -1.379 
3 16 4.76 -8.977 -4.76 9.715 -7.319 -4.264 5.849 -11.576 -1.379 
3 16 5.849 -11.576 -1.379 9.715 -7.319 -4.264 10.354 -9.537 -1.596 
3 16 12.115 -8.007 -2.668 12.401 -8.012 0 10.354 -9.537 -1.596 
3 16 10.354 -9.537 -1.596 12.401 -8.012 0 10.406 -9.579 0 
3 16 10.354 -9.537 -1.596 9.715 -7.319 -4.264 12.115 -8.007 -2.668 
3 16 9.715 -7.319 -4.264 12.187 -6.586 -4.908 12.115 -8.007 -2.668 
3 16 12.401 -8.012 0 12.115 -8.007 -2.668 13.297 -5.752 0 
3 16 12.115 -8.007 -2.668 12.187 -6.586 -4.908 13.297 -5.752 0 
3 16 12.187 -6.586 -4.908 12.646 -5.752 -4.109 13.297 -5.752 0 
3 16 12.646 -5.752 -4.109 12.187 -6.586 -4.908 10.757 -5.752 -7.816 
3 16 12.187 -6.586 -4.908 10.922 -6.409 -7.389 10.757 -5.752 -7.816 
3 16 10.922 -6.409 -7.389 7.53 -6.873 -7.53 7.389 -6.409 -10.922 
3 16 12.187 -6.586 -4.908 9.715 -7.319 -4.264 10.922 -6.409 -7.389 
3 16 10.757 -5.752 -7.816 11.023 -2 -8.009 12.646 -5.752 -4.109 
3 16 12.646 -5.752 -4.109 11.023 -2 -8.009 12.958 -2 -4.21 
3 16 4.76 -8.977 -4.76 7.53 -6.873 -7.53 9.715 -7.319 -4.264 
3 16 10.922 -6.409 -7.389 9.715 -7.319 -4.264 7.53 -6.873 -7.53 
3 16 7.816 -5.752 -10.757 8.009 -2 -11.023 10.757 -5.752 -7.816 
3 16 8.009 -2 -11.023 11.023 -2 -8.009 10.757 -5.752 -7.816 
3 16 2.668 -8.007 -12.115 1.596 -9.537 -10.354 0 -8.012 -12.401 
3 16 1.596 -9.537 -10.354 0 -9.579 -10.406 0 -8.012 -12.401 
3 16 0 -8.012 -12.401 0 -5.752 -13.297 2.668 -8.007 -12.115 
3 16 2.668 -8.007 -12.115 0 -5.752 -13.297 4.908 -6.586 -12.187 
3 16 0 -5.752 -13.297 4.109 -5.752 -12.646 4.908 -6.586 -12.187 
3 16 4.21 -2 -12.958 4.109 -5.752 -12.646 0 -2 -13.625 
3 16 0 -5.752 -13.297 0 -2 -13.625 4.109 -5.752 -12.646 
3 16 0 -12.475 0 0 -12.038 -4.275 2.641 -12.14 -2.641 
3 16 2.641 -12.14 -2.641 0 -12.038 -4.275 1.379 -11.576 -5.849 
3 16 0 -12.038 -4.275 0 -9.579 -10.406 1.379 -11.576 -5.849 
3 16 0 -9.579 -10.406 1.596 -9.537 -10.354 1.379 -11.576 -5.849 
3 16 2.641 -12.14 -2.641 1.379 -11.576 -5.849 4.76 -8.977 -4.76 
3 16 4.76 -8.977 -4.76 1.379 -11.576 -5.849 4.264 -7.319 -9.715 
3 16 1.379 -11.576 -5.849 1.596 -9.537 -10.354 4.264 -7.319 -9.715 
3 16 1.596 -9.537 -10.354 2.668 -8.007 -12.115 4.264 -7.319 -9.715 
3 16 2.668 -8.007 -12.115 4.908 -6.586 -12.187 4.264 -7.319 -9.715 
3 16 4.908 -6.586 -12.187 4.109 -5.752 -12.646 7.389 -6.409 -10.922 
3 16 7.389 -6.409 -10.922 4.109 -5.752 -12.646 7.816 -5.752 -10.757 
3 16 4.908 -6.586 -12.187 7.389 -6.409 -10.922 4.264 -7.319 -9.715 
3 16 4.109 -5.752 -12.646 4.21 -2 -12.958 7.816 -5.752 -10.757 
3 16 8.009 -2 -11.023 7.816 -5.752 -10.757 4.21 -2 -12.958 
3 16 4.76 -8.977 -4.76 4.264 -7.319 -9.715 7.53 -6.873 -7.53 
3 16 7.389 -6.409 -10.922 7.53 -6.873 -7.53 4.264 -7.319 -9.715 
3 16 10.757 -5.752 -7.816 10.922 -6.409 -7.389 7.816 -5.752 -10.757 
3 16 10.922 -6.409 -7.389 7.389 -6.409 -10.922 7.816 -5.752 -10.757 
3 16 0 -2 -14.503 0 2.25 -14.875 4.482 -2 -13.793 
3 16 4.482 -2 -13.793 0 2.25 -14.875 4.597 2.25 -14.147 
3 16 14.503 -2 0 0 -2 0 13.793 -2 -4.482 
3 16 13.793 -2 -4.482 0 -2 0 11.733 -2 -8.525 
3 16 11.733 -2 -8.525 0 -2 0 8.525 -2 -11.733 
3 16 8.525 -2 -11.733 0 -2 0 4.482 -2 -13.793 
3 16 13.793 -2 -4.482 14.147 2.25 -4.597 14.503 -2 0 
3 16 14.147 2.25 -4.597 14.875 2.25 0 14.503 -2 0 
3 16 14.147 2.25 -4.597 13.793 -2 -4.482 12.034 2.25 -8.743 
3 16 13.793 -2 -4.482 11.733 -2 -8.525 12.034 2.25 -8.743 
3 16 12.034 2.25 -8.743 11.733 -2 -8.525 8.743 2.25 -12.034 
3 16 11.733 -2 -8.525 8.525 -2 -11.733 8.743 2.25 -12.034 
3 16 8.743 2.25 -12.034 8.525 -2 -11.733 4.597 2.25 -14.147 
3 16 8.525 -2 -11.733 4.482 -2 -13.793 4.597 2.25 -14.147 
3 16 4.482 -2 -13.793 0 -2 0 0 -2 -14.503 
3 16 0 2.25 -26.906 0 5.25 -26.906 8.314 2.25 -25.589 
3 16 0 5.25 -26.906 8.314 5.25 -25.589 8.314 2.25 -25.589 
3 16 8.314 5.25 -25.589 0 5.25 -26.906 0 5.25 -12.75 
3 16 0 5.25 -12.75 0 3.455 -12.505 3.94 5.25 -12.126 
3 16 0 3.455 -12.505 3.864 3.455 -11.893 3.94 5.25 -12.126 
3 16 3.302 0.953 -10.163 3.864 3.455 -11.893 0 0.953 -10.686 
3 16 3.864 3.455 -11.893 0 3.455 -12.505 0 0.953 -10.686 
3 16 2.395 0 -7.371 3.302 0.953 -10.163 0 0 -7.75 
3 16 3.302 0.953 -10.163 0 0.953 -10.686 0 0 -7.75 
3 16 26.906 2.25 0 14.875 2.25 0 25.589 2.25 -8.314 
3 16 14.875 2.25 0 10.129 2.25 -10.129 25.589 2.25 -8.314 
3 16 25.589 2.25 -8.314 10.129 2.25 -10.129 21.767 2.25 -15.815 
3 16 21.767 2.25 -15.815 10.129 2.25 -10.129 15.815 2.25 -21.767 
3 16 0 2.25 -26.906 8.314 2.25 -25.589 0 2.25 -14.875 
3 16 0 2.25 -14.875 8.314 2.25 -25.589 10.129 2.25 -10.129 
3 16 10.129 2.25 -10.129 8.314 2.25 -25.589 15.815 2.25 -21.767 
3 16 26.906 5.25 0 26.906 2.25 0 25.589 5.25 -8.314 
3 16 26.906 2.25 0 25.589 2.25 -8.314 25.589 5.25 -8.314 
3 16 25.589 5.25 -8.314 25.589 2.25 -8.314 21.767 5.25 -15.815 
3 16 25.589 2.25 -8.314 21.767 2.25 -15.815 21.767 5.25 -15.815 
3 16 21.767 5.25 -15.815 21.767 2.25 -15.815 15.815 5.25 -21.767 
3 16 21.767 2.25 -15.815 15.815 2.25 -21.767 15.815 5.25 -21.767 
3 16 15.815 5.25 -21.767 15.815 2.25 -21.767 8.314 5.25 -25.589 
3 16 15.815 2.25 -21.767 8.314 2.25 -25.589 8.314 5.25 -25.589 
3 16 12.75 5.25 0 26.906 5.25 0 12.126 5.25 -3.94 
3 16 12.126 5.25 -3.94 26.906 5.25 0 25.589 5.25 -8.314 
3 16 25.589 5.25 -8.314 21.767 5.25 -15.815 10.315 5.25 -7.494 
3 16 21.767 5.25 -15.815 7.494 5.25 -10.315 10.315 5.25 -7.494 
3 16 12.126 5.25 -3.94 25.589 5.25 -8.314 10.315 5.25 -7.494 
3 16 0 5.25 -12.75 3.94 5.25 -12.126 8.314 5.25 -25.589 
3 16 21.767 5.25 -15.815 15.815 5.25 -21.767 7.494 5.25 -10.315 
3 16 7.494 5.25 -10.315 15.815 5.25 -21.767 3.94 5.25 -12.126 
3 16 8.314 5.25 -25.589 3.94 5.25 -12.126 15.815 5.25 -21.767 
3 16 11.893 3.455 -3.864 12.126 5.25 -3.94 10.117 3.455 -7.35 
3 16 12.126 5.25 -3.94 10.315 5.25 -7.494 10.117 3.455 -7.35 
3 16 10.117 3.455 -7.35 10.315 5.25 -7.494 7.35 3.455 -10.117 
3 16 10.315 5.25 -7.494 7.494 5.25 -10.315 7.35 3.455 -10.117 
3 16 7.35 3.455 -10.117 7.494 5.25 -10.315 3.864 3.455 -11.893 
3 16 7.494 5.25 -10.315 3.94 5.25 -12.126 3.864 3.455 -11.893 
3 16 10.163 0.953 -3.302 11.893 3.455 -3.864 8.645 0.953 -6.281 
3 16 11.893 3.455 -3.864 10.117 3.455 -7.35 8.645 0.953 -6.281 
3 16 8.645 0.953 -6.281 10.117 3.455 -7.35 6.281 0.953 -8.645 
3 16 10.117 3.455 -7.35 7.35 3.455 -10.117 6.281 0.953 -8.645 
3 16 6.281 0.953 -8.645 7.35 3.455 -10.117 3.302 0.953 -10.163 
3 16 7.35 3.455 -10.117 3.864 3.455 -11.893 3.302 0.953 -10.163 
3 16 7.371 0 -2.395 10.163 0.953 -3.302 6.27 0 -4.555 
3 16 10.163 0.953 -3.302 8.645 0.953 -6.281 6.27 0 -4.555 
3 16 6.27 0 -4.555 8.645 0.953 -6.281 4.555 0 -6.27 
3 16 8.645 0.953 -6.281 6.281 0.953 -8.645 4.555 0 -6.27 
3 16 4.555 0 -6.27 6.281 0.953 -8.645 2.395 0 -7.371 
3 16 6.281 0.953 -8.645 3.302 0.953 -10.163 2.395 0 -7.371 
3 16 7.75 0 0 7.371 0 -2.395 0 0 0 
3 16 7.371 0 -2.395 6.27 0 -4.555 0 0 0 
3 16 6.27 0 -4.555 4.555 0 -6.27 0 0 0 
3 16 4.555 0 -6.27 2.395 0 -7.371 0 0 0 
3 16 0 0 0 2.395 0 -7.371 0 0 -7.75 
3 16 12.505 3.455 0 12.75 5.25 0 11.893 3.455 -3.864 
3 16 11.893 3.455 -3.864 12.75 5.25 0 12.126 5.25 -3.94 
3 16 10.686 0.953 0 12.505 3.455 0 10.163 0.953 -3.302 
3 16 10.163 0.953 -3.302 12.505 3.455 0 11.893 3.455 -3.864 
3 16 10.163 0.953 -3.302 7.371 0 -2.395 10.686 0.953 0 
3 16 7.75 0 0 10.686 0.953 0 7.371 0 -2.395 
2 24 4.21 -2 12.958 0 -2 13.625 
2 24 1.379 -11.576 5.849 1.596 -9.537 10.354 
2 24 2.641 -12.14 2.641 1.379 -11.576 5.849 
2 24 1.596 -9.537 10.354 2.668 -8.007 12.115 
2 24 4.908 -6.586 12.187 2.668 -8.007 12.115 
2 24 4.908 -6.586 12.187 7.389 -6.409 10.922 
2 24 10.922 -6.409 7.389 7.389 -6.409 10.922 
2 24 8.009 -2 11.023 4.21 -2 12.958 
2 24 11.023 -2 8.009 8.009 -2 11.023 
2 24 12.115 -8.007 2.668 10.354 -9.537 1.596 
2 24 12.187 -6.586 4.908 12.115 -8.007 2.668 
2 24 13.625 -2 0 12.958 -2 4.21 
2 24 5.849 -11.576 1.379 2.641 -12.14 2.641 
2 24 10.354 -9.537 1.596 5.849 -11.576 1.379 
2 24 10.922 -6.409 7.389 12.187 -6.586 4.908 
2 24 12.958 -2 4.21 11.023 -2 8.009 
2 24 13.793 -2 4.482 14.503 -2 0 
2 24 14.875 2.25 0 14.147 2.25 4.597 
2 24 4.482 -2 13.793 0 -2 14.503 
2 24 8.525 -2 11.733 4.482 -2 13.793 
2 24 11.733 -2 8.525 8.525 -2 11.733 
2 24 13.793 -2 4.482 11.733 -2 8.525 
2 24 4.597 2.25 14.147 0 2.25 14.875 
2 24 8.743 2.25 12.034 4.597 2.25 14.147 
2 24 12.034 2.25 8.743 8.743 2.25 12.034 
2 24 14.147 2.25 4.597 12.034 2.25 8.743 
2 24 25.589 2.25 8.314 26.906 2.25 0 
2 24 26.906 5.25 0 25.589 5.25 8.314 
2 24 12.126 5.25 3.94 12.75 5.25 0 
2 24 8.314 2.25 25.589 0 2.25 26.906 
2 24 0 2.25 14.875 10.129 2.25 10.129 
2 24 15.815 2.25 21.767 8.314 2.25 25.589 
2 24 21.767 2.25 15.815 15.815 2.25 21.767 
2 24 10.129 2.25 10.129 14.875 2.25 0 
2 24 25.589 2.25 8.314 21.767 2.25 15.815 
2 24 8.314 5.25 25.589 0 5.25 26.906 
2 24 15.815 5.25 21.767 8.314 5.25 25.589 
2 24 21.767 5.25 15.815 15.815 5.25 21.767 
2 24 25.589 5.25 8.314 21.767 5.25 15.815 
2 24 3.94 5.25 12.126 0 5.25 12.75 
2 24 10.315 5.25 7.494 7.494 5.25 10.315 
2 24 7.494 5.25 10.315 3.94 5.25 12.126 
2 24 12.126 5.25 3.94 10.315 5.25 7.494 
2 24 -12.958 -2 4.21 -13.625 -2 0 
2 24 -5.849 -11.576 1.379 -10.354 -9.537 1.596 
2 24 -2.641 -12.14 2.641 -5.849 -11.576 1.379 
2 24 -10.354 -9.537 1.596 -12.115 -8.007 2.668 
2 24 -12.187 -6.586 4.908 -12.115 -8.007 2.668 
2 24 -12.187 -6.586 4.908 -10.922 -6.409 7.389 
2 24 -7.389 -6.409 10.922 -10.922 -6.409 7.389 
2 24 -11.023 -2 8.009 -12.958 -2 4.21 
2 24 -8.009 -2 11.023 -11.023 -2 8.009 
2 24 -2.668 -8.007 12.115 -1.596 -9.537 10.354 
2 24 -4.908 -6.586 12.187 -2.668 -8.007 12.115 
2 24 0 -2 13.625 -4.21 -2 12.958 
2 24 -1.379 -11.576 5.849 -2.641 -12.14 2.641 
2 24 -1.596 -9.537 10.354 -1.379 -11.576 5.849 
2 24 -7.389 -6.409 10.922 -4.908 -6.586 12.187 
2 24 -4.21 -2 12.958 -8.009 -2 11.023 
2 24 -4.482 -2 13.793 0 -2 14.503 
2 24 0 2.25 14.875 -4.597 2.25 14.147 
2 24 -13.793 -2 4.482 -14.503 -2 0 
2 24 -11.733 -2 8.525 -13.793 -2 4.482 
2 24 -8.525 -2 11.733 -11.733 -2 8.525 
2 24 -4.482 -2 13.793 -8.525 -2 11.733 
2 24 -14.147 2.25 4.597 -14.875 2.25 0 
2 24 -12.034 2.25 8.743 -14.147 2.25 4.597 
2 24 -8.743 2.25 12.034 -12.034 2.25 8.743 
2 24 -4.597 2.25 14.147 -8.743 2.25 12.034 
2 24 -8.314 2.25 25.589 0 2.25 26.906 
2 24 0 5.25 26.906 -8.314 5.25 25.589 
2 24 -3.94 5.25 12.126 0 5.25 12.75 
2 24 -25.589 2.25 8.314 -26.906 2.25 0 
2 24 -14.875 2.25 0 -10.129 2.25 10.129 
2 24 -21.767 2.25 15.815 -25.589 2.25 8.314 
2 24 -15.815 2.25 21.767 -21.767 2.25 15.815 
2 24 -10.129 2.25 10.129 0 2.25 14.875 
2 24 -8.314 2.25 25.589 -15.815 2.25 21.767 
2 24 -25.589 5.25 8.314 -26.906 5.25 0 
2 24 -21.767 5.25 15.815 -25.589 5.25 8.314 
2 24 -15.815 5.25 21.767 -21.767 5.25 15.815 
2 24 -8.314 5.25 25.589 -15.815 5.25 21.767 
2 24 -12.126 5.25 3.94 -12.75 5.25 0 
2 24 -7.494 5.25 10.315 -10.315 5.25 7.494 
2 24 -10.315 5.25 7.494 -12.126 5.25 3.94 
2 24 -3.94 5.25 12.126 -7.494 5.25 10.315 
2 24 -4.21 -2 -12.958 0 -2 -13.625 
2 24 -1.379 -11.576 -5.849 -1.596 -9.537 -10.354 
2 24 -2.641 -12.14 -2.641 -1.379 -11.576 -5.849 
2 24 -1.596 -9.537 -10.354 -2.668 -8.007 -12.115 
2 24 -4.908 -6.586 -12.187 -2.668 -8.007 -12.115 
2 24 -4.908 -6.586 -12.187 -7.389 -6.409 -10.922 
2 24 -10.922 -6.409 -7.389 -7.389 -6.409 -10.922 
2 24 -8.009 -2 -11.023 -4.21 -2 -12.958 
2 24 -11.023 -2 -8.009 -8.009 -2 -11.023 
2 24 -12.115 -8.007 -2.668 -10.354 -9.537 -1.596 
2 24 -12.187 -6.586 -4.908 -12.115 -8.007 -2.668 
2 24 -13.625 -2 0 -12.958 -2 -4.21 
2 24 -5.849 -11.576 -1.379 -2.641 -12.14 -2.641 
2 24 -10.354 -9.537 -1.596 -5.849 -11.576 -1.379 
2 24 -10.922 -6.409 -7.389 -12.187 -6.586 -4.908 
2 24 -12.958 -2 -4.21 -11.023 -2 -8.009 
2 24 -13.793 -2 -4.482 -14.503 -2 0 
2 24 -14.875 2.25 0 -14.147 2.25 -4.597 
2 24 -4.482 -2 -13.793 0 -2 -14.503 
2 24 -8.525 -2 -11.733 -4.482 -2 -13.793 
2 24 -11.733 -2 -8.525 -8.525 -2 -11.733 
2 24 -13.793 -2 -4.482 -11.733 -2 -8.525 
2 24 -4.597 2.25 -14.147 0 2.25 -14.875 
2 24 -8.743 2.25 -12.034 -4.597 2.25 -14.147 
2 24 -12.034 2.25 -8.743 -8.743 2.25 -12.034 
2 24 -14.147 2.25 -4.597 -12.034 2.25 -8.743 
2 24 -25.589 2.25 -8.314 -26.906 2.25 0 
2 24 -26.906 5.25 0 -25.589 5.25 -8.314 
2 24 -12.126 5.25 -3.94 -12.75 5.25 0 
2 24 -8.314 2.25 -25.589 0 2.25 -26.906 
2 24 0 2.25 -14.875 -10.129 2.25 -10.129 
2 24 -15.815 2.25 -21.767 -8.314 2.25 -25.589 
2 24 -21.767 2.25 -15.815 -15.815 2.25 -21.767 
2 24 -10.129 2.25 -10.129 -14.875 2.25 0 
2 24 -25.589 2.25 -8.314 -21.767 2.25 -15.815 
2 24 -8.314 5.25 -25.589 0 5.25 -26.906 
2 24 -15.815 5.25 -21.767 -8.314 5.25 -25.589 
2 24 -21.767 5.25 -15.815 -15.815 5.25 -21.767 
2 24 -25.589 5.25 -8.314 -21.767 5.25 -15.815 
2 24 -3.94 5.25 -12.126 0 5.25 -12.75 
2 24 -10.315 5.25 -7.494 -7.494 5.25 -10.315 
2 24 -7.494 5.25 -10.315 -3.94 5.25 -12.126 
2 24 -12.126 5.25 -3.94 -10.315 5.25 -7.494 
2 24 12.958 -2 -4.21 13.625 -2 0 
2 24 5.849 -11.576 -1.379 10.354 -9.537 -1.596 
2 24 2.641 -12.14 -2.641 5.849 -11.576 -1.379 
2 24 10.354 -9.537 -1.596 12.115 -8.007 -2.668 
2 24 12.187 -6.586 -4.908 12.115 -8.007 -2.668 
2 24 12.187 -6.586 -4.908 10.922 -6.409 -7.389 
2 24 7.389 -6.409 -10.922 10.922 -6.409 -7.389 
2 24 11.023 -2 -8.009 12.958 -2 -4.21 
2 24 8.009 -2 -11.023 11.023 -2 -8.009 
2 24 2.668 -8.007 -12.115 1.596 -9.537 -10.354 
2 24 4.908 -6.586 -12.187 2.668 -8.007 -12.115 
2 24 0 -2 -13.625 4.21 -2 -12.958 
2 24 1.379 -11.576 -5.849 2.641 -12.14 -2.641 
2 24 1.596 -9.537 -10.354 1.379 -11.576 -5.849 
2 24 7.389 -6.409 -10.922 4.908 -6.586 -12.187 
2 24 4.21 -2 -12.958 8.009 -2 -11.023 
2 24 4.482 -2 -13.793 0 -2 -14.503 
2 24 0 2.25 -14.875 4.597 2.25 -14.147 
2 24 13.793 -2 -4.482 14.503 -2 0 
2 24 11.733 -2 -8.525 13.793 -2 -4.482 
2 24 8.525 -2 -11.733 11.733 -2 -8.525 
2 24 4.482 -2 -13.793 8.525 -2 -11.733 
2 24 14.147 2.25 -4.597 14.875 2.25 0 
2 24 12.034 2.25 -8.743 14.147 2.25 -4.597 
2 24 8.743 2.25 -12.034 12.034 2.25 -8.743 
2 24 4.597 2.25 -14.147 8.743 2.25 -12.034 
2 24 8.314 2.25 -25.589 0 2.25 -26.906 
2 24 0 5.25 -26.906 8.314 5.25 -25.589 
2 24 3.94 5.25 -12.126 0 5.25 -12.75 
2 24 25.589 2.25 -8.314 26.906 2.25 0 
2 24 14.875 2.25 0 10.129 2.25 -10.129 
2 24 21.767 2.25 -15.815 25.589 2.25 -8.314 
2 24 15.815 2.25 -21.767 21.767 2.25 -15.815 
2 24 10.129 2.25 -10.129 0 2.25 -14.875 
2 24 8.314 2.25 -25.589 15.815 2.25 -21.767 
2 24 25.589 5.25 -8.314 26.906 5.25 0 
2 24 21.767 5.25 -15.815 25.589 5.25 -8.314 
2 24 15.815 5.25 -21.767 21.767 5.25 -15.815 
2 24 8.314 5.25 -25.589 15.815 5.25 -21.767 
2 24 12.126 5.25 -3.94 12.75 5.25 0 
2 24 7.494 5.25 -10.315 10.315 5.25 -7.494 
2 24 10.315 5.25 -7.494 12.126 5.25 -3.94 
2 24 3.94 5.25 -12.126 7.494 5.25 -10.315 

