0 MINI MEDAL (Needs Work)
0 Name: 99250.dat
0 Author: <AuthorRealName> [<AuthorLDrawName>]
0 !LDRAW_ORG Unofficial_Part
0 !LICENSE Redistributable under CCAL version 2.0 : see CAreadme.txt

0 BFC CERTIFY CCW

0 !HISTORY 2013-08-14 {LEGO Digital Designer} Original part shape
0 !HISTORY 2013-08-14 [<AuthorLDrawName>] File preparation for LDraw Parts Tracker

0 // Needs Work: Clean necessary

0 // Outside
3 16 -6.077 -3.833 10.527 -5.646 -3.833 9.779 0 -3.833 12.155 
3 16 -5.646 -3.833 9.779 0 -3.833 11.292 0 -3.833 12.155 
3 16 0 -3.833 12.155 0 0 12.03 -6.077 -3.833 10.527 
3 16 -6.077 -3.833 10.527 0 0 12.03 -6.015 0 10.418 
3 16 -9.779 -3.833 5.646 -5.646 -3.833 9.779 -6.077 -3.833 10.527 
3 16 -9.779 -3.833 5.646 -6.077 -3.833 10.527 -10.527 -3.833 6.077 
3 16 -6.077 -3.833 10.527 -6.015 0 10.418 -10.527 -3.833 6.077 
3 16 -6.015 0 10.418 -10.418 0 6.015 -10.527 -3.833 6.077 
3 16 -12.155 -3.833 0 -11.292 -3.833 0 -10.527 -3.833 6.077 
3 16 -11.292 -3.833 0 -9.779 -3.833 5.646 -10.527 -3.833 6.077 
3 16 -10.527 -3.833 6.077 -10.418 0 6.015 -12.155 -3.833 0 
3 16 -10.418 0 6.015 -12.03 0 0 -12.155 -3.833 0 
3 16 -11.292 -3.833 0 -12.155 -3.833 0 -10.542 -3.684 -3.57 
3 16 -12.262 -3.684 -3.57 -10.542 -3.684 -3.57 -12.155 -3.833 0 
3 16 -4.05 12.355 -12.987 -3.268 11.573 -12.987 -11.192 1.149 -12.988 
3 16 -3.268 11.573 -12.987 -6.236 0.974 -12.988 -11.192 1.149 -12.988 
3 16 0 10.698 -12.987 -6.236 0.974 -12.988 -3.268 11.573 -12.987 
3 16 0 0 12.03 0 0 8.2 -6.015 0 10.418 
3 16 -6.005 1.231 -9.981 -3.268 11.573 -9.99 -11.299 1.214 -9.98 
3 16 -11.299 1.214 -9.98 -3.268 11.573 -9.99 -4.141 12.446 -9.986 
3 16 -6.005 1.231 -9.981 0 10.698 -9.987 -3.268 11.573 -9.99 
3 16 -6.236 0.974 -12.988 0 10.698 -12.987 -6.005 1.231 -9.981 
3 16 0 10.698 -12.987 0 10.698 -9.987 -6.005 1.231 -9.981 
3 16 0 0 8.2 -4.1 0 7.101 -6.015 0 10.418 
3 16 -4.131 -2.51 7.154 -4.1 0 7.101 0 -2.51 8.261 
3 16 0 -2.51 8.261 -4.1 0 7.101 0 0 8.2 
3 16 -7.101 0 4.1 -10.418 0 6.015 -4.1 0 7.101 
3 16 -7.154 -2.51 4.131 -7.101 0 4.1 -4.131 -2.51 7.154 
3 16 -4.131 -2.51 7.154 -7.101 0 4.1 -4.1 0 7.101 
3 16 -10.418 0 6.015 -6.015 0 10.418 -4.1 0 7.101 
3 16 -10.418 0 6.015 -7.101 0 4.1 -12.03 0 0 
3 16 -8.2 0 0 -12.03 0 0 -7.101 0 4.1 
3 16 -8.261 -2.51 0 -8.2 0 0 -7.154 -2.51 4.131 
3 16 -7.154 -2.51 4.131 -8.2 0 0 -7.101 0 4.1 
3 16 -8.2 0 0 -12.03 0 -3.364 -12.03 0 0 
3 16 -11.93 0.199 -9.421 -12.538 -2.462 -11.532 -12.023 0.025 -8.987 
3 16 -12.652 -2.947 -9.191 -12.023 0.025 -8.987 -12.538 -2.462 -11.532 
3 16 -8.162 -2.973 -8.988 -8.149 -3.137 -6.423 -12.652 -2.947 -9.191 
3 16 -8.149 -3.137 -6.423 -12.262 -3.684 -3.57 -12.652 -2.947 -9.191 
3 16 -12.262 -3.684 -3.57 -8.149 -3.137 -6.423 -10.542 -3.684 -3.57 
3 16 -12.155 -3.833 0 -12.03 0 0 -12.262 -3.684 -3.57 
3 16 -12.262 -3.684 -3.57 -12.03 0 0 -12.03 0 -3.364 
3 16 -8.2 0 0 -6.988 0.01 -8.863 -12.03 0 -3.364 
3 16 -12.03 0 -3.364 -6.988 0.01 -8.863 -12.023 0.025 -8.987 
3 16 -8.162 -2.973 -8.988 -12.652 -2.947 -9.191 -8.019 -2.47 -11.517 
3 16 -12.538 -2.462 -11.532 -8.019 -2.47 -11.517 -12.652 -2.947 -9.191 
3 16 -8.019 -2.47 -11.517 -12.538 -2.462 -11.532 -7.34 -0.963 -12.827 
3 16 -7.34 -0.963 -12.827 -12.538 -2.462 -11.532 -12.142 -1.016 -12.807 
3 16 -7.34 -0.963 -12.827 -12.142 -1.016 -12.807 -6.236 0.974 -12.988 
3 16 -11.192 1.149 -12.988 -6.236 0.974 -12.988 -12.142 -1.016 -12.807 
3 16 -11.192 1.149 -12.988 -12.142 -1.016 -12.807 -11.299 1.214 -9.98 
3 16 -11.709 0.544 -9.778 -11.299 1.214 -9.98 -12.142 -1.016 -12.807 
3 16 -4.141 12.446 -9.986 -4.05 12.355 -12.987 -11.299 1.214 -9.98 
3 16 -11.192 1.149 -12.988 -11.299 1.214 -9.98 -4.05 12.355 -12.987 
3 16 -6.005 1.231 -9.981 -11.299 1.214 -9.98 -6.427 0.585 -9.805 
3 16 -6.427 0.585 -9.805 -11.299 1.214 -9.98 -11.709 0.544 -9.778 
3 16 -6.427 0.585 -9.805 -11.709 0.544 -9.778 -6.708 0.255 -9.502 
3 16 -6.708 0.255 -9.502 -11.709 0.544 -9.778 -11.93 0.199 -9.421 
3 16 -6.708 0.255 -9.502 -11.93 0.199 -9.421 -6.988 0.01 -8.863 
3 16 -11.93 0.199 -9.421 -12.023 0.025 -8.987 -6.988 0.01 -8.863 
3 16 -8.162 -2.973 -8.988 -6.988 0.01 -8.863 -8.149 -3.137 -6.423 
3 16 -8.2 0 0 -8.137 -2.51 -2.636 -6.988 0.01 -8.863 
3 16 -8.137 -2.51 -2.636 -8.149 -3.137 -6.423 -6.988 0.01 -8.863 
3 16 -8.149 -3.137 -6.423 -8.137 -2.51 -2.636 -10.542 -3.684 -3.57 
3 16 -10.542 -3.684 -3.57 -8.137 -2.51 -2.636 -11.292 -3.833 0 
3 16 -11.292 -3.833 0 -8.137 -2.51 -2.636 -8.261 -2.51 0 
3 16 -8.2 0 0 -8.261 -2.51 0 -8.137 -2.51 -2.636 
3 16 -5.646 -3.833 9.779 -4.131 -2.51 7.154 0 -3.833 11.292 
3 16 0 -3.833 11.292 -4.131 -2.51 7.154 0 -2.51 8.261 
3 16 -9.779 -3.833 5.646 -7.154 -2.51 4.131 -5.646 -3.833 9.779 
3 16 -4.131 -2.51 7.154 -5.646 -3.833 9.779 -7.154 -2.51 4.131 
3 16 -11.292 -3.833 0 -8.261 -2.51 0 -9.779 -3.833 5.646 
3 16 -7.154 -2.51 4.131 -9.779 -3.833 5.646 -8.261 -2.51 0 
3 16 -11.93 0.199 -9.421 -11.709 0.544 -9.778 -12.538 -2.462 -11.532 
3 16 -11.709 0.544 -9.778 -12.142 -1.016 -12.807 -12.538 -2.462 -11.532 
3 16 -6.708 0.255 -9.502 -6.988 0.01 -8.863 -8.019 -2.47 -11.517 
3 16 -8.019 -2.47 -11.517 -6.988 0.01 -8.863 -8.162 -2.973 -8.988 
3 16 -6.427 0.585 -9.805 -6.708 0.255 -9.502 -7.34 -0.963 -12.827 
3 16 -8.019 -2.47 -11.517 -7.34 -0.963 -12.827 -6.708 0.255 -9.502 
3 16 -7.34 -0.963 -12.827 -6.236 0.974 -12.988 -6.427 0.585 -9.805 
3 16 -6.427 0.585 -9.805 -6.236 0.974 -12.988 -6.005 1.231 -9.981 
3 16 -12.262 -3.684 -3.57 -12.03 0 -3.364 -12.652 -2.947 -9.191 
3 16 -12.652 -2.947 -9.191 -12.03 0 -3.364 -12.023 0.025 -8.987 
3 16 6.077 -3.833 10.527 0 -3.833 12.155 5.646 -3.833 9.779 
3 16 5.646 -3.833 9.779 0 -3.833 12.155 0 -3.833 11.292 
3 16 0 -3.833 12.155 6.077 -3.833 10.527 0 0 12.03 
3 16 6.077 -3.833 10.527 6.015 0 10.418 0 0 12.03 
3 16 9.779 -3.833 5.646 6.077 -3.833 10.527 5.646 -3.833 9.779 
3 16 9.779 -3.833 5.646 10.527 -3.833 6.077 6.077 -3.833 10.527 
3 16 6.077 -3.833 10.527 10.527 -3.833 6.077 6.015 0 10.418 
3 16 6.015 0 10.418 10.527 -3.833 6.077 10.418 0 6.015 
3 16 12.155 -3.833 0 10.527 -3.833 6.077 11.292 -3.833 0 
3 16 11.292 -3.833 0 10.527 -3.833 6.077 9.779 -3.833 5.646 
3 16 10.527 -3.833 6.077 12.155 -3.833 0 10.418 0 6.015 
3 16 10.418 0 6.015 12.155 -3.833 0 12.03 0 0 
3 16 11.292 -3.833 0 10.542 -3.684 -3.57 12.155 -3.833 0 
3 16 12.262 -3.684 -3.57 12.155 -3.833 0 10.542 -3.684 -3.57 
3 16 4.05 12.355 -12.987 11.192 1.149 -12.988 3.268 11.573 -12.987 
3 16 3.268 11.573 -12.987 11.192 1.149 -12.988 6.236 0.974 -12.988 
3 16 0 10.698 -12.987 3.268 11.573 -12.987 6.236 0.974 -12.988 
3 16 0 0 12.03 6.015 0 10.418 0 0 8.2 
3 16 6.005 1.231 -9.981 11.299 1.214 -9.98 3.268 11.573 -9.99 
3 16 11.299 1.214 -9.98 4.141 12.446 -9.986 3.268 11.573 -9.99 
3 16 6.005 1.231 -9.981 3.268 11.573 -9.99 0 10.698 -9.987 
3 16 6.236 0.974 -12.988 6.005 1.231 -9.981 0 10.698 -12.987 
3 16 0 10.698 -12.987 6.005 1.231 -9.981 0 10.698 -9.987 
3 16 0 0 8.2 6.015 0 10.418 4.1 0 7.101 
3 16 4.131 -2.51 7.154 0 -2.51 8.261 4.1 0 7.101 
3 16 0 -2.51 8.261 0 0 8.2 4.1 0 7.101 
3 16 7.101 0 4.1 4.1 0 7.101 10.418 0 6.015 
3 16 7.154 -2.51 4.131 4.131 -2.51 7.154 7.101 0 4.1 
3 16 4.131 -2.51 7.154 4.1 0 7.101 7.101 0 4.1 
3 16 10.418 0 6.015 4.1 0 7.101 6.015 0 10.418 
3 16 10.418 0 6.015 12.03 0 0 7.101 0 4.1 
3 16 8.2 0 0 7.101 0 4.1 12.03 0 0 
3 16 8.261 -2.51 0 7.154 -2.51 4.131 8.2 0 0 
3 16 7.154 -2.51 4.131 7.101 0 4.1 8.2 0 0 
3 16 8.2 0 0 12.03 0 0 12.03 0 -3.364 
3 16 11.93 0.199 -9.421 12.023 0.025 -8.987 12.538 -2.462 -11.532 
3 16 12.652 -2.947 -9.191 12.538 -2.462 -11.532 12.023 0.025 -8.987 
3 16 8.162 -2.973 -8.988 12.652 -2.947 -9.191 8.149 -3.137 -6.423 
3 16 8.149 -3.137 -6.423 12.652 -2.947 -9.191 12.262 -3.684 -3.57 
3 16 12.262 -3.684 -3.57 10.542 -3.684 -3.57 8.149 -3.137 -6.423 
3 16 12.155 -3.833 0 12.262 -3.684 -3.57 12.03 0 0 
3 16 12.262 -3.684 -3.57 12.03 0 -3.364 12.03 0 0 
3 16 8.2 0 0 12.03 0 -3.364 6.988 0.01 -8.863 
3 16 12.03 0 -3.364 12.023 0.025 -8.987 6.988 0.01 -8.863 
3 16 8.162 -2.973 -8.988 8.019 -2.47 -11.517 12.652 -2.947 -9.191 
3 16 12.538 -2.462 -11.532 12.652 -2.947 -9.191 8.019 -2.47 -11.517 
3 16 8.019 -2.47 -11.517 7.34 -0.963 -12.827 12.538 -2.462 -11.532 
3 16 7.34 -0.963 -12.827 12.142 -1.016 -12.807 12.538 -2.462 -11.532 
3 16 7.34 -0.963 -12.827 6.236 0.974 -12.988 12.142 -1.016 -12.807 
3 16 11.192 1.149 -12.988 12.142 -1.016 -12.807 6.236 0.974 -12.988 
3 16 11.192 1.149 -12.988 11.299 1.214 -9.98 12.142 -1.016 -12.807 
3 16 11.709 0.544 -9.778 12.142 -1.016 -12.807 11.299 1.214 -9.98 
3 16 4.141 12.446 -9.986 11.299 1.214 -9.98 4.05 12.355 -12.987 
3 16 11.192 1.149 -12.988 4.05 12.355 -12.987 11.299 1.214 -9.98 
3 16 6.005 1.231 -9.981 6.427 0.585 -9.805 11.299 1.214 -9.98 
3 16 6.427 0.585 -9.805 11.709 0.544 -9.778 11.299 1.214 -9.98 
3 16 6.427 0.585 -9.805 6.708 0.255 -9.502 11.709 0.544 -9.778 
3 16 6.708 0.255 -9.502 11.93 0.199 -9.421 11.709 0.544 -9.778 
3 16 6.708 0.255 -9.502 6.988 0.01 -8.863 11.93 0.199 -9.421 
3 16 11.93 0.199 -9.421 6.988 0.01 -8.863 12.023 0.025 -8.987 
3 16 8.162 -2.973 -8.988 8.149 -3.137 -6.423 6.988 0.01 -8.863 
3 16 8.2 0 0 6.988 0.01 -8.863 8.137 -2.51 -2.636 
3 16 8.137 -2.51 -2.636 6.988 0.01 -8.863 8.149 -3.137 -6.423 
3 16 8.149 -3.137 -6.423 10.542 -3.684 -3.57 8.137 -2.51 -2.636 
3 16 10.542 -3.684 -3.57 11.292 -3.833 0 8.137 -2.51 -2.636 
3 16 11.292 -3.833 0 8.261 -2.51 0 8.137 -2.51 -2.636 
3 16 8.2 0 0 8.137 -2.51 -2.636 8.261 -2.51 0 
3 16 5.646 -3.833 9.779 0 -3.833 11.292 4.131 -2.51 7.154 
3 16 0 -3.833 11.292 0 -2.51 8.261 4.131 -2.51 7.154 
3 16 9.779 -3.833 5.646 5.646 -3.833 9.779 7.154 -2.51 4.131 
3 16 4.131 -2.51 7.154 7.154 -2.51 4.131 5.646 -3.833 9.779 
3 16 11.292 -3.833 0 9.779 -3.833 5.646 8.261 -2.51 0 
3 16 7.154 -2.51 4.131 8.261 -2.51 0 9.779 -3.833 5.646 
3 16 11.93 0.199 -9.421 12.538 -2.462 -11.532 11.709 0.544 -9.778 
3 16 11.709 0.544 -9.778 12.538 -2.462 -11.532 12.142 -1.016 -12.807 
3 16 6.708 0.255 -9.502 8.019 -2.47 -11.517 6.988 0.01 -8.863 
3 16 8.019 -2.47 -11.517 8.162 -2.973 -8.988 6.988 0.01 -8.863 
3 16 6.427 0.585 -9.805 7.34 -0.963 -12.827 6.708 0.255 -9.502 
3 16 8.019 -2.47 -11.517 6.708 0.255 -9.502 7.34 -0.963 -12.827 
3 16 7.34 -0.963 -12.827 6.427 0.585 -9.805 6.236 0.974 -12.988 
3 16 6.427 0.585 -9.805 6.005 1.231 -9.981 6.236 0.974 -12.988 
3 16 12.262 -3.684 -3.57 12.652 -2.947 -9.191 12.03 0 -3.364 
3 16 12.652 -2.947 -9.191 12.023 0.025 -8.987 12.03 0 -3.364 
2 24 0 -3.833 12.155 -6.077 -3.833 10.527 
2 24 -5.646 -3.833 9.779 0 -3.833 11.292 
2 24 0 0 12.03 -6.015 0 10.418 
2 24 -9.779 -3.833 5.646 -5.646 -3.833 9.779 
2 24 -6.077 -3.833 10.527 -10.527 -3.833 6.077 
2 24 -6.015 0 10.418 -10.418 0 6.015 
2 24 -10.527 -3.833 6.077 -12.155 -3.833 0 
2 24 -11.292 -3.833 0 -9.779 -3.833 5.646 
2 24 -10.418 0 6.015 -12.03 0 0 
2 24 -10.542 -3.684 -3.57 -11.292 -3.833 0 
2 24 -12.155 -3.833 0 -12.262 -3.684 -3.57 
2 24 -4.05 12.355 -12.987 -3.268 11.573 -12.987 
2 24 -11.192 1.149 -12.988 -4.05 12.355 -12.987 
2 24 0 10.698 -12.987 -6.236 0.974 -12.988 
2 24 -3.268 11.573 -12.987 0 10.698 -12.987 
2 24 -3.268 11.573 -9.99 -4.141 12.446 -9.986 
2 24 -4.141 12.446 -9.986 -11.299 1.214 -9.98 
2 24 -6.005 1.231 -9.981 0 10.698 -9.987 
2 24 0 10.698 -9.987 -3.268 11.573 -9.99 
2 24 0 10.698 -12.987 0 10.698 -9.987 
2 24 0 0 8.2 -4.1 0 7.101 
2 24 0 -2.51 8.261 -4.131 -2.51 7.154 
2 24 -4.1 0 7.101 -7.101 0 4.1 
2 24 -4.131 -2.51 7.154 -7.154 -2.51 4.131 
2 24 -7.101 0 4.1 -8.2 0 0 
2 24 -7.154 -2.51 4.131 -8.261 -2.51 0 
2 24 -12.03 0 -3.364 -12.03 0 0 
2 24 -12.023 0.025 -8.987 -11.93 0.199 -9.421 
2 24 -12.538 -2.462 -11.532 -12.652 -2.947 -9.191 
2 24 -8.162 -2.973 -8.988 -8.149 -3.137 -6.423 
2 24 -12.262 -3.684 -3.57 -12.652 -2.947 -9.191 
2 24 -8.149 -3.137 -6.423 -10.542 -3.684 -3.57 
2 24 -8.2 0 0 -6.988 0.01 -8.863 
2 24 -12.023 0.025 -8.987 -12.03 0 -3.364 
2 24 -8.019 -2.47 -11.517 -8.162 -2.973 -8.988 
2 24 -7.34 -0.963 -12.827 -8.019 -2.47 -11.517 
2 24 -12.538 -2.462 -11.532 -12.142 -1.016 -12.807 
2 24 -6.236 0.974 -12.988 -7.34 -0.963 -12.827 
2 24 -12.142 -1.016 -12.807 -11.192 1.149 -12.988 
2 24 -11.709 0.544 -9.778 -11.299 1.214 -9.98 
2 24 -4.141 12.446 -9.986 -4.05 12.355 -12.987 
2 24 -6.427 0.585 -9.805 -6.005 1.231 -9.981 
2 24 -6.708 0.255 -9.502 -6.427 0.585 -9.805 
2 24 -11.709 0.544 -9.778 -11.93 0.199 -9.421 
2 24 -6.988 0.01 -8.863 -6.708 0.255 -9.502 
2 24 -8.137 -2.51 -2.636 -8.149 -3.137 -6.423 
2 24 -8.137 -2.51 -2.636 -8.261 -2.51 0 
2 24 6.077 -3.833 10.527 0 -3.833 12.155 
2 24 0 -3.833 11.292 5.646 -3.833 9.779 
2 24 6.015 0 10.418 0 0 12.03 
2 24 5.646 -3.833 9.779 9.779 -3.833 5.646 
2 24 10.527 -3.833 6.077 6.077 -3.833 10.527 
2 24 10.418 0 6.015 6.015 0 10.418 
2 24 12.155 -3.833 0 10.527 -3.833 6.077 
2 24 9.779 -3.833 5.646 11.292 -3.833 0 
2 24 12.03 0 0 10.418 0 6.015 
2 24 11.292 -3.833 0 10.542 -3.684 -3.57 
2 24 12.262 -3.684 -3.57 12.155 -3.833 0 
2 24 4.05 12.355 -12.987 11.192 1.149 -12.988 
2 24 3.268 11.573 -12.987 4.05 12.355 -12.987 
2 24 0 10.698 -12.987 3.268 11.573 -12.987 
2 24 6.236 0.974 -12.988 0 10.698 -12.987 
2 24 11.299 1.214 -9.98 4.141 12.446 -9.986 
2 24 4.141 12.446 -9.986 3.268 11.573 -9.99 
2 24 3.268 11.573 -9.99 0 10.698 -9.987 
2 24 0 10.698 -9.987 6.005 1.231 -9.981 
2 24 4.1 0 7.101 0 0 8.2 
2 24 4.131 -2.51 7.154 0 -2.51 8.261 
2 24 7.101 0 4.1 4.1 0 7.101 
2 24 7.154 -2.51 4.131 4.131 -2.51 7.154 
2 24 8.2 0 0 7.101 0 4.1 
2 24 8.261 -2.51 0 7.154 -2.51 4.131 
2 24 12.03 0 0 12.03 0 -3.364 
2 24 11.93 0.199 -9.421 12.023 0.025 -8.987 
2 24 12.652 -2.947 -9.191 12.538 -2.462 -11.532 
2 24 8.149 -3.137 -6.423 8.162 -2.973 -8.988 
2 24 12.652 -2.947 -9.191 12.262 -3.684 -3.57 
2 24 10.542 -3.684 -3.57 8.149 -3.137 -6.423 
2 24 6.988 0.01 -8.863 8.2 0 0 
2 24 12.03 0 -3.364 12.023 0.025 -8.987 
2 24 8.162 -2.973 -8.988 8.019 -2.47 -11.517 
2 24 8.019 -2.47 -11.517 7.34 -0.963 -12.827 
2 24 12.142 -1.016 -12.807 12.538 -2.462 -11.532 
2 24 7.34 -0.963 -12.827 6.236 0.974 -12.988 
2 24 11.192 1.149 -12.988 12.142 -1.016 -12.807 
2 24 11.299 1.214 -9.98 11.709 0.544 -9.778 
2 24 4.05 12.355 -12.987 4.141 12.446 -9.986 
2 24 6.005 1.231 -9.981 6.427 0.585 -9.805 
2 24 6.427 0.585 -9.805 6.708 0.255 -9.502 
2 24 11.93 0.199 -9.421 11.709 0.544 -9.778 
2 24 6.708 0.255 -9.502 6.988 0.01 -8.863 
2 24 8.149 -3.137 -6.423 8.137 -2.51 -2.636 
2 24 8.261 -2.51 0 8.137 -2.51 -2.636 

0 // Outside
3 16 5.661 13.966 -9.99 3.268 11.573 -9.99 5.661 13.966 -14.486 
3 16 3.268 11.573 -9.99 3.268 11.573 -14.486 5.661 13.966 -14.486 
3 16 3.268 11.573 -9.99 0 10.698 -9.99 3.268 11.573 -14.486 
3 16 0 10.698 -9.99 0 10.698 -14.486 3.268 11.573 -14.486 
3 16 0 10.698 -9.99 -3.268 11.573 -9.99 0 10.698 -14.486 
3 16 -3.268 11.573 -9.99 -3.268 11.573 -14.486 0 10.698 -14.486 
3 16 -3.268 11.573 -9.99 -5.661 13.966 -9.99 -3.268 11.573 -14.486 
3 16 -5.661 13.966 -9.99 -5.661 13.966 -14.486 -3.268 11.573 -14.486 
3 16 -5.661 13.966 -9.99 -6.537 17.234 -9.99 -5.661 13.966 -14.486 
3 16 -6.537 17.234 -9.99 -6.537 17.234 -14.486 -5.661 13.966 -14.486 
3 16 -6.537 17.234 -9.99 -5.661 20.503 -9.99 -6.537 17.234 -14.486 
3 16 -5.661 20.503 -9.99 -5.661 20.503 -14.486 -6.537 17.234 -14.486 
3 16 -5.661 20.503 -9.99 -3.268 22.896 -9.99 -5.661 20.503 -14.486 
3 16 -3.268 22.896 -9.99 -3.268 22.896 -14.486 -5.661 20.503 -14.486 
3 16 -3.268 22.896 -9.99 0 23.771 -9.99 -3.268 22.896 -14.486 
3 16 0 23.771 -9.99 0 23.771 -14.486 -3.268 22.896 -14.486 
3 16 0 23.771 -9.99 3.268 22.896 -9.99 0 23.771 -14.486 
3 16 3.268 22.896 -9.99 3.268 22.896 -14.486 0 23.771 -14.486 
3 16 3.268 22.896 -9.99 5.661 20.503 -9.99 3.268 22.896 -14.486 
3 16 5.661 20.503 -9.99 5.661 20.503 -14.486 3.268 22.896 -14.486 
3 16 5.661 20.503 -9.99 6.537 17.234 -9.99 5.661 20.503 -14.486 
3 16 6.537 17.234 -9.99 6.537 17.234 -14.486 5.661 20.503 -14.486 
3 16 6.537 17.234 -9.99 5.661 13.966 -9.99 6.537 17.234 -14.486 
3 16 5.661 13.966 -9.99 5.661 13.966 -14.486 6.537 17.234 -14.486 
3 16 3.268 11.573 -9.99 5.661 13.966 -9.99 0 17.234 -9.99 
3 16 0 10.698 -9.99 3.268 11.573 -9.99 0 17.234 -9.99 
3 16 -3.268 11.573 -9.99 0 10.698 -9.99 0 17.234 -9.99 
3 16 -5.661 13.966 -9.99 -3.268 11.573 -9.99 0 17.234 -9.99 
3 16 -6.537 17.234 -9.99 -5.661 13.966 -9.99 0 17.234 -9.99 
3 16 -5.661 20.503 -9.99 -6.537 17.234 -9.99 0 17.234 -9.99 
3 16 -3.268 22.896 -9.99 -5.661 20.503 -9.99 0 17.234 -9.99 
3 16 0 23.771 -9.99 -3.268 22.896 -9.99 0 17.234 -9.99 
3 16 3.268 22.896 -9.99 0 23.771 -9.99 0 17.234 -9.99 
3 16 5.661 20.503 -9.99 3.268 22.896 -9.99 0 17.234 -9.99 
3 16 6.537 17.234 -9.99 5.661 20.503 -9.99 0 17.234 -9.99 
3 16 5.661 13.966 -9.99 6.537 17.234 -9.99 0 17.234 -9.99 
3 16 5.661 13.966 -14.486 3.268 11.573 -14.486 0 17.234 -14.486 
3 16 3.268 11.573 -14.486 0 10.698 -14.486 0 17.234 -14.486 
3 16 0 10.698 -14.486 -3.268 11.573 -14.486 0 17.234 -14.486 
3 16 -3.268 11.573 -14.486 -5.661 13.966 -14.486 0 17.234 -14.486 
3 16 -5.661 13.966 -14.486 -6.537 17.234 -14.486 0 17.234 -14.486 
3 16 -6.537 17.234 -14.486 -5.661 20.503 -14.486 0 17.234 -14.486 
3 16 -5.661 20.503 -14.486 -3.268 22.896 -14.486 0 17.234 -14.486 
3 16 -3.268 22.896 -14.486 0 23.771 -14.486 0 17.234 -14.486 
3 16 0 23.771 -14.486 3.268 22.896 -14.486 0 17.234 -14.486 
3 16 3.268 22.896 -14.486 5.661 20.503 -14.486 0 17.234 -14.486 
3 16 5.661 20.503 -14.486 6.537 17.234 -14.486 0 17.234 -14.486 
3 16 6.537 17.234 -14.486 5.661 13.966 -14.486 0 17.234 -14.486 
2 24 5.661 13.966 -9.99 3.268 11.573 -9.99 
2 24 3.268 11.573 -14.486 5.661 13.966 -14.486 
2 24 3.268 11.573 -9.99 0 10.698 -9.99 
2 24 0 10.698 -14.486 3.268 11.573 -14.486 
2 24 0 10.698 -9.99 -3.268 11.573 -9.99 
2 24 -3.268 11.573 -14.486 0 10.698 -14.486 
2 24 -3.268 11.573 -9.99 -5.661 13.966 -9.99 
2 24 -5.661 13.966 -14.486 -3.268 11.573 -14.486 
2 24 -5.661 13.966 -9.99 -6.537 17.234 -9.99 
2 24 -6.537 17.234 -14.486 -5.661 13.966 -14.486 
2 24 -6.537 17.234 -9.99 -5.661 20.503 -9.99 
2 24 -5.661 20.503 -14.486 -6.537 17.234 -14.486 
2 24 -5.661 20.503 -9.99 -3.268 22.896 -9.99 
2 24 -3.268 22.896 -14.486 -5.661 20.503 -14.486 
2 24 -3.268 22.896 -9.99 0 23.771 -9.99 
2 24 0 23.771 -14.486 -3.268 22.896 -14.486 
2 24 0 23.771 -9.99 3.268 22.896 -9.99 
2 24 3.268 22.896 -14.486 0 23.771 -14.486 
2 24 3.268 22.896 -9.99 5.661 20.503 -9.99 
2 24 5.661 20.503 -14.486 3.268 22.896 -14.486 
2 24 5.661 20.503 -9.99 6.537 17.234 -9.99 
2 24 6.537 17.234 -14.486 5.661 20.503 -14.486 
2 24 6.537 17.234 -9.99 5.661 13.966 -9.99 
2 24 5.661 13.966 -14.486 6.537 17.234 -14.486 

