0 MINI BAGPIPE W. Ø3.2 SHAFT (Needs Work)
0 Name: 99252.dat
0 Author: <AuthorRealName> [<AuthorLDrawName>]
0 !LDRAW_ORG Unofficial_Part
0 !LICENSE Redistributable under CCAL version 2.0 : see CAreadme.txt

0 BFC CERTIFY CCW

0 !HISTORY 2013-08-14 {LEGO Digital Designer} Original part shape
0 !HISTORY 2013-08-14 [<AuthorLDrawName>] File preparation for LDraw Parts Tracker

0 // Needs Work: Clean necessary

0 // Outside
3 16 -4.421 0.022 2.553 -4.421 -2.517 2.553 -2.553 0.022 4.421 
3 16 -2.553 0.022 4.421 -4.421 -2.517 2.553 -2.553 -2.517 4.421 
3 16 -2.553 0.022 4.421 -2.553 -2.517 4.421 0 0.022 5.105 
3 16 0 0.022 5.105 -2.553 -2.517 4.421 0 -2.517 5.105 
3 16 0 0.022 5.105 0 -2.517 5.105 2.553 0.022 4.421 
3 16 2.553 0.022 4.421 0 -2.517 5.105 2.553 -2.517 4.421 
3 16 2.553 0.022 4.421 2.553 -2.517 4.421 4.421 0.022 2.553 
3 16 4.421 0.022 2.553 2.553 -2.517 4.421 4.421 -2.517 2.553 
3 16 4.421 0.022 2.553 4.421 -2.517 2.553 5.105 0.022 0 
3 16 5.105 0.022 0 4.421 -2.517 2.553 5.105 -2.517 0 
3 16 5.105 0.022 0 5.105 -2.517 0 4.421 0.022 -2.553 
3 16 4.421 0.022 -2.553 5.105 -2.517 0 4.421 -2.517 -2.553 
3 16 4.421 0.022 -2.553 4.421 -2.517 -2.553 2.553 0.022 -4.421 
3 16 2.553 0.022 -4.421 4.421 -2.517 -2.553 2.553 -2.517 -4.421 
3 16 2.553 0.022 -4.421 2.553 -2.517 -4.421 0 0.022 -5.105 
3 16 0 0.022 -5.105 2.553 -2.517 -4.421 0 -2.517 -5.105 
3 16 0 0.022 -5.105 0 -2.517 -5.105 -2.553 0.022 -4.421 
3 16 -2.553 0.022 -4.421 0 -2.517 -5.105 -2.553 -2.517 -4.421 
3 16 -2.553 0.022 -4.421 -2.553 -2.517 -4.421 -4.421 0.022 -2.553 
3 16 -4.421 0.022 -2.553 -2.553 -2.517 -4.421 -4.421 -2.517 -2.553 
3 16 -4.421 0.022 -2.553 -4.421 -2.517 -2.553 -5.105 0.022 0 
3 16 -5.105 0.022 0 -4.421 -2.517 -2.553 -5.105 -2.517 0 
3 16 -5.105 0.022 0 -5.105 -2.517 0 -4.421 0.022 2.553 
3 16 -4.421 0.022 2.553 -5.105 -2.517 0 -4.421 -2.517 2.553 
3 16 -2.553 0.022 4.421 0 0.022 0 -4.421 0.022 2.553 
3 16 0 0.022 5.105 0 0.022 0 -2.553 0.022 4.421 
3 16 2.553 0.022 4.421 0 0.022 0 0 0.022 5.105 
3 16 4.421 0.022 2.553 0 0.022 0 2.553 0.022 4.421 
3 16 5.105 0.022 0 0 0.022 0 4.421 0.022 2.553 
3 16 4.421 0.022 -2.553 0 0.022 0 5.105 0.022 0 
3 16 2.553 0.022 -4.421 0 0.022 0 4.421 0.022 -2.553 
3 16 0 0.022 -5.105 0 0.022 0 2.553 0.022 -4.421 
3 16 -2.553 0.022 -4.421 0 0.022 0 0 0.022 -5.105 
3 16 -4.421 0.022 -2.553 0 0.022 0 -2.553 0.022 -4.421 
3 16 -5.105 0.022 0 0 0.022 0 -4.421 0.022 -2.553 
3 16 -4.421 0.022 2.553 0 0.022 0 -5.105 0.022 0 
3 16 -4.421 -2.517 2.553 0 -2.517 0 -2.553 -2.517 4.421 
3 16 -2.553 -2.517 4.421 0 -2.517 0 0 -2.517 5.105 
3 16 0 -2.517 5.105 0 -2.517 0 2.553 -2.517 4.421 
3 16 2.553 -2.517 4.421 0 -2.517 0 4.421 -2.517 2.553 
3 16 4.421 -2.517 2.553 0 -2.517 0 5.105 -2.517 0 
3 16 5.105 -2.517 0 0 -2.517 0 4.421 -2.517 -2.553 
3 16 4.421 -2.517 -2.553 0 -2.517 0 2.553 -2.517 -4.421 
3 16 2.553 -2.517 -4.421 0 -2.517 0 0 -2.517 -5.105 
3 16 0 -2.517 -5.105 0 -2.517 0 -2.553 -2.517 -4.421 
3 16 -2.553 -2.517 -4.421 0 -2.517 0 -4.421 -2.517 -2.553 
3 16 -4.421 -2.517 -2.553 0 -2.517 0 -5.105 -2.517 0 
3 16 -5.105 -2.517 0 0 -2.517 0 -4.421 -2.517 2.553 
3 16 -3.464 -2.517 2 -3.464 -19.383 2 -2 -2.517 3.464 
3 16 -2 -2.517 3.464 -3.464 -19.383 2 -2 -19.383 3.464 
3 16 -2 -2.517 3.464 -2 -19.383 3.464 0 -2.517 4 
3 16 0 -2.517 4 -2 -19.383 3.464 0 -19.383 4 
3 16 0 -2.517 4 0 -19.383 4 2 -2.517 3.464 
3 16 2 -2.517 3.464 0 -19.383 4 2 -19.383 3.464 
3 16 2 -2.517 3.464 2 -19.383 3.464 3.464 -2.517 2 
3 16 3.464 -2.517 2 2 -19.383 3.464 3.464 -19.383 2 
3 16 3.464 -2.517 2 3.464 -19.383 2 4 -2.517 0 
3 16 4 -2.517 0 3.464 -19.383 2 4 -19.383 0 
3 16 4 -2.517 0 4 -19.383 0 3.464 -2.517 -2 
3 16 3.464 -2.517 -2 4 -19.383 0 3.464 -19.383 -2 
3 16 3.464 -2.517 -2 3.464 -19.383 -2 2 -2.517 -3.464 
3 16 2 -2.517 -3.464 3.464 -19.383 -2 2 -19.383 -3.464 
3 16 2 -2.517 -3.464 2 -19.383 -3.464 0 -2.517 -4 
3 16 0 -2.517 -4 2 -19.383 -3.464 0 -19.383 -4 
3 16 0 -2.517 -4 0 -19.383 -4 -2 -2.517 -3.464 
3 16 -2 -2.517 -3.464 0 -19.383 -4 -2 -19.383 -3.464 
3 16 -2 -2.517 -3.464 -2 -19.383 -3.464 -3.464 -2.517 -2 
3 16 -3.464 -2.517 -2 -2 -19.383 -3.464 -3.464 -19.383 -2 
3 16 -3.464 -2.517 -2 -3.464 -19.383 -2 -4 -2.517 0 
3 16 -4 -2.517 0 -3.464 -19.383 -2 -4 -19.383 0 
3 16 -4 -2.517 0 -4 -19.383 0 -3.464 -2.517 2 
3 16 -3.464 -2.517 2 -4 -19.383 0 -3.464 -19.383 2 
3 16 3.991 -33.226 10.004 5.138 -29.39 11.314 -0.405 -31.265 7.423 
3 16 1.05 -27.647 8.758 -0.405 -31.265 7.423 5.138 -29.39 11.314 
3 16 -2.12 -24.829 -5.174 2.168 -24.828 -5.166 -1.885 -27.495 -4.956 
3 16 2.168 -24.828 -5.166 3.983 -24.827 -3.948 3.693 -27.071 -3.663 
3 16 3.983 -24.827 -3.948 4.876 -25.695 -3.178 3.693 -27.071 -3.663 
3 16 22.969 -24.462 -19.473 26.469 -20.265 -17.02 29.747 -28.507 -19.395 
3 16 29.747 -28.507 -19.395 26.469 -20.265 -17.02 32.673 -23.814 -16.324 
3 16 28.425 -16.566 -12.909 26.469 -20.265 -17.02 22.07 -15.36 -9.697 
3 16 26.469 -20.265 -17.02 19.342 -18.534 -13.683 22.07 -15.36 -9.697 
3 16 17.373 -22.226 -15.65 19.342 -18.534 -13.683 22.969 -24.462 -19.473 
3 16 22.969 -24.462 -19.473 19.342 -18.534 -13.683 26.469 -20.265 -17.02 
3 16 34.239 -19.851 -12.62 32.673 -23.814 -16.324 28.425 -16.566 -12.909 
3 16 28.425 -16.566 -12.909 32.673 -23.814 -16.324 26.469 -20.265 -17.02 
3 16 11.996 -20.741 -4.368 10.054 -21.884 -0.822 14.6 -18.017 -0.616 
3 16 13.37 -21.226 4.734 14.6 -18.017 -0.616 6.485 -24.957 3.574 
3 16 14.6 -18.017 -0.616 10.054 -21.884 -0.822 6.485 -24.957 3.574 
3 16 6.485 -24.957 3.574 10.054 -21.884 -0.822 6.85 -24.635 0.24 
3 16 -0.405 -31.265 7.423 1.05 -27.647 8.758 -3.527 -29.221 4.36 
3 16 -3.527 -29.221 4.36 1.05 -27.647 8.758 -2.413 -25.034 5.179 
3 16 -3.527 -29.221 4.36 -2.413 -25.034 5.179 -4.41 -24.831 3.219 
3 16 -4.41 -24.831 3.219 -5.428 -26.059 2.202 -3.527 -29.221 4.36 
3 16 0 -19.384 0 -5.411 -19.386 -0.004 -4.697 -19.383 2.712 
3 16 0 -19.384 0 -4.697 -19.383 2.712 -2.712 -19.383 4.697 
3 16 -2.712 -19.383 4.697 0 -19.383 5.423 0 -19.384 0 
3 16 0 -19.384 0 0 -19.383 5.423 2.712 -19.383 4.697 
3 16 0 -19.384 0 2.712 -19.383 4.697 4.697 -19.383 2.712 
3 16 0 -19.384 0 4.697 -19.383 2.712 5.436 -19.383 0.016 
3 16 4.697 -19.383 -2.712 0 -19.384 0 5.436 -19.383 0.016 
3 16 0 -19.384 0 4.697 -19.383 -2.712 2.712 -19.383 -4.697 
3 16 -2.712 -19.383 -4.697 0 -19.384 0 0 -19.383 -5.423 
3 16 0 -19.384 0 2.712 -19.383 -4.697 0 -19.383 -5.423 
3 16 -4.697 -19.383 -2.712 0 -19.384 0 -2.712 -19.383 -4.697 
3 16 -5.411 -19.386 -0.004 0 -19.384 0 -4.697 -19.383 -2.712 
3 16 -4.41 -24.831 3.219 -4.697 -19.383 2.712 -5.588 -24.831 -0.005 
3 16 -4.697 -19.383 2.712 -5.411 -19.386 -0.004 -5.588 -24.831 -0.005 
3 16 -2.413 -25.034 5.179 -2.712 -19.383 4.697 -4.41 -24.831 3.219 
3 16 -2.712 -19.383 4.697 -4.697 -19.383 2.712 -4.41 -24.831 3.219 
3 16 -2.712 -19.383 4.697 -2.413 -25.034 5.179 0 -19.383 5.423 
3 16 -2.413 -25.034 5.179 2.148 -24.829 5.184 0 -19.383 5.423 
3 16 0 -19.383 5.423 2.148 -24.829 5.184 2.712 -19.383 4.697 
3 16 2.712 -19.383 4.697 2.148 -24.829 5.184 3.967 -24.828 3.974 
3 16 2.712 -19.383 4.697 3.967 -24.828 3.974 4.697 -19.383 2.712 
3 16 4.697 -19.383 2.712 3.967 -24.828 3.974 5.185 -24.828 2.159 
3 16 4.697 -19.383 2.712 5.185 -24.828 2.159 5.436 -19.383 0.016 
3 16 5.436 -19.383 0.016 5.185 -24.828 2.159 5.616 -24.827 0.016 
3 16 3.983 -24.827 -3.948 4.697 -19.383 -2.712 5.616 -24.827 0.016 
3 16 4.697 -19.383 -2.712 5.436 -19.383 0.016 5.616 -24.827 0.016 
3 16 4.697 -19.383 -2.712 3.983 -24.827 -3.948 2.712 -19.383 -4.697 
3 16 2.712 -19.383 -4.697 3.983 -24.827 -3.948 2.168 -24.828 -5.166 
3 16 2.168 -24.828 -5.166 0 -19.383 -5.423 2.712 -19.383 -4.697 
3 16 -2.712 -19.383 -4.697 -2.12 -24.829 -5.174 -4.697 -19.383 -2.712 
3 16 -2.12 -24.829 -5.174 -4.809 -24.83 -2.575 -4.697 -19.383 -2.712 
3 16 -5.588 -24.831 -0.005 -5.411 -19.386 -0.004 -4.809 -24.83 -2.575 
3 16 -5.411 -19.386 -0.004 -4.697 -19.383 -2.712 -4.809 -24.83 -2.575 
3 16 42.867 -33.751 -0.322 41.441 -37.775 -3.519 42.762 -29.35 -6.159 
3 16 41.441 -37.775 -3.519 41.319 -33.279 -9.669 42.762 -29.35 -6.159 
3 16 38.194 -37.86 -13.053 41.319 -33.279 -9.669 38.871 -41.245 -5.391 
3 16 38.871 -41.245 -5.391 41.319 -33.279 -9.669 41.441 -37.775 -3.519 
3 16 32.673 -23.814 -16.324 34.239 -19.851 -12.62 37.382 -27.72 -14.076 
3 16 37.382 -27.72 -14.076 34.239 -19.851 -12.62 38.929 -23.846 -10.707 
3 16 29.747 -28.507 -19.395 32.673 -23.814 -16.324 34.674 -32.631 -17.23 
3 16 32.673 -23.814 -16.324 37.382 -27.72 -14.076 34.674 -32.631 -17.23 
3 16 5.138 -29.39 11.314 2.148 -24.829 5.184 1.05 -27.647 8.758 
3 16 5.138 -29.39 11.314 14.685 -26.085 10.197 6.485 -24.957 3.574 
3 16 14.685 -26.085 10.197 13.37 -21.226 4.734 6.485 -24.957 3.574 
3 16 13.365 -37.665 13.828 13.25 -33.239 15.839 3.991 -33.226 10.004 
3 16 3.991 -33.226 10.004 13.25 -33.239 15.839 5.138 -29.39 11.314 
3 16 5.138 -29.39 11.314 13.25 -33.239 15.839 14.685 -26.085 10.197 
3 16 17.093 -29.877 13.522 14.685 -26.085 10.197 13.25 -33.239 15.839 
3 16 6.85 -24.635 0.24 5.889 -26.281 -3.087 5.616 -24.827 0.016 
3 16 5.889 -26.281 -3.087 4.876 -25.695 -3.178 5.616 -24.827 0.016 
3 16 3.983 -24.827 -3.948 5.616 -24.827 0.016 4.876 -25.695 -3.178 
3 16 22.07 -15.36 -9.697 19.342 -18.534 -13.683 17.685 -16.347 -5.125 
3 16 19.342 -18.534 -13.683 15.108 -19.459 -9.139 17.685 -16.347 -5.125 
3 16 17.685 -16.347 -5.125 15.108 -19.459 -9.139 14.6 -18.017 -0.616 
3 16 15.108 -19.459 -9.139 11.996 -20.741 -4.368 14.6 -18.017 -0.616 
3 16 6.485 -24.957 3.574 6.85 -24.635 0.24 5.185 -24.828 2.159 
3 16 5.616 -24.827 0.016 5.185 -24.828 2.159 6.85 -24.635 0.24 
3 16 -2.413 -25.034 5.179 1.05 -27.647 8.758 2.148 -24.829 5.184 
3 16 5.138 -29.39 11.314 6.485 -24.957 3.574 3.967 -24.828 3.974 
3 16 5.138 -29.39 11.314 3.967 -24.828 3.974 2.148 -24.829 5.184 
3 16 26.496 -40.877 12.212 23.994 -43.467 8.737 32.91 -41.431 7.243 
3 16 34.674 -32.631 -17.23 37.382 -27.72 -14.076 38.194 -37.86 -13.053 
3 16 37.382 -27.72 -14.076 41.319 -33.279 -9.669 38.194 -37.86 -13.053 
3 16 42.762 -29.35 -6.159 41.319 -33.279 -9.669 38.929 -23.846 -10.707 
3 16 38.929 -23.846 -10.707 41.319 -33.279 -9.669 37.382 -27.72 -14.076 
3 16 9.539 -26.262 -4.288 5.889 -26.281 -3.087 10.054 -21.884 -0.822 
3 16 10.054 -21.884 -0.822 5.889 -26.281 -3.087 6.85 -24.635 0.24 
3 16 11.996 -20.741 -4.368 10.815 -25.724 -7.375 10.054 -21.884 -0.822 
3 16 9.539 -26.262 -4.288 10.054 -21.884 -0.822 10.815 -25.724 -7.375 
3 16 15.108 -19.459 -9.139 13.523 -24.865 -12.778 11.996 -20.741 -4.368 
3 16 13.523 -24.865 -12.778 10.815 -25.724 -7.375 11.996 -20.741 -4.368 
3 16 13.523 -24.865 -12.778 15.108 -19.459 -9.139 17.373 -22.226 -15.65 
3 16 15.108 -19.459 -9.139 19.342 -18.534 -13.683 17.373 -22.226 -15.65 
3 16 13.25 -33.239 15.839 22.221 -35.135 16.843 17.093 -29.877 13.522 
3 16 28.425 -16.566 -12.909 28.048 -19.019 -9.203 34.239 -19.851 -12.62 
3 16 32.888 -21.565 -9.333 34.239 -19.851 -12.62 28.048 -19.019 -9.203 
3 16 23.529 -17.943 -7.324 22.07 -15.36 -9.697 19.879 -18.384 -4 
3 16 19.879 -18.384 -4 22.07 -15.36 -9.697 17.685 -16.347 -5.125 
3 16 40.252 -35.282 3.733 37.097 -33.336 3.435 36.057 -36.255 8.148 
3 16 34.432 -34.383 6.811 36.057 -36.255 8.148 37.097 -33.336 3.435 
3 16 29.828 -34.731 10.674 28.996 -36.641 13.883 34.432 -34.383 6.811 
3 16 34.432 -34.383 6.811 28.996 -36.641 13.883 36.057 -36.255 8.148 
3 16 22.221 -35.135 16.843 28.996 -36.641 13.883 23.987 -32.917 12.542 
3 16 23.987 -32.917 12.542 28.996 -36.641 13.883 29.828 -34.731 10.674 
3 16 38.643 -31.736 0.138 42.867 -33.751 -0.322 38.715 -28.44 -4.355 
3 16 38.715 -28.44 -4.355 42.867 -33.751 -0.322 42.762 -29.35 -6.159 
3 16 28.048 -19.019 -9.203 28.425 -16.566 -12.909 23.529 -17.943 -7.324 
3 16 23.529 -17.943 -7.324 28.425 -16.566 -12.909 22.07 -15.36 -9.697 
3 16 22.221 -35.135 16.843 23.987 -32.917 12.542 17.093 -29.877 13.522 
3 16 17.093 -29.877 13.522 23.987 -32.917 12.542 20.323 -29.907 11.183 
3 16 18.01 -26.396 8.095 14.685 -26.085 10.197 20.323 -29.907 11.183 
3 16 20.323 -29.907 11.183 14.685 -26.085 10.197 17.093 -29.877 13.522 
3 16 19.879 -18.384 -4 17.685 -16.347 -5.125 17.201 -20.199 0.385 
3 16 17.201 -20.199 0.385 17.685 -16.347 -5.125 14.6 -18.017 -0.616 
3 16 38.715 -28.44 -4.355 42.762 -29.35 -6.159 36.212 -24.44 -7.908 
3 16 36.212 -24.44 -7.908 42.762 -29.35 -6.159 38.929 -23.846 -10.707 
3 16 34.239 -19.851 -12.62 32.888 -21.565 -9.333 38.929 -23.846 -10.707 
3 16 36.212 -24.44 -7.908 38.929 -23.846 -10.707 32.888 -21.565 -9.333 
3 16 42.867 -33.751 -0.322 38.643 -31.736 0.138 40.252 -35.282 3.733 
3 16 37.097 -33.336 3.435 40.252 -35.282 3.733 38.643 -31.736 0.138 
3 16 16.574 -22.426 3.864 13.37 -21.226 4.734 18.01 -26.396 8.095 
3 16 18.01 -26.396 8.095 13.37 -21.226 4.734 14.685 -26.085 10.197 
3 16 5.185 -24.828 2.159 3.967 -24.828 3.974 6.485 -24.957 3.574 
3 16 17.201 -20.199 0.385 14.6 -18.017 -0.616 16.574 -22.426 3.864 
3 16 16.574 -22.426 3.864 14.6 -18.017 -0.616 13.37 -21.226 4.734 
3 16 -4.41 -24.831 3.219 -5.588 -24.831 -0.005 -5.428 -26.059 2.202 
3 16 -5.428 -26.059 2.202 -5.588 -24.831 -0.005 -4.633 -27.504 -1.989 
3 16 -5.588 -24.831 -0.005 -4.809 -24.83 -2.575 -4.633 -27.504 -1.989 
3 16 -4.633 -27.504 -1.989 -4.809 -24.83 -2.575 -1.885 -27.495 -4.956 
3 16 -4.809 -24.83 -2.575 -2.12 -24.829 -5.174 -1.885 -27.495 -4.956 
3 16 29.654 -27.264 -13.406 32.888 -21.565 -9.333 24.983 -24.681 -13.341 
3 16 24.983 -24.681 -13.341 32.888 -21.565 -9.333 28.048 -19.019 -9.203 
3 16 20.511 -23.618 -11.477 23.529 -17.943 -7.324 16.78 -23.993 -8.184 
3 16 23.529 -17.943 -7.324 19.879 -18.384 -4 16.78 -23.993 -8.184 
3 16 16.574 -22.426 3.864 13.552 -27.638 -0.755 17.201 -20.199 0.385 
3 16 17.201 -20.199 0.385 13.552 -27.638 -0.755 14.355 -25.673 -4.037 
3 16 20.323 -38.297 8.657 23.987 -32.917 12.542 26.63 -40.063 6.308 
3 16 23.987 -32.917 12.542 29.828 -34.731 10.674 26.63 -40.063 6.308 
3 16 38.715 -28.44 -4.355 35.568 -34.258 -8.338 38.643 -31.736 0.138 
3 16 35.246 -37.186 -4.107 38.643 -31.736 0.138 35.568 -34.258 -8.338 
3 16 24.983 -24.681 -13.341 28.048 -19.019 -9.203 20.511 -23.618 -11.477 
3 16 28.048 -19.019 -9.203 23.529 -17.943 -7.324 20.511 -23.618 -11.477 
3 16 17.201 -20.199 0.385 14.355 -25.673 -4.037 19.879 -18.384 -4 
3 16 14.355 -25.673 -4.037 16.78 -23.993 -8.184 19.879 -18.384 -4 
3 16 35.568 -34.258 -8.338 38.715 -28.44 -4.355 33.078 -30.127 -12.088 
3 16 38.715 -28.44 -4.355 36.212 -24.44 -7.908 33.078 -30.127 -12.088 
3 16 32.888 -21.565 -9.333 29.654 -27.264 -13.406 36.212 -24.44 -7.908 
3 16 29.654 -27.264 -13.406 33.078 -30.127 -12.088 36.212 -24.44 -7.908 
3 16 33.553 -38.859 -0.552 37.097 -33.336 3.435 35.246 -37.186 -4.107 
3 16 37.097 -33.336 3.435 38.643 -31.736 0.138 35.246 -37.186 -4.107 
3 16 26.63 -40.063 6.308 29.828 -34.731 10.674 31.032 -39.785 2.61 
3 16 31.032 -39.785 2.61 29.828 -34.731 10.674 34.432 -34.383 6.811 
3 16 20.323 -29.907 11.183 17.427 -35.78 7.413 18.01 -26.396 8.095 
3 16 17.427 -35.78 7.413 14.93 -31.741 3.795 18.01 -26.396 8.095 
3 16 13.552 -27.638 -0.755 16.574 -22.426 3.864 14.93 -31.741 3.795 
3 16 16.574 -22.426 3.864 18.01 -26.396 8.095 14.93 -31.741 3.795 
3 16 23.987 -32.917 12.542 20.323 -38.297 8.657 20.323 -29.907 11.183 
3 16 20.323 -38.297 8.657 17.427 -35.78 7.413 20.323 -29.907 11.183 
3 16 37.097 -33.336 3.435 33.553 -38.859 -0.552 34.432 -34.383 6.811 
3 16 33.553 -38.859 -0.552 31.032 -39.785 2.61 34.432 -34.383 6.811 
3 16 17.427 -35.78 7.413 20.323 -38.297 8.657 14.93 -31.741 3.795 
3 16 14.355 -25.673 -4.037 13.552 -27.638 -0.755 14.93 -31.741 3.795 
3 16 20.323 -38.297 8.657 14.355 -25.673 -4.037 14.93 -31.741 3.795 
3 16 26.63 -40.063 6.308 14.355 -25.673 -4.037 20.323 -38.297 8.657 
3 16 16.78 -23.993 -8.184 14.355 -25.673 -4.037 26.63 -40.063 6.308 
3 16 16.78 -23.993 -8.184 26.63 -40.063 6.308 31.032 -39.785 2.61 
3 16 16.78 -23.993 -8.184 31.032 -39.785 2.61 20.511 -23.618 -11.477 
3 16 20.511 -23.618 -11.477 31.032 -39.785 2.61 33.553 -38.859 -0.552 
3 16 20.511 -23.618 -11.477 33.553 -38.859 -0.552 24.983 -24.681 -13.341 
3 16 29.654 -27.264 -13.406 24.983 -24.681 -13.341 35.246 -37.186 -4.107 
3 16 35.568 -34.258 -8.338 33.078 -30.127 -12.088 29.654 -27.264 -13.406 
3 16 35.246 -37.186 -4.107 24.983 -24.681 -13.341 33.553 -38.859 -0.552 
3 16 29.654 -27.264 -13.406 35.246 -37.186 -4.107 35.568 -34.258 -8.338 
3 16 32.91 -41.431 7.243 36.057 -36.255 8.148 26.496 -40.877 12.212 
3 16 36.057 -36.255 8.148 28.996 -36.641 13.883 26.496 -40.877 12.212 
3 16 38.871 -41.245 -5.391 41.441 -37.775 -3.519 38.179 -40.463 1.11 
3 16 32.91 -41.431 7.243 29.559 -43.918 4.215 38.179 -40.463 1.11 
3 16 36.057 -36.255 8.148 32.91 -41.431 7.243 40.252 -35.282 3.733 
3 16 38.179 -40.463 1.11 40.252 -35.282 3.733 32.91 -41.431 7.243 
3 16 26.496 -40.877 12.212 18.786 -38.619 14.869 16.895 -40.056 13.047 
3 16 22.221 -35.135 16.843 18.786 -38.619 14.869 28.996 -36.641 13.883 
3 16 28.996 -36.641 13.883 18.786 -38.619 14.869 26.496 -40.877 12.212 
3 16 18.786 -38.619 14.869 22.221 -35.135 16.843 13.365 -37.665 13.828 
3 16 13.25 -33.239 15.839 13.365 -37.665 13.828 22.221 -35.135 16.843 
3 16 40.252 -35.282 3.733 38.179 -40.463 1.11 42.867 -33.751 -0.322 
3 16 42.867 -33.751 -0.322 38.179 -40.463 1.11 41.441 -37.775 -3.519 
3 16 2.168 -24.828 -5.166 -2.12 -24.829 -5.174 0 -19.383 -5.423 
3 16 -2.12 -24.829 -5.174 -2.712 -19.383 -4.697 0 -19.383 -5.423 
3 16 19.733 -41.069 20.968 19.086 -40.21 22.361 17.619 -41.042 20.957 
3 16 17.619 -41.042 20.957 19.086 -40.21 22.361 18.304 -40.217 22.337 
3 16 17.894 -39.532 22.467 16.569 -39.258 21.345 18.304 -40.217 22.337 
3 16 16.569 -39.258 21.345 17.619 -41.042 20.957 18.304 -40.217 22.337 
3 16 16.569 -39.258 21.345 17.894 -39.532 22.467 17.634 -37.5 21.742 
3 16 17.894 -39.532 22.467 18.32 -38.862 22.62 17.634 -37.5 21.742 
3 16 17.634 -37.5 21.742 18.32 -38.862 22.62 19.747 -37.527 21.753 
3 16 18.32 -38.862 22.62 19.112 -38.915 22.633 19.747 -37.527 21.753 
3 16 19.466 -39.578 22.505 20.797 -39.312 21.365 19.112 -38.915 22.633 
3 16 20.797 -39.312 21.365 19.747 -37.527 21.753 19.112 -38.915 22.633 
3 16 17.763 -39.929 15.37 17.619 -41.042 20.957 16.684 -38.269 16.235 
3 16 16.684 -38.269 16.235 17.619 -41.042 20.957 16.569 -39.258 21.345 
3 16 16.684 -38.269 16.235 16.569 -39.258 21.345 17.582 -36.627 17.439 
3 16 17.582 -36.627 17.439 16.569 -39.258 21.345 17.634 -37.5 21.742 
3 16 17.582 -36.627 17.439 17.634 -37.5 21.742 19.981 -36.637 17.847 
3 16 17.634 -37.5 21.742 19.747 -37.527 21.753 19.981 -36.637 17.847 
3 16 20.797 -39.312 21.365 21.044 -38.302 16.948 19.747 -37.527 21.753 
3 16 21.044 -38.302 16.948 19.981 -36.637 17.847 19.747 -37.527 21.753 
3 16 19.733 -41.069 20.968 20.189 -39.897 15.789 20.797 -39.312 21.365 
3 16 20.189 -39.897 15.789 21.044 -38.302 16.948 20.797 -39.312 21.365 
3 16 17.619 -41.042 20.957 17.763 -39.929 15.37 19.733 -41.069 20.968 
3 16 17.763 -39.929 15.37 20.189 -39.897 15.789 19.733 -41.069 20.968 
3 16 16.895 -40.056 13.047 20.392 -40.355 12.743 17.763 -39.929 15.37 
3 16 20.392 -40.355 12.743 20.189 -39.897 15.789 17.763 -39.929 15.37 
3 16 16.15 -38.155 14.363 17.763 -39.929 15.37 16.684 -38.269 16.235 
3 16 16.15 -38.155 14.363 16.895 -40.056 13.047 17.763 -39.929 15.37 
3 16 17.108 -36.548 15.12 16.15 -38.155 14.363 16.684 -38.269 16.235 
3 16 17.108 -36.548 15.12 16.684 -38.269 16.235 17.582 -36.627 17.439 
3 16 21.355 -38.127 14.618 20.601 -36.777 15.912 21.044 -38.302 16.948 
3 16 18.736 -36.121 15.665 19.981 -36.637 17.847 20.601 -36.777 15.912 
3 16 20.601 -36.777 15.912 19.981 -36.637 17.847 21.044 -38.302 16.948 
3 16 21.104 -39.298 14.07 20.189 -39.897 15.789 20.392 -40.355 12.743 
3 16 20.189 -39.897 15.789 21.104 -39.298 14.07 21.044 -38.302 16.948 
3 16 21.104 -39.298 14.07 21.355 -38.127 14.618 21.044 -38.302 16.948 
3 16 18.304 -40.217 22.337 19.112 -38.915 22.633 17.894 -39.532 22.467 
3 16 17.894 -39.532 22.467 19.112 -38.915 22.633 18.32 -38.862 22.62 
3 16 19.112 -38.915 22.633 18.304 -40.217 22.337 19.466 -39.578 22.505 
3 16 18.304 -40.217 22.337 19.086 -40.21 22.361 19.466 -39.578 22.505 
3 16 20.797 -39.312 21.365 19.466 -39.578 22.505 19.733 -41.069 20.968 
3 16 19.733 -41.069 20.968 19.466 -39.578 22.505 19.086 -40.21 22.361 
3 16 19.981 -36.637 17.847 18.736 -36.121 15.665 17.582 -36.627 17.439 
3 16 18.736 -36.121 15.665 17.108 -36.548 15.12 17.582 -36.627 17.439 
3 16 34.85 -43.015 19.131 36.215 -43.851 21.355 34.192 -45.413 18.639 
3 16 34.192 -45.413 18.639 36.215 -43.851 21.355 35.551 -46.244 20.866 
3 16 36.162 -46.629 21.349 35.551 -46.244 20.866 36.947 -44.122 21.907 
3 16 35.551 -46.244 20.866 36.215 -43.851 21.355 36.947 -44.122 21.907 
3 16 36.947 -44.122 21.907 36.215 -43.851 21.355 35.772 -41.95 23.348 
3 16 36.215 -43.851 21.355 35.196 -41.95 22.692 35.772 -41.95 23.348 
3 16 33.609 -47.73 21.497 32.241 -46.895 19.277 35.551 -46.244 20.866 
3 16 32.241 -46.895 19.277 34.192 -45.413 18.639 35.551 -46.244 20.866 
3 16 34.142 -42.842 18.604 34.85 -43.015 19.131 33.551 -44.997 18.158 
3 16 34.85 -43.015 19.131 34.192 -45.413 18.639 33.551 -44.997 18.158 
3 16 33.229 -41.136 19.807 33.829 -41.115 20.471 34.142 -42.842 18.604 
3 16 33.829 -41.115 20.471 34.85 -43.015 19.131 34.142 -42.842 18.604 
3 16 33.551 -44.997 18.158 34.192 -45.413 18.639 31.801 -46.338 18.731 
3 16 34.192 -45.413 18.639 32.241 -46.895 19.277 31.801 -46.338 18.731 
3 16 37.765 -47.608 23.952 36.162 -46.629 21.349 38.482 -44.996 24.492 
3 16 36.162 -46.629 21.349 36.947 -44.122 21.907 38.482 -44.996 24.492 
3 16 38.482 -44.996 24.492 36.947 -44.122 21.907 37.375 -42.928 25.951 
3 16 36.947 -44.122 21.907 35.772 -41.95 23.348 37.375 -42.928 25.951 
3 16 33.829 -41.115 20.471 35.196 -41.95 22.692 34.85 -43.015 19.131 
3 16 35.196 -41.95 22.692 36.215 -43.851 21.355 34.85 -43.015 19.131 
3 16 31.346 -40.879 21.063 31.736 -40.829 21.867 33.229 -41.136 19.807 
3 16 33.229 -41.136 19.807 31.736 -40.829 21.867 33.829 -41.115 20.471 
3 16 29.596 -42.221 21.637 29.792 -42.32 22.505 31.346 -40.879 21.063 
3 16 31.346 -40.879 21.063 29.792 -42.32 22.505 31.736 -40.829 21.867 
3 16 29.004 -44.375 21.191 29.134 -44.714 22.01 29.596 -42.221 21.637 
3 16 29.596 -42.221 21.637 29.134 -44.714 22.01 29.792 -42.32 22.505 
3 16 29.917 -46.081 19.988 30.149 -46.609 20.672 29.004 -44.375 21.191 
3 16 29.004 -44.375 21.191 30.149 -46.609 20.672 29.134 -44.714 22.01 
3 16 31.801 -46.338 18.731 32.241 -46.895 19.277 29.917 -46.081 19.988 
3 16 29.917 -46.081 19.988 32.241 -46.895 19.277 30.149 -46.609 20.672 
3 16 31.736 -40.829 21.867 33.103 -41.664 24.088 33.829 -41.115 20.471 
3 16 33.103 -41.664 24.088 35.196 -41.95 22.692 33.829 -41.115 20.471 
3 16 29.792 -42.32 22.505 31.159 -43.154 24.725 31.736 -40.829 21.867 
3 16 31.159 -43.154 24.725 33.103 -41.664 24.088 31.736 -40.829 21.867 
3 16 29.134 -44.714 22.01 30.501 -45.549 24.23 29.792 -42.32 22.505 
3 16 30.501 -45.549 24.23 31.159 -43.154 24.725 29.792 -42.32 22.505 
3 16 30.149 -46.609 20.672 31.516 -47.444 22.893 29.134 -44.714 22.01 
3 16 31.516 -47.444 22.893 30.501 -45.549 24.23 29.134 -44.714 22.01 
3 16 32.241 -46.895 19.277 33.609 -47.73 21.497 30.149 -46.609 20.672 
3 16 33.609 -47.73 21.497 31.516 -47.444 22.893 30.149 -46.609 20.672 
3 16 33.103 -41.664 24.088 33.49 -41.638 24.871 35.196 -41.95 22.692 
3 16 35.196 -41.95 22.692 33.49 -41.638 24.871 35.772 -41.95 23.348 
3 16 31.159 -43.154 24.725 31.368 -43.264 25.566 33.103 -41.664 24.088 
3 16 33.103 -41.664 24.088 31.368 -43.264 25.566 33.49 -41.638 24.871 
3 16 30.501 -45.549 24.23 30.651 -45.876 25.026 31.159 -43.154 24.725 
3 16 31.159 -43.154 24.725 30.651 -45.876 25.026 31.368 -43.264 25.566 
3 16 31.516 -47.444 22.893 31.758 -47.943 23.567 30.501 -45.549 24.23 
3 16 30.501 -45.549 24.23 31.758 -47.943 23.567 30.651 -45.876 25.026 
3 16 33.609 -47.73 21.497 34.041 -48.255 22.044 31.516 -47.444 22.893 
3 16 31.516 -47.444 22.893 34.041 -48.255 22.044 31.758 -47.943 23.567 
3 16 35.551 -46.244 20.866 36.162 -46.629 21.349 33.609 -47.73 21.497 
3 16 33.609 -47.73 21.497 36.162 -46.629 21.349 34.041 -48.255 22.044 
3 16 33.49 -41.638 24.871 35.093 -42.616 27.474 35.772 -41.95 23.348 
3 16 35.093 -42.616 27.474 37.375 -42.928 25.951 35.772 -41.95 23.348 
3 16 31.368 -43.264 25.566 32.971 -44.243 28.169 33.49 -41.638 24.871 
3 16 32.971 -44.243 28.169 35.093 -42.616 27.474 33.49 -41.638 24.871 
3 16 30.651 -45.876 25.026 32.254 -46.854 27.629 31.368 -43.264 25.566 
3 16 32.254 -46.854 27.629 32.971 -44.243 28.169 31.368 -43.264 25.566 
3 16 31.758 -47.943 23.567 33.361 -48.922 26.17 30.651 -45.876 25.026 
3 16 33.361 -48.922 26.17 32.254 -46.854 27.629 30.651 -45.876 25.026 
3 16 34.041 -48.255 22.044 35.644 -49.234 24.647 31.758 -47.943 23.567 
3 16 35.644 -49.234 24.647 33.361 -48.922 26.17 31.758 -47.943 23.567 
3 16 35.644 -49.234 24.647 34.041 -48.255 22.044 37.765 -47.608 23.952 
3 16 37.765 -47.608 23.952 34.041 -48.255 22.044 36.162 -46.629 21.349 
3 16 38.482 -44.996 24.492 38.533 -45.438 25.538 37.765 -47.608 23.952 
3 16 38.533 -45.438 25.538 37.92 -47.67 25.077 37.765 -47.608 23.952 
3 16 37.375 -42.928 25.951 37.587 -43.672 26.784 38.482 -44.996 24.492 
3 16 37.587 -43.672 26.784 38.533 -45.438 25.538 38.482 -44.996 24.492 
3 16 35.093 -42.616 27.474 35.636 -43.405 28.086 37.375 -42.928 25.951 
3 16 35.636 -43.405 28.086 37.587 -43.672 26.784 37.375 -42.928 25.951 
3 16 32.971 -44.243 28.169 33.824 -44.795 28.68 35.093 -42.616 27.474 
3 16 33.824 -44.795 28.68 35.636 -43.405 28.086 35.093 -42.616 27.474 
3 16 32.254 -46.854 27.629 33.211 -47.026 28.218 32.971 -44.243 28.169 
3 16 33.211 -47.026 28.218 33.824 -44.795 28.68 32.971 -44.243 28.169 
3 16 33.361 -48.922 26.17 34.157 -48.793 26.972 32.254 -46.854 27.629 
3 16 34.157 -48.793 26.972 33.211 -47.026 28.218 32.254 -46.854 27.629 
3 16 35.644 -49.234 24.647 36.107 -49.059 25.671 33.361 -48.922 26.17 
3 16 36.107 -49.059 25.671 34.157 -48.793 26.972 33.361 -48.922 26.17 
3 16 37.765 -47.608 23.952 37.92 -47.67 25.077 35.644 -49.234 24.647 
3 16 37.92 -47.67 25.077 36.107 -49.059 25.671 35.644 -49.234 24.647 
3 16 35.534 -42.581 22.248 36.047 -43.128 22.112 40.838 -43.005 17.932 
3 16 40.838 -43.005 17.932 36.047 -43.128 22.112 40.326 -44.217 19.212 
3 16 40.326 -44.217 19.212 36.047 -43.128 22.112 36.778 -44.06 21.779 
3 16 35.534 -42.581 22.248 40.838 -43.005 17.932 35.03 -42.461 20.984 
3 16 39.797 -42.987 17.325 35.03 -42.461 20.984 40.838 -43.005 17.932 
3 16 35.03 -42.461 20.984 39.797 -42.987 17.325 35.155 -43.202 19.629 
3 16 38.618 -43.451 17.203 35.155 -43.202 19.629 39.797 -42.987 17.325 
3 16 35.155 -43.202 19.629 38.618 -43.451 17.203 34.192 -45.413 18.639 
3 16 37.55 -45.612 16.129 34.192 -45.413 18.639 38.618 -43.451 17.203 
3 16 38.678 -46.933 15.658 33.355 -46.474 19.521 37.55 -45.612 16.129 
3 16 37.55 -45.612 16.129 33.355 -46.474 19.521 34.192 -45.413 18.639 
3 16 33.355 -46.474 19.521 38.678 -46.933 15.658 34.282 -46.673 20.511 
3 16 38.678 -46.933 15.658 39.416 -47.116 16.786 34.282 -46.673 20.511 
3 16 39.69 -46.019 18.526 36.027 -45.68 21.224 39.25 -46.443 17.919 
3 16 36.027 -45.68 21.224 35.551 -46.244 20.866 39.25 -46.443 17.919 
3 16 34.282 -46.673 20.511 39.416 -47.116 16.786 35.551 -46.244 20.866 
3 16 39.25 -46.443 17.919 35.551 -46.244 20.866 39.416 -47.116 16.786 
3 16 36.027 -45.68 21.224 39.69 -46.019 18.526 36.778 -44.06 21.779 
3 16 36.778 -44.06 21.779 39.69 -46.019 18.526 40.326 -44.217 19.212 
3 16 48.109 -42.87 9.767 44.07 -43.225 15.077 47.975 -44.155 10.953 
3 16 44.928 -44.331 14.404 47.975 -44.155 10.953 44.07 -43.225 15.077 
3 16 42.966 -42.764 14.16 43.591 -42.882 15.14 46.713 -42.971 9.402 
3 16 46.713 -42.971 9.402 43.591 -42.882 15.14 48.109 -42.87 9.767 
3 16 44.07 -43.225 15.077 48.109 -42.87 9.767 43.591 -42.882 15.14 
3 16 42.966 -42.764 14.16 46.713 -42.971 9.402 42.865 -43.451 12.803 
3 16 42.865 -43.451 12.803 46.713 -42.971 9.402 45.473 -43.639 9.395 
3 16 44.777 -45.926 8.505 41.839 -45.632 11.771 45.473 -43.639 9.395 
3 16 45.473 -43.639 9.395 41.839 -45.632 11.771 42.865 -43.451 12.803 
3 16 46.007 -46.939 7.949 41.487 -46.924 12.943 45.302 -46.427 8.102 
3 16 44.777 -45.926 8.505 45.302 -46.427 8.102 41.839 -45.632 11.771 
3 16 41.839 -45.632 11.771 45.302 -46.427 8.102 41.487 -46.924 12.943 
3 16 43.495 -46.442 13.522 41.487 -46.924 12.943 46.699 -47.049 8.747 
3 16 41.487 -46.924 12.943 46.007 -46.939 7.949 46.699 -47.049 8.747 
3 16 46.699 -47.049 8.747 46.711 -46.658 9.712 43.495 -46.442 13.522 
3 16 43.495 -46.442 13.522 46.711 -46.658 9.712 44.287 -45.936 13.911 
3 16 46.711 -46.658 9.712 47.306 -45.936 10.435 44.287 -45.936 13.911 
3 16 47.306 -45.936 10.435 47.716 -44.484 11.076 44.287 -45.936 13.911 
3 16 47.975 -44.155 10.953 44.928 -44.331 14.404 47.716 -44.484 11.076 
3 16 44.928 -44.331 14.404 44.287 -45.936 13.911 47.716 -44.484 11.076 
3 16 47.774 -44.506 11.14 47.154 -44.276 10.445 47.167 -47.016 10.152 
3 16 47.167 -47.016 10.152 47.154 -44.276 10.445 46.711 -46.658 9.712 
3 16 40.331 -44.197 19.217 39.828 -44.042 18.478 39.641 -46.719 18.544 
3 16 39.828 -44.042 18.478 39.25 -46.443 17.919 39.641 -46.719 18.544 
3 16 42.135 -42.286 18.132 41.48 -42.345 17.585 40.331 -44.197 19.217 
3 16 41.48 -42.345 17.585 39.828 -44.042 18.478 40.331 -44.197 19.217 
3 16 41.903 -48.136 14.36 40.058 -47.268 12.532 43.495 -46.442 13.522 
3 16 40.058 -47.268 12.532 41.763 -45.595 11.691 43.495 -46.442 13.522 
3 16 32.079 -40.968 11.78 31.72 -40.061 11.521 31.575 -40.959 12.242 
3 16 31.72 -40.061 11.521 31.451 -40.169 11.915 31.575 -40.959 12.242 
3 16 31.575 -40.959 12.242 30.592 -43.258 11.272 32.079 -40.968 11.78 
3 16 30.592 -43.258 11.272 30.888 -43.053 10.657 32.079 -40.968 11.78 
3 16 36.363 -39.381 4.71 37.733 -40.064 5.594 38.344 -37.549 3.944 
3 16 39.218 -37.914 4.607 38.344 -37.549 3.944 37.733 -40.064 5.594 
3 16 37.733 -40.064 5.594 36.363 -39.381 4.71 37.141 -39.532 6.032 
3 16 36.363 -39.381 4.71 36.243 -39.21 5.052 37.141 -39.532 6.032 
3 16 37.141 -39.532 6.032 37.534 -41.048 6.373 37.733 -40.064 5.594 
3 16 37.534 -41.048 6.373 38.145 -41.078 5.692 37.733 -40.064 5.594 
3 16 37.534 -41.048 6.373 36.348 -43.343 5.203 38.145 -41.078 5.692 
3 16 36.348 -43.343 5.203 36.872 -43.396 4.926 38.145 -41.078 5.692 
3 16 28.473 -42.445 7.987 30.888 -43.053 10.657 28.424 -42.332 8.233 
3 16 28.424 -42.332 8.233 30.888 -43.053 10.657 30.592 -43.258 11.272 
3 16 30.399 -39.272 10.38 30.278 -39.049 10.604 31.451 -40.169 11.915 
3 16 30.07 -37.873 13.61 31.451 -40.169 11.915 29.596 -37.497 12.593 
3 16 30.278 -39.049 10.604 29.596 -37.497 12.593 31.451 -40.169 11.915 
3 16 29.596 -37.497 12.593 28.553 -37.392 13.588 30.07 -37.873 13.61 
3 16 30.07 -37.873 13.61 28.553 -37.392 13.588 27.465 -37.517 15.348 
3 16 28.553 -37.392 13.588 26.266 -37.17 14.147 27.465 -37.517 15.348 
3 16 26.266 -37.17 14.147 23.08 -39.877 13.389 25.044 -39.373 16.141 
3 16 26.266 -37.17 14.147 25.044 -39.373 16.141 27.465 -37.517 15.348 
3 16 22.483 -40.534 12.561 24.226 -42.353 15.525 23.08 -39.877 13.389 
3 16 23.08 -39.877 13.389 24.226 -42.353 15.525 25.044 -39.373 16.141 
3 16 22.728 -42.859 9.506 25.488 -44.713 13.861 22.483 -40.534 12.561 
3 16 22.483 -40.534 12.561 25.488 -44.713 13.861 24.226 -42.353 15.525 
3 16 23.994 -43.467 8.737 25.488 -44.713 13.861 22.728 -42.859 9.506 
3 16 23.994 -43.467 8.737 28.094 -45.069 12.123 25.488 -44.713 13.861 
3 16 27.963 -42.515 8.161 28.094 -45.069 12.123 23.994 -43.467 8.737 
3 16 28.094 -45.069 12.123 27.963 -42.515 8.161 30.592 -43.258 11.272 
3 16 27.963 -42.515 8.161 28.424 -42.332 8.233 30.592 -43.258 11.272 
3 16 31.451 -40.169 11.915 31.648 -41.32 14.552 31.575 -40.959 12.242 
3 16 31.056 -43.474 14.107 30.592 -43.258 11.272 31.648 -41.32 14.552 
3 16 30.592 -43.258 11.272 31.575 -40.959 12.242 31.648 -41.32 14.552 
3 16 31.648 -41.32 14.552 31.451 -40.169 11.915 30.735 -39.614 15.756 
3 16 31.451 -40.169 11.915 30.07 -37.873 13.61 30.735 -39.614 15.756 
3 16 30.592 -43.258 11.272 31.056 -43.474 14.107 28.094 -45.069 12.123 
3 16 28.094 -45.069 12.123 31.056 -43.474 14.107 29.306 -44.816 14.68 
3 16 36.096 -38.763 5.72 35.255 -37.574 7.917 36.337 -37.937 7.913 
3 16 36.337 -37.937 7.913 37.141 -39.532 6.032 36.096 -38.763 5.72 
3 16 36.096 -38.763 5.72 37.141 -39.532 6.032 36.243 -39.21 5.052 
3 16 36.337 -37.937 7.913 35.255 -37.574 7.917 34.199 -37.692 10.321 
3 16 33.808 -37.342 9.104 34.199 -37.692 10.321 35.255 -37.574 7.917 
3 16 34.199 -37.692 10.321 33.808 -37.342 9.104 31.72 -40.061 11.521 
3 16 33.808 -37.342 9.104 30.586 -39.251 10.258 31.72 -40.061 11.521 
3 16 30.586 -39.251 10.258 30.399 -39.272 10.38 31.451 -40.169 11.915 
3 16 30.586 -39.251 10.258 31.451 -40.169 11.915 31.72 -40.061 11.521 
3 16 28.473 -42.445 7.987 28.821 -43.691 5.163 32.083 -45.319 8.655 
3 16 28.473 -42.445 7.987 32.083 -45.319 8.655 30.888 -43.053 10.657 
3 16 34.321 -45.381 6.368 32.083 -45.319 8.655 29.78 -43.754 4.415 
3 16 28.821 -43.691 5.163 29.78 -43.754 4.415 32.083 -45.319 8.655 
3 16 29.78 -43.754 4.415 30.893 -43.655 2.959 34.321 -45.381 6.368 
3 16 34.321 -45.381 6.368 30.893 -43.655 2.959 36.348 -43.343 5.203 
3 16 30.893 -43.655 2.959 33.499 -42.403 2.612 36.348 -43.343 5.203 
3 16 37.63 -43.632 7.981 36.348 -43.343 5.203 38.175 -41.471 8.456 
3 16 36.348 -43.343 5.203 37.534 -41.048 6.373 38.175 -41.471 8.456 
3 16 36.337 -37.937 7.913 37.434 -39.912 9.944 37.141 -39.532 6.032 
3 16 37.434 -39.912 9.944 38.175 -41.471 8.456 37.141 -39.532 6.032 
3 16 38.175 -41.471 8.456 37.534 -41.048 6.373 37.141 -39.532 6.032 
3 16 37.434 -39.912 9.944 36.337 -37.937 7.913 35.841 -39.869 11.572 
3 16 36.337 -37.937 7.913 34.199 -37.692 10.321 35.841 -39.869 11.572 
3 16 35.841 -39.869 11.572 34.199 -37.692 10.321 34.329 -41.365 12.387 
3 16 34.199 -37.692 10.321 31.72 -40.061 11.521 34.329 -41.365 12.387 
3 16 30.888 -43.053 10.657 33.784 -43.526 11.912 32.079 -40.968 11.78 
3 16 31.72 -40.061 11.521 32.079 -40.968 11.78 34.329 -41.365 12.387 
3 16 33.784 -43.526 11.912 34.329 -41.365 12.387 32.079 -40.968 11.78 
3 16 33.784 -43.526 11.912 30.888 -43.053 10.657 34.525 -45.084 10.424 
3 16 30.888 -43.053 10.657 32.083 -45.319 8.655 34.525 -45.084 10.424 
3 16 41.54 -43.055 11.791 42.344 -43.196 12.251 40.995 -45.215 11.315 
3 16 42.344 -43.196 12.251 41.763 -45.595 11.691 40.995 -45.215 11.315 
3 16 40.8 -41.496 13.278 41.522 -41.472 13.807 41.54 -43.055 11.791 
3 16 41.522 -41.472 13.807 42.344 -43.196 12.251 41.54 -43.055 11.791 
3 16 37.695 -42.949 15.722 37.927 -43.113 16.475 39.207 -41.452 14.907 
3 16 37.927 -43.113 16.475 39.752 -41.423 15.616 39.207 -41.452 14.907 
3 16 37.149 -45.109 15.247 37.346 -45.512 15.915 37.695 -42.949 15.722 
3 16 37.346 -45.512 15.915 37.927 -43.113 16.475 37.695 -42.949 15.722 
3 16 37.89 -46.668 13.759 38.289 -47.219 14.341 37.149 -45.109 15.247 
3 16 38.289 -47.219 14.341 37.346 -45.512 15.915 37.149 -45.109 15.247 
3 16 40.995 -45.215 11.315 41.763 -45.595 11.691 39.483 -46.712 12.131 
3 16 41.763 -45.595 11.691 40.058 -47.268 12.532 39.483 -46.712 12.131 
3 16 41.522 -41.472 13.807 43.366 -42.34 15.635 42.344 -43.196 12.251 
3 16 43.366 -42.34 15.635 44.074 -44.041 14.081 42.344 -43.196 12.251 
3 16 39.752 -41.423 15.616 41.48 -42.345 17.585 41.522 -41.472 13.807 
3 16 41.48 -42.345 17.585 43.366 -42.34 15.635 41.522 -41.472 13.807 
3 16 41.48 -42.345 17.585 39.752 -41.423 15.616 39.828 -44.042 18.478 
3 16 39.752 -41.423 15.616 37.927 -43.113 16.475 39.828 -44.042 18.478 
3 16 39.25 -46.443 17.919 37.346 -45.512 15.915 40.133 -48.087 16.169 
3 16 37.346 -45.512 15.915 38.289 -47.219 14.341 40.133 -48.087 16.169 
3 16 44.302 -46.847 13.778 43.495 -46.442 13.522 45.04 -44.369 14.447 
3 16 43.495 -46.442 13.522 44.074 -44.041 14.081 45.04 -44.369 14.447 
3 16 45.04 -44.369 14.447 44.074 -44.041 14.081 44.066 -42.339 16.158 
3 16 44.074 -44.041 14.081 43.366 -42.34 15.635 44.066 -42.339 16.158 
3 16 44.066 -42.339 16.158 43.366 -42.34 15.635 42.135 -42.286 18.132 
3 16 43.366 -42.34 15.635 41.48 -42.345 17.585 42.135 -42.286 18.132 
3 16 40.133 -48.087 16.169 40.538 -48.608 16.74 39.25 -46.443 17.919 
3 16 40.538 -48.608 16.74 39.641 -46.719 18.544 39.25 -46.443 17.919 
3 16 43.495 -46.442 13.522 44.302 -46.847 13.778 41.903 -48.136 14.36 
3 16 44.302 -46.847 13.778 42.469 -48.661 14.767 41.903 -48.136 14.36 
3 16 47.149 -48.188 16.587 44.302 -46.847 13.778 47.812 -45.562 17.165 
3 16 44.302 -46.847 13.778 45.04 -44.369 14.447 47.812 -45.562 17.165 
3 16 44.066 -42.339 16.158 46.912 -43.668 18.973 45.04 -44.369 14.447 
3 16 46.912 -43.668 18.973 47.812 -45.562 17.165 45.04 -44.369 14.447 
3 16 44.976 -43.615 20.952 42.135 -42.286 18.132 43.138 -45.433 21.943 
3 16 42.135 -42.286 18.132 40.331 -44.197 19.217 43.138 -45.433 21.943 
3 16 39.641 -46.719 18.544 42.475 -48.059 21.365 40.331 -44.197 19.217 
3 16 42.475 -48.059 21.365 43.138 -45.433 21.943 40.331 -44.197 19.217 
3 16 47.167 -47.016 10.152 50.602 -48.383 12.304 47.774 -44.506 11.14 
3 16 50.602 -48.383 12.304 51.073 -45.793 13.122 47.774 -44.506 11.14 
3 16 52.484 -43.655 12.106 49.053 -42.279 9.953 51.073 -45.793 13.122 
3 16 49.053 -42.279 9.953 47.774 -44.506 11.14 51.073 -45.793 13.122 
3 16 41.377 -42.333 -1.696 38.643 -40.987 -3.248 41.944 -39.222 -0.713 
3 16 38.643 -40.987 -3.248 40.176 -38.818 -1.723 41.944 -39.222 -0.713 
3 16 41.944 -39.222 -0.713 40.176 -38.818 -1.723 41.049 -37.391 1.898 
3 16 40.176 -38.818 -1.723 40.221 -37.54 0.487 41.049 -37.391 1.898 
3 16 41.049 -37.391 1.898 39.425 -37.348 2.687 39.218 -37.914 4.607 
3 16 39.425 -37.348 2.687 38.344 -37.549 3.944 39.218 -37.914 4.607 
3 16 40.221 -37.54 0.487 39.425 -37.348 2.687 41.049 -37.391 1.898 
3 16 33.499 -42.403 2.612 33.663 -42.326 2.584 36.872 -43.396 4.926 
3 16 33.499 -42.403 2.612 36.872 -43.396 4.926 36.348 -43.343 5.203 
3 16 33.347 -43.567 -0.48 37.851 -45.426 2.234 33.663 -42.326 2.584 
3 16 33.663 -42.326 2.584 37.851 -45.426 2.234 36.872 -43.396 4.926 
3 16 34.901 -43.422 -2.407 39.682 -44.903 -0.475 33.347 -43.567 -0.48 
3 16 39.682 -44.903 -0.475 37.851 -45.426 2.234 33.347 -43.567 -0.48 
3 16 34.901 -43.422 -2.407 38.643 -40.987 -3.248 39.682 -44.903 -0.475 
3 16 38.643 -40.987 -3.248 41.377 -42.333 -1.696 39.682 -44.903 -0.475 
3 16 39.218 -37.914 4.607 37.733 -40.064 5.594 41.413 -39.749 5.07 
3 16 37.733 -40.064 5.594 38.145 -41.078 5.692 41.413 -39.749 5.07 
3 16 38.145 -41.078 5.692 40.212 -41.569 5.935 41.413 -39.749 5.07 
3 16 36.872 -43.396 4.926 39.81 -43.774 5.238 38.145 -41.078 5.692 
3 16 39.81 -43.774 5.238 40.212 -41.569 5.935 38.145 -41.078 5.692 
3 16 39.81 -43.774 5.238 36.872 -43.396 4.926 40.444 -45.071 3.388 
3 16 36.872 -43.396 4.926 37.851 -45.426 2.234 40.444 -45.071 3.388 
3 16 44.421 -43.186 8.454 44.876 -43.414 9.023 45.601 -41.399 7.605 
3 16 44.876 -43.414 9.023 46.184 -41.407 8.152 45.601 -41.399 7.605 
3 16 44.027 -45.351 7.77 44.433 -45.796 8.29 44.421 -43.186 8.454 
3 16 44.433 -45.796 8.29 44.876 -43.414 9.023 44.421 -43.186 8.454 
3 16 44.65 -46.624 5.954 45.126 -47.22 6.315 44.027 -45.351 7.77 
3 16 45.126 -47.22 6.315 44.433 -45.796 8.29 44.027 -45.351 7.77 
3 16 46.184 -41.407 8.152 48.476 -42.331 9.507 47.601 -41.003 6.055 
3 16 48.476 -42.331 9.507 49.941 -41.878 7.37 47.601 -41.003 6.055 
3 16 44.876 -43.414 9.023 47.154 -44.276 10.445 46.184 -41.407 8.152 
3 16 47.154 -44.276 10.445 48.476 -42.331 9.507 46.184 -41.407 8.152 
3 16 45.126 -47.22 6.315 47.496 -48.019 7.627 44.433 -45.796 8.29 
3 16 47.496 -48.019 7.627 46.711 -46.658 9.712 44.433 -45.796 8.29 
3 16 50.58 -41.843 7.694 49.941 -41.878 7.37 49.053 -42.279 9.953 
3 16 49.941 -41.878 7.37 48.476 -42.331 9.507 49.053 -42.279 9.953 
3 16 47.154 -44.276 10.445 47.774 -44.506 11.14 48.476 -42.331 9.507 
3 16 47.774 -44.506 11.14 49.053 -42.279 9.953 48.476 -42.331 9.507 
3 16 47.496 -48.019 7.627 47.912 -48.542 7.974 46.711 -46.658 9.712 
3 16 47.912 -48.542 7.974 47.167 -47.016 10.152 46.711 -46.658 9.712 
3 16 44.433 -45.796 8.29 46.711 -46.658 9.712 44.876 -43.414 9.023 
3 16 46.711 -46.658 9.712 47.154 -44.276 10.445 44.876 -43.414 9.023 
3 16 43.495 -46.442 13.522 41.763 -45.595 11.691 44.074 -44.041 14.081 
3 16 41.763 -45.595 11.691 42.344 -43.196 12.251 44.074 -44.041 14.081 
3 16 37.346 -45.512 15.915 39.25 -46.443 17.919 37.927 -43.113 16.475 
3 16 39.25 -46.443 17.919 39.828 -44.042 18.478 37.927 -43.113 16.475 
3 16 52.484 -43.655 12.106 52.677 -46.563 9.991 54.008 -43.22 9.851 
3 16 42.475 -48.059 21.365 45.144 -46.81 19.265 43.138 -45.433 21.943 
3 16 30.735 -39.614 15.756 30.07 -37.873 13.61 28.851 -39.357 17.012 
3 16 30.07 -37.873 13.61 27.465 -37.517 15.348 28.851 -39.357 17.012 
3 16 25.044 -39.373 16.141 27.101 -40.698 17.586 27.465 -37.517 15.348 
3 16 27.101 -40.698 17.586 28.851 -39.357 17.012 27.465 -37.517 15.348 
3 16 24.226 -42.353 15.525 26.51 -42.853 17.14 25.044 -39.373 16.141 
3 16 26.51 -42.853 17.14 27.101 -40.698 17.586 25.044 -39.373 16.141 
3 16 25.488 -44.713 13.861 27.423 -44.558 15.937 24.226 -42.353 15.525 
3 16 27.423 -44.558 15.937 26.51 -42.853 17.14 24.226 -42.353 15.525 
3 16 28.094 -45.069 12.123 29.306 -44.816 14.68 25.488 -44.713 13.861 
3 16 29.306 -44.816 14.68 27.423 -44.558 15.937 25.488 -44.713 13.861 
3 16 31.648 -41.32 14.552 43.427 -48.426 33.487 31.056 -43.474 14.107 
3 16 43.427 -48.426 33.487 42.814 -50.657 33.025 31.056 -43.474 14.107 
3 16 30.735 -39.614 15.756 42.481 -46.659 34.733 31.648 -41.32 14.552 
3 16 42.481 -46.659 34.733 43.427 -48.426 33.487 31.648 -41.32 14.552 
3 16 28.851 -39.357 17.012 40.53 -46.392 36.034 30.735 -39.614 15.756 
3 16 40.53 -46.392 36.034 42.481 -46.659 34.733 30.735 -39.614 15.756 
3 16 27.101 -40.698 17.586 38.718 -47.782 36.628 28.851 -39.357 17.012 
3 16 38.718 -47.782 36.628 40.53 -46.392 36.034 28.851 -39.357 17.012 
3 16 26.51 -42.853 17.14 38.105 -50.014 36.167 27.101 -40.698 17.586 
3 16 38.105 -50.014 36.167 38.718 -47.782 36.628 27.101 -40.698 17.586 
3 16 27.423 -44.558 15.937 39.051 -51.78 34.92 26.51 -42.853 17.14 
3 16 39.051 -51.78 34.92 38.105 -50.014 36.167 26.51 -42.853 17.14 
3 16 29.306 -44.816 14.68 41.001 -52.047 33.619 27.423 -44.558 15.937 
3 16 41.001 -52.047 33.619 39.051 -51.78 34.92 27.423 -44.558 15.937 
3 16 31.056 -43.474 14.107 42.814 -50.657 33.025 29.306 -44.816 14.68 
3 16 42.814 -50.657 33.025 41.001 -52.047 33.619 29.306 -44.816 14.68 
3 16 34.321 -45.381 6.368 36.118 -45.128 8.796 32.083 -45.319 8.655 
3 16 36.118 -45.128 8.796 34.525 -45.084 10.424 32.083 -45.319 8.655 
3 16 36.348 -43.343 5.203 37.63 -43.632 7.981 34.321 -45.381 6.368 
3 16 37.63 -43.632 7.981 36.118 -45.128 8.796 34.321 -45.381 6.368 
3 16 40.995 -45.215 11.315 37.63 -43.632 7.981 41.54 -43.055 11.791 
3 16 37.63 -43.632 7.981 38.175 -41.471 8.456 41.54 -43.055 11.791 
3 16 37.434 -39.912 9.944 40.8 -41.496 13.278 38.175 -41.471 8.456 
3 16 40.8 -41.496 13.278 41.54 -43.055 11.791 38.175 -41.471 8.456 
3 16 40.8 -41.496 13.278 37.434 -39.912 9.944 39.207 -41.452 14.907 
3 16 37.434 -39.912 9.944 35.841 -39.869 11.572 39.207 -41.452 14.907 
3 16 39.207 -41.452 14.907 35.841 -39.869 11.572 37.695 -42.949 15.722 
3 16 35.841 -39.869 11.572 34.329 -41.365 12.387 37.695 -42.949 15.722 
3 16 33.784 -43.526 11.912 37.149 -45.109 15.247 34.329 -41.365 12.387 
3 16 37.149 -45.109 15.247 37.695 -42.949 15.722 34.329 -41.365 12.387 
3 16 37.149 -45.109 15.247 33.784 -43.526 11.912 37.89 -46.668 13.759 
3 16 33.784 -43.526 11.912 34.525 -45.084 10.424 37.89 -46.668 13.759 
3 16 37.89 -46.668 13.759 34.525 -45.084 10.424 39.483 -46.712 12.131 
3 16 34.525 -45.084 10.424 36.118 -45.128 8.796 39.483 -46.712 12.131 
3 16 39.483 -46.712 12.131 36.118 -45.128 8.796 40.995 -45.215 11.315 
3 16 36.118 -45.128 8.796 37.63 -43.632 7.981 40.995 -45.215 11.315 
3 16 39.207 -41.452 14.907 39.752 -41.423 15.616 40.8 -41.496 13.278 
3 16 40.8 -41.496 13.278 39.752 -41.423 15.616 41.522 -41.472 13.807 
3 16 39.483 -46.712 12.131 40.058 -47.268 12.532 37.89 -46.668 13.759 
3 16 37.89 -46.668 13.759 40.058 -47.268 12.532 38.289 -47.219 14.341 
3 16 40.133 -48.087 16.169 38.289 -47.219 14.341 41.903 -48.136 14.36 
3 16 38.289 -47.219 14.341 40.058 -47.268 12.532 41.903 -48.136 14.36 
3 16 41.903 -48.136 14.36 42.469 -48.661 14.767 40.133 -48.087 16.169 
3 16 40.133 -48.087 16.169 42.469 -48.661 14.767 40.538 -48.608 16.74 
3 16 42.135 -42.286 18.132 44.976 -43.615 20.952 44.066 -42.339 16.158 
3 16 44.066 -42.339 16.158 44.976 -43.615 20.952 46.912 -43.668 18.973 
3 16 40.538 -48.608 16.74 43.375 -49.953 19.557 39.641 -46.719 18.544 
3 16 42.475 -48.059 21.365 39.641 -46.719 18.544 43.375 -49.953 19.557 
3 16 42.469 -48.661 14.767 45.311 -50.006 17.578 40.538 -48.608 16.74 
3 16 43.375 -49.953 19.557 40.538 -48.608 16.74 45.311 -50.006 17.578 
3 16 44.302 -46.847 13.778 47.149 -48.188 16.587 42.469 -48.661 14.767 
3 16 45.311 -50.006 17.578 42.469 -48.661 14.767 47.149 -48.188 16.587 
3 16 54.008 -43.22 9.851 50.58 -41.843 7.694 52.484 -43.655 12.106 
3 16 50.58 -41.843 7.694 49.053 -42.279 9.953 52.484 -43.655 12.106 
3 16 54.752 -44.743 7.678 51.326 -43.369 5.517 54.008 -43.22 9.851 
3 16 51.326 -43.369 5.517 50.58 -41.843 7.694 54.008 -43.22 9.851 
3 16 51.326 -43.369 5.517 54.752 -44.743 7.678 50.853 -45.964 4.697 
3 16 50.853 -45.964 4.697 54.752 -44.743 7.678 54.281 -47.333 6.86 
3 16 50.853 -45.964 4.697 54.281 -47.333 6.86 49.439 -48.107 5.715 
3 16 49.439 -48.107 5.715 54.281 -47.333 6.86 52.87 -49.471 7.876 
3 16 49.439 -48.107 5.715 52.87 -49.471 7.876 47.912 -48.542 7.974 
3 16 47.912 -48.542 7.974 52.87 -49.471 7.876 51.346 -49.906 10.131 
3 16 47.912 -48.542 7.974 51.346 -49.906 10.131 47.167 -47.016 10.152 
3 16 47.167 -47.016 10.152 51.346 -49.906 10.131 50.602 -48.383 12.304 
3 16 41.944 -39.222 -0.713 43.344 -40.675 1.3 41.377 -42.333 -1.696 
3 16 43.344 -40.675 1.3 42.943 -42.88 0.604 41.377 -42.333 -1.696 
3 16 41.049 -37.391 1.898 42.71 -39.378 3.15 41.944 -39.222 -0.713 
3 16 42.71 -39.378 3.15 43.344 -40.675 1.3 41.944 -39.222 -0.713 
3 16 39.218 -37.914 4.607 41.413 -39.749 5.07 41.049 -37.391 1.898 
3 16 41.413 -39.749 5.07 42.71 -39.378 3.15 41.049 -37.391 1.898 
3 16 40.444 -45.071 3.388 37.851 -45.426 2.234 41.742 -44.7 1.469 
3 16 37.851 -45.426 2.234 39.682 -44.903 -0.475 41.742 -44.7 1.469 
3 16 41.377 -42.333 -1.696 42.943 -42.88 0.604 39.682 -44.903 -0.475 
3 16 42.943 -42.88 0.604 41.742 -44.7 1.469 39.682 -44.903 -0.475 
3 16 43.344 -40.675 1.3 47.497 -42.309 3.903 42.943 -42.88 0.604 
3 16 42.943 -42.88 0.604 47.497 -42.309 3.903 47.103 -44.473 3.219 
3 16 47.497 -42.309 3.903 43.344 -40.675 1.3 46.875 -41.035 5.72 
3 16 43.344 -40.675 1.3 42.71 -39.378 3.15 46.875 -41.035 5.72 
3 16 41.413 -39.749 5.07 45.601 -41.399 7.605 42.71 -39.378 3.15 
3 16 42.71 -39.378 3.15 45.601 -41.399 7.605 46.875 -41.035 5.72 
3 16 45.601 -41.399 7.605 41.413 -39.749 5.07 44.421 -43.186 8.454 
3 16 41.413 -39.749 5.07 40.212 -41.569 5.935 44.421 -43.186 8.454 
3 16 44.421 -43.186 8.454 40.212 -41.569 5.935 44.027 -45.351 7.77 
3 16 40.212 -41.569 5.935 39.81 -43.774 5.238 44.027 -45.351 7.77 
3 16 44.027 -45.351 7.77 39.81 -43.774 5.238 44.65 -46.624 5.954 
3 16 39.81 -43.774 5.238 40.444 -45.071 3.388 44.65 -46.624 5.954 
3 16 41.742 -44.7 1.469 45.924 -46.261 4.069 40.444 -45.071 3.388 
3 16 40.444 -45.071 3.388 45.924 -46.261 4.069 44.65 -46.624 5.954 
3 16 42.943 -42.88 0.604 47.103 -44.473 3.219 41.742 -44.7 1.469 
3 16 41.742 -44.7 1.469 47.103 -44.473 3.219 45.924 -46.261 4.069 
3 16 47.855 -44.827 3.274 47.103 -44.473 3.219 48.294 -42.419 4.035 
3 16 47.497 -42.309 3.903 48.294 -42.419 4.035 47.103 -44.473 3.219 
3 16 48.294 -42.419 4.035 47.497 -42.309 3.903 47.601 -41.003 6.055 
3 16 46.875 -41.035 5.72 47.601 -41.003 6.055 47.497 -42.309 3.903 
3 16 45.601 -41.399 7.605 46.184 -41.407 8.152 46.875 -41.035 5.72 
3 16 46.875 -41.035 5.72 46.184 -41.407 8.152 47.601 -41.003 6.055 
3 16 45.924 -46.261 4.069 46.543 -46.815 4.219 44.65 -46.624 5.954 
3 16 44.65 -46.624 5.954 46.543 -46.815 4.219 45.126 -47.22 6.315 
3 16 46.543 -46.815 4.219 45.924 -46.261 4.069 47.855 -44.827 3.274 
3 16 47.103 -44.473 3.219 47.855 -44.827 3.274 45.924 -46.261 4.069 
3 16 50.192 -45.655 4.623 47.855 -44.827 3.274 50.625 -43.277 5.374 
3 16 47.855 -44.827 3.274 48.294 -42.419 4.035 50.625 -43.277 5.374 
3 16 47.601 -41.003 6.055 49.941 -41.878 7.37 48.294 -42.419 4.035 
3 16 48.294 -42.419 4.035 49.941 -41.878 7.37 50.625 -43.277 5.374 
3 16 47.496 -48.019 7.627 45.126 -47.22 6.315 48.896 -47.62 5.556 
3 16 45.126 -47.22 6.315 46.543 -46.815 4.219 48.896 -47.62 5.556 
3 16 48.896 -47.62 5.556 46.543 -46.815 4.219 50.192 -45.655 4.623 
3 16 46.543 -46.815 4.219 47.855 -44.827 3.274 50.192 -45.655 4.623 
3 16 50.853 -45.964 4.697 50.192 -45.655 4.623 51.326 -43.369 5.517 
3 16 50.625 -43.277 5.374 51.326 -43.369 5.517 50.192 -45.655 4.623 
3 16 51.326 -43.369 5.517 50.625 -43.277 5.374 50.58 -41.843 7.694 
3 16 49.941 -41.878 7.37 50.58 -41.843 7.694 50.625 -43.277 5.374 
3 16 47.912 -48.542 7.974 47.496 -48.019 7.627 49.439 -48.107 5.715 
3 16 48.896 -47.62 5.556 49.439 -48.107 5.715 47.496 -48.019 7.627 
3 16 49.439 -48.107 5.715 48.896 -47.62 5.556 50.853 -45.964 4.697 
3 16 50.192 -45.655 4.623 50.853 -45.964 4.697 48.896 -47.62 5.556 
3 16 51.346 -49.906 10.131 52.87 -49.471 7.876 52.677 -46.563 9.991 
3 16 52.677 -46.563 9.991 52.87 -49.471 7.876 54.281 -47.333 6.86 
3 16 52.677 -46.563 9.991 54.281 -47.333 6.86 54.752 -44.743 7.678 
3 16 52.677 -46.563 9.991 54.752 -44.743 7.678 54.008 -43.22 9.851 
3 16 51.073 -45.793 13.122 52.677 -46.563 9.991 52.484 -43.655 12.106 
3 16 50.602 -48.383 12.304 52.677 -46.563 9.991 51.073 -45.793 13.122 
3 16 51.346 -49.906 10.131 52.677 -46.563 9.991 50.602 -48.383 12.304 
3 16 47.149 -48.188 16.587 47.812 -45.562 17.165 45.144 -46.81 19.265 
3 16 45.144 -46.81 19.265 47.812 -45.562 17.165 46.912 -43.668 18.973 
3 16 45.144 -46.81 19.265 46.912 -43.668 18.973 44.976 -43.615 20.952 
3 16 45.144 -46.81 19.265 44.976 -43.615 20.952 43.138 -45.433 21.943 
3 16 43.375 -49.953 19.557 45.144 -46.81 19.265 42.475 -48.059 21.365 
3 16 45.311 -50.006 17.578 45.144 -46.81 19.265 43.375 -49.953 19.557 
3 16 47.149 -48.188 16.587 45.144 -46.81 19.265 45.311 -50.006 17.578 
3 16 43.427 -48.426 33.487 44.571 -48.634 34.198 42.814 -50.657 33.025 
3 16 42.814 -50.657 33.025 44.571 -48.634 34.198 43.834 -51.318 33.643 
3 16 42.481 -46.659 34.733 43.434 -46.509 35.697 43.427 -48.426 33.487 
3 16 43.427 -48.426 33.487 43.434 -46.509 35.697 44.571 -48.634 34.198 
3 16 40.53 -46.392 36.034 41.088 -46.188 37.262 42.481 -46.659 34.733 
3 16 42.481 -46.659 34.733 41.088 -46.188 37.262 43.434 -46.509 35.697 
3 16 38.718 -47.782 36.628 38.908 -47.86 37.976 40.53 -46.392 36.034 
3 16 40.53 -46.392 36.034 38.908 -47.86 37.976 41.088 -46.188 37.262 
3 16 38.105 -50.014 36.167 38.17 -50.544 37.421 38.718 -47.782 36.628 
3 16 38.718 -47.782 36.628 38.17 -50.544 37.421 38.908 -47.86 37.976 
3 16 39.051 -51.78 34.92 39.308 -52.669 35.922 38.105 -50.014 36.167 
3 16 38.105 -50.014 36.167 39.308 -52.669 35.922 38.17 -50.544 37.421 
3 16 41.001 -52.047 33.619 41.654 -52.989 34.357 39.051 -51.78 34.92 
3 16 39.051 -51.78 34.92 41.654 -52.989 34.357 39.308 -52.669 35.922 
3 16 42.814 -50.657 33.025 43.834 -51.318 33.643 41.001 -52.047 33.619 
3 16 41.001 -52.047 33.619 43.834 -51.318 33.643 41.654 -52.989 34.357 
3 16 43.509 -50.894 39.282 45.973 -52.623 37.115 46.71 -49.939 37.67 
3 16 43.509 -50.894 39.282 43.792 -54.294 37.829 45.973 -52.623 37.115 
3 16 43.509 -50.894 39.282 41.446 -53.974 39.395 43.792 -54.294 37.829 
3 16 43.509 -50.894 39.282 40.309 -51.849 40.894 41.446 -53.974 39.395 
3 16 43.509 -50.894 39.282 41.046 -49.165 41.449 40.309 -51.849 40.894 
3 16 43.509 -50.894 39.282 43.226 -47.494 40.734 41.046 -49.165 41.449 
3 16 43.509 -50.894 39.282 45.572 -47.814 39.169 43.226 -47.494 40.734 
3 16 43.509 -50.894 39.282 46.71 -49.939 37.67 45.572 -47.814 39.169 
3 16 44.571 -48.634 34.198 46.71 -49.939 37.67 43.834 -51.318 33.643 
3 16 46.71 -49.939 37.67 45.973 -52.623 37.115 43.834 -51.318 33.643 
3 16 43.834 -51.318 33.643 45.973 -52.623 37.115 41.654 -52.989 34.357 
3 16 45.973 -52.623 37.115 43.792 -54.294 37.829 41.654 -52.989 34.357 
3 16 41.654 -52.989 34.357 43.792 -54.294 37.829 39.308 -52.669 35.922 
3 16 43.792 -54.294 37.829 41.446 -53.974 39.395 39.308 -52.669 35.922 
3 16 39.308 -52.669 35.922 41.446 -53.974 39.395 38.17 -50.544 37.421 
3 16 41.446 -53.974 39.395 40.309 -51.849 40.894 38.17 -50.544 37.421 
3 16 38.17 -50.544 37.421 40.309 -51.849 40.894 38.908 -47.86 37.976 
3 16 40.309 -51.849 40.894 41.046 -49.165 41.449 38.908 -47.86 37.976 
3 16 38.908 -47.86 37.976 41.046 -49.165 41.449 41.088 -46.188 37.262 
3 16 41.046 -49.165 41.449 43.226 -47.494 40.734 41.088 -46.188 37.262 
3 16 41.088 -46.188 37.262 43.226 -47.494 40.734 43.434 -46.509 35.697 
3 16 43.226 -47.494 40.734 45.572 -47.814 39.169 43.434 -46.509 35.697 
3 16 43.434 -46.509 35.697 45.572 -47.814 39.169 44.571 -48.634 34.198 
3 16 45.572 -47.814 39.169 46.71 -49.939 37.67 44.571 -48.634 34.198 
2 24 -2.553 0.022 4.421 -4.421 0.022 2.553 
2 24 -4.421 -2.517 2.553 -2.553 -2.517 4.421 
2 24 0 0.022 5.105 -2.553 0.022 4.421 
2 24 -2.553 -2.517 4.421 0 -2.517 5.105 
2 24 2.553 0.022 4.421 0 0.022 5.105 
2 24 0 -2.517 5.105 2.553 -2.517 4.421 
2 24 4.421 0.022 2.553 2.553 0.022 4.421 
2 24 2.553 -2.517 4.421 4.421 -2.517 2.553 
2 24 5.105 0.022 0 4.421 0.022 2.553 
2 24 4.421 -2.517 2.553 5.105 -2.517 0 
2 24 4.421 0.022 -2.553 5.105 0.022 0 
2 24 5.105 -2.517 0 4.421 -2.517 -2.553 
2 24 2.553 0.022 -4.421 4.421 0.022 -2.553 
2 24 4.421 -2.517 -2.553 2.553 -2.517 -4.421 
2 24 0 0.022 -5.105 2.553 0.022 -4.421 
2 24 2.553 -2.517 -4.421 0 -2.517 -5.105 
2 24 -2.553 0.022 -4.421 0 0.022 -5.105 
2 24 0 -2.517 -5.105 -2.553 -2.517 -4.421 
2 24 -4.421 0.022 -2.553 -2.553 0.022 -4.421 
2 24 -2.553 -2.517 -4.421 -4.421 -2.517 -2.553 
2 24 -5.105 0.022 0 -4.421 0.022 -2.553 
2 24 -4.421 -2.517 -2.553 -5.105 -2.517 0 
2 24 -4.421 0.022 2.553 -5.105 0.022 0 
2 24 -5.105 -2.517 0 -4.421 -2.517 2.553 
2 24 -2 -2.517 3.464 -3.464 -2.517 2 
2 24 -3.464 -19.383 2 -2 -19.383 3.464 
2 24 0 -2.517 4 -2 -2.517 3.464 
2 24 -2 -19.383 3.464 0 -19.383 4 
2 24 2 -2.517 3.464 0 -2.517 4 
2 24 0 -19.383 4 2 -19.383 3.464 
2 24 3.464 -2.517 2 2 -2.517 3.464 
2 24 2 -19.383 3.464 3.464 -19.383 2 
2 24 4 -2.517 0 3.464 -2.517 2 
2 24 3.464 -19.383 2 4 -19.383 0 
2 24 3.464 -2.517 -2 4 -2.517 0 
2 24 4 -19.383 0 3.464 -19.383 -2 
2 24 2 -2.517 -3.464 3.464 -2.517 -2 
2 24 3.464 -19.383 -2 2 -19.383 -3.464 
2 24 0 -2.517 -4 2 -2.517 -3.464 
2 24 2 -19.383 -3.464 0 -19.383 -4 
2 24 -2 -2.517 -3.464 0 -2.517 -4 
2 24 0 -19.383 -4 -2 -19.383 -3.464 
2 24 -3.464 -2.517 -2 -2 -2.517 -3.464 
2 24 -2 -19.383 -3.464 -3.464 -19.383 -2 
2 24 -4 -2.517 0 -3.464 -2.517 -2 
2 24 -3.464 -19.383 -2 -4 -19.383 0 
2 24 -3.464 -2.517 2 -4 -2.517 0 
2 24 -4 -19.383 0 -3.464 -19.383 2 
2 24 -0.405 -31.265 7.423 3.991 -33.226 10.004 
2 24 5.138 -29.39 11.314 1.05 -27.647 8.758 
2 24 2.168 -24.828 -5.166 -1.885 -27.495 -4.956 
2 24 3.693 -27.071 -3.663 2.168 -24.828 -5.166 
2 24 4.876 -25.695 -3.178 3.693 -27.071 -3.663 
2 24 29.747 -28.507 -19.395 22.969 -24.462 -19.473 
2 24 22.07 -15.36 -9.697 28.425 -16.566 -12.909 
2 24 22.969 -24.462 -19.473 17.373 -22.226 -15.65 
2 24 28.425 -16.566 -12.909 34.239 -19.851 -12.62 
2 24 13.37 -21.226 4.734 14.6 -18.017 -0.616 
2 24 -3.527 -29.221 4.36 -0.405 -31.265 7.423 
2 24 1.05 -27.647 8.758 -2.413 -25.034 5.179 
2 24 -5.428 -26.059 2.202 -3.527 -29.221 4.36 
2 24 -5.411 -19.386 -0.004 -4.697 -19.383 2.712 
2 24 -4.697 -19.383 2.712 -2.712 -19.383 4.697 
2 24 -2.712 -19.383 4.697 0 -19.383 5.423 
2 24 0 -19.383 5.423 2.712 -19.383 4.697 
2 24 2.712 -19.383 4.697 4.697 -19.383 2.712 
2 24 4.697 -19.383 2.712 5.436 -19.383 0.016 
2 24 5.436 -19.383 0.016 4.697 -19.383 -2.712 
2 24 4.697 -19.383 -2.712 2.712 -19.383 -4.697 
2 24 0 -19.383 -5.423 -2.712 -19.383 -4.697 
2 24 2.712 -19.383 -4.697 0 -19.383 -5.423 
2 24 -2.712 -19.383 -4.697 -4.697 -19.383 -2.712 
2 24 -4.697 -19.383 -2.712 -5.411 -19.386 -0.004 
2 24 -2.413 -25.034 5.179 2.148 -24.829 5.184 
2 24 2.148 -24.829 5.184 3.967 -24.828 3.974 
2 24 3.967 -24.828 3.974 5.185 -24.828 2.159 
2 24 5.185 -24.828 2.159 5.616 -24.827 0.016 
2 24 5.616 -24.827 0.016 3.983 -24.827 -3.948 
2 24 42.762 -29.35 -6.159 42.867 -33.751 -0.322 
2 24 38.871 -41.245 -5.391 38.194 -37.86 -13.053 
2 24 34.239 -19.851 -12.62 38.929 -23.846 -10.707 
2 24 34.674 -32.631 -17.23 29.747 -28.507 -19.395 
2 24 14.685 -26.085 10.197 13.37 -21.226 4.734 
2 24 3.991 -33.226 10.004 13.365 -37.665 13.828 
2 24 13.25 -33.239 15.839 5.138 -29.39 11.314 
2 24 17.093 -29.877 13.522 14.685 -26.085 10.197 
2 24 5.889 -26.281 -3.087 4.876 -25.695 -3.178 
2 24 17.685 -16.347 -5.125 22.07 -15.36 -9.697 
2 24 14.6 -18.017 -0.616 17.685 -16.347 -5.125 
2 24 26.496 -40.877 12.212 23.994 -43.467 8.737 
2 24 23.994 -43.467 8.737 32.91 -41.431 7.243 
2 24 38.194 -37.86 -13.053 34.674 -32.631 -17.23 
2 24 38.929 -23.846 -10.707 42.762 -29.35 -6.159 
2 24 9.539 -26.262 -4.288 5.889 -26.281 -3.087 
2 24 10.815 -25.724 -7.375 9.539 -26.262 -4.288 
2 24 13.523 -24.865 -12.778 10.815 -25.724 -7.375 
2 24 17.373 -22.226 -15.65 13.523 -24.865 -12.778 
2 24 13.25 -33.239 15.839 22.221 -35.135 16.843 
2 24 22.221 -35.135 16.843 17.093 -29.877 13.522 
2 24 28.048 -19.019 -9.203 32.888 -21.565 -9.333 
2 24 19.879 -18.384 -4 23.529 -17.943 -7.324 
2 24 36.057 -36.255 8.148 40.252 -35.282 3.733 
2 24 37.097 -33.336 3.435 34.432 -34.383 6.811 
2 24 34.432 -34.383 6.811 29.828 -34.731 10.674 
2 24 28.996 -36.641 13.883 36.057 -36.255 8.148 
2 24 22.221 -35.135 16.843 28.996 -36.641 13.883 
2 24 29.828 -34.731 10.674 23.987 -32.917 12.542 
2 24 38.715 -28.44 -4.355 38.643 -31.736 0.138 
2 24 23.529 -17.943 -7.324 28.048 -19.019 -9.203 
2 24 23.987 -32.917 12.542 20.323 -29.907 11.183 
2 24 20.323 -29.907 11.183 18.01 -26.396 8.095 
2 24 17.201 -20.199 0.385 19.879 -18.384 -4 
2 24 36.212 -24.44 -7.908 38.715 -28.44 -4.355 
2 24 32.888 -21.565 -9.333 36.212 -24.44 -7.908 
2 24 40.252 -35.282 3.733 42.867 -33.751 -0.322 
2 24 38.643 -31.736 0.138 37.097 -33.336 3.435 
2 24 18.01 -26.396 8.095 16.574 -22.426 3.864 
2 24 16.574 -22.426 3.864 17.201 -20.199 0.385 
2 24 -4.633 -27.504 -1.989 -5.428 -26.059 2.202 
2 24 -1.885 -27.495 -4.956 -4.633 -27.504 -1.989 
2 24 24.983 -24.681 -13.341 29.654 -27.264 -13.406 
2 24 16.78 -23.993 -8.184 20.511 -23.618 -11.477 
2 24 13.552 -27.638 -0.755 14.355 -25.673 -4.037 
2 24 26.63 -40.063 6.308 20.323 -38.297 8.657 
2 24 35.568 -34.258 -8.338 35.246 -37.186 -4.107 
2 24 20.511 -23.618 -11.477 24.983 -24.681 -13.341 
2 24 14.355 -25.673 -4.037 16.78 -23.993 -8.184 
2 24 33.078 -30.127 -12.088 35.568 -34.258 -8.338 
2 24 29.654 -27.264 -13.406 33.078 -30.127 -12.088 
2 24 35.246 -37.186 -4.107 33.553 -38.859 -0.552 
2 24 31.032 -39.785 2.61 26.63 -40.063 6.308 
2 24 17.427 -35.78 7.413 14.93 -31.741 3.795 
2 24 14.93 -31.741 3.795 13.552 -27.638 -0.755 
2 24 20.323 -38.297 8.657 17.427 -35.78 7.413 
2 24 33.553 -38.859 -0.552 31.032 -39.785 2.61 
2 24 38.179 -40.463 1.11 38.871 -41.245 -5.391 
2 24 32.91 -41.431 7.243 29.559 -43.918 4.215 
2 24 29.559 -43.918 4.215 38.179 -40.463 1.11 
2 24 18.786 -38.619 14.869 16.895 -40.056 13.047 
2 24 16.895 -40.056 13.047 26.496 -40.877 12.212 
2 24 13.365 -37.665 13.828 18.786 -38.619 14.869 
2 24 16.895 -40.056 13.047 20.392 -40.355 12.743 
2 24 16.15 -38.155 14.363 16.895 -40.056 13.047 
2 24 17.108 -36.548 15.12 16.15 -38.155 14.363 
2 24 21.355 -38.127 14.618 20.601 -36.777 15.912 
2 24 20.601 -36.777 15.912 18.736 -36.121 15.665 
2 24 20.392 -40.355 12.743 21.104 -39.298 14.07 
2 24 21.104 -39.298 14.07 21.355 -38.127 14.618 
2 24 18.736 -36.121 15.665 17.108 -36.548 15.12 
2 24 34.192 -45.413 18.639 34.85 -43.015 19.131 
2 24 36.215 -43.851 21.355 35.551 -46.244 20.866 
2 24 35.772 -41.95 23.348 36.947 -44.122 21.907 
2 24 36.215 -43.851 21.355 35.196 -41.95 22.692 
2 24 35.551 -46.244 20.866 33.609 -47.73 21.497 
2 24 32.241 -46.895 19.277 34.192 -45.413 18.639 
2 24 33.551 -44.997 18.158 34.142 -42.842 18.604 
2 24 34.142 -42.842 18.604 33.229 -41.136 19.807 
2 24 33.829 -41.115 20.471 34.85 -43.015 19.131 
2 24 31.801 -46.338 18.731 33.551 -44.997 18.158 
2 24 38.482 -44.996 24.492 37.765 -47.608 23.952 
2 24 37.375 -42.928 25.951 38.482 -44.996 24.492 
2 24 33.229 -41.136 19.807 31.346 -40.879 21.063 
2 24 31.736 -40.829 21.867 33.829 -41.115 20.471 
2 24 31.346 -40.879 21.063 29.596 -42.221 21.637 
2 24 29.792 -42.32 22.505 31.736 -40.829 21.867 
2 24 29.596 -42.221 21.637 29.004 -44.375 21.191 
2 24 29.134 -44.714 22.01 29.792 -42.32 22.505 
2 24 29.004 -44.375 21.191 29.917 -46.081 19.988 
2 24 30.149 -46.609 20.672 29.134 -44.714 22.01 
2 24 29.917 -46.081 19.988 31.801 -46.338 18.731 
2 24 32.241 -46.895 19.277 30.149 -46.609 20.672 
2 24 33.103 -41.664 24.088 35.196 -41.95 22.692 
2 24 31.159 -43.154 24.725 33.103 -41.664 24.088 
2 24 30.501 -45.549 24.23 31.159 -43.154 24.725 
2 24 31.516 -47.444 22.893 30.501 -45.549 24.23 
2 24 33.609 -47.73 21.497 31.516 -47.444 22.893 
2 24 33.49 -41.638 24.871 35.772 -41.95 23.348 
2 24 31.368 -43.264 25.566 33.49 -41.638 24.871 
2 24 30.651 -45.876 25.026 31.368 -43.264 25.566 
2 24 31.758 -47.943 23.567 30.651 -45.876 25.026 
2 24 34.041 -48.255 22.044 31.758 -47.943 23.567 
2 24 36.162 -46.629 21.349 34.041 -48.255 22.044 
2 24 35.093 -42.616 27.474 37.375 -42.928 25.951 
2 24 32.971 -44.243 28.169 35.093 -42.616 27.474 
2 24 32.254 -46.854 27.629 32.971 -44.243 28.169 
2 24 33.361 -48.922 26.17 32.254 -46.854 27.629 
2 24 35.644 -49.234 24.647 33.361 -48.922 26.17 
2 24 37.765 -47.608 23.952 35.644 -49.234 24.647 
2 24 38.533 -45.438 25.538 37.92 -47.67 25.077 
2 24 37.587 -43.672 26.784 38.533 -45.438 25.538 
2 24 35.636 -43.405 28.086 37.587 -43.672 26.784 
2 24 33.824 -44.795 28.68 35.636 -43.405 28.086 
2 24 33.211 -47.026 28.218 33.824 -44.795 28.68 
2 24 34.157 -48.793 26.972 33.211 -47.026 28.218 
2 24 36.107 -49.059 25.671 34.157 -48.793 26.972 
2 24 37.92 -47.67 25.077 36.107 -49.059 25.671 
2 24 35.534 -42.581 22.248 36.047 -43.128 22.112 
2 24 40.326 -44.217 19.212 40.838 -43.005 17.932 
2 24 36.047 -43.128 22.112 36.778 -44.06 21.779 
2 24 35.03 -42.461 20.984 35.534 -42.581 22.248 
2 24 40.838 -43.005 17.932 39.797 -42.987 17.325 
2 24 35.155 -43.202 19.629 35.03 -42.461 20.984 
2 24 39.797 -42.987 17.325 38.618 -43.451 17.203 
2 24 34.192 -45.413 18.639 35.155 -43.202 19.629 
2 24 38.618 -43.451 17.203 37.55 -45.612 16.129 
2 24 37.55 -45.612 16.129 38.678 -46.933 15.658 
2 24 33.355 -46.474 19.521 34.192 -45.413 18.639 
2 24 34.282 -46.673 20.511 33.355 -46.474 19.521 
2 24 38.678 -46.933 15.658 39.416 -47.116 16.786 
2 24 39.25 -46.443 17.919 39.69 -46.019 18.526 
2 24 36.027 -45.68 21.224 35.551 -46.244 20.866 
2 24 35.551 -46.244 20.866 34.282 -46.673 20.511 
2 24 39.416 -47.116 16.786 39.25 -46.443 17.919 
2 24 36.778 -44.06 21.779 36.027 -45.68 21.224 
2 24 39.69 -46.019 18.526 40.326 -44.217 19.212 
2 24 47.975 -44.155 10.953 48.109 -42.87 9.767 
2 24 44.07 -43.225 15.077 44.928 -44.331 14.404 
2 24 42.966 -42.764 14.16 43.591 -42.882 15.14 
2 24 48.109 -42.87 9.767 46.713 -42.971 9.402 
2 24 43.591 -42.882 15.14 44.07 -43.225 15.077 
2 24 42.865 -43.451 12.803 42.966 -42.764 14.16 
2 24 46.713 -42.971 9.402 45.473 -43.639 9.395 
2 24 45.473 -43.639 9.395 44.777 -45.926 8.505 
2 24 41.839 -45.632 11.771 42.865 -43.451 12.803 
2 24 45.302 -46.427 8.102 46.007 -46.939 7.949 
2 24 44.777 -45.926 8.505 45.302 -46.427 8.102 
2 24 41.487 -46.924 12.943 41.839 -45.632 11.771 
2 24 43.495 -46.442 13.522 41.487 -46.924 12.943 
2 24 46.007 -46.939 7.949 46.699 -47.049 8.747 
2 24 46.699 -47.049 8.747 46.711 -46.658 9.712 
2 24 44.287 -45.936 13.911 43.495 -46.442 13.522 
2 24 46.711 -46.658 9.712 47.306 -45.936 10.435 
2 24 47.306 -45.936 10.435 47.716 -44.484 11.076 
2 24 47.716 -44.484 11.076 47.975 -44.155 10.953 
2 24 44.928 -44.331 14.404 44.287 -45.936 13.911 
2 24 47.167 -47.016 10.152 47.774 -44.506 11.14 
2 24 47.154 -44.276 10.445 46.711 -46.658 9.712 
2 24 39.641 -46.719 18.544 40.331 -44.197 19.217 
2 24 39.828 -44.042 18.478 39.25 -46.443 17.919 
2 24 40.331 -44.197 19.217 42.135 -42.286 18.132 
2 24 41.48 -42.345 17.585 39.828 -44.042 18.478 
2 24 43.495 -46.442 13.522 41.903 -48.136 14.36 
2 24 40.058 -47.268 12.532 41.763 -45.595 11.691 
2 24 32.079 -40.968 11.78 31.72 -40.061 11.521 
2 24 31.451 -40.169 11.915 31.575 -40.959 12.242 
2 24 31.575 -40.959 12.242 30.592 -43.258 11.272 
2 24 30.888 -43.053 10.657 32.079 -40.968 11.78 
2 24 36.363 -39.381 4.71 37.733 -40.064 5.594 
2 24 38.344 -37.549 3.944 36.363 -39.381 4.71 
2 24 37.733 -40.064 5.594 39.218 -37.914 4.607 
2 24 36.363 -39.381 4.71 36.243 -39.21 5.052 
2 24 36.243 -39.21 5.052 37.141 -39.532 6.032 
2 24 37.141 -39.532 6.032 37.534 -41.048 6.373 
2 24 38.145 -41.078 5.692 37.733 -40.064 5.594 
2 24 37.534 -41.048 6.373 36.348 -43.343 5.203 
2 24 36.872 -43.396 4.926 38.145 -41.078 5.692 
2 24 28.473 -42.445 7.987 30.888 -43.053 10.657 
2 24 28.424 -42.332 8.233 28.473 -42.445 7.987 
2 24 30.592 -43.258 11.272 28.424 -42.332 8.233 
2 24 30.399 -39.272 10.38 30.278 -39.049 10.604 
2 24 31.451 -40.169 11.915 30.399 -39.272 10.38 
2 24 30.07 -37.873 13.61 31.451 -40.169 11.915 
2 24 30.278 -39.049 10.604 29.596 -37.497 12.593 
2 24 29.596 -37.497 12.593 28.553 -37.392 13.588 
2 24 27.465 -37.517 15.348 30.07 -37.873 13.61 
2 24 28.553 -37.392 13.588 26.266 -37.17 14.147 
2 24 26.266 -37.17 14.147 23.08 -39.877 13.389 
2 24 25.044 -39.373 16.141 27.465 -37.517 15.348 
2 24 23.08 -39.877 13.389 22.483 -40.534 12.561 
2 24 24.226 -42.353 15.525 25.044 -39.373 16.141 
2 24 22.483 -40.534 12.561 22.728 -42.859 9.506 
2 24 25.488 -44.713 13.861 24.226 -42.353 15.525 
2 24 22.728 -42.859 9.506 23.994 -43.467 8.737 
2 24 28.094 -45.069 12.123 25.488 -44.713 13.861 
2 24 23.994 -43.467 8.737 27.963 -42.515 8.161 
2 24 30.592 -43.258 11.272 28.094 -45.069 12.123 
2 24 27.963 -42.515 8.161 28.424 -42.332 8.233 
2 24 31.648 -41.32 14.552 31.056 -43.474 14.107 
2 24 30.735 -39.614 15.756 31.648 -41.32 14.552 
2 24 31.056 -43.474 14.107 29.306 -44.816 14.68 
2 24 36.096 -38.763 5.72 35.255 -37.574 7.917 
2 24 36.337 -37.937 7.913 37.141 -39.532 6.032 
2 24 36.243 -39.21 5.052 36.096 -38.763 5.72 
2 24 34.199 -37.692 10.321 36.337 -37.937 7.913 
2 24 35.255 -37.574 7.917 33.808 -37.342 9.104 
2 24 31.72 -40.061 11.521 34.199 -37.692 10.321 
2 24 33.808 -37.342 9.104 30.586 -39.251 10.258 
2 24 30.586 -39.251 10.258 31.72 -40.061 11.521 
2 24 30.586 -39.251 10.258 30.399 -39.272 10.38 
2 24 28.473 -42.445 7.987 28.821 -43.691 5.163 
2 24 32.083 -45.319 8.655 30.888 -43.053 10.657 
2 24 34.321 -45.381 6.368 32.083 -45.319 8.655 
2 24 28.821 -43.691 5.163 29.78 -43.754 4.415 
2 24 29.78 -43.754 4.415 30.893 -43.655 2.959 
2 24 36.348 -43.343 5.203 34.321 -45.381 6.368 
2 24 30.893 -43.655 2.959 33.499 -42.403 2.612 
2 24 33.499 -42.403 2.612 36.348 -43.343 5.203 
2 24 38.175 -41.471 8.456 37.63 -43.632 7.981 
2 24 37.434 -39.912 9.944 38.175 -41.471 8.456 
2 24 35.841 -39.869 11.572 37.434 -39.912 9.944 
2 24 34.329 -41.365 12.387 35.841 -39.869 11.572 
2 24 33.784 -43.526 11.912 34.329 -41.365 12.387 
2 24 34.525 -45.084 10.424 33.784 -43.526 11.912 
2 24 40.995 -45.215 11.315 41.54 -43.055 11.791 
2 24 42.344 -43.196 12.251 41.763 -45.595 11.691 
2 24 41.54 -43.055 11.791 40.8 -41.496 13.278 
2 24 41.522 -41.472 13.807 42.344 -43.196 12.251 
2 24 39.207 -41.452 14.907 37.695 -42.949 15.722 
2 24 37.927 -43.113 16.475 39.752 -41.423 15.616 
2 24 37.695 -42.949 15.722 37.149 -45.109 15.247 
2 24 37.346 -45.512 15.915 37.927 -43.113 16.475 
2 24 37.149 -45.109 15.247 37.89 -46.668 13.759 
2 24 38.289 -47.219 14.341 37.346 -45.512 15.915 
2 24 39.483 -46.712 12.131 40.995 -45.215 11.315 
2 24 43.366 -42.34 15.635 44.074 -44.041 14.081 
2 24 41.522 -41.472 13.807 39.752 -41.423 15.616 
2 24 41.48 -42.345 17.585 43.366 -42.34 15.635 
2 24 40.133 -48.087 16.169 39.25 -46.443 17.919 
2 24 45.04 -44.369 14.447 44.302 -46.847 13.778 
2 24 43.495 -46.442 13.522 44.074 -44.041 14.081 
2 24 44.074 -44.041 14.081 45.04 -44.369 14.447 
2 24 44.066 -42.339 16.158 45.04 -44.369 14.447 
2 24 42.135 -42.286 18.132 44.066 -42.339 16.158 
2 24 40.538 -48.608 16.74 39.641 -46.719 18.544 
2 24 44.302 -46.847 13.778 42.469 -48.661 14.767 
2 24 47.812 -45.562 17.165 47.149 -48.188 16.587 
2 24 46.912 -43.668 18.973 47.812 -45.562 17.165 
2 24 43.138 -45.433 21.943 44.976 -43.615 20.952 
2 24 42.475 -48.059 21.365 43.138 -45.433 21.943 
2 24 50.602 -48.383 12.304 51.073 -45.793 13.122 
2 24 51.073 -45.793 13.122 52.484 -43.655 12.106 
2 24 49.053 -42.279 9.953 47.774 -44.506 11.14 
2 24 41.944 -39.222 -0.713 41.377 -42.333 -1.696 
2 24 38.643 -40.987 -3.248 40.176 -38.818 -1.723 
2 24 41.049 -37.391 1.898 41.944 -39.222 -0.713 
2 24 40.176 -38.818 -1.723 40.221 -37.54 0.487 
2 24 39.218 -37.914 4.607 41.049 -37.391 1.898 
2 24 39.425 -37.348 2.687 38.344 -37.549 3.944 
2 24 40.221 -37.54 0.487 39.425 -37.348 2.687 
2 24 33.499 -42.403 2.612 33.663 -42.326 2.584 
2 24 33.663 -42.326 2.584 36.872 -43.396 4.926 
2 24 33.663 -42.326 2.584 33.347 -43.567 -0.48 
2 24 37.851 -45.426 2.234 36.872 -43.396 4.926 
2 24 33.347 -43.567 -0.48 34.901 -43.422 -2.407 
2 24 39.682 -44.903 -0.475 37.851 -45.426 2.234 
2 24 34.901 -43.422 -2.407 38.643 -40.987 -3.248 
2 24 41.377 -42.333 -1.696 39.682 -44.903 -0.475 
2 24 40.212 -41.569 5.935 41.413 -39.749 5.07 
2 24 39.81 -43.774 5.238 40.212 -41.569 5.935 
2 24 40.444 -45.071 3.388 39.81 -43.774 5.238 
2 24 45.601 -41.399 7.605 44.421 -43.186 8.454 
2 24 44.876 -43.414 9.023 46.184 -41.407 8.152 
2 24 44.421 -43.186 8.454 44.027 -45.351 7.77 
2 24 44.433 -45.796 8.29 44.876 -43.414 9.023 
2 24 44.027 -45.351 7.77 44.65 -46.624 5.954 
2 24 45.126 -47.22 6.315 44.433 -45.796 8.29 
2 24 47.601 -41.003 6.055 46.184 -41.407 8.152 
2 24 48.476 -42.331 9.507 49.941 -41.878 7.37 
2 24 47.154 -44.276 10.445 48.476 -42.331 9.507 
2 24 47.496 -48.019 7.627 46.711 -46.658 9.712 
2 24 49.053 -42.279 9.953 50.58 -41.843 7.694 
2 24 47.912 -48.542 7.974 47.167 -47.016 10.152 
2 24 54.008 -43.22 9.851 52.484 -43.655 12.106 
2 24 28.851 -39.357 17.012 30.735 -39.614 15.756 
2 24 27.101 -40.698 17.586 28.851 -39.357 17.012 
2 24 26.51 -42.853 17.14 27.101 -40.698 17.586 
2 24 27.423 -44.558 15.937 26.51 -42.853 17.14 
2 24 29.306 -44.816 14.68 27.423 -44.558 15.937 
2 24 43.427 -48.426 33.487 42.814 -50.657 33.025 
2 24 42.481 -46.659 34.733 43.427 -48.426 33.487 
2 24 40.53 -46.392 36.034 42.481 -46.659 34.733 
2 24 38.718 -47.782 36.628 40.53 -46.392 36.034 
2 24 38.105 -50.014 36.167 38.718 -47.782 36.628 
2 24 39.051 -51.78 34.92 38.105 -50.014 36.167 
2 24 41.001 -52.047 33.619 39.051 -51.78 34.92 
2 24 42.814 -50.657 33.025 41.001 -52.047 33.619 
2 24 36.118 -45.128 8.796 34.525 -45.084 10.424 
2 24 37.63 -43.632 7.981 36.118 -45.128 8.796 
2 24 39.207 -41.452 14.907 40.8 -41.496 13.278 
2 24 39.483 -46.712 12.131 37.89 -46.668 13.759 
2 24 40.058 -47.268 12.532 38.289 -47.219 14.341 
2 24 41.903 -48.136 14.36 40.133 -48.087 16.169 
2 24 42.469 -48.661 14.767 40.538 -48.608 16.74 
2 24 44.976 -43.615 20.952 46.912 -43.668 18.973 
2 24 43.375 -49.953 19.557 42.475 -48.059 21.365 
2 24 45.311 -50.006 17.578 43.375 -49.953 19.557 
2 24 47.149 -48.188 16.587 45.311 -50.006 17.578 
2 24 54.008 -43.22 9.851 54.752 -44.743 7.678 
2 24 51.326 -43.369 5.517 50.58 -41.843 7.694 
2 24 50.853 -45.964 4.697 51.326 -43.369 5.517 
2 24 54.752 -44.743 7.678 54.281 -47.333 6.86 
2 24 49.439 -48.107 5.715 50.853 -45.964 4.697 
2 24 54.281 -47.333 6.86 52.87 -49.471 7.876 
2 24 47.912 -48.542 7.974 49.439 -48.107 5.715 
2 24 52.87 -49.471 7.876 51.346 -49.906 10.131 
2 24 51.346 -49.906 10.131 50.602 -48.383 12.304 
2 24 43.344 -40.675 1.3 42.943 -42.88 0.604 
2 24 42.71 -39.378 3.15 43.344 -40.675 1.3 
2 24 41.413 -39.749 5.07 42.71 -39.378 3.15 
2 24 41.742 -44.7 1.469 40.444 -45.071 3.388 
2 24 42.943 -42.88 0.604 41.742 -44.7 1.469 
2 24 47.497 -42.309 3.903 47.103 -44.473 3.219 
2 24 46.875 -41.035 5.72 47.497 -42.309 3.903 
2 24 45.601 -41.399 7.605 46.875 -41.035 5.72 
2 24 45.924 -46.261 4.069 44.65 -46.624 5.954 
2 24 47.103 -44.473 3.219 45.924 -46.261 4.069 
2 24 48.294 -42.419 4.035 47.855 -44.827 3.274 
2 24 47.601 -41.003 6.055 48.294 -42.419 4.035 
2 24 46.543 -46.815 4.219 45.126 -47.22 6.315 
2 24 47.855 -44.827 3.274 46.543 -46.815 4.219 
2 24 50.625 -43.277 5.374 50.192 -45.655 4.623 
2 24 49.941 -41.878 7.37 50.625 -43.277 5.374 
2 24 48.896 -47.62 5.556 47.496 -48.019 7.627 
2 24 50.192 -45.655 4.623 48.896 -47.62 5.556 
2 24 44.571 -48.634 34.198 43.834 -51.318 33.643 
2 24 43.434 -46.509 35.697 44.571 -48.634 34.198 
2 24 41.088 -46.188 37.262 43.434 -46.509 35.697 
2 24 38.908 -47.86 37.976 41.088 -46.188 37.262 
2 24 38.17 -50.544 37.421 38.908 -47.86 37.976 
2 24 39.308 -52.669 35.922 38.17 -50.544 37.421 
2 24 41.654 -52.989 34.357 39.308 -52.669 35.922 
2 24 43.834 -51.318 33.643 41.654 -52.989 34.357 
2 24 45.973 -52.623 37.115 46.71 -49.939 37.67 
2 24 43.792 -54.294 37.829 45.973 -52.623 37.115 
2 24 41.446 -53.974 39.395 43.792 -54.294 37.829 
2 24 40.309 -51.849 40.894 41.446 -53.974 39.395 
2 24 41.046 -49.165 41.449 40.309 -51.849 40.894 
2 24 43.226 -47.494 40.734 41.046 -49.165 41.449 
2 24 45.572 -47.814 39.169 43.226 -47.494 40.734 
2 24 46.71 -49.939 37.67 45.572 -47.814 39.169 

0 // Outside
3 16 13.365 -37.665 13.828 11.765 -39.228 10.276 16.895 -40.056 13.047 
3 16 11.765 -39.228 10.276 14.568 -40.728 9.495 16.895 -40.056 13.047 
3 16 0.205 -29.703 -2.876 -1.885 -27.495 -4.956 3.693 -27.071 -3.663 
3 16 3.693 -27.071 -3.663 -1.885 -27.495 -4.956 2.168 -24.828 -5.166 
3 16 10.158 -28.567 -3.215 10.578 -33.972 -0.366 5.64 -28.471 -2.508 
3 16 10.578 -33.972 -0.366 5.408 -32.705 0.099 5.64 -28.471 -2.508 
3 16 14.568 -40.728 9.495 12.235 -38.708 4.362 21.337 -43.278 3.778 
3 16 12.235 -38.708 4.362 17.501 -40.295 -1.083 21.337 -43.278 3.778 
3 16 29.747 -28.507 -19.395 24.576 -32.957 -16.812 22.969 -24.462 -19.473 
3 16 24.576 -32.957 -16.812 18.818 -28.416 -16.74 22.969 -24.462 -19.473 
3 16 34.674 -32.631 -17.23 29.526 -36.911 -15.019 29.747 -28.507 -19.395 
3 16 24.576 -32.957 -16.812 29.747 -28.507 -19.395 29.526 -36.911 -15.019 
3 16 38.871 -41.245 -5.391 34.901 -43.422 -2.407 34.845 -43.606 -5.499 
3 16 38.871 -41.245 -5.391 34.845 -43.606 -5.499 38.194 -37.86 -13.053 
3 16 34.845 -43.606 -5.499 32.652 -40.128 -12.21 38.194 -37.86 -13.053 
3 16 11.662 -28.526 -7.051 14.131 -35.576 -4.651 10.158 -28.567 -3.215 
3 16 14.131 -35.576 -4.651 10.578 -33.972 -0.366 10.158 -28.567 -3.215 
3 16 12.235 -38.708 4.362 10.578 -33.972 -0.366 17.501 -40.295 -1.083 
3 16 17.501 -40.295 -1.083 10.578 -33.972 -0.366 14.131 -35.576 -4.651 
3 16 -2.432 -30.54 0.792 -4.633 -27.504 -1.989 0.205 -29.703 -2.876 
3 16 -4.633 -27.504 -1.989 -1.885 -27.495 -4.956 0.205 -29.703 -2.876 
3 16 13.365 -37.665 13.828 3.991 -33.226 10.004 11.765 -39.228 10.276 
3 16 3.605 -34.815 6.31 11.765 -39.228 10.276 3.991 -33.226 10.004 
3 16 10.578 -33.972 -0.366 12.235 -38.708 4.362 5.408 -32.705 0.099 
3 16 5.408 -32.705 0.099 12.235 -38.708 4.362 3.605 -34.815 6.31 
3 16 12.235 -38.708 4.362 14.568 -40.728 9.495 3.605 -34.815 6.31 
3 16 14.568 -40.728 9.495 11.765 -39.228 10.276 3.605 -34.815 6.31 
3 16 10.158 -28.567 -3.215 5.64 -28.471 -2.508 9.539 -26.262 -4.288 
3 16 5.64 -28.471 -2.508 5.889 -26.281 -3.087 9.539 -26.262 -4.288 
3 16 20.074 -34.933 -11.967 14.595 -27.919 -12.909 24.576 -32.957 -16.812 
3 16 14.595 -27.919 -12.909 18.818 -28.416 -16.74 24.576 -32.957 -16.812 
3 16 25.052 -39.042 -10.258 20.074 -34.933 -11.967 29.526 -36.911 -15.019 
3 16 29.526 -36.911 -15.019 20.074 -34.933 -11.967 24.576 -32.957 -16.812 
3 16 14.595 -27.919 -12.909 20.074 -34.933 -11.967 11.662 -28.526 -7.051 
3 16 20.074 -34.933 -11.967 14.131 -35.576 -4.651 11.662 -28.526 -7.051 
3 16 20.074 -34.933 -11.967 25.052 -39.042 -10.258 14.131 -35.576 -4.651 
3 16 25.052 -39.042 -10.258 17.501 -40.295 -1.083 14.131 -35.576 -4.651 
3 16 3.605 -34.815 6.31 3.991 -33.226 10.004 0.483 -32.98 3.779 
3 16 3.991 -33.226 10.004 -0.405 -31.265 7.423 0.483 -32.98 3.779 
3 16 -3.527 -29.221 4.36 -5.428 -26.059 2.202 -2.432 -30.54 0.792 
3 16 -2.432 -30.54 0.792 -5.428 -26.059 2.202 -4.633 -27.504 -1.989 
3 16 29.559 -43.918 4.215 32.91 -41.431 7.243 23.994 -43.467 8.737 
3 16 34.845 -43.606 -5.499 28.774 -43.05 -5.197 32.652 -40.128 -12.21 
3 16 28.774 -43.05 -5.197 25.052 -39.042 -10.258 32.652 -40.128 -12.21 
3 16 25.052 -39.042 -10.258 29.526 -36.911 -15.019 32.652 -40.128 -12.21 
3 16 17.501 -40.295 -1.083 25.052 -39.042 -10.258 24.921 -43.609 0.095 
3 16 25.052 -39.042 -10.258 28.774 -43.05 -5.197 24.921 -43.609 0.095 
3 16 24.921 -43.609 0.095 21.337 -43.278 3.778 17.501 -40.295 -1.083 
3 16 29.526 -36.911 -15.019 34.674 -32.631 -17.23 32.652 -40.128 -12.21 
3 16 34.674 -32.631 -17.23 38.194 -37.86 -13.053 32.652 -40.128 -12.21 
3 16 3.605 -34.815 6.31 0.483 -32.98 3.779 5.408 -32.705 0.099 
3 16 0.483 -32.98 3.779 2.302 -30.991 -1.194 5.408 -32.705 0.099 
3 16 29.559 -43.918 4.215 24.921 -43.609 0.095 34.901 -43.422 -2.407 
3 16 34.901 -43.422 -2.407 24.921 -43.609 0.095 28.774 -43.05 -5.197 
3 16 34.901 -43.422 -2.407 28.774 -43.05 -5.197 34.845 -43.606 -5.499 
3 16 24.921 -43.609 0.095 29.559 -43.918 4.215 21.337 -43.278 3.778 
3 16 23.994 -43.467 8.737 21.337 -43.278 3.778 29.559 -43.918 4.215 
3 16 21.337 -43.278 3.778 23.994 -43.467 8.737 14.568 -40.728 9.495 
3 16 23.994 -43.467 8.737 16.895 -40.056 13.047 14.568 -40.728 9.495 
3 16 10.158 -28.567 -3.215 9.539 -26.262 -4.288 11.662 -28.526 -7.051 
3 16 9.539 -26.262 -4.288 10.815 -25.724 -7.375 11.662 -28.526 -7.051 
3 16 11.662 -28.526 -7.051 10.815 -25.724 -7.375 14.595 -27.919 -12.909 
3 16 10.815 -25.724 -7.375 13.523 -24.865 -12.778 14.595 -27.919 -12.909 
3 16 14.595 -27.919 -12.909 13.523 -24.865 -12.778 18.818 -28.416 -16.74 
3 16 18.818 -28.416 -16.74 13.523 -24.865 -12.778 22.969 -24.462 -19.473 
3 16 13.523 -24.865 -12.778 17.373 -22.226 -15.65 22.969 -24.462 -19.473 
3 16 0.483 -32.98 3.779 -2.432 -30.54 0.792 2.302 -30.991 -1.194 
3 16 -2.432 -30.54 0.792 0.205 -29.703 -2.876 2.302 -30.991 -1.194 
3 16 0.483 -32.98 3.779 -0.405 -31.265 7.423 -2.432 -30.54 0.792 
3 16 -0.405 -31.265 7.423 -3.527 -29.221 4.36 -2.432 -30.54 0.792 
3 16 5.64 -28.471 -2.508 3.693 -27.071 -3.663 5.889 -26.281 -3.087 
3 16 3.693 -27.071 -3.663 4.876 -25.695 -3.178 5.889 -26.281 -3.087 
3 16 3.693 -27.071 -3.663 5.64 -28.471 -2.508 0.205 -29.703 -2.876 
3 16 0.205 -29.703 -2.876 5.64 -28.471 -2.508 2.302 -30.991 -1.194 
3 16 2.302 -30.991 -1.194 5.64 -28.471 -2.508 5.408 -32.705 0.099 
3 16 34.901 -43.422 -2.407 38.871 -41.245 -5.391 38.179 -40.463 1.11 
3 16 29.559 -43.918 4.215 34.901 -43.422 -2.407 38.179 -40.463 1.11 
3 16 23.994 -43.467 8.737 26.496 -40.877 12.212 16.895 -40.056 13.047 
3 16 13.365 -37.665 13.828 16.895 -40.056 13.047 18.786 -38.619 14.869 
2 24 -1.885 -27.495 -4.956 2.168 -24.828 -5.166 
2 24 2.168 -24.828 -5.166 3.693 -27.071 -3.663 
2 24 22.969 -24.462 -19.473 29.747 -28.507 -19.395 
2 24 29.747 -28.507 -19.395 34.674 -32.631 -17.23 
2 24 38.194 -37.86 -13.053 38.871 -41.245 -5.391 
2 24 -4.633 -27.504 -1.989 -1.885 -27.495 -4.956 
2 24 13.365 -37.665 13.828 3.991 -33.226 10.004 
2 24 5.889 -26.281 -3.087 9.539 -26.262 -4.288 
2 24 3.991 -33.226 10.004 -0.405 -31.265 7.423 
2 24 -3.527 -29.221 4.36 -5.428 -26.059 2.202 
2 24 -5.428 -26.059 2.202 -4.633 -27.504 -1.989 
2 24 29.559 -43.918 4.215 32.91 -41.431 7.243 
2 24 32.91 -41.431 7.243 23.994 -43.467 8.737 
2 24 34.674 -32.631 -17.23 38.194 -37.86 -13.053 
2 24 9.539 -26.262 -4.288 10.815 -25.724 -7.375 
2 24 10.815 -25.724 -7.375 13.523 -24.865 -12.778 
2 24 13.523 -24.865 -12.778 17.373 -22.226 -15.65 
2 24 17.373 -22.226 -15.65 22.969 -24.462 -19.473 
2 24 -0.405 -31.265 7.423 -3.527 -29.221 4.36 
2 24 3.693 -27.071 -3.663 4.876 -25.695 -3.178 
2 24 4.876 -25.695 -3.178 5.889 -26.281 -3.087 
2 24 38.871 -41.245 -5.391 38.179 -40.463 1.11 
2 24 38.179 -40.463 1.11 29.559 -43.918 4.215 
2 24 23.994 -43.467 8.737 26.496 -40.877 12.212 
2 24 26.496 -40.877 12.212 16.895 -40.056 13.047 
2 24 16.895 -40.056 13.047 18.786 -38.619 14.869 
2 24 18.786 -38.619 14.869 13.365 -37.665 13.828 

