0 ~Animal Eagle Body Upper  - Half
0 Name: s\u9300s01.dat
0 Author: Christian Neumann [Wesley]
0 !LDRAW_ORG Unofficial_Subpart
0 !LICENSE Redistributable under CCAL version 2.0 : see CAreadme.txt

0 BFC CERTIFY CCW

0 !HISTORY 2014-02-19 {LEGO Digital Designer} Original part shape
0 !HISTORY 2014-02-19 [Wesley] File preparation for LDraw Parts Tracker

1 16 30 -72 -10 0 0 -1 0 1 0 1 0 0 clip6.dat
3 16 20 -72 -6 19.782 -68.974 -6 19.778 -69.747 -6
3 16 19.783 -69.51 -14 19.728 -65.901 -14 20 -72 -14
4 16 19.006 -71.121 -6 18.789 -72 -6 20 -72 -6 19.778 -69.747 -6
4 16 20 -72 -6 20 -64 -6 19.707 -64 -6 19.782 -68.974 -6
4 16 20 -72 -6 18.789 -72 -6 18.694 -72 -14 20 -72 -14
4 16 19.751 -64 -14 20 -64 -14 20 -72 -14 19.728 -65.901 -14
4 16 18.694 -72 -14 18.793 -71.6 -14 19.781 -69.841 -14 20 -72 -14
4 16 20 -64 -6 20 -64 -14 19.751 -64 -14 19.702 -64 -11.16
3 16 20 -72 -14 19.781 -69.841 -14 19.783 -69.51 -14
3 16 19.702 -64 -11.16 19.707 -64 -6 20 -64 -6
2 24 20 -72 -6 18.789 -72 -6
2 24 20 -64 -14 19.751 -64 -14
2 24 20 -72 -14 18.694 -72 -14
2 24 20 -64 -6 19.707 -64 -6
2 24 19.782 -68.974 -6 19.778 -69.747 -6
2 24 19.783 -69.51 -14 19.728 -65.901 -14
2 24 19.006 -71.121 -6 18.789 -72 -6
2 24 19.778 -69.747 -6 19.006 -71.121 -6
2 24 19.707 -64 -6 19.782 -68.974 -6
2 24 18.789 -72 -6 18.694 -72 -14
2 24 19.728 -65.901 -14 19.751 -64 -14
2 24 18.694 -72 -14 18.793 -71.6 -14
2 24 18.793 -71.6 -14 19.781 -69.841 -14
2 24 19.751 -64 -14 19.702 -64 -11.16
2 24 19.781 -69.841 -14 19.783 -69.51 -14
2 24 19.702 -64 -11.16 19.707 -64 -6
1 16 30 -72 10 0 0 -1 0 1 0 1 0 0 clip6.dat
3 16 20 -72 14 19.781 -67.632 14 19.77 -69.51 14
3 16 19.719 -64 6 20 -64 6 20 -72 6
3 16 20 -72 6 19.773 -69.605 6 19.781 -68.169 6
3 16 20 -64 14 19.716 -64 14 19.754 -64.76 14
4 16 19.716 -64 14 20 -64 14 20 -64 6 19.746 -64 11.854
4 16 20 -64 6 19.719 -64 6 19.724 -64 9.431 19.746 -64 11.854
4 16 19.781 -68.169 6 19.719 -64.081 6 19.719 -64 6 20 -72 6
4 16 20 -72 6 18.93 -72 6 19.325 -70.403 6 19.773 -69.605 6
4 16 20 -72 14 20 -64 14 19.754 -64.76 14 19.781 -67.632 14
4 16 19.77 -69.51 14 19.538 -69.924 14 19.025 -72 14 20 -72 14
4 16 19.754 -64.76 14 19.747 -65.274 14 19.752 -65.751 14 19.781 -67.632 14
4 16 18.93 -72 6 20 -72 6 20 -72 14 19.025 -72 14
2 24 20 -64 6 19.719 -64 6
2 24 20 -72 14 19.025 -72 14
2 24 20 -72 6 18.93 -72 6
2 24 20 -64 14 19.716 -64 14
2 24 18.93 -72 6 19.025 -72 14
2 24 18.93 -72 6 19.325 -70.403 6
2 24 19.025 -72 14 19.538 -69.924 14
2 24 19.719 -64.081 6 19.719 -64 6
2 24 19.719 -64 6 19.724 -64 9.431
2 24 19.746 -64 11.854 19.716 -64 14
2 24 19.724 -64 9.431 19.746 -64 11.854
2 24 19.752 -65.751 14 19.747 -65.274 14
2 24 19.747 -65.274 14 19.754 -64.76 14
2 24 19.754 -64.76 14 19.716 -64 14
2 24 19.538 -69.924 14 19.77 -69.51 14
2 24 19.325 -70.403 6 19.773 -69.605 6
2 24 19.781 -67.632 14 19.752 -65.751 14
2 24 19.77 -69.51 14 19.781 -67.632 14
2 24 19.773 -69.605 6 19.781 -68.169 6
2 24 19.781 -68.169 6 19.719 -64.081 6

3 16 16.094 -72.031 -21.497 17.043 -72 24.89 11.41 -72 -24.739
3 16 19.783 -63.891 -15.833 19.665 -61.33 -7.171 19.783 -69.912 -19.991
4 16 19.78 -67.175 20.818 19.783 -69.912 -19.991 19.665 -61.33 -7.171 19.712 -63.339 7.062
3 16 0 -71.612 50.825 4.584 -72 43.702 6.149 -71.94 45.673
3 16 18.615 -72 -20.685 19.767 -69.409 22.614 19.146 -72 24.307
3 16 18.615 -72 -20.685 19.783 -69.912 -19.991 19.767 -69.409 22.614
3 16 6.149 -71.94 45.673 17.043 -72 24.89 19.146 -72 24.307
4 16 17.043 -72 24.89 16.094 -72.031 -21.497 18.615 -72 -20.685 19.146 -72 24.307
3 16 0 -71.612 50.825 6.149 -71.94 45.673 0 -71.451 52.258
3 16 4.584 -72 43.702 17.043 -72 24.89 6.149 -71.94 45.673
3 16 19.783 -69.912 -19.991 19.78 -67.175 20.818 19.767 -69.409 22.614
3 16 19.744 -63.824 11.355 19.78 -67.175 20.818 19.712 -63.339 7.062
3 16 19.744 -63.824 11.355 19.711 -63.896 13.989 19.78 -67.175 20.818
2 24 18.615 -72 -20.685 19.146 -72 24.307
5 24 19.744 -63.824 11.355 19.78 -67.175 20.818 19.712 -63.339 7.062 19.711 -63.896 13.989
5 24 19.712 -63.339 7.062 19.78 -67.175 20.818 19.783 -69.912 -19.991 19.744 -63.824 11.355
5 24 16.094 -72.031 -21.497 17.043 -72 24.89 11.41 -72 -24.739 18.615 -72 -20.685
5 24 6.149 -71.94 45.673 17.043 -72 24.89 19.146 -72 24.307 4.584 -72 43.702
5 24 0 -71.612 50.825 4.584 -72 43.702 6.149 -71.94 45.673 -4.584 -72 43.702
5 24 17.043 -72 24.89 11.41 -72 -24.739 16.094 -72.031 -21.497 -17.043 -72 24.89
5 24 4.584 -72 43.702 17.043 -72 24.89 6.149 -71.94 45.673 -17.043 -72 24.89
5 24 11.41 -72 -24.739 1.275 -73.306 -38.479 2.225 -73.496 -38.96 -11.41 -72 -24.739
5 24 1.275 -73.306 -38.479 0 -73.939 -39.65 2.225 -73.496 -38.96 -1.275 -73.306 -38.479
5 24 19.783 -69.912 -19.991 19.665 -61.33 -7.171 19.78 -67.175 20.818 19.783 -63.891 -15.833
5 24 4.584 -72 43.702 6.149 -71.94 45.673 0 -71.612 50.825 17.043 -72 24.89
5 24 19.783 -69.912 -19.991 19.78 -67.175 20.818 19.767 -69.409 22.614 19.665 -61.33 -7.171
5 24 19.767 -69.409 22.614 19.783 -69.912 -19.991 19.78 -67.175 20.818 18.615 -72 -20.685
5 24 6.149 -71.94 45.673 0 -71.612 50.825 4.584 -72 43.702 0 -71.451 52.258
5 24 19.146 -72 24.307 17.043 -72 24.89 16.094 -72.031 -21.497 6.149 -71.94 45.673
5 24 18.615 -72 -20.685 19.767 -69.409 22.614 19.146 -72 24.307 19.783 -69.912 -19.991
5 24 11.41 -72 -24.739 16.094 -72.031 -21.497 17.043 -72 24.89 12.397 -72.054 -27.323
5 24 16.094 -72.031 -21.497 18.615 -72 -20.685 17.043 -72 24.89 18.665 -71.804 -22.117
