0 Technic Dome  6 x  6 x  5.333 without Eye Pattern
0 Name: x51ps1.dat
0 Author: William Wood [wjwood]
0 !LDRAW_ORG Unofficial_Part
0 !LICENSE Redistributable under CCAL version 2.0 : see CAreadme.txt

0 BFC CERTIFY CCW

1 16 0 0 0 1 0 0 0 1 0 0 0 1 s\x51s01.dat
4 16 -47.745 -125.407 -47.745 -49.03 -124.5 -49.03 -35.7094 -124.5 -57.9307 -35.0102 -125.407 -56.2543
4 1 -27.0686 -140.001 -27.0696 -47.745 -125.407 -47.745 -35.0102 -125.407 -56.2543 -23.8257 -140.001 -29.2364
4 1 -20.0003 -127.179 -55.691 -19.9915 -140.001 -29.9994 -23.8162 -140.001 -29.2374 -21.9912 -127.179 -55.2943
3 1 -21.9912 -127.179 -55.2943 -23.8162 -140.001 -29.2374 -21.9949 -125.407 -58.8451
3 1 -21.9949 -125.407 -58.8451 -23.8162 -140.001 -29.2374 -35.014 -125.407 -56.2511
4 16 -35.014 -125.407 -56.2511 -35.71 -124.5 -57.93 -19.9992 -124.5 -61.0603 -21.9949 -125.407 -58.8451
4 16 -21.9949 -125.407 -58.8451 -19.9992 -124.5 -61.0603 -20.0003 -127.179 -55.691 -21.9912 -127.179 -55.2943
3 1 -58.8456 -125.407 -21.9918 -58.0937 -125.407 -25.7655 -55.2942 -127.179 -21.991
3 1 -55.2942 -127.179 -21.991 -58.0937 -125.407 -25.7655 -47.0837 -131.475 -19.9957
3 1 -55.2942 -127.179 -21.991 -47.0837 -131.475 -19.9957 -55.691 -127.179 -19.9992
4 16 -61.06 -124.5 -20 -57.9297 -124.5 -35.7108 -58.0937 -125.407 -25.7655 -58.8456 -125.407 -21.9918
3 16 -58.0937 -125.407 -25.7655 -57.9297 -124.5 -35.7108 -56.4648 -125.407 -33.9406
3 16 -58.0937 -125.407 -25.7655 -56.4648 -125.407 -33.9406 -47.0837 -131.475 -19.9957
4 16 -47.0837 -131.475 -19.9957 -56.4648 -125.407 -33.9406 -29.9859 -140.001 -20.059 -29.9991 -140.001 -19.9923
4 16 -55.2942 -127.179 -21.991 -55.691 -127.179 -19.9992 -61.06 -124.5 -20 -58.8456 -125.407 -21.9918
3 16 -57.9297 -124.5 -35.7108 -56.2499 -125.407 -35.0194 -56.4648 -125.407 -33.9406
4 1 -56.2499 -125.407 -35.0194 -29.2371 -140.001 -23.817 -29.9859 -140.001 -20.059 -56.4648 -125.407 -33.9406
4 16 -56.251 -125.407 -35.0147 -57.93 -124.5 -35.71 -49.0293 -124.5 -49.0306 -47.7417 -125.407 -47.7494
4 1 -29.2357 -140.004 -23.8264 -56.251 -125.407 -35.0147 -47.7417 -125.407 -47.7494 -27.0688 -140.004 -27.0692
3 1 -29.9976 -140.003 -11.04 -29.9976 -140.003 -2 -47.0097 -131.521 -20
4 1 -47.0097 -131.521 -20 -29.9976 -140.003 -2 -55.6902 -127.192 -2 -55.6902 -127.192 -20
4 16 -29.9976 -140.003 -2 -29.9976 -140.003 0 -57.48 -126.3 0 -55.6902 -127.192 -2
4 16 -55.6902 -127.192 -2 -57.48 -126.3 0 -57.48 -126.3 -20 -55.6902 -127.192 -20
3 16 -47.0097 -131.521 -20 -29.9976 -140.003 -20 -29.9976 -140.003 -11.04
4 16 -20 -127.192 -55.6902 -20 -126.3 -57.48 0 -126.3 -57.48 -2 -127.192 -55.6902
4 16 -2 -127.192 -55.6902 0 -126.3 -57.48 0 -140.003 -29.9976 -2 -140.003 -29.9976
4 1 -20 -127.192 -55.6902 -2 -127.192 -55.6902 -2 -140.003 -29.9976 -20 -140.003 -29.9976
4 16 -100.8 -84.56 0 -100.8 -84.56 -20 -79.19 -109.4 -20 -79.19 -109.4 0
4 16 -51.93 -81.55 -97.09 -41.6 -81.55 -100.6 -34.64 -112.5 -74.63 -41.65 -112.5 -72.26
4 16 -34.64 -112.5 -74.63 -41.6 -81.55 -100.6 -30.89 -81.55 -102.7 -27.38 -112.5 -76.08
4 16 -27.38 -112.5 -76.08 -30.89 -81.55 -102.7 -20 -81.55 -103.4 -20 -112.5 -76.56
4 16 -54.43 -112.5 -64.87 -70.79 -81.55 -86.2 -61.72 -81.55 -92.26 -48.28 -112.5 -68.98
4 16 -48.28 -112.5 -68.98 -61.72 -81.55 -92.26 -51.93 -81.55 -97.09 -41.65 -112.5 -72.26
4 16 -92.26 -81.55 -61.72 -86.2 -81.55 -70.79 -64.87 -112.5 -54.43 -68.98 -112.5 -48.28
4 16 -64.87 -112.5 -54.43 -86.2 -81.55 -70.79 -79 -81.55 -79 -60 -112.5 -60
4 16 -60 -112.5 -60 -79 -81.55 -79 -70.79 -81.55 -86.2 -54.43 -112.5 -64.87
4 16 -72.26 -112.5 -41.65 -97.09 -81.55 -51.93 -92.26 -81.55 -61.72 -68.98 -112.5 -48.28
4 16 -76.56 -112.5 -20 -103.4 -81.55 -20 -102.7 -81.55 -30.89 -76.08 -112.5 -27.38
4 16 -76.08 -112.5 -27.38 -102.7 -81.55 -30.89 -100.6 -81.55 -41.6 -74.63 -112.5 -34.64
4 16 -74.63 -112.5 -34.64 -100.6 -81.55 -41.6 -97.09 -81.55 -51.93 -72.26 -112.5 -41.65
4 16 0 -109.4 -79.19 -20 -109.4 -79.19 -20 -84.56 -100.8 0 -84.56 -100.8
4 1 -29.93 -140 -2 -30 -140 -2 -30 -140 -11.06 -29.37 -140 -6.131
3 1 -29.37 -140 -6.131 -30 -140 -11.06 -28.23 -140 -10.14
4 1 -29.24 -140 -23.83 -27.07 -140 -27.07 -10.68 -140 -28.03 -30 -140 -20.07
3 1 -30 -140 -20.07 -10.68 -140 -28.03 -18.42 -140 -23.68
3 1 -30 -140 -20.07 -18.42 -140 -23.68 -24.55 -140 -17.24
3 1 -20 -140 -30 -2 -140 -30 -23.83 -140 -29.24
4 1 -23.83 -140 -29.24 -2 -140 -30 -2 -140 -29.93 -27.07 -140 -27.07
3 1 -27.07 -140 -27.07 -2 -140 -29.93 -10.68 -140 -28.03
4 16 -30 -140 -20.04 -30 -140 -20.07 -24.55 -140 -17.24 -28.23 -140 -10.14
3 16 -28.23 -140 -10.14 -24.55 -140 -17.24 -29.93 -140 -2
4 16 -29.93 -140 -2 -24.55 -140 -17.24 -18.48 -140 -7.654 -20 -140 0
4 16 -29.93 -140 -2 -20 -140 0 -30 -140 0 -30 -140 -2
4 16 -2 -140 -30 0 -140 -30 0 -140 -20 -2 -140 -29.93
4 16 -2 -140 -29.93 0 -140 -20 -7.654 -140 -18.48 -10.68 -140 -28.03
4 16 -10.68 -140 -28.03 -7.654 -140 -18.48 -14.14 -140 -14.14 -18.42 -140 -23.68
4 16 -18.42 -140 -23.68 -14.14 -140 -14.14 -18.48 -140 -7.654 -24.55 -140 -17.24
3 16 -30 -140 -11.06 -30 -140 -20.04 -28.23 -140 -10.14
3 16 -29.93 -140 -2 -29.37 -140 -6.131 -28.23 -140 -10.14
4 16 -118.167 -29.8314 -20 -112.5 -60.23 -20 -112.5 -60.23 0 -118.167 -29.8314 0
4 16 -119.633 -21.9663 0 -120 -20 0 -120 -20 -20 -119.633 -21.9663 -20
4 1 -119.633 -21.9663 0 -119.633 -21.9663 -20 -118.167 -29.8314 -20 -118.167 -29.8314 0
4 16 -111.361 -62.2034 -32.0372 -111 -64.17 -31.99 -111.8 -64.17 -20 -111.55 -62.2034 -29.2027
4 16 -111.55 -62.2034 -29.2027 -111.8 -64.17 -20 -118.175 -29.833 -20 -117.142 -31.7996 -29.7606
4 16 -117.142 -31.7996 -29.7606 -118.175 -29.833 -20 -117.297 -29.833 -32.814 -116.936 -31.7996 -32.7668
4 16 -119.635 -21.9666 -20 -120 -20 -20 -119.1 -20 -33.05 -118.739 -21.9666 -33.0028
4 1 -118.739 -21.9666 -33.0028 -117.297 -29.833 -32.814 -118.175 -29.833 -20 -119.635 -21.9666 -20
4 1 -111.361 -62.2034 -32.0372 -111.55 -62.2034 -29.2027 -117.142 -31.7996 -29.7606 -116.936 -31.7996 -32.7668
4 16 -108.7 -64.17 -43.76 -111 -64.17 -31.99 -111.361 -62.2034 -32.0372 -109.052 -62.2034 -43.8544
4 16 -116.936 -31.7996 -32.7668 -117.297 -29.833 -32.814 -114.841 -29.833 -45.4081 -114.49 -31.7996 -45.3137
4 16 -118.739 -21.9666 -33.0028 -119.1 -20 -33.05 -116.6 -20 -45.88 -116.248 -21.9666 -45.7856
4 1 -117.297 -29.833 -32.814 -118.739 -21.9666 -33.0028 -116.248 -21.9666 -45.7856 -114.841 -29.833 -45.4081
4 1 -111.361 -62.2034 -32.0372 -116.936 -31.7996 -32.7668 -114.49 -31.7996 -45.3137 -109.052 -62.2034 -43.8544
4 16 -109.052 -62.2034 -43.8544 -105.138 -62.2034 -55.2794 -104.8 -64.17 -55.14 -108.7 -64.17 -43.76
4 16 -114.49 -31.7996 -45.3137 -114.841 -29.833 -45.4081 -110.708 -29.833 -57.5732 -110.37 -31.7996 -57.4338
4 16 -116.248 -21.9666 -45.7856 -116.6 -20 -45.88 -112.4 -20 -58.27 -112.062 -21.9666 -58.1306
4 1 -114.841 -29.833 -45.4081 -116.248 -21.9666 -45.7856 -112.062 -21.9666 -58.1306 -110.708 -29.833 -57.5732
4 1 -114.49 -31.7996 -45.3137 -110.37 -31.7996 -57.4338 -105.138 -62.2034 -55.2794 -109.052 -62.2034 -43.8544
4 16 -105.138 -62.2034 -55.2794 -99.8352 -62.2034 -66.0921 -99.52 -64.17 -65.91 -104.8 -64.17 -55.14
4 16 -104.709 -31.7996 -68.9074 -110.37 -31.7996 -57.4338 -110.708 -29.833 -57.5732 -105.024 -29.833 -69.0895
4 16 -106.6 -20 -70 -106.285 -21.9666 -69.8179 -112.062 -21.9666 -58.1306 -112.4 -20 -58.27
4 1 -110.708 -29.833 -57.5732 -112.062 -21.9666 -58.1306 -106.285 -21.9666 -69.8179 -105.024 -29.833 -69.0895
4 1 -99.8352 -62.2034 -66.0921 -105.138 -62.2034 -55.2794 -110.37 -31.7996 -57.4338 -104.709 -31.7996 -68.9074
4 16 -104.709 -31.7996 -68.9074 -105.024 -29.833 -69.0895 -97.8952 -29.833 -79.7714 -97.8341 -31.7996 -79.2082
4 16 -97.8341 -31.7996 -79.2082 -97.8952 -29.833 -79.7714 -92.85 -64.17 -75.9 -93.3538 -62.2034 -75.7999
4 16 -93.3538 -62.2034 -75.7999 -92.85 -64.17 -75.9 -99.52 -64.17 -65.91 -99.8352 -62.2034 -66.0921
4 16 -99.051 -21.9666 -80.6583 -106.285 -21.9666 -69.8179 -106.6 -20 -70 -99.34 -20 -80.88
4 1 -105.024 -29.833 -69.0895 -106.285 -21.9666 -69.8179 -99.051 -21.9666 -80.6583 -97.8952 -29.833 -79.7714
4 1 -104.709 -31.7996 -68.9074 -97.8341 -31.7996 -79.2082 -93.3538 -62.2034 -75.7999 -99.8352 -62.2034 -66.0921
4 16 -85.1873 -62.2034 -85.1873 -84.93 -64.17 -84.93 -92.85 -64.17 -75.9 -91.4185 -62.2034 -78.0832
4 16 -91.4185 -62.2034 -78.0832 -92.85 -64.17 -75.9 -97.8952 -29.833 -79.7714 -95.7801 -31.7996 -81.6302
4 16 -95.7801 -31.7996 -81.6302 -97.8952 -29.833 -79.7714 -89.4233 -29.833 -89.4233 -89.1659 -31.7996 -89.1659
4 16 -90.4527 -21.9666 -90.4527 -99.051 -21.9666 -80.6583 -99.34 -20 -80.88 -90.71 -20 -90.71
4 1 -97.8952 -29.833 -79.7714 -99.051 -21.9666 -80.6583 -90.4527 -21.9666 -90.4527 -89.4233 -29.833 -89.4233
4 1 -85.1873 -62.2034 -85.1873 -91.4185 -62.2034 -78.0832 -95.7801 -31.7996 -81.6302 -89.1659 -31.7996 -89.1659
4 16 -75.9 -64.17 -92.85 -84.93 -64.17 -84.93 -85.1873 -62.2034 -85.1873 -76.1217 -62.2034 -93.139
4 16 -89.1659 -31.7996 -89.1659 -89.4233 -29.833 -89.4233 -79.7714 -29.833 -97.8952 -79.5496 -31.7996 -97.6063
4 16 -90.4527 -21.9666 -90.4527 -90.71 -20 -90.71 -80.88 -20 -99.34 -80.6583 -21.9666 -99.051
4 1 -89.4233 -29.833 -89.4233 -90.4527 -21.9666 -90.4527 -80.6583 -21.9666 -99.051 -79.7714 -29.833 -97.8952
4 1 -76.1217 -62.2034 -93.139 -85.1873 -62.2034 -85.1873 -89.1659 -31.7996 -89.1659 -79.5496 -31.7996 -97.6063
4 16 -75.9 -64.17 -92.85 -76.1217 -62.2034 -93.139 -66.0921 -62.2034 -99.8352 -65.91 -64.17 -99.52
4 16 -68.9074 -31.7996 -104.709 -79.5496 -31.7996 -97.6063 -79.7714 -29.833 -97.8952 -69.0895 -29.833 -105.024
4 16 -69.8179 -21.9666 -106.285 -80.6583 -21.9666 -99.051 -80.88 -20 -99.34 -70 -20 -106.6
4 1 -79.7714 -29.833 -97.8952 -80.6583 -21.9666 -99.051 -69.8179 -21.9666 -106.285 -69.0895 -29.833 -105.024
4 1 -66.0921 -62.2034 -99.8352 -76.1217 -62.2034 -93.139 -79.5496 -31.7996 -97.6063 -68.9074 -31.7996 -104.709
4 16 -65.91 -64.17 -99.52 -66.0921 -62.2034 -99.8352 -55.2794 -62.2034 -105.138 -55.14 -64.17 -104.8
4 16 -68.9074 -31.7996 -104.709 -69.0895 -29.833 -105.024 -57.5732 -29.833 -110.708 -57.4338 -31.7996 -110.37
4 16 -58.1306 -21.9666 -112.062 -69.8179 -21.9666 -106.285 -70 -20 -106.6 -58.27 -20 -112.4
4 1 -69.0895 -29.833 -105.024 -69.8179 -21.9666 -106.285 -58.1306 -21.9666 -112.062 -57.5732 -29.833 -110.708
4 1 -55.2794 -62.2034 -105.138 -66.0921 -62.2034 -99.8352 -68.9074 -31.7996 -104.709 -57.4338 -31.7996 -110.37
4 16 -55.14 -64.17 -104.8 -55.2794 -62.2034 -105.138 -43.8544 -62.2034 -109.052 -43.76 -64.17 -108.7
4 16 -57.4338 -31.7996 -110.37 -57.5732 -29.833 -110.708 -45.4081 -29.833 -114.841 -45.3137 -31.7996 -114.49
4 16 -58.1306 -21.9666 -112.062 -58.27 -20 -112.4 -45.88 -20 -116.6 -45.7856 -21.9666 -116.248
4 1 -57.5732 -29.833 -110.708 -58.1306 -21.9666 -112.062 -45.7856 -21.9666 -116.248 -45.4081 -29.833 -114.841
4 1 -43.8544 -62.2034 -109.052 -55.2794 -62.2034 -105.138 -57.4338 -31.7996 -110.37 -45.3137 -31.7996 -114.49
3 16 -45.3137 -31.7996 -114.49 -45.4081 -29.833 -114.841 -36.5021 -31.7996 -116.208
4 16 -36.5021 -31.7996 -116.208 -45.4081 -29.833 -114.841 -32.814 -29.833 -117.297 -32.9584 -31.7996 -116.899
3 16 -32.9584 -31.7996 -116.899 -32.814 -29.833 -117.297 -32.7668 -31.7996 -116.936
3 16 -32.0372 -62.2034 -111.361 -31.99 -64.17 -111 -32.2176 -62.2034 -111.325
4 16 -32.2176 -62.2034 -111.325 -31.99 -64.17 -111 -43.76 -64.17 -108.7 -35.5553 -62.2034 -110.673
3 16 -35.5553 -62.2034 -110.673 -43.76 -64.17 -108.7 -43.8544 -62.2034 -109.052
4 16 -32.2176 -62.2034 -111.325 -35.5553 -62.2034 -110.673 -36.5021 -31.7996 -116.208 -32.9584 -31.7996 -116.899
4 16 -45.7856 -21.9666 -116.248 -45.88 -20 -116.6 -33.05 -20 -119.1 -33.0028 -21.9666 -118.739
4 1 -45.4081 -29.833 -114.841 -45.7856 -21.9666 -116.248 -33.0028 -21.9666 -118.739 -32.814 -29.833 -117.297
4 1 -32.0372 -62.2034 -111.361 -32.2176 -62.2034 -111.325 -32.9584 -31.7996 -116.899 -32.7668 -31.7996 -116.936
4 1 -43.8544 -62.2034 -109.052 -45.3137 -31.7996 -114.49 -36.5021 -31.7996 -116.208 -35.5553 -62.2034 -110.673
3 16 -32.7668 -31.7996 -116.936 -32.814 -29.833 -117.297 -24.8728 -31.7996 -117.476
4 16 -24.8728 -31.7996 -117.476 -32.814 -29.833 -117.297 -20 -29.833 -118.175 -21.9491 -31.7996 -117.676
3 16 -21.9491 -31.7996 -117.676 -20 -29.833 -118.175 -20 -31.7996 -117.809
4 16 -31.99 -64.17 -111 -32.0372 -62.2034 -111.361 -24.5943 -62.2034 -111.858 -20 -64.17 -111.8
4 16 -20 -64.17 -111.8 -24.5943 -62.2034 -111.858 -21.8555 -57.3655 -112.939 -20 -57.3655 -113.063
4 16 -21.8555 -57.3655 -112.939 -24.5943 -62.2034 -111.858 -24.8728 -31.7996 -117.476 -21.9491 -31.7996 -117.676
4 16 -33.0028 -21.9666 -118.739 -33.05 -20 -119.1 -20 -20 -120 -20 -21.9666 -119.635
4 1 -20 -29.833 -118.175 -32.814 -29.833 -117.297 -33.0028 -21.9666 -118.739 -20 -21.9666 -119.635
4 1 -32.0372 -62.2034 -111.361 -32.7668 -31.7996 -116.936 -24.8728 -31.7996 -117.476 -24.5943 -62.2034 -111.858
4 1 -20 -57.3655 -113.063 -21.8555 -57.3655 -112.939 -21.9491 -31.7996 -117.676 -20 -31.7996 -117.809
4 1 -20 -43.5953 -115.601 -4 -43.5953 -115.601 -4 -45.5616 -115.235 -20 -45.5616 -115.235
3 1 -4 -45.5616 -115.235 -4 -43.5953 -115.601 -2 -31.7977 -117.801
3 1 -4 -45.5616 -115.235 -2 -31.7977 -117.801 -4 -55.393 -113.402
3 1 -4 -55.393 -113.402 -2 -31.7977 -117.801 -2 -57.3592 -113.035
4 1 -4 -55.393 -113.402 -2 -57.3592 -113.035 -20 -57.3592 -113.035 -20 -55.393 -113.402
4 1 -20 -33.7639 -117.434 -20 -31.7977 -117.801 -2 -31.7977 -117.801 -4 -33.7639 -117.434
3 1 -4 -33.7639 -117.434 -2 -31.7977 -117.801 -4 -43.5953 -115.601
4 16 -20 -31.7977 -117.801 -20 -29.8314 -118.167 0 -29.8314 -118.167 -2 -31.7977 -117.801
4 16 -2 -31.7977 -117.801 0 -29.8314 -118.167 0 -60.23 -112.5 -2 -57.3592 -113.035
4 16 -2 -57.3592 -113.035 0 -60.23 -112.5 -20 -60.23 -112.5 -20 -57.3592 -113.035
4 16 -4 -55.393 -113.402 -20 -55.393 -113.402 -18 -53.4267 -113.768 -6 -53.4267 -113.768
4 16 -18 -53.4267 -113.768 -20 -55.393 -113.402 -20 -45.5616 -115.235 -18 -47.5279 -114.868
4 16 -18 -47.5279 -114.868 -20 -45.5616 -115.235 -4 -45.5616 -115.235 -6 -47.5279 -114.868
4 16 -6 -47.5279 -114.868 -4 -45.5616 -115.235 -4 -55.393 -113.402 -6 -53.4267 -113.768
4 16 -4 -43.5953 -115.601 -20 -43.5953 -115.601 -18 -41.629 -115.968 -6 -41.629 -115.968
4 16 -18 -41.629 -115.968 -20 -43.5953 -115.601 -20 -33.7639 -117.434 -18 -35.7302 -117.067
4 16 -18 -35.7302 -117.067 -20 -33.7639 -117.434 -4 -33.7639 -117.434 -6 -35.7302 -117.067
4 16 -6 -35.7302 -117.067 -4 -33.7639 -117.434 -4 -43.5953 -115.601 -6 -41.629 -115.968
4 16 -20 -21.9663 -119.633 -20 -20 -120 0 -20 -120 0 -21.9663 -119.633
4 1 -20 -21.9663 -119.633 0 -21.9663 -119.633 0 -29.8314 -118.167 -20 -29.8314 -118.167
4 0 -18 -47.5279 -114.868 -6 -47.5279 -114.868 -6 -53.4267 -113.768 -18 -53.4267 -113.768
4 0 -18 -35.7302 -117.067 -6 -35.7302 -117.067 -6 -41.629 -115.968 -18 -41.629 -115.968
0
