0 Belville Crown Small (Needs work)
0 Name: x899.dat
0 Author: Tim Gould [timgould]
0 !LDRAW_ORG Unofficial_Part
0 !LICENSE Redistributable under CCAL version 2.0 : see CAreadme.txt

0 BFC CERTIFY CW

0 !KEYWORDS Accessory

0 !HISTORY 2013-03-10 [mikeheide] with WINDZ for BFC compliance

0 // Some edgelines are missing
0 // The applications are not plane on the cylinder surface

0 BFC INVERTNEXT
1 16 0 0 0 6 0 0 0 8 0 0 0 6 4-4cyli.dat
1 16 0 0 0 7 0 0 0 8 0 0 0 7 4-4cyli.dat
1 16 0 0 0 1 0 0 0 1 0 0 0 1 4-4ring6.dat
1 16 0 8 0 1 0 0 0 -1 0 0 0 1 4-4ring6.dat
1 16 0 8 0 6 0 0 0 8 0 0 0 6 4-4EDGE.DAT
1 16 0 8 0 7 0 0 0 8 0 0 0 7 4-4EDGE.DAT
1 16 0 4 0 6 0 0 0 8 0 0 0 6 4-4EDGE.DAT
0 BFC INVERTNEXT
1 16 0 4 0 6 0 0 0 -2 0 0 0 -6 4-8sphe.dat
1 16 0 3 0 6 0 0 0 8 0 0 0 6 4-4EDGE.DAT
1 16 0 3 0 6 0 0 0 -2 0 0 0 -6 4-8sphe.dat
1 47 0 4 0 1 0 0 0 10 0 0 0 1 4-4cyli.dat
1 47 0 14 0 1 0 0 0 -1 0 0 0 1 4-4disc.dat
1 0 0 14 0 1 0 0 0 1 0 0 0 1 4-4EDGE.DAT
0 // Thorn
0 // Surfaces
3 16 -3 -0.062 -5.196 -3.527 0 -4.854 -3 0 -5.196
3 16 -3.5 -0.062 -6.062 -3.5 0 -6.062 -4.115 0 -5.663
3 16 -2.658 -4.164 -6.416 -3 -0.062 -5.196 -2.296 0 -5.543
3 16 -2.296 0 -5.543 -3 -0.062 -5.196 -3 0 -5.196
5 24 -3 -0.062 -5.196 -2.296 0 -5.543 -2.658 -4.164 -6.416 -3 0 -5.196
3 16 -3.04 -4.164 -7.34 -2.679 0 -6.467 -3.5 -0.062 -6.062
3 16 -2.679 0 -6.467 -3.5 0 -6.062 -3.5 -0.062 -6.062
5 24 -3.5 -0.062 -6.062 -2.679 0 -6.467 -3.04 -4.164 -7.34 -3.5 0 -6.062
3 16 -2.285 -12.269 -8.529 -2.658 -4.164 -6.416 -1.553 0 -5.796
3 16 -1.553 0 -5.796 -2.658 -4.164 -6.416 -2.296 0 -5.543
5 24 -2.658 -4.164 -6.416 -1.553 0 -5.796 -2.285 -12.269 -8.529 -2.296 0 -5.543
3 16 -2.544 -12.269 -9.495 -1.812 0 -6.761 -3.04 -4.164 -7.34
3 16 -1.812 0 -6.761 -2.679 0 -6.467 -3.04 -4.164 -7.34
5 24 -3.04 -4.164 -7.34 -1.812 0 -6.761 -2.544 -12.269 -9.495 -2.679 0 -6.467
3 16 -1.257 -14.715 -9.546 -2.285 -12.269 -8.529 -0.783 0 -5.949
3 16 -0.783 0 -5.949 -2.285 -12.269 -8.529 -1.553 0 -5.796
5 24 -2.285 -12.269 -8.529 -0.783 0 -5.949 -1.257 -14.715 -9.546 -1.553 0 -5.796
3 16 -1.387 -14.715 -10.538 -0.914 0 -6.94 -2.544 -12.269 -9.495
3 16 -0.914 0 -6.94 -1.812 0 -6.761 -2.544 -12.269 -9.495
5 24 -2.544 -12.269 -9.495 -0.914 0 -6.94 -1.387 -14.715 -10.538 -1.812 0 -6.761
3 16 0 -15.2 -10 -1.257 -14.715 -9.546 0 0 -6
3 16 0 0 -6 -1.257 -14.715 -9.546 -0.783 0 -5.949
5 24 -1.257 -14.715 -9.546 0 0 -6 0 -15.2 -10 -0.783 0 -5.949
3 16 0 -15.2 -11 0 0 -7 -1.387 -14.715 -10.538
3 16 0 0 -7 -0.914 0 -6.94 -1.387 -14.715 -10.538
5 24 -1.387 -14.715 -10.538 0 0 -7 0 -15.2 -11 -0.914 0 -6.94
3 16 1.257 -14.715 -9.546 0 -15.2 -10 0 0 -6
3 16 0.783 0 -5.949 1.257 -14.715 -9.546 0 0 -6
5 24 1.257 -14.715 -9.546 0 0 -6 0 -15.2 -10 0.783 0 -5.949
3 16 1.387 -14.715 -10.538 0 0 -7 0 -15.2 -11
3 16 0.914 0 -6.94 0 0 -7 1.387 -14.715 -10.538
5 24 1.387 -14.715 -10.538 0 0 -7 0 -15.2 -11 0.914 0 -6.94
3 16 2.285 -12.269 -8.529 1.257 -14.715 -9.546 0.783 0 -5.949
3 16 1.553 0 -5.796 2.285 -12.269 -8.529 0.783 0 -5.949
5 24 2.285 -12.269 -8.529 0.783 0 -5.949 1.257 -14.715 -9.546 1.553 0 -5.796
3 16 2.544 -12.269 -9.495 0.914 0 -6.94 1.387 -14.715 -10.538
3 16 1.812 0 -6.761 0.914 0 -6.94 2.544 -12.269 -9.495
5 24 2.544 -12.269 -9.495 0.914 0 -6.94 1.387 -14.715 -10.538 1.812 0 -6.761
3 16 2.658 -4.164 -6.416 2.285 -12.269 -8.529 1.553 0 -5.796
3 16 2.296 0 -5.543 2.658 -4.164 -6.416 1.553 0 -5.796
5 24 2.658 -4.164 -6.416 1.553 0 -5.796 2.285 -12.269 -8.529 2.296 0 -5.543
3 16 3.04 -4.164 -7.34 1.812 0 -6.761 2.544 -12.269 -9.495
3 16 2.679 0 -6.467 1.812 0 -6.761 3.04 -4.164 -7.34
5 24 3.04 -4.164 -7.34 1.812 0 -6.761 2.544 -12.269 -9.495 2.679 0 -6.467
3 16 3 -0.062 -5.196 2.658 -4.164 -6.416 2.296 0 -5.543
3 16 3 0 -5.196 3 -0.062 -5.196 2.296 0 -5.543
5 24 3 -0.062 -5.196 2.296 0 -5.543 2.658 -4.164 -6.416 3 0 -5.196
3 16 3.5 -0.062 -6.062 2.679 0 -6.467 3.04 -4.164 -7.34
3 16 3.5 0 -6.062 2.679 0 -6.467 3.5 -0.062 -6.062
5 24 3.5 -0.062 -6.062 2.679 0 -6.467 3.04 -4.164 -7.34 3.5 0 -6.062
3 16 3 0 -5.196 3.527 0 -4.854 3 -0.062 -5.196
3 16 3.5 0 -6.062 3.5 -0.062 -6.062 4.115 0 -5.663
0 // Top to bottom
0 // Edge lines
4 16 -3.527 0 -4.854 -3 -0.062 -5.196 -3.5 -0.062 -6.062 -4.115 0 -5.663
2 0 -3.527 0 -4.854 -3 -0.062 -5.196
2 0 -3.5 -0.062 -6.062 -4.115 0 -5.663
3 16 -3.5 -0.062 -6.062 -3 -0.062 -5.196 -2.658 -4.164 -6.416
3 16 -3.5 -0.062 -6.062 -2.658 -4.164 -6.416 -3.04 -4.164 -7.34
5 24 -2.658 -4.164 -6.416 -3.5 -0.062 -6.062 -3 -0.062 -5.196 -3.04 -4.164 -7.34
2 0 -3 -0.062 -5.196 -2.658 -4.164 -6.416
2 0 -3.04 -4.164 -7.34 -3.5 -0.062 -6.062
3 16 -3.04 -4.164 -7.34 -2.658 -4.164 -6.416 -2.285 -12.269 -8.529
3 16 -3.04 -4.164 -7.34 -2.285 -12.269 -8.529 -2.544 -12.269 -9.495
5 24 -2.285 -12.269 -8.529 -3.04 -4.164 -7.34 -2.658 -4.164 -6.416 -2.544 -12.269 -9.495
2 0 -2.658 -4.164 -6.416 -2.285 -12.269 -8.529
2 0 -2.544 -12.269 -9.495 -3.04 -4.164 -7.34
3 16 -2.544 -12.269 -9.495 -2.285 -12.269 -8.529 -1.257 -14.715 -9.546
3 16 -2.544 -12.269 -9.495 -1.257 -14.715 -9.546 -1.387 -14.715 -10.538
5 24 -1.257 -14.715 -9.546 -2.544 -12.269 -9.495 -2.285 -12.269 -8.529 -1.387 -14.715 -10.538
2 0 -2.285 -12.269 -8.529 -1.257 -14.715 -9.546
2 0 -1.387 -14.715 -10.538 -2.544 -12.269 -9.495
3 16 -1.387 -14.715 -10.538 -1.257 -14.715 -9.546 0 -15.2 -10
3 16 -1.387 -14.715 -10.538 0 -15.2 -10 0 -15.2 -11
5 24 0 -15.2 -10 -1.387 -14.715 -10.538 -1.257 -14.715 -9.546 0 -15.2 -11
2 0 -1.257 -14.715 -9.546 0 -15.2 -10
2 0 0 -15.2 -11 -1.387 -14.715 -10.538
3 16 1.387 -14.715 -10.538 0 -15.2 -10 1.257 -14.715 -9.546
3 16 0 -15.2 -11 0 -15.2 -10 1.387 -14.715 -10.538
5 24 0 -15.2 -10 1.387 -14.715 -10.538 1.257 -14.715 -9.546 0 -15.2 -11
2 0 0 -15.2 -10 1.257 -14.715 -9.546
2 0 1.387 -14.715 -10.538 0 -15.2 -11
3 16 2.544 -12.269 -9.495 1.257 -14.715 -9.546 2.285 -12.269 -8.529
3 16 1.387 -14.715 -10.538 1.257 -14.715 -9.546 2.544 -12.269 -9.495
5 24 1.257 -14.715 -9.546 2.544 -12.269 -9.495 2.285 -12.269 -8.529 1.387 -14.715 -10.538
2 0 1.257 -14.715 -9.546 2.285 -12.269 -8.529
2 0 2.544 -12.269 -9.495 1.387 -14.715 -10.538
3 16 3.04 -4.164 -7.34 2.285 -12.269 -8.529 2.658 -4.164 -6.416
3 16 2.544 -12.269 -9.495 2.285 -12.269 -8.529 3.04 -4.164 -7.34
5 24 2.285 -12.269 -8.529 3.04 -4.164 -7.34 2.658 -4.164 -6.416 2.544 -12.269 -9.495
2 0 2.285 -12.269 -8.529 2.658 -4.164 -6.416
2 0 3.04 -4.164 -7.34 2.544 -12.269 -9.495
3 16 3.5 -0.062 -6.062 2.658 -4.164 -6.416 3 -0.062 -5.196
3 16 3.04 -4.164 -7.34 2.658 -4.164 -6.416 3.5 -0.062 -6.062
5 24 2.658 -4.164 -6.416 3.5 -0.062 -6.062 3 -0.062 -5.196 3.04 -4.164 -7.34
2 0 2.658 -4.164 -6.416 3 -0.062 -5.196
2 0 3.5 -0.062 -6.062 3.04 -4.164 -7.34
4 16 3.5 -0.062 -6.062 3 -0.062 -5.196 3.527 0 -4.854 4.115 0 -5.663
2 0 3 -0.062 -5.196 3.527 0 -4.854
2 0 4.115 0 -5.663 3.5 -0.062 -6.062
0 // Thorn
0 // Surfaces
3 16 -5.706 0 1.85429 -5.8684 0 1.24744 -5.8684 -0.062 1.24744
3 16 -6.65705 0 2.1635 -6.84646 -0.062 1.45534 -6.84646 0 1.45534
3 16 -5.8684 -0.062 1.24744 -5.98086 0 0.470709 -6.92294 -4.164 0.545214
3 16 -5.8684 -0.062 1.24744 -5.8684 0 1.24744 -5.98086 0 0.470709
5 24 -5.8684 -0.062 1.24744 -5.98086 0 0.470709 -6.92294 -4.164 0.545214 -5.8684 0 1.24744
3 16 -6.84646 -0.062 1.45534 -7.9197 -4.164 0.62298 -6.97793 0 0.549426
3 16 -6.84646 -0.062 1.45534 -6.97793 0 0.549426 -6.84646 0 1.45534
5 24 -6.84646 -0.062 1.45534 -6.97793 0 0.549426 -7.9197 -4.164 0.62298 -6.84646 0 1.45534
3 16 -6.92294 -4.164 0.545214 -5.99187 0 -0.314061 -8.81714 -12.269 -0.462426
3 16 -6.92294 -4.164 0.545214 -5.98086 0 0.470709 -5.99187 0 -0.314061
5 24 -6.92294 -4.164 0.545214 -5.99187 0 -0.314061 -8.81714 -12.269 -0.462426 -5.98086 0 0.470709
3 16 -7.9197 -4.164 0.62298 -9.81584 -12.269 -0.514611 -6.98962 0 -0.365937
3 16 -7.9197 -4.164 0.62298 -6.98962 0 -0.365937 -6.97793 0 0.549426
5 24 -7.9197 -4.164 0.62298 -6.98962 0 -0.365937 -9.81584 -12.269 -0.514611 -6.97793 0 0.549426
3 16 -8.81714 -12.269 -0.462426 -5.89945 0 -1.09361 -9.46666 -14.715 -1.75431
3 16 -8.81714 -12.269 -0.462426 -5.99187 0 -0.314061 -5.89945 0 -1.09361
5 24 -8.81714 -12.269 -0.462426 -5.89945 0 -1.09361 -9.46666 -14.715 -1.75431 -5.99187 0 -0.314061
3 16 -9.81584 -12.269 -0.514611 -10.4502 -14.715 -1.9372 -6.88237 0 -1.27525
3 16 -9.81584 -12.269 -0.514611 -6.88237 0 -1.27525 -6.98962 0 -0.365937
5 24 -9.81584 -12.269 -0.514611 -6.88237 0 -1.27525 -10.4502 -14.715 -1.9372 -6.98962 0 -0.365937
3 16 -9.46666 -14.715 -1.75431 -5.706 0 -1.854 -9.51 -15.2 -3.09
3 16 -9.46666 -14.715 -1.75431 -5.89945 0 -1.09361 -5.706 0 -1.854
5 24 -9.46666 -14.715 -1.75431 -5.706 0 -1.854 -9.51 -15.2 -3.09 -5.89945 0 -1.09361
3 16 -10.4502 -14.715 -1.9372 -10.461 -15.2 -3.399 -6.657 0 -2.163
3 16 -10.4502 -14.715 -1.9372 -6.657 0 -2.163 -6.88237 0 -1.27525
5 24 -10.4502 -14.715 -1.9372 -6.657 0 -2.163 -10.461 -15.2 -3.399 -6.88237 0 -1.27525
3 16 -9.51 -15.2 -3.09 -5.706 0 -1.854 -8.68983 -14.715 -4.14512
3 16 -8.68983 -14.715 -4.14512 -5.706 0 -1.854 -5.41555 0 -2.58287
5 24 -8.68983 -14.715 -4.14512 -5.706 0 -1.854 -9.51 -15.2 -3.09 -5.41555 0 -2.58287
3 16 -10.461 -15.2 -3.399 -9.59305 -14.715 -4.57528 -6.657 0 -2.163
3 16 -9.59305 -14.715 -4.57528 -6.31751 0 -3.01367 -6.657 0 -2.163
5 24 -9.59305 -14.715 -4.57528 -6.657 0 -2.163 -10.461 -15.2 -3.399 -6.31751 0 -3.01367
3 16 -8.68983 -14.715 -4.14512 -5.41555 0 -2.58287 -7.40501 -12.269 -4.8085
3 16 -7.40501 -12.269 -4.8085 -5.41555 0 -2.58287 -5.03212 0 -3.26787
5 24 -7.40501 -12.269 -4.8085 -5.41555 0 -2.58287 -8.68983 -14.715 -4.14512 -5.03212 0 -3.26787
3 16 -9.59305 -14.715 -4.57528 -8.24365 -12.269 -5.3533 -6.31751 0 -3.01367
3 16 -8.24365 -12.269 -5.3533 -5.8698 0 -3.81236 -6.31751 0 -3.01367
5 24 -8.24365 -12.269 -5.3533 -6.31751 0 -3.01367 -9.59305 -14.715 -4.57528 -5.8698 0 -3.81236
3 16 -7.40501 -12.269 -4.8085 -5.03212 0 -3.26787 -5.28029 -4.164 -4.5103
3 16 -5.28029 -4.164 -4.5103 -5.03212 0 -3.26787 -4.56193 0 -3.89628
5 24 -5.28029 -4.164 -4.5103 -5.03212 0 -3.26787 -7.40501 -12.269 -4.8085 -4.56193 0 -3.89628
3 16 -8.24365 -12.269 -5.3533 -6.04098 -4.164 -5.1591 -5.8698 0 -3.81236
3 16 -6.04098 -4.164 -5.1591 -5.32231 0 -4.54603 -5.8698 0 -3.81236
5 24 -6.04098 -4.164 -5.1591 -5.8698 0 -3.81236 -8.24365 -12.269 -5.3533 -5.32231 0 -4.54603
3 16 -5.28029 -4.164 -4.5103 -4.56193 0 -3.89628 -4.0144 -0.062 -4.45856
3 16 -4.0144 -0.062 -4.45856 -4.56193 0 -3.89628 -4.0144 0 -4.45856
5 24 -4.0144 -0.062 -4.45856 -4.56193 0 -3.89628 -5.28029 -4.164 -4.5103 -4.0144 0 -4.45856
3 16 -6.04098 -4.164 -5.1591 -4.68346 -0.062 -5.20166 -5.32231 0 -4.54603
3 16 -4.68346 -0.062 -5.20166 -4.68346 0 -5.20166 -5.32231 0 -4.54603
5 24 -4.68346 -0.062 -5.20166 -5.32231 0 -4.54603 -6.04098 -4.164 -5.1591 -4.68346 0 -5.20166
3 16 -3.52631 0 -4.85406 -4.0144 -0.062 -4.45856 -4.0144 0 -4.45856
3 16 -4.11398 0 -5.66323 -4.68346 0 -5.20166 -4.68346 -0.062 -5.20166
0 // Top to bottom
0 // Edge lines
4 16 -5.706 0 1.85429 -5.8684 -0.062 1.24744 -6.84646 -0.062 1.45534 -6.65705 0 2.1635
2 0 -5.706 0 1.85429 -5.8684 -0.062 1.24744
2 0 -6.84646 -0.062 1.45534 -6.65705 0 2.1635
3 16 -6.92294 -4.164 0.545214 -6.84646 -0.062 1.45534 -5.8684 -0.062 1.24744
3 16 -7.9197 -4.164 0.62298 -6.84646 -0.062 1.45534 -6.92294 -4.164 0.545214
5 24 -6.92294 -4.164 0.545214 -6.84646 -0.062 1.45534 -5.8684 -0.062 1.24744 -7.9197 -4.164 0.62298
2 0 -5.8684 -0.062 1.24744 -6.92294 -4.164 0.545214
2 0 -7.9197 -4.164 0.62298 -6.84646 -0.062 1.45534
3 16 -8.81714 -12.269 -0.462426 -7.9197 -4.164 0.62298 -6.92294 -4.164 0.545214
3 16 -9.81584 -12.269 -0.514611 -7.9197 -4.164 0.62298 -8.81714 -12.269 -0.462426
5 24 -8.81714 -12.269 -0.462426 -7.9197 -4.164 0.62298 -6.92294 -4.164 0.545214 -9.81584 -12.269 -0.514611
2 0 -6.92294 -4.164 0.545214 -8.81714 -12.269 -0.462426
2 0 -9.81584 -12.269 -0.514611 -7.9197 -4.164 0.62298
3 16 -9.46666 -14.715 -1.75431 -9.81584 -12.269 -0.514611 -8.81714 -12.269 -0.462426
3 16 -10.4502 -14.715 -1.9372 -9.81584 -12.269 -0.514611 -9.46666 -14.715 -1.75431
5 24 -9.46666 -14.715 -1.75431 -9.81584 -12.269 -0.514611 -8.81714 -12.269 -0.462426 -10.4502 -14.715 -1.9372
2 0 -8.81714 -12.269 -0.462426 -9.46666 -14.715 -1.75431
2 0 -10.4502 -14.715 -1.9372 -9.81584 -12.269 -0.514611
3 16 -9.51 -15.2 -3.09 -10.4502 -14.715 -1.9372 -9.46666 -14.715 -1.75431
3 16 -10.461 -15.2 -3.399 -10.4502 -14.715 -1.9372 -9.51 -15.2 -3.09
5 24 -9.51 -15.2 -3.09 -10.4502 -14.715 -1.9372 -9.46666 -14.715 -1.75431 -10.461 -15.2 -3.399
2 0 -9.46666 -14.715 -1.75431 -9.51 -15.2 -3.09
2 0 -10.461 -15.2 -3.399 -10.4502 -14.715 -1.9372
3 16 -8.68983 -14.715 -4.14512 -9.59305 -14.715 -4.57528 -9.51 -15.2 -3.09
3 16 -9.59305 -14.715 -4.57528 -10.461 -15.2 -3.399 -9.51 -15.2 -3.09
5 24 -9.51 -15.2 -3.09 -9.59305 -14.715 -4.57528 -8.68983 -14.715 -4.14512 -10.461 -15.2 -3.399
2 0 -9.51 -15.2 -3.09 -8.68983 -14.715 -4.14512
2 0 -9.59305 -14.715 -4.57528 -10.461 -15.2 -3.399
3 16 -7.40501 -12.269 -4.8085 -8.24365 -12.269 -5.3533 -8.68983 -14.715 -4.14512
3 16 -8.24365 -12.269 -5.3533 -9.59305 -14.715 -4.57528 -8.68983 -14.715 -4.14512
5 24 -8.68983 -14.715 -4.14512 -8.24365 -12.269 -5.3533 -7.40501 -12.269 -4.8085 -9.59305 -14.715 -4.57528
2 0 -8.68983 -14.715 -4.14512 -7.40501 -12.269 -4.8085
2 0 -8.24365 -12.269 -5.3533 -9.59305 -14.715 -4.57528
3 16 -5.28029 -4.164 -4.5103 -6.04098 -4.164 -5.1591 -7.40501 -12.269 -4.8085
3 16 -6.04098 -4.164 -5.1591 -8.24365 -12.269 -5.3533 -7.40501 -12.269 -4.8085
5 24 -7.40501 -12.269 -4.8085 -6.04098 -4.164 -5.1591 -5.28029 -4.164 -4.5103 -8.24365 -12.269 -5.3533
2 0 -7.40501 -12.269 -4.8085 -5.28029 -4.164 -4.5103
2 0 -6.04098 -4.164 -5.1591 -8.24365 -12.269 -5.3533
3 16 -4.0144 -0.062 -4.45856 -4.68346 -0.062 -5.20166 -5.28029 -4.164 -4.5103
3 16 -4.68346 -0.062 -5.20166 -6.04098 -4.164 -5.1591 -5.28029 -4.164 -4.5103
5 24 -5.28029 -4.164 -4.5103 -4.68346 -0.062 -5.20166 -4.0144 -0.062 -4.45856 -6.04098 -4.164 -5.1591
2 0 -5.28029 -4.164 -4.5103 -4.0144 -0.062 -4.45856
2 0 -4.68346 -0.062 -5.20166 -6.04098 -4.164 -5.1591
4 16 -4.68346 -0.062 -5.20166 -4.0144 -0.062 -4.45856 -3.52631 0 -4.85406 -4.11398 0 -5.66323
2 0 -4.0144 -0.062 -4.45856 -3.52631 0 -4.85406
2 0 -4.11398 0 -5.66323 -4.68346 -0.062 -5.20166
0 // Thorn
0 // Surfaces
3 16 -0.628248 0 5.96756 -0.628248 -0.062 5.96756 -0.000809 0 6.00076
3 16 -0.732956 0 6.96216 -0.000809 0 7.00099 -0.732956 -0.062 6.96216
3 16 -1.40182 0 5.83434 -1.62229 -4.164 6.75345 -0.628248 -0.062 5.96756
3 16 -0.628248 0 5.96756 -1.40182 0 5.83434 -0.628248 -0.062 5.96756
5 24 -0.628248 -0.062 5.96756 -1.40182 0 5.83434 -1.62229 -4.164 6.75345 -0.628248 0 5.96756
3 16 -1.63528 0 6.80706 -0.732956 -0.062 6.96216 -1.85656 -4.164 7.72558
3 16 -0.732956 0 6.96216 -0.732956 -0.062 6.96216 -1.63528 0 6.80706
5 24 -0.732956 -0.062 6.96216 -1.63528 0 6.80706 -1.85656 -4.164 7.72558 -0.732956 0 6.96216
3 16 -2.15167 0 5.60213 -3.16649 -12.269 8.24354 -1.62229 -4.164 6.75345
3 16 -1.40182 0 5.83434 -2.15167 0 5.60213 -1.62229 -4.164 6.75345
5 24 -1.62229 -4.164 6.75345 -2.15167 0 5.60213 -3.16649 -12.269 8.24354 -1.40182 0 5.83434
3 16 -2.50956 0 6.53511 -1.85656 -4.164 7.72558 -3.52496 -12.269 9.17733
3 16 -1.63528 0 6.80706 -1.85656 -4.164 7.72558 -2.50956 0 6.53511
5 24 -1.85656 -4.164 7.72558 -2.50956 0 6.53511 -3.52496 -12.269 9.17733 -1.63528 0 6.80706
3 16 -2.86456 0 5.27314 -4.59613 -14.715 8.46183 -3.16649 -12.269 8.24354
3 16 -2.15167 0 5.60213 -2.86456 0 5.27314 -3.16649 -12.269 8.24354
5 24 -3.16649 -12.269 8.24354 -2.86456 0 5.27314 -4.59613 -14.715 8.46183 -2.15167 0 5.60213
3 16 -3.34129 0 6.15189 -3.52496 -12.269 9.17733 -5.07426 -14.715 9.3408
3 16 -2.50956 0 6.53511 -3.52496 -12.269 9.17733 -3.34129 0 6.15189
5 24 -3.52496 -12.269 9.17733 -3.34129 0 6.15189 -5.07426 -14.715 9.3408 -2.50956 0 6.53511
3 16 -3.528 0 4.854 -5.88 -15.2 8.09 -4.59613 -14.715 8.46183
3 16 -2.86456 0 5.27314 -3.528 0 4.854 -4.59613 -14.715 8.46183
5 24 -4.59613 -14.715 8.46183 -3.528 0 4.854 -5.88 -15.2 8.09 -2.86456 0 5.27314
3 16 -4.116 0 5.663 -5.07426 -14.715 9.3408 -6.468 -15.2 8.899
3 16 -3.34129 0 6.15189 -5.07426 -14.715 9.3408 -4.116 0 5.663
5 24 -5.07426 -14.715 9.3408 -4.116 0 5.663 -6.468 -15.2 8.899 -3.34129 0 6.15189
3 16 -3.528 0 4.854 -6.62996 -14.715 6.9836 -5.88 -15.2 8.09
3 16 -3.528 0 4.854 -4.13146 0 4.35234 -6.62996 -14.715 6.9836
5 24 -6.62996 -14.715 6.9836 -3.528 0 4.854 -5.88 -15.2 8.09 -4.13146 0 4.35234
3 16 -4.116 0 5.663 -6.468 -15.2 8.899 -7.31843 -14.715 7.70969
3 16 -4.116 0 5.663 -7.31843 -14.715 7.70969 -4.82015 0 5.07703
5 24 -7.31843 -14.715 7.70969 -4.116 0 5.663 -6.468 -15.2 8.899 -4.82015 0 5.07703
3 16 -4.13146 0 4.35234 -6.86362 -12.269 5.55638 -6.62996 -14.715 6.9836
3 16 -4.13146 0 4.35234 -4.66442 0 3.7758 -6.86362 -12.269 5.55638
5 24 -6.86362 -12.269 5.55638 -4.13146 0 4.35234 -6.62996 -14.715 6.9836 -4.66442 0 3.7758
3 16 -4.82015 0 5.07703 -7.31843 -14.715 7.70969 -7.64116 -12.269 6.18558
3 16 -4.82015 0 5.07703 -7.64116 -12.269 6.18558 -5.44138 0 4.40419
5 24 -7.64116 -12.269 6.18558 -4.82015 0 5.07703 -7.31843 -14.715 7.70969 -5.44138 0 4.40419
3 16 -4.66442 0 3.7758 -5.92293 -4.164 3.62764 -6.86362 -12.269 5.55638
3 16 -4.66442 0 3.7758 -5.11675 0 3.13424 -5.92293 -4.164 3.62764
5 24 -5.92293 -4.164 3.62764 -4.66442 0 3.7758 -6.86362 -12.269 5.55638 -5.11675 0 3.13424
3 16 -5.44138 0 4.40419 -7.64116 -12.269 6.18558 -6.77528 -4.164 4.15054
3 16 -5.44138 0 4.40419 -6.77528 -4.164 4.15054 -5.96991 0 3.65655
5 24 -6.77528 -4.164 4.15054 -5.44138 0 4.40419 -7.64116 -12.269 6.18558 -5.96991 0 3.65655
3 16 -5.11675 0 3.13424 -5.48225 -0.062 2.43956 -5.92293 -4.164 3.62764
3 16 -5.11675 0 3.13424 -5.48225 0 2.43956 -5.48225 -0.062 2.43956
5 24 -5.48225 -0.062 2.43956 -5.11675 0 3.13424 -5.92293 -4.164 3.62764 -5.48225 0 2.43956
3 16 -5.96991 0 3.65655 -6.77528 -4.164 4.15054 -6.39596 -0.062 2.84616
3 16 -5.96991 0 3.65655 -6.39596 -0.062 2.84616 -6.39596 0 2.84616
5 24 -6.39596 -0.062 2.84616 -5.96991 0 3.65655 -6.77528 -4.164 4.15054 -6.39596 0 2.84616
3 16 -5.48225 -0.062 2.43956 -5.48225 0 2.43956 -5.70749 0 1.85301
3 16 -6.39596 -0.062 2.84616 -6.65888 0 2.16175 -6.39596 0 2.84616
0 // Top to bottom
0 // Edge lines
4 16 -0.000809 0 6.00076 -0.628248 -0.062 5.96756 -0.732956 -0.062 6.96216 -0.000809 0 7.00099
2 0 -0.000809 0 6.00076 -0.628248 -0.062 5.96756
2 0 -0.732956 -0.062 6.96216 -0.000809 0 7.00099
3 16 -0.628248 -0.062 5.96756 -1.62229 -4.164 6.75345 -0.732956 -0.062 6.96216
3 16 -1.62229 -4.164 6.75345 -1.85656 -4.164 7.72558 -0.732956 -0.062 6.96216
5 24 -1.62229 -4.164 6.75345 -0.732956 -0.062 6.96216 -0.628248 -0.062 5.96756 -1.85656 -4.164 7.72558
2 0 -0.628248 -0.062 5.96756 -1.62229 -4.164 6.75345
2 0 -1.85656 -4.164 7.72558 -0.732956 -0.062 6.96216
3 16 -1.62229 -4.164 6.75345 -3.16649 -12.269 8.24354 -1.85656 -4.164 7.72558
3 16 -3.16649 -12.269 8.24354 -3.52496 -12.269 9.17733 -1.85656 -4.164 7.72558
5 24 -3.16649 -12.269 8.24354 -1.85656 -4.164 7.72558 -1.62229 -4.164 6.75345 -3.52496 -12.269 9.17733
2 0 -1.62229 -4.164 6.75345 -3.16649 -12.269 8.24354
2 0 -3.52496 -12.269 9.17733 -1.85656 -4.164 7.72558
3 16 -3.16649 -12.269 8.24354 -4.59613 -14.715 8.46183 -3.52496 -12.269 9.17733
3 16 -4.59613 -14.715 8.46183 -5.07426 -14.715 9.3408 -3.52496 -12.269 9.17733
5 24 -4.59613 -14.715 8.46183 -3.52496 -12.269 9.17733 -3.16649 -12.269 8.24354 -5.07426 -14.715 9.3408
2 0 -3.16649 -12.269 8.24354 -4.59613 -14.715 8.46183
2 0 -5.07426 -14.715 9.3408 -3.52496 -12.269 9.17733
3 16 -4.59613 -14.715 8.46183 -5.88 -15.2 8.09 -5.07426 -14.715 9.3408
3 16 -5.88 -15.2 8.09 -6.468 -15.2 8.899 -5.07426 -14.715 9.3408
5 24 -5.88 -15.2 8.09 -5.07426 -14.715 9.3408 -4.59613 -14.715 8.46183 -6.468 -15.2 8.899
2 0 -4.59613 -14.715 8.46183 -5.88 -15.2 8.09
2 0 -6.468 -15.2 8.899 -5.07426 -14.715 9.3408
3 16 -5.88 -15.2 8.09 -6.62996 -14.715 6.9836 -7.31843 -14.715 7.70969
3 16 -5.88 -15.2 8.09 -7.31843 -14.715 7.70969 -6.468 -15.2 8.899
5 24 -5.88 -15.2 8.09 -7.31843 -14.715 7.70969 -6.62996 -14.715 6.9836 -6.468 -15.2 8.899
2 0 -5.88 -15.2 8.09 -6.62996 -14.715 6.9836
2 0 -7.31843 -14.715 7.70969 -6.468 -15.2 8.899
3 16 -6.62996 -14.715 6.9836 -6.86362 -12.269 5.55638 -7.64116 -12.269 6.18558
3 16 -6.62996 -14.715 6.9836 -7.64116 -12.269 6.18558 -7.31843 -14.715 7.70969
5 24 -6.62996 -14.715 6.9836 -7.64116 -12.269 6.18558 -6.86362 -12.269 5.55638 -7.31843 -14.715 7.70969
2 0 -6.62996 -14.715 6.9836 -6.86362 -12.269 5.55638
2 0 -7.64116 -12.269 6.18558 -7.31843 -14.715 7.70969
3 16 -6.86362 -12.269 5.55638 -5.92293 -4.164 3.62764 -6.77528 -4.164 4.15054
3 16 -6.86362 -12.269 5.55638 -6.77528 -4.164 4.15054 -7.64116 -12.269 6.18558
5 24 -6.86362 -12.269 5.55638 -6.77528 -4.164 4.15054 -5.92293 -4.164 3.62764 -7.64116 -12.269 6.18558
2 0 -6.86362 -12.269 5.55638 -5.92293 -4.164 3.62764
2 0 -6.77528 -4.164 4.15054 -7.64116 -12.269 6.18558
3 16 -5.92293 -4.164 3.62764 -5.48225 -0.062 2.43956 -6.39596 -0.062 2.84616
3 16 -5.92293 -4.164 3.62764 -6.39596 -0.062 2.84616 -6.77528 -4.164 4.15054
5 24 -5.92293 -4.164 3.62764 -6.39596 -0.062 2.84616 -5.48225 -0.062 2.43956 -6.77528 -4.164 4.15054
2 0 -5.92293 -4.164 3.62764 -5.48225 -0.062 2.43956
2 0 -6.39596 -0.062 2.84616 -6.77528 -4.164 4.15054
4 16 -6.39596 -0.062 2.84616 -5.48225 -0.062 2.43956 -5.70749 0 1.85301 -6.65888 0 2.16175
2 0 -5.48225 -0.062 2.43956 -5.70749 0 1.85301
2 0 -6.65888 0 2.16175 -6.39596 -0.062 2.84616
0 // Thorn
0 // Surfaces
3 16 5.48225 -0.062 2.43956 5.70749 0 1.85301 5.48225 0 2.43956
3 16 6.39596 -0.062 2.84616 6.39596 0 2.84616 6.65888 0 2.16175
3 16 5.92293 -4.164 3.62764 5.48225 -0.062 2.43956 5.11675 0 3.13424
3 16 5.11675 0 3.13424 5.48225 -0.062 2.43956 5.48225 0 2.43956
5 24 5.48225 -0.062 2.43956 5.11675 0 3.13424 5.92293 -4.164 3.62764 5.48225 0 2.43956
3 16 6.77528 -4.164 4.15054 5.96991 0 3.65655 6.39596 -0.062 2.84616
3 16 5.96991 0 3.65655 6.39596 0 2.84616 6.39596 -0.062 2.84616
5 24 6.39596 -0.062 2.84616 5.96991 0 3.65655 6.77528 -4.164 4.15054 6.39596 0 2.84616
3 16 6.86362 -12.269 5.55638 5.92293 -4.164 3.62764 4.66442 0 3.7758
3 16 4.66442 0 3.7758 5.92293 -4.164 3.62764 5.11675 0 3.13424
5 24 5.92293 -4.164 3.62764 4.66442 0 3.7758 6.86362 -12.269 5.55638 5.11675 0 3.13424
3 16 7.64116 -12.269 6.18558 5.44138 0 4.40419 6.77528 -4.164 4.15054
3 16 5.44138 0 4.40419 5.96991 0 3.65655 6.77528 -4.164 4.15054
5 24 6.77528 -4.164 4.15054 5.44138 0 4.40419 7.64116 -12.269 6.18558 5.96991 0 3.65655
3 16 6.62996 -14.715 6.9836 6.86362 -12.269 5.55638 4.13146 0 4.35234
3 16 4.13146 0 4.35234 6.86362 -12.269 5.55638 4.66442 0 3.7758
5 24 6.86362 -12.269 5.55638 4.13146 0 4.35234 6.62996 -14.715 6.9836 4.66442 0 3.7758
3 16 7.31843 -14.715 7.70969 4.82015 0 5.07703 7.64116 -12.269 6.18558
3 16 4.82015 0 5.07703 5.44138 0 4.40419 7.64116 -12.269 6.18558
5 24 7.64116 -12.269 6.18558 4.82015 0 5.07703 7.31843 -14.715 7.70969 5.44138 0 4.40419
3 16 5.88 -15.2 8.09 6.62996 -14.715 6.9836 3.528 0 4.854
3 16 3.528 0 4.854 6.62996 -14.715 6.9836 4.13146 0 4.35234
5 24 6.62996 -14.715 6.9836 3.528 0 4.854 5.88 -15.2 8.09 4.13146 0 4.35234
3 16 6.468 -15.2 8.899 4.116 0 5.663 7.31843 -14.715 7.70969
3 16 4.116 0 5.663 4.82015 0 5.07703 7.31843 -14.715 7.70969
5 24 7.31843 -14.715 7.70969 4.116 0 5.663 6.468 -15.2 8.899 4.82015 0 5.07703
3 16 4.59613 -14.715 8.46183 5.88 -15.2 8.09 3.528 0 4.854
3 16 2.86456 0 5.27314 4.59613 -14.715 8.46183 3.528 0 4.854
5 24 4.59613 -14.715 8.46183 3.528 0 4.854 5.88 -15.2 8.09 2.86456 0 5.27314
3 16 5.07426 -14.715 9.3408 4.116 0 5.663 6.468 -15.2 8.899
3 16 3.34129 0 6.15189 4.116 0 5.663 5.07426 -14.715 9.3408
5 24 5.07426 -14.715 9.3408 4.116 0 5.663 6.468 -15.2 8.899 3.34129 0 6.15189
3 16 3.16649 -12.269 8.24354 4.59613 -14.715 8.46183 2.86456 0 5.27314
3 16 2.15167 0 5.60213 3.16649 -12.269 8.24354 2.86456 0 5.27314
5 24 3.16649 -12.269 8.24354 2.86456 0 5.27314 4.59613 -14.715 8.46183 2.15167 0 5.60213
3 16 3.52496 -12.269 9.17733 3.34129 0 6.15189 5.07426 -14.715 9.3408
3 16 2.50956 0 6.53511 3.34129 0 6.15189 3.52496 -12.269 9.17733
5 24 3.52496 -12.269 9.17733 3.34129 0 6.15189 5.07426 -14.715 9.3408 2.50956 0 6.53511
3 16 1.62229 -4.164 6.75345 3.16649 -12.269 8.24354 2.15167 0 5.60213
3 16 1.40182 0 5.83434 1.62229 -4.164 6.75345 2.15167 0 5.60213
5 24 1.62229 -4.164 6.75345 2.15167 0 5.60213 3.16649 -12.269 8.24354 1.40182 0 5.83434
3 16 1.85656 -4.164 7.72558 2.50956 0 6.53511 3.52496 -12.269 9.17733
3 16 1.63528 0 6.80706 2.50956 0 6.53511 1.85656 -4.164 7.72558
5 24 1.85656 -4.164 7.72558 2.50956 0 6.53511 3.52496 -12.269 9.17733 1.63528 0 6.80706
3 16 0.628248 -0.062 5.96756 1.62229 -4.164 6.75345 1.40182 0 5.83434
3 16 0.628248 0 5.96756 0.628248 -0.062 5.96756 1.40182 0 5.83434
5 24 0.628248 -0.062 5.96756 1.40182 0 5.83434 1.62229 -4.164 6.75345 0.628248 0 5.96756
3 16 0.732956 -0.062 6.96216 1.63528 0 6.80706 1.85656 -4.164 7.72558
3 16 0.732956 0 6.96216 1.63528 0 6.80706 0.732956 -0.062 6.96216
5 24 0.732956 -0.062 6.96216 1.63528 0 6.80706 1.85656 -4.164 7.72558 0.732956 0 6.96216
3 16 0.628248 0 5.96756 0.000809 0 6.00076 0.628248 -0.062 5.96756
3 16 0.732956 0 6.96216 0.732956 -0.062 6.96216 0.000809 0 7.00099
0 // Top to bottom
0 // Edge lines
4 16 5.70749 0 1.85301 5.48225 -0.062 2.43956 6.39596 -0.062 2.84616 6.65888 0 2.16175
2 0 5.70749 0 1.85301 5.48225 -0.062 2.43956
2 0 6.39596 -0.062 2.84616 6.65888 0 2.16175
3 16 6.39596 -0.062 2.84616 5.48225 -0.062 2.43956 5.92293 -4.164 3.62764
3 16 6.39596 -0.062 2.84616 5.92293 -4.164 3.62764 6.77528 -4.164 4.15054
5 24 5.92293 -4.164 3.62764 6.39596 -0.062 2.84616 5.48225 -0.062 2.43956 6.77528 -4.164 4.15054
2 0 5.48225 -0.062 2.43956 5.92293 -4.164 3.62764
2 0 6.77528 -4.164 4.15054 6.39596 -0.062 2.84616
3 16 6.77528 -4.164 4.15054 5.92293 -4.164 3.62764 6.86362 -12.269 5.55638
3 16 6.77528 -4.164 4.15054 6.86362 -12.269 5.55638 7.64116 -12.269 6.18558
5 24 6.86362 -12.269 5.55638 6.77528 -4.164 4.15054 5.92293 -4.164 3.62764 7.64116 -12.269 6.18558
2 0 5.92293 -4.164 3.62764 6.86362 -12.269 5.55638
2 0 7.64116 -12.269 6.18558 6.77528 -4.164 4.15054
3 16 7.64116 -12.269 6.18558 6.86362 -12.269 5.55638 6.62996 -14.715 6.9836
3 16 7.64116 -12.269 6.18558 6.62996 -14.715 6.9836 7.31843 -14.715 7.70969
5 24 6.62996 -14.715 6.9836 7.64116 -12.269 6.18558 6.86362 -12.269 5.55638 7.31843 -14.715 7.70969
2 0 6.86362 -12.269 5.55638 6.62996 -14.715 6.9836
2 0 7.31843 -14.715 7.70969 7.64116 -12.269 6.18558
3 16 7.31843 -14.715 7.70969 6.62996 -14.715 6.9836 5.88 -15.2 8.09
3 16 7.31843 -14.715 7.70969 5.88 -15.2 8.09 6.468 -15.2 8.899
5 24 5.88 -15.2 8.09 7.31843 -14.715 7.70969 6.62996 -14.715 6.9836 6.468 -15.2 8.899
2 0 6.62996 -14.715 6.9836 5.88 -15.2 8.09
2 0 6.468 -15.2 8.899 7.31843 -14.715 7.70969
3 16 5.07426 -14.715 9.3408 5.88 -15.2 8.09 4.59613 -14.715 8.46183
3 16 6.468 -15.2 8.899 5.88 -15.2 8.09 5.07426 -14.715 9.3408
5 24 5.88 -15.2 8.09 5.07426 -14.715 9.3408 4.59613 -14.715 8.46183 6.468 -15.2 8.899
2 0 5.88 -15.2 8.09 4.59613 -14.715 8.46183
2 0 5.07426 -14.715 9.3408 6.468 -15.2 8.899
3 16 3.52496 -12.269 9.17733 4.59613 -14.715 8.46183 3.16649 -12.269 8.24354
3 16 5.07426 -14.715 9.3408 4.59613 -14.715 8.46183 3.52496 -12.269 9.17733
5 24 4.59613 -14.715 8.46183 3.52496 -12.269 9.17733 3.16649 -12.269 8.24354 5.07426 -14.715 9.3408
2 0 4.59613 -14.715 8.46183 3.16649 -12.269 8.24354
2 0 3.52496 -12.269 9.17733 5.07426 -14.715 9.3408
3 16 1.85656 -4.164 7.72558 3.16649 -12.269 8.24354 1.62229 -4.164 6.75345
3 16 3.52496 -12.269 9.17733 3.16649 -12.269 8.24354 1.85656 -4.164 7.72558
5 24 3.16649 -12.269 8.24354 1.85656 -4.164 7.72558 1.62229 -4.164 6.75345 3.52496 -12.269 9.17733
2 0 3.16649 -12.269 8.24354 1.62229 -4.164 6.75345
2 0 1.85656 -4.164 7.72558 3.52496 -12.269 9.17733
3 16 0.732956 -0.062 6.96216 1.62229 -4.164 6.75345 0.628248 -0.062 5.96756
3 16 1.85656 -4.164 7.72558 1.62229 -4.164 6.75345 0.732956 -0.062 6.96216
5 24 1.62229 -4.164 6.75345 0.732956 -0.062 6.96216 0.628248 -0.062 5.96756 1.85656 -4.164 7.72558
2 0 1.62229 -4.164 6.75345 0.628248 -0.062 5.96756
2 0 0.732956 -0.062 6.96216 1.85656 -4.164 7.72558
4 16 0.732956 -0.062 6.96216 0.628248 -0.062 5.96756 0.000809 0 6.00076 0.000809 0 7.00099
2 0 0.628248 -0.062 5.96756 0.000809 0 6.00076
2 0 0.000809 0 7.00099 0.732956 -0.062 6.96216
0 // Thorn
0 // Surfaces
3 16 3.52631 0 -4.85406 4.0144 0 -4.45856 4.0144 -0.062 -4.45856
3 16 4.11398 0 -5.66323 4.68346 -0.062 -5.20166 4.68346 0 -5.20166
3 16 4.0144 -0.062 -4.45856 4.56193 0 -3.89628 5.28029 -4.164 -4.5103
3 16 4.0144 -0.062 -4.45856 4.0144 0 -4.45856 4.56193 0 -3.89628
5 24 4.0144 -0.062 -4.45856 4.56193 0 -3.89628 5.28029 -4.164 -4.5103 4.0144 0 -4.45856
3 16 4.68346 -0.062 -5.20166 6.04098 -4.164 -5.1591 5.32231 0 -4.54603
3 16 4.68346 -0.062 -5.20166 5.32231 0 -4.54603 4.68346 0 -5.20166
5 24 4.68346 -0.062 -5.20166 5.32231 0 -4.54603 6.04098 -4.164 -5.1591 4.68346 0 -5.20166
3 16 5.28029 -4.164 -4.5103 5.03212 0 -3.26787 7.40501 -12.269 -4.8085
3 16 5.28029 -4.164 -4.5103 4.56193 0 -3.89628 5.03212 0 -3.26787
5 24 5.28029 -4.164 -4.5103 5.03212 0 -3.26787 7.40501 -12.269 -4.8085 4.56193 0 -3.89628
3 16 6.04098 -4.164 -5.1591 8.24365 -12.269 -5.3533 5.8698 0 -3.81236
3 16 6.04098 -4.164 -5.1591 5.8698 0 -3.81236 5.32231 0 -4.54603
5 24 6.04098 -4.164 -5.1591 5.8698 0 -3.81236 8.24365 -12.269 -5.3533 5.32231 0 -4.54603
3 16 7.40501 -12.269 -4.8085 5.41555 0 -2.58287 8.68983 -14.715 -4.14512
3 16 7.40501 -12.269 -4.8085 5.03212 0 -3.26787 5.41555 0 -2.58287
5 24 7.40501 -12.269 -4.8085 5.41555 0 -2.58287 8.68983 -14.715 -4.14512 5.03212 0 -3.26787
3 16 8.24365 -12.269 -5.3533 9.59305 -14.715 -4.57528 6.31751 0 -3.01367
3 16 8.24365 -12.269 -5.3533 6.31751 0 -3.01367 5.8698 0 -3.81236
5 24 8.24365 -12.269 -5.3533 6.31751 0 -3.01367 9.59305 -14.715 -4.57528 5.8698 0 -3.81236
3 16 8.68983 -14.715 -4.14512 5.706 0 -1.854 9.51 -15.2 -3.09
3 16 8.68983 -14.715 -4.14512 5.41555 0 -2.58287 5.706 0 -1.854
5 24 8.68983 -14.715 -4.14512 5.706 0 -1.854 9.51 -15.2 -3.09 5.41555 0 -2.58287
3 16 9.59305 -14.715 -4.57528 10.461 -15.2 -3.399 6.657 0 -2.163
3 16 9.59305 -14.715 -4.57528 6.657 0 -2.163 6.31751 0 -3.01367
5 24 9.59305 -14.715 -4.57528 6.657 0 -2.163 10.461 -15.2 -3.399 6.31751 0 -3.01367
3 16 9.51 -15.2 -3.09 5.706 0 -1.854 9.46666 -14.715 -1.75431
3 16 9.46666 -14.715 -1.75431 5.706 0 -1.854 5.89945 0 -1.09361
5 24 9.46666 -14.715 -1.75431 5.706 0 -1.854 9.51 -15.2 -3.09 5.89945 0 -1.09361
3 16 10.461 -15.2 -3.399 10.4502 -14.715 -1.9372 6.657 0 -2.163
3 16 10.4502 -14.715 -1.9372 6.88237 0 -1.27525 6.657 0 -2.163
5 24 10.4502 -14.715 -1.9372 6.657 0 -2.163 10.461 -15.2 -3.399 6.88237 0 -1.27525
3 16 9.46666 -14.715 -1.75431 5.89945 0 -1.09361 8.81714 -12.269 -0.462426
3 16 8.81714 -12.269 -0.462426 5.89945 0 -1.09361 5.99187 0 -0.314061
5 24 8.81714 -12.269 -0.462426 5.89945 0 -1.09361 9.46666 -14.715 -1.75431 5.99187 0 -0.314061
3 16 10.4502 -14.715 -1.9372 9.81584 -12.269 -0.514611 6.88237 0 -1.27525
3 16 9.81584 -12.269 -0.514611 6.98962 0 -0.365937 6.88237 0 -1.27525
5 24 9.81584 -12.269 -0.514611 6.88237 0 -1.27525 10.4502 -14.715 -1.9372 6.98962 0 -0.365937
3 16 8.81714 -12.269 -0.462426 5.99187 0 -0.314061 6.92294 -4.164 0.545214
3 16 6.92294 -4.164 0.545214 5.99187 0 -0.314061 5.98086 0 0.470709
5 24 6.92294 -4.164 0.545214 5.99187 0 -0.314061 8.81714 -12.269 -0.462426 5.98086 0 0.470709
3 16 9.81584 -12.269 -0.514611 7.9197 -4.164 0.62298 6.98962 0 -0.365937
3 16 7.9197 -4.164 0.62298 6.97793 0 0.549426 6.98962 0 -0.365937
5 24 7.9197 -4.164 0.62298 6.98962 0 -0.365937 9.81584 -12.269 -0.514611 6.97793 0 0.549426
3 16 6.92294 -4.164 0.545214 5.98086 0 0.470709 5.8684 -0.062 1.24744
3 16 5.8684 -0.062 1.24744 5.98086 0 0.470709 5.8684 0 1.24744
5 24 5.8684 -0.062 1.24744 5.98086 0 0.470709 6.92294 -4.164 0.545214 5.8684 0 1.24744
3 16 7.9197 -4.164 0.62298 6.84646 -0.062 1.45534 6.97793 0 0.549426
3 16 6.84646 -0.062 1.45534 6.84646 0 1.45534 6.97793 0 0.549426
5 24 6.84646 -0.062 1.45534 6.97793 0 0.549426 7.9197 -4.164 0.62298 6.84646 0 1.45534
3 16 5.706 0 1.85429 5.8684 -0.062 1.24744 5.8684 0 1.24744
3 16 6.65705 0 2.1635 6.84646 0 1.45534 6.84646 -0.062 1.45534
0 // Top to bottom
0 // Edge lines
4 16 3.52631 0 -4.85406 4.0144 -0.062 -4.45856 4.68346 -0.062 -5.20166 4.11398 0 -5.66323
2 0 3.52631 0 -4.85406 4.0144 -0.062 -4.45856
2 0 4.68346 -0.062 -5.20166 4.11398 0 -5.66323
3 16 5.28029 -4.164 -4.5103 4.68346 -0.062 -5.20166 4.0144 -0.062 -4.45856
3 16 6.04098 -4.164 -5.1591 4.68346 -0.062 -5.20166 5.28029 -4.164 -4.5103
5 24 5.28029 -4.164 -4.5103 4.68346 -0.062 -5.20166 4.0144 -0.062 -4.45856 6.04098 -4.164 -5.1591
2 0 4.0144 -0.062 -4.45856 5.28029 -4.164 -4.5103
2 0 6.04098 -4.164 -5.1591 4.68346 -0.062 -5.20166
3 16 7.40501 -12.269 -4.8085 6.04098 -4.164 -5.1591 5.28029 -4.164 -4.5103
3 16 8.24365 -12.269 -5.3533 6.04098 -4.164 -5.1591 7.40501 -12.269 -4.8085
5 24 7.40501 -12.269 -4.8085 6.04098 -4.164 -5.1591 5.28029 -4.164 -4.5103 8.24365 -12.269 -5.3533
2 0 5.28029 -4.164 -4.5103 7.40501 -12.269 -4.8085
2 0 8.24365 -12.269 -5.3533 6.04098 -4.164 -5.1591
3 16 8.68983 -14.715 -4.14512 8.24365 -12.269 -5.3533 7.40501 -12.269 -4.8085
3 16 9.59305 -14.715 -4.57528 8.24365 -12.269 -5.3533 8.68983 -14.715 -4.14512
5 24 8.68983 -14.715 -4.14512 8.24365 -12.269 -5.3533 7.40501 -12.269 -4.8085 9.59305 -14.715 -4.57528
2 0 7.40501 -12.269 -4.8085 8.68983 -14.715 -4.14512
2 0 9.59305 -14.715 -4.57528 8.24365 -12.269 -5.3533
3 16 9.51 -15.2 -3.09 9.59305 -14.715 -4.57528 8.68983 -14.715 -4.14512
3 16 10.461 -15.2 -3.399 9.59305 -14.715 -4.57528 9.51 -15.2 -3.09
5 24 9.51 -15.2 -3.09 9.59305 -14.715 -4.57528 8.68983 -14.715 -4.14512 10.461 -15.2 -3.399
2 0 8.68983 -14.715 -4.14512 9.51 -15.2 -3.09
2 0 10.461 -15.2 -3.399 9.59305 -14.715 -4.57528
3 16 9.46666 -14.715 -1.75431 10.4502 -14.715 -1.9372 9.51 -15.2 -3.09
3 16 10.4502 -14.715 -1.9372 10.461 -15.2 -3.399 9.51 -15.2 -3.09
5 24 9.51 -15.2 -3.09 10.4502 -14.715 -1.9372 9.46666 -14.715 -1.75431 10.461 -15.2 -3.399
2 0 9.51 -15.2 -3.09 9.46666 -14.715 -1.75431
2 0 10.4502 -14.715 -1.9372 10.461 -15.2 -3.399
3 16 8.81714 -12.269 -0.462426 9.81584 -12.269 -0.514611 9.46666 -14.715 -1.75431
3 16 9.81584 -12.269 -0.514611 10.4502 -14.715 -1.9372 9.46666 -14.715 -1.75431
5 24 9.46666 -14.715 -1.75431 9.81584 -12.269 -0.514611 8.81714 -12.269 -0.462426 10.4502 -14.715 -1.9372
2 0 9.46666 -14.715 -1.75431 8.81714 -12.269 -0.462426
2 0 9.81584 -12.269 -0.514611 10.4502 -14.715 -1.9372
3 16 6.92294 -4.164 0.545214 7.9197 -4.164 0.62298 8.81714 -12.269 -0.462426
3 16 7.9197 -4.164 0.62298 9.81584 -12.269 -0.514611 8.81714 -12.269 -0.462426
5 24 8.81714 -12.269 -0.462426 7.9197 -4.164 0.62298 6.92294 -4.164 0.545214 9.81584 -12.269 -0.514611
2 0 8.81714 -12.269 -0.462426 6.92294 -4.164 0.545214
2 0 7.9197 -4.164 0.62298 9.81584 -12.269 -0.514611
3 16 5.8684 -0.062 1.24744 6.84646 -0.062 1.45534 6.92294 -4.164 0.545214
3 16 6.84646 -0.062 1.45534 7.9197 -4.164 0.62298 6.92294 -4.164 0.545214
5 24 6.92294 -4.164 0.545214 6.84646 -0.062 1.45534 5.8684 -0.062 1.24744 7.9197 -4.164 0.62298
2 0 6.92294 -4.164 0.545214 5.8684 -0.062 1.24744
2 0 6.84646 -0.062 1.45534 7.9197 -4.164 0.62298
4 16 6.84646 -0.062 1.45534 5.8684 -0.062 1.24744 5.706 0 1.85429 6.65705 0 2.1635
2 0 5.8684 -0.062 1.24744 5.706 0 1.85429
2 0 6.65705 0 2.1635 6.84646 -0.062 1.45534
0 // Heart
0 // Surfaces
4 16 -2.679 1.399 -6.467 -1.907 -1.667 -7.116 -2.762 -0.17 -6.668 -2.804 0 -6.632
3 16 -2.679 1.399 -6.467 -2.804 0 -6.632 -2.726 1.3 -6.447
5 24 -2.804 0 -6.632 -2.679 1.399 -6.467 -2.762 -0.17 -6.668 -2.726 1.3 -6.447
3 16 -3.145 -0.17 -7.592 -3.061 1.399 -7.391 -3.193 0 -7.553
3 16 -3.061 1.399 -7.391 -3.115 1.3 -7.368 -3.193 0 -7.553
5 24 -3.193 0 -7.553 -3.061 1.399 -7.391 -3.145 -0.17 -7.592 -3.115 1.3 -7.368
3 16 -1.907 -1.667 -7.116 -2.679 1.399 -6.467 -1.812 3.181 -6.761
5 24 -1.907 -1.667 -7.116 -2.679 1.399 -6.467 -2.762 -0.17 -6.668 -1.812 3.181 -6.761
3 16 -3.145 -0.17 -7.592 -2.165 -1.667 -8.082 -3.061 1.399 -7.391
3 16 -2.165 -1.667 -8.082 -2.071 3.181 -7.727 -3.061 1.399 -7.391
5 24 -2.165 -1.667 -8.082 -3.061 1.399 -7.391 -3.145 -0.17 -7.592 -2.071 3.181 -7.727
3 16 -1.907 -1.667 -7.116 -1.812 3.181 -6.761 -0.958 -1.416 -7.279
3 16 -0.958 -1.416 -7.279 -1.812 3.181 -6.761 -0.914 4.817 -6.94
5 24 -0.958 -1.416 -7.279 -1.812 3.181 -6.761 -1.907 -1.667 -7.116 -0.914 4.817 -6.94
3 16 -2.165 -1.667 -8.082 -1.089 -1.416 -8.27 -2.071 3.181 -7.727
3 16 -1.089 -1.416 -8.27 -1.044 4.817 -7.932 -2.071 3.181 -7.727
5 24 -1.089 -1.416 -8.27 -2.071 3.181 -7.727 -2.165 -1.667 -8.082 -1.044 4.817 -7.932
3 16 -0.958 -1.416 -7.279 -0.914 4.817 -6.94 0 0 -7.2
3 16 0 0 -7.2 -0.914 4.817 -6.94 0 5 -7
5 24 0 0 -7.2 -0.914 4.817 -6.94 -0.958 -1.416 -7.279 0 5 -7
3 16 -1.089 -1.416 -8.27 0 0 -8.2 -1.044 4.817 -7.932
3 16 0 0 -8.2 0 5 -8 -1.044 4.817 -7.932
5 24 0 0 -8.2 -1.044 4.817 -7.932 -1.089 -1.416 -8.27 0 5 -8
3 16 0 0 -7.2 0.914 4.817 -6.94 0.958 -1.416 -7.279
3 16 0 0 -7.2 0 5 -7 0.914 4.817 -6.94
5 24 0 0 -7.2 0.914 4.817 -6.94 0.958 -1.416 -7.279 0 5 -7
3 16 0 0 -8.2 1.089 -1.416 -8.27 1.044 4.817 -7.932
3 16 0 0 -8.2 1.044 4.817 -7.932 0 5 -8
5 24 0 0 -8.2 1.044 4.817 -7.932 1.089 -1.416 -8.27 0 5 -8
3 16 0.958 -1.416 -7.279 1.812 3.181 -6.761 1.907 -1.667 -7.116
3 16 0.958 -1.416 -7.279 0.914 4.817 -6.94 1.812 3.181 -6.761
5 24 0.958 -1.416 -7.279 1.812 3.181 -6.761 1.907 -1.667 -7.116 0.914 4.817 -6.94
3 16 1.089 -1.416 -8.27 2.165 -1.667 -8.082 2.071 3.181 -7.727
3 16 1.089 -1.416 -8.27 2.071 3.181 -7.727 1.044 4.817 -7.932
5 24 1.089 -1.416 -8.27 2.071 3.181 -7.727 2.165 -1.667 -8.082 1.044 4.817 -7.932
4 16 2.679 1.399 -6.467 2.804 0 -6.632 2.762 -0.17 -6.668 1.907 -1.667 -7.116
3 16 1.812 3.181 -6.761 2.679 1.399 -6.467 1.907 -1.667 -7.116
5 24 1.907 -1.667 -7.116 2.679 1.399 -6.467 2.762 -0.17 -6.668 1.812 3.181 -6.761
3 16 3.061 1.399 -7.391 2.165 -1.667 -8.082 3.145 -0.17 -7.592
3 16 2.071 3.181 -7.727 2.165 -1.667 -8.082 3.061 1.399 -7.391
5 24 2.165 -1.667 -8.082 3.061 1.399 -7.391 3.145 -0.17 -7.592 2.071 3.181 -7.727
3 16 2.726 1.3 -6.447 2.804 0 -6.632 2.679 1.399 -6.467
5 24 2.804 0 -6.632 2.679 1.399 -6.467 2.762 -0.17 -6.668 2.726 1.3 -6.447
3 16 3.193 0 -7.553 3.061 1.399 -7.391 3.145 -0.17 -7.592
3 16 3.115 1.3 -7.368 3.061 1.399 -7.391 3.193 0 -7.553
5 24 3.193 0 -7.553 3.061 1.399 -7.391 3.145 -0.17 -7.592 3.115 1.3 -7.368
0 // Top to bottom
4 16 -2.804 0 -6.632 -3.193 0 -7.553 -3.115 1.3 -7.368 -2.726 1.3 -6.447
2 0 -2.804 0 -6.632 -2.726 1.3 -6.447
2 0 -3.193 0 -7.553 -3.115 1.3 -7.368
4 16 2.804 0 -6.632 2.726 1.3 -6.447 3.115 1.3 -7.368 3.193 0 -7.553
2 0 2.804 0 -6.632 2.726 1.3 -6.447
2 0 3.193 0 -7.553 3.115 1.3 -7.368
0 // Edge lines
3 16 -2.762 -0.17 -6.668 -3.193 0 -7.553 -2.804 0 -6.632
3 16 -3.145 -0.17 -7.592 -3.193 0 -7.553 -2.762 -0.17 -6.668
5 24 -2.762 -0.17 -6.668 -3.193 0 -7.553 -2.804 0 -6.632 -3.145 -0.17 -7.592
2 0 -2.804 0 -6.632 -2.762 -0.17 -6.668
2 0 -3.145 -0.17 -7.592 -3.193 0 -7.553
3 16 -1.907 -1.667 -7.116 -3.145 -0.17 -7.592 -2.762 -0.17 -6.668
3 16 -2.165 -1.667 -8.082 -3.145 -0.17 -7.592 -1.907 -1.667 -7.116
5 24 -1.907 -1.667 -7.116 -3.145 -0.17 -7.592 -2.762 -0.17 -6.668 -2.165 -1.667 -8.082
2 0 -2.762 -0.17 -6.668 -1.907 -1.667 -7.116
2 0 -2.165 -1.667 -8.082 -3.145 -0.17 -7.592
3 16 -0.958 -1.416 -7.279 -1.089 -1.416 -8.27 -1.907 -1.667 -7.116
3 16 -1.089 -1.416 -8.27 -2.165 -1.667 -8.082 -1.907 -1.667 -7.116
5 24 -1.907 -1.667 -7.116 -1.089 -1.416 -8.27 -0.958 -1.416 -7.279 -2.165 -1.667 -8.082
2 0 -1.907 -1.667 -7.116 -0.958 -1.416 -7.279
2 0 -1.089 -1.416 -8.27 -2.165 -1.667 -8.082
3 16 0 0 -7.2 0 0 -8.2 -0.958 -1.416 -7.279
3 16 0 0 -8.2 -1.089 -1.416 -8.27 -0.958 -1.416 -7.279
5 24 -0.958 -1.416 -7.279 0 0 -8.2 0 0 -7.2 -1.089 -1.416 -8.27
2 0 -0.958 -1.416 -7.279 0 0 -7.2
2 0 0 0 -8.2 -1.089 -1.416 -8.27
3 16 0.958 -1.416 -7.279 0 0 -8.2 0 0 -7.2
3 16 1.089 -1.416 -8.27 0 0 -8.2 0.958 -1.416 -7.279
5 24 0.958 -1.416 -7.279 0 0 -8.2 0 0 -7.2 1.089 -1.416 -8.27
2 0 0 0 -7.2 0.958 -1.416 -7.279
2 0 1.089 -1.416 -8.27 0 0 -8.2
3 16 1.907 -1.667 -7.116 1.089 -1.416 -8.27 0.958 -1.416 -7.279
3 16 2.165 -1.667 -8.082 1.089 -1.416 -8.27 1.907 -1.667 -7.116
5 24 1.907 -1.667 -7.116 1.089 -1.416 -8.27 0.958 -1.416 -7.279 2.165 -1.667 -8.082
2 0 0.958 -1.416 -7.279 1.907 -1.667 -7.116
2 0 2.165 -1.667 -8.082 1.089 -1.416 -8.27
3 16 2.762 -0.17 -6.668 3.145 -0.17 -7.592 1.907 -1.667 -7.116
3 16 3.145 -0.17 -7.592 2.165 -1.667 -8.082 1.907 -1.667 -7.116
5 24 1.907 -1.667 -7.116 3.145 -0.17 -7.592 2.762 -0.17 -6.668 2.165 -1.667 -8.082
2 0 1.907 -1.667 -7.116 2.762 -0.17 -6.668
2 0 3.145 -0.17 -7.592 2.165 -1.667 -8.082
3 16 2.804 0 -6.632 3.193 0 -7.553 2.762 -0.17 -6.668
3 16 3.193 0 -7.553 3.145 -0.17 -7.592 2.762 -0.17 -6.668
5 24 2.762 -0.17 -6.668 3.193 0 -7.553 2.804 0 -6.632 3.145 -0.17 -7.592
2 0 2.762 -0.17 -6.668 2.804 0 -6.632
2 0 3.193 0 -7.553 3.145 -0.17 -7.592
0 // Bottom
3 16 -2.679 1.399 -6.467 -2.726 1.3 -6.447 -3.115 1.3 -7.368
3 16 -3.061 1.399 -7.391 -2.679 1.399 -6.467 -3.115 1.3 -7.368
5 24 -2.679 1.399 -6.467 -3.115 1.3 -7.368 -2.726 1.3 -6.447 -3.061 1.399 -7.391
2 0 -2.726 1.3 -6.447 -2.679 1.399 -6.467
2 0 -3.061 1.399 -7.391 -3.115 1.3 -7.368
3 16 -1.812 3.181 -6.761 -2.679 1.399 -6.467 -3.061 1.399 -7.391
3 16 -2.071 3.181 -7.727 -1.812 3.181 -6.761 -3.061 1.399 -7.391
5 24 -1.812 3.181 -6.761 -3.061 1.399 -7.391 -2.679 1.399 -6.467 -2.071 3.181 -7.727
2 0 -2.679 1.399 -6.467 -1.812 3.181 -6.761
2 0 -2.071 3.181 -7.727 -3.061 1.399 -7.391
3 16 -0.914 4.817 -6.94 -1.812 3.181 -6.761 -2.071 3.181 -7.727
3 16 -1.044 4.817 -7.932 -0.914 4.817 -6.94 -2.071 3.181 -7.727
5 24 -0.914 4.817 -6.94 -2.071 3.181 -7.727 -1.812 3.181 -6.761 -1.044 4.817 -7.932
2 0 -1.812 3.181 -6.761 -0.914 4.817 -6.94
2 0 -1.044 4.817 -7.932 -2.071 3.181 -7.727
3 16 0 5 -7 -0.914 4.817 -6.94 -1.044 4.817 -7.932
3 16 0 5 -8 0 5 -7 -1.044 4.817 -7.932
5 24 0 5 -7 -1.044 4.817 -7.932 -0.914 4.817 -6.94 0 5 -8
2 0 -0.914 4.817 -6.94 0 5 -7
2 0 0 5 -8 -1.044 4.817 -7.932
3 16 0.914 4.817 -6.94 0 5 -7 1.044 4.817 -7.932
3 16 1.044 4.817 -7.932 0 5 -7 0 5 -8
5 24 0 5 -7 1.044 4.817 -7.932 0.914 4.817 -6.94 0 5 -8
2 0 0 5 -7 0.914 4.817 -6.94
2 0 1.044 4.817 -7.932 0 5 -8
3 16 1.812 3.181 -6.761 0.914 4.817 -6.94 2.071 3.181 -7.727
3 16 2.071 3.181 -7.727 0.914 4.817 -6.94 1.044 4.817 -7.932
5 24 0.914 4.817 -6.94 2.071 3.181 -7.727 1.812 3.181 -6.761 1.044 4.817 -7.932
2 0 0.914 4.817 -6.94 1.812 3.181 -6.761
2 0 2.071 3.181 -7.727 1.044 4.817 -7.932
3 16 2.679 1.399 -6.467 1.812 3.181 -6.761 3.061 1.399 -7.391
3 16 3.061 1.399 -7.391 1.812 3.181 -6.761 2.071 3.181 -7.727
5 24 1.812 3.181 -6.761 3.061 1.399 -7.391 2.679 1.399 -6.467 2.071 3.181 -7.727
2 0 1.812 3.181 -6.761 2.679 1.399 -6.467
2 0 3.061 1.399 -7.391 2.071 3.181 -7.727
3 16 2.726 1.3 -6.447 2.679 1.399 -6.467 3.115 1.3 -7.368
3 16 3.115 1.3 -7.368 2.679 1.399 -6.467 3.061 1.399 -7.391
5 24 2.679 1.399 -6.467 3.115 1.3 -7.368 2.726 1.3 -6.447 3.061 1.399 -7.391
2 0 2.679 1.399 -6.467 2.726 1.3 -6.447
2 0 3.115 1.3 -7.368 3.061 1.399 -7.391
0 // Balls
1 16 -6.9 4 0 0 -2 0 0 0 2 -2 0 0 4-8sphe.dat
1 16 0 4 6.9 -2 0 0 0 0 2 0 2 0 4-8sphe.dat
1 16 6.9 4 0 0 2 0 0 0 2 2 0 0 4-8sphe.dat
1 16 -7 4 0 0 -2 0 0 0 2 -2 0 0 4-4EDGE.DAT
1 16 0 4 7 -2 0 0 0 0 2 0 2 0 4-4EDGE.DAT
1 16 7 4 0 0 2 0 0 0 2 2 0 0 4-4EDGE.DAT
